Isolate	Loci0	Loci1	Loci2	Loci3	Loci4	Loci5	Loci6	Source0	Source1	Source2	Source3
0	1	2	3	4	5	9	3	-4.80067	-2.52017	-3.66835	-5.00726
1	4	7	10	4	1	7	1	-1.81452	-3.78915	-2.60603	-1.93454
2	2	4	1	2	2	1	5	-2.77898	-3.65738	-4.2031	-4.13251
3	2	4	1	2	2	1	5	-2.77898	-3.65738	-4.2031	-4.13251
4	9	25	2	10	22	3	6	-4.45445	-7.59741	-5.807	-4.35761
5	4	7	10	4	1	7	1	-1.81452	-3.78915	-2.60603	-1.93454
6	4	7	10	4	1	7	1	-1.81452	-3.78915	-2.60603	-1.93454
7	4	7	10	4	42	51	1	-2.92638	-4.63045	-4.84541	-3.80528
8	2	4	1	2	2	1	5	-2.77898	-3.65738	-4.2031	-4.13251
9	10	81	50	99	120	76	52	-6.62349	-6.4241	-5.29632	-5.17453
10	2	1	21	3	2	1	5	-2.96006	-2.51272	-4.42673	-4.53389
11	2	1	21	3	2	1	5	-2.96006	-2.51272	-4.42673	-4.53389
12	9	25	2	10	22	3	6	-4.45445	-7.59741	-5.807	-4.35761
13	2	1	21	3	2	1	5	-2.96006	-2.51272	-4.42673	-4.53389
14	10	27	16	19	10	5	7	-21.7668	-12.7125	-15.8653	-17.4739
15	2	4	1	2	2	1	5	-2.77898	-3.65738	-4.2031	-4.13251
16	2	4	1	2	2	1	5	-2.77898	-3.65738	-4.2031	-4.13251
17	9	2	4	62	4	5	6	-3.7203	-5.19631	-5.94397	-6.74228
18	9	53	2	53	11	3	3	-30.4499	-28.2092	-23.7422	-26.2441
19	2	4	1	2	2	1	5	-2.77898	-3.65738	-4.2031	-4.13251
20	2	4	1	2	2	1	5	-2.77898	-3.65738	-4.2031	-4.13251
21	4	7	10	4	1	7	1	-1.81452	-3.78915	-2.60603	-1.93454
22	2	4	1	2	2	1	5	-2.77898	-3.65738	-4.2031	-4.13251
23	1	4	2	2	6	3	17	-4.84161	-2.48121	-4.57699	-5.59199
24	4	7	10	4	1	7	1	-1.81452	-3.78915	-2.60603	-1.93454
25	2	1	21	3	2	1	5	-2.96006	-2.51272	-4.42673	-4.53389
26	8	10	2	2	11	12	6	-3.95526	-7.08419	-7.94651	-7.19114
27	2	4	2	2	6	1	5	-6.15257	-4.85964	-6.01184	-7.93521
28	2	1	12	3	2	1	5	-2.65363	-2.1382	-3.69529	-4.87986
29	2	4	1	2	2	1	5	-2.77898	-3.65738	-4.2031	-4.13251
30	4	7	10	4	1	7	1	-1.81452	-3.78915	-2.60603	-1.93454
31	10	1	16	19	10	5	7	-7.07418	-2.78024	-4.23096	-5.23716
32	1	2	3	4	5	9	3	-4.80067	-2.52017	-3.66835	-5.00726
33	2	4	1	2	2	1	5	-2.77898	-3.65738	-4.2031	-4.13251
34	2	4	1	2	2	1	5	-2.77898	-3.65738	-4.2031	-4.13251
35	2	4	1	2	2	1	5	-2.77898	-3.65738	-4.2031	-4.13251
36	4	7	10	4	1	7	1	-1.81452	-3.78915	-2.60603	-1.93454
37	129	66	30	82	189	47	17	-3.24554	-4.87624	-5.4391	-4.15131
38	2	1	12	3	357	1	5	-6.92215	-6.68313	-5.66686	-8.20117
39	9	2	4	62	4	5	6	-3.7203	-5.19631	-5.94397	-6.74228
40	2	1	1	3	2	1	5	-4.66286	-3.81045	-6.35561	-7.23156
41	2	1	12	3	357	1	5	-6.92215	-6.68313	-5.66686	-8.20117
42	2	1	5	3	2	3	5	-4.28271	-3.27934	-5.39365	-4.79412
43	2	1	5	3	2	3	5	-4.28271	-3.27934	-5.39365	-4.79412
44	2	4	1	2	2	1	5	-2.77898	-3.65738	-4.2031	-4.13251
45	2	4	1	2	2	1	5	-2.77898	-3.65738	-4.2031	-4.13251
46	2	4	2	2	6	1	5	-6.15257	-4.85964	-6.01184	-7.93521
47	1	4	2	2	6	3	17	-4.84161	-2.48121	-4.57699	-5.59199
48	2	1	21	3	2	1	5	-2.96006	-2.51272	-4.42673	-4.53389
49	2	1	2	3	2	3	5	-3.75831	-6.83545	-7.7406	-6.98323
50	2	1	21	3	2	1	5	-2.96006	-2.51272	-4.42673	-4.53389
51	7	17	2	15	23	3	12	-6.90228	-10.0771	-10.8985	-10.1376
52	2	4	1	2	7	1	5	-2.30595	-5.47252	-6.10257	-5.16686
53	9	2	4	62	4	5	6	-3.7203	-5.19631	-5.94397	-6.74228
54	2	4	1	2	7	1	5	-2.30595	-5.47252	-6.10257	-5.16686
55	9	2	4	62	4	5	6	-3.7203	-5.19631	-5.94397	-6.74228
56	2	1	12	88	2	1	5	-3.98046	-3.45471	-5.69591	-5.34105
57	2	1	5	3	2	3	5	-4.28271	-3.27934	-5.39365	-4.79412
58	2	4	1	2	2	1	5	-2.77898	-3.65738	-4.2031	-4.13251
59	9	2	4	62	4	5	6	-3.7203	-5.19631	-5.94397	-6.74228
60	2	1	5	3	2	3	5	-4.28271	-3.27934	-5.39365	-4.79412
61	2	4	1	2	2	1	5	-2.77898	-3.65738	-4.2031	-4.13251
62	2	4	1	2	2	1	5	-2.77898	-3.65738	-4.2031	-4.13251
63	2	4	1	2	2	1	5	-2.77898	-3.65738	-4.2031	-4.13251
64	2	4	1	2	2	1	5	-2.77898	-3.65738	-4.2031	-4.13251
65	2	4	1	2	2	1	5	-2.77898	-3.65738	-4.2031	-4.13251
66	2	4	1	2	2	1	5	-2.77898	-3.65738	-4.2031	-4.13251
67	1	2	215	4	90	24	8	-30.4366	-30.6839	-19.132	-22.9687
68	2	4	1	2	2	1	5	-2.77898	-3.65738	-4.2031	-4.13251
69	1	2	3	4	5	9	3	-4.80067	-2.52017	-3.66835	-5.00726
70	2	4	1	2	2	1	5	-2.77898	-3.65738	-4.2031	-4.13251
71	2	4	1	2	2	1	5	-2.77898	-3.65738	-4.2031	-4.13251
72	9	25	2	10	22	3	6	-4.45445	-7.59741	-5.807	-4.35761
73	2	15	4	48	360	25	23	-6.59789	-9.19414	-5.65716	-4.91122
74	2	4	1	2	2	1	5	-2.77898	-3.65738	-4.2031	-4.13251
75	2	1	12	88	2	1	5	-3.98046	-3.45471	-5.69591	-5.34105
76	2	4	2	2	6	1	5	-6.15257	-4.85964	-6.01184	-7.93521
77	10	1	16	19	10	5	7	-7.07418	-2.78024	-4.23096	-5.23716
78	2	4	1	2	2	1	5	-2.77898	-3.65738	-4.2031	-4.13251
79	2	1	12	3	2	1	5	-2.65363	-2.1382	-3.69529	-4.87986
80	2	4	1	2	2	1	5	-2.77898	-3.65738	-4.2031	-4.13251
81	2	4	1	2	2	1	5	-2.77898	-3.65738	-4.2031	-4.13251
82	1	4	2	2	6	3	17	-4.84161	-2.48121	-4.57699	-5.59199
83	10	1	16	19	10	5	7	-7.07418	-2.78024	-4.23096	-5.23716
84	8	10	149	2	11	12	6	-4.92825	-4.00224	-5.72024	-7.22673
85	2	4	1	2	2	1	5	-2.77898	-3.65738	-4.2031	-4.13251
86	2	4	1	2	7	1	5	-2.30595	-5.47252	-6.10257	-5.16686
87	32	39	30	82	104	324	17	-9.51486	-4.71289	-7.33351	-8.80995
88	1	2	3	4	5	9	3	-4.80067	-2.52017	-3.66835	-5.00726
89	2	1	5	3	2	3	5	-4.28271	-3.27934	-5.39365	-4.79412
90	2	4	1	2	2	1	5	-2.77898	-3.65738	-4.2031	-4.13251
91	2	4	1	2	7	1	5	-2.30595	-5.47252	-6.10257	-5.16686
92	4	7	10	4	1	7	1	-1.81452	-3.78915	-2.60603	-1.93454
93	2	1	2	3	2	3	5	-3.75831	-6.83545	-7.7406	-6.98323
94	2	1	12	3	2	1	5	-2.65363	-2.1382	-3.69529	-4.87986
95	2	1	21	3	2	1	5	-2.96006	-2.51272	-4.42673	-4.53389
96	2	1	21	3	2	1	5	-2.96006	-2.51272	-4.42673	-4.53389
97	9	2	5	2	11	3	1	-28.8082	-31.0751	-27.8046	-25.6893
98	4	7	10	4	1	7	1	-1.81452	-3.78915	-2.60603	-1.93454
99	2	1	2	3	2	3	5	-3.75831	-6.83545	-7.7406	-6.98323
100	2	1	21	3	2	1	5	-2.96006	-2.51272	-4.42673	-4.53389
101	4	7	10	4	1	7	1	-1.81452	-3.78915	-2.60603	-1.93454
102	2	1	21	3	2	1	5	-2.96006	-2.51272	-4.42673	-4.53389
103	1	4	2	2	6	3	17	-4.84161	-2.48121	-4.57699	-5.59199
104	2	4	5	2	10	1	5	-6.89349	-10.0536	-10.8804	-10.1246
105	2	1	12	88	2	1	5	-3.98046	-3.45471	-5.69591	-5.34105
106	9	2	4	62	4	5	6	-3.7203	-5.19631	-5.94397	-6.74228
107	2	165	73	147	220	190	104	-8.33807	-11.022	-6.72214	-5.23682
108	2	1	21	3	2	1	5	-2.96006	-2.51272	-4.42673	-4.53389
109	2	4	1	2	2	1	5	-2.77898	-3.65738	-4.2031	-4.13251
110	2	1	12	3	11	1	6	-18.6071	-17.3053	-20.1838	-20.7213
111	2	1	2	3	2	3	5	-3.75831	-6.83545	-7.7406	-6.98323
112	2	4	1	2	7	1	5	-2.30595	-5.47252	-6.10257	-5.16686
113	2	1	2	3	2	3	5	-3.75831	-6.83545	-7.7406	-6.98323
114	2	1	21	3	2	1	5	-2.96006	-2.51272	-4.42673	-4.53389
115	2	4	1	2	7	1	5	-2.30595	-5.47252	-6.10257	-5.16686
116	33	39	30	82	113	43	17	-9.81687	-6.47598	-6.23842	-8.64493
117	2	4	1	2	2	1	5	-2.77898	-3.65738	-4.2031	-4.13251
118	2	4	1	2	2	1	5	-2.77898	-3.65738	-4.2031	-4.13251
119	2	4	1	2	2	1	5	-2.77898	-3.65738	-4.2031	-4.13251
120	2	4	1	2	7	1	5	-2.30595	-5.47252	-6.10257	-5.16686
121	4	7	10	1	1	7	1	-5.26268	-8.28256	-6.04081	-6.13037
122	2	1	12	3	2	1	5	-2.65363	-2.1382	-3.69529	-4.87986
123	2	4	1	2	2	1	5	-2.77898	-3.65738	-4.2031	-4.13251
124	2	4	1	2	2	1	5	-2.77898	-3.65738	-4.2031	-4.13251
125	2	4	1	2	7	1	5	-2.30595	-5.47252	-6.10257	-5.16686
126	2	4	1	2	2	1	5	-2.77898	-3.65738	-4.2031	-4.13251
127	2	4	1	2	2	1	5	-2.77898	-3.65738	-4.2031	-4.13251
128	2	1	12	88	2	1	5	-3.98046	-3.45471	-5.69591	-5.34105
129	2	1	12	3	2	1	5	-2.65363	-2.1382	-3.69529	-4.87986
130	2	1	12	3	2	1	5	-2.65363	-2.1382	-3.69529	-4.87986
131	2	4	1	2	7	1	5	-2.30595	-5.47252	-6.10257	-5.16686
132	2	1	21	3	2	1	5	-2.96006	-2.51272	-4.42673	-4.53389
133	2	1	21	3	2	1	5	-2.96006	-2.51272	-4.42673	-4.53389
134	2	4	5	2	2	5	5	-3.67145	-6.8276	-7.03976	-5.8835
135	2	1	21	3	2	1	5	-2.96006	-2.51272	-4.42673	-4.53389
136	1	4	2	2	6	3	1	-11.4484	-9.86433	-10.3459	-10.928
137	2	1	5	3	2	3	5	-4.28271	-3.27934	-5.39365	-4.79412
138	2	1	5	3	2	3	5	-4.28271	-3.27934	-5.39365	-4.79412
139	4	7	10	4	1	7	1	-1.81452	-3.78915	-2.60603	-1.93454
140	8	10	2	2	11	12	6	-3.95526	-7.08419	-7.94651	-7.19114
141	2	1	2	3	2	3	5	-3.75831	-6.83545	-7.7406	-6.98323
142	2	1	5	3	2	3	5	-4.28271	-3.27934	-5.39365	-4.79412
143	2	1	2	3	2	3	5	-3.75831	-6.83545	-7.7406	-6.98323
144	129	66	30	82	189	47	17	-3.24554	-4.87624	-5.4391	-4.15131
145	2	4	1	2	2	1	5	-2.77898	-3.65738	-4.2031	-4.13251
146	2	4	1	2	2	1	5	-2.77898	-3.65738	-4.2031	-4.13251
147	7	21	5	62	4	61	44	-8.47515	-3.86585	-5.69158	-7.60308
148	2	4	1	2	2	1	5	-2.77898	-3.65738	-4.2031	-4.13251
149	2	937	1	2	2	1	5	-6.96851	-8.20059	-6.17162	-7.4448
150	1	14	2	2	6	1	17	-9.29052	-6.48266	-7.57437	-6.32278
151	1	4	2	2	6	3	17	-4.84161	-2.48121	-4.57699	-5.59199
152	8	10	149	2	11	12	6	-4.92825	-4.00224	-5.72024	-7.22673
153	2	1	12	3	2	1	5	-2.65363	-2.1382	-3.69529	-4.87986
154	9	30	2	2	89	59	6	-4.95444	-8.13057	-8.95154	-8.19047
155	1	2	3	4	5	9	3	-4.80067	-2.52017	-3.66835	-5.00726
156	2	4	1	2	2	1	5	-2.77898	-3.65738	-4.2031	-4.13251
157	2	4	1	2	2	1	5	-2.77898	-3.65738	-4.2031	-4.13251
158	180	194	2	68	19	231	147	-26.6286	-31.2281	-19.1569	-25.1442
159	2	4	1	2	2	1	5	-2.77898	-3.65738	-4.2031	-4.13251
160	2	4	1	2	2	1	5	-2.77898	-3.65738	-4.2031	-4.13251
161	2	4	1	2	2	1	5	-2.77898	-3.65738	-4.2031	-4.13251
162	4	7	10	4	1	7	1	-1.81452	-3.78915	-2.60603	-1.93454
163	2	4	1	2	2	1	5	-2.77898	-3.65738	-4.2031	-4.13251
164	2	1	21	3	2	1	5	-2.96006	-2.51272	-4.42673	-4.53389
165	2	4	1	2	7	1	5	-2.30595	-5.47252	-6.10257	-5.16686
166	2	4	1	2	2	1	5	-2.77898	-3.65738	-4.2031	-4.13251
167	10	1	16	19	10	5	7	-7.07418	-2.78024	-4.23096	-5.23716
168	104	7	10	4	1	7	1	-4.40995	-7.59237	-8.39237	-7.62266
169	2	4	1	2	2	1	5	-2.77898	-3.65738	-4.2031	-4.13251
170	10	27	16	19	10	5	7	-21.7668	-12.7125	-15.8653	-17.4739
171	2	4	1	2	2	1	5	-2.77898	-3.65738	-4.2031	-4.13251
172	2	1	1	3	2	1	5	-4.66286	-3.81045	-6.35561	-7.23156
173	7	21	5	62	4	61	44	-8.47515	-3.86585	-5.69158	-7.60308
174	2	1	1	3	2	1	5	-4.66286	-3.81045	-6.35561	-7.23156
175	10	1	16	19	10	5	7	-7.07418	-2.78024	-4.23096	-5.23716
176	2	4	1	2	2	1	5	-2.77898	-3.65738	-4.2031	-4.13251
177	2	4	1	2	2	1	5	-2.77898	-3.65738	-4.2031	-4.13251
178	2	1	12	3	2	1	5	-2.65363	-2.1382	-3.69529	-4.87986
179	2	4	1	2	2	1	5	-2.77898	-3.65738	-4.2031	-4.13251
180	2	4	1	2	2	1	5	-2.77898	-3.65738	-4.2031	-4.13251
181	1	4	2	2	6	3	17	-4.84161	-2.48121	-4.57699	-5.59199
182	2	1	12	3	2	1	5	-2.65363	-2.1382	-3.69529	-4.87986
183	4	7	10	4	1	7	1	-1.81452	-3.78915	-2.60603	-1.93454
184	2	4	1	2	2	1	5	-2.77898	-3.65738	-4.2031	-4.13251
185	2	4	1	2	2	1	5	-2.77898	-3.65738	-4.2031	-4.13251
186	2	1	21	3	2	1	5	-2.96006	-2.51272	-4.42673	-4.53389
187	4	7	10	4	1	7	1	-1.81452	-3.78915	-2.60603	-1.93454
188	4	7	10	4	42	51	1	-2.92638	-4.63045	-4.84541	-3.80528
189	2	1	5	3	2	3	5	-4.28271	-3.27934	-5.39365	-4.79412
190	1	2	4	62	4	5	17	-6.17821	-4.87934	-7.44217	-8.49517
191	4	7	10	4	1	7	1	-1.81452	-3.78915	-2.60603	-1.93454
192	4	7	10	4	42	51	1	-2.92638	-4.63045	-4.84541	-3.80528
193	2	1	21	3	2	1	5	-2.96006	-2.51272	-4.42673	-4.53389
194	4	7	10	4	42	51	1	-2.92638	-4.63045	-4.84541	-3.80528
195	2	4	1	2	7	1	5	-2.30595	-5.47252	-6.10257	-5.16686
196	2	4	1	2	2	1	5	-2.77898	-3.65738	-4.2031	-4.13251
197	1	2	3	4	5	9	3	-4.80067	-2.52017	-3.66835	-5.00726
198	1	2	4	62	4	5	17	-6.17821	-4.87934	-7.44217	-8.49517
199	2	250	4	281	358	25	57	-28.6587	-31.4145	-17.7106	-19.8498
200	9	2	4	62	4	5	6	-3.7203	-5.19631	-5.94397	-6.74228
201	1	2	3	4	5	9	3	-4.80067	-2.52017	-3.66835	-5.00726
202	4	7	10	4	1	7	1	-1.81452	-3.78915	-2.60603	-1.93454
203	2	4	2	4	19	3	6	-5.79831	-8.96806	-9.78929	-9.02596
204	4	7	10	4	1	7	1	-1.81452	-3.78915	-2.60603	-1.93454
205	4	7	10	4	42	51	1	-2.92638	-4.63045	-4.84541	-3.80528
206	2	1	12	3	2	1	5	-2.65363	-2.1382	-3.69529	-4.87986
207	4	7	10	4	1	7	1	-1.81452	-3.78915	-2.60603	-1.93454
208	2	1	12	3	2	1	5	-2.65363	-2.1382	-3.69529	-4.87986
209	1	2	4	62	4	5	17	-6.17821	-4.87934	-7.44217	-8.49517
210	4	7	10	4	42	51	1	-2.92638	-4.63045	-4.84541	-3.80528
211	2	4	1	2	2	1	5	-2.77898	-3.65738	-4.2031	-4.13251
212	4	7	10	4	1	7	1	-1.81452	-3.78915	-2.60603	-1.93454
213	2	1	21	3	2	1	5	-2.96006	-2.51272	-4.42673	-4.53389
214	47	2	4	2	6	5	17	-10.2105	-10.1798	-6.29175	-8.79475
215	2	1	21	3	2	1	5	-2.96006	-2.51272	-4.42673	-4.53389
216	2	1	21	3	2	1	5	-2.96006	-2.51272	-4.42673	-4.53389
217	2	4	1	2	2	1	5	-2.77898	-3.65738	-4.2031	-4.13251
218	2	4	1	2	2	1	5	-2.77898	-3.65738	-4.2031	-4.13251
219	10	81	50	99	120	76	52	-6.62349	-6.4241	-5.29632	-5.17453
220	2	4	1	2	2	1	5	-2.77898	-3.65738	-4.2031	-4.13251
221	2	4	1	2	2	1	5	-2.77898	-3.65738	-4.2031	-4.13251
222	1	4	2	2	6	3	17	-4.84161	-2.48121	-4.57699	-5.59199
223	1	2	4	62	4	5	17	-6.17821	-4.87934	-7.44217	-8.49517
224	4	7	10	4	1	7	1	-1.81452	-3.78915	-2.60603	-1.93454
225	4	7	10	4	1	7	1	-1.81452	-3.78915	-2.60603	-1.93454
226	10	1	16	19	10	5	7	-7.07418	-2.78024	-4.23096	-5.23716
227	2	4	1	2	2	1	5	-2.77898	-3.65738	-4.2031	-4.13251
228	2	4	1	2	7	1	5	-2.30595	-5.47252	-6.10257	-5.16686
229	1	4	2	348	6	3	17	-10.207	-5.39647	-8.02003	-9.49986
230	1	2	4	62	4	5	17	-6.17821	-4.87934	-7.44217	-8.49517
231	10	27	16	19	10	5	7	-21.7668	-12.7125	-15.8653	-17.4739
232	1	4	2	2	6	3	17	-4.84161	-2.48121	-4.57699	-5.59199
233	4	7	10	4	42	51	1	-2.92638	-4.63045	-4.84541	-3.80528
234	2	4	1	2	2	1	5	-2.77898	-3.65738	-4.2031	-4.13251
235	2	1	12	3	2	1	5	-2.65363	-2.1382	-3.69529	-4.87986
236	2	1	12	88	2	1	5	-3.98046	-3.45471	-5.69591	-5.34105
237	2	4	1	2	7	1	5	-2.30595	-5.47252	-6.10257	-5.16686
238	2	1	12	3	2	1	5	-2.65363	-2.1382	-3.69529	-4.87986
239	1	4	2	2	6	3	17	-4.84161	-2.48121	-4.57699	-5.59199
240	2	1	4	28	58	25	58	-5.59918	-8.4734	-5.26972	-4.22881
241	2	1	5	3	2	3	5	-4.28271	-3.27934	-5.39365	-4.79412
242	2	1	12	3	2	1	5	-2.65363	-2.1382	-3.69529	-4.87986
243	2	4	1	2	2	1	5	-2.77898	-3.65738	-4.2031	-4.13251
244	2	1	5	10	11	1	5	-26.8502	-21.9067	-23.9875	-25.2413
245	2	1	12	3	2	1	5	-2.65363	-2.1382	-3.69529	-4.87986
246	2	1	12	88	2	1	5	-3.98046	-3.45471	-5.69591	-5.34105
247	2	1	12	3	2	1	5	-2.65363	-2.1382	-3.69529	-4.87986
248	2	1	12	3	2	1	5	-2.65363	-2.1382	-3.69529	-4.87986
249	1	4	2	2	6	3	17	-4.84161	-2.48121	-4.57699	-5.59199
250	9	2	4	62	4	5	6	-3.7203	-5.19631	-5.94397	-6.74228
251	2	1	12	3	2	1	5	-2.65363	-2.1382	-3.69529	-4.87986
252	8	10	149	2	11	12	6	-4.92825	-4.00224	-5.72024	-7.22673
253	2	1	21	3	2	1	5	-2.96006	-2.51272	-4.42673	-4.53389
254	1	2	3	4	5	9	3	-4.80067	-2.52017	-3.66835	-5.00726
255	2	1	5	3	2	3	5	-4.28271	-3.27934	-5.39365	-4.79412
256	1	307	3	4	5	9	3	-6.85395	-6.44735	-6.21536	-8.43635
257	1	4	2	2	6	3	17	-4.84161	-2.48121	-4.57699	-5.59199
258	2	4	1	2	7	1	5	-2.30595	-5.47252	-6.10257	-5.16686
259	2	4	1	2	2	1	5	-2.77898	-3.65738	-4.2031	-4.13251
260	2	61	4	64	126	7	23	-5.93109	-8.96484	-5.72027	-4.23541
261	7	21	5	62	4	61	44	-8.47515	-3.86585	-5.69158	-7.60308
262	2	1	12	3	2	1	5	-2.65363	-2.1382	-3.69529	-4.87986
263	2	4	1	2	2	1	5	-2.77898	-3.65738	-4.2031	-4.13251
264	2	1	12	3	2	1	5	-2.65363	-2.1382	-3.69529	-4.87986
265	2	1	21	3	2	1	5	-2.96006	-2.51272	-4.42673	-4.53389
266	2	1	21	3	2	1	5	-2.96006	-2.51272	-4.42673	-4.53389
267	2	4	1	2	2	1	5	-2.77898	-3.65738	-4.2031	-4.13251
268	2	4	1	2	2	1	5	-2.77898	-3.65738	-4.2031	-4.13251
269	2	4	1	2	7	1	5	-2.30595	-5.47252	-6.10257	-5.16686
270	4	7	10	4	1	7	1	-1.81452	-3.78915	-2.60603	-1.93454
271	1	2	4	62	4	5	17	-6.17821	-4.87934	-7.44217	-8.49517
272	4	1	21	3	2	1	5	-9.63917	-9.99484	-10.317	-9.93753
273	10	1	16	19	10	5	7	-7.07418	-2.78024	-4.23096	-5.23716
274	33	283	44	82	189	44	17	-7.92348	-3.50639	-5.42071	-6.02673
275	2	1	12	3	2	1	5	-2.65363	-2.1382	-3.69529	-4.87986
276	10	81	50	99	120	76	52	-6.62349	-6.4241	-5.29632	-5.17453
277	4	7	10	4	42	25	1	-8.17146	-9.82309	-5.77369	-5.17223
278	2	4	1	2	2	1	5	-2.77898	-3.65738	-4.2031	-4.13251
279	2	4	5	2	10	1	5	-6.89349	-10.0536	-10.8804	-10.1246
280	2	4	1	2	2	1	5	-2.77898	-3.65738	-4.2031	-4.13251
281	9	2	4	62	4	5	6	-3.7203	-5.19631	-5.94397	-6.74228
282	4	7	10	4	1	7	1	-1.81452	-3.78915	-2.60603	-1.93454
283	2	1	12	3	2	1	5	-2.65363	-2.1382	-3.69529	-4.87986
284	9	2	4	62	4	5	6	-3.7203	-5.19631	-5.94397	-6.74228
285	9	2	4	62	4	5	6	-3.7203	-5.19631	-5.94397	-6.74228
286	2	4	1	2	2	1	5	-2.77898	-3.65738	-4.2031	-4.13251
287	2	1	12	88	2	1	5	-3.98046	-3.45471	-5.69591	-5.34105
288	2	1	21	3	2	1	5	-2.96006	-2.51272	-4.42673	-4.53389
289	33	39	30	79	113	44	17	-26.639	-23.4767	-25.0271	-26.9014
290	1	2	3	4	5	9	3	-4.80067	-2.52017	-3.66835	-5.00726
291	1	4	2	2	6	3	17	-4.84161	-2.48121	-4.57699	-5.59199
292	9	2	4	62	4	5	6	-3.7203	-5.19631	-5.94397	-6.74228
293	2	1	12	3	2	1	5	-2.65363	-2.1382	-3.69529	-4.87986
294	2	1	5	3	2	5	5	-5.88106	-2.85925	-4.14846	-5.59545
295	2	1	5	3	2	5	5	-5.88106	-2.85925	-4.14846	-5.59545
296	2	4	1	2	2	1	5	-2.77898	-3.65738	-4.2031	-4.13251
297	2	4	1	2	2	1	5	-2.77898	-3.65738	-4.2031	-4.13251
298	2	1	21	3	2	1	5	-2.96006	-2.51272	-4.42673	-4.53389
299	32	39	30	82	104	324	17	-9.51486	-4.71289	-7.33351	-8.80995
300	2	1	12	3	2	1	5	-2.65363	-2.1382	-3.69529	-4.87986
301	4	7	10	4	1	7	1	-1.81452	-3.78915	-2.60603	-1.93454
302	1	4	2	2	6	3	5	-9.80965	-5.28356	-7.93669	-9.41574
303	2	1	21	3	2	1	5	-2.96006	-2.51272	-4.42673	-4.53389
304	4	7	10	4	42	51	1	-2.92638	-4.63045	-4.84541	-3.80528
305	2	4	1	2	7	1	5	-2.30595	-5.47252	-6.10257	-5.16686
306	7	21	5	62	4	61	44	-8.47515	-3.86585	-5.69158	-7.60308
307	104	7	10	4	1	7	1	-4.40995	-7.59237	-8.39237	-7.62266
308	9	25	2	10	22	3	6	-4.45445	-7.59741	-5.807	-4.35761
309	2	4	2	2	6	3	17	-10.8714	-7.55405	-9.99084	-10.7603
310	2	4	1	2	7	1	5	-2.30595	-5.47252	-6.10257	-5.16686
311	129	66	30	82	189	47	17	-3.24554	-4.87624	-5.4391	-4.15131
312	33	39	30	82	104	173	68	-5.47943	-4.0119	-6.58578	-7.69178
313	2	1	12	3	2	1	5	-2.65363	-2.1382	-3.69529	-4.87986
314	2	1	1	3	2	1	5	-4.66286	-3.81045	-6.35561	-7.23156
315	7	21	5	62	4	61	44	-8.47515	-3.86585	-5.69158	-7.60308
316	2	1	21	3	2	1	5	-2.96006	-2.51272	-4.42673	-4.53389
317	4	7	10	4	1	7	1	-1.81452	-3.78915	-2.60603	-1.93454
318	10	2	107	62	120	76	1	-6.82526	-9.9567	-7.77422	-6.31246
319	4	7	10	4	1	7	1	-1.81452	-3.78915	-2.60603	-1.93454
320	2	1	12	3	2	1	5	-2.65363	-2.1382	-3.69529	-4.87986
321	2	1	5	3	2	3	5	-4.28271	-3.27934	-5.39365	-4.79412
322	4	7	10	4	1	7	1	-1.81452	-3.78915	-2.60603	-1.93454
323	2	1	12	88	2	1	5	-3.98046	-3.45471	-5.69591	-5.34105
324	4	7	10	4	42	7	1	-6.46378	-9.06899	-5.51454	-4.65046
325	4	7	10	4	42	51	1	-2.92638	-4.63045	-4.84541	-3.80528
326	2	1	21	3	2	1	5	-2.96006	-2.51272	-4.42673	-4.53389
327	2	1	12	3	2	1	5	-2.65363	-2.1382	-3.69529	-4.87986
328	4	7	10	4	1	7	1	-1.81452	-3.78915	-2.60603	-1.93454
329	2	4	1	2	7	1	5	-2.30595	-5.47252	-6.10257	-5.16686
330	4	7	10	4	1	7	1	-1.81452	-3.78915	-2.60603	-1.93454
331	2	1	12	3	2	1	5	-2.65363	-2.1382	-3.69529	-4.87986
332	4	7	10	4	1	7	1	-1.81452	-3.78915	-2.60603	-1.93454
333	4	7	10	4	1	7	1	-1.81452	-3.78915	-2.60603	-1.93454
334	1	4	2	2	6	3	17	-4.84161	-2.48121	-4.57699	-5.59199
335	2	4	1	2	2	1	5	-2.77898	-3.65738	-4.2031	-4.13251
336	4	7	10	4	1	7	1	-1.81452	-3.78915	-2.60603	-1.93454
337	7	17	2	15	23	3	12	-6.90228	-10.0771	-10.8985	-10.1376
338	2	1	5	3	2	3	5	-4.28271	-3.27934	-5.39365	-4.79412
339	4	7	10	4	1	7	1	-1.81452	-3.78915	-2.60603	-1.93454
340	4	7	10	4	1	7	1	-1.81452	-3.78915	-2.60603	-1.93454
341	4	7	10	4	42	51	1	-2.92638	-4.63045	-4.84541	-3.80528
342	2	4	1	2	2	1	5	-2.77898	-3.65738	-4.2031	-4.13251
343	2	1	12	88	2	1	5	-3.98046	-3.45471	-5.69591	-5.34105
344	2	1	1	3	2	1	5	-4.66286	-3.81045	-6.35561	-7.23156
345	1	2	3	4	5	9	3	-4.80067	-2.52017	-3.66835	-5.00726
346	2	1	12	88	2	1	5	-3.98046	-3.45471	-5.69591	-5.34105
347	2	1	1	3	2	1	5	-4.66286	-3.81045	-6.35561	-7.23156
348	24	17	2	10	23	68	5	-10.6125	-5.80928	-8.43104	-9.90793
349	4	7	10	4	1	7	1	-1.81452	-3.78915	-2.60603	-1.93454
350	2	1	21	3	2	1	5	-2.96006	-2.51272	-4.42673	-4.53389
351	1	4	2	2	6	3	17	-4.84161	-2.48121	-4.57699	-5.59199
352	2	1	5	3	2	3	5	-4.28271	-3.27934	-5.39365	-4.79412
353	4	7	10	4	1	7	1	-1.81452	-3.78915	-2.60603	-1.93454
354	2	1	1	3	2	1	5	-4.66286	-3.81045	-6.35561	-7.23156
355	2	1	12	3	2	1	5	-2.65363	-2.1382	-3.69529	-4.87986
356	8	10	149	2	11	12	6	-4.92825	-4.00224	-5.72024	-7.22673
357	2	4	1	2	2	5	5	-6.83824	-6.42182	-8.8356	-9.53664
358	10	1	16	19	10	5	7	-7.07418	-2.78024	-4.23096	-5.23716
359	24	17	2	10	23	68	5	-10.6125	-5.80928	-8.43104	-9.90793
360	1	2	4	62	4	5	17	-6.17821	-4.87934	-7.44217	-8.49517
361	2	4	1	2	7	1	5	-2.30595	-5.47252	-6.10257	-5.16686
362	7	71	5	62	11	67	6	-29.5316	-28.0243	-25.548	-29.2574
363	7	17	5	2	10	3	6	-25.5788	-23.7855	-23.4526	-22.4836
364	2	1	5	3	2	3	5	-4.28271	-3.27934	-5.39365	-4.79412
365	9	2	4	62	4	5	6	-3.7203	-5.19631	-5.94397	-6.74228
366	33	38	30	82	104	325	36	-15.5743	-11.0592	-11.0996	-13.9255
367	2	4	1	2	7	1	5	-2.30595	-5.47252	-6.10257	-5.16686
368	47	2	4	2	6	5	17	-10.2105	-10.1798	-6.29175	-8.79475
369	2	1	12	88	2	1	5	-3.98046	-3.45471	-5.69591	-5.34105
370	2	1	12	88	2	1	5	-3.98046	-3.45471	-5.69591	-5.34105
371	2	1	12	88	2	1	5	-3.98046	-3.45471	-5.69591	-5.34105
372	2	1	12	88	2	1	5	-3.98046	-3.45471	-5.69591	-5.34105
373	2	4	1	2	2	1	5	-2.77898	-3.65738	-4.2031	-4.13251
374	2	1	12	88	2	1	5	-3.98046	-3.45471	-5.69591	-5.34105
375	1	1	2	2	6	3	17	-10.7535	-6.16416	-8.83426	-10.307
376	2	1	12	88	2	1	5	-3.98046	-3.45471	-5.69591	-5.34105
377	2	1	12	88	2	1	5	-3.98046	-3.45471	-5.69591	-5.34105
378	2	4	1	2	2	1	5	-2.77898	-3.65738	-4.2031	-4.13251
379	2	1	12	88	2	1	5	-3.98046	-3.45471	-5.69591	-5.34105
380	2	1	5	3	2	3	5	-4.28271	-3.27934	-5.39365	-4.79412
381	4	7	10	4	1	7	1	-1.81452	-3.78915	-2.60603	-1.93454
382	2	1	12	3	2	1	5	-2.65363	-2.1382	-3.69529	-4.87986
383	1	2	4	62	4	5	17	-6.17821	-4.87934	-7.44217	-8.49517
384	1	4	2	2	6	3	17	-4.84161	-2.48121	-4.57699	-5.59199
385	2	1	12	3	2	1	5	-2.65363	-2.1382	-3.69529	-4.87986
386	2	1	12	88	2	1	5	-3.98046	-3.45471	-5.69591	-5.34105
387	9	2	4	62	4	5	6	-3.7203	-5.19631	-5.94397	-6.74228
388	2	4	1	2	7	1	5	-2.30595	-5.47252	-6.10257	-5.16686
389	2	1	5	3	2	3	5	-4.28271	-3.27934	-5.39365	-4.79412
390	7	21	5	62	4	61	44	-8.47515	-3.86585	-5.69158	-7.60308
391	1	2	215	4	90	24	8	-30.4366	-30.6839	-19.132	-22.9687
392	2	1	21	3	2	1	5	-2.96006	-2.51272	-4.42673	-4.53389
393	1	4	2	2	6	3	17	-4.84161	-2.48121	-4.57699	-5.59199
394	2	4	1	2	2	1	5	-2.77898	-3.65738	-4.2031	-4.13251
395	2	1	12	3	2	1	5	-2.65363	-2.1382	-3.69529	-4.87986
396	1	2	3	4	5	9	3	-4.80067	-2.52017	-3.66835	-5.00726
397	2	1	5	3	2	3	5	-4.28271	-3.27934	-5.39365	-4.79412
398	10	1	16	19	10	5	7	-7.07418	-2.78024	-4.23096	-5.23716
399	2	1	2	3	2	959	5	-8.02296	-10.961	-9.63402	-10.2935
400	10	1	16	19	10	5	7	-7.07418	-2.78024	-4.23096	-5.23716
401	2	4	1	2	7	1	5	-2.30595	-5.47252	-6.10257	-5.16686
402	2	1	12	3	2	1	5	-2.65363	-2.1382	-3.69529	-4.87986
403	8	10	149	2	11	12	6	-4.92825	-4.00224	-5.72024	-7.22673
404	2	4	1	2	7	1	5	-2.30595	-5.47252	-6.10257	-5.16686
405	4	7	10	4	1	7	1	-1.81452	-3.78915	-2.60603	-1.93454
406	4	7	10	4	1	7	1	-1.81452	-3.78915	-2.60603	-1.93454
407	2	4	5	2	2	5	5	-3.67145	-6.8276	-7.03976	-5.8835
408	2	1	12	3	2	1	5	-2.65363	-2.1382	-3.69529	-4.87986
409	166	2	27	10	151	3	1	-31.9856	-33.7766	-23.8802	-26.4768
410	33	39	30	79	113	44	17	-26.639	-23.4767	-25.0271	-26.9014
411	7	17	2	15	23	3	12	-6.90228	-10.0771	-10.8985	-10.1376
412	1	2	3	4	5	9	3	-4.80067	-2.52017	-3.66835	-5.00726
413	2	4	1	2	7	1	5	-2.30595	-5.47252	-6.10257	-5.16686
414	7	21	5	62	4	61	44	-8.47515	-3.86585	-5.69158	-7.60308
415	2	1	12	3	2	1	5	-2.65363	-2.1382	-3.69529	-4.87986
416	1	2	3	4	5	9	3	-4.80067	-2.52017	-3.66835	-5.00726
417	2	1	5	88	2	11	5	-9.51079	-5.37666	-6.11941	-8.38679
418	2	4	1	2	7	1	5	-2.30595	-5.47252	-6.10257	-5.16686
419	2	1	21	3	2	1	5	-2.96006	-2.51272	-4.42673	-4.53389
420	7	17	2	15	23	3	12	-6.90228	-10.0771	-10.8985	-10.1376
421	2	1	5	88	2	11	5	-9.51079	-5.37666	-6.11941	-8.38679
422	47	2	4	2	6	5	17	-10.2105	-10.1798	-6.29175	-8.79475
423	1	2	3	4	5	9	3	-4.80067	-2.52017	-3.66835	-5.00726
424	7	17	2	15	23	3	12	-6.90228	-10.0771	-10.8985	-10.1376
425	2	4	1	2	2	1	5	-2.77898	-3.65738	-4.2031	-4.13251
426	2	4	1	2	2	1	5	-2.77898	-3.65738	-4.2031	-4.13251
427	2	4	1	2	2	1	5	-2.77898	-3.65738	-4.2031	-4.13251
428	2	1	12	3	2	1	5	-2.65363	-2.1382	-3.69529	-4.87986
429	2	4	5	2	2	5	5	-3.67145	-6.8276	-7.03976	-5.8835
430	2	1	21	3	2	1	5	-2.96006	-2.51272	-4.42673	-4.53389
431	4	7	10	4	42	25	1	-8.17146	-9.82309	-5.77369	-5.17223
432	1	4	2	2	6	3	17	-4.84161	-2.48121	-4.57699	-5.59199
433	1	2	215	4	923	24	8	-30.4366	-30.6839	-19.132	-22.9687
434	1	2	3	4	5	9	3	-4.80067	-2.52017	-3.66835	-5.00726
435	2	1	1	3	2	1	5	-4.66286	-3.81045	-6.35561	-7.23156
436	1	4	2	2	6	3	17	-4.84161	-2.48121	-4.57699	-5.59199
437	2	4	1	2	2	1	5	-2.77898	-3.65738	-4.2031	-4.13251
438	2	1	5	3	2	5	5	-5.88106	-2.85925	-4.14846	-5.59545
439	4	7	10	4	42	51	1	-2.92638	-4.63045	-4.84541	-3.80528
440	4	7	10	4	1	7	1	-1.81452	-3.78915	-2.60603	-1.93454
441	4	7	10	4	1	7	1	-1.81452	-3.78915	-2.60603	-1.93454
442	4	7	10	4	1	7	1	-1.81452	-3.78915	-2.60603	-1.93454
443	2	1	21	3	2	1	5	-2.96006	-2.51272	-4.42673	-4.53389
444	2	1	21	3	2	1	5	-2.96006	-2.51272	-4.42673	-4.53389
445	2	4	1	2	7	1	5	-2.30595	-5.47252	-6.10257	-5.16686
446	4	7	10	4	1	7	1	-1.81452	-3.78915	-2.60603	-1.93454
447	4	7	10	4	1	7	1	-1.81452	-3.78915	-2.60603	-1.93454
448	2	1	1	3	2	1	5	-4.66286	-3.81045	-6.35561	-7.23156
449	2	1	21	3	2	1	5	-2.96006	-2.51272	-4.42673	-4.53389
450	2	1	21	3	2	1	5	-2.96006	-2.51272	-4.42673	-4.53389
451	4	7	10	4	42	51	1	-2.92638	-4.63045	-4.84541	-3.80528
452	4	7	10	1	1	7	1	-5.26268	-8.28256	-6.04081	-6.13037
453	239	27	16	19	10	5	7	-11.3082	-6.50474	-9.12471	-10.6026
454	2	1	12	3	2	1	5	-2.65363	-2.1382	-3.69529	-4.87986
455	2	4	1	2	2	1	5	-2.77898	-3.65738	-4.2031	-4.13251
456	2	1	12	3	2	1	5	-2.65363	-2.1382	-3.69529	-4.87986
457	2	1	12	3	2	1	5	-2.65363	-2.1382	-3.69529	-4.87986
458	10	81	50	99	120	76	52	-6.62349	-6.4241	-5.29632	-5.17453
459	47	2	4	2	6	5	17	-10.2105	-10.1798	-6.29175	-8.79475
460	2	4	1	3	2	1	5	-6.82341	-8.43892	-9.90277	-9.79509
461	4	7	10	4	1	7	1	-1.81452	-3.78915	-2.60603	-1.93454
462	2	1	1	380	2	1	5	-6.1877	-5.75948	-8.26254	-8.94566
463	2	4	1	2	7	1	5	-2.30595	-5.47252	-6.10257	-5.16686
464	2	1	12	88	2	1	5	-3.98046	-3.45471	-5.69591	-5.34105
465	7	71	5	62	11	67	1	-31.9944	-28.2408	-24.2344	-28.4569
466	2	4	1	2	7	1	5	-2.30595	-5.47252	-6.10257	-5.16686
467	4	7	10	4	1	7	1	-1.81452	-3.78915	-2.60603	-1.93454
468	2	1	1	380	2	1	5	-6.1877	-5.75948	-8.26254	-8.94566
469	2	4	1	2	2	1	5	-2.77898	-3.65738	-4.2031	-4.13251
470	2	1	12	3	2	1	5	-2.65363	-2.1382	-3.69529	-4.87986
471	1	14	2	2	6	1	17	-9.29052	-6.48266	-7.57437	-6.32278
472	1	2	4	62	4	5	17	-6.17821	-4.87934	-7.44217	-8.49517
473	4	7	10	4	1	7	1	-1.81452	-3.78915	-2.60603	-1.93454
474	2	1	21	3	2	1	5	-2.96006	-2.51272	-4.42673	-4.53389
475	2	4	1	2	2	1	5	-2.77898	-3.65738	-4.2031	-4.13251
476	1	4	2	2	6	3	17	-4.84161	-2.48121	-4.57699	-5.59199
477	4	7	10	4	1	7	1	-1.81452	-3.78915	-2.60603	-1.93454
478	10	2	107	62	120	76	1	-6.82526	-9.9567	-7.77422	-6.31246
479	2	1	12	3	2	1	5	-2.65363	-2.1382	-3.69529	-4.87986
480	2	1	5	3	2	3	5	-4.28271	-3.27934	-5.39365	-4.79412
481	2	1	21	3	2	1	5	-2.96006	-2.51272	-4.42673	-4.53389
482	1	2	3	4	5	9	3	-4.80067	-2.52017	-3.66835	-5.00726
483	1	307	3	4	5	9	3	-6.85395	-6.44735	-6.21536	-8.43635
484	7	2	5	2	10	3	6	-31.3671	-26.826	-28.4593	-28.4011
485	1	2	3	4	5	9	3	-4.80067	-2.52017	-3.66835	-5.00726
486	33	39	30	82	104	173	68	-5.47943	-4.0119	-6.58578	-7.69178
487	4	7	10	4	42	7	1	-6.46378	-9.06899	-5.51454	-4.65046
488	2	1	12	88	2	1	5	-3.98046	-3.45471	-5.69591	-5.34105
489	2	4	1	2	2	1	5	-2.77898	-3.65738	-4.2031	-4.13251
490	2	1	21	3	2	1	5	-2.96006	-2.51272	-4.42673	-4.53389
491	9	2	4	62	4	5	6	-3.7203	-5.19631	-5.94397	-6.74228
492	2	1	5	3	2	3	5	-4.28271	-3.27934	-5.39365	-4.79412
493	4	7	10	4	1	7	1	-1.81452	-3.78915	-2.60603	-1.93454
494	2	1	57	26	127	29	35	-6.86143	-9.42605	-6.27731	-8.54456
495	2	1	57	26	127	29	35	-6.86143	-9.42605	-6.27731	-8.54456
496	2	4	2	4	19	3	6	-5.79831	-8.96806	-9.78929	-9.02596
497	2	1	12	3	2	1	5	-2.65363	-2.1382	-3.69529	-4.87986
498	2	4	1	2	2	1	5	-2.77898	-3.65738	-4.2031	-4.13251
499	2	4	1	2	2	1	5	-2.77898	-3.65738	-4.2031	-4.13251
500	2	1	21	3	2	1	5	-2.96006	-2.51272	-4.42673	-4.53389
501	33	39	65	79	104	43	17	-4.59882	-7.77424	-8.59519	-7.83512
502	1	14	2	2	6	1	17	-9.29052	-6.48266	-7.57437	-6.32278
503	2	1	12	3	2	1	5	-2.65363	-2.1382	-3.69529	-4.87986
504	7	21	5	62	4	61	44	-8.47515	-3.86585	-5.69158	-7.60308
505	9	2	4	62	4	5	6	-3.7203	-5.19631	-5.94397	-6.74228
506	129	66	30	82	189	47	17	-3.24554	-4.87624	-5.4391	-4.15131
507	2	1	21	3	2	1	5	-2.96006	-2.51272	-4.42673	-4.53389
508	47	2	4	2	6	5	17	-10.2105	-10.1798	-6.29175	-8.79475
509	2	4	1	2	7	1	5	-2.30595	-5.47252	-6.10257	-5.16686
510	33	38	30	82	104	325	36	-15.5743	-11.0592	-11.0996	-13.9255
511	1	4	2	2	6	3	17	-4.84161	-2.48121	-4.57699	-5.59199
512	1	4	2	2	6	3	17	-4.84161	-2.48121	-4.57699	-5.59199
513	2	4	1	2	2	1	5	-2.77898	-3.65738	-4.2031	-4.13251
514	4	7	10	4	1	7	1	-1.81452	-3.78915	-2.60603	-1.93454
515	33	283	44	82	189	44	17	-7.92348	-3.50639	-5.42071	-6.02673
516	8	10	149	2	11	12	6	-4.92825	-4.00224	-5.72024	-7.22673
517	2	1	21	3	62	1	5	-5.79544	-8.95268	-9.78675	-9.02829
518	10	1	16	19	10	5	7	-7.07418	-2.78024	-4.23096	-5.23716
519	180	194	2	68	19	231	147	-26.6286	-31.2281	-19.1569	-25.1442
520	2	4	1	2	7	1	5	-2.30595	-5.47252	-6.10257	-5.16686
521	2	4	2	2	6	1	5	-6.15257	-4.85964	-6.01184	-7.93521
522	1	2	3	4	5	9	3	-4.80067	-2.52017	-3.66835	-5.00726
523	2	1	21	3	2	1	5	-2.96006	-2.51272	-4.42673	-4.53389
524	2	1	12	3	2	1	5	-2.65363	-2.1382	-3.69529	-4.87986
525	2	1	5	3	2	3	5	-4.28271	-3.27934	-5.39365	-4.79412
526	1	307	3	4	5	9	3	-6.85395	-6.44735	-6.21536	-8.43635
527	2	4	1	2	7	1	5	-2.30595	-5.47252	-6.10257	-5.16686
528	2	1	12	3	2	1	5	-2.65363	-2.1382	-3.69529	-4.87986
529	7	21	5	62	4	61	44	-8.47515	-3.86585	-5.69158	-7.60308
530	2	1	5	3	2	3	5	-4.28271	-3.27934	-5.39365	-4.79412
531	2	1	12	88	2	1	5	-3.98046	-3.45471	-5.69591	-5.34105
532	2	1	21	3	2	1	5	-2.96006	-2.51272	-4.42673	-4.53389
533	1	4	2	2	6	3	17	-4.84161	-2.48121	-4.57699	-5.59199
534	2	4	1	2	7	1	5	-2.30595	-5.47252	-6.10257	-5.16686
535	47	2	4	2	6	5	17	-10.2105	-10.1798	-6.29175	-8.79475
536	1	4	2	2	6	3	17	-4.84161	-2.48121	-4.57699	-5.59199
537	1	2	3	4	5	9	3	-4.80067	-2.52017	-3.66835	-5.00726
538	2	4	1	2	2	1	5	-2.77898	-3.65738	-4.2031	-4.13251
539	4	7	10	4	42	7	1	-6.46378	-9.06899	-5.51454	-4.65046
540	2	4	1	9	2	1	5	-7.03129	-8.20823	-6.17645	-7.45402
541	2	1	12	3	2	1	5	-2.65363	-2.1382	-3.69529	-4.87986
542	1	4	2	9	6	3	17	-9.10568	-6.98295	-6.52027	-8.89616
543	1	2	3	4	922	9	3	-9.06786	-7.07339	-5.64272	-8.33064
544	4	7	10	4	1	7	1	-1.81452	-3.78915	-2.60603	-1.93454
545	2	1	5	3	2	3	5	-4.28271	-3.27934	-5.39365	-4.79412
546	2	4	1	2	7	1	5	-2.30595	-5.47252	-6.10257	-5.16686
547	4	7	10	4	1	7	1	-1.81452	-3.78915	-2.60603	-1.93454
548	2	4	1	2	2	1	5	-2.77898	-3.65738	-4.2031	-4.13251
549	2	1	21	3	2	1	5	-2.96006	-2.51272	-4.42673	-4.53389
550	4	7	10	4	1	7	1	-1.81452	-3.78915	-2.60603	-1.93454
551	1	4	2	2	6	3	17	-4.84161	-2.48121	-4.57699	-5.59199
552	2	1	5	3	2	5	5	-5.88106	-2.85925	-4.14846	-5.59545
553	2	1	12	3	2	1	5	-2.65363	-2.1382	-3.69529	-4.87986
554	4	936	10	4	1	7	1	-6.07657	-8.33811	-4.55693	-5.26086
555	180	194	2	68	19	231	147	-26.6286	-31.2281	-19.1569	-25.1442
556	4	7	10	4	42	51	1	-2.92638	-4.63045	-4.84541	-3.80528
557	4	7	10	4	42	25	1	-8.17146	-9.82309	-5.77369	-5.17223
558	2	1	21	3	2	1	5	-2.96006	-2.51272	-4.42673	-4.53389
559	2	1	5	3	2	3	5	-4.28271	-3.27934	-5.39365	-4.79412
560	2	1	5	3	2	3	5	-4.28271	-3.27934	-5.39365	-4.79412
561	4	7	10	4	42	51	1	-2.92638	-4.63045	-4.84541	-3.80528
562	4	7	10	4	1	7	1	-1.81452	-3.78915	-2.60603	-1.93454
563	2	4	1	2	7	1	5	-2.30595	-5.47252	-6.10257	-5.16686
564	2	1	21	3	2	1	5	-2.96006	-2.51272	-4.42673	-4.53389
565	1	4	2	2	6	3	17	-4.84161	-2.48121	-4.57699	-5.59199
566	188	313	5	2	89	5	6	-41.1691	-35.7654	-35.9904	-40.1978
567	2	1	21	3	2	1	5	-2.96006	-2.51272	-4.42673	-4.53389
568	2	1	1	3	2	1	5	-4.66286	-3.81045	-6.35561	-7.23156
569	2	1	5	3	2	3	5	-4.28271	-3.27934	-5.39365	-4.79412
570	2	4	1	2	2	1	5	-2.77898	-3.65738	-4.2031	-4.13251
571	2	1	5	3	2	3	5	-4.28271	-3.27934	-5.39365	-4.79412
572	2	1	1	3	2	1	5	-4.66286	-3.81045	-6.35561	-7.23156
573	2	1	5	3	2	3	5	-4.28271	-3.27934	-5.39365	-4.79412
574	1	4	2	2	6	3	17	-4.84161	-2.48121	-4.57699	-5.59199
575	1	4	2	2	6	3	17	-4.84161	-2.48121	-4.57699	-5.59199
576	2	1	21	3	2	1	5	-2.96006	-2.51272	-4.42673	-4.53389
577	239	27	16	19	10	5	7	-11.3082	-6.50474	-9.12471	-10.6026
578	2	4	5	2	2	5	5	-3.67145	-6.8276	-7.03976	-5.8835
579	9	2	4	62	4	5	6	-3.7203	-5.19631	-5.94397	-6.74228
580	2	1	1	3	2	1	5	-4.66286	-3.81045	-6.35561	-7.23156
581	2	1	5	3	2	3	5	-4.28271	-3.27934	-5.39365	-4.79412
582	1	4	2	2	6	3	17	-4.84161	-2.48121	-4.57699	-5.59199
583	2	4	5	2	2	5	5	-3.67145	-6.8276	-7.03976	-5.8835
584	2	4	5	2	2	5	5	-3.67145	-6.8276	-7.03976	-5.8835
585	2	1	5	3	2	3	5	-4.28271	-3.27934	-5.39365	-4.79412
586	2	1	1	380	2	1	5	-6.1877	-5.75948	-8.26254	-8.94566
587	2	7	10	4	1	7	1	-6.54618	-8.59561	-7.96916	-7.06031
588	2	1	12	3	2	1	5	-2.65363	-2.1382	-3.69529	-4.87986
589	2	4	1	2	2	1	5	-2.77898	-3.65738	-4.2031	-4.13251
590	9	2	4	62	4	5	6	-3.7203	-5.19631	-5.94397	-6.74228
591	2	4	5	2	2	5	5	-3.67145	-6.8276	-7.03976	-5.8835
592	1	4	2	2	6	3	17	-4.84161	-2.48121	-4.57699	-5.59199
593	1	4	2	2	6	5	17	-12.9007	-8.62068	-11.4084	-13.5782
594	2	4	2	2	6	1	5	-6.15257	-4.85964	-6.01184	-7.93521
595	1	4	2	2	6	5	17	-12.9007	-8.62068	-11.4084	-13.5782
596	2	23	21	3	2	1	5	-7.22832	-7.07114	-6.40311	-7.85912
597	7	21	5	62	4	61	44	-8.47515	-3.86585	-5.69158	-7.60308
598	2	4	1	2	2	1	5	-2.77898	-3.65738	-4.2031	-4.13251
599	1	307	3	4	5	9	3	-6.85395	-6.44735	-6.21536	-8.43635
600	1	2	3	4	5	9	3	-4.80067	-2.52017	-3.66835	-5.00726
601	9	2	4	62	4	5	6	-3.7203	-5.19631	-5.94397	-6.74228
602	2	1	12	3	2	1	5	-2.65363	-2.1382	-3.69529	-4.87986
603	1	4	2	2	6	3	17	-4.84161	-2.48121	-4.57699	-5.59199
604	10	1	16	19	10	5	7	-7.07418	-2.78024	-4.23096	-5.23716
605	2	1	12	3	2	1	5	-2.65363	-2.1382	-3.69529	-4.87986
606	180	194	2	68	19	231	147	-26.6286	-31.2281	-19.1569	-25.1442
607	2	1	12	3	2	1	5	-2.65363	-2.1382	-3.69529	-4.87986
608	4	7	10	4	1	7	1	-1.81452	-3.78915	-2.60603	-1.93454
609	129	66	30	82	189	47	17	-3.24554	-4.87624	-5.4391	-4.15131
610	4	7	10	4	1	7	1	-1.81452	-3.78915	-2.60603	-1.93454
611	2	1	12	3	2	1	5	-2.65363	-2.1382	-3.69529	-4.87986
612	2	1	21	3	2	1	5	-2.96006	-2.51272	-4.42673	-4.53389
613	4	7	10	4	1	7	1	-1.81452	-3.78915	-2.60603	-1.93454
614	10	1	16	19	10	5	7	-7.07418	-2.78024	-4.23096	-5.23716
615	8	10	149	2	11	12	6	-4.92825	-4.00224	-5.72024	-7.22673
616	129	66	30	82	189	47	17	-3.24554	-4.87624	-5.4391	-4.15131
617	2	4	1	2	2	1	5	-2.77898	-3.65738	-4.2031	-4.13251
618	180	194	2	68	19	231	147	-26.6286	-31.2281	-19.1569	-25.1442
619	2	1	5	3	2	3	5	-4.28271	-3.27934	-5.39365	-4.79412
620	2	4	1	2	2	1	5	-2.77898	-3.65738	-4.2031	-4.13251
621	1	2	3	4	5	9	3	-4.80067	-2.52017	-3.66835	-5.00726
622	180	194	2	68	19	231	147	-26.6286	-31.2281	-19.1569	-25.1442
623	33	39	65	79	104	43	17	-4.59882	-7.77424	-8.59519	-7.83512
624	2	4	5	2	2	5	5	-3.67145	-6.8276	-7.03976	-5.8835
625	2	1	5	3	2	5	5	-5.88106	-2.85925	-4.14846	-5.59545
626	2	1	12	3	2	1	5	-2.65363	-2.1382	-3.69529	-4.87986
627	180	194	2	68	19	231	147	-26.6286	-31.2281	-19.1569	-25.1442
628	2	1	21	3	2	1	5	-2.96006	-2.51272	-4.42673	-4.53389
629	2	1	5	3	2	5	5	-5.88106	-2.85925	-4.14846	-5.59545
630	2	1	21	3	2	1	5	-2.96006	-2.51272	-4.42673	-4.53389
631	1	2	3	4	5	9	3	-4.80067	-2.52017	-3.66835	-5.00726
632	2	1	21	3	2	1	5	-2.96006	-2.51272	-4.42673	-4.53389
633	8	10	2	2	11	12	6	-3.95526	-7.08419	-7.94651	-7.19114
634	2	4	1	2	7	1	5	-2.30595	-5.47252	-6.10257	-5.16686
635	2	1	5	3	2	3	5	-4.28271	-3.27934	-5.39365	-4.79412
636	1	2	3	4	5	9	3	-4.80067	-2.52017	-3.66835	-5.00726
637	9	2	4	62	4	5	6	-3.7203	-5.19631	-5.94397	-6.74228
638	2	1	21	3	2	1	5	-2.96006	-2.51272	-4.42673	-4.53389
639	8	10	149	2	11	12	6	-4.92825	-4.00224	-5.72024	-7.22673
640	2	1	12	88	2	1	5	-3.98046	-3.45471	-5.69591	-5.34105
641	2	4	1	2	2	1	5	-2.77898	-3.65738	-4.2031	-4.13251
642	2	1	5	10	10	1	5	-23.2357	-22.7954	-22.6451	-23.3622
643	1	2	3	4	5	9	3	-4.80067	-2.52017	-3.66835	-5.00726
644	2	4	1	2	7	1	5	-2.30595	-5.47252	-6.10257	-5.16686
645	2	4	1	2	2	1	5	-2.77898	-3.65738	-4.2031	-4.13251
646	1	2	3	4	5	9	3	-4.80067	-2.52017	-3.66835	-5.00726
647	2	1	12	88	2	1	5	-3.98046	-3.45471	-5.69591	-5.34105
648	4	7	10	4	1	7	1	-1.81452	-3.78915	-2.60603	-1.93454
649	2	1	21	3	2	1	5	-2.96006	-2.51272	-4.42673	-4.53389
650	2	4	1	2	7	1	5	-2.30595	-5.47252	-6.10257	-5.16686
651	33	38	30	82	118	43	17	-21.1043	-18.4524	-21.2403	-22.1115
652	2	4	1	2	2	1	5	-2.77898	-3.65738	-4.2031	-4.13251
653	2	1	5	3	2	3	5	-4.28271	-3.27934	-5.39365	-4.79412
654	4	7	10	4	1	7	1	-1.81452	-3.78915	-2.60603	-1.93454
655	8	10	2	2	11	12	6	-3.95526	-7.08419	-7.94651	-7.19114
656	2	4	5	2	2	5	5	-3.67145	-6.8276	-7.03976	-5.8835
657	4	7	10	4	1	7	1	-1.81452	-3.78915	-2.60603	-1.93454
658	2	1	5	3	2	3	5	-4.28271	-3.27934	-5.39365	-4.79412
659	33	39	30	82	113	47	17	-5.79419	-5.76943	-8.20357	-8.68763
660	2	1	21	3	2	1	5	-2.96006	-2.51272	-4.42673	-4.53389
661	2	4	1	2	7	1	5	-2.30595	-5.47252	-6.10257	-5.16686
662	2	1	1	3	2	1	5	-4.66286	-3.81045	-6.35561	-7.23156
663	4	7	10	4	1	7	1	-1.81452	-3.78915	-2.60603	-1.93454
664	7	21	5	62	4	61	44	-8.47515	-3.86585	-5.69158	-7.60308
665	10	81	50	99	120	76	52	-6.62349	-6.4241	-5.29632	-5.17453
666	4	7	10	4	1	7	1	-1.81452	-3.78915	-2.60603	-1.93454
667	1	2	3	4	5	9	3	-4.80067	-2.52017	-3.66835	-5.00726
668	1	2	3	4	5	9	3	-4.80067	-2.52017	-3.66835	-5.00726
669	2	4	1	2	7	1	5	-2.30595	-5.47252	-6.10257	-5.16686
670	4	7	10	4	1	7	1	-1.81452	-3.78915	-2.60603	-1.93454
671	2	1	5	3	2	3	5	-4.28271	-3.27934	-5.39365	-4.79412
672	1	4	2	2	6	3	17	-4.84161	-2.48121	-4.57699	-5.59199
673	4	935	10	4	1	7	1	-6.07657	-8.33811	-4.55693	-5.26086
674	10	1	16	19	10	5	7	-7.07418	-2.78024	-4.23096	-5.23716
675	4	7	10	4	1	7	1	-1.81452	-3.78915	-2.60603	-1.93454
676	33	39	65	79	104	43	17	-4.59882	-7.77424	-8.59519	-7.83512
677	2	4	2	2	6	1	5	-6.15257	-4.85964	-6.01184	-7.93521
678	4	7	10	4	42	25	1	-8.17146	-9.82309	-5.77369	-5.17223
679	1	4	2	2	6	3	17	-4.84161	-2.48121	-4.57699	-5.59199
680	4	7	10	4	42	25	1	-8.17146	-9.82309	-5.77369	-5.17223
681	4	7	10	4	42	25	1	-8.17146	-9.82309	-5.77369	-5.17223
682	4	7	10	4	1	7	1	-1.81452	-3.78915	-2.60603	-1.93454
683	2	4	1	2	7	1	5	-2.30595	-5.47252	-6.10257	-5.16686
684	4	7	10	4	1	7	1	-1.81452	-3.78915	-2.60603	-1.93454
685	4	7	10	4	42	7	1	-6.46378	-9.06899	-5.51454	-4.65046
686	10	27	16	19	10	5	7	-21.7668	-12.7125	-15.8653	-17.4739
687	10	81	50	99	120	76	52	-6.62349	-6.4241	-5.29632	-5.17453
688	4	7	10	4	1	7	1	-1.81452	-3.78915	-2.60603	-1.93454
689	4	7	10	4	42	51	1	-2.92638	-4.63045	-4.84541	-3.80528
690	4	7	10	4	1	7	1	-1.81452	-3.78915	-2.60603	-1.93454
691	10	81	50	99	120	76	52	-6.62349	-6.4241	-5.29632	-5.17453
692	2	4	1	2	2	1	5	-2.77898	-3.65738	-4.2031	-4.13251
693	4	7	10	4	42	51	1	-2.92638	-4.63045	-4.84541	-3.80528
694	4	7	10	4	42	51	1	-2.92638	-4.63045	-4.84541	-3.80528
695	4	7	10	4	42	51	1	-2.92638	-4.63045	-4.84541	-3.80528
696	8	10	2	2	11	12	6	-3.95526	-7.08419	-7.94651	-7.19114
697	33	38	30	82	104	43	17	-5.29181	-8.46609	-9.28565	-8.52282
698	4	7	10	4	1	7	1	-1.81452	-3.78915	-2.60603	-1.93454
699	10	81	50	99	120	76	52	-6.62349	-6.4241	-5.29632	-5.17453
700	2	4	1	2	7	1	5	-2.30595	-5.47252	-6.10257	-5.16686
701	4	7	10	4	1	7	1	-1.81452	-3.78915	-2.60603	-1.93454
702	4	7	10	4	1	7	1	-1.81452	-3.78915	-2.60603	-1.93454
703	10	81	50	99	120	76	52	-6.62349	-6.4241	-5.29632	-5.17453
704	4	7	10	4	42	51	1	-2.92638	-4.63045	-4.84541	-3.80528
705	9	2	4	62	4	5	6	-3.7203	-5.19631	-5.94397	-6.74228
706	4	7	10	4	1	7	1	-1.81452	-3.78915	-2.60603	-1.93454
707	2	1	1	3	2	1	5	-4.66286	-3.81045	-6.35561	-7.23156
708	1	14	2	2	6	1	17	-9.29052	-6.48266	-7.57437	-6.32278
709	2	4	2	2	6	1	5	-6.15257	-4.85964	-6.01184	-7.93521
710	2	4	2	2	6	1	5	-6.15257	-4.85964	-6.01184	-7.93521
711	4	7	10	4	42	51	1	-2.92638	-4.63045	-4.84541	-3.80528
712	10	2	107	62	120	76	1	-6.82526	-9.9567	-7.77422	-6.31246
713	2	1	12	3	2	1	5	-2.65363	-2.1382	-3.69529	-4.87986
714	2	4	1	2	2	1	5	-2.77898	-3.65738	-4.2031	-4.13251
715	47	2	4	2	6	5	17	-10.2105	-10.1798	-6.29175	-8.79475
716	4	7	10	4	42	5	1	-10.9528	-10.7509	-11.0375	-11.279
717	2	1	12	3	2	1	5	-2.65363	-2.1382	-3.69529	-4.87986
718	4	7	10	4	42	51	1	-2.92638	-4.63045	-4.84541	-3.80528
719	1	307	3	4	5	9	3	-6.85395	-6.44735	-6.21536	-8.43635
720	2	1	21	3	2	1	5	-2.96006	-2.51272	-4.42673	-4.53389
721	4	7	10	4	1	7	1	-1.81452	-3.78915	-2.60603	-1.93454
722	2	4	1	2	2	1	5	-2.77898	-3.65738	-4.2031	-4.13251
723	2	1	12	3	2	1	5	-2.65363	-2.1382	-3.69529	-4.87986
724	4	7	10	4	1	7	1	-1.81452	-3.78915	-2.60603	-1.93454
725	2	1	21	3	2	1	5	-2.96006	-2.51272	-4.42673	-4.53389
726	2	1	1	3	2	1	5	-4.66286	-3.81045	-6.35561	-7.23156
727	4	7	10	4	1	7	1	-1.81452	-3.78915	-2.60603	-1.93454
728	2	1	12	3	2	1	5	-2.65363	-2.1382	-3.69529	-4.87986
729	1	4	3	2	6	3	17	-14.7083	-9.11007	-11.6756	-14.0145
730	2	1	12	3	2	1	5	-2.65363	-2.1382	-3.69529	-4.87986
731	2	1	12	88	2	1	5	-3.98046	-3.45471	-5.69591	-5.34105
732	1	4	2	2	6	3	17	-4.84161	-2.48121	-4.57699	-5.59199
733	4	7	10	4	42	51	1	-2.92638	-4.63045	-4.84541	-3.80528
734	2	1	12	3	2	1	5	-2.65363	-2.1382	-3.69529	-4.87986
735	4	7	10	4	1	7	1	-1.81452	-3.78915	-2.60603	-1.93454
736	2	1	12	88	2	1	5	-3.98046	-3.45471	-5.69591	-5.34105
737	2	1	21	3	2	1	5	-2.96006	-2.51272	-4.42673	-4.53389
738	2	4	5	2	2	5	5	-3.67145	-6.8276	-7.03976	-5.8835
739	2	4	5	2	2	5	5	-3.67145	-6.8276	-7.03976	-5.8835
740	2	1	21	3	62	1	5	-5.79544	-8.95268	-9.78675	-9.02829
741	4	7	10	4	42	25	1	-8.17146	-9.82309	-5.77369	-5.17223
742	1	2	4	62	4	5	17	-6.17821	-4.87934	-7.44217	-8.49517
743	1	2	3	4	5	9	3	-4.80067	-2.52017	-3.66835	-5.00726
744	8	10	2	2	11	12	6	-3.95526	-7.08419	-7.94651	-7.19114
745	2	1	12	88	2	1	5	-3.98046	-3.45471	-5.69591	-5.34105
746	2	4	5	2	2	5	5	-3.67145	-6.8276	-7.03976	-5.8835
747	2	1	12	3	2	1	5	-2.65363	-2.1382	-3.69529	-4.87986
748	7	21	5	62	4	61	44	-8.47515	-3.86585	-5.69158	-7.60308
749	9	2	4	62	4	5	6	-3.7203	-5.19631	-5.94397	-6.74228
750	10	1	16	19	10	5	7	-7.07418	-2.78024	-4.23096	-5.23716
751	10	1	16	19	10	5	7	-7.07418	-2.78024	-4.23096	-5.23716
752	8	10	2	2	11	12	6	-3.95526	-7.08419	-7.94651	-7.19114
753	1	4	2	2	6	3	17	-4.84161	-2.48121	-4.57699	-5.59199
754	2	1	12	3	2	1	5	-2.65363	-2.1382	-3.69529	-4.87986
755	2	1	12	88	2	1	5	-3.98046	-3.45471	-5.69591	-5.34105
756	2	29	4	27	10	25	57	-19.0286	-22.9867	-14.1234	-11.8889
757	2	1	5	3	2	3	5	-4.28271	-3.27934	-5.39365	-4.79412
758	2	1	12	3	2	1	5	-2.65363	-2.1382	-3.69529	-4.87986
759	37	52	57	26	107	29	23	-7.94338	-9.73525	-5.66538	-4.91531
760	2	4	1	2	7	1	5	-2.30595	-5.47252	-6.10257	-5.16686
761	1	2	3	4	5	9	3	-4.80067	-2.52017	-3.66835	-5.00726
762	2	1	12	3	2	1	5	-2.65363	-2.1382	-3.69529	-4.87986
763	1	4	2	2	6	3	17	-4.84161	-2.48121	-4.57699	-5.59199
764	1	4	2	2	6	3	17	-4.84161	-2.48121	-4.57699	-5.59199
765	1	2	3	4	5	9	3	-4.80067	-2.52017	-3.66835	-5.00726
766	4	7	10	4	1	7	1	-1.81452	-3.78915	-2.60603	-1.93454
767	2	1	21	3	2	1	5	-2.96006	-2.51272	-4.42673	-4.53389
768	2	1	12	3	2	1	5	-2.65363	-2.1382	-3.69529	-4.87986
769	2	4	1	2	2	5	5	-6.83824	-6.42182	-8.8356	-9.53664
770	2	4	1	2	2	1	5	-2.77898	-3.65738	-4.2031	-4.13251
771	2	4	5	2	2	5	5	-3.67145	-6.8276	-7.03976	-5.8835
772	10	1	16	19	10	5	7	-7.07418	-2.78024	-4.23096	-5.23716
773	7	21	5	62	4	61	44	-8.47515	-3.86585	-5.69158	-7.60308
774	9	2	4	62	4	5	6	-3.7203	-5.19631	-5.94397	-6.74228
775	2	1	12	3	2	1	5	-2.65363	-2.1382	-3.69529	-4.87986
776	1	4	2	2	6	3	17	-4.84161	-2.48121	-4.57699	-5.59199
777	4	7	10	4	1	7	1	-1.81452	-3.78915	-2.60603	-1.93454
778	2	1	12	3	2	1	5	-2.65363	-2.1382	-3.69529	-4.87986
779	2	1	5	3	2	5	5	-5.88106	-2.85925	-4.14846	-5.59545
780	2	23	21	3	2	1	5	-7.22832	-7.07114	-6.40311	-7.85912
781	2	4	5	2	2	5	5	-3.67145	-6.8276	-7.03976	-5.8835
782	2	4	2	2	6	1	5	-6.15257	-4.85964	-6.01184	-7.93521
783	2	1	12	3	2	1	5	-2.65363	-2.1382	-3.69529	-4.87986
784	4	7	10	4	42	51	1	-2.92638	-4.63045	-4.84541	-3.80528
785	7	17	5	2	86	232	1	-29.0806	-32.8696	-25.6923	-26.8003
786	2	4	1	2	2	1	5	-2.77898	-3.65738	-4.2031	-4.13251
787	2	1	12	3	2	1	5	-2.65363	-2.1382	-3.69529	-4.87986
788	2	1	21	3	2	1	5	-2.96006	-2.51272	-4.42673	-4.53389
789	7	17	2	15	23	3	12	-6.90228	-10.0771	-10.8985	-10.1376
790	2	1	5	3	2	5	5	-5.88106	-2.85925	-4.14846	-5.59545
791	1	6	60	24	12	28	1	-29.8375	-32.4498	-16.5723	-22.1922
792	1	2	3	4	5	9	3	-4.80067	-2.52017	-3.66835	-5.00726
793	2	4	5	2	2	5	5	-3.67145	-6.8276	-7.03976	-5.8835
794	1	2	3	4	5	9	3	-4.80067	-2.52017	-3.66835	-5.00726
795	1	6	60	24	12	28	1	-29.8375	-32.4498	-16.5723	-22.1922
796	9	2	4	62	4	5	6	-3.7203	-5.19631	-5.94397	-6.74228
797	2	4	1	2	2	1	5	-2.77898	-3.65738	-4.2031	-4.13251
798	4	7	10	4	1	7	1	-1.81452	-3.78915	-2.60603	-1.93454
799	2	4	5	2	2	5	5	-3.67145	-6.8276	-7.03976	-5.8835
800	7	2	2	2	11	12	6	-4.50188	-7.6762	-8.49767	-7.73748
801	2	1	21	3	2	1	941	-7.22922	-7.05209	-6.39378	-7.8564
802	9	2	2	10	10	3	5	-29.8076	-24.7107	-25.5073	-25.0469
803	8	10	149	2	11	12	6	-4.92825	-4.00224	-5.72024	-7.22673
804	7	1	5	2	10	3	6	-32.3439	-28.666	-29.3053	-28.6374
805	2	1	21	3	2	1	5	-2.96006	-2.51272	-4.42673	-4.53389
806	33	39	30	82	113	43	17	-9.81687	-6.47598	-6.23842	-8.64493
807	1	6	60	24	12	28	1	-29.8375	-32.4498	-16.5723	-22.1922
808	1	6	60	24	12	28	1	-29.8375	-32.4498	-16.5723	-22.1922
809	7	17	2	15	23	3	12	-6.90228	-10.0771	-10.8985	-10.1376
810	1	4	2	2	6	3	17	-4.84161	-2.48121	-4.57699	-5.59199
811	1	4	2	2	6	3	17	-4.84161	-2.48121	-4.57699	-5.59199
812	7	21	5	62	4	61	44	-8.47515	-3.86585	-5.69158	-7.60308
813	239	27	16	19	10	5	7	-11.3082	-6.50474	-9.12471	-10.6026
814	9	2	4	62	4	5	6	-3.7203	-5.19631	-5.94397	-6.74228
815	10	1	16	19	10	5	7	-7.07418	-2.78024	-4.23096	-5.23716
816	2	1	5	3	2	5	5	-5.88106	-2.85925	-4.14846	-5.59545
817	2	4	5	2	2	5	5	-3.67145	-6.8276	-7.03976	-5.8835
818	8	10	2	2	11	12	6	-3.95526	-7.08419	-7.94651	-7.19114
819	7	17	2	15	23	3	12	-6.90228	-10.0771	-10.8985	-10.1376
820	2	4	1	4	1	1	5	-15.2674	-17.5889	-15.5383	-14.7351
821	4	7	10	4	1	7	1	-1.81452	-3.78915	-2.60603	-1.93454
822	8	10	149	2	11	12	6	-4.92825	-4.00224	-5.72024	-7.22673
823	2	1	12	88	2	1	5	-3.98046	-3.45471	-5.69591	-5.34105
824	2	4	2	2	6	1	5	-6.15257	-4.85964	-6.01184	-7.93521
825	10	81	50	99	120	76	52	-6.62349	-6.4241	-5.29632	-5.17453
826	2	4	5	2	2	5	5	-3.67145	-6.8276	-7.03976	-5.8835
827	2	4	1	2	2	5	5	-6.83824	-6.42182	-8.8356	-9.53664
828	8	10	149	2	11	12	6	-4.92825	-4.00224	-5.72024	-7.22673
829	1	4	2	2	6	3	17	-4.84161	-2.48121	-4.57699	-5.59199
830	2	165	73	147	220	190	104	-8.33807	-11.022	-6.72214	-5.23682
831	4	7	10	4	42	25	1	-8.17146	-9.82309	-5.77369	-5.17223
832	7	2	2	2	11	12	6	-4.50188	-7.6762	-8.49767	-7.73748
833	1	6	60	24	12	28	1	-29.8375	-32.4498	-16.5723	-22.1922
834	2	1	12	3	2	1	5	-2.65363	-2.1382	-3.69529	-4.87986
835	33	39	65	79	104	77	17	-5.29173	-8.4666	-9.28841	-8.52812
836	4	7	10	4	1	7	1	-1.81452	-3.78915	-2.60603	-1.93454
837	1	2	3	4	5	9	3	-4.80067	-2.52017	-3.66835	-5.00726
838	2	1	21	3	2	1	5	-2.96006	-2.51272	-4.42673	-4.53389
839	2	1	12	3	2	1	5	-2.65363	-2.1382	-3.69529	-4.87986
840	4	7	10	4	1	7	1	-1.81452	-3.78915	-2.60603	-1.93454
841	2	4	1	2	7	1	5	-2.30595	-5.47252	-6.10257	-5.16686
842	184	39	30	82	113	43	17	-3.95605	-6.07701	-7.68312	-7.1601
843	4	7	10	4	1	7	1	-1.81452	-3.78915	-2.60603	-1.93454
844	2	4	1	2	2	1	5	-2.77898	-3.65738	-4.2031	-4.13251
845	4	7	10	4	1	7	1	-1.81452	-3.78915	-2.60603	-1.93454
846	2	1	12	88	2	1	5	-3.98046	-3.45471	-5.69591	-5.34105
847	2	1	21	3	2	1	5	-2.96006	-2.51272	-4.42673	-4.53389
848	1	2	3	4	5	9	3	-4.80067	-2.52017	-3.66835	-5.00726
849	4	7	10	4	1	7	1	-1.81452	-3.78915	-2.60603	-1.93454
850	2	1	21	3	2	1	5	-2.96006	-2.51272	-4.42673	-4.53389
851	8	10	2	2	11	12	6	-3.95526	-7.08419	-7.94651	-7.19114
852	2	4	1	2	2	1	5	-2.77898	-3.65738	-4.2031	-4.13251
853	2	4	1	2	2	1	5	-2.77898	-3.65738	-4.2031	-4.13251
854	2	4	2	2	6	1	5	-6.15257	-4.85964	-6.01184	-7.93521
855	2	4	1	2	2	1	5	-2.77898	-3.65738	-4.2031	-4.13251
856	2	4	1	2	2	1	5	-2.77898	-3.65738	-4.2031	-4.13251
857	2	4	1	2	2	1	5	-2.77898	-3.65738	-4.2031	-4.13251
858	1	2	3	4	5	9	3	-4.80067	-2.52017	-3.66835	-5.00726
859	2	4	1	2	2	1	5	-2.77898	-3.65738	-4.2031	-4.13251
860	2	4	1	2	2	1	5	-2.77898	-3.65738	-4.2031	-4.13251
861	8	10	2	2	11	12	6	-3.95526	-7.08419	-7.94651	-7.19114
862	2	1	5	3	2	3	5	-4.28271	-3.27934	-5.39365	-4.79412
863	33	39	30	82	104	173	68	-5.47943	-4.0119	-6.58578	-7.69178
864	2	4	1	2	7	1	5	-2.30595	-5.47252	-6.10257	-5.16686
865	8	10	2	2	11	12	6	-3.95526	-7.08419	-7.94651	-7.19114
866	2	4	1	2	7	1	5	-2.30595	-5.47252	-6.10257	-5.16686
867	1	2	3	4	5	9	3	-4.80067	-2.52017	-3.66835	-5.00726
868	1	2	215	4	90	24	8	-30.4366	-30.6839	-19.132	-22.9687
869	2	1	1	3	2	1	5	-4.66286	-3.81045	-6.35561	-7.23156
870	10	81	50	99	120	76	52	-6.62349	-6.4241	-5.29632	-5.17453
871	2	4	1	2	7	1	5	-2.30595	-5.47252	-6.10257	-5.16686
872	2	1	12	3	2	1	5	-2.65363	-2.1382	-3.69529	-4.87986
873	2	4	1	2	2	1	5	-2.77898	-3.65738	-4.2031	-4.13251
874	2	4	1	2	2	1	5	-2.77898	-3.65738	-4.2031	-4.13251
875	2	4	1	2	2	1	5	-2.77898	-3.65738	-4.2031	-4.13251
876	2	1	5	3	2	3	5	-4.28271	-3.27934	-5.39365	-4.79412
877	2	4	1	2	2	1	5	-2.77898	-3.65738	-4.2031	-4.13251
878	4	7	10	4	1	7	1	-1.81452	-3.78915	-2.60603	-1.93454
879	2	4	1	2	7	1	5	-2.30595	-5.47252	-6.10257	-5.16686
880	2	4	5	2	2	5	5	-3.67145	-6.8276	-7.03976	-5.8835
881	2	4	1	2	2	1	5	-2.77898	-3.65738	-4.2031	-4.13251
882	8	10	2	2	11	12	6	-3.95526	-7.08419	-7.94651	-7.19114
883	4	7	10	4	1	7	1	-1.81452	-3.78915	-2.60603	-1.93454
884	2	4	1	2	2	1	5	-2.77898	-3.65738	-4.2031	-4.13251
885	166	2	1	10	17	3	1	-34.6044	-36.2628	-29.381	-30.6134
886	2	4	1	2	7	1	5	-2.30595	-5.47252	-6.10257	-5.16686
887	2	4	1	2	2	1	5	-2.77898	-3.65738	-4.2031	-4.13251
888	4	7	10	4	1	7	1	-1.81452	-3.78915	-2.60603	-1.93454
889	4	7	10	4	1	7	1	-1.81452	-3.78915	-2.60603	-1.93454
890	2	4	1	2	7	1	5	-2.30595	-5.47252	-6.10257	-5.16686
891	2	4	1	2	2	1	5	-2.77898	-3.65738	-4.2031	-4.13251
892	2	1	5	3	2	3	5	-4.28271	-3.27934	-5.39365	-4.79412
893	9	25	2	10	22	3	6	-4.45445	-7.59741	-5.807	-4.35761
894	2	1	21	3	62	1	5	-5.79544	-8.95268	-9.78675	-9.02829
895	129	66	30	82	189	47	17	-3.24554	-4.87624	-5.4391	-4.15131
896	129	66	30	82	189	47	17	-3.24554	-4.87624	-5.4391	-4.15131
897	4	7	10	4	1	7	1	-1.81452	-3.78915	-2.60603	-1.93454
898	2	4	1	2	2	1	5	-2.77898	-3.65738	-4.2031	-4.13251
899	4	7	10	4	42	7	1	-6.46378	-9.06899	-5.51454	-4.65046
900	2	4	1	2	7	1	5	-2.30595	-5.47252	-6.10257	-5.16686
901	1	307	3	4	5	9	3	-6.85395	-6.44735	-6.21536	-8.43635
902	2	1	21	3	2	1	5	-2.96006	-2.51272	-4.42673	-4.53389
903	4	7	10	4	1	7	1	-1.81452	-3.78915	-2.60603	-1.93454
904	2	1	21	3	2	1	5	-2.96006	-2.51272	-4.42673	-4.53389
905	2	4	1	2	2	5	5	-6.83824	-6.42182	-8.8356	-9.53664
906	2	4	1	2	7	1	5	-2.30595	-5.47252	-6.10257	-5.16686
907	2	4	1	2	7	1	5	-2.30595	-5.47252	-6.10257	-5.16686
908	2	4	1	2	7	1	5	-2.30595	-5.47252	-6.10257	-5.16686
909	4	7	10	4	1	7	1	-1.81452	-3.78915	-2.60603	-1.93454
910	8	10	2	2	11	12	6	-3.95526	-7.08419	-7.94651	-7.19114
911	7	21	5	62	4	61	44	-8.47515	-3.86585	-5.69158	-7.60308
912	2	1	12	88	2	1	5	-3.98046	-3.45471	-5.69591	-5.34105
913	2	4	1	2	2	1	5	-2.77898	-3.65738	-4.2031	-4.13251
914	1	2	3	4	5	9	3	-4.80067	-2.52017	-3.66835	-5.00726
915	2	4	1	2	7	1	5	-2.30595	-5.47252	-6.10257	-5.16686
916	2	4	1	2	2	1	5	-2.77898	-3.65738	-4.2031	-4.13251
917	2	4	1	2	2	1	5	-2.77898	-3.65738	-4.2031	-4.13251
918	2	4	1	2	7	1	5	-2.30595	-5.47252	-6.10257	-5.16686
919	4	7	10	4	1	7	1	-1.81452	-3.78915	-2.60603	-1.93454
920	2	1	5	3	2	3	5	-4.28271	-3.27934	-5.39365	-4.79412
921	2	4	1	2	7	1	5	-2.30595	-5.47252	-6.10257	-5.16686
922	2	4	1	2	2	1	5	-2.77898	-3.65738	-4.2031	-4.13251
923	8	10	2	2	11	12	6	-3.95526	-7.08419	-7.94651	-7.19114
924	2	1	12	3	2	1	5	-2.65363	-2.1382	-3.69529	-4.87986
925	48	7	10	4	183	7	1	-10.2591	-12.8014	-6.50068	-8.5219
926	7	21	5	62	4	61	44	-8.47515	-3.86585	-5.69158	-7.60308
927	4	7	10	4	1	7	1	-1.81452	-3.78915	-2.60603	-1.93454
928	9	25	2	10	22	3	6	-4.45445	-7.59741	-5.807	-4.35761
929	2	4	1	2	2	1	5	-2.77898	-3.65738	-4.2031	-4.13251
930	2	4	1	2	7	1	5	-2.30595	-5.47252	-6.10257	-5.16686
931	2	4	1	2	2	1	5	-2.77898	-3.65738	-4.2031	-4.13251
932	2	4	1	2	2	1	5	-2.77898	-3.65738	-4.2031	-4.13251
933	9	25	2	10	22	3	6	-4.45445	-7.59741	-5.807	-4.35761
934	2	4	1	2	2	1	5	-2.77898	-3.65738	-4.2031	-4.13251
935	2	4	1	2	2	1	5	-2.77898	-3.65738	-4.2031	-4.13251
936	2	4	1	2	7	1	5	-2.30595	-5.47252	-6.10257	-5.16686
937	2	4	1	2	7	1	5	-2.30595	-5.47252	-6.10257	-5.16686
938	2	4	1	2	2	1	5	-2.77898	-3.65738	-4.2031	-4.13251
939	2	4	1	2	2	1	5	-2.77898	-3.65738	-4.2031	-4.13251
940	4	7	10	4	1	7	1	-1.81452	-3.78915	-2.60603	-1.93454
941	2	4	1	2	2	1	5	-2.77898	-3.65738	-4.2031	-4.13251
942	4	7	10	4	1	7	1	-1.81452	-3.78915	-2.60603	-1.93454
943	2	4	1	2	7	1	5	-2.30595	-5.47252	-6.10257	-5.16686
944	2	4	1	2	2	1	5	-2.77898	-3.65738	-4.2031	-4.13251
945	4	7	10	4	1	7	1	-1.81452	-3.78915	-2.60603	-1.93454
946	9	25	2	10	22	3	6	-4.45445	-7.59741	-5.807	-4.35761
947	10	81	50	99	120	76	52	-6.62349	-6.4241	-5.29632	-5.17453
948	2	1	21	3	2	1	5	-2.96006	-2.51272	-4.42673	-4.53389
949	4	7	10	4	1	7	1	-1.81452	-3.78915	-2.60603	-1.93454
950	2	4	1	2	7	1	5	-2.30595	-5.47252	-6.10257	-5.16686
951	4	7	10	4	1	7	1	-1.81452	-3.78915	-2.60603	-1.93454
952	4	7	10	4	1	7	1	-1.81452	-3.78915	-2.60603	-1.93454
953	8	315	2	2	11	12	6	-8.22246	-11.6363	-9.92004	-10.5141
954	8	10	2	2	11	12	6	-3.95526	-7.08419	-7.94651	-7.19114
955	2	4	1	2	2	1	5	-2.77898	-3.65738	-4.2031	-4.13251
956	4	7	10	4	1	7	1	-1.81452	-3.78915	-2.60603	-1.93454
957	2	4	1	2	2	1	5	-2.77898	-3.65738	-4.2031	-4.13251
958	2	4	1	2	2	1	5	-2.77898	-3.65738	-4.2031	-4.13251
959	2	4	1	2	2	1	5	-2.77898	-3.65738	-4.2031	-4.13251
960	2	4	1	2	7	1	5	-2.30595	-5.47252	-6.10257	-5.16686
961	2	4	1	2	2	1	5	-2.77898	-3.65738	-4.2031	-4.13251
962	2	4	1	2	2	1	5	-2.77898	-3.65738	-4.2031	-4.13251
963	2	1	21	3	2	1	5	-2.96006	-2.51272	-4.42673	-4.53389
964	2	4	1	2	2	1	5	-2.77898	-3.65738	-4.2031	-4.13251
965	1	4	2	2	2	3	17	-11.277	-7.57138	-10.5388	-12.0752
966	2	4	1	2	2	1	5	-2.77898	-3.65738	-4.2031	-4.13251
967	2	4	1	2	2	1	5	-2.77898	-3.65738	-4.2031	-4.13251
968	7	21	5	62	4	61	44	-8.47515	-3.86585	-5.69158	-7.60308
969	2	4	1	2	2	1	5	-2.77898	-3.65738	-4.2031	-4.13251
970	4	7	10	4	1	7	1	-1.81452	-3.78915	-2.60603	-1.93454
971	2	4	1	2	2	1	5	-2.77898	-3.65738	-4.2031	-4.13251
972	10	1	16	19	10	5	7	-7.07418	-2.78024	-4.23096	-5.23716
973	8	10	2	2	11	12	6	-3.95526	-7.08419	-7.94651	-7.19114
974	4	7	10	4	1	7	1	-1.81452	-3.78915	-2.60603	-1.93454
975	2	4	2	2	6	1	5	-6.15257	-4.85964	-6.01184	-7.93521
976	2	4	1	2	2	1	5	-2.77898	-3.65738	-4.2031	-4.13251
977	2	4	1	2	2	1	5	-2.77898	-3.65738	-4.2031	-4.13251
978	2	1	12	3	2	1	5	-2.65363	-2.1382	-3.69529	-4.87986
979	2	1	21	3	2	1	5	-2.96006	-2.51272	-4.42673	-4.53389
980	1	4	2	2	6	3	17	-4.84161	-2.48121	-4.57699	-5.59199
981	9	2	4	62	4	5	6	-3.7203	-5.19631	-5.94397	-6.74228
982	9	2	4	62	4	5	6	-3.7203	-5.19631	-5.94397	-6.74228
983	2	4	1	2	2	1	5	-2.77898	-3.65738	-4.2031	-4.13251
984	9	25	2	10	22	3	6	-4.45445	-7.59741	-5.807	-4.35761
985	2	1	12	3	2	1	5	-2.65363	-2.1382	-3.69529	-4.87986
986	2	4	1	2	2	1	5	-2.77898	-3.65738	-4.2031	-4.13251
987	2	4	1	2	2	1	5	-2.77898	-3.65738	-4.2031	-4.13251
988	2	4	1	2	2	1	5	-2.77898	-3.65738	-4.2031	-4.13251
989	1	4	2	2	6	3	17	-4.84161	-2.48121	-4.57699	-5.59199
990	1	4	2	2	6	3	17	-4.84161	-2.48121	-4.57699	-5.59199
991	9	25	2	10	22	3	6	-4.45445	-7.59741	-5.807	-4.35761
992	1	4	2	2	6	3	17	-4.84161	-2.48121	-4.57699	-5.59199
993	2	4	1	2	2	1	5	-2.77898	-3.65738	-4.2031	-4.13251
994	2	4	1	2	2	1	5	-2.77898	-3.65738	-4.2031	-4.13251
995	8	10	2	2	11	12	6	-3.95526	-7.08419	-7.94651	-7.19114
996	2	4	1	2	2	1	5	-2.77898	-3.65738	-4.2031	-4.13251
997	2	1	5	3	2	5	5	-5.88106	-2.85925	-4.14846	-5.59545
998	8	10	2	2	11	12	6	-3.95526	-7.08419	-7.94651	-7.19114
999	2	4	1	2	2	1	5	-2.77898	-3.65738	-4.2031	-4.13251
1000	2	4	1	2	2	1	5	-2.77898	-3.65738	-4.2031	-4.13251
1001	2	1	21	3	2	1	5	-2.96006	-2.51272	-4.42673	-4.53389
1002	1	2	4	62	4	5	17	-6.17821	-4.87934	-7.44217	-8.49517
1003	2	1	12	3	2	1	5	-2.65363	-2.1382	-3.69529	-4.87986
1004	2	4	1	2	7	1	5	-2.30595	-5.47252	-6.10257	-5.16686
1005	1	307	3	4	5	9	3	-6.85395	-6.44735	-6.21536	-8.43635
1006	2	4	2	4	19	3	6	-5.79831	-8.96806	-9.78929	-9.02596
1007	2	4	1	2	2	1	5	-2.77898	-3.65738	-4.2031	-4.13251
1008	1	4	2	2	6	3	17	-4.84161	-2.48121	-4.57699	-5.59199
1009	9	25	2	10	22	3	6	-4.45445	-7.59741	-5.807	-4.35761
1010	4	7	10	4	1	7	1	-1.81452	-3.78915	-2.60603	-1.93454
1011	2	4	1	2	2	1	5	-2.77898	-3.65738	-4.2031	-4.13251
1012	10	1	16	19	10	5	7	-7.07418	-2.78024	-4.23096	-5.23716
1013	2	1	21	3	2	1	5	-2.96006	-2.51272	-4.42673	-4.53389
1014	4	7	10	4	1	7	1	-1.81452	-3.78915	-2.60603	-1.93454
1015	2	4	1	2	2	1	5	-2.77898	-3.65738	-4.2031	-4.13251
1016	1	2	3	4	5	9	3	-4.80067	-2.52017	-3.66835	-5.00726
1017	9	316	4	62	4	5	6	-6.88943	-6.47876	-8.96681	-9.64689
1018	9	25	2	10	22	3	6	-4.45445	-7.59741	-5.807	-4.35761
1019	1	307	3	4	5	9	3	-6.85395	-6.44735	-6.21536	-8.43635
1020	2	4	1	2	2	1	5	-2.77898	-3.65738	-4.2031	-4.13251
1021	9	25	2	10	22	3	6	-4.45445	-7.59741	-5.807	-4.35761
1022	2	4	1	2	2	1	5	-2.77898	-3.65738	-4.2031	-4.13251
1023	2	1	12	3	2	1	5	-2.65363	-2.1382	-3.69529	-4.87986
1024	2	1	5	3	2	5	5	-5.88106	-2.85925	-4.14846	-5.59545
1025	2	4	1	2	2	1	5	-2.77898	-3.65738	-4.2031	-4.13251
1026	2	1	12	3	2	1	5	-2.65363	-2.1382	-3.69529	-4.87986
1027	2	1	12	3	2	1	5	-2.65363	-2.1382	-3.69529	-4.87986
1028	10	1	16	19	10	5	7	-7.07418	-2.78024	-4.23096	-5.23716
1029	4	7	10	4	1	7	1	-1.81452	-3.78915	-2.60603	-1.93454
1030	2	4	1	2	2	1	5	-2.77898	-3.65738	-4.2031	-4.13251
1031	2	1	12	88	2	1	5	-3.98046	-3.45471	-5.69591	-5.34105
1032	2	1	21	3	2	1	5	-2.96006	-2.51272	-4.42673	-4.53389
1033	1	2	3	4	5	9	3	-4.80067	-2.52017	-3.66835	-5.00726
1034	8	10	2	2	11	12	6	-3.95526	-7.08419	-7.94651	-7.19114
1035	2	1	12	88	2	1	5	-3.98046	-3.45471	-5.69591	-5.34105
1036	33	39	30	82	104	173	68	-5.47943	-4.0119	-6.58578	-7.69178
1037	1	2	3	4	5	9	3	-4.80067	-2.52017	-3.66835	-5.00726
1038	9	25	2	10	22	3	6	-4.45445	-7.59741	-5.807	-4.35761
1039	2	4	1	2	2	1	5	-2.77898	-3.65738	-4.2031	-4.13251
1040	8	10	2	2	11	12	6	-3.95526	-7.08419	-7.94651	-7.19114
1041	1	2	4	62	4	5	17	-6.17821	-4.87934	-7.44217	-8.49517
1042	10	1	16	19	10	5	7	-7.07418	-2.78024	-4.23096	-5.23716
1043	33	39	30	82	104	173	68	-5.47943	-4.0119	-6.58578	-7.69178
1044	2	4	1	2	2	1	5	-2.77898	-3.65738	-4.2031	-4.13251
1045	8	10	2	2	11	12	6	-3.95526	-7.08419	-7.94651	-7.19114
1046	2	1	5	3	2	5	5	-5.88106	-2.85925	-4.14846	-5.59545
1047	47	2	4	2	6	5	17	-10.2105	-10.1798	-6.29175	-8.79475
1048	1	2	3	4	5	9	3	-4.80067	-2.52017	-3.66835	-5.00726
1049	4	7	10	4	1	7	1	-1.81452	-3.78915	-2.60603	-1.93454
1050	2	1	5	3	2	3	5	-4.28271	-3.27934	-5.39365	-4.79412
1051	2	4	2	2	6	1	5	-6.15257	-4.85964	-6.01184	-7.93521
1052	2	4	1	2	2	1	5	-2.77898	-3.65738	-4.2031	-4.13251
1053	8	10	149	2	11	12	6	-4.92825	-4.00224	-5.72024	-7.22673
1054	9	25	2	10	22	3	6	-4.45445	-7.59741	-5.807	-4.35761
1055	2	4	1	2	2	1	5	-2.77898	-3.65738	-4.2031	-4.13251
1056	1	2	3	4	5	9	3	-4.80067	-2.52017	-3.66835	-5.00726
1057	2	1	12	3	2	1	5	-2.65363	-2.1382	-3.69529	-4.87986
1058	4	7	10	4	42	51	1	-2.92638	-4.63045	-4.84541	-3.80528
1059	2	4	1	2	2	1	5	-2.77898	-3.65738	-4.2031	-4.13251
1060	2	1	1	3	2	1	5	-4.66286	-3.81045	-6.35561	-7.23156
1061	2	4	1	2	7	1	5	-2.30595	-5.47252	-6.10257	-5.16686
1062	8	10	2	2	11	12	6	-3.95526	-7.08419	-7.94651	-7.19114
1063	2	4	1	2	2	1	5	-2.77898	-3.65738	-4.2031	-4.13251
1064	9	2	4	62	4	5	6	-3.7203	-5.19631	-5.94397	-6.74228
1065	2	4	1	2	2	1	5	-2.77898	-3.65738	-4.2031	-4.13251
1066	4	7	10	4	1	7	1	-1.81452	-3.78915	-2.60603	-1.93454
1067	8	10	2	2	11	12	6	-3.95526	-7.08419	-7.94651	-7.19114
1068	2	4	2	2	6	1	5	-6.15257	-4.85964	-6.01184	-7.93521
1069	2	4	2	2	6	1	5	-6.15257	-4.85964	-6.01184	-7.93521
1070	2	4	2	2	6	1	5	-6.15257	-4.85964	-6.01184	-7.93521
1071	2	4	2	2	6	1	5	-6.15257	-4.85964	-6.01184	-7.93521
1072	2	4	1	2	2	1	5	-2.77898	-3.65738	-4.2031	-4.13251
1073	2	4	1	2	2	1	5	-2.77898	-3.65738	-4.2031	-4.13251
1074	2	1	12	3	2	1	5	-2.65363	-2.1382	-3.69529	-4.87986
1075	2	4	1	2	7	1	5	-2.30595	-5.47252	-6.10257	-5.16686
1076	4	7	10	4	42	51	1	-2.92638	-4.63045	-4.84541	-3.80528
1077	2	4	1	2	2	1	5	-2.77898	-3.65738	-4.2031	-4.13251
1078	8	10	2	2	11	12	6	-3.95526	-7.08419	-7.94651	-7.19114
1079	1	2	3	4	5	9	3	-4.80067	-2.52017	-3.66835	-5.00726
1080	1	2	3	4	5	9	3	-4.80067	-2.52017	-3.66835	-5.00726
1081	10	1	16	19	10	5	7	-7.07418	-2.78024	-4.23096	-5.23716
1082	8	10	2	2	11	12	6	-3.95526	-7.08419	-7.94651	-7.19114
1083	4	7	10	4	1	7	1	-1.81452	-3.78915	-2.60603	-1.93454
1084	2	4	1	2	2	1	5	-2.77898	-3.65738	-4.2031	-4.13251
1085	2	4	1	2	7	1	5	-2.30595	-5.47252	-6.10257	-5.16686
1086	2	1	21	3	2	1	5	-2.96006	-2.51272	-4.42673	-4.53389
1087	2	1	12	3	2	1	5	-2.65363	-2.1382	-3.69529	-4.87986
1088	2	4	2	4	19	3	6	-5.79831	-8.96806	-9.78929	-9.02596
1089	8	10	149	2	11	12	6	-4.92825	-4.00224	-5.72024	-7.22673
1090	8	10	2	2	11	12	6	-3.95526	-7.08419	-7.94651	-7.19114
1091	2	1	12	3	2	1	5	-2.65363	-2.1382	-3.69529	-4.87986
1092	2	1	12	3	2	1	5	-2.65363	-2.1382	-3.69529	-4.87986
1093	2	1	5	3	2	3	5	-4.28271	-3.27934	-5.39365	-4.79412
1094	184	39	30	82	113	43	17	-3.95605	-6.07701	-7.68312	-7.1601
1095	2	1	12	3	2	1	5	-2.65363	-2.1382	-3.69529	-4.87986
1096	2	4	1	2	2	1	5	-2.77898	-3.65738	-4.2031	-4.13251
1097	4	7	10	4	1	7	1	-1.81452	-3.78915	-2.60603	-1.93454
1098	8	10	2	2	11	12	6	-3.95526	-7.08419	-7.94651	-7.19114
1099	4	7	10	4	1	7	1	-1.81452	-3.78915	-2.60603	-1.93454
1100	4	7	10	4	42	51	1	-2.92638	-4.63045	-4.84541	-3.80528
1101	9	25	2	10	22	3	6	-4.45445	-7.59741	-5.807	-4.35761
1102	9	2	4	62	4	5	6	-3.7203	-5.19631	-5.94397	-6.74228
1103	4	7	10	4	1	7	1	-1.81452	-3.78915	-2.60603	-1.93454
1104	2	4	1	2	7	1	5	-2.30595	-5.47252	-6.10257	-5.16686
1105	4	7	10	4	1	7	1	-1.81452	-3.78915	-2.60603	-1.93454
1106	8	10	2	2	11	12	6	-3.95526	-7.08419	-7.94651	-7.19114
1107	2	4	1	2	2	1	5	-2.77898	-3.65738	-4.2031	-4.13251
1108	4	7	10	4	42	51	1	-2.92638	-4.63045	-4.84541	-3.80528
1109	1	2	3	4	5	9	3	-4.80067	-2.52017	-3.66835	-5.00726
1110	2	1	12	3	2	1	5	-2.65363	-2.1382	-3.69529	-4.87986
1111	2	4	1	2	2	1	5	-2.77898	-3.65738	-4.2031	-4.13251
1112	10	81	50	99	120	76	52	-6.62349	-6.4241	-5.29632	-5.17453
1113	2	4	1	2	2	1	5	-2.77898	-3.65738	-4.2031	-4.13251
1114	4	7	10	4	42	51	1	-2.92638	-4.63045	-4.84541	-3.80528
1115	4	7	10	4	42	51	1	-2.92638	-4.63045	-4.84541	-3.80528
1116	4	7	10	4	1	7	1	-1.81452	-3.78915	-2.60603	-1.93454
1117	3	1	5	10	11	11	6	-11.3062	-6.50138	-9.12037	-10.5989
1118	10	81	50	99	120	76	52	-6.62349	-6.4241	-5.29632	-5.17453
1119	2	4	1	2	2	1	5	-2.77898	-3.65738	-4.2031	-4.13251
1120	4	7	10	4	1	7	1	-1.81452	-3.78915	-2.60603	-1.93454
1121	4	7	10	4	1	7	1	-1.81452	-3.78915	-2.60603	-1.93454
1122	4	7	10	4	42	51	1	-2.92638	-4.63045	-4.84541	-3.80528
1123	2	1	12	3	2	1	5	-2.65363	-2.1382	-3.69529	-4.87986
1124	2	4	1	2	2	1	5	-2.77898	-3.65738	-4.2031	-4.13251
1125	2	1	1	3	2	1	5	-4.66286	-3.81045	-6.35561	-7.23156
1126	2	4	1	2	2	1	5	-2.77898	-3.65738	-4.2031	-4.13251
1127	2	4	1	2	2	1	5	-2.77898	-3.65738	-4.2031	-4.13251
1128	2	4	1	2	2	1	5	-2.77898	-3.65738	-4.2031	-4.13251
1129	2	4	1	2	2	1	5	-2.77898	-3.65738	-4.2031	-4.13251
1130	1	2	3	4	5	9	3	-4.80067	-2.52017	-3.66835	-5.00726
1131	8	10	2	2	11	12	6	-3.95526	-7.08419	-7.94651	-7.19114
1132	2	1	21	3	2	1	5	-2.96006	-2.51272	-4.42673	-4.53389
1133	2	4	1	2	2	1	5	-2.77898	-3.65738	-4.2031	-4.13251
1134	2	1	21	3	2	1	5	-2.96006	-2.51272	-4.42673	-4.53389
1135	2	1	21	3	2	1	5	-2.96006	-2.51272	-4.42673	-4.53389
1136	2	4	1	2	2	1	5	-2.77898	-3.65738	-4.2031	-4.13251
1137	1	2	3	4	5	9	3	-4.80067	-2.52017	-3.66835	-5.00726
1138	10	1	16	19	10	5	7	-7.07418	-2.78024	-4.23096	-5.23716
1139	2	1	12	3	2	1	5	-2.65363	-2.1382	-3.69529	-4.87986
1140	7	21	5	62	4	61	44	-8.47515	-3.86585	-5.69158	-7.60308
1141	2	4	1	2	2	1	5	-2.77898	-3.65738	-4.2031	-4.13251
1142	2	1	12	3	2	1	5	-2.65363	-2.1382	-3.69529	-4.87986
1143	2	4	1	2	7	1	5	-2.30595	-5.47252	-6.10257	-5.16686
1144	2	1	5	3	2	3	5	-4.28271	-3.27934	-5.39365	-4.79412
1145	2	1	21	3	2	1	5	-2.96006	-2.51272	-4.42673	-4.53389
1146	2	1	21	3	2	1	5	-2.96006	-2.51272	-4.42673	-4.53389
1147	2	1	21	3	2	1	5	-2.96006	-2.51272	-4.42673	-4.53389
1148	2	1	21	3	2	1	5	-2.96006	-2.51272	-4.42673	-4.53389
1149	2	1	12	3	2	1	5	-2.65363	-2.1382	-3.69529	-4.87986
1150	8	10	2	2	11	12	6	-3.95526	-7.08419	-7.94651	-7.19114
1151	129	66	30	82	189	47	17	-3.24554	-4.87624	-5.4391	-4.15131
1152	1	307	3	4	5	9	3	-6.85395	-6.44735	-6.21536	-8.43635
1153	8	10	2	2	11	12	6	-3.95526	-7.08419	-7.94651	-7.19114
1154	2	4	2	2	6	1	5	-6.15257	-4.85964	-6.01184	-7.93521
1155	1	4	2	2	6	3	17	-4.84161	-2.48121	-4.57699	-5.59199
1156	2	4	1	2	2	1	5	-2.77898	-3.65738	-4.2031	-4.13251
1157	8	10	2	2	11	12	6	-3.95526	-7.08419	-7.94651	-7.19114
1158	2	4	2	2	6	1	5	-6.15257	-4.85964	-6.01184	-7.93521
1159	2	1	21	3	2	1	5	-2.96006	-2.51272	-4.42673	-4.53389
1160	2	4	5	2	2	5	5	-3.67145	-6.8276	-7.03976	-5.8835
1161	7	21	5	62	4	61	44	-8.47515	-3.86585	-5.69158	-7.60308
1162	2	1	12	3	2	1	5	-2.65363	-2.1382	-3.69529	-4.87986
1163	10	27	16	19	10	5	7	-21.7668	-12.7125	-15.8653	-17.4739
1164	33	283	44	82	189	44	17	-7.92348	-3.50639	-5.42071	-6.02673
1165	9	25	2	10	22	3	6	-4.45445	-7.59741	-5.807	-4.35761
1166	7	21	5	62	4	61	44	-8.47515	-3.86585	-5.69158	-7.60308
1167	2	1	5	3	2	3	5	-4.28271	-3.27934	-5.39365	-4.79412
1168	2	1	5	3	2	3	5	-4.28271	-3.27934	-5.39365	-4.79412
1169	9	25	2	10	22	3	6	-4.45445	-7.59741	-5.807	-4.35761
1170	2	1	5	3	2	3	5	-4.28271	-3.27934	-5.39365	-4.79412
1171	2	4	1	2	2	1	5	-2.77898	-3.65738	-4.2031	-4.13251
1172	129	66	30	82	189	47	17	-3.24554	-4.87624	-5.4391	-4.15131
1173	2	4	1	2	2	1	5	-2.77898	-3.65738	-4.2031	-4.13251
1174	2	1	5	3	2	3	5	-4.28271	-3.27934	-5.39365	-4.79412
1175	2	1	12	3	2	1	5	-2.65363	-2.1382	-3.69529	-4.87986
1176	2	4	1	2	2	1	5	-2.77898	-3.65738	-4.2031	-4.13251
1177	1	4	2	2	6	3	17	-4.84161	-2.48121	-4.57699	-5.59199
1178	2	1	12	3	2	1	5	-2.65363	-2.1382	-3.69529	-4.87986
1179	1	4	2	2	446	3	17	-9.10568	-6.9995	-6.52999	-8.90197
1180	2	1	5	88	2	11	5	-9.51079	-5.37666	-6.11941	-8.38679
1181	2	4	2	2	6	1	5	-6.15257	-4.85964	-6.01184	-7.93521
1182	9	25	2	10	22	3	6	-4.45445	-7.59741	-5.807	-4.35761
1183	2	1	5	3	2	3	5	-4.28271	-3.27934	-5.39365	-4.79412
1184	7	21	5	62	4	61	44	-8.47515	-3.86585	-5.69158	-7.60308
1185	1	2	3	4	5	9	3	-4.80067	-2.52017	-3.66835	-5.00726
1186	2	4	1	2	2	1	5	-2.77898	-3.65738	-4.2031	-4.13251
1187	7	21	5	62	4	61	44	-8.47515	-3.86585	-5.69158	-7.60308
1188	33	39	30	82	104	173	68	-5.47943	-4.0119	-6.58578	-7.69178
1189	1	4	2	2	6	3	17	-4.84161	-2.48121	-4.57699	-5.59199
1190	2	1	21	3	2	1	5	-2.96006	-2.51272	-4.42673	-4.53389
1191	4	7	10	4	1	7	1	-1.81452	-3.78915	-2.60603	-1.93454
1192	2	1	5	3	2	5	5	-5.88106	-2.85925	-4.14846	-5.59545
1193	1	4	2	2	6	3	17	-4.84161	-2.48121	-4.57699	-5.59199
1194	2	4	1	2	2	1	5	-2.77898	-3.65738	-4.2031	-4.13251
1195	2	4	1	2	2	1	5	-2.77898	-3.65738	-4.2031	-4.13251
1196	2	1	12	3	2	1	5	-2.65363	-2.1382	-3.69529	-4.87986
1197	2	1	6	3	2	3	5	-7.52901	-7.79156	-7.12101	-7.68107
1198	4	7	10	4	1	7	1	-1.81452	-3.78915	-2.60603	-1.93454
1199	2	4	1	2	7	1	5	-2.30595	-5.47252	-6.10257	-5.16686
1200	2	1	1	3	2	1	5	-4.66286	-3.81045	-6.35561	-7.23156
1201	2	4	1	2	2	1	5	-2.77898	-3.65738	-4.2031	-4.13251
1202	7	2	5	2	10	3	6	-31.3671	-26.826	-28.4593	-28.4011
1203	2	1	21	3	2	1	5	-2.96006	-2.51272	-4.42673	-4.53389
1204	2	4	1	2	7	1	5	-2.30595	-5.47252	-6.10257	-5.16686
1205	4	7	10	4	1	7	1	-1.81452	-3.78915	-2.60603	-1.93454
1206	2	4	1	2	7	1	5	-2.30595	-5.47252	-6.10257	-5.16686
1207	2	4	1	2	2	1	5	-2.77898	-3.65738	-4.2031	-4.13251
1208	1	4	2	2	6	3	17	-4.84161	-2.48121	-4.57699	-5.59199
1209	2	4	1	2	2	1	5	-2.77898	-3.65738	-4.2031	-4.13251
1210	2	4	1	2	2	1	5	-2.77898	-3.65738	-4.2031	-4.13251
1211	74	10	2	2	11	12	6	-8.22247	-11.6363	-9.92019	-10.5146
1212	1	2	3	4	5	9	3	-4.80067	-2.52017	-3.66835	-5.00726
1213	2	1	5	3	2	3	5	-4.28271	-3.27934	-5.39365	-4.79412
1214	4	7	10	4	1	7	1	-1.81452	-3.78915	-2.60603	-1.93454
1215	2	4	2	2	6	1	5	-6.15257	-4.85964	-6.01184	-7.93521
1216	2	1	12	3	2	1	5	-2.65363	-2.1382	-3.69529	-4.87986
1217	2	1	21	3	2	1	5	-2.96006	-2.51272	-4.42673	-4.53389
1218	2	4	1	2	2	1	5	-2.77898	-3.65738	-4.2031	-4.13251
1219	2	1	21	3	2	1	5	-2.96006	-2.51272	-4.42673	-4.53389
1220	4	7	10	4	1	7	1	-1.81452	-3.78915	-2.60603	-1.93454
1221	2	1	21	3	2	1	5	-2.96006	-2.51272	-4.42673	-4.53389
1222	2	4	1	2	2	1	5	-2.77898	-3.65738	-4.2031	-4.13251
1223	4	7	10	4	1	7	1	-1.81452	-3.78915	-2.60603	-1.93454
1224	2	4	1	2	2	1	5	-2.77898	-3.65738	-4.2031	-4.13251
1225	4	7	10	4	1	7	1	-1.81452	-3.78915	-2.60603	-1.93454
1226	4	7	10	4	42	51	1	-2.92638	-4.63045	-4.84541	-3.80528
1227	4	7	10	4	42	7	1	-6.46378	-9.06899	-5.51454	-4.65046
1228	2	4	1	2	2	1	5	-2.77898	-3.65738	-4.2031	-4.13251
1229	2	1	5	3	2	3	5	-4.28271	-3.27934	-5.39365	-4.79412
1230	10	81	50	99	120	76	52	-6.62349	-6.4241	-5.29632	-5.17453
1231	2	4	1	2	7	1	5	-2.30595	-5.47252	-6.10257	-5.16686
1232	2	4	1	2	7	1	5	-2.30595	-5.47252	-6.10257	-5.16686
1233	4	7	10	4	1	7	1	-1.81452	-3.78915	-2.60603	-1.93454
1234	1	4	2	2	6	3	17	-4.84161	-2.48121	-4.57699	-5.59199
1235	4	7	10	4	1	7	1	-1.81452	-3.78915	-2.60603	-1.93454
1236	2	4	1	2	2	1	5	-2.77898	-3.65738	-4.2031	-4.13251
1237	4	7	10	4	1	7	1	-1.81452	-3.78915	-2.60603	-1.93454
1238	4	7	10	4	42	51	1	-2.92638	-4.63045	-4.84541	-3.80528
1239	1	307	3	4	5	9	3	-6.85395	-6.44735	-6.21536	-8.43635
1240	2	4	2	2	6	1	5	-6.15257	-4.85964	-6.01184	-7.93521
1241	8	10	149	2	11	12	6	-4.92825	-4.00224	-5.72024	-7.22673
1242	2	1	12	3	2	1	5	-2.65363	-2.1382	-3.69529	-4.87986
1243	2	4	1	2	2	1	5	-2.77898	-3.65738	-4.2031	-4.13251
1244	2	4	1	2	2	1	5	-2.77898	-3.65738	-4.2031	-4.13251
1245	2	4	1	2	2	1	5	-2.77898	-3.65738	-4.2031	-4.13251
1246	4	7	10	4	42	51	1	-2.92638	-4.63045	-4.84541	-3.80528
1247	2	4	1	2	2	1	5	-2.77898	-3.65738	-4.2031	-4.13251
1248	2	4	1	2	2	1	5	-2.77898	-3.65738	-4.2031	-4.13251
1249	2	1	12	88	2	1	5	-3.98046	-3.45471	-5.69591	-5.34105
1250	1	4	2	2	6	3	17	-4.84161	-2.48121	-4.57699	-5.59199
1251	9	2	4	62	4	5	6	-3.7203	-5.19631	-5.94397	-6.74228
1252	2	4	1	2	7	1	5	-2.30595	-5.47252	-6.10257	-5.16686
1253	2	4	5	2	2	5	5	-3.67145	-6.8276	-7.03976	-5.8835
1254	2	1	21	3	2	1	5	-2.96006	-2.51272	-4.42673	-4.53389
1255	1	4	2	2	6	3	17	-4.84161	-2.48121	-4.57699	-5.59199
1256	2	1	21	3	2	1	5	-2.96006	-2.51272	-4.42673	-4.53389
1257	2	4	1	2	2	5	5	-6.83824	-6.42182	-8.8356	-9.53664
1258	2	1	12	3	2	1	5	-2.65363	-2.1382	-3.69529	-4.87986
1259	2	4	2	2	6	1	5	-6.15257	-4.85964	-6.01184	-7.93521
1260	2	4	1	2	2	1	5	-2.77898	-3.65738	-4.2031	-4.13251
1261	2	4	1	2	2	1	5	-2.77898	-3.65738	-4.2031	-4.13251
1262	1	307	3	4	5	9	3	-6.85395	-6.44735	-6.21536	-8.43635
1263	9	25	2	10	22	3	6	-4.45445	-7.59741	-5.807	-4.35761
1264	2	1	1	380	2	1	5	-6.1877	-5.75948	-8.26254	-8.94566
1265	2	4	1	2	2	1	5	-2.77898	-3.65738	-4.2031	-4.13251
1266	2	4	1	2	2	1	5	-2.77898	-3.65738	-4.2031	-4.13251
1267	2	1	12	3	2	1	5	-2.65363	-2.1382	-3.69529	-4.87986
1268	1	2	3	4	5	9	3	-4.80067	-2.52017	-3.66835	-5.00726
1269	2	4	1	2	2	1	5	-2.77898	-3.65738	-4.2031	-4.13251
1270	2	4	1	2	2	1	5	-2.77898	-3.65738	-4.2031	-4.13251
1271	2	4	1	2	2	1	5	-2.77898	-3.65738	-4.2031	-4.13251
1272	1	2	3	4	5	9	3	-4.80067	-2.52017	-3.66835	-5.00726
1273	9	2	2	212	309	253	147	-27.8788	-28.754	-19.6182	-24.3704
1274	2	1	21	3	2	1	5	-2.96006	-2.51272	-4.42673	-4.53389
1275	47	2	4	2	6	5	17	-10.2105	-10.1798	-6.29175	-8.79475
1276	1	2	3	4	5	9	3	-4.80067	-2.52017	-3.66835	-5.00726
1277	2	4	1	2	2	1	5	-2.77898	-3.65738	-4.2031	-4.13251
1278	2	4	1	2	2	1	5	-2.77898	-3.65738	-4.2031	-4.13251
1279	9	2	4	62	4	5	6	-3.7203	-5.19631	-5.94397	-6.74228
1280	2	1	12	3	2	1	5	-2.65363	-2.1382	-3.69529	-4.87986
1281	2	4	1	2	2	1	5	-2.77898	-3.65738	-4.2031	-4.13251
1282	2	4	1	2	7	1	5	-2.30595	-5.47252	-6.10257	-5.16686
1283	7	17	2	15	23	3	12	-6.90228	-10.0771	-10.8985	-10.1376
1284	2	1	1	3	2	1	5	-4.66286	-3.81045	-6.35561	-7.23156
1285	2	1	12	3	2	1	5	-2.65363	-2.1382	-3.69529	-4.87986
1286	2	4	1	2	2	1	5	-2.77898	-3.65738	-4.2031	-4.13251
1287	2	1	5	3	2	3	5	-4.28271	-3.27934	-5.39365	-4.79412
1288	2	4	1	2	2	1	5	-2.77898	-3.65738	-4.2031	-4.13251
1289	2	4	1	2	2	1	5	-2.77898	-3.65738	-4.2031	-4.13251
1290	1	4	2	2	6	3	17	-4.84161	-2.48121	-4.57699	-5.59199
1291	2	1	2	3	2	3	5	-3.75831	-6.83545	-7.7406	-6.98323
1292	2	1	5	3	2	3	5	-4.28271	-3.27934	-5.39365	-4.79412
1293	1	2	3	3	5	9	3	-11.7366	-7.84313	-9.92105	-12.0176
1294	4	7	10	4	42	51	1	-2.92638	-4.63045	-4.84541	-3.80528
1295	1	4	2	2	6	3	17	-4.84161	-2.48121	-4.57699	-5.59199
1296	2	1	5	3	2	3	5	-4.28271	-3.27934	-5.39365	-4.79412
1297	4	7	10	4	1	7	1	-1.81452	-3.78915	-2.60603	-1.93454
1298	2	4	1	2	2	1	5	-2.77898	-3.65738	-4.2031	-4.13251
1299	4	7	10	4	1	7	1	-1.81452	-3.78915	-2.60603	-1.93454
1300	2	1	21	3	2	1	5	-2.96006	-2.51272	-4.42673	-4.53389
1301	2	4	1	2	2	1	5	-2.77898	-3.65738	-4.2031	-4.13251
1302	4	7	10	4	1	7	1	-1.81452	-3.78915	-2.60603	-1.93454
1303	2	4	1	2	2	1	5	-2.77898	-3.65738	-4.2031	-4.13251
1304	2	1	5	3	2	5	5	-5.88106	-2.85925	-4.14846	-5.59545
1305	2	4	1	2	2	1	5	-2.77898	-3.65738	-4.2031	-4.13251
1306	2	1	21	3	2	1	5	-2.96006	-2.51272	-4.42673	-4.53389
1307	2	1	5	3	2	5	5	-5.88106	-2.85925	-4.14846	-5.59545
1308	1	4	2	2	6	3	17	-4.84161	-2.48121	-4.57699	-5.59199
1309	1	4	2	2	6	3	17	-4.84161	-2.48121	-4.57699	-5.59199
1310	2	1	5	3	2	3	5	-4.28271	-3.27934	-5.39365	-4.79412
1311	1	4	2	2	6	3	17	-4.84161	-2.48121	-4.57699	-5.59199
1312	2	4	1	2	2	1	5	-2.77898	-3.65738	-4.2031	-4.13251
1313	2	1	12	88	2	1	5	-3.98046	-3.45471	-5.69591	-5.34105
1314	2	1	5	3	2	3	5	-4.28271	-3.27934	-5.39365	-4.79412
1315	2	4	5	2	2	1	5	-6.16314	-8.85054	-9.25796	-9.15716
1316	2	4	1	2	2	1	5	-2.77898	-3.65738	-4.2031	-4.13251
1317	1	4	2	2	6	3	17	-4.84161	-2.48121	-4.57699	-5.59199
1318	2	1	21	3	2	1	5	-2.96006	-2.51272	-4.42673	-4.53389
1319	4	7	10	4	1	7	1	-1.81452	-3.78915	-2.60603	-1.93454
1320	1	2	3	4	5	9	3	-4.80067	-2.52017	-3.66835	-5.00726
1321	2	4	1	2	7	1	5	-2.30595	-5.47252	-6.10257	-5.16686
1322	4	7	10	4	1	7	1	-1.81452	-3.78915	-2.60603	-1.93454
1323	4	7	10	4	1	7	1	-1.81452	-3.78915	-2.60603	-1.93454
1324	1	4	2	2	6	3	17	-4.84161	-2.48121	-4.57699	-5.59199
1325	2	4	1	2	7	1	5	-2.30595	-5.47252	-6.10257	-5.16686
1326	4	7	10	4	1	7	1	-1.81452	-3.78915	-2.60603	-1.93454
1327	8	10	2	2	11	12	6	-3.95526	-7.08419	-7.94651	-7.19114
1328	969	7	10	4	1	7	1	-6.00524	-8.31776	-4.579	-5.25851
1329	4	7	10	4	1	7	1	-1.81452	-3.78915	-2.60603	-1.93454
1330	10	27	16	942	10	5	7	-26.034	-17.2654	-17.8393	-20.7971
1331	10	27	16	941	10	5	7	-26.034	-17.2654	-17.8393	-20.7971
1332	4	7	10	4	1	7	1	-1.81452	-3.78915	-2.60603	-1.93454
1333	4	7	10	4	1	7	1	-1.81452	-3.78915	-2.60603	-1.93454
1334	129	66	30	82	189	47	17	-3.24554	-4.87624	-5.4391	-4.15131
1335	4	7	10	4	1	7	1	-1.81452	-3.78915	-2.60603	-1.93454
1336	4	7	10	4	1	7	1	-1.81452	-3.78915	-2.60603	-1.93454
1337	2	4	1	2	2	1	5	-2.77898	-3.65738	-4.2031	-4.13251
1338	2	1	2	3	2	3	5	-3.75831	-6.83545	-7.7406	-6.98323
1339	10	27	16	19	10	5	7	-21.7668	-12.7125	-15.8653	-17.4739
1340	2	4	1	2	2	1	5	-2.77898	-3.65738	-4.2031	-4.13251
1341	33	39	30	82	104	173	68	-5.47943	-4.0119	-6.58578	-7.69178
1342	1	4	2	2	6	3	17	-4.84161	-2.48121	-4.57699	-5.59199
1343	2	1	5	3	2	5	5	-5.88106	-2.85925	-4.14846	-5.59545
1344	2	1	12	3	2	1	5	-2.65363	-2.1382	-3.69529	-4.87986
1345	8	10	2	2	11	12	6	-3.95526	-7.08419	-7.94651	-7.19114
1346	2	1	1	3	2	1	5	-4.66286	-3.81045	-6.35561	-7.23156
1347	1	4	2	2	6	3	17	-4.84161	-2.48121	-4.57699	-5.59199
1348	7	2	2	2	11	12	6	-4.50188	-7.6762	-8.49767	-7.73748
1349	9	2	4	62	4	5	6	-3.7203	-5.19631	-5.94397	-6.74228
1350	2	1	21	3	2	1	5	-2.96006	-2.51272	-4.42673	-4.53389
1351	9	7	10	4	1	7	1	-10.0608	-12.0237	-11.1596	-9.85213
1352	2	1	12	3	920	1	5	-6.92215	-6.68313	-5.66686	-8.20117
1353	239	27	16	19	10	5	7	-11.3082	-6.50474	-9.12471	-10.6026
1354	7	17	2	15	23	3	12	-6.90228	-10.0771	-10.8985	-10.1376
1355	1	4	2	2	6	3	17	-4.84161	-2.48121	-4.57699	-5.59199
1356	1	6	60	24	12	28	1	-29.8375	-32.4498	-16.5723	-22.1922
1357	2	4	5	2	10	1	5	-6.89349	-10.0536	-10.8804	-10.1246
1358	10	81	50	99	120	76	52	-6.62349	-6.4241	-5.29632	-5.17453
1359	4	7	10	4	1	7	1	-1.81452	-3.78915	-2.60603	-1.93454
1360	2	1	5	3	2	5	5	-5.88106	-2.85925	-4.14846	-5.59545
1361	4	7	10	1	1	7	1	-5.26268	-8.28256	-6.04081	-6.13037
1362	2	4	5	2	10	1	5	-6.89349	-10.0536	-10.8804	-10.1246
1363	2	1	21	3	2	1	5	-2.96006	-2.51272	-4.42673	-4.53389
1364	2	1	21	3	2	1	5	-2.96006	-2.51272	-4.42673	-4.53389
1365	2	4	1	2	2	1	5	-2.77898	-3.65738	-4.2031	-4.13251
1366	2	4	2	2	6	1	5	-6.15257	-4.85964	-6.01184	-7.93521
1367	2	4	1	2	7	1	5	-2.30595	-5.47252	-6.10257	-5.16686
1368	2	4	1	2	2	1	5	-2.77898	-3.65738	-4.2031	-4.13251
1369	2	4	1	2	2	1	5	-2.77898	-3.65738	-4.2031	-4.13251
1370	4	7	10	4	1	7	1	-1.81452	-3.78915	-2.60603	-1.93454
1371	4	7	10	4	42	51	1	-2.92638	-4.63045	-4.84541	-3.80528
1372	2	1	5	3	2	3	5	-4.28271	-3.27934	-5.39365	-4.79412
1373	2	1	12	3	2	1	5	-2.65363	-2.1382	-3.69529	-4.87986
1374	2	1	1	3	2	1	5	-4.66286	-3.81045	-6.35561	-7.23156
1375	2	4	1	2	2	1	5	-2.77898	-3.65738	-4.2031	-4.13251
1376	4	7	10	4	1	7	1	-1.81452	-3.78915	-2.60603	-1.93454
1377	10	1	16	19	10	5	7	-7.07418	-2.78024	-4.23096	-5.23716
1378	2	4	1	2	7	1	5	-2.30595	-5.47252	-6.10257	-5.16686
1379	2	4	1	2	2	1	5	-2.77898	-3.65738	-4.2031	-4.13251
1380	10	81	50	99	120	76	52	-6.62349	-6.4241	-5.29632	-5.17453
1381	2	1	12	3	2	1	5	-2.65363	-2.1382	-3.69529	-4.87986
1382	2	4	1	2	2	1	5	-2.77898	-3.65738	-4.2031	-4.13251
1383	2	4	1	2	7	1	5	-2.30595	-5.47252	-6.10257	-5.16686
1384	1	2	3	4	5	9	3	-4.80067	-2.52017	-3.66835	-5.00726
1385	8	10	2	2	11	12	6	-3.95526	-7.08419	-7.94651	-7.19114
1386	1	4	2	2	6	3	17	-4.84161	-2.48121	-4.57699	-5.59199
1387	2	4	1	2	2	1	5	-2.77898	-3.65738	-4.2031	-4.13251
1388	2	4	1	2	2	1	5	-2.77898	-3.65738	-4.2031	-4.13251
1389	10	7	10	4	1	7	1	-12.3775	-10.6316	-9.79955	-8.94564
1390	2	1	21	3	2	1	5	-2.96006	-2.51272	-4.42673	-4.53389
1391	2	1	21	3	2	1	5	-2.96006	-2.51272	-4.42673	-4.53389
1392	10	1	16	19	10	5	7	-7.07418	-2.78024	-4.23096	-5.23716
1393	2	1	5	3	2	3	5	-4.28271	-3.27934	-5.39365	-4.79412
1394	2	1	5	3	2	3	5	-4.28271	-3.27934	-5.39365	-4.79412
1395	2	4	1	2	2	5	5	-6.83824	-6.42182	-8.8356	-9.53664
1396	2	4	1	2	7	1	5	-2.30595	-5.47252	-6.10257	-5.16686
1397	10	1	16	19	10	5	7	-7.07418	-2.78024	-4.23096	-5.23716
1398	2	4	1	2	7	1	5	-2.30595	-5.47252	-6.10257	-5.16686
1399	2	934	1	2	2	1	5	-6.96851	-8.20059	-6.17162	-7.4448
