Isolate	Loci0	Loci1	Loci2	Loci3	Loci4	Loci5	Loci6	Source0	Source1	Source2	Source3
0	1	2	3	4	5	9	3	-4.65526	-2.47235	-3.74901	-4.91032
1	4	7	10	4	1	7	1	-1.83298	-3.80549	-2.65309	-1.91533
2	2	4	1	2	2	1	5	-2.77788	-3.64913	-4.20127	-4.04495
3	2	4	1	2	2	1	5	-2.77788	-3.64913	-4.20127	-4.04495
4	9	25	2	10	22	3	6	-4.47706	-7.63641	-5.95271	-4.35312
5	4	7	10	4	1	7	1	-1.83298	-3.80549	-2.65309	-1.91533
6	4	7	10	4	1	7	1	-1.83298	-3.80549	-2.65309	-1.91533
7	4	7	10	4	42	51	1	-2.93136	-4.6431	-4.86672	-3.76968
8	2	4	1	2	2	1	5	-2.77788	-3.64913	-4.20127	-4.04495
9	10	81	50	99	120	76	52	-6.72257	-6.37343	-5.34553	-5.14891
10	2	1	21	3	2	1	5	-2.93484	-2.47933	-4.5589	-4.46941
11	2	1	21	3	2	1	5	-2.93484	-2.47933	-4.5589	-4.46941
12	9	25	2	10	22	3	6	-4.47706	-7.63641	-5.95271	-4.35312
13	2	1	21	3	2	1	5	-2.93484	-2.47933	-4.5589	-4.46941
14	10	27	16	19	10	5	7	-20.4631	-13.0493	-16.2944	-18.1188
15	2	4	1	2	2	1	5	-2.77788	-3.64913	-4.20127	-4.04495
16	2	4	1	2	2	1	5	-2.77788	-3.64913	-4.20127	-4.04495
17	9	2	4	62	4	5	6	-3.71567	-5.2167	-5.82003	-6.34197
18	9	53	2	53	11	3	3	-29.3378	-28.6311	-23.1582	-26.2024
19	2	4	1	2	2	1	5	-2.77788	-3.64913	-4.20127	-4.04495
20	2	4	1	2	2	1	5	-2.77788	-3.64913	-4.20127	-4.04495
21	4	7	10	4	1	7	1	-1.83298	-3.80549	-2.65309	-1.91533
22	2	4	1	2	2	1	5	-2.77788	-3.64913	-4.20127	-4.04495
23	1	4	2	2	6	3	17	-4.66413	-2.43324	-4.81561	-5.62928
24	4	7	10	4	1	7	1	-1.83298	-3.80549	-2.65309	-1.91533
25	2	1	21	3	2	1	5	-2.93484	-2.47933	-4.5589	-4.46941
26	8	10	2	2	11	12	6	-3.95367	-7.48686	-7.25545	-6.76719
27	2	4	2	2	6	1	5	-6.0937	-4.81981	-6.07275	-7.68151
28	2	1	12	3	2	1	5	-2.6254	-2.10681	-3.7654	-4.68835
29	2	4	1	2	2	1	5	-2.77788	-3.64913	-4.20127	-4.04495
30	4	7	10	4	1	7	1	-1.83298	-3.80549	-2.65309	-1.91533
31	10	1	16	19	10	5	7	-6.28483	-2.73052	-4.3596	-5.21461
32	1	2	3	4	5	9	3	-4.65526	-2.47235	-3.74901	-4.91032
33	2	4	1	2	2	1	5	-2.77788	-3.64913	-4.20127	-4.04495
34	2	4	1	2	2	1	5	-2.77788	-3.64913	-4.20127	-4.04495
35	2	4	1	2	2	1	5	-2.77788	-3.64913	-4.20127	-4.04495
36	4	7	10	4	1	7	1	-1.83298	-3.80549	-2.65309	-1.91533
37	129	66	30	82	189	47	17	-3.24907	-4.88262	-5.47627	-4.116
38	2	1	12	3	357	1	5	-6.15953	-6.47396	-5.51352	-7.8687
39	9	2	4	62	4	5	6	-3.71567	-5.2167	-5.82003	-6.34197
40	2	1	1	3	2	1	5	-4.62133	-3.77613	-6.62402	-7.13873
41	2	1	12	3	357	1	5	-6.15953	-6.47396	-5.51352	-7.8687
42	2	1	5	3	2	3	5	-4.24366	-3.23986	-5.67249	-4.79925
43	2	1	5	3	2	3	5	-4.24366	-3.23986	-5.67249	-4.79925
44	2	4	1	2	2	1	5	-2.77788	-3.64913	-4.20127	-4.04495
45	2	4	1	2	2	1	5	-2.77788	-3.64913	-4.20127	-4.04495
46	2	4	2	2	6	1	5	-6.0937	-4.81981	-6.07275	-7.68151
47	1	4	2	2	6	3	17	-4.66413	-2.43324	-4.81561	-5.62928
48	2	1	21	3	2	1	5	-2.93484	-2.47933	-4.5589	-4.46941
49	2	1	2	3	2	3	5	-3.75744	-7.24569	-7.05013	-6.5641
50	2	1	21	3	2	1	5	-2.93484	-2.47933	-4.5589	-4.46941
51	7	17	2	15	23	3	12	-6.90033	-10.4815	-10.2046	-9.71336
52	2	4	1	2	7	1	5	-2.30587	-5.87545	-5.52355	-4.86157
53	9	2	4	62	4	5	6	-3.71567	-5.2167	-5.82003	-6.34197
54	2	4	1	2	7	1	5	-2.30587	-5.87545	-5.52355	-4.86157
55	9	2	4	62	4	5	6	-3.71567	-5.2167	-5.82003	-6.34197
56	2	1	12	88	2	1	5	-3.95317	-3.41876	-5.91775	-5.30942
57	2	1	5	3	2	3	5	-4.24366	-3.23986	-5.67249	-4.79925
58	2	4	1	2	2	1	5	-2.77788	-3.64913	-4.20127	-4.04495
59	9	2	4	62	4	5	6	-3.71567	-5.2167	-5.82003	-6.34197
60	2	1	5	3	2	3	5	-4.24366	-3.23986	-5.67249	-4.79925
61	2	4	1	2	2	1	5	-2.77788	-3.64913	-4.20127	-4.04495
62	2	4	1	2	2	1	5	-2.77788	-3.64913	-4.20127	-4.04495
63	2	4	1	2	2	1	5	-2.77788	-3.64913	-4.20127	-4.04495
64	2	4	1	2	2	1	5	-2.77788	-3.64913	-4.20127	-4.04495
65	2	4	1	2	2	1	5	-2.77788	-3.64913	-4.20127	-4.04495
66	2	4	1	2	2	1	5	-2.77788	-3.64913	-4.20127	-4.04495
67	1	2	215	4	90	24	8	-28.9504	-29.0379	-18.6043	-22.7146
68	2	4	1	2	2	1	5	-2.77788	-3.64913	-4.20127	-4.04495
69	1	2	3	4	5	9	3	-4.65526	-2.47235	-3.74901	-4.91032
70	2	4	1	2	2	1	5	-2.77788	-3.64913	-4.20127	-4.04495
71	2	4	1	2	2	1	5	-2.77788	-3.64913	-4.20127	-4.04495
72	9	25	2	10	22	3	6	-4.47706	-7.63641	-5.95271	-4.35312
73	2	15	4	48	360	25	23	-6.73699	-8.85471	-5.74972	-4.91049
74	2	4	1	2	2	1	5	-2.77788	-3.64913	-4.20127	-4.04495
75	2	1	12	88	2	1	5	-3.95317	-3.41876	-5.91775	-5.30942
76	2	4	2	2	6	1	5	-6.0937	-4.81981	-6.07275	-7.68151
77	10	1	16	19	10	5	7	-6.28483	-2.73052	-4.3596	-5.21461
78	2	4	1	2	2	1	5	-2.77788	-3.64913	-4.20127	-4.04495
79	2	1	12	3	2	1	5	-2.6254	-2.10681	-3.7654	-4.68835
80	2	4	1	2	2	1	5	-2.77788	-3.64913	-4.20127	-4.04495
81	2	4	1	2	2	1	5	-2.77788	-3.64913	-4.20127	-4.04495
82	1	4	2	2	6	3	17	-4.66413	-2.43324	-4.81561	-5.62928
83	10	1	16	19	10	5	7	-6.28483	-2.73052	-4.3596	-5.21461
84	8	10	149	2	11	12	6	-4.88214	-3.95577	-5.83006	-7.04053
85	2	4	1	2	2	1	5	-2.77788	-3.64913	-4.20127	-4.04495
86	2	4	1	2	7	1	5	-2.30587	-5.87545	-5.52355	-4.86157
87	32	39	30	82	104	324	17	-8.30278	-4.65946	-7.80774	-9.22277
88	1	2	3	4	5	9	3	-4.65526	-2.47235	-3.74901	-4.91032
89	2	1	5	3	2	3	5	-4.24366	-3.23986	-5.67249	-4.79925
90	2	4	1	2	2	1	5	-2.77788	-3.64913	-4.20127	-4.04495
91	2	4	1	2	7	1	5	-2.30587	-5.87545	-5.52355	-4.86157
92	4	7	10	4	1	7	1	-1.83298	-3.80549	-2.65309	-1.91533
93	2	1	2	3	2	3	5	-3.75744	-7.24569	-7.05013	-6.5641
94	2	1	12	3	2	1	5	-2.6254	-2.10681	-3.7654	-4.68835
95	2	1	21	3	2	1	5	-2.93484	-2.47933	-4.5589	-4.46941
96	2	1	21	3	2	1	5	-2.93484	-2.47933	-4.5589	-4.46941
97	9	2	5	2	11	3	1	-29.3046	-32.3918	-27.5368	-26.2546
98	4	7	10	4	1	7	1	-1.83298	-3.80549	-2.65309	-1.91533
99	2	1	2	3	2	3	5	-3.75744	-7.24569	-7.05013	-6.5641
100	2	1	21	3	2	1	5	-2.93484	-2.47933	-4.5589	-4.46941
101	4	7	10	4	1	7	1	-1.83298	-3.80549	-2.65309	-1.91533
102	2	1	21	3	2	1	5	-2.93484	-2.47933	-4.5589	-4.46941
103	1	4	2	2	6	3	17	-4.66413	-2.43324	-4.81561	-5.62928
104	2	4	5	2	10	1	5	-6.89274	-10.4658	-10.185	-9.7024
105	2	1	12	88	2	1	5	-3.95317	-3.41876	-5.91775	-5.30942
106	9	2	4	62	4	5	6	-3.71567	-5.2167	-5.82003	-6.34197
107	2	165	73	147	220	190	104	-9.03589	-9.50831	-6.96789	-5.25135
108	2	1	21	3	2	1	5	-2.93484	-2.47933	-4.5589	-4.46941
109	2	4	1	2	2	1	5	-2.77788	-3.64913	-4.20127	-4.04495
110	2	1	12	3	11	1	6	-18.8796	-18.103	-19.9647	-20.8343
111	2	1	2	3	2	3	5	-3.75744	-7.24569	-7.05013	-6.5641
112	2	4	1	2	7	1	5	-2.30587	-5.87545	-5.52355	-4.86157
113	2	1	2	3	2	3	5	-3.75744	-7.24569	-7.05013	-6.5641
114	2	1	21	3	2	1	5	-2.93484	-2.47933	-4.5589	-4.46941
115	2	4	1	2	7	1	5	-2.30587	-5.87545	-5.52355	-4.86157
116	33	39	30	82	113	43	17	-9.64749	-6.43899	-6.24802	-8.21367
117	2	4	1	2	2	1	5	-2.77788	-3.64913	-4.20127	-4.04495
118	2	4	1	2	2	1	5	-2.77788	-3.64913	-4.20127	-4.04495
119	2	4	1	2	2	1	5	-2.77788	-3.64913	-4.20127	-4.04495
120	2	4	1	2	7	1	5	-2.30587	-5.87545	-5.52355	-4.86157
121	4	7	10	1	1	7	1	-5.27335	-8.62046	-6.02618	-6.05235
122	2	1	12	3	2	1	5	-2.6254	-2.10681	-3.7654	-4.68835
123	2	4	1	2	2	1	5	-2.77788	-3.64913	-4.20127	-4.04495
124	2	4	1	2	2	1	5	-2.77788	-3.64913	-4.20127	-4.04495
125	2	4	1	2	7	1	5	-2.30587	-5.87545	-5.52355	-4.86157
126	2	4	1	2	2	1	5	-2.77788	-3.64913	-4.20127	-4.04495
127	2	4	1	2	2	1	5	-2.77788	-3.64913	-4.20127	-4.04495
128	2	1	12	88	2	1	5	-3.95317	-3.41876	-5.91775	-5.30942
129	2	1	12	3	2	1	5	-2.6254	-2.10681	-3.7654	-4.68835
130	2	1	12	3	2	1	5	-2.6254	-2.10681	-3.7654	-4.68835
131	2	4	1	2	7	1	5	-2.30587	-5.87545	-5.52355	-4.86157
132	2	1	21	3	2	1	5	-2.93484	-2.47933	-4.5589	-4.46941
133	2	1	21	3	2	1	5	-2.93484	-2.47933	-4.5589	-4.46941
134	2	4	5	2	2	5	5	-3.67229	-7.21004	-6.6761	-5.71863
135	2	1	21	3	2	1	5	-2.93484	-2.47933	-4.5589	-4.46941
136	1	4	2	2	6	3	1	-11.4344	-10.2746	-10.452	-11.1753
137	2	1	5	3	2	3	5	-4.24366	-3.23986	-5.67249	-4.79925
138	2	1	5	3	2	3	5	-4.24366	-3.23986	-5.67249	-4.79925
139	4	7	10	4	1	7	1	-1.83298	-3.80549	-2.65309	-1.91533
140	8	10	2	2	11	12	6	-3.95367	-7.48686	-7.25545	-6.76719
141	2	1	2	3	2	3	5	-3.75744	-7.24569	-7.05013	-6.5641
142	2	1	5	3	2	3	5	-4.24366	-3.23986	-5.67249	-4.79925
143	2	1	2	3	2	3	5	-3.75744	-7.24569	-7.05013	-6.5641
144	129	66	30	82	189	47	17	-3.24907	-4.88262	-5.47627	-4.116
145	2	4	1	2	2	1	5	-2.77788	-3.64913	-4.20127	-4.04495
146	2	4	1	2	2	1	5	-2.77788	-3.64913	-4.20127	-4.04495
147	7	21	5	62	4	61	44	-7.42506	-3.81282	-5.87071	-7.63249
148	2	4	1	2	2	1	5	-2.77788	-3.64913	-4.20127	-4.04495
149	2	937	1	2	2	1	5	-6.2335	-8.01963	-5.93865	-7.20985
150	1	14	2	2	6	1	17	-9.41772	-6.42345	-7.8639	-6.34134
151	1	4	2	2	6	3	17	-4.66413	-2.43324	-4.81561	-5.62928
152	8	10	149	2	11	12	6	-4.88214	-3.95577	-5.83006	-7.04053
153	2	1	12	3	2	1	5	-2.6254	-2.10681	-3.7654	-4.68835
154	9	30	2	2	89	59	6	-4.95277	-8.53519	-8.25732	-7.76631
155	1	2	3	4	5	9	3	-4.65526	-2.47235	-3.74901	-4.91032
156	2	4	1	2	2	1	5	-2.77788	-3.64913	-4.20127	-4.04495
157	2	4	1	2	2	1	5	-2.77788	-3.64913	-4.20127	-4.04495
158	180	194	2	68	19	231	147	-22.9576	-30.754	-17.3372	-24.0085
159	2	4	1	2	2	1	5	-2.77788	-3.64913	-4.20127	-4.04495
160	2	4	1	2	2	1	5	-2.77788	-3.64913	-4.20127	-4.04495
161	2	4	1	2	2	1	5	-2.77788	-3.64913	-4.20127	-4.04495
162	4	7	10	4	1	7	1	-1.83298	-3.80549	-2.65309	-1.91533
163	2	4	1	2	2	1	5	-2.77788	-3.64913	-4.20127	-4.04495
164	2	1	21	3	2	1	5	-2.93484	-2.47933	-4.5589	-4.46941
165	2	4	1	2	7	1	5	-2.30587	-5.87545	-5.52355	-4.86157
166	2	4	1	2	2	1	5	-2.77788	-3.64913	-4.20127	-4.04495
167	10	1	16	19	10	5	7	-6.28483	-2.73052	-4.3596	-5.21461
168	104	7	10	4	1	7	1	-4.40922	-7.99683	-7.69512	-7.2039
169	2	4	1	2	2	1	5	-2.77788	-3.64913	-4.20127	-4.04495
170	10	27	16	19	10	5	7	-20.4631	-13.0493	-16.2944	-18.1188
171	2	4	1	2	2	1	5	-2.77788	-3.64913	-4.20127	-4.04495
172	2	1	1	3	2	1	5	-4.62133	-3.77613	-6.62402	-7.13873
173	7	21	5	62	4	61	44	-7.42506	-3.81282	-5.87071	-7.63249
174	2	1	1	3	2	1	5	-4.62133	-3.77613	-6.62402	-7.13873
175	10	1	16	19	10	5	7	-6.28483	-2.73052	-4.3596	-5.21461
176	2	4	1	2	2	1	5	-2.77788	-3.64913	-4.20127	-4.04495
177	2	4	1	2	2	1	5	-2.77788	-3.64913	-4.20127	-4.04495
178	2	1	12	3	2	1	5	-2.6254	-2.10681	-3.7654	-4.68835
179	2	4	1	2	2	1	5	-2.77788	-3.64913	-4.20127	-4.04495
180	2	4	1	2	2	1	5	-2.77788	-3.64913	-4.20127	-4.04495
181	1	4	2	2	6	3	17	-4.66413	-2.43324	-4.81561	-5.62928
182	2	1	12	3	2	1	5	-2.6254	-2.10681	-3.7654	-4.68835
183	4	7	10	4	1	7	1	-1.83298	-3.80549	-2.65309	-1.91533
184	2	4	1	2	2	1	5	-2.77788	-3.64913	-4.20127	-4.04495
185	2	4	1	2	2	1	5	-2.77788	-3.64913	-4.20127	-4.04495
186	2	1	21	3	2	1	5	-2.93484	-2.47933	-4.5589	-4.46941
187	4	7	10	4	1	7	1	-1.83298	-3.80549	-2.65309	-1.91533
188	4	7	10	4	42	51	1	-2.93136	-4.6431	-4.86672	-3.76968
189	2	1	5	3	2	3	5	-4.24366	-3.23986	-5.67249	-4.79925
190	1	2	4	62	4	5	17	-6.10895	-4.83152	-7.78334	-8.49708
191	4	7	10	4	1	7	1	-1.83298	-3.80549	-2.65309	-1.91533
192	4	7	10	4	42	51	1	-2.93136	-4.6431	-4.86672	-3.76968
193	2	1	21	3	2	1	5	-2.93484	-2.47933	-4.5589	-4.46941
194	4	7	10	4	42	51	1	-2.93136	-4.6431	-4.86672	-3.76968
195	2	4	1	2	7	1	5	-2.30587	-5.87545	-5.52355	-4.86157
196	2	4	1	2	2	1	5	-2.77788	-3.64913	-4.20127	-4.04495
197	1	2	3	4	5	9	3	-4.65526	-2.47235	-3.74901	-4.91032
198	1	2	4	62	4	5	17	-6.10895	-4.83152	-7.78334	-8.49708
199	2	250	4	281	358	25	57	-28.4334	-30.8899	-17.223	-19.7624
200	9	2	4	62	4	5	6	-3.71567	-5.2167	-5.82003	-6.34197
201	1	2	3	4	5	9	3	-4.65526	-2.47235	-3.74901	-4.91032
202	4	7	10	4	1	7	1	-1.83298	-3.80549	-2.65309	-1.91533
203	2	4	2	4	19	3	6	-5.79713	-9.37593	-9.09404	-8.604
204	4	7	10	4	1	7	1	-1.83298	-3.80549	-2.65309	-1.91533
205	4	7	10	4	42	51	1	-2.93136	-4.6431	-4.86672	-3.76968
206	2	1	12	3	2	1	5	-2.6254	-2.10681	-3.7654	-4.68835
207	4	7	10	4	1	7	1	-1.83298	-3.80549	-2.65309	-1.91533
208	2	1	12	3	2	1	5	-2.6254	-2.10681	-3.7654	-4.68835
209	1	2	4	62	4	5	17	-6.10895	-4.83152	-7.78334	-8.49708
210	4	7	10	4	42	51	1	-2.93136	-4.6431	-4.86672	-3.76968
211	2	4	1	2	2	1	5	-2.77788	-3.64913	-4.20127	-4.04495
212	4	7	10	4	1	7	1	-1.83298	-3.80549	-2.65309	-1.91533
213	2	1	21	3	2	1	5	-2.93484	-2.47933	-4.5589	-4.46941
214	47	2	4	2	6	5	17	-10.9005	-11.0633	-6.27926	-8.27415
215	2	1	21	3	2	1	5	-2.93484	-2.47933	-4.5589	-4.46941
216	2	1	21	3	2	1	5	-2.93484	-2.47933	-4.5589	-4.46941
217	2	4	1	2	2	1	5	-2.77788	-3.64913	-4.20127	-4.04495
218	2	4	1	2	2	1	5	-2.77788	-3.64913	-4.20127	-4.04495
219	10	81	50	99	120	76	52	-6.72257	-6.37343	-5.34553	-5.14891
220	2	4	1	2	2	1	5	-2.77788	-3.64913	-4.20127	-4.04495
221	2	4	1	2	2	1	5	-2.77788	-3.64913	-4.20127	-4.04495
222	1	4	2	2	6	3	17	-4.66413	-2.43324	-4.81561	-5.62928
223	1	2	4	62	4	5	17	-6.10895	-4.83152	-7.78334	-8.49708
224	4	7	10	4	1	7	1	-1.83298	-3.80549	-2.65309	-1.91533
225	4	7	10	4	1	7	1	-1.83298	-3.80549	-2.65309	-1.91533
226	10	1	16	19	10	5	7	-6.28483	-2.73052	-4.3596	-5.21461
227	2	4	1	2	2	1	5	-2.77788	-3.64913	-4.20127	-4.04495
228	2	4	1	2	7	1	5	-2.30587	-5.87545	-5.52355	-4.86157
229	1	4	2	348	6	3	17	-8.99503	-5.34617	-8.49353	-9.91321
230	1	2	4	62	4	5	17	-6.10895	-4.83152	-7.78334	-8.49708
231	10	27	16	19	10	5	7	-20.4631	-13.0493	-16.2944	-18.1188
232	1	4	2	2	6	3	17	-4.66413	-2.43324	-4.81561	-5.62928
233	4	7	10	4	42	51	1	-2.93136	-4.6431	-4.86672	-3.76968
234	2	4	1	2	2	1	5	-2.77788	-3.64913	-4.20127	-4.04495
235	2	1	12	3	2	1	5	-2.6254	-2.10681	-3.7654	-4.68835
236	2	1	12	88	2	1	5	-3.95317	-3.41876	-5.91775	-5.30942
237	2	4	1	2	7	1	5	-2.30587	-5.87545	-5.52355	-4.86157
238	2	1	12	3	2	1	5	-2.6254	-2.10681	-3.7654	-4.68835
239	1	4	2	2	6	3	17	-4.66413	-2.43324	-4.81561	-5.62928
240	2	1	4	28	58	25	58	-5.694	-8.11454	-5.39874	-4.23308
241	2	1	5	3	2	3	5	-4.24366	-3.23986	-5.67249	-4.79925
242	2	1	12	3	2	1	5	-2.6254	-2.10681	-3.7654	-4.68835
243	2	4	1	2	2	1	5	-2.77788	-3.64913	-4.20127	-4.04495
244	2	1	5	10	11	1	5	-27.2516	-23.0768	-23.8191	-25.1854
245	2	1	12	3	2	1	5	-2.6254	-2.10681	-3.7654	-4.68835
246	2	1	12	88	2	1	5	-3.95317	-3.41876	-5.91775	-5.30942
247	2	1	12	3	2	1	5	-2.6254	-2.10681	-3.7654	-4.68835
248	2	1	12	3	2	1	5	-2.6254	-2.10681	-3.7654	-4.68835
249	1	4	2	2	6	3	17	-4.66413	-2.43324	-4.81561	-5.62928
250	9	2	4	62	4	5	6	-3.71567	-5.2167	-5.82003	-6.34197
251	2	1	12	3	2	1	5	-2.6254	-2.10681	-3.7654	-4.68835
252	8	10	149	2	11	12	6	-4.88214	-3.95577	-5.83006	-7.04053
253	2	1	21	3	2	1	5	-2.93484	-2.47933	-4.5589	-4.46941
254	1	2	3	4	5	9	3	-4.65526	-2.47235	-3.74901	-4.91032
255	2	1	5	3	2	3	5	-4.24366	-3.23986	-5.67249	-4.79925
256	1	307	3	4	5	9	3	-6.84213	-6.42032	-6.21335	-8.00726
257	1	4	2	2	6	3	17	-4.66413	-2.43324	-4.81561	-5.62928
258	2	4	1	2	7	1	5	-2.30587	-5.87545	-5.52355	-4.86157
259	2	4	1	2	2	1	5	-2.77788	-3.64913	-4.20127	-4.04495
260	2	61	4	64	126	7	23	-6.05867	-8.27727	-5.94725	-4.24985
261	7	21	5	62	4	61	44	-7.42506	-3.81282	-5.87071	-7.63249
262	2	1	12	3	2	1	5	-2.6254	-2.10681	-3.7654	-4.68835
263	2	4	1	2	2	1	5	-2.77788	-3.64913	-4.20127	-4.04495
264	2	1	12	3	2	1	5	-2.6254	-2.10681	-3.7654	-4.68835
265	2	1	21	3	2	1	5	-2.93484	-2.47933	-4.5589	-4.46941
266	2	1	21	3	2	1	5	-2.93484	-2.47933	-4.5589	-4.46941
267	2	4	1	2	2	1	5	-2.77788	-3.64913	-4.20127	-4.04495
268	2	4	1	2	2	1	5	-2.77788	-3.64913	-4.20127	-4.04495
269	2	4	1	2	7	1	5	-2.30587	-5.87545	-5.52355	-4.86157
270	4	7	10	4	1	7	1	-1.83298	-3.80549	-2.65309	-1.91533
271	1	2	4	62	4	5	17	-6.10895	-4.83152	-7.78334	-8.49708
272	4	1	21	3	2	1	5	-9.78521	-10.4156	-10.3174	-10.079
273	10	1	16	19	10	5	7	-6.28483	-2.73052	-4.3596	-5.21461
274	33	283	44	82	189	44	17	-7.03118	-3.45346	-5.64475	-6.06431
275	2	1	12	3	2	1	5	-2.6254	-2.10681	-3.7654	-4.68835
276	10	81	50	99	120	76	52	-6.72257	-6.37343	-5.34553	-5.14891
277	4	7	10	4	42	25	1	-8.86077	-9.31634	-5.85284	-5.17416
278	2	4	1	2	2	1	5	-2.77788	-3.64913	-4.20127	-4.04495
279	2	4	5	2	10	1	5	-6.89274	-10.4658	-10.185	-9.7024
280	2	4	1	2	2	1	5	-2.77788	-3.64913	-4.20127	-4.04495
281	9	2	4	62	4	5	6	-3.71567	-5.2167	-5.82003	-6.34197
282	4	7	10	4	1	7	1	-1.83298	-3.80549	-2.65309	-1.91533
283	2	1	12	3	2	1	5	-2.6254	-2.10681	-3.7654	-4.68835
284	9	2	4	62	4	5	6	-3.71567	-5.2167	-5.82003	-6.34197
285	9	2	4	62	4	5	6	-3.71567	-5.2167	-5.82003	-6.34197
286	2	4	1	2	2	1	5	-2.77788	-3.64913	-4.20127	-4.04495
287	2	1	12	88	2	1	5	-3.95317	-3.41876	-5.91775	-5.30942
288	2	1	21	3	2	1	5	-2.93484	-2.47933	-4.5589	-4.46941
289	33	39	30	79	113	44	17	-26.0806	-24.6661	-24.4023	-26.7924
290	1	2	3	4	5	9	3	-4.65526	-2.47235	-3.74901	-4.91032
291	1	4	2	2	6	3	17	-4.66413	-2.43324	-4.81561	-5.62928
292	9	2	4	62	4	5	6	-3.71567	-5.2167	-5.82003	-6.34197
293	2	1	12	3	2	1	5	-2.6254	-2.10681	-3.7654	-4.68835
294	2	1	5	3	2	5	5	-5.5935	-2.81803	-4.24377	-5.51222
295	2	1	5	3	2	5	5	-5.5935	-2.81803	-4.24377	-5.51222
296	2	4	1	2	2	1	5	-2.77788	-3.64913	-4.20127	-4.04495
297	2	4	1	2	2	1	5	-2.77788	-3.64913	-4.20127	-4.04495
298	2	1	21	3	2	1	5	-2.93484	-2.47933	-4.5589	-4.46941
299	32	39	30	82	104	324	17	-8.30278	-4.65946	-7.80774	-9.22277
300	2	1	12	3	2	1	5	-2.6254	-2.10681	-3.7654	-4.68835
301	4	7	10	4	1	7	1	-1.83298	-3.80549	-2.65309	-1.91533
302	1	4	2	2	6	3	5	-8.85317	-5.2697	-8.37628	-9.80637
303	2	1	21	3	2	1	5	-2.93484	-2.47933	-4.5589	-4.46941
304	4	7	10	4	42	51	1	-2.93136	-4.6431	-4.86672	-3.76968
305	2	4	1	2	7	1	5	-2.30587	-5.87545	-5.52355	-4.86157
306	7	21	5	62	4	61	44	-7.42506	-3.81282	-5.87071	-7.63249
307	104	7	10	4	1	7	1	-4.40922	-7.99683	-7.69512	-7.2039
308	9	25	2	10	22	3	6	-4.47706	-7.63641	-5.95271	-4.35312
309	2	4	2	2	6	3	17	-10.8414	-7.90913	-10.1309	-10.9983
310	2	4	1	2	7	1	5	-2.30587	-5.87545	-5.52355	-4.86157
311	129	66	30	82	189	47	17	-3.24907	-4.88262	-5.47627	-4.116
312	33	39	30	82	104	173	68	-5.39763	-3.9614	-6.94774	-7.73025
313	2	1	12	3	2	1	5	-2.6254	-2.10681	-3.7654	-4.68835
314	2	1	1	3	2	1	5	-4.62133	-3.77613	-6.62402	-7.13873
315	7	21	5	62	4	61	44	-7.42506	-3.81282	-5.87071	-7.63249
316	2	1	21	3	2	1	5	-2.93484	-2.47933	-4.5589	-4.46941
317	4	7	10	4	1	7	1	-1.83298	-3.80549	-2.65309	-1.91533
318	10	2	107	62	120	76	1	-6.86109	-9.85033	-7.95302	-6.31515
319	4	7	10	4	1	7	1	-1.83298	-3.80549	-2.65309	-1.91533
320	2	1	12	3	2	1	5	-2.6254	-2.10681	-3.7654	-4.68835
321	2	1	5	3	2	3	5	-4.24366	-3.23986	-5.67249	-4.79925
322	4	7	10	4	1	7	1	-1.83298	-3.80549	-2.65309	-1.91533
323	2	1	12	88	2	1	5	-3.95317	-3.41876	-5.91775	-5.30942
324	4	7	10	4	42	7	1	-6.62938	-8.66558	-5.61461	-4.65993
325	4	7	10	4	42	51	1	-2.93136	-4.6431	-4.86672	-3.76968
326	2	1	21	3	2	1	5	-2.93484	-2.47933	-4.5589	-4.46941
327	2	1	12	3	2	1	5	-2.6254	-2.10681	-3.7654	-4.68835
328	4	7	10	4	1	7	1	-1.83298	-3.80549	-2.65309	-1.91533
329	2	4	1	2	7	1	5	-2.30587	-5.87545	-5.52355	-4.86157
330	4	7	10	4	1	7	1	-1.83298	-3.80549	-2.65309	-1.91533
331	2	1	12	3	2	1	5	-2.6254	-2.10681	-3.7654	-4.68835
332	4	7	10	4	1	7	1	-1.83298	-3.80549	-2.65309	-1.91533
333	4	7	10	4	1	7	1	-1.83298	-3.80549	-2.65309	-1.91533
334	1	4	2	2	6	3	17	-4.66413	-2.43324	-4.81561	-5.62928
335	2	4	1	2	2	1	5	-2.77788	-3.64913	-4.20127	-4.04495
336	4	7	10	4	1	7	1	-1.83298	-3.80549	-2.65309	-1.91533
337	7	17	2	15	23	3	12	-6.90033	-10.4815	-10.2046	-9.71336
338	2	1	5	3	2	3	5	-4.24366	-3.23986	-5.67249	-4.79925
339	4	7	10	4	1	7	1	-1.83298	-3.80549	-2.65309	-1.91533
340	4	7	10	4	1	7	1	-1.83298	-3.80549	-2.65309	-1.91533
341	4	7	10	4	42	51	1	-2.93136	-4.6431	-4.86672	-3.76968
342	2	4	1	2	2	1	5	-2.77788	-3.64913	-4.20127	-4.04495
343	2	1	12	88	2	1	5	-3.95317	-3.41876	-5.91775	-5.30942
344	2	1	1	3	2	1	5	-4.62133	-3.77613	-6.62402	-7.13873
345	1	2	3	4	5	9	3	-4.65526	-2.47235	-3.74901	-4.91032
346	2	1	12	88	2	1	5	-3.95317	-3.41876	-5.91775	-5.30942
347	2	1	1	3	2	1	5	-4.62133	-3.77613	-6.62402	-7.13873
348	24	17	2	10	23	68	5	-9.40052	-5.75659	-8.90508	-10.3208
349	4	7	10	4	1	7	1	-1.83298	-3.80549	-2.65309	-1.91533
350	2	1	21	3	2	1	5	-2.93484	-2.47933	-4.5589	-4.46941
351	1	4	2	2	6	3	17	-4.66413	-2.43324	-4.81561	-5.62928
352	2	1	5	3	2	3	5	-4.24366	-3.23986	-5.67249	-4.79925
353	4	7	10	4	1	7	1	-1.83298	-3.80549	-2.65309	-1.91533
354	2	1	1	3	2	1	5	-4.62133	-3.77613	-6.62402	-7.13873
355	2	1	12	3	2	1	5	-2.6254	-2.10681	-3.7654	-4.68835
356	8	10	149	2	11	12	6	-4.88214	-3.95577	-5.83006	-7.04053
357	2	4	1	2	2	5	5	-6.81591	-6.39734	-8.98754	-9.37706
358	10	1	16	19	10	5	7	-6.28483	-2.73052	-4.3596	-5.21461
359	24	17	2	10	23	68	5	-9.40052	-5.75659	-8.90508	-10.3208
360	1	2	4	62	4	5	17	-6.10895	-4.83152	-7.78334	-8.49708
361	2	4	1	2	7	1	5	-2.30587	-5.87545	-5.52355	-4.86157
362	7	71	5	62	11	67	6	-28.2924	-28.4811	-24.5701	-29.042
363	7	17	5	2	10	3	6	-25.6686	-24.6133	-23.3946	-22.7882
364	2	1	5	3	2	3	5	-4.24366	-3.23986	-5.67249	-4.79925
365	9	2	4	62	4	5	6	-3.71567	-5.2167	-5.82003	-6.34197
366	33	38	30	82	104	325	36	-13.6284	-10.8293	-11.3487	-14.1959
367	2	4	1	2	7	1	5	-2.30587	-5.87545	-5.52355	-4.86157
368	47	2	4	2	6	5	17	-10.9005	-11.0633	-6.27926	-8.27415
369	2	1	12	88	2	1	5	-3.95317	-3.41876	-5.91775	-5.30942
370	2	1	12	88	2	1	5	-3.95317	-3.41876	-5.91775	-5.30942
371	2	1	12	88	2	1	5	-3.95317	-3.41876	-5.91775	-5.30942
372	2	1	12	88	2	1	5	-3.95317	-3.41876	-5.91775	-5.30942
373	2	4	1	2	2	1	5	-2.77788	-3.64913	-4.20127	-4.04495
374	2	1	12	88	2	1	5	-3.95317	-3.41876	-5.91775	-5.30942
375	1	1	2	2	6	3	17	-9.88369	-6.21124	-9.21377	-10.6647
376	2	1	12	88	2	1	5	-3.95317	-3.41876	-5.91775	-5.30942
377	2	1	12	88	2	1	5	-3.95317	-3.41876	-5.91775	-5.30942
378	2	4	1	2	2	1	5	-2.77788	-3.64913	-4.20127	-4.04495
379	2	1	12	88	2	1	5	-3.95317	-3.41876	-5.91775	-5.30942
380	2	1	5	3	2	3	5	-4.24366	-3.23986	-5.67249	-4.79925
381	4	7	10	4	1	7	1	-1.83298	-3.80549	-2.65309	-1.91533
382	2	1	12	3	2	1	5	-2.6254	-2.10681	-3.7654	-4.68835
383	1	2	4	62	4	5	17	-6.10895	-4.83152	-7.78334	-8.49708
384	1	4	2	2	6	3	17	-4.66413	-2.43324	-4.81561	-5.62928
385	2	1	12	3	2	1	5	-2.6254	-2.10681	-3.7654	-4.68835
386	2	1	12	88	2	1	5	-3.95317	-3.41876	-5.91775	-5.30942
387	9	2	4	62	4	5	6	-3.71567	-5.2167	-5.82003	-6.34197
388	2	4	1	2	7	1	5	-2.30587	-5.87545	-5.52355	-4.86157
389	2	1	5	3	2	3	5	-4.24366	-3.23986	-5.67249	-4.79925
390	7	21	5	62	4	61	44	-7.42506	-3.81282	-5.87071	-7.63249
391	1	2	215	4	90	24	8	-28.9504	-29.0379	-18.6043	-22.7146
392	2	1	21	3	2	1	5	-2.93484	-2.47933	-4.5589	-4.46941
393	1	4	2	2	6	3	17	-4.66413	-2.43324	-4.81561	-5.62928
394	2	4	1	2	2	1	5	-2.77788	-3.64913	-4.20127	-4.04495
395	2	1	12	3	2	1	5	-2.6254	-2.10681	-3.7654	-4.68835
396	1	2	3	4	5	9	3	-4.65526	-2.47235	-3.74901	-4.91032
397	2	1	5	3	2	3	5	-4.24366	-3.23986	-5.67249	-4.79925
398	10	1	16	19	10	5	7	-6.28483	-2.73052	-4.3596	-5.21461
399	2	1	2	3	2	959	5	-7.28853	-11.1781	-8.75951	-9.73715
400	10	1	16	19	10	5	7	-6.28483	-2.73052	-4.3596	-5.21461
401	2	4	1	2	7	1	5	-2.30587	-5.87545	-5.52355	-4.86157
402	2	1	12	3	2	1	5	-2.6254	-2.10681	-3.7654	-4.68835
403	8	10	149	2	11	12	6	-4.88214	-3.95577	-5.83006	-7.04053
404	2	4	1	2	7	1	5	-2.30587	-5.87545	-5.52355	-4.86157
405	4	7	10	4	1	7	1	-1.83298	-3.80549	-2.65309	-1.91533
406	4	7	10	4	1	7	1	-1.83298	-3.80549	-2.65309	-1.91533
407	2	4	5	2	2	5	5	-3.67229	-7.21004	-6.6761	-5.71863
408	2	1	12	3	2	1	5	-2.6254	-2.10681	-3.7654	-4.68835
409	166	2	27	10	151	3	1	-30.1208	-34.0847	-23.0949	-26.4335
410	33	39	30	79	113	44	17	-26.0806	-24.6661	-24.4023	-26.7924
411	7	17	2	15	23	3	12	-6.90033	-10.4815	-10.2046	-9.71336
412	1	2	3	4	5	9	3	-4.65526	-2.47235	-3.74901	-4.91032
413	2	4	1	2	7	1	5	-2.30587	-5.87545	-5.52355	-4.86157
414	7	21	5	62	4	61	44	-7.42506	-3.81282	-5.87071	-7.63249
415	2	1	12	3	2	1	5	-2.6254	-2.10681	-3.7654	-4.68835
416	1	2	3	4	5	9	3	-4.65526	-2.47235	-3.74901	-4.91032
417	2	1	5	88	2	11	5	-8.85212	-5.33525	-6.16549	-8.09132
418	2	4	1	2	7	1	5	-2.30587	-5.87545	-5.52355	-4.86157
419	2	1	21	3	2	1	5	-2.93484	-2.47933	-4.5589	-4.46941
420	7	17	2	15	23	3	12	-6.90033	-10.4815	-10.2046	-9.71336
421	2	1	5	88	2	11	5	-8.85212	-5.33525	-6.16549	-8.09132
422	47	2	4	2	6	5	17	-10.9005	-11.0633	-6.27926	-8.27415
423	1	2	3	4	5	9	3	-4.65526	-2.47235	-3.74901	-4.91032
424	7	17	2	15	23	3	12	-6.90033	-10.4815	-10.2046	-9.71336
425	2	4	1	2	2	1	5	-2.77788	-3.64913	-4.20127	-4.04495
426	2	4	1	2	2	1	5	-2.77788	-3.64913	-4.20127	-4.04495
427	2	4	1	2	2	1	5	-2.77788	-3.64913	-4.20127	-4.04495
428	2	1	12	3	2	1	5	-2.6254	-2.10681	-3.7654	-4.68835
429	2	4	5	2	2	5	5	-3.67229	-7.21004	-6.6761	-5.71863
430	2	1	21	3	2	1	5	-2.93484	-2.47933	-4.5589	-4.46941
431	4	7	10	4	42	25	1	-8.86077	-9.31634	-5.85284	-5.17416
432	1	4	2	2	6	3	17	-4.66413	-2.43324	-4.81561	-5.62928
433	1	2	215	4	923	24	8	-28.9504	-29.0379	-18.6043	-22.7146
434	1	2	3	4	5	9	3	-4.65526	-2.47235	-3.74901	-4.91032
435	2	1	1	3	2	1	5	-4.62133	-3.77613	-6.62402	-7.13873
436	1	4	2	2	6	3	17	-4.66413	-2.43324	-4.81561	-5.62928
437	2	4	1	2	2	1	5	-2.77788	-3.64913	-4.20127	-4.04495
438	2	1	5	3	2	5	5	-5.5935	-2.81803	-4.24377	-5.51222
439	4	7	10	4	42	51	1	-2.93136	-4.6431	-4.86672	-3.76968
440	4	7	10	4	1	7	1	-1.83298	-3.80549	-2.65309	-1.91533
441	4	7	10	4	1	7	1	-1.83298	-3.80549	-2.65309	-1.91533
442	4	7	10	4	1	7	1	-1.83298	-3.80549	-2.65309	-1.91533
443	2	1	21	3	2	1	5	-2.93484	-2.47933	-4.5589	-4.46941
444	2	1	21	3	2	1	5	-2.93484	-2.47933	-4.5589	-4.46941
445	2	4	1	2	7	1	5	-2.30587	-5.87545	-5.52355	-4.86157
446	4	7	10	4	1	7	1	-1.83298	-3.80549	-2.65309	-1.91533
447	4	7	10	4	1	7	1	-1.83298	-3.80549	-2.65309	-1.91533
448	2	1	1	3	2	1	5	-4.62133	-3.77613	-6.62402	-7.13873
449	2	1	21	3	2	1	5	-2.93484	-2.47933	-4.5589	-4.46941
450	2	1	21	3	2	1	5	-2.93484	-2.47933	-4.5589	-4.46941
451	4	7	10	4	42	51	1	-2.93136	-4.6431	-4.86672	-3.76968
452	4	7	10	1	1	7	1	-5.27335	-8.62046	-6.02618	-6.05235
453	239	27	16	19	10	5	7	-10.0959	-6.45123	-9.59897	-11.0153
454	2	1	12	3	2	1	5	-2.6254	-2.10681	-3.7654	-4.68835
455	2	4	1	2	2	1	5	-2.77788	-3.64913	-4.20127	-4.04495
456	2	1	12	3	2	1	5	-2.6254	-2.10681	-3.7654	-4.68835
457	2	1	12	3	2	1	5	-2.6254	-2.10681	-3.7654	-4.68835
458	10	81	50	99	120	76	52	-6.72257	-6.37343	-5.34553	-5.14891
459	47	2	4	2	6	5	17	-10.9005	-11.0633	-6.27926	-8.27415
460	2	4	1	3	2	1	5	-6.83056	-8.83091	-9.54937	-9.48545
461	4	7	10	4	1	7	1	-1.83298	-3.80549	-2.65309	-1.91533
462	2	1	1	380	2	1	5	-6.15898	-5.72422	-8.45612	-8.76998
463	2	4	1	2	7	1	5	-2.30587	-5.87545	-5.52355	-4.86157
464	2	1	12	88	2	1	5	-3.95317	-3.41876	-5.91775	-5.30942
465	7	71	5	62	11	67	1	-29.8144	-28.7099	-23.6555	-28.5132
466	2	4	1	2	7	1	5	-2.30587	-5.87545	-5.52355	-4.86157
467	4	7	10	4	1	7	1	-1.83298	-3.80549	-2.65309	-1.91533
468	2	1	1	380	2	1	5	-6.15898	-5.72422	-8.45612	-8.76998
469	2	4	1	2	2	1	5	-2.77788	-3.64913	-4.20127	-4.04495
470	2	1	12	3	2	1	5	-2.6254	-2.10681	-3.7654	-4.68835
471	1	14	2	2	6	1	17	-9.41772	-6.42345	-7.8639	-6.34134
472	1	2	4	62	4	5	17	-6.10895	-4.83152	-7.78334	-8.49708
473	4	7	10	4	1	7	1	-1.83298	-3.80549	-2.65309	-1.91533
474	2	1	21	3	2	1	5	-2.93484	-2.47933	-4.5589	-4.46941
475	2	4	1	2	2	1	5	-2.77788	-3.64913	-4.20127	-4.04495
476	1	4	2	2	6	3	17	-4.66413	-2.43324	-4.81561	-5.62928
477	4	7	10	4	1	7	1	-1.83298	-3.80549	-2.65309	-1.91533
478	10	2	107	62	120	76	1	-6.86109	-9.85033	-7.95302	-6.31515
479	2	1	12	3	2	1	5	-2.6254	-2.10681	-3.7654	-4.68835
480	2	1	5	3	2	3	5	-4.24366	-3.23986	-5.67249	-4.79925
481	2	1	21	3	2	1	5	-2.93484	-2.47933	-4.5589	-4.46941
482	1	2	3	4	5	9	3	-4.65526	-2.47235	-3.74901	-4.91032
483	1	307	3	4	5	9	3	-6.84213	-6.42032	-6.21335	-8.00726
484	7	2	5	2	10	3	6	-31.5621	-28.4083	-27.7163	-28.6822
485	1	2	3	4	5	9	3	-4.65526	-2.47235	-3.74901	-4.91032
486	33	39	30	82	104	173	68	-5.39763	-3.9614	-6.94774	-7.73025
487	4	7	10	4	42	7	1	-6.62938	-8.66558	-5.61461	-4.65993
488	2	1	12	88	2	1	5	-3.95317	-3.41876	-5.91775	-5.30942
489	2	4	1	2	2	1	5	-2.77788	-3.64913	-4.20127	-4.04495
490	2	1	21	3	2	1	5	-2.93484	-2.47933	-4.5589	-4.46941
491	9	2	4	62	4	5	6	-3.71567	-5.2167	-5.82003	-6.34197
492	2	1	5	3	2	3	5	-4.24366	-3.23986	-5.67249	-4.79925
493	4	7	10	4	1	7	1	-1.83298	-3.80549	-2.65309	-1.91533
494	2	1	57	26	127	29	35	-6.87792	-10.0312	-6.25503	-8.0485
495	2	1	57	26	127	29	35	-6.87792	-10.0312	-6.25503	-8.0485
496	2	4	2	4	19	3	6	-5.79713	-9.37593	-9.09404	-8.604
497	2	1	12	3	2	1	5	-2.6254	-2.10681	-3.7654	-4.68835
498	2	4	1	2	2	1	5	-2.77788	-3.64913	-4.20127	-4.04495
499	2	4	1	2	2	1	5	-2.77788	-3.64913	-4.20127	-4.04495
500	2	1	21	3	2	1	5	-2.93484	-2.47933	-4.5589	-4.46941
501	33	39	65	79	104	43	17	-4.59699	-8.17873	-7.90107	-7.41074
502	1	14	2	2	6	1	17	-9.41772	-6.42345	-7.8639	-6.34134
503	2	1	12	3	2	1	5	-2.6254	-2.10681	-3.7654	-4.68835
504	7	21	5	62	4	61	44	-7.42506	-3.81282	-5.87071	-7.63249
505	9	2	4	62	4	5	6	-3.71567	-5.2167	-5.82003	-6.34197
506	129	66	30	82	189	47	17	-3.24907	-4.88262	-5.47627	-4.116
507	2	1	21	3	2	1	5	-2.93484	-2.47933	-4.5589	-4.46941
508	47	2	4	2	6	5	17	-10.9005	-11.0633	-6.27926	-8.27415
509	2	4	1	2	7	1	5	-2.30587	-5.87545	-5.52355	-4.86157
510	33	38	30	82	104	325	36	-13.6284	-10.8293	-11.3487	-14.1959
511	1	4	2	2	6	3	17	-4.66413	-2.43324	-4.81561	-5.62928
512	1	4	2	2	6	3	17	-4.66413	-2.43324	-4.81561	-5.62928
513	2	4	1	2	2	1	5	-2.77788	-3.64913	-4.20127	-4.04495
514	4	7	10	4	1	7	1	-1.83298	-3.80549	-2.65309	-1.91533
515	33	283	44	82	189	44	17	-7.03118	-3.45346	-5.64475	-6.06431
516	8	10	149	2	11	12	6	-4.88214	-3.95577	-5.83006	-7.04053
517	2	1	21	3	62	1	5	-5.79457	-9.3656	-9.09137	-8.60566
518	10	1	16	19	10	5	7	-6.28483	-2.73052	-4.3596	-5.21461
519	180	194	2	68	19	231	147	-22.9576	-30.754	-17.3372	-24.0085
520	2	4	1	2	7	1	5	-2.30587	-5.87545	-5.52355	-4.86157
521	2	4	2	2	6	1	5	-6.0937	-4.81981	-6.07275	-7.68151
522	1	2	3	4	5	9	3	-4.65526	-2.47235	-3.74901	-4.91032
523	2	1	21	3	2	1	5	-2.93484	-2.47933	-4.5589	-4.46941
524	2	1	12	3	2	1	5	-2.6254	-2.10681	-3.7654	-4.68835
525	2	1	5	3	2	3	5	-4.24366	-3.23986	-5.67249	-4.79925
526	1	307	3	4	5	9	3	-6.84213	-6.42032	-6.21335	-8.00726
527	2	4	1	2	7	1	5	-2.30587	-5.87545	-5.52355	-4.86157
528	2	1	12	3	2	1	5	-2.6254	-2.10681	-3.7654	-4.68835
529	7	21	5	62	4	61	44	-7.42506	-3.81282	-5.87071	-7.63249
530	2	1	5	3	2	3	5	-4.24366	-3.23986	-5.67249	-4.79925
531	2	1	12	88	2	1	5	-3.95317	-3.41876	-5.91775	-5.30942
532	2	1	21	3	2	1	5	-2.93484	-2.47933	-4.5589	-4.46941
533	1	4	2	2	6	3	17	-4.66413	-2.43324	-4.81561	-5.62928
534	2	4	1	2	7	1	5	-2.30587	-5.87545	-5.52355	-4.86157
535	47	2	4	2	6	5	17	-10.9005	-11.0633	-6.27926	-8.27415
536	1	4	2	2	6	3	17	-4.66413	-2.43324	-4.81561	-5.62928
537	1	2	3	4	5	9	3	-4.65526	-2.47235	-3.74901	-4.91032
538	2	4	1	2	2	1	5	-2.77788	-3.64913	-4.20127	-4.04495
539	4	7	10	4	42	7	1	-6.62938	-8.66558	-5.61461	-4.65993
540	2	4	1	9	2	1	5	-6.2962	-8.02466	-5.94847	-7.22314
541	2	1	12	3	2	1	5	-2.6254	-2.10681	-3.7654	-4.68835
542	1	4	2	9	6	3	17	-8.18577	-6.75835	-6.54047	-8.79731
543	1	2	3	4	922	9	3	-8.18864	-6.84951	-5.49829	-8.09139
544	4	7	10	4	1	7	1	-1.83298	-3.80549	-2.65309	-1.91533
545	2	1	5	3	2	3	5	-4.24366	-3.23986	-5.67249	-4.79925
546	2	4	1	2	7	1	5	-2.30587	-5.87545	-5.52355	-4.86157
547	4	7	10	4	1	7	1	-1.83298	-3.80549	-2.65309	-1.91533
548	2	4	1	2	2	1	5	-2.77788	-3.64913	-4.20127	-4.04495
549	2	1	21	3	2	1	5	-2.93484	-2.47933	-4.5589	-4.46941
550	4	7	10	4	1	7	1	-1.83298	-3.80549	-2.65309	-1.91533
551	1	4	2	2	6	3	17	-4.66413	-2.43324	-4.81561	-5.62928
552	2	1	5	3	2	5	5	-5.5935	-2.81803	-4.24377	-5.51222
553	2	1	12	3	2	1	5	-2.6254	-2.10681	-3.7654	-4.68835
554	4	936	10	4	1	7	1	-5.36102	-8.18017	-4.37736	-5.09771
555	180	194	2	68	19	231	147	-22.9576	-30.754	-17.3372	-24.0085
556	4	7	10	4	42	51	1	-2.93136	-4.6431	-4.86672	-3.76968
557	4	7	10	4	42	25	1	-8.86077	-9.31634	-5.85284	-5.17416
558	2	1	21	3	2	1	5	-2.93484	-2.47933	-4.5589	-4.46941
559	2	1	5	3	2	3	5	-4.24366	-3.23986	-5.67249	-4.79925
560	2	1	5	3	2	3	5	-4.24366	-3.23986	-5.67249	-4.79925
561	4	7	10	4	42	51	1	-2.93136	-4.6431	-4.86672	-3.76968
562	4	7	10	4	1	7	1	-1.83298	-3.80549	-2.65309	-1.91533
563	2	4	1	2	7	1	5	-2.30587	-5.87545	-5.52355	-4.86157
564	2	1	21	3	2	1	5	-2.93484	-2.47933	-4.5589	-4.46941
565	1	4	2	2	6	3	17	-4.66413	-2.43324	-4.81561	-5.62928
566	188	313	5	2	89	5	6	-39.664	-37.1899	-35.1024	-40.5305
567	2	1	21	3	2	1	5	-2.93484	-2.47933	-4.5589	-4.46941
568	2	1	1	3	2	1	5	-4.62133	-3.77613	-6.62402	-7.13873
569	2	1	5	3	2	3	5	-4.24366	-3.23986	-5.67249	-4.79925
570	2	4	1	2	2	1	5	-2.77788	-3.64913	-4.20127	-4.04495
571	2	1	5	3	2	3	5	-4.24366	-3.23986	-5.67249	-4.79925
572	2	1	1	3	2	1	5	-4.62133	-3.77613	-6.62402	-7.13873
573	2	1	5	3	2	3	5	-4.24366	-3.23986	-5.67249	-4.79925
574	1	4	2	2	6	3	17	-4.66413	-2.43324	-4.81561	-5.62928
575	1	4	2	2	6	3	17	-4.66413	-2.43324	-4.81561	-5.62928
576	2	1	21	3	2	1	5	-2.93484	-2.47933	-4.5589	-4.46941
577	239	27	16	19	10	5	7	-10.0959	-6.45123	-9.59897	-11.0153
578	2	4	5	2	2	5	5	-3.67229	-7.21004	-6.6761	-5.71863
579	9	2	4	62	4	5	6	-3.71567	-5.2167	-5.82003	-6.34197
580	2	1	1	3	2	1	5	-4.62133	-3.77613	-6.62402	-7.13873
581	2	1	5	3	2	3	5	-4.24366	-3.23986	-5.67249	-4.79925
582	1	4	2	2	6	3	17	-4.66413	-2.43324	-4.81561	-5.62928
583	2	4	5	2	2	5	5	-3.67229	-7.21004	-6.6761	-5.71863
584	2	4	5	2	2	5	5	-3.67229	-7.21004	-6.6761	-5.71863
585	2	1	5	3	2	3	5	-4.24366	-3.23986	-5.67249	-4.79925
586	2	1	1	380	2	1	5	-6.15898	-5.72422	-8.45612	-8.76998
587	2	7	10	4	1	7	1	-6.59202	-9.01811	-7.86359	-7.1993
588	2	1	12	3	2	1	5	-2.6254	-2.10681	-3.7654	-4.68835
589	2	4	1	2	2	1	5	-2.77788	-3.64913	-4.20127	-4.04495
590	9	2	4	62	4	5	6	-3.71567	-5.2167	-5.82003	-6.34197
591	2	4	5	2	2	5	5	-3.67229	-7.21004	-6.6761	-5.71863
592	1	4	2	2	6	3	17	-4.66413	-2.43324	-4.81561	-5.62928
593	1	4	2	2	6	5	17	-12.8399	-8.97029	-11.5456	-13.7351
594	2	4	2	2	6	1	5	-6.0937	-4.81981	-6.07275	-7.68151
595	1	4	2	2	6	5	17	-12.8399	-8.97029	-11.5456	-13.7351
596	2	23	21	3	2	1	5	-6.46917	-6.85998	-6.3103	-7.652
597	7	21	5	62	4	61	44	-7.42506	-3.81282	-5.87071	-7.63249
598	2	4	1	2	2	1	5	-2.77788	-3.64913	-4.20127	-4.04495
599	1	307	3	4	5	9	3	-6.84213	-6.42032	-6.21335	-8.00726
600	1	2	3	4	5	9	3	-4.65526	-2.47235	-3.74901	-4.91032
601	9	2	4	62	4	5	6	-3.71567	-5.2167	-5.82003	-6.34197
602	2	1	12	3	2	1	5	-2.6254	-2.10681	-3.7654	-4.68835
603	1	4	2	2	6	3	17	-4.66413	-2.43324	-4.81561	-5.62928
604	10	1	16	19	10	5	7	-6.28483	-2.73052	-4.3596	-5.21461
605	2	1	12	3	2	1	5	-2.6254	-2.10681	-3.7654	-4.68835
606	180	194	2	68	19	231	147	-22.9576	-30.754	-17.3372	-24.0085
607	2	1	12	3	2	1	5	-2.6254	-2.10681	-3.7654	-4.68835
608	4	7	10	4	1	7	1	-1.83298	-3.80549	-2.65309	-1.91533
609	129	66	30	82	189	47	17	-3.24907	-4.88262	-5.47627	-4.116
610	4	7	10	4	1	7	1	-1.83298	-3.80549	-2.65309	-1.91533
611	2	1	12	3	2	1	5	-2.6254	-2.10681	-3.7654	-4.68835
612	2	1	21	3	2	1	5	-2.93484	-2.47933	-4.5589	-4.46941
613	4	7	10	4	1	7	1	-1.83298	-3.80549	-2.65309	-1.91533
614	10	1	16	19	10	5	7	-6.28483	-2.73052	-4.3596	-5.21461
615	8	10	149	2	11	12	6	-4.88214	-3.95577	-5.83006	-7.04053
616	129	66	30	82	189	47	17	-3.24907	-4.88262	-5.47627	-4.116
617	2	4	1	2	2	1	5	-2.77788	-3.64913	-4.20127	-4.04495
618	180	194	2	68	19	231	147	-22.9576	-30.754	-17.3372	-24.0085
619	2	1	5	3	2	3	5	-4.24366	-3.23986	-5.67249	-4.79925
620	2	4	1	2	2	1	5	-2.77788	-3.64913	-4.20127	-4.04495
621	1	2	3	4	5	9	3	-4.65526	-2.47235	-3.74901	-4.91032
622	180	194	2	68	19	231	147	-22.9576	-30.754	-17.3372	-24.0085
623	33	39	65	79	104	43	17	-4.59699	-8.17873	-7.90107	-7.41074
624	2	4	5	2	2	5	5	-3.67229	-7.21004	-6.6761	-5.71863
625	2	1	5	3	2	5	5	-5.5935	-2.81803	-4.24377	-5.51222
626	2	1	12	3	2	1	5	-2.6254	-2.10681	-3.7654	-4.68835
627	180	194	2	68	19	231	147	-22.9576	-30.754	-17.3372	-24.0085
628	2	1	21	3	2	1	5	-2.93484	-2.47933	-4.5589	-4.46941
629	2	1	5	3	2	5	5	-5.5935	-2.81803	-4.24377	-5.51222
630	2	1	21	3	2	1	5	-2.93484	-2.47933	-4.5589	-4.46941
631	1	2	3	4	5	9	3	-4.65526	-2.47235	-3.74901	-4.91032
632	2	1	21	3	2	1	5	-2.93484	-2.47933	-4.5589	-4.46941
633	8	10	2	2	11	12	6	-3.95367	-7.48686	-7.25545	-6.76719
634	2	4	1	2	7	1	5	-2.30587	-5.87545	-5.52355	-4.86157
635	2	1	5	3	2	3	5	-4.24366	-3.23986	-5.67249	-4.79925
636	1	2	3	4	5	9	3	-4.65526	-2.47235	-3.74901	-4.91032
637	9	2	4	62	4	5	6	-3.71567	-5.2167	-5.82003	-6.34197
638	2	1	21	3	2	1	5	-2.93484	-2.47933	-4.5589	-4.46941
639	8	10	149	2	11	12	6	-4.88214	-3.95577	-5.83006	-7.04053
640	2	1	12	88	2	1	5	-3.95317	-3.41876	-5.91775	-5.30942
641	2	4	1	2	2	1	5	-2.77788	-3.64913	-4.20127	-4.04495
642	2	1	5	10	10	1	5	-23.5327	-23.973	-22.5418	-23.3913
643	1	2	3	4	5	9	3	-4.65526	-2.47235	-3.74901	-4.91032
644	2	4	1	2	7	1	5	-2.30587	-5.87545	-5.52355	-4.86157
645	2	4	1	2	2	1	5	-2.77788	-3.64913	-4.20127	-4.04495
646	1	2	3	4	5	9	3	-4.65526	-2.47235	-3.74901	-4.91032
647	2	1	12	88	2	1	5	-3.95317	-3.41876	-5.91775	-5.30942
648	4	7	10	4	1	7	1	-1.83298	-3.80549	-2.65309	-1.91533
649	2	1	21	3	2	1	5	-2.93484	-2.47933	-4.5589	-4.46941
650	2	4	1	2	7	1	5	-2.30587	-5.87545	-5.52355	-4.86157
651	33	38	30	82	118	43	17	-20.0477	-19.2477	-20.8401	-22.3356
652	2	4	1	2	2	1	5	-2.77788	-3.64913	-4.20127	-4.04495
653	2	1	5	3	2	3	5	-4.24366	-3.23986	-5.67249	-4.79925
654	4	7	10	4	1	7	1	-1.83298	-3.80549	-2.65309	-1.91533
655	8	10	2	2	11	12	6	-3.95367	-7.48686	-7.25545	-6.76719
656	2	4	5	2	2	5	5	-3.67229	-7.21004	-6.6761	-5.71863
657	4	7	10	4	1	7	1	-1.83298	-3.80549	-2.65309	-1.91533
658	2	1	5	3	2	3	5	-4.24366	-3.23986	-5.67249	-4.79925
659	33	39	30	82	113	47	17	-5.77359	-5.73125	-8.30571	-8.44669
660	2	1	21	3	2	1	5	-2.93484	-2.47933	-4.5589	-4.46941
661	2	4	1	2	7	1	5	-2.30587	-5.87545	-5.52355	-4.86157
662	2	1	1	3	2	1	5	-4.62133	-3.77613	-6.62402	-7.13873
663	4	7	10	4	1	7	1	-1.83298	-3.80549	-2.65309	-1.91533
664	7	21	5	62	4	61	44	-7.42506	-3.81282	-5.87071	-7.63249
665	10	81	50	99	120	76	52	-6.72257	-6.37343	-5.34553	-5.14891
666	4	7	10	4	1	7	1	-1.83298	-3.80549	-2.65309	-1.91533
667	1	2	3	4	5	9	3	-4.65526	-2.47235	-3.74901	-4.91032
668	1	2	3	4	5	9	3	-4.65526	-2.47235	-3.74901	-4.91032
669	2	4	1	2	7	1	5	-2.30587	-5.87545	-5.52355	-4.86157
670	4	7	10	4	1	7	1	-1.83298	-3.80549	-2.65309	-1.91533
671	2	1	5	3	2	3	5	-4.24366	-3.23986	-5.67249	-4.79925
672	1	4	2	2	6	3	17	-4.66413	-2.43324	-4.81561	-5.62928
673	4	935	10	4	1	7	1	-5.36102	-8.18017	-4.37736	-5.09771
674	10	1	16	19	10	5	7	-6.28483	-2.73052	-4.3596	-5.21461
675	4	7	10	4	1	7	1	-1.83298	-3.80549	-2.65309	-1.91533
676	33	39	65	79	104	43	17	-4.59699	-8.17873	-7.90107	-7.41074
677	2	4	2	2	6	1	5	-6.0937	-4.81981	-6.07275	-7.68151
678	4	7	10	4	42	25	1	-8.86077	-9.31634	-5.85284	-5.17416
679	1	4	2	2	6	3	17	-4.66413	-2.43324	-4.81561	-5.62928
680	4	7	10	4	42	25	1	-8.86077	-9.31634	-5.85284	-5.17416
681	4	7	10	4	42	25	1	-8.86077	-9.31634	-5.85284	-5.17416
682	4	7	10	4	1	7	1	-1.83298	-3.80549	-2.65309	-1.91533
683	2	4	1	2	7	1	5	-2.30587	-5.87545	-5.52355	-4.86157
684	4	7	10	4	1	7	1	-1.83298	-3.80549	-2.65309	-1.91533
685	4	7	10	4	42	7	1	-6.62938	-8.66558	-5.61461	-4.65993
686	10	27	16	19	10	5	7	-20.4631	-13.0493	-16.2944	-18.1188
687	10	81	50	99	120	76	52	-6.72257	-6.37343	-5.34553	-5.14891
688	4	7	10	4	1	7	1	-1.83298	-3.80549	-2.65309	-1.91533
689	4	7	10	4	42	51	1	-2.93136	-4.6431	-4.86672	-3.76968
690	4	7	10	4	1	7	1	-1.83298	-3.80549	-2.65309	-1.91533
691	10	81	50	99	120	76	52	-6.72257	-6.37343	-5.34553	-5.14891
692	2	4	1	2	2	1	5	-2.77788	-3.64913	-4.20127	-4.04495
693	4	7	10	4	42	51	1	-2.93136	-4.6431	-4.86672	-3.76968
694	4	7	10	4	42	51	1	-2.93136	-4.6431	-4.86672	-3.76968
695	4	7	10	4	42	51	1	-2.93136	-4.6431	-4.86672	-3.76968
696	8	10	2	2	11	12	6	-3.95367	-7.48686	-7.25545	-6.76719
697	33	38	30	82	104	43	17	-5.29	-8.87087	-8.59272	-8.10074
698	4	7	10	4	1	7	1	-1.83298	-3.80549	-2.65309	-1.91533
699	10	81	50	99	120	76	52	-6.72257	-6.37343	-5.34553	-5.14891
700	2	4	1	2	7	1	5	-2.30587	-5.87545	-5.52355	-4.86157
701	4	7	10	4	1	7	1	-1.83298	-3.80549	-2.65309	-1.91533
702	4	7	10	4	1	7	1	-1.83298	-3.80549	-2.65309	-1.91533
703	10	81	50	99	120	76	52	-6.72257	-6.37343	-5.34553	-5.14891
704	4	7	10	4	42	51	1	-2.93136	-4.6431	-4.86672	-3.76968
705	9	2	4	62	4	5	6	-3.71567	-5.2167	-5.82003	-6.34197
706	4	7	10	4	1	7	1	-1.83298	-3.80549	-2.65309	-1.91533
707	2	1	1	3	2	1	5	-4.62133	-3.77613	-6.62402	-7.13873
708	1	14	2	2	6	1	17	-9.41772	-6.42345	-7.8639	-6.34134
709	2	4	2	2	6	1	5	-6.0937	-4.81981	-6.07275	-7.68151
710	2	4	2	2	6	1	5	-6.0937	-4.81981	-6.07275	-7.68151
711	4	7	10	4	42	51	1	-2.93136	-4.6431	-4.86672	-3.76968
712	10	2	107	62	120	76	1	-6.86109	-9.85033	-7.95302	-6.31515
713	2	1	12	3	2	1	5	-2.6254	-2.10681	-3.7654	-4.68835
714	2	4	1	2	2	1	5	-2.77788	-3.64913	-4.20127	-4.04495
715	47	2	4	2	6	5	17	-10.9005	-11.0633	-6.27926	-8.27415
716	4	7	10	4	42	5	1	-11.0809	-11.152	-10.9909	-11.3784
717	2	1	12	3	2	1	5	-2.6254	-2.10681	-3.7654	-4.68835
718	4	7	10	4	42	51	1	-2.93136	-4.6431	-4.86672	-3.76968
719	1	307	3	4	5	9	3	-6.84213	-6.42032	-6.21335	-8.00726
720	2	1	21	3	2	1	5	-2.93484	-2.47933	-4.5589	-4.46941
721	4	7	10	4	1	7	1	-1.83298	-3.80549	-2.65309	-1.91533
722	2	4	1	2	2	1	5	-2.77788	-3.64913	-4.20127	-4.04495
723	2	1	12	3	2	1	5	-2.6254	-2.10681	-3.7654	-4.68835
724	4	7	10	4	1	7	1	-1.83298	-3.80549	-2.65309	-1.91533
725	2	1	21	3	2	1	5	-2.93484	-2.47933	-4.5589	-4.46941
726	2	1	1	3	2	1	5	-4.62133	-3.77613	-6.62402	-7.13873
727	4	7	10	4	1	7	1	-1.83298	-3.80549	-2.65309	-1.91533
728	2	1	12	3	2	1	5	-2.6254	-2.10681	-3.7654	-4.68835
729	1	4	3	2	6	3	17	-14.5538	-9.45587	-11.8164	-14.203
730	2	1	12	3	2	1	5	-2.6254	-2.10681	-3.7654	-4.68835
731	2	1	12	88	2	1	5	-3.95317	-3.41876	-5.91775	-5.30942
732	1	4	2	2	6	3	17	-4.66413	-2.43324	-4.81561	-5.62928
733	4	7	10	4	42	51	1	-2.93136	-4.6431	-4.86672	-3.76968
734	2	1	12	3	2	1	5	-2.6254	-2.10681	-3.7654	-4.68835
735	4	7	10	4	1	7	1	-1.83298	-3.80549	-2.65309	-1.91533
736	2	1	12	88	2	1	5	-3.95317	-3.41876	-5.91775	-5.30942
737	2	1	21	3	2	1	5	-2.93484	-2.47933	-4.5589	-4.46941
738	2	4	5	2	2	5	5	-3.67229	-7.21004	-6.6761	-5.71863
739	2	4	5	2	2	5	5	-3.67229	-7.21004	-6.6761	-5.71863
740	2	1	21	3	62	1	5	-5.79457	-9.3656	-9.09137	-8.60566
741	4	7	10	4	42	25	1	-8.86077	-9.31634	-5.85284	-5.17416
742	1	2	4	62	4	5	17	-6.10895	-4.83152	-7.78334	-8.49708
743	1	2	3	4	5	9	3	-4.65526	-2.47235	-3.74901	-4.91032
744	8	10	2	2	11	12	6	-3.95367	-7.48686	-7.25545	-6.76719
745	2	1	12	88	2	1	5	-3.95317	-3.41876	-5.91775	-5.30942
746	2	4	5	2	2	5	5	-3.67229	-7.21004	-6.6761	-5.71863
747	2	1	12	3	2	1	5	-2.6254	-2.10681	-3.7654	-4.68835
748	7	21	5	62	4	61	44	-7.42506	-3.81282	-5.87071	-7.63249
749	9	2	4	62	4	5	6	-3.71567	-5.2167	-5.82003	-6.34197
750	10	1	16	19	10	5	7	-6.28483	-2.73052	-4.3596	-5.21461
751	10	1	16	19	10	5	7	-6.28483	-2.73052	-4.3596	-5.21461
752	8	10	2	2	11	12	6	-3.95367	-7.48686	-7.25545	-6.76719
753	1	4	2	2	6	3	17	-4.66413	-2.43324	-4.81561	-5.62928
754	2	1	12	3	2	1	5	-2.6254	-2.10681	-3.7654	-4.68835
755	2	1	12	88	2	1	5	-3.95317	-3.41876	-5.91775	-5.30942
756	2	29	4	27	10	25	57	-20.236	-21.2248	-14.3072	-12.1407
757	2	1	5	3	2	3	5	-4.24366	-3.23986	-5.67249	-4.79925
758	2	1	12	3	2	1	5	-2.6254	-2.10681	-3.7654	-4.68835
759	37	52	57	26	107	29	23	-8.64017	-9.07805	-5.76506	-4.91801
760	2	4	1	2	7	1	5	-2.30587	-5.87545	-5.52355	-4.86157
761	1	2	3	4	5	9	3	-4.65526	-2.47235	-3.74901	-4.91032
762	2	1	12	3	2	1	5	-2.6254	-2.10681	-3.7654	-4.68835
763	1	4	2	2	6	3	17	-4.66413	-2.43324	-4.81561	-5.62928
764	1	4	2	2	6	3	17	-4.66413	-2.43324	-4.81561	-5.62928
765	1	2	3	4	5	9	3	-4.65526	-2.47235	-3.74901	-4.91032
766	4	7	10	4	1	7	1	-1.83298	-3.80549	-2.65309	-1.91533
767	2	1	21	3	2	1	5	-2.93484	-2.47933	-4.5589	-4.46941
768	2	1	12	3	2	1	5	-2.6254	-2.10681	-3.7654	-4.68835
769	2	4	1	2	2	5	5	-6.81591	-6.39734	-8.98754	-9.37706
770	2	4	1	2	2	1	5	-2.77788	-3.64913	-4.20127	-4.04495
771	2	4	5	2	2	5	5	-3.67229	-7.21004	-6.6761	-5.71863
772	10	1	16	19	10	5	7	-6.28483	-2.73052	-4.3596	-5.21461
773	7	21	5	62	4	61	44	-7.42506	-3.81282	-5.87071	-7.63249
774	9	2	4	62	4	5	6	-3.71567	-5.2167	-5.82003	-6.34197
775	2	1	12	3	2	1	5	-2.6254	-2.10681	-3.7654	-4.68835
776	1	4	2	2	6	3	17	-4.66413	-2.43324	-4.81561	-5.62928
777	4	7	10	4	1	7	1	-1.83298	-3.80549	-2.65309	-1.91533
778	2	1	12	3	2	1	5	-2.6254	-2.10681	-3.7654	-4.68835
779	2	1	5	3	2	5	5	-5.5935	-2.81803	-4.24377	-5.51222
780	2	23	21	3	2	1	5	-6.46917	-6.85998	-6.3103	-7.652
781	2	4	5	2	2	5	5	-3.67229	-7.21004	-6.6761	-5.71863
782	2	4	2	2	6	1	5	-6.0937	-4.81981	-6.07275	-7.68151
783	2	1	12	3	2	1	5	-2.6254	-2.10681	-3.7654	-4.68835
784	4	7	10	4	42	51	1	-2.93136	-4.6431	-4.86672	-3.76968
785	7	17	5	2	86	232	1	-27.9494	-33.5519	-25.0175	-26.7465
786	2	4	1	2	2	1	5	-2.77788	-3.64913	-4.20127	-4.04495
787	2	1	12	3	2	1	5	-2.6254	-2.10681	-3.7654	-4.68835
788	2	1	21	3	2	1	5	-2.93484	-2.47933	-4.5589	-4.46941
789	7	17	2	15	23	3	12	-6.90033	-10.4815	-10.2046	-9.71336
790	2	1	5	3	2	5	5	-5.5935	-2.81803	-4.24377	-5.51222
791	1	6	60	24	12	28	1	-27.7679	-32.5634	-15.5413	-21.7455
792	1	2	3	4	5	9	3	-4.65526	-2.47235	-3.74901	-4.91032
793	2	4	5	2	2	5	5	-3.67229	-7.21004	-6.6761	-5.71863
794	1	2	3	4	5	9	3	-4.65526	-2.47235	-3.74901	-4.91032
795	1	6	60	24	12	28	1	-27.7679	-32.5634	-15.5413	-21.7455
796	9	2	4	62	4	5	6	-3.71567	-5.2167	-5.82003	-6.34197
797	2	4	1	2	2	1	5	-2.77788	-3.64913	-4.20127	-4.04495
798	4	7	10	4	1	7	1	-1.83298	-3.80549	-2.65309	-1.91533
799	2	4	5	2	2	5	5	-3.67229	-7.21004	-6.6761	-5.71863
800	7	2	2	2	11	12	6	-4.50029	-8.08162	-7.8032	-7.31346
801	2	1	21	3	2	1	941	-6.46936	-6.84077	-6.30378	-7.65034
802	9	2	2	10	10	3	5	-30.0347	-25.8757	-25.3624	-25.5777
803	8	10	149	2	11	12	6	-4.88214	-3.95577	-5.83006	-7.04053
804	7	1	5	2	10	3	6	-32.5624	-29.9523	-29.171	-29.1331
805	2	1	21	3	2	1	5	-2.93484	-2.47933	-4.5589	-4.46941
806	33	39	30	82	113	43	17	-9.64749	-6.43899	-6.24802	-8.21367
807	1	6	60	24	12	28	1	-27.7679	-32.5634	-15.5413	-21.7455
808	1	6	60	24	12	28	1	-27.7679	-32.5634	-15.5413	-21.7455
809	7	17	2	15	23	3	12	-6.90033	-10.4815	-10.2046	-9.71336
810	1	4	2	2	6	3	17	-4.66413	-2.43324	-4.81561	-5.62928
811	1	4	2	2	6	3	17	-4.66413	-2.43324	-4.81561	-5.62928
812	7	21	5	62	4	61	44	-7.42506	-3.81282	-5.87071	-7.63249
813	239	27	16	19	10	5	7	-10.0959	-6.45123	-9.59897	-11.0153
814	9	2	4	62	4	5	6	-3.71567	-5.2167	-5.82003	-6.34197
815	10	1	16	19	10	5	7	-6.28483	-2.73052	-4.3596	-5.21461
816	2	1	5	3	2	5	5	-5.5935	-2.81803	-4.24377	-5.51222
817	2	4	5	2	2	5	5	-3.67229	-7.21004	-6.6761	-5.71863
818	8	10	2	2	11	12	6	-3.95367	-7.48686	-7.25545	-6.76719
819	7	17	2	15	23	3	12	-6.90033	-10.4815	-10.2046	-9.71336
820	2	4	1	4	1	1	5	-15.6056	-18.5153	-15.1605	-14.9857
821	4	7	10	4	1	7	1	-1.83298	-3.80549	-2.65309	-1.91533
822	8	10	149	2	11	12	6	-4.88214	-3.95577	-5.83006	-7.04053
823	2	1	12	88	2	1	5	-3.95317	-3.41876	-5.91775	-5.30942
824	2	4	2	2	6	1	5	-6.0937	-4.81981	-6.07275	-7.68151
825	10	81	50	99	120	76	52	-6.72257	-6.37343	-5.34553	-5.14891
826	2	4	5	2	2	5	5	-3.67229	-7.21004	-6.6761	-5.71863
827	2	4	1	2	2	5	5	-6.81591	-6.39734	-8.98754	-9.37706
828	8	10	149	2	11	12	6	-4.88214	-3.95577	-5.83006	-7.04053
829	1	4	2	2	6	3	17	-4.66413	-2.43324	-4.81561	-5.62928
830	2	165	73	147	220	190	104	-9.03589	-9.50831	-6.96789	-5.25135
831	4	7	10	4	42	25	1	-8.86077	-9.31634	-5.85284	-5.17416
832	7	2	2	2	11	12	6	-4.50029	-8.08162	-7.8032	-7.31346
833	1	6	60	24	12	28	1	-27.7679	-32.5634	-15.5413	-21.7455
834	2	1	12	3	2	1	5	-2.6254	-2.10681	-3.7654	-4.68835
835	33	39	65	79	104	77	17	-5.28994	-8.87134	-8.59433	-8.10378
836	4	7	10	4	1	7	1	-1.83298	-3.80549	-2.65309	-1.91533
837	1	2	3	4	5	9	3	-4.65526	-2.47235	-3.74901	-4.91032
838	2	1	21	3	2	1	5	-2.93484	-2.47933	-4.5589	-4.46941
839	2	1	12	3	2	1	5	-2.6254	-2.10681	-3.7654	-4.68835
840	4	7	10	4	1	7	1	-1.83298	-3.80549	-2.65309	-1.91533
841	2	4	1	2	7	1	5	-2.30587	-5.87545	-5.52355	-4.86157
842	184	39	30	82	113	43	17	-3.95275	-6.16043	-7.16683	-6.75416
843	4	7	10	4	1	7	1	-1.83298	-3.80549	-2.65309	-1.91533
844	2	4	1	2	2	1	5	-2.77788	-3.64913	-4.20127	-4.04495
845	4	7	10	4	1	7	1	-1.83298	-3.80549	-2.65309	-1.91533
846	2	1	12	88	2	1	5	-3.95317	-3.41876	-5.91775	-5.30942
847	2	1	21	3	2	1	5	-2.93484	-2.47933	-4.5589	-4.46941
848	1	2	3	4	5	9	3	-4.65526	-2.47235	-3.74901	-4.91032
849	4	7	10	4	1	7	1	-1.83298	-3.80549	-2.65309	-1.91533
850	2	1	21	3	2	1	5	-2.93484	-2.47933	-4.5589	-4.46941
851	8	10	2	2	11	12	6	-3.95367	-7.48686	-7.25545	-6.76719
852	2	4	1	2	2	1	5	-2.77788	-3.64913	-4.20127	-4.04495
853	2	4	1	2	2	1	5	-2.77788	-3.64913	-4.20127	-4.04495
854	2	4	2	2	6	1	5	-6.0937	-4.81981	-6.07275	-7.68151
855	2	4	1	2	2	1	5	-2.77788	-3.64913	-4.20127	-4.04495
856	2	4	1	2	2	1	5	-2.77788	-3.64913	-4.20127	-4.04495
857	2	4	1	2	2	1	5	-2.77788	-3.64913	-4.20127	-4.04495
858	1	2	3	4	5	9	3	-4.65526	-2.47235	-3.74901	-4.91032
859	2	4	1	2	2	1	5	-2.77788	-3.64913	-4.20127	-4.04495
860	2	4	1	2	2	1	5	-2.77788	-3.64913	-4.20127	-4.04495
861	8	10	2	2	11	12	6	-3.95367	-7.48686	-7.25545	-6.76719
862	2	1	5	3	2	3	5	-4.24366	-3.23986	-5.67249	-4.79925
863	33	39	30	82	104	173	68	-5.39763	-3.9614	-6.94774	-7.73025
864	2	4	1	2	7	1	5	-2.30587	-5.87545	-5.52355	-4.86157
865	8	10	2	2	11	12	6	-3.95367	-7.48686	-7.25545	-6.76719
866	2	4	1	2	7	1	5	-2.30587	-5.87545	-5.52355	-4.86157
867	1	2	3	4	5	9	3	-4.65526	-2.47235	-3.74901	-4.91032
868	1	2	215	4	90	24	8	-28.9504	-29.0379	-18.6043	-22.7146
869	2	1	1	3	2	1	5	-4.62133	-3.77613	-6.62402	-7.13873
870	10	81	50	99	120	76	52	-6.72257	-6.37343	-5.34553	-5.14891
871	2	4	1	2	7	1	5	-2.30587	-5.87545	-5.52355	-4.86157
872	2	1	12	3	2	1	5	-2.6254	-2.10681	-3.7654	-4.68835
873	2	4	1	2	2	1	5	-2.77788	-3.64913	-4.20127	-4.04495
874	2	4	1	2	2	1	5	-2.77788	-3.64913	-4.20127	-4.04495
875	2	4	1	2	2	1	5	-2.77788	-3.64913	-4.20127	-4.04495
876	2	1	5	3	2	3	5	-4.24366	-3.23986	-5.67249	-4.79925
877	2	4	1	2	2	1	5	-2.77788	-3.64913	-4.20127	-4.04495
878	4	7	10	4	1	7	1	-1.83298	-3.80549	-2.65309	-1.91533
879	2	4	1	2	7	1	5	-2.30587	-5.87545	-5.52355	-4.86157
880	2	4	5	2	2	5	5	-3.67229	-7.21004	-6.6761	-5.71863
881	2	4	1	2	2	1	5	-2.77788	-3.64913	-4.20127	-4.04495
882	8	10	2	2	11	12	6	-3.95367	-7.48686	-7.25545	-6.76719
883	4	7	10	4	1	7	1	-1.83298	-3.80549	-2.65309	-1.91533
884	2	4	1	2	2	1	5	-2.77788	-3.64913	-4.20127	-4.04495
885	166	2	1	10	17	3	1	-33.625	-37.1955	-28.5692	-30.7911
886	2	4	1	2	7	1	5	-2.30587	-5.87545	-5.52355	-4.86157
887	2	4	1	2	2	1	5	-2.77788	-3.64913	-4.20127	-4.04495
888	4	7	10	4	1	7	1	-1.83298	-3.80549	-2.65309	-1.91533
889	4	7	10	4	1	7	1	-1.83298	-3.80549	-2.65309	-1.91533
890	2	4	1	2	7	1	5	-2.30587	-5.87545	-5.52355	-4.86157
891	2	4	1	2	2	1	5	-2.77788	-3.64913	-4.20127	-4.04495
892	2	1	5	3	2	3	5	-4.24366	-3.23986	-5.67249	-4.79925
893	9	25	2	10	22	3	6	-4.47706	-7.63641	-5.95271	-4.35312
894	2	1	21	3	62	1	5	-5.79457	-9.3656	-9.09137	-8.60566
895	129	66	30	82	189	47	17	-3.24907	-4.88262	-5.47627	-4.116
896	129	66	30	82	189	47	17	-3.24907	-4.88262	-5.47627	-4.116
897	4	7	10	4	1	7	1	-1.83298	-3.80549	-2.65309	-1.91533
898	2	4	1	2	2	1	5	-2.77788	-3.64913	-4.20127	-4.04495
899	4	7	10	4	42	7	1	-6.62938	-8.66558	-5.61461	-4.65993
900	2	4	1	2	7	1	5	-2.30587	-5.87545	-5.52355	-4.86157
901	1	307	3	4	5	9	3	-6.84213	-6.42032	-6.21335	-8.00726
902	2	1	21	3	2	1	5	-2.93484	-2.47933	-4.5589	-4.46941
903	4	7	10	4	1	7	1	-1.83298	-3.80549	-2.65309	-1.91533
904	2	1	21	3	2	1	5	-2.93484	-2.47933	-4.5589	-4.46941
905	2	4	1	2	2	5	5	-6.81591	-6.39734	-8.98754	-9.37706
906	2	4	1	2	7	1	5	-2.30587	-5.87545	-5.52355	-4.86157
907	2	4	1	2	7	1	5	-2.30587	-5.87545	-5.52355	-4.86157
908	2	4	1	2	7	1	5	-2.30587	-5.87545	-5.52355	-4.86157
909	4	7	10	4	1	7	1	-1.83298	-3.80549	-2.65309	-1.91533
910	8	10	2	2	11	12	6	-3.95367	-7.48686	-7.25545	-6.76719
911	7	21	5	62	4	61	44	-7.42506	-3.81282	-5.87071	-7.63249
912	2	1	12	88	2	1	5	-3.95317	-3.41876	-5.91775	-5.30942
913	2	4	1	2	2	1	5	-2.77788	-3.64913	-4.20127	-4.04495
914	1	2	3	4	5	9	3	-4.65526	-2.47235	-3.74901	-4.91032
915	2	4	1	2	7	1	5	-2.30587	-5.87545	-5.52355	-4.86157
916	2	4	1	2	2	1	5	-2.77788	-3.64913	-4.20127	-4.04495
917	2	4	1	2	2	1	5	-2.77788	-3.64913	-4.20127	-4.04495
918	2	4	1	2	7	1	5	-2.30587	-5.87545	-5.52355	-4.86157
919	4	7	10	4	1	7	1	-1.83298	-3.80549	-2.65309	-1.91533
920	2	1	5	3	2	3	5	-4.24366	-3.23986	-5.67249	-4.79925
921	2	4	1	2	7	1	5	-2.30587	-5.87545	-5.52355	-4.86157
922	2	4	1	2	2	1	5	-2.77788	-3.64913	-4.20127	-4.04495
923	8	10	2	2	11	12	6	-3.95367	-7.48686	-7.25545	-6.76719
924	2	1	12	3	2	1	5	-2.6254	-2.10681	-3.7654	-4.68835
925	48	7	10	4	183	7	1	-8.80908	-12.4668	-6.09763	-8.21647
926	7	21	5	62	4	61	44	-7.42506	-3.81282	-5.87071	-7.63249
927	4	7	10	4	1	7	1	-1.83298	-3.80549	-2.65309	-1.91533
928	9	25	2	10	22	3	6	-4.47706	-7.63641	-5.95271	-4.35312
929	2	4	1	2	2	1	5	-2.77788	-3.64913	-4.20127	-4.04495
930	2	4	1	2	7	1	5	-2.30587	-5.87545	-5.52355	-4.86157
931	2	4	1	2	2	1	5	-2.77788	-3.64913	-4.20127	-4.04495
932	2	4	1	2	2	1	5	-2.77788	-3.64913	-4.20127	-4.04495
933	9	25	2	10	22	3	6	-4.47706	-7.63641	-5.95271	-4.35312
934	2	4	1	2	2	1	5	-2.77788	-3.64913	-4.20127	-4.04495
935	2	4	1	2	2	1	5	-2.77788	-3.64913	-4.20127	-4.04495
936	2	4	1	2	7	1	5	-2.30587	-5.87545	-5.52355	-4.86157
937	2	4	1	2	7	1	5	-2.30587	-5.87545	-5.52355	-4.86157
938	2	4	1	2	2	1	5	-2.77788	-3.64913	-4.20127	-4.04495
939	2	4	1	2	2	1	5	-2.77788	-3.64913	-4.20127	-4.04495
940	4	7	10	4	1	7	1	-1.83298	-3.80549	-2.65309	-1.91533
941	2	4	1	2	2	1	5	-2.77788	-3.64913	-4.20127	-4.04495
942	4	7	10	4	1	7	1	-1.83298	-3.80549	-2.65309	-1.91533
943	2	4	1	2	7	1	5	-2.30587	-5.87545	-5.52355	-4.86157
944	2	4	1	2	2	1	5	-2.77788	-3.64913	-4.20127	-4.04495
945	4	7	10	4	1	7	1	-1.83298	-3.80549	-2.65309	-1.91533
946	9	25	2	10	22	3	6	-4.47706	-7.63641	-5.95271	-4.35312
947	10	81	50	99	120	76	52	-6.72257	-6.37343	-5.34553	-5.14891
948	2	1	21	3	2	1	5	-2.93484	-2.47933	-4.5589	-4.46941
949	4	7	10	4	1	7	1	-1.83298	-3.80549	-2.65309	-1.91533
950	2	4	1	2	7	1	5	-2.30587	-5.87545	-5.52355	-4.86157
951	4	7	10	4	1	7	1	-1.83298	-3.80549	-2.65309	-1.91533
952	4	7	10	4	1	7	1	-1.83298	-3.80549	-2.65309	-1.91533
953	8	315	2	2	11	12	6	-7.48706	-11.8633	-9.00382	-9.9479
954	8	10	2	2	11	12	6	-3.95367	-7.48686	-7.25545	-6.76719
955	2	4	1	2	2	1	5	-2.77788	-3.64913	-4.20127	-4.04495
956	4	7	10	4	1	7	1	-1.83298	-3.80549	-2.65309	-1.91533
957	2	4	1	2	2	1	5	-2.77788	-3.64913	-4.20127	-4.04495
958	2	4	1	2	2	1	5	-2.77788	-3.64913	-4.20127	-4.04495
959	2	4	1	2	2	1	5	-2.77788	-3.64913	-4.20127	-4.04495
960	2	4	1	2	7	1	5	-2.30587	-5.87545	-5.52355	-4.86157
961	2	4	1	2	2	1	5	-2.77788	-3.64913	-4.20127	-4.04495
962	2	4	1	2	2	1	5	-2.77788	-3.64913	-4.20127	-4.04495
963	2	1	21	3	2	1	5	-2.93484	-2.47933	-4.5589	-4.46941
964	2	4	1	2	2	1	5	-2.77788	-3.64913	-4.20127	-4.04495
965	1	4	2	2	2	3	17	-11.2292	-7.92515	-10.6785	-12.2582
966	2	4	1	2	2	1	5	-2.77788	-3.64913	-4.20127	-4.04495
967	2	4	1	2	2	1	5	-2.77788	-3.64913	-4.20127	-4.04495
968	7	21	5	62	4	61	44	-7.42506	-3.81282	-5.87071	-7.63249
969	2	4	1	2	2	1	5	-2.77788	-3.64913	-4.20127	-4.04495
970	4	7	10	4	1	7	1	-1.83298	-3.80549	-2.65309	-1.91533
971	2	4	1	2	2	1	5	-2.77788	-3.64913	-4.20127	-4.04495
972	10	1	16	19	10	5	7	-6.28483	-2.73052	-4.3596	-5.21461
973	8	10	2	2	11	12	6	-3.95367	-7.48686	-7.25545	-6.76719
974	4	7	10	4	1	7	1	-1.83298	-3.80549	-2.65309	-1.91533
975	2	4	2	2	6	1	5	-6.0937	-4.81981	-6.07275	-7.68151
976	2	4	1	2	2	1	5	-2.77788	-3.64913	-4.20127	-4.04495
977	2	4	1	2	2	1	5	-2.77788	-3.64913	-4.20127	-4.04495
978	2	1	12	3	2	1	5	-2.6254	-2.10681	-3.7654	-4.68835
979	2	1	21	3	2	1	5	-2.93484	-2.47933	-4.5589	-4.46941
980	1	4	2	2	6	3	17	-4.66413	-2.43324	-4.81561	-5.62928
981	9	2	4	62	4	5	6	-3.71567	-5.2167	-5.82003	-6.34197
982	9	2	4	62	4	5	6	-3.71567	-5.2167	-5.82003	-6.34197
983	2	4	1	2	2	1	5	-2.77788	-3.64913	-4.20127	-4.04495
984	9	25	2	10	22	3	6	-4.47706	-7.63641	-5.95271	-4.35312
985	2	1	12	3	2	1	5	-2.6254	-2.10681	-3.7654	-4.68835
986	2	4	1	2	2	1	5	-2.77788	-3.64913	-4.20127	-4.04495
987	2	4	1	2	2	1	5	-2.77788	-3.64913	-4.20127	-4.04495
988	2	4	1	2	2	1	5	-2.77788	-3.64913	-4.20127	-4.04495
989	1	4	2	2	6	3	17	-4.66413	-2.43324	-4.81561	-5.62928
990	1	4	2	2	6	3	17	-4.66413	-2.43324	-4.81561	-5.62928
991	9	25	2	10	22	3	6	-4.47706	-7.63641	-5.95271	-4.35312
992	1	4	2	2	6	3	17	-4.66413	-2.43324	-4.81561	-5.62928
993	2	4	1	2	2	1	5	-2.77788	-3.64913	-4.20127	-4.04495
994	2	4	1	2	2	1	5	-2.77788	-3.64913	-4.20127	-4.04495
995	8	10	2	2	11	12	6	-3.95367	-7.48686	-7.25545	-6.76719
996	2	4	1	2	2	1	5	-2.77788	-3.64913	-4.20127	-4.04495
997	2	1	5	3	2	5	5	-5.5935	-2.81803	-4.24377	-5.51222
998	8	10	2	2	11	12	6	-3.95367	-7.48686	-7.25545	-6.76719
999	2	4	1	2	2	1	5	-2.77788	-3.64913	-4.20127	-4.04495
1000	2	4	1	2	2	1	5	-2.77788	-3.64913	-4.20127	-4.04495
1001	2	1	21	3	2	1	5	-2.93484	-2.47933	-4.5589	-4.46941
1002	1	2	4	62	4	5	17	-6.10895	-4.83152	-7.78334	-8.49708
1003	2	1	12	3	2	1	5	-2.6254	-2.10681	-3.7654	-4.68835
1004	2	4	1	2	7	1	5	-2.30587	-5.87545	-5.52355	-4.86157
1005	1	307	3	4	5	9	3	-6.84213	-6.42032	-6.21335	-8.00726
1006	2	4	2	4	19	3	6	-5.79713	-9.37593	-9.09404	-8.604
1007	2	4	1	2	2	1	5	-2.77788	-3.64913	-4.20127	-4.04495
1008	1	4	2	2	6	3	17	-4.66413	-2.43324	-4.81561	-5.62928
1009	9	25	2	10	22	3	6	-4.47706	-7.63641	-5.95271	-4.35312
1010	4	7	10	4	1	7	1	-1.83298	-3.80549	-2.65309	-1.91533
1011	2	4	1	2	2	1	5	-2.77788	-3.64913	-4.20127	-4.04495
1012	10	1	16	19	10	5	7	-6.28483	-2.73052	-4.3596	-5.21461
1013	2	1	21	3	2	1	5	-2.93484	-2.47933	-4.5589	-4.46941
1014	4	7	10	4	1	7	1	-1.83298	-3.80549	-2.65309	-1.91533
1015	2	4	1	2	2	1	5	-2.77788	-3.64913	-4.20127	-4.04495
1016	1	2	3	4	5	9	3	-4.65526	-2.47235	-3.74901	-4.91032
1017	9	316	4	62	4	5	6	-6.85959	-6.43482	-9.1617	-9.47012
1018	9	25	2	10	22	3	6	-4.47706	-7.63641	-5.95271	-4.35312
1019	1	307	3	4	5	9	3	-6.84213	-6.42032	-6.21335	-8.00726
1020	2	4	1	2	2	1	5	-2.77788	-3.64913	-4.20127	-4.04495
1021	9	25	2	10	22	3	6	-4.47706	-7.63641	-5.95271	-4.35312
1022	2	4	1	2	2	1	5	-2.77788	-3.64913	-4.20127	-4.04495
1023	2	1	12	3	2	1	5	-2.6254	-2.10681	-3.7654	-4.68835
1024	2	1	5	3	2	5	5	-5.5935	-2.81803	-4.24377	-5.51222
1025	2	4	1	2	2	1	5	-2.77788	-3.64913	-4.20127	-4.04495
1026	2	1	12	3	2	1	5	-2.6254	-2.10681	-3.7654	-4.68835
1027	2	1	12	3	2	1	5	-2.6254	-2.10681	-3.7654	-4.68835
1028	10	1	16	19	10	5	7	-6.28483	-2.73052	-4.3596	-5.21461
1029	4	7	10	4	1	7	1	-1.83298	-3.80549	-2.65309	-1.91533
1030	2	4	1	2	2	1	5	-2.77788	-3.64913	-4.20127	-4.04495
1031	2	1	12	88	2	1	5	-3.95317	-3.41876	-5.91775	-5.30942
1032	2	1	21	3	2	1	5	-2.93484	-2.47933	-4.5589	-4.46941
1033	1	2	3	4	5	9	3	-4.65526	-2.47235	-3.74901	-4.91032
1034	8	10	2	2	11	12	6	-3.95367	-7.48686	-7.25545	-6.76719
1035	2	1	12	88	2	1	5	-3.95317	-3.41876	-5.91775	-5.30942
1036	33	39	30	82	104	173	68	-5.39763	-3.9614	-6.94774	-7.73025
1037	1	2	3	4	5	9	3	-4.65526	-2.47235	-3.74901	-4.91032
1038	9	25	2	10	22	3	6	-4.47706	-7.63641	-5.95271	-4.35312
1039	2	4	1	2	2	1	5	-2.77788	-3.64913	-4.20127	-4.04495
1040	8	10	2	2	11	12	6	-3.95367	-7.48686	-7.25545	-6.76719
1041	1	2	4	62	4	5	17	-6.10895	-4.83152	-7.78334	-8.49708
1042	10	1	16	19	10	5	7	-6.28483	-2.73052	-4.3596	-5.21461
1043	33	39	30	82	104	173	68	-5.39763	-3.9614	-6.94774	-7.73025
1044	2	4	1	2	2	1	5	-2.77788	-3.64913	-4.20127	-4.04495
1045	8	10	2	2	11	12	6	-3.95367	-7.48686	-7.25545	-6.76719
1046	2	1	5	3	2	5	5	-5.5935	-2.81803	-4.24377	-5.51222
1047	47	2	4	2	6	5	17	-10.9005	-11.0633	-6.27926	-8.27415
1048	1	2	3	4	5	9	3	-4.65526	-2.47235	-3.74901	-4.91032
1049	4	7	10	4	1	7	1	-1.83298	-3.80549	-2.65309	-1.91533
1050	2	1	5	3	2	3	5	-4.24366	-3.23986	-5.67249	-4.79925
1051	2	4	2	2	6	1	5	-6.0937	-4.81981	-6.07275	-7.68151
1052	2	4	1	2	2	1	5	-2.77788	-3.64913	-4.20127	-4.04495
1053	8	10	149	2	11	12	6	-4.88214	-3.95577	-5.83006	-7.04053
1054	9	25	2	10	22	3	6	-4.47706	-7.63641	-5.95271	-4.35312
1055	2	4	1	2	2	1	5	-2.77788	-3.64913	-4.20127	-4.04495
1056	1	2	3	4	5	9	3	-4.65526	-2.47235	-3.74901	-4.91032
1057	2	1	12	3	2	1	5	-2.6254	-2.10681	-3.7654	-4.68835
1058	4	7	10	4	42	51	1	-2.93136	-4.6431	-4.86672	-3.76968
1059	2	4	1	2	2	1	5	-2.77788	-3.64913	-4.20127	-4.04495
1060	2	1	1	3	2	1	5	-4.62133	-3.77613	-6.62402	-7.13873
1061	2	4	1	2	7	1	5	-2.30587	-5.87545	-5.52355	-4.86157
1062	8	10	2	2	11	12	6	-3.95367	-7.48686	-7.25545	-6.76719
1063	2	4	1	2	2	1	5	-2.77788	-3.64913	-4.20127	-4.04495
1064	9	2	4	62	4	5	6	-3.71567	-5.2167	-5.82003	-6.34197
1065	2	4	1	2	2	1	5	-2.77788	-3.64913	-4.20127	-4.04495
1066	4	7	10	4	1	7	1	-1.83298	-3.80549	-2.65309	-1.91533
1067	8	10	2	2	11	12	6	-3.95367	-7.48686	-7.25545	-6.76719
1068	2	4	2	2	6	1	5	-6.0937	-4.81981	-6.07275	-7.68151
1069	2	4	2	2	6	1	5	-6.0937	-4.81981	-6.07275	-7.68151
1070	2	4	2	2	6	1	5	-6.0937	-4.81981	-6.07275	-7.68151
1071	2	4	2	2	6	1	5	-6.0937	-4.81981	-6.07275	-7.68151
1072	2	4	1	2	2	1	5	-2.77788	-3.64913	-4.20127	-4.04495
1073	2	4	1	2	2	1	5	-2.77788	-3.64913	-4.20127	-4.04495
1074	2	1	12	3	2	1	5	-2.6254	-2.10681	-3.7654	-4.68835
1075	2	4	1	2	7	1	5	-2.30587	-5.87545	-5.52355	-4.86157
1076	4	7	10	4	42	51	1	-2.93136	-4.6431	-4.86672	-3.76968
1077	2	4	1	2	2	1	5	-2.77788	-3.64913	-4.20127	-4.04495
1078	8	10	2	2	11	12	6	-3.95367	-7.48686	-7.25545	-6.76719
1079	1	2	3	4	5	9	3	-4.65526	-2.47235	-3.74901	-4.91032
1080	1	2	3	4	5	9	3	-4.65526	-2.47235	-3.74901	-4.91032
1081	10	1	16	19	10	5	7	-6.28483	-2.73052	-4.3596	-5.21461
1082	8	10	2	2	11	12	6	-3.95367	-7.48686	-7.25545	-6.76719
1083	4	7	10	4	1	7	1	-1.83298	-3.80549	-2.65309	-1.91533
1084	2	4	1	2	2	1	5	-2.77788	-3.64913	-4.20127	-4.04495
1085	2	4	1	2	7	1	5	-2.30587	-5.87545	-5.52355	-4.86157
1086	2	1	21	3	2	1	5	-2.93484	-2.47933	-4.5589	-4.46941
1087	2	1	12	3	2	1	5	-2.6254	-2.10681	-3.7654	-4.68835
1088	2	4	2	4	19	3	6	-5.79713	-9.37593	-9.09404	-8.604
1089	8	10	149	2	11	12	6	-4.88214	-3.95577	-5.83006	-7.04053
1090	8	10	2	2	11	12	6	-3.95367	-7.48686	-7.25545	-6.76719
1091	2	1	12	3	2	1	5	-2.6254	-2.10681	-3.7654	-4.68835
1092	2	1	12	3	2	1	5	-2.6254	-2.10681	-3.7654	-4.68835
1093	2	1	5	3	2	3	5	-4.24366	-3.23986	-5.67249	-4.79925
1094	184	39	30	82	113	43	17	-3.95275	-6.16043	-7.16683	-6.75416
1095	2	1	12	3	2	1	5	-2.6254	-2.10681	-3.7654	-4.68835
1096	2	4	1	2	2	1	5	-2.77788	-3.64913	-4.20127	-4.04495
1097	4	7	10	4	1	7	1	-1.83298	-3.80549	-2.65309	-1.91533
1098	8	10	2	2	11	12	6	-3.95367	-7.48686	-7.25545	-6.76719
1099	4	7	10	4	1	7	1	-1.83298	-3.80549	-2.65309	-1.91533
1100	4	7	10	4	42	51	1	-2.93136	-4.6431	-4.86672	-3.76968
1101	9	25	2	10	22	3	6	-4.47706	-7.63641	-5.95271	-4.35312
1102	9	2	4	62	4	5	6	-3.71567	-5.2167	-5.82003	-6.34197
1103	4	7	10	4	1	7	1	-1.83298	-3.80549	-2.65309	-1.91533
1104	2	4	1	2	7	1	5	-2.30587	-5.87545	-5.52355	-4.86157
1105	4	7	10	4	1	7	1	-1.83298	-3.80549	-2.65309	-1.91533
1106	8	10	2	2	11	12	6	-3.95367	-7.48686	-7.25545	-6.76719
1107	2	4	1	2	2	1	5	-2.77788	-3.64913	-4.20127	-4.04495
1108	4	7	10	4	42	51	1	-2.93136	-4.6431	-4.86672	-3.76968
1109	1	2	3	4	5	9	3	-4.65526	-2.47235	-3.74901	-4.91032
1110	2	1	12	3	2	1	5	-2.6254	-2.10681	-3.7654	-4.68835
1111	2	4	1	2	2	1	5	-2.77788	-3.64913	-4.20127	-4.04495
1112	10	81	50	99	120	76	52	-6.72257	-6.37343	-5.34553	-5.14891
1113	2	4	1	2	2	1	5	-2.77788	-3.64913	-4.20127	-4.04495
1114	4	7	10	4	42	51	1	-2.93136	-4.6431	-4.86672	-3.76968
1115	4	7	10	4	42	51	1	-2.93136	-4.6431	-4.86672	-3.76968
1116	4	7	10	4	1	7	1	-1.83298	-3.80549	-2.65309	-1.91533
1117	3	1	5	10	11	11	6	-10.0942	-6.44902	-9.59389	-11.0122
1118	10	81	50	99	120	76	52	-6.72257	-6.37343	-5.34553	-5.14891
1119	2	4	1	2	2	1	5	-2.77788	-3.64913	-4.20127	-4.04495
1120	4	7	10	4	1	7	1	-1.83298	-3.80549	-2.65309	-1.91533
1121	4	7	10	4	1	7	1	-1.83298	-3.80549	-2.65309	-1.91533
1122	4	7	10	4	42	51	1	-2.93136	-4.6431	-4.86672	-3.76968
1123	2	1	12	3	2	1	5	-2.6254	-2.10681	-3.7654	-4.68835
1124	2	4	1	2	2	1	5	-2.77788	-3.64913	-4.20127	-4.04495
1125	2	1	1	3	2	1	5	-4.62133	-3.77613	-6.62402	-7.13873
1126	2	4	1	2	2	1	5	-2.77788	-3.64913	-4.20127	-4.04495
1127	2	4	1	2	2	1	5	-2.77788	-3.64913	-4.20127	-4.04495
1128	2	4	1	2	2	1	5	-2.77788	-3.64913	-4.20127	-4.04495
1129	2	4	1	2	2	1	5	-2.77788	-3.64913	-4.20127	-4.04495
1130	1	2	3	4	5	9	3	-4.65526	-2.47235	-3.74901	-4.91032
1131	8	10	2	2	11	12	6	-3.95367	-7.48686	-7.25545	-6.76719
1132	2	1	21	3	2	1	5	-2.93484	-2.47933	-4.5589	-4.46941
1133	2	4	1	2	2	1	5	-2.77788	-3.64913	-4.20127	-4.04495
1134	2	1	21	3	2	1	5	-2.93484	-2.47933	-4.5589	-4.46941
1135	2	1	21	3	2	1	5	-2.93484	-2.47933	-4.5589	-4.46941
1136	2	4	1	2	2	1	5	-2.77788	-3.64913	-4.20127	-4.04495
1137	1	2	3	4	5	9	3	-4.65526	-2.47235	-3.74901	-4.91032
1138	10	1	16	19	10	5	7	-6.28483	-2.73052	-4.3596	-5.21461
1139	2	1	12	3	2	1	5	-2.6254	-2.10681	-3.7654	-4.68835
1140	7	21	5	62	4	61	44	-7.42506	-3.81282	-5.87071	-7.63249
1141	2	4	1	2	2	1	5	-2.77788	-3.64913	-4.20127	-4.04495
1142	2	1	12	3	2	1	5	-2.6254	-2.10681	-3.7654	-4.68835
1143	2	4	1	2	7	1	5	-2.30587	-5.87545	-5.52355	-4.86157
1144	2	1	5	3	2	3	5	-4.24366	-3.23986	-5.67249	-4.79925
1145	2	1	21	3	2	1	5	-2.93484	-2.47933	-4.5589	-4.46941
1146	2	1	21	3	2	1	5	-2.93484	-2.47933	-4.5589	-4.46941
1147	2	1	21	3	2	1	5	-2.93484	-2.47933	-4.5589	-4.46941
1148	2	1	21	3	2	1	5	-2.93484	-2.47933	-4.5589	-4.46941
1149	2	1	12	3	2	1	5	-2.6254	-2.10681	-3.7654	-4.68835
1150	8	10	2	2	11	12	6	-3.95367	-7.48686	-7.25545	-6.76719
1151	129	66	30	82	189	47	17	-3.24907	-4.88262	-5.47627	-4.116
1152	1	307	3	4	5	9	3	-6.84213	-6.42032	-6.21335	-8.00726
1153	8	10	2	2	11	12	6	-3.95367	-7.48686	-7.25545	-6.76719
1154	2	4	2	2	6	1	5	-6.0937	-4.81981	-6.07275	-7.68151
1155	1	4	2	2	6	3	17	-4.66413	-2.43324	-4.81561	-5.62928
1156	2	4	1	2	2	1	5	-2.77788	-3.64913	-4.20127	-4.04495
1157	8	10	2	2	11	12	6	-3.95367	-7.48686	-7.25545	-6.76719
1158	2	4	2	2	6	1	5	-6.0937	-4.81981	-6.07275	-7.68151
1159	2	1	21	3	2	1	5	-2.93484	-2.47933	-4.5589	-4.46941
1160	2	4	5	2	2	5	5	-3.67229	-7.21004	-6.6761	-5.71863
1161	7	21	5	62	4	61	44	-7.42506	-3.81282	-5.87071	-7.63249
1162	2	1	12	3	2	1	5	-2.6254	-2.10681	-3.7654	-4.68835
1163	10	27	16	19	10	5	7	-20.4631	-13.0493	-16.2944	-18.1188
1164	33	283	44	82	189	44	17	-7.03118	-3.45346	-5.64475	-6.06431
1165	9	25	2	10	22	3	6	-4.47706	-7.63641	-5.95271	-4.35312
1166	7	21	5	62	4	61	44	-7.42506	-3.81282	-5.87071	-7.63249
1167	2	1	5	3	2	3	5	-4.24366	-3.23986	-5.67249	-4.79925
1168	2	1	5	3	2	3	5	-4.24366	-3.23986	-5.67249	-4.79925
1169	9	25	2	10	22	3	6	-4.47706	-7.63641	-5.95271	-4.35312
1170	2	1	5	3	2	3	5	-4.24366	-3.23986	-5.67249	-4.79925
1171	2	4	1	2	2	1	5	-2.77788	-3.64913	-4.20127	-4.04495
1172	129	66	30	82	189	47	17	-3.24907	-4.88262	-5.47627	-4.116
1173	2	4	1	2	2	1	5	-2.77788	-3.64913	-4.20127	-4.04495
1174	2	1	5	3	2	3	5	-4.24366	-3.23986	-5.67249	-4.79925
1175	2	1	12	3	2	1	5	-2.6254	-2.10681	-3.7654	-4.68835
1176	2	4	1	2	2	1	5	-2.77788	-3.64913	-4.20127	-4.04495
1177	1	4	2	2	6	3	17	-4.66413	-2.43324	-4.81561	-5.62928
1178	2	1	12	3	2	1	5	-2.6254	-2.10681	-3.7654	-4.68835
1179	1	4	2	2	446	3	17	-8.18878	-6.77522	-6.54781	-8.80111
1180	2	1	5	88	2	11	5	-8.85212	-5.33525	-6.16549	-8.09132
1181	2	4	2	2	6	1	5	-6.0937	-4.81981	-6.07275	-7.68151
1182	9	25	2	10	22	3	6	-4.47706	-7.63641	-5.95271	-4.35312
1183	2	1	5	3	2	3	5	-4.24366	-3.23986	-5.67249	-4.79925
1184	7	21	5	62	4	61	44	-7.42506	-3.81282	-5.87071	-7.63249
1185	1	2	3	4	5	9	3	-4.65526	-2.47235	-3.74901	-4.91032
1186	2	4	1	2	2	1	5	-2.77788	-3.64913	-4.20127	-4.04495
1187	7	21	5	62	4	61	44	-7.42506	-3.81282	-5.87071	-7.63249
1188	33	39	30	82	104	173	68	-5.39763	-3.9614	-6.94774	-7.73025
1189	1	4	2	2	6	3	17	-4.66413	-2.43324	-4.81561	-5.62928
1190	2	1	21	3	2	1	5	-2.93484	-2.47933	-4.5589	-4.46941
1191	4	7	10	4	1	7	1	-1.83298	-3.80549	-2.65309	-1.91533
1192	2	1	5	3	2	5	5	-5.5935	-2.81803	-4.24377	-5.51222
1193	1	4	2	2	6	3	17	-4.66413	-2.43324	-4.81561	-5.62928
1194	2	4	1	2	2	1	5	-2.77788	-3.64913	-4.20127	-4.04495
1195	2	4	1	2	2	1	5	-2.77788	-3.64913	-4.20127	-4.04495
1196	2	1	12	3	2	1	5	-2.6254	-2.10681	-3.7654	-4.68835
1197	2	1	6	3	2	3	5	-6.78251	-7.58919	-7.05063	-7.50744
1198	4	7	10	4	1	7	1	-1.83298	-3.80549	-2.65309	-1.91533
1199	2	4	1	2	7	1	5	-2.30587	-5.87545	-5.52355	-4.86157
1200	2	1	1	3	2	1	5	-4.62133	-3.77613	-6.62402	-7.13873
1201	2	4	1	2	2	1	5	-2.77788	-3.64913	-4.20127	-4.04495
1202	7	2	5	2	10	3	6	-31.5621	-28.4083	-27.7163	-28.6822
1203	2	1	21	3	2	1	5	-2.93484	-2.47933	-4.5589	-4.46941
1204	2	4	1	2	7	1	5	-2.30587	-5.87545	-5.52355	-4.86157
1205	4	7	10	4	1	7	1	-1.83298	-3.80549	-2.65309	-1.91533
1206	2	4	1	2	7	1	5	-2.30587	-5.87545	-5.52355	-4.86157
1207	2	4	1	2	2	1	5	-2.77788	-3.64913	-4.20127	-4.04495
1208	1	4	2	2	6	3	17	-4.66413	-2.43324	-4.81561	-5.62928
1209	2	4	1	2	2	1	5	-2.77788	-3.64913	-4.20127	-4.04495
1210	2	4	1	2	2	1	5	-2.77788	-3.64913	-4.20127	-4.04495
1211	74	10	2	2	11	12	6	-7.48707	-11.8633	-9.00397	-9.94834
1212	1	2	3	4	5	9	3	-4.65526	-2.47235	-3.74901	-4.91032
1213	2	1	5	3	2	3	5	-4.24366	-3.23986	-5.67249	-4.79925
1214	4	7	10	4	1	7	1	-1.83298	-3.80549	-2.65309	-1.91533
1215	2	4	2	2	6	1	5	-6.0937	-4.81981	-6.07275	-7.68151
1216	2	1	12	3	2	1	5	-2.6254	-2.10681	-3.7654	-4.68835
1217	2	1	21	3	2	1	5	-2.93484	-2.47933	-4.5589	-4.46941
1218	2	4	1	2	2	1	5	-2.77788	-3.64913	-4.20127	-4.04495
1219	2	1	21	3	2	1	5	-2.93484	-2.47933	-4.5589	-4.46941
1220	4	7	10	4	1	7	1	-1.83298	-3.80549	-2.65309	-1.91533
1221	2	1	21	3	2	1	5	-2.93484	-2.47933	-4.5589	-4.46941
1222	2	4	1	2	2	1	5	-2.77788	-3.64913	-4.20127	-4.04495
1223	4	7	10	4	1	7	1	-1.83298	-3.80549	-2.65309	-1.91533
1224	2	4	1	2	2	1	5	-2.77788	-3.64913	-4.20127	-4.04495
1225	4	7	10	4	1	7	1	-1.83298	-3.80549	-2.65309	-1.91533
1226	4	7	10	4	42	51	1	-2.93136	-4.6431	-4.86672	-3.76968
1227	4	7	10	4	42	7	1	-6.62938	-8.66558	-5.61461	-4.65993
1228	2	4	1	2	2	1	5	-2.77788	-3.64913	-4.20127	-4.04495
1229	2	1	5	3	2	3	5	-4.24366	-3.23986	-5.67249	-4.79925
1230	10	81	50	99	120	76	52	-6.72257	-6.37343	-5.34553	-5.14891
1231	2	4	1	2	7	1	5	-2.30587	-5.87545	-5.52355	-4.86157
1232	2	4	1	2	7	1	5	-2.30587	-5.87545	-5.52355	-4.86157
1233	4	7	10	4	1	7	1	-1.83298	-3.80549	-2.65309	-1.91533
1234	1	4	2	2	6	3	17	-4.66413	-2.43324	-4.81561	-5.62928
1235	4	7	10	4	1	7	1	-1.83298	-3.80549	-2.65309	-1.91533
1236	2	4	1	2	2	1	5	-2.77788	-3.64913	-4.20127	-4.04495
1237	4	7	10	4	1	7	1	-1.83298	-3.80549	-2.65309	-1.91533
1238	4	7	10	4	42	51	1	-2.93136	-4.6431	-4.86672	-3.76968
1239	1	307	3	4	5	9	3	-6.84213	-6.42032	-6.21335	-8.00726
1240	2	4	2	2	6	1	5	-6.0937	-4.81981	-6.07275	-7.68151
1241	8	10	149	2	11	12	6	-4.88214	-3.95577	-5.83006	-7.04053
1242	2	1	12	3	2	1	5	-2.6254	-2.10681	-3.7654	-4.68835
1243	2	4	1	2	2	1	5	-2.77788	-3.64913	-4.20127	-4.04495
1244	2	4	1	2	2	1	5	-2.77788	-3.64913	-4.20127	-4.04495
1245	2	4	1	2	2	1	5	-2.77788	-3.64913	-4.20127	-4.04495
1246	4	7	10	4	42	51	1	-2.93136	-4.6431	-4.86672	-3.76968
1247	2	4	1	2	2	1	5	-2.77788	-3.64913	-4.20127	-4.04495
1248	2	4	1	2	2	1	5	-2.77788	-3.64913	-4.20127	-4.04495
1249	2	1	12	88	2	1	5	-3.95317	-3.41876	-5.91775	-5.30942
1250	1	4	2	2	6	3	17	-4.66413	-2.43324	-4.81561	-5.62928
1251	9	2	4	62	4	5	6	-3.71567	-5.2167	-5.82003	-6.34197
1252	2	4	1	2	7	1	5	-2.30587	-5.87545	-5.52355	-4.86157
1253	2	4	5	2	2	5	5	-3.67229	-7.21004	-6.6761	-5.71863
1254	2	1	21	3	2	1	5	-2.93484	-2.47933	-4.5589	-4.46941
1255	1	4	2	2	6	3	17	-4.66413	-2.43324	-4.81561	-5.62928
1256	2	1	21	3	2	1	5	-2.93484	-2.47933	-4.5589	-4.46941
1257	2	4	1	2	2	5	5	-6.81591	-6.39734	-8.98754	-9.37706
1258	2	1	12	3	2	1	5	-2.6254	-2.10681	-3.7654	-4.68835
1259	2	4	2	2	6	1	5	-6.0937	-4.81981	-6.07275	-7.68151
1260	2	4	1	2	2	1	5	-2.77788	-3.64913	-4.20127	-4.04495
1261	2	4	1	2	2	1	5	-2.77788	-3.64913	-4.20127	-4.04495
1262	1	307	3	4	5	9	3	-6.84213	-6.42032	-6.21335	-8.00726
1263	9	25	2	10	22	3	6	-4.47706	-7.63641	-5.95271	-4.35312
1264	2	1	1	380	2	1	5	-6.15898	-5.72422	-8.45612	-8.76998
1265	2	4	1	2	2	1	5	-2.77788	-3.64913	-4.20127	-4.04495
1266	2	4	1	2	2	1	5	-2.77788	-3.64913	-4.20127	-4.04495
1267	2	1	12	3	2	1	5	-2.6254	-2.10681	-3.7654	-4.68835
1268	1	2	3	4	5	9	3	-4.65526	-2.47235	-3.74901	-4.91032
1269	2	4	1	2	2	1	5	-2.77788	-3.64913	-4.20127	-4.04495
1270	2	4	1	2	2	1	5	-2.77788	-3.64913	-4.20127	-4.04495
1271	2	4	1	2	2	1	5	-2.77788	-3.64913	-4.20127	-4.04495
1272	1	2	3	4	5	9	3	-4.65526	-2.47235	-3.74901	-4.91032
1273	9	2	2	212	309	253	147	-25.0802	-28.4404	-18.6878	-23.9465
1274	2	1	21	3	2	1	5	-2.93484	-2.47933	-4.5589	-4.46941
1275	47	2	4	2	6	5	17	-10.9005	-11.0633	-6.27926	-8.27415
1276	1	2	3	4	5	9	3	-4.65526	-2.47235	-3.74901	-4.91032
1277	2	4	1	2	2	1	5	-2.77788	-3.64913	-4.20127	-4.04495
1278	2	4	1	2	2	1	5	-2.77788	-3.64913	-4.20127	-4.04495
1279	9	2	4	62	4	5	6	-3.71567	-5.2167	-5.82003	-6.34197
1280	2	1	12	3	2	1	5	-2.6254	-2.10681	-3.7654	-4.68835
1281	2	4	1	2	2	1	5	-2.77788	-3.64913	-4.20127	-4.04495
1282	2	4	1	2	7	1	5	-2.30587	-5.87545	-5.52355	-4.86157
1283	7	17	2	15	23	3	12	-6.90033	-10.4815	-10.2046	-9.71336
1284	2	1	1	3	2	1	5	-4.62133	-3.77613	-6.62402	-7.13873
1285	2	1	12	3	2	1	5	-2.6254	-2.10681	-3.7654	-4.68835
1286	2	4	1	2	2	1	5	-2.77788	-3.64913	-4.20127	-4.04495
1287	2	1	5	3	2	3	5	-4.24366	-3.23986	-5.67249	-4.79925
1288	2	4	1	2	2	1	5	-2.77788	-3.64913	-4.20127	-4.04495
1289	2	4	1	2	2	1	5	-2.77788	-3.64913	-4.20127	-4.04495
1290	1	4	2	2	6	3	17	-4.66413	-2.43324	-4.81561	-5.62928
1291	2	1	2	3	2	3	5	-3.75744	-7.24569	-7.05013	-6.5641
1292	2	1	5	3	2	3	5	-4.24366	-3.23986	-5.67249	-4.79925
1293	1	2	3	3	5	9	3	-11.7176	-8.19438	-9.91616	-12.06
1294	4	7	10	4	42	51	1	-2.93136	-4.6431	-4.86672	-3.76968
1295	1	4	2	2	6	3	17	-4.66413	-2.43324	-4.81561	-5.62928
1296	2	1	5	3	2	3	5	-4.24366	-3.23986	-5.67249	-4.79925
1297	4	7	10	4	1	7	1	-1.83298	-3.80549	-2.65309	-1.91533
1298	2	4	1	2	2	1	5	-2.77788	-3.64913	-4.20127	-4.04495
1299	4	7	10	4	1	7	1	-1.83298	-3.80549	-2.65309	-1.91533
1300	2	1	21	3	2	1	5	-2.93484	-2.47933	-4.5589	-4.46941
1301	2	4	1	2	2	1	5	-2.77788	-3.64913	-4.20127	-4.04495
1302	4	7	10	4	1	7	1	-1.83298	-3.80549	-2.65309	-1.91533
1303	2	4	1	2	2	1	5	-2.77788	-3.64913	-4.20127	-4.04495
1304	2	1	5	3	2	5	5	-5.5935	-2.81803	-4.24377	-5.51222
1305	2	4	1	2	2	1	5	-2.77788	-3.64913	-4.20127	-4.04495
1306	2	1	21	3	2	1	5	-2.93484	-2.47933	-4.5589	-4.46941
1307	2	1	5	3	2	5	5	-5.5935	-2.81803	-4.24377	-5.51222
1308	1	4	2	2	6	3	17	-4.66413	-2.43324	-4.81561	-5.62928
1309	1	4	2	2	6	3	17	-4.66413	-2.43324	-4.81561	-5.62928
1310	2	1	5	3	2	3	5	-4.24366	-3.23986	-5.67249	-4.79925
1311	1	4	2	2	6	3	17	-4.66413	-2.43324	-4.81561	-5.62928
1312	2	4	1	2	2	1	5	-2.77788	-3.64913	-4.20127	-4.04495
1313	2	1	12	88	2	1	5	-3.95317	-3.41876	-5.91775	-5.30942
1314	2	1	5	3	2	3	5	-4.24366	-3.23986	-5.67249	-4.79925
1315	2	4	5	2	2	1	5	-6.16735	-9.26881	-8.84547	-8.82497
1316	2	4	1	2	2	1	5	-2.77788	-3.64913	-4.20127	-4.04495
1317	1	4	2	2	6	3	17	-4.66413	-2.43324	-4.81561	-5.62928
1318	2	1	21	3	2	1	5	-2.93484	-2.47933	-4.5589	-4.46941
1319	4	7	10	4	1	7	1	-1.83298	-3.80549	-2.65309	-1.91533
1320	1	2	3	4	5	9	3	-4.65526	-2.47235	-3.74901	-4.91032
1321	2	4	1	2	7	1	5	-2.30587	-5.87545	-5.52355	-4.86157
1322	4	7	10	4	1	7	1	-1.83298	-3.80549	-2.65309	-1.91533
1323	4	7	10	4	1	7	1	-1.83298	-3.80549	-2.65309	-1.91533
1324	1	4	2	2	6	3	17	-4.66413	-2.43324	-4.81561	-5.62928
1325	2	4	1	2	7	1	5	-2.30587	-5.87545	-5.52355	-4.86157
1326	4	7	10	4	1	7	1	-1.83298	-3.80549	-2.65309	-1.91533
1327	8	10	2	2	11	12	6	-3.95367	-7.48686	-7.25545	-6.76719
1328	969	7	10	4	1	7	1	-5.28825	-8.16588	-4.39764	-5.0944
1329	4	7	10	4	1	7	1	-1.83298	-3.80549	-2.65309	-1.91533
1330	10	27	16	942	10	5	7	-23.9964	-17.4262	-18.0432	-21.2998
1331	10	27	16	941	10	5	7	-23.9964	-17.4262	-18.0432	-21.2998
1332	4	7	10	4	1	7	1	-1.83298	-3.80549	-2.65309	-1.91533
1333	4	7	10	4	1	7	1	-1.83298	-3.80549	-2.65309	-1.91533
1334	129	66	30	82	189	47	17	-3.24907	-4.88262	-5.47627	-4.116
1335	4	7	10	4	1	7	1	-1.83298	-3.80549	-2.65309	-1.91533
1336	4	7	10	4	1	7	1	-1.83298	-3.80549	-2.65309	-1.91533
1337	2	4	1	2	2	1	5	-2.77788	-3.64913	-4.20127	-4.04495
1338	2	1	2	3	2	3	5	-3.75744	-7.24569	-7.05013	-6.5641
1339	10	27	16	19	10	5	7	-20.4631	-13.0493	-16.2944	-18.1188
1340	2	4	1	2	2	1	5	-2.77788	-3.64913	-4.20127	-4.04495
1341	33	39	30	82	104	173	68	-5.39763	-3.9614	-6.94774	-7.73025
1342	1	4	2	2	6	3	17	-4.66413	-2.43324	-4.81561	-5.62928
1343	2	1	5	3	2	5	5	-5.5935	-2.81803	-4.24377	-5.51222
1344	2	1	12	3	2	1	5	-2.6254	-2.10681	-3.7654	-4.68835
1345	8	10	2	2	11	12	6	-3.95367	-7.48686	-7.25545	-6.76719
1346	2	1	1	3	2	1	5	-4.62133	-3.77613	-6.62402	-7.13873
1347	1	4	2	2	6	3	17	-4.66413	-2.43324	-4.81561	-5.62928
1348	7	2	2	2	11	12	6	-4.50029	-8.08162	-7.8032	-7.31346
1349	9	2	4	62	4	5	6	-3.71567	-5.2167	-5.82003	-6.34197
1350	2	1	21	3	2	1	5	-2.93484	-2.47933	-4.5589	-4.46941
1351	9	7	10	4	1	7	1	-10.2332	-12.4721	-11.0533	-10.013
1352	2	1	12	3	920	1	5	-6.15953	-6.47396	-5.51352	-7.8687
1353	239	27	16	19	10	5	7	-10.0959	-6.45123	-9.59897	-11.0153
1354	7	17	2	15	23	3	12	-6.90033	-10.4815	-10.2046	-9.71336
1355	1	4	2	2	6	3	17	-4.66413	-2.43324	-4.81561	-5.62928
1356	1	6	60	24	12	28	1	-27.7679	-32.5634	-15.5413	-21.7455
1357	2	4	5	2	10	1	5	-6.89274	-10.4658	-10.185	-9.7024
1358	10	81	50	99	120	76	52	-6.72257	-6.37343	-5.34553	-5.14891
1359	4	7	10	4	1	7	1	-1.83298	-3.80549	-2.65309	-1.91533
1360	2	1	5	3	2	5	5	-5.5935	-2.81803	-4.24377	-5.51222
1361	4	7	10	1	1	7	1	-5.27335	-8.62046	-6.02618	-6.05235
1362	2	4	5	2	10	1	5	-6.89274	-10.4658	-10.185	-9.7024
1363	2	1	21	3	2	1	5	-2.93484	-2.47933	-4.5589	-4.46941
1364	2	1	21	3	2	1	5	-2.93484	-2.47933	-4.5589	-4.46941
1365	2	4	1	2	2	1	5	-2.77788	-3.64913	-4.20127	-4.04495
1366	2	4	2	2	6	1	5	-6.0937	-4.81981	-6.07275	-7.68151
1367	2	4	1	2	7	1	5	-2.30587	-5.87545	-5.52355	-4.86157
1368	2	4	1	2	2	1	5	-2.77788	-3.64913	-4.20127	-4.04495
1369	2	4	1	2	2	1	5	-2.77788	-3.64913	-4.20127	-4.04495
1370	4	7	10	4	1	7	1	-1.83298	-3.80549	-2.65309	-1.91533
1371	4	7	10	4	42	51	1	-2.93136	-4.6431	-4.86672	-3.76968
1372	2	1	5	3	2	3	5	-4.24366	-3.23986	-5.67249	-4.79925
1373	2	1	12	3	2	1	5	-2.6254	-2.10681	-3.7654	-4.68835
1374	2	1	1	3	2	1	5	-4.62133	-3.77613	-6.62402	-7.13873
1375	2	4	1	2	2	1	5	-2.77788	-3.64913	-4.20127	-4.04495
1376	4	7	10	4	1	7	1	-1.83298	-3.80549	-2.65309	-1.91533
1377	10	1	16	19	10	5	7	-6.28483	-2.73052	-4.3596	-5.21461
1378	2	4	1	2	7	1	5	-2.30587	-5.87545	-5.52355	-4.86157
1379	2	4	1	2	2	1	5	-2.77788	-3.64913	-4.20127	-4.04495
1380	10	81	50	99	120	76	52	-6.72257	-6.37343	-5.34553	-5.14891
1381	2	1	12	3	2	1	5	-2.6254	-2.10681	-3.7654	-4.68835
1382	2	4	1	2	2	1	5	-2.77788	-3.64913	-4.20127	-4.04495
1383	2	4	1	2	7	1	5	-2.30587	-5.87545	-5.52355	-4.86157
1384	1	2	3	4	5	9	3	-4.65526	-2.47235	-3.74901	-4.91032
1385	8	10	2	2	11	12	6	-3.95367	-7.48686	-7.25545	-6.76719
1386	1	4	2	2	6	3	17	-4.66413	-2.43324	-4.81561	-5.62928
1387	2	4	1	2	2	1	5	-2.77788	-3.64913	-4.20127	-4.04495
1388	2	4	1	2	2	1	5	-2.77788	-3.64913	-4.20127	-4.04495
1389	10	7	10	4	1	7	1	-12.4591	-11.0438	-9.80135	-9.15906
1390	2	1	21	3	2	1	5	-2.93484	-2.47933	-4.5589	-4.46941
1391	2	1	21	3	2	1	5	-2.93484	-2.47933	-4.5589	-4.46941
1392	10	1	16	19	10	5	7	-6.28483	-2.73052	-4.3596	-5.21461
1393	2	1	5	3	2	3	5	-4.24366	-3.23986	-5.67249	-4.79925
1394	2	1	5	3	2	3	5	-4.24366	-3.23986	-5.67249	-4.79925
1395	2	4	1	2	2	5	5	-6.81591	-6.39734	-8.98754	-9.37706
1396	2	4	1	2	7	1	5	-2.30587	-5.87545	-5.52355	-4.86157
1397	10	1	16	19	10	5	7	-6.28483	-2.73052	-4.3596	-5.21461
1398	2	4	1	2	7	1	5	-2.30587	-5.87545	-5.52355	-4.86157
1399	2	934	1	2	2	1	5	-6.2335	-8.01963	-5.93865	-7.20985
