Isolate	Loci0	Loci1	Loci2	Loci3	Loci4	Loci5	Loci6	Source0	Source1	Source2	Source3
0	1	2	3	4	5	9	3	-4.67644	-2.50871	-3.56331	-4.96453
1	4	7	10	4	1	7	1	-1.83167	-3.70231	-2.61003	-1.92392
2	2	4	1	2	2	1	5	-2.78083	-3.63225	-4.14105	-4.06843
3	2	4	1	2	2	1	5	-2.78083	-3.63225	-4.14105	-4.06843
4	9	25	2	10	22	3	6	-4.47816	-7.31678	-5.78805	-4.35442
5	4	7	10	4	1	7	1	-1.83167	-3.70231	-2.61003	-1.92392
6	4	7	10	4	1	7	1	-1.83167	-3.70231	-2.61003	-1.92392
7	4	7	10	4	42	51	1	-2.93612	-4.57131	-4.78307	-3.77626
8	2	4	1	2	2	1	5	-2.78083	-3.63225	-4.14105	-4.06843
9	10	81	50	99	120	76	52	-6.67936	-6.39296	-5.3079	-5.16795
10	2	1	21	3	2	1	5	-2.94436	-2.50206	-4.1692	-4.47422
11	2	1	21	3	2	1	5	-2.94436	-2.50206	-4.1692	-4.47422
12	9	25	2	10	22	3	6	-4.47816	-7.31678	-5.78805	-4.35442
13	2	1	21	3	2	1	5	-2.94436	-2.50206	-4.1692	-4.47422
14	10	27	16	19	10	5	7	-20.2438	-12.9342	-15.5454	-17.8097
15	2	4	1	2	2	1	5	-2.78083	-3.63225	-4.14105	-4.06843
16	2	4	1	2	2	1	5	-2.78083	-3.63225	-4.14105	-4.06843
17	9	2	4	62	4	5	6	-3.72515	-5.15728	-5.85235	-6.41675
18	9	53	2	53	11	3	3	-32.5576	-29.1666	-24.7963	-26.0797
19	2	4	1	2	2	1	5	-2.78083	-3.63225	-4.14105	-4.06843
20	2	4	1	2	2	1	5	-2.78083	-3.63225	-4.14105	-4.06843
21	4	7	10	4	1	7	1	-1.83167	-3.70231	-2.61003	-1.92392
22	2	4	1	2	2	1	5	-2.78083	-3.63225	-4.14105	-4.06843
23	1	4	2	2	6	3	17	-4.70046	-2.47045	-4.28102	-5.60448
24	4	7	10	4	1	7	1	-1.83167	-3.70231	-2.61003	-1.92392
25	2	1	21	3	2	1	5	-2.94436	-2.50206	-4.1692	-4.47422
26	8	10	2	2	11	12	6	-3.96243	-6.94324	-7.70821	-6.82397
27	2	4	2	2	6	1	5	-6.10547	-4.85016	-5.9056	-7.78443
28	2	1	12	3	2	1	5	-2.63482	-2.12912	-3.52101	-4.73133
29	2	4	1	2	2	1	5	-2.78083	-3.63225	-4.14105	-4.06843
30	4	7	10	4	1	7	1	-1.83167	-3.70231	-2.61003	-1.92392
31	10	1	16	19	10	5	7	-6.36223	-2.76938	-4.07927	-5.23684
32	1	2	3	4	5	9	3	-4.67644	-2.50871	-3.56331	-4.96453
33	2	4	1	2	2	1	5	-2.78083	-3.63225	-4.14105	-4.06843
34	2	4	1	2	2	1	5	-2.78083	-3.63225	-4.14105	-4.06843
35	2	4	1	2	2	1	5	-2.78083	-3.63225	-4.14105	-4.06843
36	4	7	10	4	1	7	1	-1.83167	-3.70231	-2.61003	-1.92392
37	129	66	30	82	189	47	17	-3.25607	-4.81986	-5.33927	-4.1214
38	2	1	12	3	357	1	5	-8.18133	-6.9352	-5.90707	-7.90357
39	9	2	4	62	4	5	6	-3.72515	-5.15728	-5.85235	-6.41675
40	2	1	1	3	2	1	5	-4.63005	-3.80264	-5.90862	-7.1025
41	2	1	12	3	357	1	5	-8.18133	-6.9352	-5.90707	-7.90357
42	2	1	5	3	2	3	5	-4.25545	-3.26962	-5.08199	-4.79033
43	2	1	5	3	2	3	5	-4.25545	-3.26962	-5.08199	-4.79033
44	2	4	1	2	2	1	5	-2.78083	-3.63225	-4.14105	-4.06843
45	2	4	1	2	2	1	5	-2.78083	-3.63225	-4.14105	-4.06843
46	2	4	2	2	6	1	5	-6.10547	-4.85016	-5.9056	-7.78443
47	1	4	2	2	6	3	17	-4.70046	-2.47045	-4.28102	-5.60448
48	2	1	21	3	2	1	5	-2.94436	-2.50206	-4.1692	-4.47422
49	2	1	2	3	2	3	5	-3.76388	-6.70922	-7.5033	-6.61958
50	2	1	21	3	2	1	5	-2.94436	-2.50206	-4.1692	-4.47422
51	7	17	2	15	23	3	12	-6.91011	-9.92162	-10.6596	-9.77027
52	2	4	1	2	7	1	5	-2.31138	-5.31834	-5.90428	-4.90422
53	9	2	4	62	4	5	6	-3.72515	-5.15728	-5.85235	-6.41675
54	2	4	1	2	7	1	5	-2.31138	-5.31834	-5.90428	-4.90422
55	9	2	4	62	4	5	6	-3.72515	-5.15728	-5.85235	-6.41675
56	2	1	12	88	2	1	5	-3.96365	-3.44346	-5.3431	-5.30302
57	2	1	5	3	2	3	5	-4.25545	-3.26962	-5.08199	-4.79033
58	2	4	1	2	2	1	5	-2.78083	-3.63225	-4.14105	-4.06843
59	9	2	4	62	4	5	6	-3.72515	-5.15728	-5.85235	-6.41675
60	2	1	5	3	2	3	5	-4.25545	-3.26962	-5.08199	-4.79033
61	2	4	1	2	2	1	5	-2.78083	-3.63225	-4.14105	-4.06843
62	2	4	1	2	2	1	5	-2.78083	-3.63225	-4.14105	-4.06843
63	2	4	1	2	2	1	5	-2.78083	-3.63225	-4.14105	-4.06843
64	2	4	1	2	2	1	5	-2.78083	-3.63225	-4.14105	-4.06843
65	2	4	1	2	2	1	5	-2.78083	-3.63225	-4.14105	-4.06843
66	2	4	1	2	2	1	5	-2.78083	-3.63225	-4.14105	-4.06843
67	1	2	215	4	90	24	8	-34.3351	-30.5346	-20.5459	-22.6412
68	2	4	1	2	2	1	5	-2.78083	-3.63225	-4.14105	-4.06843
69	1	2	3	4	5	9	3	-4.67644	-2.50871	-3.56331	-4.96453
70	2	4	1	2	2	1	5	-2.78083	-3.63225	-4.14105	-4.06843
71	2	4	1	2	2	1	5	-2.78083	-3.63225	-4.14105	-4.06843
72	9	25	2	10	22	3	6	-4.47816	-7.31678	-5.78805	-4.35442
73	2	15	4	48	360	25	23	-6.68872	-8.79869	-5.67615	-4.91655
74	2	4	1	2	2	1	5	-2.78083	-3.63225	-4.14105	-4.06843
75	2	1	12	88	2	1	5	-3.96365	-3.44346	-5.3431	-5.30302
76	2	4	2	2	6	1	5	-6.10547	-4.85016	-5.9056	-7.78443
77	10	1	16	19	10	5	7	-6.36223	-2.76938	-4.07927	-5.23684
78	2	4	1	2	2	1	5	-2.78083	-3.63225	-4.14105	-4.06843
79	2	1	12	3	2	1	5	-2.63482	-2.12912	-3.52101	-4.73133
80	2	4	1	2	2	1	5	-2.78083	-3.63225	-4.14105	-4.06843
81	2	4	1	2	2	1	5	-2.78083	-3.63225	-4.14105	-4.06843
82	1	4	2	2	6	3	17	-4.70046	-2.47045	-4.28102	-5.60448
83	10	1	16	19	10	5	7	-6.36223	-2.76938	-4.07927	-5.23684
84	8	10	149	2	11	12	6	-4.89776	-3.98733	-5.51144	-7.07861
85	2	4	1	2	2	1	5	-2.78083	-3.63225	-4.14105	-4.06843
86	2	4	1	2	7	1	5	-2.31138	-5.31834	-5.90428	-4.90422
87	32	39	30	82	104	324	17	-8.45557	-4.70028	-6.86012	-8.99827
88	1	2	3	4	5	9	3	-4.67644	-2.50871	-3.56331	-4.96453
89	2	1	5	3	2	3	5	-4.25545	-3.26962	-5.08199	-4.79033
90	2	4	1	2	2	1	5	-2.78083	-3.63225	-4.14105	-4.06843
91	2	4	1	2	7	1	5	-2.31138	-5.31834	-5.90428	-4.90422
92	4	7	10	4	1	7	1	-1.83167	-3.70231	-2.61003	-1.92392
93	2	1	2	3	2	3	5	-3.76388	-6.70922	-7.5033	-6.61958
94	2	1	12	3	2	1	5	-2.63482	-2.12912	-3.52101	-4.73133
95	2	1	21	3	2	1	5	-2.94436	-2.50206	-4.1692	-4.47422
96	2	1	21	3	2	1	5	-2.94436	-2.50206	-4.1692	-4.47422
97	9	2	5	2	11	3	1	-28.1684	-31.4132	-28.4261	-26.0264
98	4	7	10	4	1	7	1	-1.83167	-3.70231	-2.61003	-1.92392
99	2	1	2	3	2	3	5	-3.76388	-6.70922	-7.5033	-6.61958
100	2	1	21	3	2	1	5	-2.94436	-2.50206	-4.1692	-4.47422
101	4	7	10	4	1	7	1	-1.83167	-3.70231	-2.61003	-1.92392
102	2	1	21	3	2	1	5	-2.94436	-2.50206	-4.1692	-4.47422
103	1	4	2	2	6	3	17	-4.70046	-2.47045	-4.28102	-5.60448
104	2	4	5	2	10	1	5	-6.89907	-9.90328	-10.645	-9.75848
105	2	1	12	88	2	1	5	-3.96365	-3.44346	-5.3431	-5.30302
106	9	2	4	62	4	5	6	-3.72515	-5.15728	-5.85235	-6.41675
107	2	165	73	147	220	190	104	-8.74936	-9.84995	-6.72176	-5.24954
108	2	1	21	3	2	1	5	-2.94436	-2.50206	-4.1692	-4.47422
109	2	4	1	2	2	1	5	-2.78083	-3.63225	-4.14105	-4.06843
110	2	1	12	3	11	1	6	-18.142	-17.7353	-20.2145	-20.7182
111	2	1	2	3	2	3	5	-3.76388	-6.70922	-7.5033	-6.61958
112	2	4	1	2	7	1	5	-2.31138	-5.31834	-5.90428	-4.90422
113	2	1	2	3	2	3	5	-3.76388	-6.70922	-7.5033	-6.61958
114	2	1	21	3	2	1	5	-2.94436	-2.50206	-4.1692	-4.47422
115	2	4	1	2	7	1	5	-2.31138	-5.31834	-5.90428	-4.90422
116	33	39	30	82	113	43	17	-9.48673	-6.46845	-6.23772	-8.44009
117	2	4	1	2	2	1	5	-2.78083	-3.63225	-4.14105	-4.06843
118	2	4	1	2	2	1	5	-2.78083	-3.63225	-4.14105	-4.06843
119	2	4	1	2	2	1	5	-2.78083	-3.63225	-4.14105	-4.06843
120	2	4	1	2	7	1	5	-2.31138	-5.31834	-5.90428	-4.90422
121	4	7	10	1	1	7	1	-5.27462	-8.13145	-6.06255	-6.08276
122	2	1	12	3	2	1	5	-2.63482	-2.12912	-3.52101	-4.73133
123	2	4	1	2	2	1	5	-2.78083	-3.63225	-4.14105	-4.06843
124	2	4	1	2	2	1	5	-2.78083	-3.63225	-4.14105	-4.06843
125	2	4	1	2	7	1	5	-2.31138	-5.31834	-5.90428	-4.90422
126	2	4	1	2	2	1	5	-2.78083	-3.63225	-4.14105	-4.06843
127	2	4	1	2	2	1	5	-2.78083	-3.63225	-4.14105	-4.06843
128	2	1	12	88	2	1	5	-3.96365	-3.44346	-5.3431	-5.30302
129	2	1	12	3	2	1	5	-2.63482	-2.12912	-3.52101	-4.73133
130	2	1	12	3	2	1	5	-2.63482	-2.12912	-3.52101	-4.73133
131	2	4	1	2	7	1	5	-2.31138	-5.31834	-5.90428	-4.90422
132	2	1	21	3	2	1	5	-2.94436	-2.50206	-4.1692	-4.47422
133	2	1	21	3	2	1	5	-2.94436	-2.50206	-4.1692	-4.47422
134	2	4	5	2	2	5	5	-3.67807	-6.66862	-6.90665	-5.74315
135	2	1	21	3	2	1	5	-2.94436	-2.50206	-4.1692	-4.47422
136	1	4	2	2	6	3	1	-11.0911	-10.0265	-10.3105	-11.0674
137	2	1	5	3	2	3	5	-4.25545	-3.26962	-5.08199	-4.79033
138	2	1	5	3	2	3	5	-4.25545	-3.26962	-5.08199	-4.79033
139	4	7	10	4	1	7	1	-1.83167	-3.70231	-2.61003	-1.92392
140	8	10	2	2	11	12	6	-3.96243	-6.94324	-7.70821	-6.82397
141	2	1	2	3	2	3	5	-3.76388	-6.70922	-7.5033	-6.61958
142	2	1	5	3	2	3	5	-4.25545	-3.26962	-5.08199	-4.79033
143	2	1	2	3	2	3	5	-3.76388	-6.70922	-7.5033	-6.61958
144	129	66	30	82	189	47	17	-3.25607	-4.81986	-5.33927	-4.1214
145	2	4	1	2	2	1	5	-2.78083	-3.63225	-4.14105	-4.06843
146	2	4	1	2	2	1	5	-2.78083	-3.63225	-4.14105	-4.06843
147	7	21	5	62	4	61	44	-7.54446	-3.85315	-5.46521	-7.63471
148	2	4	1	2	2	1	5	-2.78083	-3.63225	-4.14105	-4.06843
149	2	937	1	2	2	1	5	-8.24874	-8.43683	-6.52438	-7.22634
150	1	14	2	2	6	1	17	-9.3301	-6.46596	-7.45297	-6.33735
151	1	4	2	2	6	3	17	-4.70046	-2.47045	-4.28102	-5.60448
152	8	10	149	2	11	12	6	-4.89776	-3.98733	-5.51144	-7.07861
153	2	1	12	3	2	1	5	-2.63482	-2.12912	-3.52101	-4.73133
154	9	30	2	2	89	59	6	-4.96179	-7.97515	-8.71286	-7.82315
155	1	2	3	4	5	9	3	-4.67644	-2.50871	-3.56331	-4.96453
156	2	4	1	2	2	1	5	-2.78083	-3.63225	-4.14105	-4.06843
157	2	4	1	2	2	1	5	-2.78083	-3.63225	-4.14105	-4.06843
158	180	194	2	68	19	231	147	-33.0258	-32.3842	-20.9993	-24.0273
159	2	4	1	2	2	1	5	-2.78083	-3.63225	-4.14105	-4.06843
160	2	4	1	2	2	1	5	-2.78083	-3.63225	-4.14105	-4.06843
161	2	4	1	2	2	1	5	-2.78083	-3.63225	-4.14105	-4.06843
162	4	7	10	4	1	7	1	-1.83167	-3.70231	-2.61003	-1.92392
163	2	4	1	2	2	1	5	-2.78083	-3.63225	-4.14105	-4.06843
164	2	1	21	3	2	1	5	-2.94436	-2.50206	-4.1692	-4.47422
165	2	4	1	2	7	1	5	-2.31138	-5.31834	-5.90428	-4.90422
166	2	4	1	2	2	1	5	-2.78083	-3.63225	-4.14105	-4.06843
167	10	1	16	19	10	5	7	-6.36223	-2.76938	-4.07927	-5.23684
168	104	7	10	4	1	7	1	-4.41609	-7.43664	-8.1588	-7.25882
169	2	4	1	2	2	1	5	-2.78083	-3.63225	-4.14105	-4.06843
170	10	27	16	19	10	5	7	-20.2438	-12.9342	-15.5454	-17.8097
171	2	4	1	2	2	1	5	-2.78083	-3.63225	-4.14105	-4.06843
172	2	1	1	3	2	1	5	-4.63005	-3.80264	-5.90862	-7.1025
173	7	21	5	62	4	61	44	-7.54446	-3.85315	-5.46521	-7.63471
174	2	1	1	3	2	1	5	-4.63005	-3.80264	-5.90862	-7.1025
175	10	1	16	19	10	5	7	-6.36223	-2.76938	-4.07927	-5.23684
176	2	4	1	2	2	1	5	-2.78083	-3.63225	-4.14105	-4.06843
177	2	4	1	2	2	1	5	-2.78083	-3.63225	-4.14105	-4.06843
178	2	1	12	3	2	1	5	-2.63482	-2.12912	-3.52101	-4.73133
179	2	4	1	2	2	1	5	-2.78083	-3.63225	-4.14105	-4.06843
180	2	4	1	2	2	1	5	-2.78083	-3.63225	-4.14105	-4.06843
181	1	4	2	2	6	3	17	-4.70046	-2.47045	-4.28102	-5.60448
182	2	1	12	3	2	1	5	-2.63482	-2.12912	-3.52101	-4.73133
183	4	7	10	4	1	7	1	-1.83167	-3.70231	-2.61003	-1.92392
184	2	4	1	2	2	1	5	-2.78083	-3.63225	-4.14105	-4.06843
185	2	4	1	2	2	1	5	-2.78083	-3.63225	-4.14105	-4.06843
186	2	1	21	3	2	1	5	-2.94436	-2.50206	-4.1692	-4.47422
187	4	7	10	4	1	7	1	-1.83167	-3.70231	-2.61003	-1.92392
188	4	7	10	4	42	51	1	-2.93612	-4.57131	-4.78307	-3.77626
189	2	1	5	3	2	3	5	-4.25545	-3.26962	-5.08199	-4.79033
190	1	2	4	62	4	5	17	-6.13086	-4.86601	-6.98392	-8.43014
191	4	7	10	4	1	7	1	-1.83167	-3.70231	-2.61003	-1.92392
192	4	7	10	4	42	51	1	-2.93612	-4.57131	-4.78307	-3.77626
193	2	1	21	3	2	1	5	-2.94436	-2.50206	-4.1692	-4.47422
194	4	7	10	4	42	51	1	-2.93612	-4.57131	-4.78307	-3.77626
195	2	4	1	2	7	1	5	-2.31138	-5.31834	-5.90428	-4.90422
196	2	4	1	2	2	1	5	-2.78083	-3.63225	-4.14105	-4.06843
197	1	2	3	4	5	9	3	-4.67644	-2.50871	-3.56331	-4.96453
198	1	2	4	62	4	5	17	-6.13086	-4.86601	-6.98392	-8.43014
199	2	250	4	281	358	25	57	-31.52	-31.4911	-18.8598	-19.6878
200	9	2	4	62	4	5	6	-3.72515	-5.15728	-5.85235	-6.41675
201	1	2	3	4	5	9	3	-4.67644	-2.50871	-3.56331	-4.96453
202	4	7	10	4	1	7	1	-1.83167	-3.70231	-2.61003	-1.92392
203	2	4	2	4	19	3	6	-5.80481	-8.81463	-9.55234	-8.66002
204	4	7	10	4	1	7	1	-1.83167	-3.70231	-2.61003	-1.92392
205	4	7	10	4	42	51	1	-2.93612	-4.57131	-4.78307	-3.77626
206	2	1	12	3	2	1	5	-2.63482	-2.12912	-3.52101	-4.73133
207	4	7	10	4	1	7	1	-1.83167	-3.70231	-2.61003	-1.92392
208	2	1	12	3	2	1	5	-2.63482	-2.12912	-3.52101	-4.73133
209	1	2	4	62	4	5	17	-6.13086	-4.86601	-6.98392	-8.43014
210	4	7	10	4	42	51	1	-2.93612	-4.57131	-4.78307	-3.77626
211	2	4	1	2	2	1	5	-2.78083	-3.63225	-4.14105	-4.06843
212	4	7	10	4	1	7	1	-1.83167	-3.70231	-2.61003	-1.92392
213	2	1	21	3	2	1	5	-2.94436	-2.50206	-4.1692	-4.47422
214	47	2	4	2	6	5	17	-10.3045	-10.3646	-6.32825	-8.53823
215	2	1	21	3	2	1	5	-2.94436	-2.50206	-4.1692	-4.47422
216	2	1	21	3	2	1	5	-2.94436	-2.50206	-4.1692	-4.47422
217	2	4	1	2	2	1	5	-2.78083	-3.63225	-4.14105	-4.06843
218	2	4	1	2	2	1	5	-2.78083	-3.63225	-4.14105	-4.06843
219	10	81	50	99	120	76	52	-6.67936	-6.39296	-5.3079	-5.16795
220	2	4	1	2	2	1	5	-2.78083	-3.63225	-4.14105	-4.06843
221	2	4	1	2	2	1	5	-2.78083	-3.63225	-4.14105	-4.06843
222	1	4	2	2	6	3	17	-4.70046	-2.47045	-4.28102	-5.60448
223	1	2	4	62	4	5	17	-6.13086	-4.86601	-6.98392	-8.43014
224	4	7	10	4	1	7	1	-1.83167	-3.70231	-2.61003	-1.92392
225	4	7	10	4	1	7	1	-1.83167	-3.70231	-2.61003	-1.92392
226	10	1	16	19	10	5	7	-6.36223	-2.76938	-4.07927	-5.23684
227	2	4	1	2	2	1	5	-2.78083	-3.63225	-4.14105	-4.06843
228	2	4	1	2	7	1	5	-2.31138	-5.31834	-5.90428	-4.90422
229	1	4	2	348	6	3	17	-9.14743	-5.38586	-7.5477	-9.68853
230	1	2	4	62	4	5	17	-6.13086	-4.86601	-6.98392	-8.43014
231	10	27	16	19	10	5	7	-20.2438	-12.9342	-15.5454	-17.8097
232	1	4	2	2	6	3	17	-4.70046	-2.47045	-4.28102	-5.60448
233	4	7	10	4	42	51	1	-2.93612	-4.57131	-4.78307	-3.77626
234	2	4	1	2	2	1	5	-2.78083	-3.63225	-4.14105	-4.06843
235	2	1	12	3	2	1	5	-2.63482	-2.12912	-3.52101	-4.73133
236	2	1	12	88	2	1	5	-3.96365	-3.44346	-5.3431	-5.30302
237	2	4	1	2	7	1	5	-2.31138	-5.31834	-5.90428	-4.90422
238	2	1	12	3	2	1	5	-2.63482	-2.12912	-3.52101	-4.73133
239	1	4	2	2	6	3	17	-4.70046	-2.47045	-4.28102	-5.60448
240	2	1	4	28	58	25	58	-5.66625	-8.0433	-5.28055	-4.23555
241	2	1	5	3	2	3	5	-4.25545	-3.26962	-5.08199	-4.79033
242	2	1	12	3	2	1	5	-2.63482	-2.12912	-3.52101	-4.73133
243	2	4	1	2	2	1	5	-2.78083	-3.63225	-4.14105	-4.06843
244	2	1	5	10	11	1	5	-26.1193	-22.5756	-24.2397	-25.2259
245	2	1	12	3	2	1	5	-2.63482	-2.12912	-3.52101	-4.73133
246	2	1	12	88	2	1	5	-3.96365	-3.44346	-5.3431	-5.30302
247	2	1	12	3	2	1	5	-2.63482	-2.12912	-3.52101	-4.73133
248	2	1	12	3	2	1	5	-2.63482	-2.12912	-3.52101	-4.73133
249	1	4	2	2	6	3	17	-4.70046	-2.47045	-4.28102	-5.60448
250	9	2	4	62	4	5	6	-3.72515	-5.15728	-5.85235	-6.41675
251	2	1	12	3	2	1	5	-2.63482	-2.12912	-3.52101	-4.73133
252	8	10	149	2	11	12	6	-4.89776	-3.98733	-5.51144	-7.07861
253	2	1	21	3	2	1	5	-2.94436	-2.50206	-4.1692	-4.47422
254	1	2	3	4	5	9	3	-4.67644	-2.50871	-3.56331	-4.96453
255	2	1	5	3	2	3	5	-4.25545	-3.26962	-5.08199	-4.79033
256	1	307	3	4	5	9	3	-6.84245	-6.43603	-6.21547	-8.20042
257	1	4	2	2	6	3	17	-4.70046	-2.47045	-4.28102	-5.60448
258	2	4	1	2	7	1	5	-2.31138	-5.31834	-5.90428	-4.90422
259	2	4	1	2	2	1	5	-2.78083	-3.63225	-4.14105	-4.06843
260	2	61	4	64	126	7	23	-6.02159	-8.33852	-5.71917	-4.24749
261	7	21	5	62	4	61	44	-7.54446	-3.85315	-5.46521	-7.63471
262	2	1	12	3	2	1	5	-2.63482	-2.12912	-3.52101	-4.73133
263	2	4	1	2	2	1	5	-2.78083	-3.63225	-4.14105	-4.06843
264	2	1	12	3	2	1	5	-2.63482	-2.12912	-3.52101	-4.73133
265	2	1	21	3	2	1	5	-2.94436	-2.50206	-4.1692	-4.47422
266	2	1	21	3	2	1	5	-2.94436	-2.50206	-4.1692	-4.47422
267	2	4	1	2	2	1	5	-2.78083	-3.63225	-4.14105	-4.06843
268	2	4	1	2	2	1	5	-2.78083	-3.63225	-4.14105	-4.06843
269	2	4	1	2	7	1	5	-2.31138	-5.31834	-5.90428	-4.90422
270	4	7	10	4	1	7	1	-1.83167	-3.70231	-2.61003	-1.92392
271	1	2	4	62	4	5	17	-6.13086	-4.86601	-6.98392	-8.43014
272	4	1	21	3	2	1	5	-9.41449	-10.1558	-10.3216	-10.0027
273	10	1	16	19	10	5	7	-6.36223	-2.76938	-4.07927	-5.23684
274	33	283	44	82	189	44	17	-7.13728	-3.49384	-5.17107	-6.053
275	2	1	12	3	2	1	5	-2.63482	-2.12912	-3.52101	-4.73133
276	10	81	50	99	120	76	52	-6.67936	-6.39296	-5.3079	-5.16795
277	4	7	10	4	42	25	1	-8.52202	-9.38099	-5.79977	-5.18068
278	2	4	1	2	2	1	5	-2.78083	-3.63225	-4.14105	-4.06843
279	2	4	5	2	10	1	5	-6.89907	-9.90328	-10.645	-9.75848
280	2	4	1	2	2	1	5	-2.78083	-3.63225	-4.14105	-4.06843
281	9	2	4	62	4	5	6	-3.72515	-5.15728	-5.85235	-6.41675
282	4	7	10	4	1	7	1	-1.83167	-3.70231	-2.61003	-1.92392
283	2	1	12	3	2	1	5	-2.63482	-2.12912	-3.52101	-4.73133
284	9	2	4	62	4	5	6	-3.72515	-5.15728	-5.85235	-6.41675
285	9	2	4	62	4	5	6	-3.72515	-5.15728	-5.85235	-6.41675
286	2	4	1	2	2	1	5	-2.78083	-3.63225	-4.14105	-4.06843
287	2	1	12	88	2	1	5	-3.96365	-3.44346	-5.3431	-5.30302
288	2	1	21	3	2	1	5	-2.94436	-2.50206	-4.1692	-4.47422
289	33	39	30	79	113	44	17	-25.4253	-23.7816	-25.1473	-26.7608
290	1	2	3	4	5	9	3	-4.67644	-2.50871	-3.56331	-4.96453
291	1	4	2	2	6	3	17	-4.70046	-2.47045	-4.28102	-5.60448
292	9	2	4	62	4	5	6	-3.72515	-5.15728	-5.85235	-6.41675
293	2	1	12	3	2	1	5	-2.63482	-2.12912	-3.52101	-4.73133
294	2	1	5	3	2	5	5	-5.62663	-2.85283	-4.02605	-5.56409
295	2	1	5	3	2	5	5	-5.62663	-2.85283	-4.02605	-5.56409
296	2	4	1	2	2	1	5	-2.78083	-3.63225	-4.14105	-4.06843
297	2	4	1	2	2	1	5	-2.78083	-3.63225	-4.14105	-4.06843
298	2	1	21	3	2	1	5	-2.94436	-2.50206	-4.1692	-4.47422
299	32	39	30	82	104	324	17	-8.45557	-4.70028	-6.86012	-8.99827
300	2	1	12	3	2	1	5	-2.63482	-2.12912	-3.52101	-4.73133
301	4	7	10	4	1	7	1	-1.83167	-3.70231	-2.61003	-1.92392
302	1	4	2	2	6	3	5	-8.92598	-5.29495	-7.48328	-9.59385
303	2	1	21	3	2	1	5	-2.94436	-2.50206	-4.1692	-4.47422
304	4	7	10	4	42	51	1	-2.93612	-4.57131	-4.78307	-3.77626
305	2	4	1	2	7	1	5	-2.31138	-5.31834	-5.90428	-4.90422
306	7	21	5	62	4	61	44	-7.54446	-3.85315	-5.46521	-7.63471
307	104	7	10	4	1	7	1	-4.41609	-7.43664	-8.1588	-7.25882
308	9	25	2	10	22	3	6	-4.47816	-7.31678	-5.78805	-4.35442
309	2	4	2	2	6	3	17	-10.5025	-7.76893	-9.85799	-10.8905
310	2	4	1	2	7	1	5	-2.31138	-5.31834	-5.90428	-4.90422
311	129	66	30	82	189	47	17	-3.25607	-4.81986	-5.33927	-4.1214
312	33	39	30	82	104	173	68	-5.42191	-3.99756	-6.12363	-7.65086
313	2	1	12	3	2	1	5	-2.63482	-2.12912	-3.52101	-4.73133
314	2	1	1	3	2	1	5	-4.63005	-3.80264	-5.90862	-7.1025
315	7	21	5	62	4	61	44	-7.54446	-3.85315	-5.46521	-7.63471
316	2	1	21	3	2	1	5	-2.94436	-2.50206	-4.1692	-4.47422
317	4	7	10	4	1	7	1	-1.83167	-3.70231	-2.61003	-1.92392
318	10	2	107	62	120	76	1	-6.85761	-9.61676	-7.76258	-6.31522
319	4	7	10	4	1	7	1	-1.83167	-3.70231	-2.61003	-1.92392
320	2	1	12	3	2	1	5	-2.63482	-2.12912	-3.52101	-4.73133
321	2	1	5	3	2	3	5	-4.25545	-3.26962	-5.08199	-4.79033
322	4	7	10	4	1	7	1	-1.83167	-3.70231	-2.61003	-1.92392
323	2	1	12	88	2	1	5	-3.96365	-3.44346	-5.3431	-5.30302
324	4	7	10	4	42	7	1	-6.54483	-8.64629	-5.53895	-4.6616
325	4	7	10	4	42	51	1	-2.93612	-4.57131	-4.78307	-3.77626
326	2	1	21	3	2	1	5	-2.94436	-2.50206	-4.1692	-4.47422
327	2	1	12	3	2	1	5	-2.63482	-2.12912	-3.52101	-4.73133
328	4	7	10	4	1	7	1	-1.83167	-3.70231	-2.61003	-1.92392
329	2	4	1	2	7	1	5	-2.31138	-5.31834	-5.90428	-4.90422
330	4	7	10	4	1	7	1	-1.83167	-3.70231	-2.61003	-1.92392
331	2	1	12	3	2	1	5	-2.63482	-2.12912	-3.52101	-4.73133
332	4	7	10	4	1	7	1	-1.83167	-3.70231	-2.61003	-1.92392
333	4	7	10	4	1	7	1	-1.83167	-3.70231	-2.61003	-1.92392
334	1	4	2	2	6	3	17	-4.70046	-2.47045	-4.28102	-5.60448
335	2	4	1	2	2	1	5	-2.78083	-3.63225	-4.14105	-4.06843
336	4	7	10	4	1	7	1	-1.83167	-3.70231	-2.61003	-1.92392
337	7	17	2	15	23	3	12	-6.91011	-9.92162	-10.6596	-9.77027
338	2	1	5	3	2	3	5	-4.25545	-3.26962	-5.08199	-4.79033
339	4	7	10	4	1	7	1	-1.83167	-3.70231	-2.61003	-1.92392
340	4	7	10	4	1	7	1	-1.83167	-3.70231	-2.61003	-1.92392
341	4	7	10	4	42	51	1	-2.93612	-4.57131	-4.78307	-3.77626
342	2	4	1	2	2	1	5	-2.78083	-3.63225	-4.14105	-4.06843
343	2	1	12	88	2	1	5	-3.96365	-3.44346	-5.3431	-5.30302
344	2	1	1	3	2	1	5	-4.63005	-3.80264	-5.90862	-7.1025
345	1	2	3	4	5	9	3	-4.67644	-2.50871	-3.56331	-4.96453
346	2	1	12	88	2	1	5	-3.96365	-3.44346	-5.3431	-5.30302
347	2	1	1	3	2	1	5	-4.63005	-3.80264	-5.90862	-7.1025
348	24	17	2	10	23	68	5	-9.55292	-5.79712	-7.95776	-10.0963
349	4	7	10	4	1	7	1	-1.83167	-3.70231	-2.61003	-1.92392
350	2	1	21	3	2	1	5	-2.94436	-2.50206	-4.1692	-4.47422
351	1	4	2	2	6	3	17	-4.70046	-2.47045	-4.28102	-5.60448
352	2	1	5	3	2	3	5	-4.25545	-3.26962	-5.08199	-4.79033
353	4	7	10	4	1	7	1	-1.83167	-3.70231	-2.61003	-1.92392
354	2	1	1	3	2	1	5	-4.63005	-3.80264	-5.90862	-7.1025
355	2	1	12	3	2	1	5	-2.63482	-2.12912	-3.52101	-4.73133
356	8	10	149	2	11	12	6	-4.89776	-3.98733	-5.51144	-7.07861
357	2	4	1	2	2	5	5	-6.81107	-6.41584	-8.44105	-9.36425
358	10	1	16	19	10	5	7	-6.36223	-2.76938	-4.07927	-5.23684
359	24	17	2	10	23	68	5	-9.55292	-5.79712	-7.95776	-10.0963
360	1	2	4	62	4	5	17	-6.13086	-4.86601	-6.98392	-8.43014
361	2	4	1	2	7	1	5	-2.31138	-5.31834	-5.90428	-4.90422
362	7	71	5	62	11	67	6	-31.5786	-28.9672	-26.4093	-28.9279
363	7	17	5	2	10	3	6	-24.9206	-23.9603	-23.6514	-22.6372
364	2	1	5	3	2	3	5	-4.25545	-3.26962	-5.08199	-4.79033
365	9	2	4	62	4	5	6	-3.72515	-5.15728	-5.85235	-6.41675
366	33	38	30	82	104	325	36	-15.7931	-11.3084	-11.0424	-13.9638
367	2	4	1	2	7	1	5	-2.31138	-5.31834	-5.90428	-4.90422
368	47	2	4	2	6	5	17	-10.3045	-10.3646	-6.32825	-8.53823
369	2	1	12	88	2	1	5	-3.96365	-3.44346	-5.3431	-5.30302
370	2	1	12	88	2	1	5	-3.96365	-3.44346	-5.3431	-5.30302
371	2	1	12	88	2	1	5	-3.96365	-3.44346	-5.3431	-5.30302
372	2	1	12	88	2	1	5	-3.96365	-3.44346	-5.3431	-5.30302
373	2	4	1	2	2	1	5	-2.78083	-3.63225	-4.14105	-4.06843
374	2	1	12	88	2	1	5	-3.96365	-3.44346	-5.3431	-5.30302
375	1	1	2	2	6	3	17	-9.92408	-6.21354	-8.43079	-10.4767
376	2	1	12	88	2	1	5	-3.96365	-3.44346	-5.3431	-5.30302
377	2	1	12	88	2	1	5	-3.96365	-3.44346	-5.3431	-5.30302
378	2	4	1	2	2	1	5	-2.78083	-3.63225	-4.14105	-4.06843
379	2	1	12	88	2	1	5	-3.96365	-3.44346	-5.3431	-5.30302
380	2	1	5	3	2	3	5	-4.25545	-3.26962	-5.08199	-4.79033
381	4	7	10	4	1	7	1	-1.83167	-3.70231	-2.61003	-1.92392
382	2	1	12	3	2	1	5	-2.63482	-2.12912	-3.52101	-4.73133
383	1	2	4	62	4	5	17	-6.13086	-4.86601	-6.98392	-8.43014
384	1	4	2	2	6	3	17	-4.70046	-2.47045	-4.28102	-5.60448
385	2	1	12	3	2	1	5	-2.63482	-2.12912	-3.52101	-4.73133
386	2	1	12	88	2	1	5	-3.96365	-3.44346	-5.3431	-5.30302
387	9	2	4	62	4	5	6	-3.72515	-5.15728	-5.85235	-6.41675
388	2	4	1	2	7	1	5	-2.31138	-5.31834	-5.90428	-4.90422
389	2	1	5	3	2	3	5	-4.25545	-3.26962	-5.08199	-4.79033
390	7	21	5	62	4	61	44	-7.54446	-3.85315	-5.46521	-7.63471
391	1	2	215	4	90	24	8	-34.3351	-30.5346	-20.5459	-22.6412
392	2	1	21	3	2	1	5	-2.94436	-2.50206	-4.1692	-4.47422
393	1	4	2	2	6	3	17	-4.70046	-2.47045	-4.28102	-5.60448
394	2	4	1	2	2	1	5	-2.78083	-3.63225	-4.14105	-4.06843
395	2	1	12	3	2	1	5	-2.63482	-2.12912	-3.52101	-4.73133
396	1	2	3	4	5	9	3	-4.67644	-2.50871	-3.56331	-4.96453
397	2	1	5	3	2	3	5	-4.25545	-3.26962	-5.08199	-4.79033
398	10	1	16	19	10	5	7	-6.36223	-2.76938	-4.07927	-5.23684
399	2	1	2	3	2	959	5	-9.30566	-11.2043	-9.8194	-9.78404
400	10	1	16	19	10	5	7	-6.36223	-2.76938	-4.07927	-5.23684
401	2	4	1	2	7	1	5	-2.31138	-5.31834	-5.90428	-4.90422
402	2	1	12	3	2	1	5	-2.63482	-2.12912	-3.52101	-4.73133
403	8	10	149	2	11	12	6	-4.89776	-3.98733	-5.51144	-7.07861
404	2	4	1	2	7	1	5	-2.31138	-5.31834	-5.90428	-4.90422
405	4	7	10	4	1	7	1	-1.83167	-3.70231	-2.61003	-1.92392
406	4	7	10	4	1	7	1	-1.83167	-3.70231	-2.61003	-1.92392
407	2	4	5	2	2	5	5	-3.67807	-6.66862	-6.90665	-5.74315
408	2	1	12	3	2	1	5	-2.63482	-2.12912	-3.52101	-4.73133
409	166	2	27	10	151	3	1	-35.397	-34.8863	-25.5748	-26.2642
410	33	39	30	79	113	44	17	-25.4253	-23.7816	-25.1473	-26.7608
411	7	17	2	15	23	3	12	-6.91011	-9.92162	-10.6596	-9.77027
412	1	2	3	4	5	9	3	-4.67644	-2.50871	-3.56331	-4.96453
413	2	4	1	2	7	1	5	-2.31138	-5.31834	-5.90428	-4.90422
414	7	21	5	62	4	61	44	-7.54446	-3.85315	-5.46521	-7.63471
415	2	1	12	3	2	1	5	-2.63482	-2.12912	-3.52101	-4.73133
416	1	2	3	4	5	9	3	-4.67644	-2.50871	-3.56331	-4.96453
417	2	1	5	88	2	11	5	-8.8679	-5.36984	-6.06187	-8.25738
418	2	4	1	2	7	1	5	-2.31138	-5.31834	-5.90428	-4.90422
419	2	1	21	3	2	1	5	-2.94436	-2.50206	-4.1692	-4.47422
420	7	17	2	15	23	3	12	-6.91011	-9.92162	-10.6596	-9.77027
421	2	1	5	88	2	11	5	-8.8679	-5.36984	-6.06187	-8.25738
422	47	2	4	2	6	5	17	-10.3045	-10.3646	-6.32825	-8.53823
423	1	2	3	4	5	9	3	-4.67644	-2.50871	-3.56331	-4.96453
424	7	17	2	15	23	3	12	-6.91011	-9.92162	-10.6596	-9.77027
425	2	4	1	2	2	1	5	-2.78083	-3.63225	-4.14105	-4.06843
426	2	4	1	2	2	1	5	-2.78083	-3.63225	-4.14105	-4.06843
427	2	4	1	2	2	1	5	-2.78083	-3.63225	-4.14105	-4.06843
428	2	1	12	3	2	1	5	-2.63482	-2.12912	-3.52101	-4.73133
429	2	4	5	2	2	5	5	-3.67807	-6.66862	-6.90665	-5.74315
430	2	1	21	3	2	1	5	-2.94436	-2.50206	-4.1692	-4.47422
431	4	7	10	4	42	25	1	-8.52202	-9.38099	-5.79977	-5.18068
432	1	4	2	2	6	3	17	-4.70046	-2.47045	-4.28102	-5.60448
433	1	2	215	4	923	24	8	-34.3351	-30.5346	-20.5459	-22.6412
434	1	2	3	4	5	9	3	-4.67644	-2.50871	-3.56331	-4.96453
435	2	1	1	3	2	1	5	-4.63005	-3.80264	-5.90862	-7.1025
436	1	4	2	2	6	3	17	-4.70046	-2.47045	-4.28102	-5.60448
437	2	4	1	2	2	1	5	-2.78083	-3.63225	-4.14105	-4.06843
438	2	1	5	3	2	5	5	-5.62663	-2.85283	-4.02605	-5.56409
439	4	7	10	4	42	51	1	-2.93612	-4.57131	-4.78307	-3.77626
440	4	7	10	4	1	7	1	-1.83167	-3.70231	-2.61003	-1.92392
441	4	7	10	4	1	7	1	-1.83167	-3.70231	-2.61003	-1.92392
442	4	7	10	4	1	7	1	-1.83167	-3.70231	-2.61003	-1.92392
443	2	1	21	3	2	1	5	-2.94436	-2.50206	-4.1692	-4.47422
444	2	1	21	3	2	1	5	-2.94436	-2.50206	-4.1692	-4.47422
445	2	4	1	2	7	1	5	-2.31138	-5.31834	-5.90428	-4.90422
446	4	7	10	4	1	7	1	-1.83167	-3.70231	-2.61003	-1.92392
447	4	7	10	4	1	7	1	-1.83167	-3.70231	-2.61003	-1.92392
448	2	1	1	3	2	1	5	-4.63005	-3.80264	-5.90862	-7.1025
449	2	1	21	3	2	1	5	-2.94436	-2.50206	-4.1692	-4.47422
450	2	1	21	3	2	1	5	-2.94436	-2.50206	-4.1692	-4.47422
451	4	7	10	4	42	51	1	-2.93612	-4.57131	-4.78307	-3.77626
452	4	7	10	1	1	7	1	-5.27462	-8.13145	-6.06255	-6.08276
453	239	27	16	19	10	5	7	-10.2493	-6.49213	-8.6515	-10.7909
454	2	1	12	3	2	1	5	-2.63482	-2.12912	-3.52101	-4.73133
455	2	4	1	2	2	1	5	-2.78083	-3.63225	-4.14105	-4.06843
456	2	1	12	3	2	1	5	-2.63482	-2.12912	-3.52101	-4.73133
457	2	1	12	3	2	1	5	-2.63482	-2.12912	-3.52101	-4.73133
458	10	81	50	99	120	76	52	-6.67936	-6.39296	-5.3079	-5.16795
459	47	2	4	2	6	5	17	-10.3045	-10.3646	-6.32825	-8.53823
460	2	4	1	3	2	1	5	-6.81001	-8.56497	-9.80429	-9.51932
461	4	7	10	4	1	7	1	-1.83167	-3.70231	-2.61003	-1.92392
462	2	1	1	380	2	1	5	-6.17038	-5.74764	-7.82149	-8.75896
463	2	4	1	2	7	1	5	-2.31138	-5.31834	-5.90428	-4.90422
464	2	1	12	88	2	1	5	-3.96365	-3.44346	-5.3431	-5.30302
465	7	71	5	62	11	67	1	-33.1975	-29.151	-25.1688	-28.347
466	2	4	1	2	7	1	5	-2.31138	-5.31834	-5.90428	-4.90422
467	4	7	10	4	1	7	1	-1.83167	-3.70231	-2.61003	-1.92392
468	2	1	1	380	2	1	5	-6.17038	-5.74764	-7.82149	-8.75896
469	2	4	1	2	2	1	5	-2.78083	-3.63225	-4.14105	-4.06843
470	2	1	12	3	2	1	5	-2.63482	-2.12912	-3.52101	-4.73133
471	1	14	2	2	6	1	17	-9.3301	-6.46596	-7.45297	-6.33735
472	1	2	4	62	4	5	17	-6.13086	-4.86601	-6.98392	-8.43014
473	4	7	10	4	1	7	1	-1.83167	-3.70231	-2.61003	-1.92392
474	2	1	21	3	2	1	5	-2.94436	-2.50206	-4.1692	-4.47422
475	2	4	1	2	2	1	5	-2.78083	-3.63225	-4.14105	-4.06843
476	1	4	2	2	6	3	17	-4.70046	-2.47045	-4.28102	-5.60448
477	4	7	10	4	1	7	1	-1.83167	-3.70231	-2.61003	-1.92392
478	10	2	107	62	120	76	1	-6.85761	-9.61676	-7.76258	-6.31522
479	2	1	12	3	2	1	5	-2.63482	-2.12912	-3.52101	-4.73133
480	2	1	5	3	2	3	5	-4.25545	-3.26962	-5.08199	-4.79033
481	2	1	21	3	2	1	5	-2.94436	-2.50206	-4.1692	-4.47422
482	1	2	3	4	5	9	3	-4.67644	-2.50871	-3.56331	-4.96453
483	1	307	3	4	5	9	3	-6.84245	-6.43603	-6.21547	-8.20042
484	7	2	5	2	10	3	6	-30.4399	-27.3657	-28.7018	-28.5029
485	1	2	3	4	5	9	3	-4.67644	-2.50871	-3.56331	-4.96453
486	33	39	30	82	104	173	68	-5.42191	-3.99756	-6.12363	-7.65086
487	4	7	10	4	42	7	1	-6.54483	-8.64629	-5.53895	-4.6616
488	2	1	12	88	2	1	5	-3.96365	-3.44346	-5.3431	-5.30302
489	2	4	1	2	2	1	5	-2.78083	-3.63225	-4.14105	-4.06843
490	2	1	21	3	2	1	5	-2.94436	-2.50206	-4.1692	-4.47422
491	9	2	4	62	4	5	6	-3.72515	-5.15728	-5.85235	-6.41675
492	2	1	5	3	2	3	5	-4.25545	-3.26962	-5.08199	-4.79033
493	4	7	10	4	1	7	1	-1.83167	-3.70231	-2.61003	-1.92392
494	2	1	57	26	127	29	35	-6.87095	-9.41842	-6.31164	-8.26733
495	2	1	57	26	127	29	35	-6.87095	-9.41842	-6.31164	-8.26733
496	2	4	2	4	19	3	6	-5.80481	-8.81463	-9.55234	-8.66002
497	2	1	12	3	2	1	5	-2.63482	-2.12912	-3.52101	-4.73133
498	2	4	1	2	2	1	5	-2.78083	-3.63225	-4.14105	-4.06843
499	2	4	1	2	2	1	5	-2.78083	-3.63225	-4.14105	-4.06843
500	2	1	21	3	2	1	5	-2.94436	-2.50206	-4.1692	-4.47422
501	33	39	65	79	104	43	17	-4.60643	-7.61877	-8.35648	-7.46768
502	1	14	2	2	6	1	17	-9.3301	-6.46596	-7.45297	-6.33735
503	2	1	12	3	2	1	5	-2.63482	-2.12912	-3.52101	-4.73133
504	7	21	5	62	4	61	44	-7.54446	-3.85315	-5.46521	-7.63471
505	9	2	4	62	4	5	6	-3.72515	-5.15728	-5.85235	-6.41675
506	129	66	30	82	189	47	17	-3.25607	-4.81986	-5.33927	-4.1214
507	2	1	21	3	2	1	5	-2.94436	-2.50206	-4.1692	-4.47422
508	47	2	4	2	6	5	17	-10.3045	-10.3646	-6.32825	-8.53823
509	2	4	1	2	7	1	5	-2.31138	-5.31834	-5.90428	-4.90422
510	33	38	30	82	104	325	36	-15.7931	-11.3084	-11.0424	-13.9638
511	1	4	2	2	6	3	17	-4.70046	-2.47045	-4.28102	-5.60448
512	1	4	2	2	6	3	17	-4.70046	-2.47045	-4.28102	-5.60448
513	2	4	1	2	2	1	5	-2.78083	-3.63225	-4.14105	-4.06843
514	4	7	10	4	1	7	1	-1.83167	-3.70231	-2.61003	-1.92392
515	33	283	44	82	189	44	17	-7.13728	-3.49384	-5.17107	-6.053
516	8	10	149	2	11	12	6	-4.89776	-3.98733	-5.51144	-7.07861
517	2	1	21	3	62	1	5	-5.80112	-8.80243	-9.5494	-8.66186
518	10	1	16	19	10	5	7	-6.36223	-2.76938	-4.07927	-5.23684
519	180	194	2	68	19	231	147	-33.0258	-32.3842	-20.9993	-24.0273
520	2	4	1	2	7	1	5	-2.31138	-5.31834	-5.90428	-4.90422
521	2	4	2	2	6	1	5	-6.10547	-4.85016	-5.9056	-7.78443
522	1	2	3	4	5	9	3	-4.67644	-2.50871	-3.56331	-4.96453
523	2	1	21	3	2	1	5	-2.94436	-2.50206	-4.1692	-4.47422
524	2	1	12	3	2	1	5	-2.63482	-2.12912	-3.52101	-4.73133
525	2	1	5	3	2	3	5	-4.25545	-3.26962	-5.08199	-4.79033
526	1	307	3	4	5	9	3	-6.84245	-6.43603	-6.21547	-8.20042
527	2	4	1	2	7	1	5	-2.31138	-5.31834	-5.90428	-4.90422
528	2	1	12	3	2	1	5	-2.63482	-2.12912	-3.52101	-4.73133
529	7	21	5	62	4	61	44	-7.54446	-3.85315	-5.46521	-7.63471
530	2	1	5	3	2	3	5	-4.25545	-3.26962	-5.08199	-4.79033
531	2	1	12	88	2	1	5	-3.96365	-3.44346	-5.3431	-5.30302
532	2	1	21	3	2	1	5	-2.94436	-2.50206	-4.1692	-4.47422
533	1	4	2	2	6	3	17	-4.70046	-2.47045	-4.28102	-5.60448
534	2	4	1	2	7	1	5	-2.31138	-5.31834	-5.90428	-4.90422
535	47	2	4	2	6	5	17	-10.3045	-10.3646	-6.32825	-8.53823
536	1	4	2	2	6	3	17	-4.70046	-2.47045	-4.28102	-5.60448
537	1	2	3	4	5	9	3	-4.67644	-2.50871	-3.56331	-4.96453
538	2	4	1	2	2	1	5	-2.78083	-3.63225	-4.14105	-4.06843
539	4	7	10	4	42	7	1	-6.54483	-8.64629	-5.53895	-4.6616
540	2	4	1	9	2	1	5	-8.31143	-8.44514	-6.53024	-7.23914
541	2	1	12	3	2	1	5	-2.63482	-2.12912	-3.52101	-4.73133
542	1	4	2	9	6	3	17	-10.2358	-7.23404	-6.63446	-8.76191
543	1	2	3	4	922	9	3	-10.2215	-7.32402	-5.95379	-8.13798
544	4	7	10	4	1	7	1	-1.83167	-3.70231	-2.61003	-1.92392
545	2	1	5	3	2	3	5	-4.25545	-3.26962	-5.08199	-4.79033
546	2	4	1	2	7	1	5	-2.31138	-5.31834	-5.90428	-4.90422
547	4	7	10	4	1	7	1	-1.83167	-3.70231	-2.61003	-1.92392
548	2	4	1	2	2	1	5	-2.78083	-3.63225	-4.14105	-4.06843
549	2	1	21	3	2	1	5	-2.94436	-2.50206	-4.1692	-4.47422
550	4	7	10	4	1	7	1	-1.83167	-3.70231	-2.61003	-1.92392
551	1	4	2	2	6	3	17	-4.70046	-2.47045	-4.28102	-5.60448
552	2	1	5	3	2	5	5	-5.62663	-2.85283	-4.02605	-5.56409
553	2	1	12	3	2	1	5	-2.63482	-2.12912	-3.52101	-4.73133
554	4	936	10	4	1	7	1	-7.37186	-8.51381	-4.97736	-5.09938
555	180	194	2	68	19	231	147	-33.0258	-32.3842	-20.9993	-24.0273
556	4	7	10	4	42	51	1	-2.93612	-4.57131	-4.78307	-3.77626
557	4	7	10	4	42	25	1	-8.52202	-9.38099	-5.79977	-5.18068
558	2	1	21	3	2	1	5	-2.94436	-2.50206	-4.1692	-4.47422
559	2	1	5	3	2	3	5	-4.25545	-3.26962	-5.08199	-4.79033
560	2	1	5	3	2	3	5	-4.25545	-3.26962	-5.08199	-4.79033
561	4	7	10	4	42	51	1	-2.93612	-4.57131	-4.78307	-3.77626
562	4	7	10	4	1	7	1	-1.83167	-3.70231	-2.61003	-1.92392
563	2	4	1	2	7	1	5	-2.31138	-5.31834	-5.90428	-4.90422
564	2	1	21	3	2	1	5	-2.94436	-2.50206	-4.1692	-4.47422
565	1	4	2	2	6	3	17	-4.70046	-2.47045	-4.28102	-5.60448
566	188	313	5	2	89	5	6	-40.7005	-36.5736	-36.3513	-40.1628
567	2	1	21	3	2	1	5	-2.94436	-2.50206	-4.1692	-4.47422
568	2	1	1	3	2	1	5	-4.63005	-3.80264	-5.90862	-7.1025
569	2	1	5	3	2	3	5	-4.25545	-3.26962	-5.08199	-4.79033
570	2	4	1	2	2	1	5	-2.78083	-3.63225	-4.14105	-4.06843
571	2	1	5	3	2	3	5	-4.25545	-3.26962	-5.08199	-4.79033
572	2	1	1	3	2	1	5	-4.63005	-3.80264	-5.90862	-7.1025
573	2	1	5	3	2	3	5	-4.25545	-3.26962	-5.08199	-4.79033
574	1	4	2	2	6	3	17	-4.70046	-2.47045	-4.28102	-5.60448
575	1	4	2	2	6	3	17	-4.70046	-2.47045	-4.28102	-5.60448
576	2	1	21	3	2	1	5	-2.94436	-2.50206	-4.1692	-4.47422
577	239	27	16	19	10	5	7	-10.2493	-6.49213	-8.6515	-10.7909
578	2	4	5	2	2	5	5	-3.67807	-6.66862	-6.90665	-5.74315
579	9	2	4	62	4	5	6	-3.72515	-5.15728	-5.85235	-6.41675
580	2	1	1	3	2	1	5	-4.63005	-3.80264	-5.90862	-7.1025
581	2	1	5	3	2	3	5	-4.25545	-3.26962	-5.08199	-4.79033
582	1	4	2	2	6	3	17	-4.70046	-2.47045	-4.28102	-5.60448
583	2	4	5	2	2	5	5	-3.67807	-6.66862	-6.90665	-5.74315
584	2	4	5	2	2	5	5	-3.67807	-6.66862	-6.90665	-5.74315
585	2	1	5	3	2	3	5	-4.25545	-3.26962	-5.08199	-4.79033
586	2	1	1	380	2	1	5	-6.17038	-5.74764	-7.82149	-8.75896
587	2	7	10	4	1	7	1	-6.48412	-8.65865	-8.11106	-7.13638
588	2	1	12	3	2	1	5	-2.63482	-2.12912	-3.52101	-4.73133
589	2	4	1	2	2	1	5	-2.78083	-3.63225	-4.14105	-4.06843
590	9	2	4	62	4	5	6	-3.72515	-5.15728	-5.85235	-6.41675
591	2	4	5	2	2	5	5	-3.67807	-6.66862	-6.90665	-5.74315
592	1	4	2	2	6	3	17	-4.70046	-2.47045	-4.28102	-5.60448
593	1	4	2	2	6	5	17	-12.5064	-8.84282	-11.2428	-13.6561
594	2	4	2	2	6	1	5	-6.10547	-4.85016	-5.9056	-7.78443
595	1	4	2	2	6	5	17	-12.5064	-8.84282	-11.2428	-13.6561
596	2	23	21	3	2	1	5	-8.49082	-7.3215	-6.56155	-7.64932
597	7	21	5	62	4	61	44	-7.54446	-3.85315	-5.46521	-7.63471
598	2	4	1	2	2	1	5	-2.78083	-3.63225	-4.14105	-4.06843
599	1	307	3	4	5	9	3	-6.84245	-6.43603	-6.21547	-8.20042
600	1	2	3	4	5	9	3	-4.67644	-2.50871	-3.56331	-4.96453
601	9	2	4	62	4	5	6	-3.72515	-5.15728	-5.85235	-6.41675
602	2	1	12	3	2	1	5	-2.63482	-2.12912	-3.52101	-4.73133
603	1	4	2	2	6	3	17	-4.70046	-2.47045	-4.28102	-5.60448
604	10	1	16	19	10	5	7	-6.36223	-2.76938	-4.07927	-5.23684
605	2	1	12	3	2	1	5	-2.63482	-2.12912	-3.52101	-4.73133
606	180	194	2	68	19	231	147	-33.0258	-32.3842	-20.9993	-24.0273
607	2	1	12	3	2	1	5	-2.63482	-2.12912	-3.52101	-4.73133
608	4	7	10	4	1	7	1	-1.83167	-3.70231	-2.61003	-1.92392
609	129	66	30	82	189	47	17	-3.25607	-4.81986	-5.33927	-4.1214
610	4	7	10	4	1	7	1	-1.83167	-3.70231	-2.61003	-1.92392
611	2	1	12	3	2	1	5	-2.63482	-2.12912	-3.52101	-4.73133
612	2	1	21	3	2	1	5	-2.94436	-2.50206	-4.1692	-4.47422
613	4	7	10	4	1	7	1	-1.83167	-3.70231	-2.61003	-1.92392
614	10	1	16	19	10	5	7	-6.36223	-2.76938	-4.07927	-5.23684
615	8	10	149	2	11	12	6	-4.89776	-3.98733	-5.51144	-7.07861
616	129	66	30	82	189	47	17	-3.25607	-4.81986	-5.33927	-4.1214
617	2	4	1	2	2	1	5	-2.78083	-3.63225	-4.14105	-4.06843
618	180	194	2	68	19	231	147	-33.0258	-32.3842	-20.9993	-24.0273
619	2	1	5	3	2	3	5	-4.25545	-3.26962	-5.08199	-4.79033
620	2	4	1	2	2	1	5	-2.78083	-3.63225	-4.14105	-4.06843
621	1	2	3	4	5	9	3	-4.67644	-2.50871	-3.56331	-4.96453
622	180	194	2	68	19	231	147	-33.0258	-32.3842	-20.9993	-24.0273
623	33	39	65	79	104	43	17	-4.60643	-7.61877	-8.35648	-7.46768
624	2	4	5	2	2	5	5	-3.67807	-6.66862	-6.90665	-5.74315
625	2	1	5	3	2	5	5	-5.62663	-2.85283	-4.02605	-5.56409
626	2	1	12	3	2	1	5	-2.63482	-2.12912	-3.52101	-4.73133
627	180	194	2	68	19	231	147	-33.0258	-32.3842	-20.9993	-24.0273
628	2	1	21	3	2	1	5	-2.94436	-2.50206	-4.1692	-4.47422
629	2	1	5	3	2	5	5	-5.62663	-2.85283	-4.02605	-5.56409
630	2	1	21	3	2	1	5	-2.94436	-2.50206	-4.1692	-4.47422
631	1	2	3	4	5	9	3	-4.67644	-2.50871	-3.56331	-4.96453
632	2	1	21	3	2	1	5	-2.94436	-2.50206	-4.1692	-4.47422
633	8	10	2	2	11	12	6	-3.96243	-6.94324	-7.70821	-6.82397
634	2	4	1	2	7	1	5	-2.31138	-5.31834	-5.90428	-4.90422
635	2	1	5	3	2	3	5	-4.25545	-3.26962	-5.08199	-4.79033
636	1	2	3	4	5	9	3	-4.67644	-2.50871	-3.56331	-4.96453
637	9	2	4	62	4	5	6	-3.72515	-5.15728	-5.85235	-6.41675
638	2	1	21	3	2	1	5	-2.94436	-2.50206	-4.1692	-4.47422
639	8	10	149	2	11	12	6	-4.89776	-3.98733	-5.51144	-7.07861
640	2	1	12	88	2	1	5	-3.96365	-3.44346	-5.3431	-5.30302
641	2	4	1	2	2	1	5	-2.78083	-3.63225	-4.14105	-4.06843
642	2	1	5	10	10	1	5	-22.787	-23.3617	-23.0085	-23.3555
643	1	2	3	4	5	9	3	-4.67644	-2.50871	-3.56331	-4.96453
644	2	4	1	2	7	1	5	-2.31138	-5.31834	-5.90428	-4.90422
645	2	4	1	2	2	1	5	-2.78083	-3.63225	-4.14105	-4.06843
646	1	2	3	4	5	9	3	-4.67644	-2.50871	-3.56331	-4.96453
647	2	1	12	88	2	1	5	-3.96365	-3.44346	-5.3431	-5.30302
648	4	7	10	4	1	7	1	-1.83167	-3.70231	-2.61003	-1.92392
649	2	1	21	3	2	1	5	-2.94436	-2.50206	-4.1692	-4.47422
650	2	4	1	2	7	1	5	-2.31138	-5.31834	-5.90428	-4.90422
651	33	38	30	82	118	43	17	-19.8264	-18.5328	-20.7994	-22.0755
652	2	4	1	2	2	1	5	-2.78083	-3.63225	-4.14105	-4.06843
653	2	1	5	3	2	3	5	-4.25545	-3.26962	-5.08199	-4.79033
654	4	7	10	4	1	7	1	-1.83167	-3.70231	-2.61003	-1.92392
655	8	10	2	2	11	12	6	-3.96243	-6.94324	-7.70821	-6.82397
656	2	4	5	2	2	5	5	-3.67807	-6.66862	-6.90665	-5.74315
657	4	7	10	4	1	7	1	-1.83167	-3.70231	-2.61003	-1.92392
658	2	1	5	3	2	3	5	-4.25545	-3.26962	-5.08199	-4.79033
659	33	39	30	82	113	47	17	-5.78639	-5.75078	-7.7741	-8.4549
660	2	1	21	3	2	1	5	-2.94436	-2.50206	-4.1692	-4.47422
661	2	4	1	2	7	1	5	-2.31138	-5.31834	-5.90428	-4.90422
662	2	1	1	3	2	1	5	-4.63005	-3.80264	-5.90862	-7.1025
663	4	7	10	4	1	7	1	-1.83167	-3.70231	-2.61003	-1.92392
664	7	21	5	62	4	61	44	-7.54446	-3.85315	-5.46521	-7.63471
665	10	81	50	99	120	76	52	-6.67936	-6.39296	-5.3079	-5.16795
666	4	7	10	4	1	7	1	-1.83167	-3.70231	-2.61003	-1.92392
667	1	2	3	4	5	9	3	-4.67644	-2.50871	-3.56331	-4.96453
668	1	2	3	4	5	9	3	-4.67644	-2.50871	-3.56331	-4.96453
669	2	4	1	2	7	1	5	-2.31138	-5.31834	-5.90428	-4.90422
670	4	7	10	4	1	7	1	-1.83167	-3.70231	-2.61003	-1.92392
671	2	1	5	3	2	3	5	-4.25545	-3.26962	-5.08199	-4.79033
672	1	4	2	2	6	3	17	-4.70046	-2.47045	-4.28102	-5.60448
673	4	935	10	4	1	7	1	-7.37186	-8.51381	-4.97736	-5.09938
674	10	1	16	19	10	5	7	-6.36223	-2.76938	-4.07927	-5.23684
675	4	7	10	4	1	7	1	-1.83167	-3.70231	-2.61003	-1.92392
676	33	39	65	79	104	43	17	-4.60643	-7.61877	-8.35648	-7.46768
677	2	4	2	2	6	1	5	-6.10547	-4.85016	-5.9056	-7.78443
678	4	7	10	4	42	25	1	-8.52202	-9.38099	-5.79977	-5.18068
679	1	4	2	2	6	3	17	-4.70046	-2.47045	-4.28102	-5.60448
680	4	7	10	4	42	25	1	-8.52202	-9.38099	-5.79977	-5.18068
681	4	7	10	4	42	25	1	-8.52202	-9.38099	-5.79977	-5.18068
682	4	7	10	4	1	7	1	-1.83167	-3.70231	-2.61003	-1.92392
683	2	4	1	2	7	1	5	-2.31138	-5.31834	-5.90428	-4.90422
684	4	7	10	4	1	7	1	-1.83167	-3.70231	-2.61003	-1.92392
685	4	7	10	4	42	7	1	-6.54483	-8.64629	-5.53895	-4.6616
686	10	27	16	19	10	5	7	-20.2438	-12.9342	-15.5454	-17.8097
687	10	81	50	99	120	76	52	-6.67936	-6.39296	-5.3079	-5.16795
688	4	7	10	4	1	7	1	-1.83167	-3.70231	-2.61003	-1.92392
689	4	7	10	4	42	51	1	-2.93612	-4.57131	-4.78307	-3.77626
690	4	7	10	4	1	7	1	-1.83167	-3.70231	-2.61003	-1.92392
691	10	81	50	99	120	76	52	-6.67936	-6.39296	-5.3079	-5.16795
692	2	4	1	2	2	1	5	-2.78083	-3.63225	-4.14105	-4.06843
693	4	7	10	4	42	51	1	-2.93612	-4.57131	-4.78307	-3.77626
694	4	7	10	4	42	51	1	-2.93612	-4.57131	-4.78307	-3.77626
695	4	7	10	4	42	51	1	-2.93612	-4.57131	-4.78307	-3.77626
696	8	10	2	2	11	12	6	-3.96243	-6.94324	-7.70821	-6.82397
697	33	38	30	82	104	43	17	-5.29937	-8.31084	-9.04754	-8.15723
698	4	7	10	4	1	7	1	-1.83167	-3.70231	-2.61003	-1.92392
699	10	81	50	99	120	76	52	-6.67936	-6.39296	-5.3079	-5.16795
700	2	4	1	2	7	1	5	-2.31138	-5.31834	-5.90428	-4.90422
701	4	7	10	4	1	7	1	-1.83167	-3.70231	-2.61003	-1.92392
702	4	7	10	4	1	7	1	-1.83167	-3.70231	-2.61003	-1.92392
703	10	81	50	99	120	76	52	-6.67936	-6.39296	-5.3079	-5.16795
704	4	7	10	4	42	51	1	-2.93612	-4.57131	-4.78307	-3.77626
705	9	2	4	62	4	5	6	-3.72515	-5.15728	-5.85235	-6.41675
706	4	7	10	4	1	7	1	-1.83167	-3.70231	-2.61003	-1.92392
707	2	1	1	3	2	1	5	-4.63005	-3.80264	-5.90862	-7.1025
708	1	14	2	2	6	1	17	-9.3301	-6.46596	-7.45297	-6.33735
709	2	4	2	2	6	1	5	-6.10547	-4.85016	-5.9056	-7.78443
710	2	4	2	2	6	1	5	-6.10547	-4.85016	-5.9056	-7.78443
711	4	7	10	4	42	51	1	-2.93612	-4.57131	-4.78307	-3.77626
712	10	2	107	62	120	76	1	-6.85761	-9.61676	-7.76258	-6.31522
713	2	1	12	3	2	1	5	-2.63482	-2.12912	-3.52101	-4.73133
714	2	4	1	2	2	1	5	-2.78083	-3.63225	-4.14105	-4.06843
715	47	2	4	2	6	5	17	-10.3045	-10.3646	-6.32825	-8.53823
716	4	7	10	4	42	5	1	-10.713	-10.9174	-11.1444	-11.33
717	2	1	12	3	2	1	5	-2.63482	-2.12912	-3.52101	-4.73133
718	4	7	10	4	42	51	1	-2.93612	-4.57131	-4.78307	-3.77626
719	1	307	3	4	5	9	3	-6.84245	-6.43603	-6.21547	-8.20042
720	2	1	21	3	2	1	5	-2.94436	-2.50206	-4.1692	-4.47422
721	4	7	10	4	1	7	1	-1.83167	-3.70231	-2.61003	-1.92392
722	2	4	1	2	2	1	5	-2.78083	-3.63225	-4.14105	-4.06843
723	2	1	12	3	2	1	5	-2.63482	-2.12912	-3.52101	-4.73133
724	4	7	10	4	1	7	1	-1.83167	-3.70231	-2.61003	-1.92392
725	2	1	21	3	2	1	5	-2.94436	-2.50206	-4.1692	-4.47422
726	2	1	1	3	2	1	5	-4.63005	-3.80264	-5.90862	-7.1025
727	4	7	10	4	1	7	1	-1.83167	-3.70231	-2.61003	-1.92392
728	2	1	12	3	2	1	5	-2.63482	-2.12912	-3.52101	-4.73133
729	1	4	3	2	6	3	17	-14.226	-9.33437	-11.5445	-14.1326
730	2	1	12	3	2	1	5	-2.63482	-2.12912	-3.52101	-4.73133
731	2	1	12	88	2	1	5	-3.96365	-3.44346	-5.3431	-5.30302
732	1	4	2	2	6	3	17	-4.70046	-2.47045	-4.28102	-5.60448
733	4	7	10	4	42	51	1	-2.93612	-4.57131	-4.78307	-3.77626
734	2	1	12	3	2	1	5	-2.63482	-2.12912	-3.52101	-4.73133
735	4	7	10	4	1	7	1	-1.83167	-3.70231	-2.61003	-1.92392
736	2	1	12	88	2	1	5	-3.96365	-3.44346	-5.3431	-5.30302
737	2	1	21	3	2	1	5	-2.94436	-2.50206	-4.1692	-4.47422
738	2	4	5	2	2	5	5	-3.67807	-6.66862	-6.90665	-5.74315
739	2	4	5	2	2	5	5	-3.67807	-6.66862	-6.90665	-5.74315
740	2	1	21	3	62	1	5	-5.80112	-8.80243	-9.5494	-8.66186
741	4	7	10	4	42	25	1	-8.52202	-9.38099	-5.79977	-5.18068
742	1	2	4	62	4	5	17	-6.13086	-4.86601	-6.98392	-8.43014
743	1	2	3	4	5	9	3	-4.67644	-2.50871	-3.56331	-4.96453
744	8	10	2	2	11	12	6	-3.96243	-6.94324	-7.70821	-6.82397
745	2	1	12	88	2	1	5	-3.96365	-3.44346	-5.3431	-5.30302
746	2	4	5	2	2	5	5	-3.67807	-6.66862	-6.90665	-5.74315
747	2	1	12	3	2	1	5	-2.63482	-2.12912	-3.52101	-4.73133
748	7	21	5	62	4	61	44	-7.54446	-3.85315	-5.46521	-7.63471
749	9	2	4	62	4	5	6	-3.72515	-5.15728	-5.85235	-6.41675
750	10	1	16	19	10	5	7	-6.36223	-2.76938	-4.07927	-5.23684
751	10	1	16	19	10	5	7	-6.36223	-2.76938	-4.07927	-5.23684
752	8	10	2	2	11	12	6	-3.96243	-6.94324	-7.70821	-6.82397
753	1	4	2	2	6	3	17	-4.70046	-2.47045	-4.28102	-5.60448
754	2	1	12	3	2	1	5	-2.63482	-2.12912	-3.52101	-4.73133
755	2	1	12	88	2	1	5	-3.96365	-3.44346	-5.3431	-5.30302
756	2	29	4	27	10	25	57	-19.4267	-21.4842	-14.4093	-12.0509
757	2	1	5	3	2	3	5	-4.25545	-3.26962	-5.08199	-4.79033
758	2	1	12	3	2	1	5	-2.63482	-2.12912	-3.52101	-4.73133
759	37	52	57	26	107	29	23	-8.31742	-9.19791	-5.68564	-4.9235
760	2	4	1	2	7	1	5	-2.31138	-5.31834	-5.90428	-4.90422
761	1	2	3	4	5	9	3	-4.67644	-2.50871	-3.56331	-4.96453
762	2	1	12	3	2	1	5	-2.63482	-2.12912	-3.52101	-4.73133
763	1	4	2	2	6	3	17	-4.70046	-2.47045	-4.28102	-5.60448
764	1	4	2	2	6	3	17	-4.70046	-2.47045	-4.28102	-5.60448
765	1	2	3	4	5	9	3	-4.67644	-2.50871	-3.56331	-4.96453
766	4	7	10	4	1	7	1	-1.83167	-3.70231	-2.61003	-1.92392
767	2	1	21	3	2	1	5	-2.94436	-2.50206	-4.1692	-4.47422
768	2	1	12	3	2	1	5	-2.63482	-2.12912	-3.52101	-4.73133
769	2	4	1	2	2	5	5	-6.81107	-6.41584	-8.44105	-9.36425
770	2	4	1	2	2	1	5	-2.78083	-3.63225	-4.14105	-4.06843
771	2	4	5	2	2	5	5	-3.67807	-6.66862	-6.90665	-5.74315
772	10	1	16	19	10	5	7	-6.36223	-2.76938	-4.07927	-5.23684
773	7	21	5	62	4	61	44	-7.54446	-3.85315	-5.46521	-7.63471
774	9	2	4	62	4	5	6	-3.72515	-5.15728	-5.85235	-6.41675
775	2	1	12	3	2	1	5	-2.63482	-2.12912	-3.52101	-4.73133
776	1	4	2	2	6	3	17	-4.70046	-2.47045	-4.28102	-5.60448
777	4	7	10	4	1	7	1	-1.83167	-3.70231	-2.61003	-1.92392
778	2	1	12	3	2	1	5	-2.63482	-2.12912	-3.52101	-4.73133
779	2	1	5	3	2	5	5	-5.62663	-2.85283	-4.02605	-5.56409
780	2	23	21	3	2	1	5	-8.49082	-7.3215	-6.56155	-7.64932
781	2	4	5	2	2	5	5	-3.67807	-6.66862	-6.90665	-5.74315
782	2	4	2	2	6	1	5	-6.10547	-4.85016	-5.9056	-7.78443
783	2	1	12	3	2	1	5	-2.63482	-2.12912	-3.52101	-4.73133
784	4	7	10	4	42	51	1	-2.93612	-4.57131	-4.78307	-3.77626
785	7	17	5	2	86	232	1	-31.2204	-33.5687	-26.8234	-26.5908
786	2	4	1	2	2	1	5	-2.78083	-3.63225	-4.14105	-4.06843
787	2	1	12	3	2	1	5	-2.63482	-2.12912	-3.52101	-4.73133
788	2	1	21	3	2	1	5	-2.94436	-2.50206	-4.1692	-4.47422
789	7	17	2	15	23	3	12	-6.91011	-9.92162	-10.6596	-9.77027
790	2	1	5	3	2	5	5	-5.62663	-2.85283	-4.02605	-5.56409
791	1	6	60	24	12	28	1	-34.9895	-33.675	-18.5392	-21.686
792	1	2	3	4	5	9	3	-4.67644	-2.50871	-3.56331	-4.96453
793	2	4	5	2	2	5	5	-3.67807	-6.66862	-6.90665	-5.74315
794	1	2	3	4	5	9	3	-4.67644	-2.50871	-3.56331	-4.96453
795	1	6	60	24	12	28	1	-34.9895	-33.675	-18.5392	-21.686
796	9	2	4	62	4	5	6	-3.72515	-5.15728	-5.85235	-6.41675
797	2	4	1	2	2	1	5	-2.78083	-3.63225	-4.14105	-4.06843
798	4	7	10	4	1	7	1	-1.83167	-3.70231	-2.61003	-1.92392
799	2	4	5	2	2	5	5	-3.67807	-6.66862	-6.90665	-5.74315
800	7	2	2	2	11	12	6	-4.50908	-7.52128	-8.25932	-7.37024
801	2	1	21	3	2	1	941	-8.49155	-7.30259	-6.55006	-7.64725
802	9	2	2	10	10	3	5	-28.9093	-25.3179	-25.9382	-25.3573
803	8	10	149	2	11	12	6	-4.89776	-3.98733	-5.51144	-7.07861
804	7	1	5	2	10	3	6	-31.4373	-29.1235	-29.6069	-28.9008
805	2	1	21	3	2	1	5	-2.94436	-2.50206	-4.1692	-4.47422
806	33	39	30	82	113	43	17	-9.48673	-6.46845	-6.23772	-8.44009
807	1	6	60	24	12	28	1	-34.9895	-33.675	-18.5392	-21.686
808	1	6	60	24	12	28	1	-34.9895	-33.675	-18.5392	-21.686
809	7	17	2	15	23	3	12	-6.91011	-9.92162	-10.6596	-9.77027
810	1	4	2	2	6	3	17	-4.70046	-2.47045	-4.28102	-5.60448
811	1	4	2	2	6	3	17	-4.70046	-2.47045	-4.28102	-5.60448
812	7	21	5	62	4	61	44	-7.54446	-3.85315	-5.46521	-7.63471
813	239	27	16	19	10	5	7	-10.2493	-6.49213	-8.6515	-10.7909
814	9	2	4	62	4	5	6	-3.72515	-5.15728	-5.85235	-6.41675
815	10	1	16	19	10	5	7	-6.36223	-2.76938	-4.07927	-5.23684
816	2	1	5	3	2	5	5	-5.62663	-2.85283	-4.02605	-5.56409
817	2	4	5	2	2	5	5	-3.67807	-6.66862	-6.90665	-5.74315
818	8	10	2	2	11	12	6	-3.96243	-6.94324	-7.70821	-6.82397
819	7	17	2	15	23	3	12	-6.91011	-9.92162	-10.6596	-9.77027
820	2	4	1	4	1	1	5	-14.8489	-17.9236	-15.9775	-14.8595
821	4	7	10	4	1	7	1	-1.83167	-3.70231	-2.61003	-1.92392
822	8	10	149	2	11	12	6	-4.89776	-3.98733	-5.51144	-7.07861
823	2	1	12	88	2	1	5	-3.96365	-3.44346	-5.3431	-5.30302
824	2	4	2	2	6	1	5	-6.10547	-4.85016	-5.9056	-7.78443
825	10	81	50	99	120	76	52	-6.67936	-6.39296	-5.3079	-5.16795
826	2	4	5	2	2	5	5	-3.67807	-6.66862	-6.90665	-5.74315
827	2	4	1	2	2	5	5	-6.81107	-6.41584	-8.44105	-9.36425
828	8	10	149	2	11	12	6	-4.89776	-3.98733	-5.51144	-7.07861
829	1	4	2	2	6	3	17	-4.70046	-2.47045	-4.28102	-5.60448
830	2	165	73	147	220	190	104	-8.74936	-9.84995	-6.72176	-5.24954
831	4	7	10	4	42	25	1	-8.52202	-9.38099	-5.79977	-5.18068
832	7	2	2	2	11	12	6	-4.50908	-7.52128	-8.25932	-7.37024
833	1	6	60	24	12	28	1	-34.9895	-33.675	-18.5392	-21.686
834	2	1	12	3	2	1	5	-2.63482	-2.12912	-3.52101	-4.73133
835	33	39	65	79	104	77	17	-5.29928	-8.31129	-9.04962	-8.1607
836	4	7	10	4	1	7	1	-1.83167	-3.70231	-2.61003	-1.92392
837	1	2	3	4	5	9	3	-4.67644	-2.50871	-3.56331	-4.96453
838	2	1	21	3	2	1	5	-2.94436	-2.50206	-4.1692	-4.47422
839	2	1	12	3	2	1	5	-2.63482	-2.12912	-3.52101	-4.73133
840	4	7	10	4	1	7	1	-1.83167	-3.70231	-2.61003	-1.92392
841	2	4	1	2	7	1	5	-2.31138	-5.31834	-5.90428	-4.90422
842	184	39	30	82	113	43	17	-3.96237	-6.01228	-7.38381	-6.80647
843	4	7	10	4	1	7	1	-1.83167	-3.70231	-2.61003	-1.92392
844	2	4	1	2	2	1	5	-2.78083	-3.63225	-4.14105	-4.06843
845	4	7	10	4	1	7	1	-1.83167	-3.70231	-2.61003	-1.92392
846	2	1	12	88	2	1	5	-3.96365	-3.44346	-5.3431	-5.30302
847	2	1	21	3	2	1	5	-2.94436	-2.50206	-4.1692	-4.47422
848	1	2	3	4	5	9	3	-4.67644	-2.50871	-3.56331	-4.96453
849	4	7	10	4	1	7	1	-1.83167	-3.70231	-2.61003	-1.92392
850	2	1	21	3	2	1	5	-2.94436	-2.50206	-4.1692	-4.47422
851	8	10	2	2	11	12	6	-3.96243	-6.94324	-7.70821	-6.82397
852	2	4	1	2	2	1	5	-2.78083	-3.63225	-4.14105	-4.06843
853	2	4	1	2	2	1	5	-2.78083	-3.63225	-4.14105	-4.06843
854	2	4	2	2	6	1	5	-6.10547	-4.85016	-5.9056	-7.78443
855	2	4	1	2	2	1	5	-2.78083	-3.63225	-4.14105	-4.06843
856	2	4	1	2	2	1	5	-2.78083	-3.63225	-4.14105	-4.06843
857	2	4	1	2	2	1	5	-2.78083	-3.63225	-4.14105	-4.06843
858	1	2	3	4	5	9	3	-4.67644	-2.50871	-3.56331	-4.96453
859	2	4	1	2	2	1	5	-2.78083	-3.63225	-4.14105	-4.06843
860	2	4	1	2	2	1	5	-2.78083	-3.63225	-4.14105	-4.06843
861	8	10	2	2	11	12	6	-3.96243	-6.94324	-7.70821	-6.82397
862	2	1	5	3	2	3	5	-4.25545	-3.26962	-5.08199	-4.79033
863	33	39	30	82	104	173	68	-5.42191	-3.99756	-6.12363	-7.65086
864	2	4	1	2	7	1	5	-2.31138	-5.31834	-5.90428	-4.90422
865	8	10	2	2	11	12	6	-3.96243	-6.94324	-7.70821	-6.82397
866	2	4	1	2	7	1	5	-2.31138	-5.31834	-5.90428	-4.90422
867	1	2	3	4	5	9	3	-4.67644	-2.50871	-3.56331	-4.96453
868	1	2	215	4	90	24	8	-34.3351	-30.5346	-20.5459	-22.6412
869	2	1	1	3	2	1	5	-4.63005	-3.80264	-5.90862	-7.1025
870	10	81	50	99	120	76	52	-6.67936	-6.39296	-5.3079	-5.16795
871	2	4	1	2	7	1	5	-2.31138	-5.31834	-5.90428	-4.90422
872	2	1	12	3	2	1	5	-2.63482	-2.12912	-3.52101	-4.73133
873	2	4	1	2	2	1	5	-2.78083	-3.63225	-4.14105	-4.06843
874	2	4	1	2	2	1	5	-2.78083	-3.63225	-4.14105	-4.06843
875	2	4	1	2	2	1	5	-2.78083	-3.63225	-4.14105	-4.06843
876	2	1	5	3	2	3	5	-4.25545	-3.26962	-5.08199	-4.79033
877	2	4	1	2	2	1	5	-2.78083	-3.63225	-4.14105	-4.06843
878	4	7	10	4	1	7	1	-1.83167	-3.70231	-2.61003	-1.92392
879	2	4	1	2	7	1	5	-2.31138	-5.31834	-5.90428	-4.90422
880	2	4	5	2	2	5	5	-3.67807	-6.66862	-6.90665	-5.74315
881	2	4	1	2	2	1	5	-2.78083	-3.63225	-4.14105	-4.06843
882	8	10	2	2	11	12	6	-3.96243	-6.94324	-7.70821	-6.82397
883	4	7	10	4	1	7	1	-1.83167	-3.70231	-2.61003	-1.92392
884	2	4	1	2	2	1	5	-2.78083	-3.63225	-4.14105	-4.06843
885	166	2	1	10	17	3	1	-36.5156	-37.3247	-30.7984	-30.5655
886	2	4	1	2	7	1	5	-2.31138	-5.31834	-5.90428	-4.90422
887	2	4	1	2	2	1	5	-2.78083	-3.63225	-4.14105	-4.06843
888	4	7	10	4	1	7	1	-1.83167	-3.70231	-2.61003	-1.92392
889	4	7	10	4	1	7	1	-1.83167	-3.70231	-2.61003	-1.92392
890	2	4	1	2	7	1	5	-2.31138	-5.31834	-5.90428	-4.90422
891	2	4	1	2	2	1	5	-2.78083	-3.63225	-4.14105	-4.06843
892	2	1	5	3	2	3	5	-4.25545	-3.26962	-5.08199	-4.79033
893	9	25	2	10	22	3	6	-4.47816	-7.31678	-5.78805	-4.35442
894	2	1	21	3	62	1	5	-5.80112	-8.80243	-9.5494	-8.66186
895	129	66	30	82	189	47	17	-3.25607	-4.81986	-5.33927	-4.1214
896	129	66	30	82	189	47	17	-3.25607	-4.81986	-5.33927	-4.1214
897	4	7	10	4	1	7	1	-1.83167	-3.70231	-2.61003	-1.92392
898	2	4	1	2	2	1	5	-2.78083	-3.63225	-4.14105	-4.06843
899	4	7	10	4	42	7	1	-6.54483	-8.64629	-5.53895	-4.6616
900	2	4	1	2	7	1	5	-2.31138	-5.31834	-5.90428	-4.90422
901	1	307	3	4	5	9	3	-6.84245	-6.43603	-6.21547	-8.20042
902	2	1	21	3	2	1	5	-2.94436	-2.50206	-4.1692	-4.47422
903	4	7	10	4	1	7	1	-1.83167	-3.70231	-2.61003	-1.92392
904	2	1	21	3	2	1	5	-2.94436	-2.50206	-4.1692	-4.47422
905	2	4	1	2	2	5	5	-6.81107	-6.41584	-8.44105	-9.36425
906	2	4	1	2	7	1	5	-2.31138	-5.31834	-5.90428	-4.90422
907	2	4	1	2	7	1	5	-2.31138	-5.31834	-5.90428	-4.90422
908	2	4	1	2	7	1	5	-2.31138	-5.31834	-5.90428	-4.90422
909	4	7	10	4	1	7	1	-1.83167	-3.70231	-2.61003	-1.92392
910	8	10	2	2	11	12	6	-3.96243	-6.94324	-7.70821	-6.82397
911	7	21	5	62	4	61	44	-7.54446	-3.85315	-5.46521	-7.63471
912	2	1	12	88	2	1	5	-3.96365	-3.44346	-5.3431	-5.30302
913	2	4	1	2	2	1	5	-2.78083	-3.63225	-4.14105	-4.06843
914	1	2	3	4	5	9	3	-4.67644	-2.50871	-3.56331	-4.96453
915	2	4	1	2	7	1	5	-2.31138	-5.31834	-5.90428	-4.90422
916	2	4	1	2	2	1	5	-2.78083	-3.63225	-4.14105	-4.06843
917	2	4	1	2	2	1	5	-2.78083	-3.63225	-4.14105	-4.06843
918	2	4	1	2	7	1	5	-2.31138	-5.31834	-5.90428	-4.90422
919	4	7	10	4	1	7	1	-1.83167	-3.70231	-2.61003	-1.92392
920	2	1	5	3	2	3	5	-4.25545	-3.26962	-5.08199	-4.79033
921	2	4	1	2	7	1	5	-2.31138	-5.31834	-5.90428	-4.90422
922	2	4	1	2	2	1	5	-2.78083	-3.63225	-4.14105	-4.06843
923	8	10	2	2	11	12	6	-3.96243	-6.94324	-7.70821	-6.82397
924	2	1	12	3	2	1	5	-2.63482	-2.12912	-3.52101	-4.73133
925	48	7	10	4	183	7	1	-12.8322	-13.2398	-7.33516	-8.2102
926	7	21	5	62	4	61	44	-7.54446	-3.85315	-5.46521	-7.63471
927	4	7	10	4	1	7	1	-1.83167	-3.70231	-2.61003	-1.92392
928	9	25	2	10	22	3	6	-4.47816	-7.31678	-5.78805	-4.35442
929	2	4	1	2	2	1	5	-2.78083	-3.63225	-4.14105	-4.06843
930	2	4	1	2	7	1	5	-2.31138	-5.31834	-5.90428	-4.90422
931	2	4	1	2	2	1	5	-2.78083	-3.63225	-4.14105	-4.06843
932	2	4	1	2	2	1	5	-2.78083	-3.63225	-4.14105	-4.06843
933	9	25	2	10	22	3	6	-4.47816	-7.31678	-5.78805	-4.35442
934	2	4	1	2	2	1	5	-2.78083	-3.63225	-4.14105	-4.06843
935	2	4	1	2	2	1	5	-2.78083	-3.63225	-4.14105	-4.06843
936	2	4	1	2	7	1	5	-2.31138	-5.31834	-5.90428	-4.90422
937	2	4	1	2	7	1	5	-2.31138	-5.31834	-5.90428	-4.90422
938	2	4	1	2	2	1	5	-2.78083	-3.63225	-4.14105	-4.06843
939	2	4	1	2	2	1	5	-2.78083	-3.63225	-4.14105	-4.06843
940	4	7	10	4	1	7	1	-1.83167	-3.70231	-2.61003	-1.92392
941	2	4	1	2	2	1	5	-2.78083	-3.63225	-4.14105	-4.06843
942	4	7	10	4	1	7	1	-1.83167	-3.70231	-2.61003	-1.92392
943	2	4	1	2	7	1	5	-2.31138	-5.31834	-5.90428	-4.90422
944	2	4	1	2	2	1	5	-2.78083	-3.63225	-4.14105	-4.06843
945	4	7	10	4	1	7	1	-1.83167	-3.70231	-2.61003	-1.92392
946	9	25	2	10	22	3	6	-4.47816	-7.31678	-5.78805	-4.35442
947	10	81	50	99	120	76	52	-6.67936	-6.39296	-5.3079	-5.16795
948	2	1	21	3	2	1	5	-2.94436	-2.50206	-4.1692	-4.47422
949	4	7	10	4	1	7	1	-1.83167	-3.70231	-2.61003	-1.92392
950	2	4	1	2	7	1	5	-2.31138	-5.31834	-5.90428	-4.90422
951	4	7	10	4	1	7	1	-1.83167	-3.70231	-2.61003	-1.92392
952	4	7	10	4	1	7	1	-1.83167	-3.70231	-2.61003	-1.92392
953	8	315	2	2	11	12	6	-9.50754	-11.7576	-10.098	-9.99702
954	8	10	2	2	11	12	6	-3.96243	-6.94324	-7.70821	-6.82397
955	2	4	1	2	2	1	5	-2.78083	-3.63225	-4.14105	-4.06843
956	4	7	10	4	1	7	1	-1.83167	-3.70231	-2.61003	-1.92392
957	2	4	1	2	2	1	5	-2.78083	-3.63225	-4.14105	-4.06843
958	2	4	1	2	2	1	5	-2.78083	-3.63225	-4.14105	-4.06843
959	2	4	1	2	2	1	5	-2.78083	-3.63225	-4.14105	-4.06843
960	2	4	1	2	7	1	5	-2.31138	-5.31834	-5.90428	-4.90422
961	2	4	1	2	2	1	5	-2.78083	-3.63225	-4.14105	-4.06843
962	2	4	1	2	2	1	5	-2.78083	-3.63225	-4.14105	-4.06843
963	2	1	21	3	2	1	5	-2.94436	-2.50206	-4.1692	-4.47422
964	2	4	1	2	2	1	5	-2.78083	-3.63225	-4.14105	-4.06843
965	1	4	2	2	2	3	17	-10.8947	-7.79093	-10.3342	-12.1589
966	2	4	1	2	2	1	5	-2.78083	-3.63225	-4.14105	-4.06843
967	2	4	1	2	2	1	5	-2.78083	-3.63225	-4.14105	-4.06843
968	7	21	5	62	4	61	44	-7.54446	-3.85315	-5.46521	-7.63471
969	2	4	1	2	2	1	5	-2.78083	-3.63225	-4.14105	-4.06843
970	4	7	10	4	1	7	1	-1.83167	-3.70231	-2.61003	-1.92392
971	2	4	1	2	2	1	5	-2.78083	-3.63225	-4.14105	-4.06843
972	10	1	16	19	10	5	7	-6.36223	-2.76938	-4.07927	-5.23684
973	8	10	2	2	11	12	6	-3.96243	-6.94324	-7.70821	-6.82397
974	4	7	10	4	1	7	1	-1.83167	-3.70231	-2.61003	-1.92392
975	2	4	2	2	6	1	5	-6.10547	-4.85016	-5.9056	-7.78443
976	2	4	1	2	2	1	5	-2.78083	-3.63225	-4.14105	-4.06843
977	2	4	1	2	2	1	5	-2.78083	-3.63225	-4.14105	-4.06843
978	2	1	12	3	2	1	5	-2.63482	-2.12912	-3.52101	-4.73133
979	2	1	21	3	2	1	5	-2.94436	-2.50206	-4.1692	-4.47422
980	1	4	2	2	6	3	17	-4.70046	-2.47045	-4.28102	-5.60448
981	9	2	4	62	4	5	6	-3.72515	-5.15728	-5.85235	-6.41675
982	9	2	4	62	4	5	6	-3.72515	-5.15728	-5.85235	-6.41675
983	2	4	1	2	2	1	5	-2.78083	-3.63225	-4.14105	-4.06843
984	9	25	2	10	22	3	6	-4.47816	-7.31678	-5.78805	-4.35442
985	2	1	12	3	2	1	5	-2.63482	-2.12912	-3.52101	-4.73133
986	2	4	1	2	2	1	5	-2.78083	-3.63225	-4.14105	-4.06843
987	2	4	1	2	2	1	5	-2.78083	-3.63225	-4.14105	-4.06843
988	2	4	1	2	2	1	5	-2.78083	-3.63225	-4.14105	-4.06843
989	1	4	2	2	6	3	17	-4.70046	-2.47045	-4.28102	-5.60448
990	1	4	2	2	6	3	17	-4.70046	-2.47045	-4.28102	-5.60448
991	9	25	2	10	22	3	6	-4.47816	-7.31678	-5.78805	-4.35442
992	1	4	2	2	6	3	17	-4.70046	-2.47045	-4.28102	-5.60448
993	2	4	1	2	2	1	5	-2.78083	-3.63225	-4.14105	-4.06843
994	2	4	1	2	2	1	5	-2.78083	-3.63225	-4.14105	-4.06843
995	8	10	2	2	11	12	6	-3.96243	-6.94324	-7.70821	-6.82397
996	2	4	1	2	2	1	5	-2.78083	-3.63225	-4.14105	-4.06843
997	2	1	5	3	2	5	5	-5.62663	-2.85283	-4.02605	-5.56409
998	8	10	2	2	11	12	6	-3.96243	-6.94324	-7.70821	-6.82397
999	2	4	1	2	2	1	5	-2.78083	-3.63225	-4.14105	-4.06843
1000	2	4	1	2	2	1	5	-2.78083	-3.63225	-4.14105	-4.06843
1001	2	1	21	3	2	1	5	-2.94436	-2.50206	-4.1692	-4.47422
1002	1	2	4	62	4	5	17	-6.13086	-4.86601	-6.98392	-8.43014
1003	2	1	12	3	2	1	5	-2.63482	-2.12912	-3.52101	-4.73133
1004	2	4	1	2	7	1	5	-2.31138	-5.31834	-5.90428	-4.90422
1005	1	307	3	4	5	9	3	-6.84245	-6.43603	-6.21547	-8.20042
1006	2	4	2	4	19	3	6	-5.80481	-8.81463	-9.55234	-8.66002
1007	2	4	1	2	2	1	5	-2.78083	-3.63225	-4.14105	-4.06843
1008	1	4	2	2	6	3	17	-4.70046	-2.47045	-4.28102	-5.60448
1009	9	25	2	10	22	3	6	-4.47816	-7.31678	-5.78805	-4.35442
1010	4	7	10	4	1	7	1	-1.83167	-3.70231	-2.61003	-1.92392
1011	2	4	1	2	2	1	5	-2.78083	-3.63225	-4.14105	-4.06843
1012	10	1	16	19	10	5	7	-6.36223	-2.76938	-4.07927	-5.23684
1013	2	1	21	3	2	1	5	-2.94436	-2.50206	-4.1692	-4.47422
1014	4	7	10	4	1	7	1	-1.83167	-3.70231	-2.61003	-1.92392
1015	2	4	1	2	2	1	5	-2.78083	-3.63225	-4.14105	-4.06843
1016	1	2	3	4	5	9	3	-4.67644	-2.50871	-3.56331	-4.96453
1017	9	316	4	62	4	5	6	-6.87436	-6.46157	-8.52478	-9.45964
1018	9	25	2	10	22	3	6	-4.47816	-7.31678	-5.78805	-4.35442
1019	1	307	3	4	5	9	3	-6.84245	-6.43603	-6.21547	-8.20042
1020	2	4	1	2	2	1	5	-2.78083	-3.63225	-4.14105	-4.06843
1021	9	25	2	10	22	3	6	-4.47816	-7.31678	-5.78805	-4.35442
1022	2	4	1	2	2	1	5	-2.78083	-3.63225	-4.14105	-4.06843
1023	2	1	12	3	2	1	5	-2.63482	-2.12912	-3.52101	-4.73133
1024	2	1	5	3	2	5	5	-5.62663	-2.85283	-4.02605	-5.56409
1025	2	4	1	2	2	1	5	-2.78083	-3.63225	-4.14105	-4.06843
1026	2	1	12	3	2	1	5	-2.63482	-2.12912	-3.52101	-4.73133
1027	2	1	12	3	2	1	5	-2.63482	-2.12912	-3.52101	-4.73133
1028	10	1	16	19	10	5	7	-6.36223	-2.76938	-4.07927	-5.23684
1029	4	7	10	4	1	7	1	-1.83167	-3.70231	-2.61003	-1.92392
1030	2	4	1	2	2	1	5	-2.78083	-3.63225	-4.14105	-4.06843
1031	2	1	12	88	2	1	5	-3.96365	-3.44346	-5.3431	-5.30302
1032	2	1	21	3	2	1	5	-2.94436	-2.50206	-4.1692	-4.47422
1033	1	2	3	4	5	9	3	-4.67644	-2.50871	-3.56331	-4.96453
1034	8	10	2	2	11	12	6	-3.96243	-6.94324	-7.70821	-6.82397
1035	2	1	12	88	2	1	5	-3.96365	-3.44346	-5.3431	-5.30302
1036	33	39	30	82	104	173	68	-5.42191	-3.99756	-6.12363	-7.65086
1037	1	2	3	4	5	9	3	-4.67644	-2.50871	-3.56331	-4.96453
1038	9	25	2	10	22	3	6	-4.47816	-7.31678	-5.78805	-4.35442
1039	2	4	1	2	2	1	5	-2.78083	-3.63225	-4.14105	-4.06843
1040	8	10	2	2	11	12	6	-3.96243	-6.94324	-7.70821	-6.82397
1041	1	2	4	62	4	5	17	-6.13086	-4.86601	-6.98392	-8.43014
1042	10	1	16	19	10	5	7	-6.36223	-2.76938	-4.07927	-5.23684
1043	33	39	30	82	104	173	68	-5.42191	-3.99756	-6.12363	-7.65086
1044	2	4	1	2	2	1	5	-2.78083	-3.63225	-4.14105	-4.06843
1045	8	10	2	2	11	12	6	-3.96243	-6.94324	-7.70821	-6.82397
1046	2	1	5	3	2	5	5	-5.62663	-2.85283	-4.02605	-5.56409
1047	47	2	4	2	6	5	17	-10.3045	-10.3646	-6.32825	-8.53823
1048	1	2	3	4	5	9	3	-4.67644	-2.50871	-3.56331	-4.96453
1049	4	7	10	4	1	7	1	-1.83167	-3.70231	-2.61003	-1.92392
1050	2	1	5	3	2	3	5	-4.25545	-3.26962	-5.08199	-4.79033
1051	2	4	2	2	6	1	5	-6.10547	-4.85016	-5.9056	-7.78443
1052	2	4	1	2	2	1	5	-2.78083	-3.63225	-4.14105	-4.06843
1053	8	10	149	2	11	12	6	-4.89776	-3.98733	-5.51144	-7.07861
1054	9	25	2	10	22	3	6	-4.47816	-7.31678	-5.78805	-4.35442
1055	2	4	1	2	2	1	5	-2.78083	-3.63225	-4.14105	-4.06843
1056	1	2	3	4	5	9	3	-4.67644	-2.50871	-3.56331	-4.96453
1057	2	1	12	3	2	1	5	-2.63482	-2.12912	-3.52101	-4.73133
1058	4	7	10	4	42	51	1	-2.93612	-4.57131	-4.78307	-3.77626
1059	2	4	1	2	2	1	5	-2.78083	-3.63225	-4.14105	-4.06843
1060	2	1	1	3	2	1	5	-4.63005	-3.80264	-5.90862	-7.1025
1061	2	4	1	2	7	1	5	-2.31138	-5.31834	-5.90428	-4.90422
1062	8	10	2	2	11	12	6	-3.96243	-6.94324	-7.70821	-6.82397
1063	2	4	1	2	2	1	5	-2.78083	-3.63225	-4.14105	-4.06843
1064	9	2	4	62	4	5	6	-3.72515	-5.15728	-5.85235	-6.41675
1065	2	4	1	2	2	1	5	-2.78083	-3.63225	-4.14105	-4.06843
1066	4	7	10	4	1	7	1	-1.83167	-3.70231	-2.61003	-1.92392
1067	8	10	2	2	11	12	6	-3.96243	-6.94324	-7.70821	-6.82397
1068	2	4	2	2	6	1	5	-6.10547	-4.85016	-5.9056	-7.78443
1069	2	4	2	2	6	1	5	-6.10547	-4.85016	-5.9056	-7.78443
1070	2	4	2	2	6	1	5	-6.10547	-4.85016	-5.9056	-7.78443
1071	2	4	2	2	6	1	5	-6.10547	-4.85016	-5.9056	-7.78443
1072	2	4	1	2	2	1	5	-2.78083	-3.63225	-4.14105	-4.06843
1073	2	4	1	2	2	1	5	-2.78083	-3.63225	-4.14105	-4.06843
1074	2	1	12	3	2	1	5	-2.63482	-2.12912	-3.52101	-4.73133
1075	2	4	1	2	7	1	5	-2.31138	-5.31834	-5.90428	-4.90422
1076	4	7	10	4	42	51	1	-2.93612	-4.57131	-4.78307	-3.77626
1077	2	4	1	2	2	1	5	-2.78083	-3.63225	-4.14105	-4.06843
1078	8	10	2	2	11	12	6	-3.96243	-6.94324	-7.70821	-6.82397
1079	1	2	3	4	5	9	3	-4.67644	-2.50871	-3.56331	-4.96453
1080	1	2	3	4	5	9	3	-4.67644	-2.50871	-3.56331	-4.96453
1081	10	1	16	19	10	5	7	-6.36223	-2.76938	-4.07927	-5.23684
1082	8	10	2	2	11	12	6	-3.96243	-6.94324	-7.70821	-6.82397
1083	4	7	10	4	1	7	1	-1.83167	-3.70231	-2.61003	-1.92392
1084	2	4	1	2	2	1	5	-2.78083	-3.63225	-4.14105	-4.06843
1085	2	4	1	2	7	1	5	-2.31138	-5.31834	-5.90428	-4.90422
1086	2	1	21	3	2	1	5	-2.94436	-2.50206	-4.1692	-4.47422
1087	2	1	12	3	2	1	5	-2.63482	-2.12912	-3.52101	-4.73133
1088	2	4	2	4	19	3	6	-5.80481	-8.81463	-9.55234	-8.66002
1089	8	10	149	2	11	12	6	-4.89776	-3.98733	-5.51144	-7.07861
1090	8	10	2	2	11	12	6	-3.96243	-6.94324	-7.70821	-6.82397
1091	2	1	12	3	2	1	5	-2.63482	-2.12912	-3.52101	-4.73133
1092	2	1	12	3	2	1	5	-2.63482	-2.12912	-3.52101	-4.73133
1093	2	1	5	3	2	3	5	-4.25545	-3.26962	-5.08199	-4.79033
1094	184	39	30	82	113	43	17	-3.96237	-6.01228	-7.38381	-6.80647
1095	2	1	12	3	2	1	5	-2.63482	-2.12912	-3.52101	-4.73133
1096	2	4	1	2	2	1	5	-2.78083	-3.63225	-4.14105	-4.06843
1097	4	7	10	4	1	7	1	-1.83167	-3.70231	-2.61003	-1.92392
1098	8	10	2	2	11	12	6	-3.96243	-6.94324	-7.70821	-6.82397
1099	4	7	10	4	1	7	1	-1.83167	-3.70231	-2.61003	-1.92392
1100	4	7	10	4	42	51	1	-2.93612	-4.57131	-4.78307	-3.77626
1101	9	25	2	10	22	3	6	-4.47816	-7.31678	-5.78805	-4.35442
1102	9	2	4	62	4	5	6	-3.72515	-5.15728	-5.85235	-6.41675
1103	4	7	10	4	1	7	1	-1.83167	-3.70231	-2.61003	-1.92392
1104	2	4	1	2	7	1	5	-2.31138	-5.31834	-5.90428	-4.90422
1105	4	7	10	4	1	7	1	-1.83167	-3.70231	-2.61003	-1.92392
1106	8	10	2	2	11	12	6	-3.96243	-6.94324	-7.70821	-6.82397
1107	2	4	1	2	2	1	5	-2.78083	-3.63225	-4.14105	-4.06843
1108	4	7	10	4	42	51	1	-2.93612	-4.57131	-4.78307	-3.77626
1109	1	2	3	4	5	9	3	-4.67644	-2.50871	-3.56331	-4.96453
1110	2	1	12	3	2	1	5	-2.63482	-2.12912	-3.52101	-4.73133
1111	2	4	1	2	2	1	5	-2.78083	-3.63225	-4.14105	-4.06843
1112	10	81	50	99	120	76	52	-6.67936	-6.39296	-5.3079	-5.16795
1113	2	4	1	2	2	1	5	-2.78083	-3.63225	-4.14105	-4.06843
1114	4	7	10	4	42	51	1	-2.93612	-4.57131	-4.78307	-3.77626
1115	4	7	10	4	42	51	1	-2.93612	-4.57131	-4.78307	-3.77626
1116	4	7	10	4	1	7	1	-1.83167	-3.70231	-2.61003	-1.92392
1117	3	1	5	10	11	11	6	-10.2468	-6.48945	-8.64802	-10.7876
1118	10	81	50	99	120	76	52	-6.67936	-6.39296	-5.3079	-5.16795
1119	2	4	1	2	2	1	5	-2.78083	-3.63225	-4.14105	-4.06843
1120	4	7	10	4	1	7	1	-1.83167	-3.70231	-2.61003	-1.92392
1121	4	7	10	4	1	7	1	-1.83167	-3.70231	-2.61003	-1.92392
1122	4	7	10	4	42	51	1	-2.93612	-4.57131	-4.78307	-3.77626
1123	2	1	12	3	2	1	5	-2.63482	-2.12912	-3.52101	-4.73133
1124	2	4	1	2	2	1	5	-2.78083	-3.63225	-4.14105	-4.06843
1125	2	1	1	3	2	1	5	-4.63005	-3.80264	-5.90862	-7.1025
1126	2	4	1	2	2	1	5	-2.78083	-3.63225	-4.14105	-4.06843
1127	2	4	1	2	2	1	5	-2.78083	-3.63225	-4.14105	-4.06843
1128	2	4	1	2	2	1	5	-2.78083	-3.63225	-4.14105	-4.06843
1129	2	4	1	2	2	1	5	-2.78083	-3.63225	-4.14105	-4.06843
1130	1	2	3	4	5	9	3	-4.67644	-2.50871	-3.56331	-4.96453
1131	8	10	2	2	11	12	6	-3.96243	-6.94324	-7.70821	-6.82397
1132	2	1	21	3	2	1	5	-2.94436	-2.50206	-4.1692	-4.47422
1133	2	4	1	2	2	1	5	-2.78083	-3.63225	-4.14105	-4.06843
1134	2	1	21	3	2	1	5	-2.94436	-2.50206	-4.1692	-4.47422
1135	2	1	21	3	2	1	5	-2.94436	-2.50206	-4.1692	-4.47422
1136	2	4	1	2	2	1	5	-2.78083	-3.63225	-4.14105	-4.06843
1137	1	2	3	4	5	9	3	-4.67644	-2.50871	-3.56331	-4.96453
1138	10	1	16	19	10	5	7	-6.36223	-2.76938	-4.07927	-5.23684
1139	2	1	12	3	2	1	5	-2.63482	-2.12912	-3.52101	-4.73133
1140	7	21	5	62	4	61	44	-7.54446	-3.85315	-5.46521	-7.63471
1141	2	4	1	2	2	1	5	-2.78083	-3.63225	-4.14105	-4.06843
1142	2	1	12	3	2	1	5	-2.63482	-2.12912	-3.52101	-4.73133
1143	2	4	1	2	7	1	5	-2.31138	-5.31834	-5.90428	-4.90422
1144	2	1	5	3	2	3	5	-4.25545	-3.26962	-5.08199	-4.79033
1145	2	1	21	3	2	1	5	-2.94436	-2.50206	-4.1692	-4.47422
1146	2	1	21	3	2	1	5	-2.94436	-2.50206	-4.1692	-4.47422
1147	2	1	21	3	2	1	5	-2.94436	-2.50206	-4.1692	-4.47422
1148	2	1	21	3	2	1	5	-2.94436	-2.50206	-4.1692	-4.47422
1149	2	1	12	3	2	1	5	-2.63482	-2.12912	-3.52101	-4.73133
1150	8	10	2	2	11	12	6	-3.96243	-6.94324	-7.70821	-6.82397
1151	129	66	30	82	189	47	17	-3.25607	-4.81986	-5.33927	-4.1214
1152	1	307	3	4	5	9	3	-6.84245	-6.43603	-6.21547	-8.20042
1153	8	10	2	2	11	12	6	-3.96243	-6.94324	-7.70821	-6.82397
1154	2	4	2	2	6	1	5	-6.10547	-4.85016	-5.9056	-7.78443
1155	1	4	2	2	6	3	17	-4.70046	-2.47045	-4.28102	-5.60448
1156	2	4	1	2	2	1	5	-2.78083	-3.63225	-4.14105	-4.06843
1157	8	10	2	2	11	12	6	-3.96243	-6.94324	-7.70821	-6.82397
1158	2	4	2	2	6	1	5	-6.10547	-4.85016	-5.9056	-7.78443
1159	2	1	21	3	2	1	5	-2.94436	-2.50206	-4.1692	-4.47422
1160	2	4	5	2	2	5	5	-3.67807	-6.66862	-6.90665	-5.74315
1161	7	21	5	62	4	61	44	-7.54446	-3.85315	-5.46521	-7.63471
1162	2	1	12	3	2	1	5	-2.63482	-2.12912	-3.52101	-4.73133
1163	10	27	16	19	10	5	7	-20.2438	-12.9342	-15.5454	-17.8097
1164	33	283	44	82	189	44	17	-7.13728	-3.49384	-5.17107	-6.053
1165	9	25	2	10	22	3	6	-4.47816	-7.31678	-5.78805	-4.35442
1166	7	21	5	62	4	61	44	-7.54446	-3.85315	-5.46521	-7.63471
1167	2	1	5	3	2	3	5	-4.25545	-3.26962	-5.08199	-4.79033
1168	2	1	5	3	2	3	5	-4.25545	-3.26962	-5.08199	-4.79033
1169	9	25	2	10	22	3	6	-4.47816	-7.31678	-5.78805	-4.35442
1170	2	1	5	3	2	3	5	-4.25545	-3.26962	-5.08199	-4.79033
1171	2	4	1	2	2	1	5	-2.78083	-3.63225	-4.14105	-4.06843
1172	129	66	30	82	189	47	17	-3.25607	-4.81986	-5.33927	-4.1214
1173	2	4	1	2	2	1	5	-2.78083	-3.63225	-4.14105	-4.06843
1174	2	1	5	3	2	3	5	-4.25545	-3.26962	-5.08199	-4.79033
1175	2	1	12	3	2	1	5	-2.63482	-2.12912	-3.52101	-4.73133
1176	2	4	1	2	2	1	5	-2.78083	-3.63225	-4.14105	-4.06843
1177	1	4	2	2	6	3	17	-4.70046	-2.47045	-4.28102	-5.60448
1178	2	1	12	3	2	1	5	-2.63482	-2.12912	-3.52101	-4.73133
1179	1	4	2	2	446	3	17	-10.2378	-7.25073	-6.64623	-8.76666
1180	2	1	5	88	2	11	5	-8.8679	-5.36984	-6.06187	-8.25738
1181	2	4	2	2	6	1	5	-6.10547	-4.85016	-5.9056	-7.78443
1182	9	25	2	10	22	3	6	-4.47816	-7.31678	-5.78805	-4.35442
1183	2	1	5	3	2	3	5	-4.25545	-3.26962	-5.08199	-4.79033
1184	7	21	5	62	4	61	44	-7.54446	-3.85315	-5.46521	-7.63471
1185	1	2	3	4	5	9	3	-4.67644	-2.50871	-3.56331	-4.96453
1186	2	4	1	2	2	1	5	-2.78083	-3.63225	-4.14105	-4.06843
1187	7	21	5	62	4	61	44	-7.54446	-3.85315	-5.46521	-7.63471
1188	33	39	30	82	104	173	68	-5.42191	-3.99756	-6.12363	-7.65086
1189	1	4	2	2	6	3	17	-4.70046	-2.47045	-4.28102	-5.60448
1190	2	1	21	3	2	1	5	-2.94436	-2.50206	-4.1692	-4.47422
1191	4	7	10	4	1	7	1	-1.83167	-3.70231	-2.61003	-1.92392
1192	2	1	5	3	2	5	5	-5.62663	-2.85283	-4.02605	-5.56409
1193	1	4	2	2	6	3	17	-4.70046	-2.47045	-4.28102	-5.60448
1194	2	4	1	2	2	1	5	-2.78083	-3.63225	-4.14105	-4.06843
1195	2	4	1	2	2	1	5	-2.78083	-3.63225	-4.14105	-4.06843
1196	2	1	12	3	2	1	5	-2.63482	-2.12912	-3.52101	-4.73133
1197	2	1	6	3	2	3	5	-8.80176	-8.04211	-7.26909	-7.49964
1198	4	7	10	4	1	7	1	-1.83167	-3.70231	-2.61003	-1.92392
1199	2	4	1	2	7	1	5	-2.31138	-5.31834	-5.90428	-4.90422
1200	2	1	1	3	2	1	5	-4.63005	-3.80264	-5.90862	-7.1025
1201	2	4	1	2	2	1	5	-2.78083	-3.63225	-4.14105	-4.06843
1202	7	2	5	2	10	3	6	-30.4399	-27.3657	-28.7018	-28.5029
1203	2	1	21	3	2	1	5	-2.94436	-2.50206	-4.1692	-4.47422
1204	2	4	1	2	7	1	5	-2.31138	-5.31834	-5.90428	-4.90422
1205	4	7	10	4	1	7	1	-1.83167	-3.70231	-2.61003	-1.92392
1206	2	4	1	2	7	1	5	-2.31138	-5.31834	-5.90428	-4.90422
1207	2	4	1	2	2	1	5	-2.78083	-3.63225	-4.14105	-4.06843
1208	1	4	2	2	6	3	17	-4.70046	-2.47045	-4.28102	-5.60448
1209	2	4	1	2	2	1	5	-2.78083	-3.63225	-4.14105	-4.06843
1210	2	4	1	2	2	1	5	-2.78083	-3.63225	-4.14105	-4.06843
1211	74	10	2	2	11	12	6	-9.50755	-11.7577	-10.0981	-9.9975
1212	1	2	3	4	5	9	3	-4.67644	-2.50871	-3.56331	-4.96453
1213	2	1	5	3	2	3	5	-4.25545	-3.26962	-5.08199	-4.79033
1214	4	7	10	4	1	7	1	-1.83167	-3.70231	-2.61003	-1.92392
1215	2	4	2	2	6	1	5	-6.10547	-4.85016	-5.9056	-7.78443
1216	2	1	12	3	2	1	5	-2.63482	-2.12912	-3.52101	-4.73133
1217	2	1	21	3	2	1	5	-2.94436	-2.50206	-4.1692	-4.47422
1218	2	4	1	2	2	1	5	-2.78083	-3.63225	-4.14105	-4.06843
1219	2	1	21	3	2	1	5	-2.94436	-2.50206	-4.1692	-4.47422
1220	4	7	10	4	1	7	1	-1.83167	-3.70231	-2.61003	-1.92392
1221	2	1	21	3	2	1	5	-2.94436	-2.50206	-4.1692	-4.47422
1222	2	4	1	2	2	1	5	-2.78083	-3.63225	-4.14105	-4.06843
1223	4	7	10	4	1	7	1	-1.83167	-3.70231	-2.61003	-1.92392
1224	2	4	1	2	2	1	5	-2.78083	-3.63225	-4.14105	-4.06843
1225	4	7	10	4	1	7	1	-1.83167	-3.70231	-2.61003	-1.92392
1226	4	7	10	4	42	51	1	-2.93612	-4.57131	-4.78307	-3.77626
1227	4	7	10	4	42	7	1	-6.54483	-8.64629	-5.53895	-4.6616
1228	2	4	1	2	2	1	5	-2.78083	-3.63225	-4.14105	-4.06843
1229	2	1	5	3	2	3	5	-4.25545	-3.26962	-5.08199	-4.79033
1230	10	81	50	99	120	76	52	-6.67936	-6.39296	-5.3079	-5.16795
1231	2	4	1	2	7	1	5	-2.31138	-5.31834	-5.90428	-4.90422
1232	2	4	1	2	7	1	5	-2.31138	-5.31834	-5.90428	-4.90422
1233	4	7	10	4	1	7	1	-1.83167	-3.70231	-2.61003	-1.92392
1234	1	4	2	2	6	3	17	-4.70046	-2.47045	-4.28102	-5.60448
1235	4	7	10	4	1	7	1	-1.83167	-3.70231	-2.61003	-1.92392
1236	2	4	1	2	2	1	5	-2.78083	-3.63225	-4.14105	-4.06843
1237	4	7	10	4	1	7	1	-1.83167	-3.70231	-2.61003	-1.92392
1238	4	7	10	4	42	51	1	-2.93612	-4.57131	-4.78307	-3.77626
1239	1	307	3	4	5	9	3	-6.84245	-6.43603	-6.21547	-8.20042
1240	2	4	2	2	6	1	5	-6.10547	-4.85016	-5.9056	-7.78443
1241	8	10	149	2	11	12	6	-4.89776	-3.98733	-5.51144	-7.07861
1242	2	1	12	3	2	1	5	-2.63482	-2.12912	-3.52101	-4.73133
1243	2	4	1	2	2	1	5	-2.78083	-3.63225	-4.14105	-4.06843
1244	2	4	1	2	2	1	5	-2.78083	-3.63225	-4.14105	-4.06843
1245	2	4	1	2	2	1	5	-2.78083	-3.63225	-4.14105	-4.06843
1246	4	7	10	4	42	51	1	-2.93612	-4.57131	-4.78307	-3.77626
1247	2	4	1	2	2	1	5	-2.78083	-3.63225	-4.14105	-4.06843
1248	2	4	1	2	2	1	5	-2.78083	-3.63225	-4.14105	-4.06843
1249	2	1	12	88	2	1	5	-3.96365	-3.44346	-5.3431	-5.30302
1250	1	4	2	2	6	3	17	-4.70046	-2.47045	-4.28102	-5.60448
1251	9	2	4	62	4	5	6	-3.72515	-5.15728	-5.85235	-6.41675
1252	2	4	1	2	7	1	5	-2.31138	-5.31834	-5.90428	-4.90422
1253	2	4	5	2	2	5	5	-3.67807	-6.66862	-6.90665	-5.74315
1254	2	1	21	3	2	1	5	-2.94436	-2.50206	-4.1692	-4.47422
1255	1	4	2	2	6	3	17	-4.70046	-2.47045	-4.28102	-5.60448
1256	2	1	21	3	2	1	5	-2.94436	-2.50206	-4.1692	-4.47422
1257	2	4	1	2	2	5	5	-6.81107	-6.41584	-8.44105	-9.36425
1258	2	1	12	3	2	1	5	-2.63482	-2.12912	-3.52101	-4.73133
1259	2	4	2	2	6	1	5	-6.10547	-4.85016	-5.9056	-7.78443
1260	2	4	1	2	2	1	5	-2.78083	-3.63225	-4.14105	-4.06843
1261	2	4	1	2	2	1	5	-2.78083	-3.63225	-4.14105	-4.06843
1262	1	307	3	4	5	9	3	-6.84245	-6.43603	-6.21547	-8.20042
1263	9	25	2	10	22	3	6	-4.47816	-7.31678	-5.78805	-4.35442
1264	2	1	1	380	2	1	5	-6.17038	-5.74764	-7.82149	-8.75896
1265	2	4	1	2	2	1	5	-2.78083	-3.63225	-4.14105	-4.06843
1266	2	4	1	2	2	1	5	-2.78083	-3.63225	-4.14105	-4.06843
1267	2	1	12	3	2	1	5	-2.63482	-2.12912	-3.52101	-4.73133
1268	1	2	3	4	5	9	3	-4.67644	-2.50871	-3.56331	-4.96453
1269	2	4	1	2	2	1	5	-2.78083	-3.63225	-4.14105	-4.06843
1270	2	4	1	2	2	1	5	-2.78083	-3.63225	-4.14105	-4.06843
1271	2	4	1	2	2	1	5	-2.78083	-3.63225	-4.14105	-4.06843
1272	1	2	3	4	5	9	3	-4.67644	-2.50871	-3.56331	-4.96453
1273	9	2	2	212	309	253	147	-32.7621	-29.9983	-21.3445	-23.8543
1274	2	1	21	3	2	1	5	-2.94436	-2.50206	-4.1692	-4.47422
1275	47	2	4	2	6	5	17	-10.3045	-10.3646	-6.32825	-8.53823
1276	1	2	3	4	5	9	3	-4.67644	-2.50871	-3.56331	-4.96453
1277	2	4	1	2	2	1	5	-2.78083	-3.63225	-4.14105	-4.06843
1278	2	4	1	2	2	1	5	-2.78083	-3.63225	-4.14105	-4.06843
1279	9	2	4	62	4	5	6	-3.72515	-5.15728	-5.85235	-6.41675
1280	2	1	12	3	2	1	5	-2.63482	-2.12912	-3.52101	-4.73133
1281	2	4	1	2	2	1	5	-2.78083	-3.63225	-4.14105	-4.06843
1282	2	4	1	2	7	1	5	-2.31138	-5.31834	-5.90428	-4.90422
1283	7	17	2	15	23	3	12	-6.91011	-9.92162	-10.6596	-9.77027
1284	2	1	1	3	2	1	5	-4.63005	-3.80264	-5.90862	-7.1025
1285	2	1	12	3	2	1	5	-2.63482	-2.12912	-3.52101	-4.73133
1286	2	4	1	2	2	1	5	-2.78083	-3.63225	-4.14105	-4.06843
1287	2	1	5	3	2	3	5	-4.25545	-3.26962	-5.08199	-4.79033
1288	2	4	1	2	2	1	5	-2.78083	-3.63225	-4.14105	-4.06843
1289	2	4	1	2	2	1	5	-2.78083	-3.63225	-4.14105	-4.06843
1290	1	4	2	2	6	3	17	-4.70046	-2.47045	-4.28102	-5.60448
1291	2	1	2	3	2	3	5	-3.76388	-6.70922	-7.5033	-6.61958
1292	2	1	5	3	2	3	5	-4.25545	-3.26962	-5.08199	-4.79033
1293	1	2	3	3	5	9	3	-11.3689	-8.06341	-9.9009	-12.0431
1294	4	7	10	4	42	51	1	-2.93612	-4.57131	-4.78307	-3.77626
1295	1	4	2	2	6	3	17	-4.70046	-2.47045	-4.28102	-5.60448
1296	2	1	5	3	2	3	5	-4.25545	-3.26962	-5.08199	-4.79033
1297	4	7	10	4	1	7	1	-1.83167	-3.70231	-2.61003	-1.92392
1298	2	4	1	2	2	1	5	-2.78083	-3.63225	-4.14105	-4.06843
1299	4	7	10	4	1	7	1	-1.83167	-3.70231	-2.61003	-1.92392
1300	2	1	21	3	2	1	5	-2.94436	-2.50206	-4.1692	-4.47422
1301	2	4	1	2	2	1	5	-2.78083	-3.63225	-4.14105	-4.06843
1302	4	7	10	4	1	7	1	-1.83167	-3.70231	-2.61003	-1.92392
1303	2	4	1	2	2	1	5	-2.78083	-3.63225	-4.14105	-4.06843
1304	2	1	5	3	2	5	5	-5.62663	-2.85283	-4.02605	-5.56409
1305	2	4	1	2	2	1	5	-2.78083	-3.63225	-4.14105	-4.06843
1306	2	1	21	3	2	1	5	-2.94436	-2.50206	-4.1692	-4.47422
1307	2	1	5	3	2	5	5	-5.62663	-2.85283	-4.02605	-5.56409
1308	1	4	2	2	6	3	17	-4.70046	-2.47045	-4.28102	-5.60448
1309	1	4	2	2	6	3	17	-4.70046	-2.47045	-4.28102	-5.60448
1310	2	1	5	3	2	3	5	-4.25545	-3.26962	-5.08199	-4.79033
1311	1	4	2	2	6	3	17	-4.70046	-2.47045	-4.28102	-5.60448
1312	2	4	1	2	2	1	5	-2.78083	-3.63225	-4.14105	-4.06843
1313	2	1	12	88	2	1	5	-3.96365	-3.44346	-5.3431	-5.30302
1314	2	1	5	3	2	3	5	-4.25545	-3.26962	-5.08199	-4.79033
1315	2	4	5	2	2	1	5	-6.15923	-8.82401	-9.25373	-8.86832
1316	2	4	1	2	2	1	5	-2.78083	-3.63225	-4.14105	-4.06843
1317	1	4	2	2	6	3	17	-4.70046	-2.47045	-4.28102	-5.60448
1318	2	1	21	3	2	1	5	-2.94436	-2.50206	-4.1692	-4.47422
1319	4	7	10	4	1	7	1	-1.83167	-3.70231	-2.61003	-1.92392
1320	1	2	3	4	5	9	3	-4.67644	-2.50871	-3.56331	-4.96453
1321	2	4	1	2	7	1	5	-2.31138	-5.31834	-5.90428	-4.90422
1322	4	7	10	4	1	7	1	-1.83167	-3.70231	-2.61003	-1.92392
1323	4	7	10	4	1	7	1	-1.83167	-3.70231	-2.61003	-1.92392
1324	1	4	2	2	6	3	17	-4.70046	-2.47045	-4.28102	-5.60448
1325	2	4	1	2	7	1	5	-2.31138	-5.31834	-5.90428	-4.90422
1326	4	7	10	4	1	7	1	-1.83167	-3.70231	-2.61003	-1.92392
1327	8	10	2	2	11	12	6	-3.96243	-6.94324	-7.70821	-6.82397
1328	969	7	10	4	1	7	1	-7.29975	-8.49152	-4.99771	-5.0959
1329	4	7	10	4	1	7	1	-1.83167	-3.70231	-2.61003	-1.92392
1330	10	27	16	942	10	5	7	-25.7888	-17.7493	-17.9355	-20.983
1331	10	27	16	941	10	5	7	-25.7888	-17.7493	-17.9355	-20.983
1332	4	7	10	4	1	7	1	-1.83167	-3.70231	-2.61003	-1.92392
1333	4	7	10	4	1	7	1	-1.83167	-3.70231	-2.61003	-1.92392
1334	129	66	30	82	189	47	17	-3.25607	-4.81986	-5.33927	-4.1214
1335	4	7	10	4	1	7	1	-1.83167	-3.70231	-2.61003	-1.92392
1336	4	7	10	4	1	7	1	-1.83167	-3.70231	-2.61003	-1.92392
1337	2	4	1	2	2	1	5	-2.78083	-3.63225	-4.14105	-4.06843
1338	2	1	2	3	2	3	5	-3.76388	-6.70922	-7.5033	-6.61958
1339	10	27	16	19	10	5	7	-20.2438	-12.9342	-15.5454	-17.8097
1340	2	4	1	2	2	1	5	-2.78083	-3.63225	-4.14105	-4.06843
1341	33	39	30	82	104	173	68	-5.42191	-3.99756	-6.12363	-7.65086
1342	1	4	2	2	6	3	17	-4.70046	-2.47045	-4.28102	-5.60448
1343	2	1	5	3	2	5	5	-5.62663	-2.85283	-4.02605	-5.56409
1344	2	1	12	3	2	1	5	-2.63482	-2.12912	-3.52101	-4.73133
1345	8	10	2	2	11	12	6	-3.96243	-6.94324	-7.70821	-6.82397
1346	2	1	1	3	2	1	5	-4.63005	-3.80264	-5.90862	-7.1025
1347	1	4	2	2	6	3	17	-4.70046	-2.47045	-4.28102	-5.60448
1348	7	2	2	2	11	12	6	-4.50908	-7.52128	-8.25932	-7.37024
1349	9	2	4	62	4	5	6	-3.72515	-5.15728	-5.85235	-6.41675
1350	2	1	21	3	2	1	5	-2.94436	-2.50206	-4.1692	-4.47422
1351	9	7	10	4	1	7	1	-9.85763	-12.15	-11.3153	-9.93956
1352	2	1	12	3	920	1	5	-8.18133	-6.9352	-5.90707	-7.90357
1353	239	27	16	19	10	5	7	-10.2493	-6.49213	-8.6515	-10.7909
1354	7	17	2	15	23	3	12	-6.91011	-9.92162	-10.6596	-9.77027
1355	1	4	2	2	6	3	17	-4.70046	-2.47045	-4.28102	-5.60448
1356	1	6	60	24	12	28	1	-34.9895	-33.675	-18.5392	-21.686
1357	2	4	5	2	10	1	5	-6.89907	-9.90328	-10.645	-9.75848
1358	10	81	50	99	120	76	52	-6.67936	-6.39296	-5.3079	-5.16795
1359	4	7	10	4	1	7	1	-1.83167	-3.70231	-2.61003	-1.92392
1360	2	1	5	3	2	5	5	-5.62663	-2.85283	-4.02605	-5.56409
1361	4	7	10	1	1	7	1	-5.27462	-8.13145	-6.06255	-6.08276
1362	2	4	5	2	10	1	5	-6.89907	-9.90328	-10.645	-9.75848
1363	2	1	21	3	2	1	5	-2.94436	-2.50206	-4.1692	-4.47422
1364	2	1	21	3	2	1	5	-2.94436	-2.50206	-4.1692	-4.47422
1365	2	4	1	2	2	1	5	-2.78083	-3.63225	-4.14105	-4.06843
1366	2	4	2	2	6	1	5	-6.10547	-4.85016	-5.9056	-7.78443
1367	2	4	1	2	7	1	5	-2.31138	-5.31834	-5.90428	-4.90422
1368	2	4	1	2	2	1	5	-2.78083	-3.63225	-4.14105	-4.06843
1369	2	4	1	2	2	1	5	-2.78083	-3.63225	-4.14105	-4.06843
1370	4	7	10	4	1	7	1	-1.83167	-3.70231	-2.61003	-1.92392
1371	4	7	10	4	42	51	1	-2.93612	-4.57131	-4.78307	-3.77626
1372	2	1	5	3	2	3	5	-4.25545	-3.26962	-5.08199	-4.79033
1373	2	1	12	3	2	1	5	-2.63482	-2.12912	-3.52101	-4.73133
1374	2	1	1	3	2	1	5	-4.63005	-3.80264	-5.90862	-7.1025
1375	2	4	1	2	2	1	5	-2.78083	-3.63225	-4.14105	-4.06843
1376	4	7	10	4	1	7	1	-1.83167	-3.70231	-2.61003	-1.92392
1377	10	1	16	19	10	5	7	-6.36223	-2.76938	-4.07927	-5.23684
1378	2	4	1	2	7	1	5	-2.31138	-5.31834	-5.90428	-4.90422
1379	2	4	1	2	2	1	5	-2.78083	-3.63225	-4.14105	-4.06843
1380	10	81	50	99	120	76	52	-6.67936	-6.39296	-5.3079	-5.16795
1381	2	1	12	3	2	1	5	-2.63482	-2.12912	-3.52101	-4.73133
1382	2	4	1	2	2	1	5	-2.78083	-3.63225	-4.14105	-4.06843
1383	2	4	1	2	7	1	5	-2.31138	-5.31834	-5.90428	-4.90422
1384	1	2	3	4	5	9	3	-4.67644	-2.50871	-3.56331	-4.96453
1385	8	10	2	2	11	12	6	-3.96243	-6.94324	-7.70821	-6.82397
1386	1	4	2	2	6	3	17	-4.70046	-2.47045	-4.28102	-5.60448
1387	2	4	1	2	2	1	5	-2.78083	-3.63225	-4.14105	-4.06843
1388	2	4	1	2	2	1	5	-2.78083	-3.63225	-4.14105	-4.06843
1389	10	7	10	4	1	7	1	-12.0601	-10.7758	-9.97757	-9.08135
1390	2	1	21	3	2	1	5	-2.94436	-2.50206	-4.1692	-4.47422
1391	2	1	21	3	2	1	5	-2.94436	-2.50206	-4.1692	-4.47422
1392	10	1	16	19	10	5	7	-6.36223	-2.76938	-4.07927	-5.23684
1393	2	1	5	3	2	3	5	-4.25545	-3.26962	-5.08199	-4.79033
1394	2	1	5	3	2	3	5	-4.25545	-3.26962	-5.08199	-4.79033
1395	2	4	1	2	2	5	5	-6.81107	-6.41584	-8.44105	-9.36425
1396	2	4	1	2	7	1	5	-2.31138	-5.31834	-5.90428	-4.90422
1397	10	1	16	19	10	5	7	-6.36223	-2.76938	-4.07927	-5.23684
1398	2	4	1	2	7	1	5	-2.31138	-5.31834	-5.90428	-4.90422
1399	2	934	1	2	2	1	5	-8.24874	-8.43683	-6.52438	-7.22634
