Isolate	Loci0	Loci1	Loci2	Loci3	Loci4	Loci5	Loci6	Source0	Source1	Source2	Source3
0	1	2	3	4	5	9	3	-4.72374	-2.47905	-3.47413	-5.02246
1	4	7	10	4	1	7	1	-1.82482	-3.87386	-2.72326	-1.92007
2	2	4	1	2	2	1	5	-2.78597	-3.65996	-4.14858	-4.16904
3	2	4	1	2	2	1	5	-2.78597	-3.65996	-4.14858	-4.16904
4	9	25	2	10	22	3	6	-4.4623	-8.04977	-6.30209	-4.33369
5	4	7	10	4	1	7	1	-1.82482	-3.87386	-2.72326	-1.92007
6	4	7	10	4	1	7	1	-1.82482	-3.87386	-2.72326	-1.92007
7	4	7	10	4	42	51	1	-2.93347	-4.67989	-5.03548	-3.81126
8	2	4	1	2	2	1	5	-2.78597	-3.65996	-4.14858	-4.16904
9	10	81	50	99	120	76	52	-6.64637	-6.39628	-5.305	-5.14477
10	2	1	21	3	2	1	5	-2.95307	-2.48675	-4.1746	-4.58964
11	2	1	21	3	2	1	5	-2.95307	-2.48675	-4.1746	-4.58964
12	9	25	2	10	22	3	6	-4.4623	-8.04977	-6.30209	-4.33369
13	2	1	21	3	2	1	5	-2.95307	-2.48675	-4.1746	-4.58964
14	10	27	16	19	10	5	7	-20.9484	-12.9332	-15.4074	-17.5595
15	2	4	1	2	2	1	5	-2.78597	-3.65996	-4.14858	-4.16904
16	2	4	1	2	2	1	5	-2.78597	-3.65996	-4.14858	-4.16904
17	9	2	4	62	4	5	6	-3.72572	-5.22563	-5.80547	-7.15892
18	9	53	2	53	11	3	3	-29.1272	-27.4458	-25.3697	-25.4997
19	2	4	1	2	2	1	5	-2.78597	-3.65996	-4.14858	-4.16904
20	2	4	1	2	2	1	5	-2.78597	-3.65996	-4.14858	-4.16904
21	4	7	10	4	1	7	1	-1.82482	-3.87386	-2.72326	-1.92007
22	2	4	1	2	2	1	5	-2.78597	-3.65996	-4.14858	-4.16904
23	1	4	2	2	6	3	17	-4.74227	-2.44123	-4.2322	-5.6124
24	4	7	10	4	1	7	1	-1.82482	-3.87386	-2.72326	-1.92007
25	2	1	21	3	2	1	5	-2.95307	-2.48675	-4.1746	-4.58964
26	8	10	2	2	11	12	6	-3.96242	-7.51822	-7.99054	-7.71687
27	2	4	2	2	6	1	5	-6.12975	-4.82481	-5.80657	-8.07083
28	2	1	12	3	2	1	5	-2.64672	-2.11218	-3.45366	-5.04497
29	2	4	1	2	2	1	5	-2.78597	-3.65996	-4.14858	-4.16904
30	4	7	10	4	1	7	1	-1.82482	-3.87386	-2.72326	-1.92007
31	10	1	16	19	10	5	7	-6.54512	-2.73804	-4.00856	-5.22289
32	1	2	3	4	5	9	3	-4.72374	-2.47905	-3.47413	-5.02246
33	2	4	1	2	2	1	5	-2.78597	-3.65996	-4.14858	-4.16904
34	2	4	1	2	2	1	5	-2.78597	-3.65996	-4.14858	-4.16904
35	2	4	1	2	2	1	5	-2.78597	-3.65996	-4.14858	-4.16904
36	4	7	10	4	1	7	1	-1.82482	-3.87386	-2.72326	-1.92007
37	129	66	30	82	189	47	17	-3.25109	-4.91926	-5.723	-4.15505
38	2	1	12	3	357	1	5	-6.00243	-6.00533	-6.08103	-7.85233
39	9	2	4	62	4	5	6	-3.72572	-5.22563	-5.80547	-7.15892
40	2	1	1	3	2	1	5	-4.64945	-3.7824	-5.89136	-7.4689
41	2	1	12	3	357	1	5	-6.00243	-6.00533	-6.08103	-7.85233
42	2	1	5	3	2	3	5	-4.26274	-3.24878	-5.18022	-4.78765
43	2	1	5	3	2	3	5	-4.26274	-3.24878	-5.18022	-4.78765
44	2	4	1	2	2	1	5	-2.78597	-3.65996	-4.14858	-4.16904
45	2	4	1	2	2	1	5	-2.78597	-3.65996	-4.14858	-4.16904
46	2	4	2	2	6	1	5	-6.12975	-4.82481	-5.80657	-8.07083
47	1	4	2	2	6	3	17	-4.74227	-2.44123	-4.2322	-5.6124
48	2	1	21	3	2	1	5	-2.95307	-2.48675	-4.1746	-4.58964
49	2	1	2	3	2	3	5	-3.76668	-7.26987	-7.78549	-7.50685
50	2	1	21	3	2	1	5	-2.95307	-2.48675	-4.1746	-4.58964
51	7	17	2	15	23	3	12	-6.90889	-10.5211	-10.9451	-10.6632
52	2	4	1	2	7	1	5	-2.31483	-5.92121	-6.22266	-5.48117
53	9	2	4	62	4	5	6	-3.72572	-5.22563	-5.80547	-7.15892
54	2	4	1	2	7	1	5	-2.31483	-5.92121	-6.22266	-5.48117
55	9	2	4	62	4	5	6	-3.72572	-5.22563	-5.80547	-7.15892
56	2	1	12	88	2	1	5	-3.97129	-3.42721	-5.40849	-5.3755
57	2	1	5	3	2	3	5	-4.26274	-3.24878	-5.18022	-4.78765
58	2	4	1	2	2	1	5	-2.78597	-3.65996	-4.14858	-4.16904
59	9	2	4	62	4	5	6	-3.72572	-5.22563	-5.80547	-7.15892
60	2	1	5	3	2	3	5	-4.26274	-3.24878	-5.18022	-4.78765
61	2	4	1	2	2	1	5	-2.78597	-3.65996	-4.14858	-4.16904
62	2	4	1	2	2	1	5	-2.78597	-3.65996	-4.14858	-4.16904
63	2	4	1	2	2	1	5	-2.78597	-3.65996	-4.14858	-4.16904
64	2	4	1	2	2	1	5	-2.78597	-3.65996	-4.14858	-4.16904
65	2	4	1	2	2	1	5	-2.78597	-3.65996	-4.14858	-4.16904
66	2	4	1	2	2	1	5	-2.78597	-3.65996	-4.14858	-4.16904
67	1	2	215	4	90	24	8	-27.8925	-29.5636	-21.6276	-21.506
68	2	4	1	2	2	1	5	-2.78597	-3.65996	-4.14858	-4.16904
69	1	2	3	4	5	9	3	-4.72374	-2.47905	-3.47413	-5.02246
70	2	4	1	2	2	1	5	-2.78597	-3.65996	-4.14858	-4.16904
71	2	4	1	2	2	1	5	-2.78597	-3.65996	-4.14858	-4.16904
72	9	25	2	10	22	3	6	-4.4623	-8.04977	-6.30209	-4.33369
73	2	15	4	48	360	25	23	-6.62248	-9.48061	-5.80659	-4.87828
74	2	4	1	2	2	1	5	-2.78597	-3.65996	-4.14858	-4.16904
75	2	1	12	88	2	1	5	-3.97129	-3.42721	-5.40849	-5.3755
76	2	4	2	2	6	1	5	-6.12975	-4.82481	-5.80657	-8.07083
77	10	1	16	19	10	5	7	-6.54512	-2.73804	-4.00856	-5.22289
78	2	4	1	2	2	1	5	-2.78597	-3.65996	-4.14858	-4.16904
79	2	1	12	3	2	1	5	-2.64672	-2.11218	-3.45366	-5.04497
80	2	4	1	2	2	1	5	-2.78597	-3.65996	-4.14858	-4.16904
81	2	4	1	2	2	1	5	-2.78597	-3.65996	-4.14858	-4.16904
82	1	4	2	2	6	3	17	-4.74227	-2.44123	-4.2322	-5.6124
83	10	1	16	19	10	5	7	-6.54512	-2.73804	-4.00856	-5.22289
84	8	10	149	2	11	12	6	-4.91017	-3.96425	-5.44078	-7.4178
85	2	4	1	2	2	1	5	-2.78597	-3.65996	-4.14858	-4.16904
86	2	4	1	2	7	1	5	-2.31483	-5.92121	-6.22266	-5.48117
87	32	39	30	82	104	324	17	-8.66186	-4.66867	-6.82276	-8.81463
88	1	2	3	4	5	9	3	-4.72374	-2.47905	-3.47413	-5.02246
89	2	1	5	3	2	3	5	-4.26274	-3.24878	-5.18022	-4.78765
90	2	4	1	2	2	1	5	-2.78597	-3.65996	-4.14858	-4.16904
91	2	4	1	2	7	1	5	-2.31483	-5.92121	-6.22266	-5.48117
92	4	7	10	4	1	7	1	-1.82482	-3.87386	-2.72326	-1.92007
93	2	1	2	3	2	3	5	-3.76668	-7.26987	-7.78549	-7.50685
94	2	1	12	3	2	1	5	-2.64672	-2.11218	-3.45366	-5.04497
95	2	1	21	3	2	1	5	-2.95307	-2.48675	-4.1746	-4.58964
96	2	1	21	3	2	1	5	-2.95307	-2.48675	-4.1746	-4.58964
97	9	2	5	2	11	3	1	-29.5407	-32.4894	-28.8711	-25.9924
98	4	7	10	4	1	7	1	-1.82482	-3.87386	-2.72326	-1.92007
99	2	1	2	3	2	3	5	-3.76668	-7.26987	-7.78549	-7.50685
100	2	1	21	3	2	1	5	-2.95307	-2.48675	-4.1746	-4.58964
101	4	7	10	4	1	7	1	-1.82482	-3.87386	-2.72326	-1.92007
102	2	1	21	3	2	1	5	-2.95307	-2.48675	-4.1746	-4.58964
103	1	4	2	2	6	3	17	-4.74227	-2.44123	-4.2322	-5.6124
104	2	4	5	2	10	1	5	-6.90196	-10.5031	-10.9281	-10.6516
105	2	1	12	88	2	1	5	-3.97129	-3.42721	-5.40849	-5.3755
106	9	2	4	62	4	5	6	-3.72572	-5.22563	-5.80547	-7.15892
107	2	165	73	147	220	190	104	-8.3677	-11.5862	-7.25962	-5.19834
108	2	1	21	3	2	1	5	-2.95307	-2.48675	-4.1746	-4.58964
109	2	4	1	2	2	1	5	-2.78597	-3.65996	-4.14858	-4.16904
110	2	1	12	3	11	1	6	-19.0808	-17.8682	-20.1677	-21.212
111	2	1	2	3	2	3	5	-3.76668	-7.26987	-7.78549	-7.50685
112	2	4	1	2	7	1	5	-2.31483	-5.92121	-6.22266	-5.48117
113	2	1	2	3	2	3	5	-3.76668	-7.26987	-7.78549	-7.50685
114	2	1	21	3	2	1	5	-2.95307	-2.48675	-4.1746	-4.58964
115	2	4	1	2	7	1	5	-2.31483	-5.92121	-6.22266	-5.48117
116	33	39	30	82	113	43	17	-9.84098	-6.43444	-6.11098	-8.71442
117	2	4	1	2	2	1	5	-2.78597	-3.65996	-4.14858	-4.16904
118	2	4	1	2	2	1	5	-2.78597	-3.65996	-4.14858	-4.16904
119	2	4	1	2	2	1	5	-2.78597	-3.65996	-4.14858	-4.16904
120	2	4	1	2	7	1	5	-2.31483	-5.92121	-6.22266	-5.48117
121	4	7	10	1	1	7	1	-5.27448	-8.65332	-6.03622	-6.14371
122	2	1	12	3	2	1	5	-2.64672	-2.11218	-3.45366	-5.04497
123	2	4	1	2	2	1	5	-2.78597	-3.65996	-4.14858	-4.16904
124	2	4	1	2	2	1	5	-2.78597	-3.65996	-4.14858	-4.16904
125	2	4	1	2	7	1	5	-2.31483	-5.92121	-6.22266	-5.48117
126	2	4	1	2	2	1	5	-2.78597	-3.65996	-4.14858	-4.16904
127	2	4	1	2	2	1	5	-2.78597	-3.65996	-4.14858	-4.16904
128	2	1	12	88	2	1	5	-3.97129	-3.42721	-5.40849	-5.3755
129	2	1	12	3	2	1	5	-2.64672	-2.11218	-3.45366	-5.04497
130	2	1	12	3	2	1	5	-2.64672	-2.11218	-3.45366	-5.04497
131	2	4	1	2	7	1	5	-2.31483	-5.92121	-6.22266	-5.48117
132	2	1	21	3	2	1	5	-2.95307	-2.48675	-4.1746	-4.58964
133	2	1	21	3	2	1	5	-2.95307	-2.48675	-4.1746	-4.58964
134	2	4	5	2	2	5	5	-3.68	-7.277	-7.28494	-6.0145
135	2	1	21	3	2	1	5	-2.95307	-2.48675	-4.1746	-4.58964
136	1	4	2	2	6	3	1	-11.5913	-10.2006	-10.2631	-11.0455
137	2	1	5	3	2	3	5	-4.26274	-3.24878	-5.18022	-4.78765
138	2	1	5	3	2	3	5	-4.26274	-3.24878	-5.18022	-4.78765
139	4	7	10	4	1	7	1	-1.82482	-3.87386	-2.72326	-1.92007
140	8	10	2	2	11	12	6	-3.96242	-7.51822	-7.99054	-7.71687
141	2	1	2	3	2	3	5	-3.76668	-7.26987	-7.78549	-7.50685
142	2	1	5	3	2	3	5	-4.26274	-3.24878	-5.18022	-4.78765
143	2	1	2	3	2	3	5	-3.76668	-7.26987	-7.78549	-7.50685
144	129	66	30	82	189	47	17	-3.25109	-4.91926	-5.723	-4.15505
145	2	4	1	2	2	1	5	-2.78597	-3.65996	-4.14858	-4.16904
146	2	4	1	2	2	1	5	-2.78597	-3.65996	-4.14858	-4.16904
147	7	21	5	62	4	61	44	-7.767	-3.82123	-5.38507	-7.62983
148	2	4	1	2	2	1	5	-2.78597	-3.65996	-4.14858	-4.16904
149	2	937	1	2	2	1	5	-6.06315	-7.556	-6.7746	-6.97278
150	1	14	2	2	6	1	17	-9.14706	-6.44452	-7.77722	-6.28502
151	1	4	2	2	6	3	17	-4.74227	-2.44123	-4.2322	-5.6124
152	8	10	149	2	11	12	6	-4.91017	-3.96425	-5.44078	-7.4178
153	2	1	12	3	2	1	5	-2.64672	-2.11218	-3.45366	-5.04497
154	9	30	2	2	89	59	6	-4.96147	-8.57471	-8.99838	-8.71625
155	1	2	3	4	5	9	3	-4.72374	-2.47905	-3.47413	-5.02246
156	2	4	1	2	2	1	5	-2.78597	-3.65996	-4.14858	-4.16904
157	2	4	1	2	2	1	5	-2.78597	-3.65996	-4.14858	-4.16904
158	180	194	2	68	19	231	147	-22.0739	-28.4209	-22.4891	-23.104
159	2	4	1	2	2	1	5	-2.78597	-3.65996	-4.14858	-4.16904
160	2	4	1	2	2	1	5	-2.78597	-3.65996	-4.14858	-4.16904
161	2	4	1	2	2	1	5	-2.78597	-3.65996	-4.14858	-4.16904
162	4	7	10	4	1	7	1	-1.82482	-3.87386	-2.72326	-1.92007
163	2	4	1	2	2	1	5	-2.78597	-3.65996	-4.14858	-4.16904
164	2	1	21	3	2	1	5	-2.95307	-2.48675	-4.1746	-4.58964
165	2	4	1	2	7	1	5	-2.31483	-5.92121	-6.22266	-5.48117
166	2	4	1	2	2	1	5	-2.78597	-3.65996	-4.14858	-4.16904
167	10	1	16	19	10	5	7	-6.54512	-2.73804	-4.00856	-5.22289
168	104	7	10	4	1	7	1	-4.41821	-8.03653	-8.44395	-8.15093
169	2	4	1	2	2	1	5	-2.78597	-3.65996	-4.14858	-4.16904
170	10	27	16	19	10	5	7	-20.9484	-12.9332	-15.4074	-17.5595
171	2	4	1	2	2	1	5	-2.78597	-3.65996	-4.14858	-4.16904
172	2	1	1	3	2	1	5	-4.64945	-3.7824	-5.89136	-7.4689
173	7	21	5	62	4	61	44	-7.767	-3.82123	-5.38507	-7.62983
174	2	1	1	3	2	1	5	-4.64945	-3.7824	-5.89136	-7.4689
175	10	1	16	19	10	5	7	-6.54512	-2.73804	-4.00856	-5.22289
176	2	4	1	2	2	1	5	-2.78597	-3.65996	-4.14858	-4.16904
177	2	4	1	2	2	1	5	-2.78597	-3.65996	-4.14858	-4.16904
178	2	1	12	3	2	1	5	-2.64672	-2.11218	-3.45366	-5.04497
179	2	4	1	2	2	1	5	-2.78597	-3.65996	-4.14858	-4.16904
180	2	4	1	2	2	1	5	-2.78597	-3.65996	-4.14858	-4.16904
181	1	4	2	2	6	3	17	-4.74227	-2.44123	-4.2322	-5.6124
182	2	1	12	3	2	1	5	-2.64672	-2.11218	-3.45366	-5.04497
183	4	7	10	4	1	7	1	-1.82482	-3.87386	-2.72326	-1.92007
184	2	4	1	2	2	1	5	-2.78597	-3.65996	-4.14858	-4.16904
185	2	4	1	2	2	1	5	-2.78597	-3.65996	-4.14858	-4.16904
186	2	1	21	3	2	1	5	-2.95307	-2.48675	-4.1746	-4.58964
187	4	7	10	4	1	7	1	-1.82482	-3.87386	-2.72326	-1.92007
188	4	7	10	4	42	51	1	-2.93347	-4.67989	-5.03548	-3.81126
189	2	1	5	3	2	3	5	-4.26274	-3.24878	-5.18022	-4.78765
190	1	2	4	62	4	5	17	-6.14541	-4.84052	-6.95972	-8.67211
191	4	7	10	4	1	7	1	-1.82482	-3.87386	-2.72326	-1.92007
192	4	7	10	4	42	51	1	-2.93347	-4.67989	-5.03548	-3.81126
193	2	1	21	3	2	1	5	-2.95307	-2.48675	-4.1746	-4.58964
194	4	7	10	4	42	51	1	-2.93347	-4.67989	-5.03548	-3.81126
195	2	4	1	2	7	1	5	-2.31483	-5.92121	-6.22266	-5.48117
196	2	4	1	2	2	1	5	-2.78597	-3.65996	-4.14858	-4.16904
197	1	2	3	4	5	9	3	-4.72374	-2.47905	-3.47413	-5.02246
198	1	2	4	62	4	5	17	-6.14541	-4.84052	-6.95972	-8.67211
199	2	250	4	281	358	25	57	-27.2961	-30.7471	-19.3776	-18.8698
200	9	2	4	62	4	5	6	-3.72572	-5.22563	-5.80547	-7.15892
201	1	2	3	4	5	9	3	-4.72374	-2.47905	-3.47413	-5.02246
202	4	7	10	4	1	7	1	-1.82482	-3.87386	-2.72326	-1.92007
203	2	4	2	4	19	3	6	-5.80607	-9.4146	-9.83747	-9.55285
204	4	7	10	4	1	7	1	-1.82482	-3.87386	-2.72326	-1.92007
205	4	7	10	4	42	51	1	-2.93347	-4.67989	-5.03548	-3.81126
206	2	1	12	3	2	1	5	-2.64672	-2.11218	-3.45366	-5.04497
207	4	7	10	4	1	7	1	-1.82482	-3.87386	-2.72326	-1.92007
208	2	1	12	3	2	1	5	-2.64672	-2.11218	-3.45366	-5.04497
209	1	2	4	62	4	5	17	-6.14541	-4.84052	-6.95972	-8.67211
210	4	7	10	4	42	51	1	-2.93347	-4.67989	-5.03548	-3.81126
211	2	4	1	2	2	1	5	-2.78597	-3.65996	-4.14858	-4.16904
212	4	7	10	4	1	7	1	-1.82482	-3.87386	-2.72326	-1.92007
213	2	1	21	3	2	1	5	-2.95307	-2.48675	-4.1746	-4.58964
214	47	2	4	2	6	5	17	-10.8169	-10.2028	-6.19278	-8.87511
215	2	1	21	3	2	1	5	-2.95307	-2.48675	-4.1746	-4.58964
216	2	1	21	3	2	1	5	-2.95307	-2.48675	-4.1746	-4.58964
217	2	4	1	2	2	1	5	-2.78597	-3.65996	-4.14858	-4.16904
218	2	4	1	2	2	1	5	-2.78597	-3.65996	-4.14858	-4.16904
219	10	81	50	99	120	76	52	-6.64637	-6.39628	-5.305	-5.14477
220	2	4	1	2	2	1	5	-2.78597	-3.65996	-4.14858	-4.16904
221	2	4	1	2	2	1	5	-2.78597	-3.65996	-4.14858	-4.16904
222	1	4	2	2	6	3	17	-4.74227	-2.44123	-4.2322	-5.6124
223	1	2	4	62	4	5	17	-6.14541	-4.84052	-6.95972	-8.67211
224	4	7	10	4	1	7	1	-1.82482	-3.87386	-2.72326	-1.92007
225	4	7	10	4	1	7	1	-1.82482	-3.87386	-2.72326	-1.92007
226	10	1	16	19	10	5	7	-6.54512	-2.73804	-4.00856	-5.22289
227	2	4	1	2	2	1	5	-2.78597	-3.65996	-4.14858	-4.16904
228	2	4	1	2	7	1	5	-2.31483	-5.92121	-6.22266	-5.48117
229	1	4	2	348	6	3	17	-9.35421	-5.35451	-7.50943	-9.50488
230	1	2	4	62	4	5	17	-6.14541	-4.84052	-6.95972	-8.67211
231	10	27	16	19	10	5	7	-20.9484	-12.9332	-15.4074	-17.5595
232	1	4	2	2	6	3	17	-4.74227	-2.44123	-4.2322	-5.6124
233	4	7	10	4	42	51	1	-2.93347	-4.67989	-5.03548	-3.81126
234	2	4	1	2	2	1	5	-2.78597	-3.65996	-4.14858	-4.16904
235	2	1	12	3	2	1	5	-2.64672	-2.11218	-3.45366	-5.04497
236	2	1	12	88	2	1	5	-3.97129	-3.42721	-5.40849	-5.3755
237	2	4	1	2	7	1	5	-2.31483	-5.92121	-6.22266	-5.48117
238	2	1	12	3	2	1	5	-2.64672	-2.11218	-3.45366	-5.04497
239	1	4	2	2	6	3	17	-4.74227	-2.44123	-4.2322	-5.6124
240	2	1	4	28	58	25	58	-5.6148	-8.84987	-5.52435	-4.19579
241	2	1	5	3	2	3	5	-4.26274	-3.24878	-5.18022	-4.78765
242	2	1	12	3	2	1	5	-2.64672	-2.11218	-3.45366	-5.04497
243	2	4	1	2	2	1	5	-2.78597	-3.65996	-4.14858	-4.16904
244	2	1	5	10	11	1	5	-27.559	-22.7112	-24.2879	-25.6503
245	2	1	12	3	2	1	5	-2.64672	-2.11218	-3.45366	-5.04497
246	2	1	12	88	2	1	5	-3.97129	-3.42721	-5.40849	-5.3755
247	2	1	12	3	2	1	5	-2.64672	-2.11218	-3.45366	-5.04497
248	2	1	12	3	2	1	5	-2.64672	-2.11218	-3.45366	-5.04497
249	1	4	2	2	6	3	17	-4.74227	-2.44123	-4.2322	-5.6124
250	9	2	4	62	4	5	6	-3.72572	-5.22563	-5.80547	-7.15892
251	2	1	12	3	2	1	5	-2.64672	-2.11218	-3.45366	-5.04497
252	8	10	149	2	11	12	6	-4.91017	-3.96425	-5.44078	-7.4178
253	2	1	21	3	2	1	5	-2.95307	-2.48675	-4.1746	-4.58964
254	1	2	3	4	5	9	3	-4.72374	-2.47905	-3.47413	-5.02246
255	2	1	5	3	2	3	5	-4.26274	-3.24878	-5.18022	-4.78765
256	1	307	3	4	5	9	3	-6.86055	-6.41628	-6.09079	-8.57563
257	1	4	2	2	6	3	17	-4.74227	-2.44123	-4.2322	-5.6124
258	2	4	1	2	7	1	5	-2.31483	-5.92121	-6.22266	-5.48117
259	2	4	1	2	2	1	5	-2.78597	-3.65996	-4.14858	-4.16904
260	2	61	4	64	126	7	23	-5.94374	-9.44864	-6.25288	-4.20053
261	7	21	5	62	4	61	44	-7.767	-3.82123	-5.38507	-7.62983
262	2	1	12	3	2	1	5	-2.64672	-2.11218	-3.45366	-5.04497
263	2	4	1	2	2	1	5	-2.78597	-3.65996	-4.14858	-4.16904
264	2	1	12	3	2	1	5	-2.64672	-2.11218	-3.45366	-5.04497
265	2	1	21	3	2	1	5	-2.95307	-2.48675	-4.1746	-4.58964
266	2	1	21	3	2	1	5	-2.95307	-2.48675	-4.1746	-4.58964
267	2	4	1	2	2	1	5	-2.78597	-3.65996	-4.14858	-4.16904
268	2	4	1	2	2	1	5	-2.78597	-3.65996	-4.14858	-4.16904
269	2	4	1	2	7	1	5	-2.31483	-5.92121	-6.22266	-5.48117
270	4	7	10	4	1	7	1	-1.82482	-3.87386	-2.72326	-1.92007
271	1	2	4	62	4	5	17	-6.14541	-4.84052	-6.95972	-8.67211
272	4	1	21	3	2	1	5	-9.8787	-10.3436	-10.3411	-10.0894
273	10	1	16	19	10	5	7	-6.54512	-2.73804	-4.00856	-5.22289
274	33	283	44	82	189	44	17	-7.30215	-3.46257	-5.13232	-6.0038
275	2	1	12	3	2	1	5	-2.64672	-2.11218	-3.45366	-5.04497
276	10	81	50	99	120	76	52	-6.64637	-6.39628	-5.305	-5.14477
277	4	7	10	4	42	25	1	-8.2654	-9.98135	-5.88577	-5.14025
278	2	4	1	2	2	1	5	-2.78597	-3.65996	-4.14858	-4.16904
279	2	4	5	2	10	1	5	-6.90196	-10.5031	-10.9281	-10.6516
280	2	4	1	2	2	1	5	-2.78597	-3.65996	-4.14858	-4.16904
281	9	2	4	62	4	5	6	-3.72572	-5.22563	-5.80547	-7.15892
282	4	7	10	4	1	7	1	-1.82482	-3.87386	-2.72326	-1.92007
283	2	1	12	3	2	1	5	-2.64672	-2.11218	-3.45366	-5.04497
284	9	2	4	62	4	5	6	-3.72572	-5.22563	-5.80547	-7.15892
285	9	2	4	62	4	5	6	-3.72572	-5.22563	-5.80547	-7.15892
286	2	4	1	2	2	1	5	-2.78597	-3.65996	-4.14858	-4.16904
287	2	1	12	88	2	1	5	-3.97129	-3.42721	-5.40849	-5.3755
288	2	1	21	3	2	1	5	-2.95307	-2.48675	-4.1746	-4.58964
289	33	39	30	79	113	44	17	-26.5413	-24.4678	-25.1561	-27.534
290	1	2	3	4	5	9	3	-4.72374	-2.47905	-3.47413	-5.02246
291	1	4	2	2	6	3	17	-4.74227	-2.44123	-4.2322	-5.6124
292	9	2	4	62	4	5	6	-3.72572	-5.22563	-5.80547	-7.15892
293	2	1	12	3	2	1	5	-2.64672	-2.11218	-3.45366	-5.04497
294	2	1	5	3	2	5	5	-5.71809	-2.82285	-3.9366	-5.60693
295	2	1	5	3	2	5	5	-5.71809	-2.82285	-3.9366	-5.60693
296	2	4	1	2	2	1	5	-2.78597	-3.65996	-4.14858	-4.16904
297	2	4	1	2	2	1	5	-2.78597	-3.65996	-4.14858	-4.16904
298	2	1	21	3	2	1	5	-2.95307	-2.48675	-4.1746	-4.58964
299	32	39	30	82	104	324	17	-8.66186	-4.66867	-6.82276	-8.81463
300	2	1	12	3	2	1	5	-2.64672	-2.11218	-3.45366	-5.04497
301	4	7	10	4	1	7	1	-1.82482	-3.87386	-2.72326	-1.92007
302	1	4	2	2	6	3	5	-9.18645	-5.26821	-7.43685	-9.43588
303	2	1	21	3	2	1	5	-2.95307	-2.48675	-4.1746	-4.58964
304	4	7	10	4	42	51	1	-2.93347	-4.67989	-5.03548	-3.81126
305	2	4	1	2	7	1	5	-2.31483	-5.92121	-6.22266	-5.48117
306	7	21	5	62	4	61	44	-7.767	-3.82123	-5.38507	-7.62983
307	104	7	10	4	1	7	1	-4.41821	-8.03653	-8.44395	-8.15093
308	9	25	2	10	22	3	6	-4.4623	-8.04977	-6.30209	-4.33369
309	2	4	2	2	6	3	17	-11.0083	-7.79538	-9.77173	-10.8901
310	2	4	1	2	7	1	5	-2.31483	-5.92121	-6.22266	-5.48117
311	129	66	30	82	189	47	17	-3.25109	-4.91926	-5.723	-4.15505
312	33	39	30	82	104	173	68	-5.43912	-3.97092	-6.0982	-7.84808
313	2	1	12	3	2	1	5	-2.64672	-2.11218	-3.45366	-5.04497
314	2	1	1	3	2	1	5	-4.64945	-3.7824	-5.89136	-7.4689
315	7	21	5	62	4	61	44	-7.767	-3.82123	-5.38507	-7.62983
316	2	1	21	3	2	1	5	-2.95307	-2.48675	-4.1746	-4.58964
317	4	7	10	4	1	7	1	-1.82482	-3.87386	-2.72326	-1.92007
318	10	2	107	62	120	76	1	-6.83371	-10.4134	-8.28449	-6.28351
319	4	7	10	4	1	7	1	-1.82482	-3.87386	-2.72326	-1.92007
320	2	1	12	3	2	1	5	-2.64672	-2.11218	-3.45366	-5.04497
321	2	1	5	3	2	3	5	-4.26274	-3.24878	-5.18022	-4.78765
322	4	7	10	4	1	7	1	-1.82482	-3.87386	-2.72326	-1.92007
323	2	1	12	88	2	1	5	-3.97129	-3.42721	-5.40849	-5.3755
324	4	7	10	4	42	7	1	-6.50428	-9.37691	-5.70454	-4.62131
325	4	7	10	4	42	51	1	-2.93347	-4.67989	-5.03548	-3.81126
326	2	1	21	3	2	1	5	-2.95307	-2.48675	-4.1746	-4.58964
327	2	1	12	3	2	1	5	-2.64672	-2.11218	-3.45366	-5.04497
328	4	7	10	4	1	7	1	-1.82482	-3.87386	-2.72326	-1.92007
329	2	4	1	2	7	1	5	-2.31483	-5.92121	-6.22266	-5.48117
330	4	7	10	4	1	7	1	-1.82482	-3.87386	-2.72326	-1.92007
331	2	1	12	3	2	1	5	-2.64672	-2.11218	-3.45366	-5.04497
332	4	7	10	4	1	7	1	-1.82482	-3.87386	-2.72326	-1.92007
333	4	7	10	4	1	7	1	-1.82482	-3.87386	-2.72326	-1.92007
334	1	4	2	2	6	3	17	-4.74227	-2.44123	-4.2322	-5.6124
335	2	4	1	2	2	1	5	-2.78597	-3.65996	-4.14858	-4.16904
336	4	7	10	4	1	7	1	-1.82482	-3.87386	-2.72326	-1.92007
337	7	17	2	15	23	3	12	-6.90889	-10.5211	-10.9451	-10.6632
338	2	1	5	3	2	3	5	-4.26274	-3.24878	-5.18022	-4.78765
339	4	7	10	4	1	7	1	-1.82482	-3.87386	-2.72326	-1.92007
340	4	7	10	4	1	7	1	-1.82482	-3.87386	-2.72326	-1.92007
341	4	7	10	4	42	51	1	-2.93347	-4.67989	-5.03548	-3.81126
342	2	4	1	2	2	1	5	-2.78597	-3.65996	-4.14858	-4.16904
343	2	1	12	88	2	1	5	-3.97129	-3.42721	-5.40849	-5.3755
344	2	1	1	3	2	1	5	-4.64945	-3.7824	-5.89136	-7.4689
345	1	2	3	4	5	9	3	-4.72374	-2.47905	-3.47413	-5.02246
346	2	1	12	88	2	1	5	-3.97129	-3.42721	-5.40849	-5.3755
347	2	1	1	3	2	1	5	-4.64945	-3.7824	-5.89136	-7.4689
348	24	17	2	10	23	68	5	-9.75968	-5.76561	-7.92028	-9.91273
349	4	7	10	4	1	7	1	-1.82482	-3.87386	-2.72326	-1.92007
350	2	1	21	3	2	1	5	-2.95307	-2.48675	-4.1746	-4.58964
351	1	4	2	2	6	3	17	-4.74227	-2.44123	-4.2322	-5.6124
352	2	1	5	3	2	3	5	-4.26274	-3.24878	-5.18022	-4.78765
353	4	7	10	4	1	7	1	-1.82482	-3.87386	-2.72326	-1.92007
354	2	1	1	3	2	1	5	-4.64945	-3.7824	-5.89136	-7.4689
355	2	1	12	3	2	1	5	-2.64672	-2.11218	-3.45366	-5.04497
356	8	10	149	2	11	12	6	-4.91017	-3.96425	-5.44078	-7.4178
357	2	4	1	2	2	5	5	-6.83977	-6.40233	-8.42523	-9.82406
358	10	1	16	19	10	5	7	-6.54512	-2.73804	-4.00856	-5.22289
359	24	17	2	10	23	68	5	-9.75968	-5.76561	-7.92028	-9.91273
360	1	2	4	62	4	5	17	-6.14541	-4.84052	-6.95972	-8.67211
361	2	4	1	2	7	1	5	-2.31483	-5.92121	-6.22266	-5.48117
362	7	71	5	62	11	67	6	-28.1553	-27.3008	-26.8527	-28.7665
363	7	17	5	2	10	3	6	-25.866	-24.7905	-23.9707	-22.7844
364	2	1	5	3	2	3	5	-4.26274	-3.24878	-5.18022	-4.78765
365	9	2	4	62	4	5	6	-3.72572	-5.22563	-5.80547	-7.15892
366	33	38	30	82	104	325	36	-13.809	-10.3642	-11.246	-13.4169
367	2	4	1	2	7	1	5	-2.31483	-5.92121	-6.22266	-5.48117
368	47	2	4	2	6	5	17	-10.8169	-10.2028	-6.19278	-8.87511
369	2	1	12	88	2	1	5	-3.97129	-3.42721	-5.40849	-5.3755
370	2	1	12	88	2	1	5	-3.97129	-3.42721	-5.40849	-5.3755
371	2	1	12	88	2	1	5	-3.97129	-3.42721	-5.40849	-5.3755
372	2	1	12	88	2	1	5	-3.97129	-3.42721	-5.40849	-5.3755
373	2	4	1	2	2	1	5	-2.78597	-3.65996	-4.14858	-4.16904
374	2	1	12	88	2	1	5	-3.97129	-3.42721	-5.40849	-5.3755
375	1	1	2	2	6	3	17	-10.207	-6.19196	-8.3665	-10.3457
376	2	1	12	88	2	1	5	-3.97129	-3.42721	-5.40849	-5.3755
377	2	1	12	88	2	1	5	-3.97129	-3.42721	-5.40849	-5.3755
378	2	4	1	2	2	1	5	-2.78597	-3.65996	-4.14858	-4.16904
379	2	1	12	88	2	1	5	-3.97129	-3.42721	-5.40849	-5.3755
380	2	1	5	3	2	3	5	-4.26274	-3.24878	-5.18022	-4.78765
381	4	7	10	4	1	7	1	-1.82482	-3.87386	-2.72326	-1.92007
382	2	1	12	3	2	1	5	-2.64672	-2.11218	-3.45366	-5.04497
383	1	2	4	62	4	5	17	-6.14541	-4.84052	-6.95972	-8.67211
384	1	4	2	2	6	3	17	-4.74227	-2.44123	-4.2322	-5.6124
385	2	1	12	3	2	1	5	-2.64672	-2.11218	-3.45366	-5.04497
386	2	1	12	88	2	1	5	-3.97129	-3.42721	-5.40849	-5.3755
387	9	2	4	62	4	5	6	-3.72572	-5.22563	-5.80547	-7.15892
388	2	4	1	2	7	1	5	-2.31483	-5.92121	-6.22266	-5.48117
389	2	1	5	3	2	3	5	-4.26274	-3.24878	-5.18022	-4.78765
390	7	21	5	62	4	61	44	-7.767	-3.82123	-5.38507	-7.62983
391	1	2	215	4	90	24	8	-27.8925	-29.5636	-21.6276	-21.506
392	2	1	21	3	2	1	5	-2.95307	-2.48675	-4.1746	-4.58964
393	1	4	2	2	6	3	17	-4.74227	-2.44123	-4.2322	-5.6124
394	2	4	1	2	2	1	5	-2.78597	-3.65996	-4.14858	-4.16904
395	2	1	12	3	2	1	5	-2.64672	-2.11218	-3.45366	-5.04497
396	1	2	3	4	5	9	3	-4.72374	-2.47905	-3.47413	-5.02246
397	2	1	5	3	2	3	5	-4.26274	-3.24878	-5.18022	-4.78765
398	10	1	16	19	10	5	7	-6.54512	-2.73804	-4.00856	-5.22289
399	2	1	2	3	2	959	5	-7.11955	-10.6742	-10.3056	-10.2995
400	10	1	16	19	10	5	7	-6.54512	-2.73804	-4.00856	-5.22289
401	2	4	1	2	7	1	5	-2.31483	-5.92121	-6.22266	-5.48117
402	2	1	12	3	2	1	5	-2.64672	-2.11218	-3.45366	-5.04497
403	8	10	149	2	11	12	6	-4.91017	-3.96425	-5.44078	-7.4178
404	2	4	1	2	7	1	5	-2.31483	-5.92121	-6.22266	-5.48117
405	4	7	10	4	1	7	1	-1.82482	-3.87386	-2.72326	-1.92007
406	4	7	10	4	1	7	1	-1.82482	-3.87386	-2.72326	-1.92007
407	2	4	5	2	2	5	5	-3.68	-7.277	-7.28494	-6.0145
408	2	1	12	3	2	1	5	-2.64672	-2.11218	-3.45366	-5.04497
409	166	2	27	10	151	3	1	-29.7363	-32.5417	-26.6395	-25.1138
410	33	39	30	79	113	44	17	-26.5413	-24.4678	-25.1561	-27.534
411	7	17	2	15	23	3	12	-6.90889	-10.5211	-10.9451	-10.6632
412	1	2	3	4	5	9	3	-4.72374	-2.47905	-3.47413	-5.02246
413	2	4	1	2	7	1	5	-2.31483	-5.92121	-6.22266	-5.48117
414	7	21	5	62	4	61	44	-7.767	-3.82123	-5.38507	-7.62983
415	2	1	12	3	2	1	5	-2.64672	-2.11218	-3.45366	-5.04497
416	1	2	3	4	5	9	3	-4.72374	-2.47905	-3.47413	-5.02246
417	2	1	5	88	2	11	5	-9.14203	-5.33804	-5.94683	-8.44243
418	2	4	1	2	7	1	5	-2.31483	-5.92121	-6.22266	-5.48117
419	2	1	21	3	2	1	5	-2.95307	-2.48675	-4.1746	-4.58964
420	7	17	2	15	23	3	12	-6.90889	-10.5211	-10.9451	-10.6632
421	2	1	5	88	2	11	5	-9.14203	-5.33804	-5.94683	-8.44243
422	47	2	4	2	6	5	17	-10.8169	-10.2028	-6.19278	-8.87511
423	1	2	3	4	5	9	3	-4.72374	-2.47905	-3.47413	-5.02246
424	7	17	2	15	23	3	12	-6.90889	-10.5211	-10.9451	-10.6632
425	2	4	1	2	2	1	5	-2.78597	-3.65996	-4.14858	-4.16904
426	2	4	1	2	2	1	5	-2.78597	-3.65996	-4.14858	-4.16904
427	2	4	1	2	2	1	5	-2.78597	-3.65996	-4.14858	-4.16904
428	2	1	12	3	2	1	5	-2.64672	-2.11218	-3.45366	-5.04497
429	2	4	5	2	2	5	5	-3.68	-7.277	-7.28494	-6.0145
430	2	1	21	3	2	1	5	-2.95307	-2.48675	-4.1746	-4.58964
431	4	7	10	4	42	25	1	-8.2654	-9.98135	-5.88577	-5.14025
432	1	4	2	2	6	3	17	-4.74227	-2.44123	-4.2322	-5.6124
433	1	2	215	4	923	24	8	-27.8925	-29.5636	-21.6276	-21.506
434	1	2	3	4	5	9	3	-4.72374	-2.47905	-3.47413	-5.02246
435	2	1	1	3	2	1	5	-4.64945	-3.7824	-5.89136	-7.4689
436	1	4	2	2	6	3	17	-4.74227	-2.44123	-4.2322	-5.6124
437	2	4	1	2	2	1	5	-2.78597	-3.65996	-4.14858	-4.16904
438	2	1	5	3	2	5	5	-5.71809	-2.82285	-3.9366	-5.60693
439	4	7	10	4	42	51	1	-2.93347	-4.67989	-5.03548	-3.81126
440	4	7	10	4	1	7	1	-1.82482	-3.87386	-2.72326	-1.92007
441	4	7	10	4	1	7	1	-1.82482	-3.87386	-2.72326	-1.92007
442	4	7	10	4	1	7	1	-1.82482	-3.87386	-2.72326	-1.92007
443	2	1	21	3	2	1	5	-2.95307	-2.48675	-4.1746	-4.58964
444	2	1	21	3	2	1	5	-2.95307	-2.48675	-4.1746	-4.58964
445	2	4	1	2	7	1	5	-2.31483	-5.92121	-6.22266	-5.48117
446	4	7	10	4	1	7	1	-1.82482	-3.87386	-2.72326	-1.92007
447	4	7	10	4	1	7	1	-1.82482	-3.87386	-2.72326	-1.92007
448	2	1	1	3	2	1	5	-4.64945	-3.7824	-5.89136	-7.4689
449	2	1	21	3	2	1	5	-2.95307	-2.48675	-4.1746	-4.58964
450	2	1	21	3	2	1	5	-2.95307	-2.48675	-4.1746	-4.58964
451	4	7	10	4	42	51	1	-2.93347	-4.67989	-5.03548	-3.81126
452	4	7	10	1	1	7	1	-5.27448	-8.65332	-6.03622	-6.14371
453	239	27	16	19	10	5	7	-10.4549	-6.46044	-8.6139	-10.6071
454	2	1	12	3	2	1	5	-2.64672	-2.11218	-3.45366	-5.04497
455	2	4	1	2	2	1	5	-2.78597	-3.65996	-4.14858	-4.16904
456	2	1	12	3	2	1	5	-2.64672	-2.11218	-3.45366	-5.04497
457	2	1	12	3	2	1	5	-2.64672	-2.11218	-3.45366	-5.04497
458	10	81	50	99	120	76	52	-6.64637	-6.39628	-5.305	-5.14477
459	47	2	4	2	6	5	17	-10.8169	-10.2028	-6.19278	-8.87511
460	2	4	1	3	2	1	5	-6.84563	-8.74328	-9.83639	-10.2264
461	4	7	10	4	1	7	1	-1.82482	-3.87386	-2.72326	-1.92007
462	2	1	1	380	2	1	5	-6.17996	-5.7318	-7.81628	-9.2386
463	2	4	1	2	7	1	5	-2.31483	-5.92121	-6.22266	-5.48117
464	2	1	12	88	2	1	5	-3.97129	-3.42721	-5.40849	-5.3755
465	7	71	5	62	11	67	1	-29.9659	-27.5625	-25.5072	-27.7638
466	2	4	1	2	7	1	5	-2.31483	-5.92121	-6.22266	-5.48117
467	4	7	10	4	1	7	1	-1.82482	-3.87386	-2.72326	-1.92007
468	2	1	1	380	2	1	5	-6.17996	-5.7318	-7.81628	-9.2386
469	2	4	1	2	2	1	5	-2.78597	-3.65996	-4.14858	-4.16904
470	2	1	12	3	2	1	5	-2.64672	-2.11218	-3.45366	-5.04497
471	1	14	2	2	6	1	17	-9.14706	-6.44452	-7.77722	-6.28502
472	1	2	4	62	4	5	17	-6.14541	-4.84052	-6.95972	-8.67211
473	4	7	10	4	1	7	1	-1.82482	-3.87386	-2.72326	-1.92007
474	2	1	21	3	2	1	5	-2.95307	-2.48675	-4.1746	-4.58964
475	2	4	1	2	2	1	5	-2.78597	-3.65996	-4.14858	-4.16904
476	1	4	2	2	6	3	17	-4.74227	-2.44123	-4.2322	-5.6124
477	4	7	10	4	1	7	1	-1.82482	-3.87386	-2.72326	-1.92007
478	10	2	107	62	120	76	1	-6.83371	-10.4134	-8.28449	-6.28351
479	2	1	12	3	2	1	5	-2.64672	-2.11218	-3.45366	-5.04497
480	2	1	5	3	2	3	5	-4.26274	-3.24878	-5.18022	-4.78765
481	2	1	21	3	2	1	5	-2.95307	-2.48675	-4.1746	-4.58964
482	1	2	3	4	5	9	3	-4.72374	-2.47905	-3.47413	-5.02246
483	1	307	3	4	5	9	3	-6.86055	-6.41628	-6.09079	-8.57563
484	7	2	5	2	10	3	6	-31.877	-28.0804	-28.7056	-29.0332
485	1	2	3	4	5	9	3	-4.72374	-2.47905	-3.47413	-5.02246
486	33	39	30	82	104	173	68	-5.43912	-3.97092	-6.0982	-7.84808
487	4	7	10	4	42	7	1	-6.50428	-9.37691	-5.70454	-4.62131
488	2	1	12	88	2	1	5	-3.97129	-3.42721	-5.40849	-5.3755
489	2	4	1	2	2	1	5	-2.78597	-3.65996	-4.14858	-4.16904
490	2	1	21	3	2	1	5	-2.95307	-2.48675	-4.1746	-4.58964
491	9	2	4	62	4	5	6	-3.72572	-5.22563	-5.80547	-7.15892
492	2	1	5	3	2	3	5	-4.26274	-3.24878	-5.18022	-4.78765
493	4	7	10	4	1	7	1	-1.82482	-3.87386	-2.72326	-1.92007
494	2	1	57	26	127	29	35	-6.88507	-9.65114	-6.18129	-8.70335
495	2	1	57	26	127	29	35	-6.88507	-9.65114	-6.18129	-8.70335
496	2	4	2	4	19	3	6	-5.80607	-9.4146	-9.83747	-9.55285
497	2	1	12	3	2	1	5	-2.64672	-2.11218	-3.45366	-5.04497
498	2	4	1	2	2	1	5	-2.78597	-3.65996	-4.14858	-4.16904
499	2	4	1	2	2	1	5	-2.78597	-3.65996	-4.14858	-4.16904
500	2	1	21	3	2	1	5	-2.95307	-2.48675	-4.1746	-4.58964
501	33	39	65	79	104	43	17	-4.60562	-8.21827	-8.64188	-8.36073
502	1	14	2	2	6	1	17	-9.14706	-6.44452	-7.77722	-6.28502
503	2	1	12	3	2	1	5	-2.64672	-2.11218	-3.45366	-5.04497
504	7	21	5	62	4	61	44	-7.767	-3.82123	-5.38507	-7.62983
505	9	2	4	62	4	5	6	-3.72572	-5.22563	-5.80547	-7.15892
506	129	66	30	82	189	47	17	-3.25109	-4.91926	-5.723	-4.15505
507	2	1	21	3	2	1	5	-2.95307	-2.48675	-4.1746	-4.58964
508	47	2	4	2	6	5	17	-10.8169	-10.2028	-6.19278	-8.87511
509	2	4	1	2	7	1	5	-2.31483	-5.92121	-6.22266	-5.48117
510	33	38	30	82	104	325	36	-13.809	-10.3642	-11.246	-13.4169
511	1	4	2	2	6	3	17	-4.74227	-2.44123	-4.2322	-5.6124
512	1	4	2	2	6	3	17	-4.74227	-2.44123	-4.2322	-5.6124
513	2	4	1	2	2	1	5	-2.78597	-3.65996	-4.14858	-4.16904
514	4	7	10	4	1	7	1	-1.82482	-3.87386	-2.72326	-1.92007
515	33	283	44	82	189	44	17	-7.30215	-3.46257	-5.13232	-6.0038
516	8	10	149	2	11	12	6	-4.91017	-3.96425	-5.44078	-7.4178
517	2	1	21	3	62	1	5	-5.80377	-9.40287	-9.83377	-9.55525
518	10	1	16	19	10	5	7	-6.54512	-2.73804	-4.00856	-5.22289
519	180	194	2	68	19	231	147	-22.0739	-28.4209	-22.4891	-23.104
520	2	4	1	2	7	1	5	-2.31483	-5.92121	-6.22266	-5.48117
521	2	4	2	2	6	1	5	-6.12975	-4.82481	-5.80657	-8.07083
522	1	2	3	4	5	9	3	-4.72374	-2.47905	-3.47413	-5.02246
523	2	1	21	3	2	1	5	-2.95307	-2.48675	-4.1746	-4.58964
524	2	1	12	3	2	1	5	-2.64672	-2.11218	-3.45366	-5.04497
525	2	1	5	3	2	3	5	-4.26274	-3.24878	-5.18022	-4.78765
526	1	307	3	4	5	9	3	-6.86055	-6.41628	-6.09079	-8.57563
527	2	4	1	2	7	1	5	-2.31483	-5.92121	-6.22266	-5.48117
528	2	1	12	3	2	1	5	-2.64672	-2.11218	-3.45366	-5.04497
529	7	21	5	62	4	61	44	-7.767	-3.82123	-5.38507	-7.62983
530	2	1	5	3	2	3	5	-4.26274	-3.24878	-5.18022	-4.78765
531	2	1	12	88	2	1	5	-3.97129	-3.42721	-5.40849	-5.3755
532	2	1	21	3	2	1	5	-2.95307	-2.48675	-4.1746	-4.58964
533	1	4	2	2	6	3	17	-4.74227	-2.44123	-4.2322	-5.6124
534	2	4	1	2	7	1	5	-2.31483	-5.92121	-6.22266	-5.48117
535	47	2	4	2	6	5	17	-10.8169	-10.2028	-6.19278	-8.87511
536	1	4	2	2	6	3	17	-4.74227	-2.44123	-4.2322	-5.6124
537	1	2	3	4	5	9	3	-4.72374	-2.47905	-3.47413	-5.02246
538	2	4	1	2	2	1	5	-2.78597	-3.65996	-4.14858	-4.16904
539	4	7	10	4	42	7	1	-6.50428	-9.37691	-5.70454	-4.62131
540	2	4	1	9	2	1	5	-6.12575	-7.56102	-6.77908	-6.97821
541	2	1	12	3	2	1	5	-2.64672	-2.11218	-3.45366	-5.04497
542	1	4	2	9	6	3	17	-8.08852	-6.29203	-6.827	-8.40293
543	1	2	3	4	922	9	3	-8.07866	-6.38178	-6.1056	-7.83267
544	4	7	10	4	1	7	1	-1.82482	-3.87386	-2.72326	-1.92007
545	2	1	5	3	2	3	5	-4.26274	-3.24878	-5.18022	-4.78765
546	2	4	1	2	7	1	5	-2.31483	-5.92121	-6.22266	-5.48117
547	4	7	10	4	1	7	1	-1.82482	-3.87386	-2.72326	-1.92007
548	2	4	1	2	2	1	5	-2.78597	-3.65996	-4.14858	-4.16904
549	2	1	21	3	2	1	5	-2.95307	-2.48675	-4.1746	-4.58964
550	4	7	10	4	1	7	1	-1.82482	-3.87386	-2.72326	-1.92007
551	1	4	2	2	6	3	17	-4.74227	-2.44123	-4.2322	-5.6124
552	2	1	5	3	2	5	5	-5.71809	-2.82285	-3.9366	-5.60693
553	2	1	12	3	2	1	5	-2.64672	-2.11218	-3.45366	-5.04497
554	4	936	10	4	1	7	1	-5.17441	-7.77291	-5.32473	-4.73304
555	180	194	2	68	19	231	147	-22.0739	-28.4209	-22.4891	-23.104
556	4	7	10	4	42	51	1	-2.93347	-4.67989	-5.03548	-3.81126
557	4	7	10	4	42	25	1	-8.2654	-9.98135	-5.88577	-5.14025
558	2	1	21	3	2	1	5	-2.95307	-2.48675	-4.1746	-4.58964
559	2	1	5	3	2	3	5	-4.26274	-3.24878	-5.18022	-4.78765
560	2	1	5	3	2	3	5	-4.26274	-3.24878	-5.18022	-4.78765
561	4	7	10	4	42	51	1	-2.93347	-4.67989	-5.03548	-3.81126
562	4	7	10	4	1	7	1	-1.82482	-3.87386	-2.72326	-1.92007
563	2	4	1	2	7	1	5	-2.31483	-5.92121	-6.22266	-5.48117
564	2	1	21	3	2	1	5	-2.95307	-2.48675	-4.1746	-4.58964
565	1	4	2	2	6	3	17	-4.74227	-2.44123	-4.2322	-5.6124
566	188	313	5	2	89	5	6	-40.1233	-36.369	-36.4016	-40.6181
567	2	1	21	3	2	1	5	-2.95307	-2.48675	-4.1746	-4.58964
568	2	1	1	3	2	1	5	-4.64945	-3.7824	-5.89136	-7.4689
569	2	1	5	3	2	3	5	-4.26274	-3.24878	-5.18022	-4.78765
570	2	4	1	2	2	1	5	-2.78597	-3.65996	-4.14858	-4.16904
571	2	1	5	3	2	3	5	-4.26274	-3.24878	-5.18022	-4.78765
572	2	1	1	3	2	1	5	-4.64945	-3.7824	-5.89136	-7.4689
573	2	1	5	3	2	3	5	-4.26274	-3.24878	-5.18022	-4.78765
574	1	4	2	2	6	3	17	-4.74227	-2.44123	-4.2322	-5.6124
575	1	4	2	2	6	3	17	-4.74227	-2.44123	-4.2322	-5.6124
576	2	1	21	3	2	1	5	-2.95307	-2.48675	-4.1746	-4.58964
577	239	27	16	19	10	5	7	-10.4549	-6.46044	-8.6139	-10.6071
578	2	4	5	2	2	5	5	-3.68	-7.277	-7.28494	-6.0145
579	9	2	4	62	4	5	6	-3.72572	-5.22563	-5.80547	-7.15892
580	2	1	1	3	2	1	5	-4.64945	-3.7824	-5.89136	-7.4689
581	2	1	5	3	2	3	5	-4.26274	-3.24878	-5.18022	-4.78765
582	1	4	2	2	6	3	17	-4.74227	-2.44123	-4.2322	-5.6124
583	2	4	5	2	2	5	5	-3.68	-7.277	-7.28494	-6.0145
584	2	4	5	2	2	5	5	-3.68	-7.277	-7.28494	-6.0145
585	2	1	5	3	2	3	5	-4.26274	-3.24878	-5.18022	-4.78765
586	2	1	1	380	2	1	5	-6.17996	-5.7318	-7.81628	-9.2386
587	2	7	10	4	1	7	1	-6.61921	-8.98494	-8.20177	-7.17344
588	2	1	12	3	2	1	5	-2.64672	-2.11218	-3.45366	-5.04497
589	2	4	1	2	2	1	5	-2.78597	-3.65996	-4.14858	-4.16904
590	9	2	4	62	4	5	6	-3.72572	-5.22563	-5.80547	-7.15892
591	2	4	5	2	2	5	5	-3.68	-7.277	-7.28494	-6.0145
592	1	4	2	2	6	3	17	-4.74227	-2.44123	-4.2322	-5.6124
593	1	4	2	2	6	5	17	-13.0244	-8.85082	-11.0289	-13.7694
594	2	4	2	2	6	1	5	-6.12975	-4.82481	-5.80657	-8.07083
595	1	4	2	2	6	5	17	-13.0244	-8.85082	-11.0289	-13.7694
596	2	23	21	3	2	1	5	-6.30885	-6.39344	-6.80809	-7.40148
597	7	21	5	62	4	61	44	-7.767	-3.82123	-5.38507	-7.62983
598	2	4	1	2	2	1	5	-2.78597	-3.65996	-4.14858	-4.16904
599	1	307	3	4	5	9	3	-6.86055	-6.41628	-6.09079	-8.57563
600	1	2	3	4	5	9	3	-4.72374	-2.47905	-3.47413	-5.02246
601	9	2	4	62	4	5	6	-3.72572	-5.22563	-5.80547	-7.15892
602	2	1	12	3	2	1	5	-2.64672	-2.11218	-3.45366	-5.04497
603	1	4	2	2	6	3	17	-4.74227	-2.44123	-4.2322	-5.6124
604	10	1	16	19	10	5	7	-6.54512	-2.73804	-4.00856	-5.22289
605	2	1	12	3	2	1	5	-2.64672	-2.11218	-3.45366	-5.04497
606	180	194	2	68	19	231	147	-22.0739	-28.4209	-22.4891	-23.104
607	2	1	12	3	2	1	5	-2.64672	-2.11218	-3.45366	-5.04497
608	4	7	10	4	1	7	1	-1.82482	-3.87386	-2.72326	-1.92007
609	129	66	30	82	189	47	17	-3.25109	-4.91926	-5.723	-4.15505
610	4	7	10	4	1	7	1	-1.82482	-3.87386	-2.72326	-1.92007
611	2	1	12	3	2	1	5	-2.64672	-2.11218	-3.45366	-5.04497
612	2	1	21	3	2	1	5	-2.95307	-2.48675	-4.1746	-4.58964
613	4	7	10	4	1	7	1	-1.82482	-3.87386	-2.72326	-1.92007
614	10	1	16	19	10	5	7	-6.54512	-2.73804	-4.00856	-5.22289
615	8	10	149	2	11	12	6	-4.91017	-3.96425	-5.44078	-7.4178
616	129	66	30	82	189	47	17	-3.25109	-4.91926	-5.723	-4.15505
617	2	4	1	2	2	1	5	-2.78597	-3.65996	-4.14858	-4.16904
618	180	194	2	68	19	231	147	-22.0739	-28.4209	-22.4891	-23.104
619	2	1	5	3	2	3	5	-4.26274	-3.24878	-5.18022	-4.78765
620	2	4	1	2	2	1	5	-2.78597	-3.65996	-4.14858	-4.16904
621	1	2	3	4	5	9	3	-4.72374	-2.47905	-3.47413	-5.02246
622	180	194	2	68	19	231	147	-22.0739	-28.4209	-22.4891	-23.104
623	33	39	65	79	104	43	17	-4.60562	-8.21827	-8.64188	-8.36073
624	2	4	5	2	2	5	5	-3.68	-7.277	-7.28494	-6.0145
625	2	1	5	3	2	5	5	-5.71809	-2.82285	-3.9366	-5.60693
626	2	1	12	3	2	1	5	-2.64672	-2.11218	-3.45366	-5.04497
627	180	194	2	68	19	231	147	-22.0739	-28.4209	-22.4891	-23.104
628	2	1	21	3	2	1	5	-2.95307	-2.48675	-4.1746	-4.58964
629	2	1	5	3	2	5	5	-5.71809	-2.82285	-3.9366	-5.60693
630	2	1	21	3	2	1	5	-2.95307	-2.48675	-4.1746	-4.58964
631	1	2	3	4	5	9	3	-4.72374	-2.47905	-3.47413	-5.02246
632	2	1	21	3	2	1	5	-2.95307	-2.48675	-4.1746	-4.58964
633	8	10	2	2	11	12	6	-3.96242	-7.51822	-7.99054	-7.71687
634	2	4	1	2	7	1	5	-2.31483	-5.92121	-6.22266	-5.48117
635	2	1	5	3	2	3	5	-4.26274	-3.24878	-5.18022	-4.78765
636	1	2	3	4	5	9	3	-4.72374	-2.47905	-3.47413	-5.02246
637	9	2	4	62	4	5	6	-3.72572	-5.22563	-5.80547	-7.15892
638	2	1	21	3	2	1	5	-2.95307	-2.48675	-4.1746	-4.58964
639	8	10	149	2	11	12	6	-4.91017	-3.96425	-5.44078	-7.4178
640	2	1	12	88	2	1	5	-3.97129	-3.42721	-5.40849	-5.3755
641	2	4	1	2	2	1	5	-2.78597	-3.65996	-4.14858	-4.16904
642	2	1	5	10	10	1	5	-23.7115	-23.6382	-23.0903	-23.8164
643	1	2	3	4	5	9	3	-4.72374	-2.47905	-3.47413	-5.02246
644	2	4	1	2	7	1	5	-2.31483	-5.92121	-6.22266	-5.48117
645	2	4	1	2	2	1	5	-2.78597	-3.65996	-4.14858	-4.16904
646	1	2	3	4	5	9	3	-4.72374	-2.47905	-3.47413	-5.02246
647	2	1	12	88	2	1	5	-3.97129	-3.42721	-5.40849	-5.3755
648	4	7	10	4	1	7	1	-1.82482	-3.87386	-2.72326	-1.92007
649	2	1	21	3	2	1	5	-2.95307	-2.48675	-4.1746	-4.58964
650	2	4	1	2	7	1	5	-2.31483	-5.92121	-6.22266	-5.48117
651	33	38	30	82	118	43	17	-20.4972	-19.1606	-20.9507	-22.7513
652	2	4	1	2	2	1	5	-2.78597	-3.65996	-4.14858	-4.16904
653	2	1	5	3	2	3	5	-4.26274	-3.24878	-5.18022	-4.78765
654	4	7	10	4	1	7	1	-1.82482	-3.87386	-2.72326	-1.92007
655	8	10	2	2	11	12	6	-3.96242	-7.51822	-7.99054	-7.71687
656	2	4	5	2	2	5	5	-3.68	-7.277	-7.28494	-6.0145
657	4	7	10	4	1	7	1	-1.82482	-3.87386	-2.72326	-1.92007
658	2	1	5	3	2	3	5	-4.26274	-3.24878	-5.18022	-4.78765
659	33	39	30	82	113	47	17	-5.79015	-5.74117	-7.78415	-9.02944
660	2	1	21	3	2	1	5	-2.95307	-2.48675	-4.1746	-4.58964
661	2	4	1	2	7	1	5	-2.31483	-5.92121	-6.22266	-5.48117
662	2	1	1	3	2	1	5	-4.64945	-3.7824	-5.89136	-7.4689
663	4	7	10	4	1	7	1	-1.82482	-3.87386	-2.72326	-1.92007
664	7	21	5	62	4	61	44	-7.767	-3.82123	-5.38507	-7.62983
665	10	81	50	99	120	76	52	-6.64637	-6.39628	-5.305	-5.14477
666	4	7	10	4	1	7	1	-1.82482	-3.87386	-2.72326	-1.92007
667	1	2	3	4	5	9	3	-4.72374	-2.47905	-3.47413	-5.02246
668	1	2	3	4	5	9	3	-4.72374	-2.47905	-3.47413	-5.02246
669	2	4	1	2	7	1	5	-2.31483	-5.92121	-6.22266	-5.48117
670	4	7	10	4	1	7	1	-1.82482	-3.87386	-2.72326	-1.92007
671	2	1	5	3	2	3	5	-4.26274	-3.24878	-5.18022	-4.78765
672	1	4	2	2	6	3	17	-4.74227	-2.44123	-4.2322	-5.6124
673	4	935	10	4	1	7	1	-5.17441	-7.77291	-5.32473	-4.73304
674	10	1	16	19	10	5	7	-6.54512	-2.73804	-4.00856	-5.22289
675	4	7	10	4	1	7	1	-1.82482	-3.87386	-2.72326	-1.92007
676	33	39	65	79	104	43	17	-4.60562	-8.21827	-8.64188	-8.36073
677	2	4	2	2	6	1	5	-6.12975	-4.82481	-5.80657	-8.07083
678	4	7	10	4	42	25	1	-8.2654	-9.98135	-5.88577	-5.14025
679	1	4	2	2	6	3	17	-4.74227	-2.44123	-4.2322	-5.6124
680	4	7	10	4	42	25	1	-8.2654	-9.98135	-5.88577	-5.14025
681	4	7	10	4	42	25	1	-8.2654	-9.98135	-5.88577	-5.14025
682	4	7	10	4	1	7	1	-1.82482	-3.87386	-2.72326	-1.92007
683	2	4	1	2	7	1	5	-2.31483	-5.92121	-6.22266	-5.48117
684	4	7	10	4	1	7	1	-1.82482	-3.87386	-2.72326	-1.92007
685	4	7	10	4	42	7	1	-6.50428	-9.37691	-5.70454	-4.62131
686	10	27	16	19	10	5	7	-20.9484	-12.9332	-15.4074	-17.5595
687	10	81	50	99	120	76	52	-6.64637	-6.39628	-5.305	-5.14477
688	4	7	10	4	1	7	1	-1.82482	-3.87386	-2.72326	-1.92007
689	4	7	10	4	42	51	1	-2.93347	-4.67989	-5.03548	-3.81126
690	4	7	10	4	1	7	1	-1.82482	-3.87386	-2.72326	-1.92007
691	10	81	50	99	120	76	52	-6.64637	-6.39628	-5.305	-5.14477
692	2	4	1	2	2	1	5	-2.78597	-3.65996	-4.14858	-4.16904
693	4	7	10	4	42	51	1	-2.93347	-4.67989	-5.03548	-3.81126
694	4	7	10	4	42	51	1	-2.93347	-4.67989	-5.03548	-3.81126
695	4	7	10	4	42	51	1	-2.93347	-4.67989	-5.03548	-3.81126
696	8	10	2	2	11	12	6	-3.96242	-7.51822	-7.99054	-7.71687
697	33	38	30	82	104	43	17	-5.29864	-8.91043	-9.3332	-9.04609
698	4	7	10	4	1	7	1	-1.82482	-3.87386	-2.72326	-1.92007
699	10	81	50	99	120	76	52	-6.64637	-6.39628	-5.305	-5.14477
700	2	4	1	2	7	1	5	-2.31483	-5.92121	-6.22266	-5.48117
701	4	7	10	4	1	7	1	-1.82482	-3.87386	-2.72326	-1.92007
702	4	7	10	4	1	7	1	-1.82482	-3.87386	-2.72326	-1.92007
703	10	81	50	99	120	76	52	-6.64637	-6.39628	-5.305	-5.14477
704	4	7	10	4	42	51	1	-2.93347	-4.67989	-5.03548	-3.81126
705	9	2	4	62	4	5	6	-3.72572	-5.22563	-5.80547	-7.15892
706	4	7	10	4	1	7	1	-1.82482	-3.87386	-2.72326	-1.92007
707	2	1	1	3	2	1	5	-4.64945	-3.7824	-5.89136	-7.4689
708	1	14	2	2	6	1	17	-9.14706	-6.44452	-7.77722	-6.28502
709	2	4	2	2	6	1	5	-6.12975	-4.82481	-5.80657	-8.07083
710	2	4	2	2	6	1	5	-6.12975	-4.82481	-5.80657	-8.07083
711	4	7	10	4	42	51	1	-2.93347	-4.67989	-5.03548	-3.81126
712	10	2	107	62	120	76	1	-6.83371	-10.4134	-8.28449	-6.28351
713	2	1	12	3	2	1	5	-2.64672	-2.11218	-3.45366	-5.04497
714	2	4	1	2	2	1	5	-2.78597	-3.65996	-4.14858	-4.16904
715	47	2	4	2	6	5	17	-10.8169	-10.2028	-6.19278	-8.87511
716	4	7	10	4	42	5	1	-11.184	-11.074	-11.1746	-11.4402
717	2	1	12	3	2	1	5	-2.64672	-2.11218	-3.45366	-5.04497
718	4	7	10	4	42	51	1	-2.93347	-4.67989	-5.03548	-3.81126
719	1	307	3	4	5	9	3	-6.86055	-6.41628	-6.09079	-8.57563
720	2	1	21	3	2	1	5	-2.95307	-2.48675	-4.1746	-4.58964
721	4	7	10	4	1	7	1	-1.82482	-3.87386	-2.72326	-1.92007
722	2	4	1	2	2	1	5	-2.78597	-3.65996	-4.14858	-4.16904
723	2	1	12	3	2	1	5	-2.64672	-2.11218	-3.45366	-5.04497
724	4	7	10	4	1	7	1	-1.82482	-3.87386	-2.72326	-1.92007
725	2	1	21	3	2	1	5	-2.95307	-2.48675	-4.1746	-4.58964
726	2	1	1	3	2	1	5	-4.64945	-3.7824	-5.89136	-7.4689
727	4	7	10	4	1	7	1	-1.82482	-3.87386	-2.72326	-1.92007
728	2	1	12	3	2	1	5	-2.64672	-2.11218	-3.45366	-5.04497
729	1	4	3	2	6	3	17	-14.7761	-9.33551	-11.3161	-14.1529
730	2	1	12	3	2	1	5	-2.64672	-2.11218	-3.45366	-5.04497
731	2	1	12	88	2	1	5	-3.97129	-3.42721	-5.40849	-5.3755
732	1	4	2	2	6	3	17	-4.74227	-2.44123	-4.2322	-5.6124
733	4	7	10	4	42	51	1	-2.93347	-4.67989	-5.03548	-3.81126
734	2	1	12	3	2	1	5	-2.64672	-2.11218	-3.45366	-5.04497
735	4	7	10	4	1	7	1	-1.82482	-3.87386	-2.72326	-1.92007
736	2	1	12	88	2	1	5	-3.97129	-3.42721	-5.40849	-5.3755
737	2	1	21	3	2	1	5	-2.95307	-2.48675	-4.1746	-4.58964
738	2	4	5	2	2	5	5	-3.68	-7.277	-7.28494	-6.0145
739	2	4	5	2	2	5	5	-3.68	-7.277	-7.28494	-6.0145
740	2	1	21	3	62	1	5	-5.80377	-9.40287	-9.83377	-9.55525
741	4	7	10	4	42	25	1	-8.2654	-9.98135	-5.88577	-5.14025
742	1	2	4	62	4	5	17	-6.14541	-4.84052	-6.95972	-8.67211
743	1	2	3	4	5	9	3	-4.72374	-2.47905	-3.47413	-5.02246
744	8	10	2	2	11	12	6	-3.96242	-7.51822	-7.99054	-7.71687
745	2	1	12	88	2	1	5	-3.97129	-3.42721	-5.40849	-5.3755
746	2	4	5	2	2	5	5	-3.68	-7.277	-7.28494	-6.0145
747	2	1	12	3	2	1	5	-2.64672	-2.11218	-3.45366	-5.04497
748	7	21	5	62	4	61	44	-7.767	-3.82123	-5.38507	-7.62983
749	9	2	4	62	4	5	6	-3.72572	-5.22563	-5.80547	-7.15892
750	10	1	16	19	10	5	7	-6.54512	-2.73804	-4.00856	-5.22289
751	10	1	16	19	10	5	7	-6.54512	-2.73804	-4.00856	-5.22289
752	8	10	2	2	11	12	6	-3.96242	-7.51822	-7.99054	-7.71687
753	1	4	2	2	6	3	17	-4.74227	-2.44123	-4.2322	-5.6124
754	2	1	12	3	2	1	5	-2.64672	-2.11218	-3.45366	-5.04497
755	2	1	12	88	2	1	5	-3.97129	-3.42721	-5.40849	-5.3755
756	2	29	4	27	10	25	57	-19.3372	-24.1232	-15.0365	-11.9262
757	2	1	5	3	2	3	5	-4.26274	-3.24878	-5.18022	-4.78765
758	2	1	12	3	2	1	5	-2.64672	-2.11218	-3.45366	-5.04497
759	37	52	57	26	107	29	23	-8.01891	-9.92189	-5.81578	-4.87992
760	2	4	1	2	7	1	5	-2.31483	-5.92121	-6.22266	-5.48117
761	1	2	3	4	5	9	3	-4.72374	-2.47905	-3.47413	-5.02246
762	2	1	12	3	2	1	5	-2.64672	-2.11218	-3.45366	-5.04497
763	1	4	2	2	6	3	17	-4.74227	-2.44123	-4.2322	-5.6124
764	1	4	2	2	6	3	17	-4.74227	-2.44123	-4.2322	-5.6124
765	1	2	3	4	5	9	3	-4.72374	-2.47905	-3.47413	-5.02246
766	4	7	10	4	1	7	1	-1.82482	-3.87386	-2.72326	-1.92007
767	2	1	21	3	2	1	5	-2.95307	-2.48675	-4.1746	-4.58964
768	2	1	12	3	2	1	5	-2.64672	-2.11218	-3.45366	-5.04497
769	2	4	1	2	2	5	5	-6.83977	-6.40233	-8.42523	-9.82406
770	2	4	1	2	2	1	5	-2.78597	-3.65996	-4.14858	-4.16904
771	2	4	5	2	2	5	5	-3.68	-7.277	-7.28494	-6.0145
772	10	1	16	19	10	5	7	-6.54512	-2.73804	-4.00856	-5.22289
773	7	21	5	62	4	61	44	-7.767	-3.82123	-5.38507	-7.62983
774	9	2	4	62	4	5	6	-3.72572	-5.22563	-5.80547	-7.15892
775	2	1	12	3	2	1	5	-2.64672	-2.11218	-3.45366	-5.04497
776	1	4	2	2	6	3	17	-4.74227	-2.44123	-4.2322	-5.6124
777	4	7	10	4	1	7	1	-1.82482	-3.87386	-2.72326	-1.92007
778	2	1	12	3	2	1	5	-2.64672	-2.11218	-3.45366	-5.04497
779	2	1	5	3	2	5	5	-5.71809	-2.82285	-3.9366	-5.60693
780	2	23	21	3	2	1	5	-6.30885	-6.39344	-6.80809	-7.40148
781	2	4	5	2	2	5	5	-3.68	-7.277	-7.28494	-6.0145
782	2	4	2	2	6	1	5	-6.12975	-4.82481	-5.80657	-8.07083
783	2	1	12	3	2	1	5	-2.64672	-2.11218	-3.45366	-5.04497
784	4	7	10	4	42	51	1	-2.93347	-4.67989	-5.03548	-3.81126
785	7	17	5	2	86	232	1	-27.7502	-32.6752	-27.7289	-26.142
786	2	4	1	2	2	1	5	-2.78597	-3.65996	-4.14858	-4.16904
787	2	1	12	3	2	1	5	-2.64672	-2.11218	-3.45366	-5.04497
788	2	1	21	3	2	1	5	-2.95307	-2.48675	-4.1746	-4.58964
789	7	17	2	15	23	3	12	-6.90889	-10.5211	-10.9451	-10.6632
790	2	1	5	3	2	5	5	-5.71809	-2.82285	-3.9366	-5.60693
791	1	6	60	24	12	28	1	-26.6961	-30.2793	-19.4186	-20.2146
792	1	2	3	4	5	9	3	-4.72374	-2.47905	-3.47413	-5.02246
793	2	4	5	2	2	5	5	-3.68	-7.277	-7.28494	-6.0145
794	1	2	3	4	5	9	3	-4.72374	-2.47905	-3.47413	-5.02246
795	1	6	60	24	12	28	1	-26.6961	-30.2793	-19.4186	-20.2146
796	9	2	4	62	4	5	6	-3.72572	-5.22563	-5.80547	-7.15892
797	2	4	1	2	2	1	5	-2.78597	-3.65996	-4.14858	-4.16904
798	4	7	10	4	1	7	1	-1.82482	-3.87386	-2.72326	-1.92007
799	2	4	5	2	2	5	5	-3.68	-7.277	-7.28494	-6.0145
800	7	2	2	2	11	12	6	-4.50903	-8.12092	-8.54459	-8.26338
801	2	1	21	3	2	1	941	-6.30918	-6.3742	-6.79611	-7.39858
802	9	2	2	10	10	3	5	-30.3243	-25.5886	-26.0689	-25.3965
803	8	10	149	2	11	12	6	-4.91017	-3.96425	-5.44078	-7.4178
804	7	1	5	2	10	3	6	-32.8608	-29.9444	-29.8155	-29.063
805	2	1	21	3	2	1	5	-2.95307	-2.48675	-4.1746	-4.58964
806	33	39	30	82	113	43	17	-9.84098	-6.43444	-6.11098	-8.71442
807	1	6	60	24	12	28	1	-26.6961	-30.2793	-19.4186	-20.2146
808	1	6	60	24	12	28	1	-26.6961	-30.2793	-19.4186	-20.2146
809	7	17	2	15	23	3	12	-6.90889	-10.5211	-10.9451	-10.6632
810	1	4	2	2	6	3	17	-4.74227	-2.44123	-4.2322	-5.6124
811	1	4	2	2	6	3	17	-4.74227	-2.44123	-4.2322	-5.6124
812	7	21	5	62	4	61	44	-7.767	-3.82123	-5.38507	-7.62983
813	239	27	16	19	10	5	7	-10.4549	-6.46044	-8.6139	-10.6071
814	9	2	4	62	4	5	6	-3.72572	-5.22563	-5.80547	-7.15892
815	10	1	16	19	10	5	7	-6.54512	-2.73804	-4.00856	-5.22289
816	2	1	5	3	2	5	5	-5.71809	-2.82285	-3.9366	-5.60693
817	2	4	5	2	2	5	5	-3.68	-7.277	-7.28494	-6.0145
818	8	10	2	2	11	12	6	-3.96242	-7.51822	-7.99054	-7.71687
819	7	17	2	15	23	3	12	-6.90889	-10.5211	-10.9451	-10.6632
820	2	4	1	4	1	1	5	-15.7675	-18.3386	-15.9579	-15.0338
821	4	7	10	4	1	7	1	-1.82482	-3.87386	-2.72326	-1.92007
822	8	10	149	2	11	12	6	-4.91017	-3.96425	-5.44078	-7.4178
823	2	1	12	88	2	1	5	-3.97129	-3.42721	-5.40849	-5.3755
824	2	4	2	2	6	1	5	-6.12975	-4.82481	-5.80657	-8.07083
825	10	81	50	99	120	76	52	-6.64637	-6.39628	-5.305	-5.14477
826	2	4	5	2	2	5	5	-3.68	-7.277	-7.28494	-6.0145
827	2	4	1	2	2	5	5	-6.83977	-6.40233	-8.42523	-9.82406
828	8	10	149	2	11	12	6	-4.91017	-3.96425	-5.44078	-7.4178
829	1	4	2	2	6	3	17	-4.74227	-2.44123	-4.2322	-5.6124
830	2	165	73	147	220	190	104	-8.3677	-11.5862	-7.25962	-5.19834
831	4	7	10	4	42	25	1	-8.2654	-9.98135	-5.88577	-5.14025
832	7	2	2	2	11	12	6	-4.50903	-8.12092	-8.54459	-8.26338
833	1	6	60	24	12	28	1	-26.6961	-30.2793	-19.4186	-20.2146
834	2	1	12	3	2	1	5	-2.64672	-2.11218	-3.45366	-5.04497
835	33	39	65	79	104	77	17	-5.29858	-8.91082	-9.33506	-9.05376
836	4	7	10	4	1	7	1	-1.82482	-3.87386	-2.72326	-1.92007
837	1	2	3	4	5	9	3	-4.72374	-2.47905	-3.47413	-5.02246
838	2	1	21	3	2	1	5	-2.95307	-2.48675	-4.1746	-4.58964
839	2	1	12	3	2	1	5	-2.64672	-2.11218	-3.45366	-5.04497
840	4	7	10	4	1	7	1	-1.82482	-3.87386	-2.72326	-1.92007
841	2	4	1	2	7	1	5	-2.31483	-5.92121	-6.22266	-5.48117
842	184	39	30	82	113	43	17	-3.96204	-6.17724	-7.56736	-7.66413
843	4	7	10	4	1	7	1	-1.82482	-3.87386	-2.72326	-1.92007
844	2	4	1	2	2	1	5	-2.78597	-3.65996	-4.14858	-4.16904
845	4	7	10	4	1	7	1	-1.82482	-3.87386	-2.72326	-1.92007
846	2	1	12	88	2	1	5	-3.97129	-3.42721	-5.40849	-5.3755
847	2	1	21	3	2	1	5	-2.95307	-2.48675	-4.1746	-4.58964
848	1	2	3	4	5	9	3	-4.72374	-2.47905	-3.47413	-5.02246
849	4	7	10	4	1	7	1	-1.82482	-3.87386	-2.72326	-1.92007
850	2	1	21	3	2	1	5	-2.95307	-2.48675	-4.1746	-4.58964
851	8	10	2	2	11	12	6	-3.96242	-7.51822	-7.99054	-7.71687
852	2	4	1	2	2	1	5	-2.78597	-3.65996	-4.14858	-4.16904
853	2	4	1	2	2	1	5	-2.78597	-3.65996	-4.14858	-4.16904
854	2	4	2	2	6	1	5	-6.12975	-4.82481	-5.80657	-8.07083
855	2	4	1	2	2	1	5	-2.78597	-3.65996	-4.14858	-4.16904
856	2	4	1	2	2	1	5	-2.78597	-3.65996	-4.14858	-4.16904
857	2	4	1	2	2	1	5	-2.78597	-3.65996	-4.14858	-4.16904
858	1	2	3	4	5	9	3	-4.72374	-2.47905	-3.47413	-5.02246
859	2	4	1	2	2	1	5	-2.78597	-3.65996	-4.14858	-4.16904
860	2	4	1	2	2	1	5	-2.78597	-3.65996	-4.14858	-4.16904
861	8	10	2	2	11	12	6	-3.96242	-7.51822	-7.99054	-7.71687
862	2	1	5	3	2	3	5	-4.26274	-3.24878	-5.18022	-4.78765
863	33	39	30	82	104	173	68	-5.43912	-3.97092	-6.0982	-7.84808
864	2	4	1	2	7	1	5	-2.31483	-5.92121	-6.22266	-5.48117
865	8	10	2	2	11	12	6	-3.96242	-7.51822	-7.99054	-7.71687
866	2	4	1	2	7	1	5	-2.31483	-5.92121	-6.22266	-5.48117
867	1	2	3	4	5	9	3	-4.72374	-2.47905	-3.47413	-5.02246
868	1	2	215	4	90	24	8	-27.8925	-29.5636	-21.6276	-21.506
869	2	1	1	3	2	1	5	-4.64945	-3.7824	-5.89136	-7.4689
870	10	81	50	99	120	76	52	-6.64637	-6.39628	-5.305	-5.14477
871	2	4	1	2	7	1	5	-2.31483	-5.92121	-6.22266	-5.48117
872	2	1	12	3	2	1	5	-2.64672	-2.11218	-3.45366	-5.04497
873	2	4	1	2	2	1	5	-2.78597	-3.65996	-4.14858	-4.16904
874	2	4	1	2	2	1	5	-2.78597	-3.65996	-4.14858	-4.16904
875	2	4	1	2	2	1	5	-2.78597	-3.65996	-4.14858	-4.16904
876	2	1	5	3	2	3	5	-4.26274	-3.24878	-5.18022	-4.78765
877	2	4	1	2	2	1	5	-2.78597	-3.65996	-4.14858	-4.16904
878	4	7	10	4	1	7	1	-1.82482	-3.87386	-2.72326	-1.92007
879	2	4	1	2	7	1	5	-2.31483	-5.92121	-6.22266	-5.48117
880	2	4	5	2	2	5	5	-3.68	-7.277	-7.28494	-6.0145
881	2	4	1	2	2	1	5	-2.78597	-3.65996	-4.14858	-4.16904
882	8	10	2	2	11	12	6	-3.96242	-7.51822	-7.99054	-7.71687
883	4	7	10	4	1	7	1	-1.82482	-3.87386	-2.72326	-1.92007
884	2	4	1	2	2	1	5	-2.78597	-3.65996	-4.14858	-4.16904
885	166	2	1	10	17	3	1	-33.5104	-36.0028	-31.5663	-29.9878
886	2	4	1	2	7	1	5	-2.31483	-5.92121	-6.22266	-5.48117
887	2	4	1	2	2	1	5	-2.78597	-3.65996	-4.14858	-4.16904
888	4	7	10	4	1	7	1	-1.82482	-3.87386	-2.72326	-1.92007
889	4	7	10	4	1	7	1	-1.82482	-3.87386	-2.72326	-1.92007
890	2	4	1	2	7	1	5	-2.31483	-5.92121	-6.22266	-5.48117
891	2	4	1	2	2	1	5	-2.78597	-3.65996	-4.14858	-4.16904
892	2	1	5	3	2	3	5	-4.26274	-3.24878	-5.18022	-4.78765
893	9	25	2	10	22	3	6	-4.4623	-8.04977	-6.30209	-4.33369
894	2	1	21	3	62	1	5	-5.80377	-9.40287	-9.83377	-9.55525
895	129	66	30	82	189	47	17	-3.25109	-4.91926	-5.723	-4.15505
896	129	66	30	82	189	47	17	-3.25109	-4.91926	-5.723	-4.15505
897	4	7	10	4	1	7	1	-1.82482	-3.87386	-2.72326	-1.92007
898	2	4	1	2	2	1	5	-2.78597	-3.65996	-4.14858	-4.16904
899	4	7	10	4	42	7	1	-6.50428	-9.37691	-5.70454	-4.62131
900	2	4	1	2	7	1	5	-2.31483	-5.92121	-6.22266	-5.48117
901	1	307	3	4	5	9	3	-6.86055	-6.41628	-6.09079	-8.57563
902	2	1	21	3	2	1	5	-2.95307	-2.48675	-4.1746	-4.58964
903	4	7	10	4	1	7	1	-1.82482	-3.87386	-2.72326	-1.92007
904	2	1	21	3	2	1	5	-2.95307	-2.48675	-4.1746	-4.58964
905	2	4	1	2	2	5	5	-6.83977	-6.40233	-8.42523	-9.82406
906	2	4	1	2	7	1	5	-2.31483	-5.92121	-6.22266	-5.48117
907	2	4	1	2	7	1	5	-2.31483	-5.92121	-6.22266	-5.48117
908	2	4	1	2	7	1	5	-2.31483	-5.92121	-6.22266	-5.48117
909	4	7	10	4	1	7	1	-1.82482	-3.87386	-2.72326	-1.92007
910	8	10	2	2	11	12	6	-3.96242	-7.51822	-7.99054	-7.71687
911	7	21	5	62	4	61	44	-7.767	-3.82123	-5.38507	-7.62983
912	2	1	12	88	2	1	5	-3.97129	-3.42721	-5.40849	-5.3755
913	2	4	1	2	2	1	5	-2.78597	-3.65996	-4.14858	-4.16904
914	1	2	3	4	5	9	3	-4.72374	-2.47905	-3.47413	-5.02246
915	2	4	1	2	7	1	5	-2.31483	-5.92121	-6.22266	-5.48117
916	2	4	1	2	2	1	5	-2.78597	-3.65996	-4.14858	-4.16904
917	2	4	1	2	2	1	5	-2.78597	-3.65996	-4.14858	-4.16904
918	2	4	1	2	7	1	5	-2.31483	-5.92121	-6.22266	-5.48117
919	4	7	10	4	1	7	1	-1.82482	-3.87386	-2.72326	-1.92007
920	2	1	5	3	2	3	5	-4.26274	-3.24878	-5.18022	-4.78765
921	2	4	1	2	7	1	5	-2.31483	-5.92121	-6.22266	-5.48117
922	2	4	1	2	2	1	5	-2.78597	-3.65996	-4.14858	-4.16904
923	8	10	2	2	11	12	6	-3.96242	-7.51822	-7.99054	-7.71687
924	2	1	12	3	2	1	5	-2.64672	-2.11218	-3.45366	-5.04497
925	48	7	10	4	183	7	1	-8.44436	-11.5851	-7.93294	-7.48093
926	7	21	5	62	4	61	44	-7.767	-3.82123	-5.38507	-7.62983
927	4	7	10	4	1	7	1	-1.82482	-3.87386	-2.72326	-1.92007
928	9	25	2	10	22	3	6	-4.4623	-8.04977	-6.30209	-4.33369
929	2	4	1	2	2	1	5	-2.78597	-3.65996	-4.14858	-4.16904
930	2	4	1	2	7	1	5	-2.31483	-5.92121	-6.22266	-5.48117
931	2	4	1	2	2	1	5	-2.78597	-3.65996	-4.14858	-4.16904
932	2	4	1	2	2	1	5	-2.78597	-3.65996	-4.14858	-4.16904
933	9	25	2	10	22	3	6	-4.4623	-8.04977	-6.30209	-4.33369
934	2	4	1	2	2	1	5	-2.78597	-3.65996	-4.14858	-4.16904
935	2	4	1	2	2	1	5	-2.78597	-3.65996	-4.14858	-4.16904
936	2	4	1	2	7	1	5	-2.31483	-5.92121	-6.22266	-5.48117
937	2	4	1	2	7	1	5	-2.31483	-5.92121	-6.22266	-5.48117
938	2	4	1	2	2	1	5	-2.78597	-3.65996	-4.14858	-4.16904
939	2	4	1	2	2	1	5	-2.78597	-3.65996	-4.14858	-4.16904
940	4	7	10	4	1	7	1	-1.82482	-3.87386	-2.72326	-1.92007
941	2	4	1	2	2	1	5	-2.78597	-3.65996	-4.14858	-4.16904
942	4	7	10	4	1	7	1	-1.82482	-3.87386	-2.72326	-1.92007
943	2	4	1	2	7	1	5	-2.31483	-5.92121	-6.22266	-5.48117
944	2	4	1	2	2	1	5	-2.78597	-3.65996	-4.14858	-4.16904
945	4	7	10	4	1	7	1	-1.82482	-3.87386	-2.72326	-1.92007
946	9	25	2	10	22	3	6	-4.4623	-8.04977	-6.30209	-4.33369
947	10	81	50	99	120	76	52	-6.64637	-6.39628	-5.305	-5.14477
948	2	1	21	3	2	1	5	-2.95307	-2.48675	-4.1746	-4.58964
949	4	7	10	4	1	7	1	-1.82482	-3.87386	-2.72326	-1.92007
950	2	4	1	2	7	1	5	-2.31483	-5.92121	-6.22266	-5.48117
951	4	7	10	4	1	7	1	-1.82482	-3.87386	-2.72326	-1.92007
952	4	7	10	4	1	7	1	-1.82482	-3.87386	-2.72326	-1.92007
953	8	315	2	2	11	12	6	-7.31736	-11.4201	-10.6212	-10.5267
954	8	10	2	2	11	12	6	-3.96242	-7.51822	-7.99054	-7.71687
955	2	4	1	2	2	1	5	-2.78597	-3.65996	-4.14858	-4.16904
956	4	7	10	4	1	7	1	-1.82482	-3.87386	-2.72326	-1.92007
957	2	4	1	2	2	1	5	-2.78597	-3.65996	-4.14858	-4.16904
958	2	4	1	2	2	1	5	-2.78597	-3.65996	-4.14858	-4.16904
959	2	4	1	2	2	1	5	-2.78597	-3.65996	-4.14858	-4.16904
960	2	4	1	2	7	1	5	-2.31483	-5.92121	-6.22266	-5.48117
961	2	4	1	2	2	1	5	-2.78597	-3.65996	-4.14858	-4.16904
962	2	4	1	2	2	1	5	-2.78597	-3.65996	-4.14858	-4.16904
963	2	1	21	3	2	1	5	-2.95307	-2.48675	-4.1746	-4.58964
964	2	4	1	2	2	1	5	-2.78597	-3.65996	-4.14858	-4.16904
965	1	4	2	2	2	3	17	-11.4072	-7.80713	-10.1643	-12.2646
966	2	4	1	2	2	1	5	-2.78597	-3.65996	-4.14858	-4.16904
967	2	4	1	2	2	1	5	-2.78597	-3.65996	-4.14858	-4.16904
968	7	21	5	62	4	61	44	-7.767	-3.82123	-5.38507	-7.62983
969	2	4	1	2	2	1	5	-2.78597	-3.65996	-4.14858	-4.16904
970	4	7	10	4	1	7	1	-1.82482	-3.87386	-2.72326	-1.92007
971	2	4	1	2	2	1	5	-2.78597	-3.65996	-4.14858	-4.16904
972	10	1	16	19	10	5	7	-6.54512	-2.73804	-4.00856	-5.22289
973	8	10	2	2	11	12	6	-3.96242	-7.51822	-7.99054	-7.71687
974	4	7	10	4	1	7	1	-1.82482	-3.87386	-2.72326	-1.92007
975	2	4	2	2	6	1	5	-6.12975	-4.82481	-5.80657	-8.07083
976	2	4	1	2	2	1	5	-2.78597	-3.65996	-4.14858	-4.16904
977	2	4	1	2	2	1	5	-2.78597	-3.65996	-4.14858	-4.16904
978	2	1	12	3	2	1	5	-2.64672	-2.11218	-3.45366	-5.04497
979	2	1	21	3	2	1	5	-2.95307	-2.48675	-4.1746	-4.58964
980	1	4	2	2	6	3	17	-4.74227	-2.44123	-4.2322	-5.6124
981	9	2	4	62	4	5	6	-3.72572	-5.22563	-5.80547	-7.15892
982	9	2	4	62	4	5	6	-3.72572	-5.22563	-5.80547	-7.15892
983	2	4	1	2	2	1	5	-2.78597	-3.65996	-4.14858	-4.16904
984	9	25	2	10	22	3	6	-4.4623	-8.04977	-6.30209	-4.33369
985	2	1	12	3	2	1	5	-2.64672	-2.11218	-3.45366	-5.04497
986	2	4	1	2	2	1	5	-2.78597	-3.65996	-4.14858	-4.16904
987	2	4	1	2	2	1	5	-2.78597	-3.65996	-4.14858	-4.16904
988	2	4	1	2	2	1	5	-2.78597	-3.65996	-4.14858	-4.16904
989	1	4	2	2	6	3	17	-4.74227	-2.44123	-4.2322	-5.6124
990	1	4	2	2	6	3	17	-4.74227	-2.44123	-4.2322	-5.6124
991	9	25	2	10	22	3	6	-4.4623	-8.04977	-6.30209	-4.33369
992	1	4	2	2	6	3	17	-4.74227	-2.44123	-4.2322	-5.6124
993	2	4	1	2	2	1	5	-2.78597	-3.65996	-4.14858	-4.16904
994	2	4	1	2	2	1	5	-2.78597	-3.65996	-4.14858	-4.16904
995	8	10	2	2	11	12	6	-3.96242	-7.51822	-7.99054	-7.71687
996	2	4	1	2	2	1	5	-2.78597	-3.65996	-4.14858	-4.16904
997	2	1	5	3	2	5	5	-5.71809	-2.82285	-3.9366	-5.60693
998	8	10	2	2	11	12	6	-3.96242	-7.51822	-7.99054	-7.71687
999	2	4	1	2	2	1	5	-2.78597	-3.65996	-4.14858	-4.16904
1000	2	4	1	2	2	1	5	-2.78597	-3.65996	-4.14858	-4.16904
1001	2	1	21	3	2	1	5	-2.95307	-2.48675	-4.1746	-4.58964
1002	1	2	4	62	4	5	17	-6.14541	-4.84052	-6.95972	-8.67211
1003	2	1	12	3	2	1	5	-2.64672	-2.11218	-3.45366	-5.04497
1004	2	4	1	2	7	1	5	-2.31483	-5.92121	-6.22266	-5.48117
1005	1	307	3	4	5	9	3	-6.86055	-6.41628	-6.09079	-8.57563
1006	2	4	2	4	19	3	6	-5.80607	-9.4146	-9.83747	-9.55285
1007	2	4	1	2	2	1	5	-2.78597	-3.65996	-4.14858	-4.16904
1008	1	4	2	2	6	3	17	-4.74227	-2.44123	-4.2322	-5.6124
1009	9	25	2	10	22	3	6	-4.4623	-8.04977	-6.30209	-4.33369
1010	4	7	10	4	1	7	1	-1.82482	-3.87386	-2.72326	-1.92007
1011	2	4	1	2	2	1	5	-2.78597	-3.65996	-4.14858	-4.16904
1012	10	1	16	19	10	5	7	-6.54512	-2.73804	-4.00856	-5.22289
1013	2	1	21	3	2	1	5	-2.95307	-2.48675	-4.1746	-4.58964
1014	4	7	10	4	1	7	1	-1.82482	-3.87386	-2.72326	-1.92007
1015	2	4	1	2	2	1	5	-2.78597	-3.65996	-4.14858	-4.16904
1016	1	2	3	4	5	9	3	-4.72374	-2.47905	-3.47413	-5.02246
1017	9	316	4	62	4	5	6	-6.87989	-6.44474	-8.52067	-9.93858
1018	9	25	2	10	22	3	6	-4.4623	-8.04977	-6.30209	-4.33369
1019	1	307	3	4	5	9	3	-6.86055	-6.41628	-6.09079	-8.57563
1020	2	4	1	2	2	1	5	-2.78597	-3.65996	-4.14858	-4.16904
1021	9	25	2	10	22	3	6	-4.4623	-8.04977	-6.30209	-4.33369
1022	2	4	1	2	2	1	5	-2.78597	-3.65996	-4.14858	-4.16904
1023	2	1	12	3	2	1	5	-2.64672	-2.11218	-3.45366	-5.04497
1024	2	1	5	3	2	5	5	-5.71809	-2.82285	-3.9366	-5.60693
1025	2	4	1	2	2	1	5	-2.78597	-3.65996	-4.14858	-4.16904
1026	2	1	12	3	2	1	5	-2.64672	-2.11218	-3.45366	-5.04497
1027	2	1	12	3	2	1	5	-2.64672	-2.11218	-3.45366	-5.04497
1028	10	1	16	19	10	5	7	-6.54512	-2.73804	-4.00856	-5.22289
1029	4	7	10	4	1	7	1	-1.82482	-3.87386	-2.72326	-1.92007
1030	2	4	1	2	2	1	5	-2.78597	-3.65996	-4.14858	-4.16904
1031	2	1	12	88	2	1	5	-3.97129	-3.42721	-5.40849	-5.3755
1032	2	1	21	3	2	1	5	-2.95307	-2.48675	-4.1746	-4.58964
1033	1	2	3	4	5	9	3	-4.72374	-2.47905	-3.47413	-5.02246
1034	8	10	2	2	11	12	6	-3.96242	-7.51822	-7.99054	-7.71687
1035	2	1	12	88	2	1	5	-3.97129	-3.42721	-5.40849	-5.3755
1036	33	39	30	82	104	173	68	-5.43912	-3.97092	-6.0982	-7.84808
1037	1	2	3	4	5	9	3	-4.72374	-2.47905	-3.47413	-5.02246
1038	9	25	2	10	22	3	6	-4.4623	-8.04977	-6.30209	-4.33369
1039	2	4	1	2	2	1	5	-2.78597	-3.65996	-4.14858	-4.16904
1040	8	10	2	2	11	12	6	-3.96242	-7.51822	-7.99054	-7.71687
1041	1	2	4	62	4	5	17	-6.14541	-4.84052	-6.95972	-8.67211
1042	10	1	16	19	10	5	7	-6.54512	-2.73804	-4.00856	-5.22289
1043	33	39	30	82	104	173	68	-5.43912	-3.97092	-6.0982	-7.84808
1044	2	4	1	2	2	1	5	-2.78597	-3.65996	-4.14858	-4.16904
1045	8	10	2	2	11	12	6	-3.96242	-7.51822	-7.99054	-7.71687
1046	2	1	5	3	2	5	5	-5.71809	-2.82285	-3.9366	-5.60693
1047	47	2	4	2	6	5	17	-10.8169	-10.2028	-6.19278	-8.87511
1048	1	2	3	4	5	9	3	-4.72374	-2.47905	-3.47413	-5.02246
1049	4	7	10	4	1	7	1	-1.82482	-3.87386	-2.72326	-1.92007
1050	2	1	5	3	2	3	5	-4.26274	-3.24878	-5.18022	-4.78765
1051	2	4	2	2	6	1	5	-6.12975	-4.82481	-5.80657	-8.07083
1052	2	4	1	2	2	1	5	-2.78597	-3.65996	-4.14858	-4.16904
1053	8	10	149	2	11	12	6	-4.91017	-3.96425	-5.44078	-7.4178
1054	9	25	2	10	22	3	6	-4.4623	-8.04977	-6.30209	-4.33369
1055	2	4	1	2	2	1	5	-2.78597	-3.65996	-4.14858	-4.16904
1056	1	2	3	4	5	9	3	-4.72374	-2.47905	-3.47413	-5.02246
1057	2	1	12	3	2	1	5	-2.64672	-2.11218	-3.45366	-5.04497
1058	4	7	10	4	42	51	1	-2.93347	-4.67989	-5.03548	-3.81126
1059	2	4	1	2	2	1	5	-2.78597	-3.65996	-4.14858	-4.16904
1060	2	1	1	3	2	1	5	-4.64945	-3.7824	-5.89136	-7.4689
1061	2	4	1	2	7	1	5	-2.31483	-5.92121	-6.22266	-5.48117
1062	8	10	2	2	11	12	6	-3.96242	-7.51822	-7.99054	-7.71687
1063	2	4	1	2	2	1	5	-2.78597	-3.65996	-4.14858	-4.16904
1064	9	2	4	62	4	5	6	-3.72572	-5.22563	-5.80547	-7.15892
1065	2	4	1	2	2	1	5	-2.78597	-3.65996	-4.14858	-4.16904
1066	4	7	10	4	1	7	1	-1.82482	-3.87386	-2.72326	-1.92007
1067	8	10	2	2	11	12	6	-3.96242	-7.51822	-7.99054	-7.71687
1068	2	4	2	2	6	1	5	-6.12975	-4.82481	-5.80657	-8.07083
1069	2	4	2	2	6	1	5	-6.12975	-4.82481	-5.80657	-8.07083
1070	2	4	2	2	6	1	5	-6.12975	-4.82481	-5.80657	-8.07083
1071	2	4	2	2	6	1	5	-6.12975	-4.82481	-5.80657	-8.07083
1072	2	4	1	2	2	1	5	-2.78597	-3.65996	-4.14858	-4.16904
1073	2	4	1	2	2	1	5	-2.78597	-3.65996	-4.14858	-4.16904
1074	2	1	12	3	2	1	5	-2.64672	-2.11218	-3.45366	-5.04497
1075	2	4	1	2	7	1	5	-2.31483	-5.92121	-6.22266	-5.48117
1076	4	7	10	4	42	51	1	-2.93347	-4.67989	-5.03548	-3.81126
1077	2	4	1	2	2	1	5	-2.78597	-3.65996	-4.14858	-4.16904
1078	8	10	2	2	11	12	6	-3.96242	-7.51822	-7.99054	-7.71687
1079	1	2	3	4	5	9	3	-4.72374	-2.47905	-3.47413	-5.02246
1080	1	2	3	4	5	9	3	-4.72374	-2.47905	-3.47413	-5.02246
1081	10	1	16	19	10	5	7	-6.54512	-2.73804	-4.00856	-5.22289
1082	8	10	2	2	11	12	6	-3.96242	-7.51822	-7.99054	-7.71687
1083	4	7	10	4	1	7	1	-1.82482	-3.87386	-2.72326	-1.92007
1084	2	4	1	2	2	1	5	-2.78597	-3.65996	-4.14858	-4.16904
1085	2	4	1	2	7	1	5	-2.31483	-5.92121	-6.22266	-5.48117
1086	2	1	21	3	2	1	5	-2.95307	-2.48675	-4.1746	-4.58964
1087	2	1	12	3	2	1	5	-2.64672	-2.11218	-3.45366	-5.04497
1088	2	4	2	4	19	3	6	-5.80607	-9.4146	-9.83747	-9.55285
1089	8	10	149	2	11	12	6	-4.91017	-3.96425	-5.44078	-7.4178
1090	8	10	2	2	11	12	6	-3.96242	-7.51822	-7.99054	-7.71687
1091	2	1	12	3	2	1	5	-2.64672	-2.11218	-3.45366	-5.04497
1092	2	1	12	3	2	1	5	-2.64672	-2.11218	-3.45366	-5.04497
1093	2	1	5	3	2	3	5	-4.26274	-3.24878	-5.18022	-4.78765
1094	184	39	30	82	113	43	17	-3.96204	-6.17724	-7.56736	-7.66413
1095	2	1	12	3	2	1	5	-2.64672	-2.11218	-3.45366	-5.04497
1096	2	4	1	2	2	1	5	-2.78597	-3.65996	-4.14858	-4.16904
1097	4	7	10	4	1	7	1	-1.82482	-3.87386	-2.72326	-1.92007
1098	8	10	2	2	11	12	6	-3.96242	-7.51822	-7.99054	-7.71687
1099	4	7	10	4	1	7	1	-1.82482	-3.87386	-2.72326	-1.92007
1100	4	7	10	4	42	51	1	-2.93347	-4.67989	-5.03548	-3.81126
1101	9	25	2	10	22	3	6	-4.4623	-8.04977	-6.30209	-4.33369
1102	9	2	4	62	4	5	6	-3.72572	-5.22563	-5.80547	-7.15892
1103	4	7	10	4	1	7	1	-1.82482	-3.87386	-2.72326	-1.92007
1104	2	4	1	2	7	1	5	-2.31483	-5.92121	-6.22266	-5.48117
1105	4	7	10	4	1	7	1	-1.82482	-3.87386	-2.72326	-1.92007
1106	8	10	2	2	11	12	6	-3.96242	-7.51822	-7.99054	-7.71687
1107	2	4	1	2	2	1	5	-2.78597	-3.65996	-4.14858	-4.16904
1108	4	7	10	4	42	51	1	-2.93347	-4.67989	-5.03548	-3.81126
1109	1	2	3	4	5	9	3	-4.72374	-2.47905	-3.47413	-5.02246
1110	2	1	12	3	2	1	5	-2.64672	-2.11218	-3.45366	-5.04497
1111	2	4	1	2	2	1	5	-2.78597	-3.65996	-4.14858	-4.16904
1112	10	81	50	99	120	76	52	-6.64637	-6.39628	-5.305	-5.14477
1113	2	4	1	2	2	1	5	-2.78597	-3.65996	-4.14858	-4.16904
1114	4	7	10	4	42	51	1	-2.93347	-4.67989	-5.03548	-3.81126
1115	4	7	10	4	42	51	1	-2.93347	-4.67989	-5.03548	-3.81126
1116	4	7	10	4	1	7	1	-1.82482	-3.87386	-2.72326	-1.92007
1117	3	1	5	10	11	11	6	-10.4533	-6.45793	-8.61003	-10.6039
1118	10	81	50	99	120	76	52	-6.64637	-6.39628	-5.305	-5.14477
1119	2	4	1	2	2	1	5	-2.78597	-3.65996	-4.14858	-4.16904
1120	4	7	10	4	1	7	1	-1.82482	-3.87386	-2.72326	-1.92007
1121	4	7	10	4	1	7	1	-1.82482	-3.87386	-2.72326	-1.92007
1122	4	7	10	4	42	51	1	-2.93347	-4.67989	-5.03548	-3.81126
1123	2	1	12	3	2	1	5	-2.64672	-2.11218	-3.45366	-5.04497
1124	2	4	1	2	2	1	5	-2.78597	-3.65996	-4.14858	-4.16904
1125	2	1	1	3	2	1	5	-4.64945	-3.7824	-5.89136	-7.4689
1126	2	4	1	2	2	1	5	-2.78597	-3.65996	-4.14858	-4.16904
1127	2	4	1	2	2	1	5	-2.78597	-3.65996	-4.14858	-4.16904
1128	2	4	1	2	2	1	5	-2.78597	-3.65996	-4.14858	-4.16904
1129	2	4	1	2	2	1	5	-2.78597	-3.65996	-4.14858	-4.16904
1130	1	2	3	4	5	9	3	-4.72374	-2.47905	-3.47413	-5.02246
1131	8	10	2	2	11	12	6	-3.96242	-7.51822	-7.99054	-7.71687
1132	2	1	21	3	2	1	5	-2.95307	-2.48675	-4.1746	-4.58964
1133	2	4	1	2	2	1	5	-2.78597	-3.65996	-4.14858	-4.16904
1134	2	1	21	3	2	1	5	-2.95307	-2.48675	-4.1746	-4.58964
1135	2	1	21	3	2	1	5	-2.95307	-2.48675	-4.1746	-4.58964
1136	2	4	1	2	2	1	5	-2.78597	-3.65996	-4.14858	-4.16904
1137	1	2	3	4	5	9	3	-4.72374	-2.47905	-3.47413	-5.02246
1138	10	1	16	19	10	5	7	-6.54512	-2.73804	-4.00856	-5.22289
1139	2	1	12	3	2	1	5	-2.64672	-2.11218	-3.45366	-5.04497
1140	7	21	5	62	4	61	44	-7.767	-3.82123	-5.38507	-7.62983
1141	2	4	1	2	2	1	5	-2.78597	-3.65996	-4.14858	-4.16904
1142	2	1	12	3	2	1	5	-2.64672	-2.11218	-3.45366	-5.04497
1143	2	4	1	2	7	1	5	-2.31483	-5.92121	-6.22266	-5.48117
1144	2	1	5	3	2	3	5	-4.26274	-3.24878	-5.18022	-4.78765
1145	2	1	21	3	2	1	5	-2.95307	-2.48675	-4.1746	-4.58964
1146	2	1	21	3	2	1	5	-2.95307	-2.48675	-4.1746	-4.58964
1147	2	1	21	3	2	1	5	-2.95307	-2.48675	-4.1746	-4.58964
1148	2	1	21	3	2	1	5	-2.95307	-2.48675	-4.1746	-4.58964
1149	2	1	12	3	2	1	5	-2.64672	-2.11218	-3.45366	-5.04497
1150	8	10	2	2	11	12	6	-3.96242	-7.51822	-7.99054	-7.71687
1151	129	66	30	82	189	47	17	-3.25109	-4.91926	-5.723	-4.15505
1152	1	307	3	4	5	9	3	-6.86055	-6.41628	-6.09079	-8.57563
1153	8	10	2	2	11	12	6	-3.96242	-7.51822	-7.99054	-7.71687
1154	2	4	2	2	6	1	5	-6.12975	-4.82481	-5.80657	-8.07083
1155	1	4	2	2	6	3	17	-4.74227	-2.44123	-4.2322	-5.6124
1156	2	4	1	2	2	1	5	-2.78597	-3.65996	-4.14858	-4.16904
1157	8	10	2	2	11	12	6	-3.96242	-7.51822	-7.99054	-7.71687
1158	2	4	2	2	6	1	5	-6.12975	-4.82481	-5.80657	-8.07083
1159	2	1	21	3	2	1	5	-2.95307	-2.48675	-4.1746	-4.58964
1160	2	4	5	2	2	5	5	-3.68	-7.277	-7.28494	-6.0145
1161	7	21	5	62	4	61	44	-7.767	-3.82123	-5.38507	-7.62983
1162	2	1	12	3	2	1	5	-2.64672	-2.11218	-3.45366	-5.04497
1163	10	27	16	19	10	5	7	-20.9484	-12.9332	-15.4074	-17.5595
1164	33	283	44	82	189	44	17	-7.30215	-3.46257	-5.13232	-6.0038
1165	9	25	2	10	22	3	6	-4.4623	-8.04977	-6.30209	-4.33369
1166	7	21	5	62	4	61	44	-7.767	-3.82123	-5.38507	-7.62983
1167	2	1	5	3	2	3	5	-4.26274	-3.24878	-5.18022	-4.78765
1168	2	1	5	3	2	3	5	-4.26274	-3.24878	-5.18022	-4.78765
1169	9	25	2	10	22	3	6	-4.4623	-8.04977	-6.30209	-4.33369
1170	2	1	5	3	2	3	5	-4.26274	-3.24878	-5.18022	-4.78765
1171	2	4	1	2	2	1	5	-2.78597	-3.65996	-4.14858	-4.16904
1172	129	66	30	82	189	47	17	-3.25109	-4.91926	-5.723	-4.15505
1173	2	4	1	2	2	1	5	-2.78597	-3.65996	-4.14858	-4.16904
1174	2	1	5	3	2	3	5	-4.26274	-3.24878	-5.18022	-4.78765
1175	2	1	12	3	2	1	5	-2.64672	-2.11218	-3.45366	-5.04497
1176	2	4	1	2	2	1	5	-2.78597	-3.65996	-4.14858	-4.16904
1177	1	4	2	2	6	3	17	-4.74227	-2.44123	-4.2322	-5.6124
1178	2	1	12	3	2	1	5	-2.64672	-2.11218	-3.45366	-5.04497
1179	1	4	2	2	446	3	17	-8.09059	-6.30884	-6.83862	-8.409
1180	2	1	5	88	2	11	5	-9.14203	-5.33804	-5.94683	-8.44243
1181	2	4	2	2	6	1	5	-6.12975	-4.82481	-5.80657	-8.07083
1182	9	25	2	10	22	3	6	-4.4623	-8.04977	-6.30209	-4.33369
1183	2	1	5	3	2	3	5	-4.26274	-3.24878	-5.18022	-4.78765
1184	7	21	5	62	4	61	44	-7.767	-3.82123	-5.38507	-7.62983
1185	1	2	3	4	5	9	3	-4.72374	-2.47905	-3.47413	-5.02246
1186	2	4	1	2	2	1	5	-2.78597	-3.65996	-4.14858	-4.16904
1187	7	21	5	62	4	61	44	-7.767	-3.82123	-5.38507	-7.62983
1188	33	39	30	82	104	173	68	-5.43912	-3.97092	-6.0982	-7.84808
1189	1	4	2	2	6	3	17	-4.74227	-2.44123	-4.2322	-5.6124
1190	2	1	21	3	2	1	5	-2.95307	-2.48675	-4.1746	-4.58964
1191	4	7	10	4	1	7	1	-1.82482	-3.87386	-2.72326	-1.92007
1192	2	1	5	3	2	5	5	-5.71809	-2.82285	-3.9366	-5.60693
1193	1	4	2	2	6	3	17	-4.74227	-2.44123	-4.2322	-5.6124
1194	2	4	1	2	2	1	5	-2.78597	-3.65996	-4.14858	-4.16904
1195	2	4	1	2	2	1	5	-2.78597	-3.65996	-4.14858	-4.16904
1196	2	1	12	3	2	1	5	-2.64672	-2.11218	-3.45366	-5.04497
1197	2	1	6	3	2	3	5	-6.61497	-7.12402	-7.65948	-7.184
1198	4	7	10	4	1	7	1	-1.82482	-3.87386	-2.72326	-1.92007
1199	2	4	1	2	7	1	5	-2.31483	-5.92121	-6.22266	-5.48117
1200	2	1	1	3	2	1	5	-4.64945	-3.7824	-5.89136	-7.4689
1201	2	4	1	2	2	1	5	-2.78597	-3.65996	-4.14858	-4.16904
1202	7	2	5	2	10	3	6	-31.877	-28.0804	-28.7056	-29.0332
1203	2	1	21	3	2	1	5	-2.95307	-2.48675	-4.1746	-4.58964
1204	2	4	1	2	7	1	5	-2.31483	-5.92121	-6.22266	-5.48117
1205	4	7	10	4	1	7	1	-1.82482	-3.87386	-2.72326	-1.92007
1206	2	4	1	2	7	1	5	-2.31483	-5.92121	-6.22266	-5.48117
1207	2	4	1	2	2	1	5	-2.78597	-3.65996	-4.14858	-4.16904
1208	1	4	2	2	6	3	17	-4.74227	-2.44123	-4.2322	-5.6124
1209	2	4	1	2	2	1	5	-2.78597	-3.65996	-4.14858	-4.16904
1210	2	4	1	2	2	1	5	-2.78597	-3.65996	-4.14858	-4.16904
1211	74	10	2	2	11	12	6	-7.31737	-11.4201	-10.6213	-10.5272
1212	1	2	3	4	5	9	3	-4.72374	-2.47905	-3.47413	-5.02246
1213	2	1	5	3	2	3	5	-4.26274	-3.24878	-5.18022	-4.78765
1214	4	7	10	4	1	7	1	-1.82482	-3.87386	-2.72326	-1.92007
1215	2	4	2	2	6	1	5	-6.12975	-4.82481	-5.80657	-8.07083
1216	2	1	12	3	2	1	5	-2.64672	-2.11218	-3.45366	-5.04497
1217	2	1	21	3	2	1	5	-2.95307	-2.48675	-4.1746	-4.58964
1218	2	4	1	2	2	1	5	-2.78597	-3.65996	-4.14858	-4.16904
1219	2	1	21	3	2	1	5	-2.95307	-2.48675	-4.1746	-4.58964
1220	4	7	10	4	1	7	1	-1.82482	-3.87386	-2.72326	-1.92007
1221	2	1	21	3	2	1	5	-2.95307	-2.48675	-4.1746	-4.58964
1222	2	4	1	2	2	1	5	-2.78597	-3.65996	-4.14858	-4.16904
1223	4	7	10	4	1	7	1	-1.82482	-3.87386	-2.72326	-1.92007
1224	2	4	1	2	2	1	5	-2.78597	-3.65996	-4.14858	-4.16904
1225	4	7	10	4	1	7	1	-1.82482	-3.87386	-2.72326	-1.92007
1226	4	7	10	4	42	51	1	-2.93347	-4.67989	-5.03548	-3.81126
1227	4	7	10	4	42	7	1	-6.50428	-9.37691	-5.70454	-4.62131
1228	2	4	1	2	2	1	5	-2.78597	-3.65996	-4.14858	-4.16904
1229	2	1	5	3	2	3	5	-4.26274	-3.24878	-5.18022	-4.78765
1230	10	81	50	99	120	76	52	-6.64637	-6.39628	-5.305	-5.14477
1231	2	4	1	2	7	1	5	-2.31483	-5.92121	-6.22266	-5.48117
1232	2	4	1	2	7	1	5	-2.31483	-5.92121	-6.22266	-5.48117
1233	4	7	10	4	1	7	1	-1.82482	-3.87386	-2.72326	-1.92007
1234	1	4	2	2	6	3	17	-4.74227	-2.44123	-4.2322	-5.6124
1235	4	7	10	4	1	7	1	-1.82482	-3.87386	-2.72326	-1.92007
1236	2	4	1	2	2	1	5	-2.78597	-3.65996	-4.14858	-4.16904
1237	4	7	10	4	1	7	1	-1.82482	-3.87386	-2.72326	-1.92007
1238	4	7	10	4	42	51	1	-2.93347	-4.67989	-5.03548	-3.81126
1239	1	307	3	4	5	9	3	-6.86055	-6.41628	-6.09079	-8.57563
1240	2	4	2	2	6	1	5	-6.12975	-4.82481	-5.80657	-8.07083
1241	8	10	149	2	11	12	6	-4.91017	-3.96425	-5.44078	-7.4178
1242	2	1	12	3	2	1	5	-2.64672	-2.11218	-3.45366	-5.04497
1243	2	4	1	2	2	1	5	-2.78597	-3.65996	-4.14858	-4.16904
1244	2	4	1	2	2	1	5	-2.78597	-3.65996	-4.14858	-4.16904
1245	2	4	1	2	2	1	5	-2.78597	-3.65996	-4.14858	-4.16904
1246	4	7	10	4	42	51	1	-2.93347	-4.67989	-5.03548	-3.81126
1247	2	4	1	2	2	1	5	-2.78597	-3.65996	-4.14858	-4.16904
1248	2	4	1	2	2	1	5	-2.78597	-3.65996	-4.14858	-4.16904
1249	2	1	12	88	2	1	5	-3.97129	-3.42721	-5.40849	-5.3755
1250	1	4	2	2	6	3	17	-4.74227	-2.44123	-4.2322	-5.6124
1251	9	2	4	62	4	5	6	-3.72572	-5.22563	-5.80547	-7.15892
1252	2	4	1	2	7	1	5	-2.31483	-5.92121	-6.22266	-5.48117
1253	2	4	5	2	2	5	5	-3.68	-7.277	-7.28494	-6.0145
1254	2	1	21	3	2	1	5	-2.95307	-2.48675	-4.1746	-4.58964
1255	1	4	2	2	6	3	17	-4.74227	-2.44123	-4.2322	-5.6124
1256	2	1	21	3	2	1	5	-2.95307	-2.48675	-4.1746	-4.58964
1257	2	4	1	2	2	5	5	-6.83977	-6.40233	-8.42523	-9.82406
1258	2	1	12	3	2	1	5	-2.64672	-2.11218	-3.45366	-5.04497
1259	2	4	2	2	6	1	5	-6.12975	-4.82481	-5.80657	-8.07083
1260	2	4	1	2	2	1	5	-2.78597	-3.65996	-4.14858	-4.16904
1261	2	4	1	2	2	1	5	-2.78597	-3.65996	-4.14858	-4.16904
1262	1	307	3	4	5	9	3	-6.86055	-6.41628	-6.09079	-8.57563
1263	9	25	2	10	22	3	6	-4.4623	-8.04977	-6.30209	-4.33369
1264	2	1	1	380	2	1	5	-6.17996	-5.7318	-7.81628	-9.2386
1265	2	4	1	2	2	1	5	-2.78597	-3.65996	-4.14858	-4.16904
1266	2	4	1	2	2	1	5	-2.78597	-3.65996	-4.14858	-4.16904
1267	2	1	12	3	2	1	5	-2.64672	-2.11218	-3.45366	-5.04497
1268	1	2	3	4	5	9	3	-4.72374	-2.47905	-3.47413	-5.02246
1269	2	4	1	2	2	1	5	-2.78597	-3.65996	-4.14858	-4.16904
1270	2	4	1	2	2	1	5	-2.78597	-3.65996	-4.14858	-4.16904
1271	2	4	1	2	2	1	5	-2.78597	-3.65996	-4.14858	-4.16904
1272	1	2	3	4	5	9	3	-4.72374	-2.47905	-3.47413	-5.02246
1273	9	2	2	212	309	253	147	-24.4673	-26.4349	-22.4229	-22.4267
1274	2	1	21	3	2	1	5	-2.95307	-2.48675	-4.1746	-4.58964
1275	47	2	4	2	6	5	17	-10.8169	-10.2028	-6.19278	-8.87511
1276	1	2	3	4	5	9	3	-4.72374	-2.47905	-3.47413	-5.02246
1277	2	4	1	2	2	1	5	-2.78597	-3.65996	-4.14858	-4.16904
1278	2	4	1	2	2	1	5	-2.78597	-3.65996	-4.14858	-4.16904
1279	9	2	4	62	4	5	6	-3.72572	-5.22563	-5.80547	-7.15892
1280	2	1	12	3	2	1	5	-2.64672	-2.11218	-3.45366	-5.04497
1281	2	4	1	2	2	1	5	-2.78597	-3.65996	-4.14858	-4.16904
1282	2	4	1	2	7	1	5	-2.31483	-5.92121	-6.22266	-5.48117
1283	7	17	2	15	23	3	12	-6.90889	-10.5211	-10.9451	-10.6632
1284	2	1	1	3	2	1	5	-4.64945	-3.7824	-5.89136	-7.4689
1285	2	1	12	3	2	1	5	-2.64672	-2.11218	-3.45366	-5.04497
1286	2	4	1	2	2	1	5	-2.78597	-3.65996	-4.14858	-4.16904
1287	2	1	5	3	2	3	5	-4.26274	-3.24878	-5.18022	-4.78765
1288	2	4	1	2	2	1	5	-2.78597	-3.65996	-4.14858	-4.16904
1289	2	4	1	2	2	1	5	-2.78597	-3.65996	-4.14858	-4.16904
1290	1	4	2	2	6	3	17	-4.74227	-2.44123	-4.2322	-5.6124
1291	2	1	2	3	2	3	5	-3.76668	-7.26987	-7.78549	-7.50685
1292	2	1	5	3	2	3	5	-4.26274	-3.24878	-5.18022	-4.78765
1293	1	2	3	3	5	9	3	-11.8876	-8.07454	-9.67442	-12.2066
1294	4	7	10	4	42	51	1	-2.93347	-4.67989	-5.03548	-3.81126
1295	1	4	2	2	6	3	17	-4.74227	-2.44123	-4.2322	-5.6124
1296	2	1	5	3	2	3	5	-4.26274	-3.24878	-5.18022	-4.78765
1297	4	7	10	4	1	7	1	-1.82482	-3.87386	-2.72326	-1.92007
1298	2	4	1	2	2	1	5	-2.78597	-3.65996	-4.14858	-4.16904
1299	4	7	10	4	1	7	1	-1.82482	-3.87386	-2.72326	-1.92007
1300	2	1	21	3	2	1	5	-2.95307	-2.48675	-4.1746	-4.58964
1301	2	4	1	2	2	1	5	-2.78597	-3.65996	-4.14858	-4.16904
1302	4	7	10	4	1	7	1	-1.82482	-3.87386	-2.72326	-1.92007
1303	2	4	1	2	2	1	5	-2.78597	-3.65996	-4.14858	-4.16904
1304	2	1	5	3	2	5	5	-5.71809	-2.82285	-3.9366	-5.60693
1305	2	4	1	2	2	1	5	-2.78597	-3.65996	-4.14858	-4.16904
1306	2	1	21	3	2	1	5	-2.95307	-2.48675	-4.1746	-4.58964
1307	2	1	5	3	2	5	5	-5.71809	-2.82285	-3.9366	-5.60693
1308	1	4	2	2	6	3	17	-4.74227	-2.44123	-4.2322	-5.6124
1309	1	4	2	2	6	3	17	-4.74227	-2.44123	-4.2322	-5.6124
1310	2	1	5	3	2	3	5	-4.26274	-3.24878	-5.18022	-4.78765
1311	1	4	2	2	6	3	17	-4.74227	-2.44123	-4.2322	-5.6124
1312	2	4	1	2	2	1	5	-2.78597	-3.65996	-4.14858	-4.16904
1313	2	1	12	88	2	1	5	-3.97129	-3.42721	-5.40849	-5.3755
1314	2	1	5	3	2	3	5	-4.26274	-3.24878	-5.18022	-4.78765
1315	2	4	5	2	2	1	5	-6.17938	-9.24194	-9.28983	-9.58797
1316	2	4	1	2	2	1	5	-2.78597	-3.65996	-4.14858	-4.16904
1317	1	4	2	2	6	3	17	-4.74227	-2.44123	-4.2322	-5.6124
1318	2	1	21	3	2	1	5	-2.95307	-2.48675	-4.1746	-4.58964
1319	4	7	10	4	1	7	1	-1.82482	-3.87386	-2.72326	-1.92007
1320	1	2	3	4	5	9	3	-4.72374	-2.47905	-3.47413	-5.02246
1321	2	4	1	2	7	1	5	-2.31483	-5.92121	-6.22266	-5.48117
1322	4	7	10	4	1	7	1	-1.82482	-3.87386	-2.72326	-1.92007
1323	4	7	10	4	1	7	1	-1.82482	-3.87386	-2.72326	-1.92007
1324	1	4	2	2	6	3	17	-4.74227	-2.44123	-4.2322	-5.6124
1325	2	4	1	2	7	1	5	-2.31483	-5.92121	-6.22266	-5.48117
1326	4	7	10	4	1	7	1	-1.82482	-3.87386	-2.72326	-1.92007
1327	8	10	2	2	11	12	6	-3.96242	-7.51822	-7.99054	-7.71687
1328	969	7	10	4	1	7	1	-5.10284	-7.75925	-5.35244	-4.73201
1329	4	7	10	4	1	7	1	-1.82482	-3.87386	-2.72326	-1.92007
1330	10	27	16	942	10	5	7	-24.3033	-16.8357	-18.0385	-20.3696
1331	10	27	16	941	10	5	7	-24.3033	-16.8357	-18.0385	-20.3696
1332	4	7	10	4	1	7	1	-1.82482	-3.87386	-2.72326	-1.92007
1333	4	7	10	4	1	7	1	-1.82482	-3.87386	-2.72326	-1.92007
1334	129	66	30	82	189	47	17	-3.25109	-4.91926	-5.723	-4.15505
1335	4	7	10	4	1	7	1	-1.82482	-3.87386	-2.72326	-1.92007
1336	4	7	10	4	1	7	1	-1.82482	-3.87386	-2.72326	-1.92007
1337	2	4	1	2	2	1	5	-2.78597	-3.65996	-4.14858	-4.16904
1338	2	1	2	3	2	3	5	-3.76668	-7.26987	-7.78549	-7.50685
1339	10	27	16	19	10	5	7	-20.9484	-12.9332	-15.4074	-17.5595
1340	2	4	1	2	2	1	5	-2.78597	-3.65996	-4.14858	-4.16904
1341	33	39	30	82	104	173	68	-5.43912	-3.97092	-6.0982	-7.84808
1342	1	4	2	2	6	3	17	-4.74227	-2.44123	-4.2322	-5.6124
1343	2	1	5	3	2	5	5	-5.71809	-2.82285	-3.9366	-5.60693
1344	2	1	12	3	2	1	5	-2.64672	-2.11218	-3.45366	-5.04497
1345	8	10	2	2	11	12	6	-3.96242	-7.51822	-7.99054	-7.71687
1346	2	1	1	3	2	1	5	-4.64945	-3.7824	-5.89136	-7.4689
1347	1	4	2	2	6	3	17	-4.74227	-2.44123	-4.2322	-5.6124
1348	7	2	2	2	11	12	6	-4.50903	-8.12092	-8.54459	-8.26338
1349	9	2	4	62	4	5	6	-3.72572	-5.22563	-5.80547	-7.15892
1350	2	1	21	3	2	1	5	-2.95307	-2.48675	-4.1746	-4.58964
1351	9	7	10	4	1	7	1	-10.3134	-12.423	-11.4936	-9.96596
1352	2	1	12	3	920	1	5	-6.00243	-6.00533	-6.08103	-7.85233
1353	239	27	16	19	10	5	7	-10.4549	-6.46044	-8.6139	-10.6071
1354	7	17	2	15	23	3	12	-6.90889	-10.5211	-10.9451	-10.6632
1355	1	4	2	2	6	3	17	-4.74227	-2.44123	-4.2322	-5.6124
1356	1	6	60	24	12	28	1	-26.6961	-30.2793	-19.4186	-20.2146
1357	2	4	5	2	10	1	5	-6.90196	-10.5031	-10.9281	-10.6516
1358	10	81	50	99	120	76	52	-6.64637	-6.39628	-5.305	-5.14477
1359	4	7	10	4	1	7	1	-1.82482	-3.87386	-2.72326	-1.92007
1360	2	1	5	3	2	5	5	-5.71809	-2.82285	-3.9366	-5.60693
1361	4	7	10	1	1	7	1	-5.27448	-8.65332	-6.03622	-6.14371
1362	2	4	5	2	10	1	5	-6.90196	-10.5031	-10.9281	-10.6516
1363	2	1	21	3	2	1	5	-2.95307	-2.48675	-4.1746	-4.58964
1364	2	1	21	3	2	1	5	-2.95307	-2.48675	-4.1746	-4.58964
1365	2	4	1	2	2	1	5	-2.78597	-3.65996	-4.14858	-4.16904
1366	2	4	2	2	6	1	5	-6.12975	-4.82481	-5.80657	-8.07083
1367	2	4	1	2	7	1	5	-2.31483	-5.92121	-6.22266	-5.48117
1368	2	4	1	2	2	1	5	-2.78597	-3.65996	-4.14858	-4.16904
1369	2	4	1	2	2	1	5	-2.78597	-3.65996	-4.14858	-4.16904
1370	4	7	10	4	1	7	1	-1.82482	-3.87386	-2.72326	-1.92007
1371	4	7	10	4	42	51	1	-2.93347	-4.67989	-5.03548	-3.81126
1372	2	1	5	3	2	3	5	-4.26274	-3.24878	-5.18022	-4.78765
1373	2	1	12	3	2	1	5	-2.64672	-2.11218	-3.45366	-5.04497
1374	2	1	1	3	2	1	5	-4.64945	-3.7824	-5.89136	-7.4689
1375	2	4	1	2	2	1	5	-2.78597	-3.65996	-4.14858	-4.16904
1376	4	7	10	4	1	7	1	-1.82482	-3.87386	-2.72326	-1.92007
1377	10	1	16	19	10	5	7	-6.54512	-2.73804	-4.00856	-5.22289
1378	2	4	1	2	7	1	5	-2.31483	-5.92121	-6.22266	-5.48117
1379	2	4	1	2	2	1	5	-2.78597	-3.65996	-4.14858	-4.16904
1380	10	81	50	99	120	76	52	-6.64637	-6.39628	-5.305	-5.14477
1381	2	1	12	3	2	1	5	-2.64672	-2.11218	-3.45366	-5.04497
1382	2	4	1	2	2	1	5	-2.78597	-3.65996	-4.14858	-4.16904
1383	2	4	1	2	7	1	5	-2.31483	-5.92121	-6.22266	-5.48117
1384	1	2	3	4	5	9	3	-4.72374	-2.47905	-3.47413	-5.02246
1385	8	10	2	2	11	12	6	-3.96242	-7.51822	-7.99054	-7.71687
1386	1	4	2	2	6	3	17	-4.74227	-2.44123	-4.2322	-5.6124
1387	2	4	1	2	2	1	5	-2.78597	-3.65996	-4.14858	-4.16904
1388	2	4	1	2	2	1	5	-2.78597	-3.65996	-4.14858	-4.16904
1389	10	7	10	4	1	7	1	-12.5029	-10.9887	-10.0339	-9.01095
1390	2	1	21	3	2	1	5	-2.95307	-2.48675	-4.1746	-4.58964
1391	2	1	21	3	2	1	5	-2.95307	-2.48675	-4.1746	-4.58964
1392	10	1	16	19	10	5	7	-6.54512	-2.73804	-4.00856	-5.22289
1393	2	1	5	3	2	3	5	-4.26274	-3.24878	-5.18022	-4.78765
1394	2	1	5	3	2	3	5	-4.26274	-3.24878	-5.18022	-4.78765
1395	2	4	1	2	2	5	5	-6.83977	-6.40233	-8.42523	-9.82406
1396	2	4	1	2	7	1	5	-2.31483	-5.92121	-6.22266	-5.48117
1397	10	1	16	19	10	5	7	-6.54512	-2.73804	-4.00856	-5.22289
1398	2	4	1	2	7	1	5	-2.31483	-5.92121	-6.22266	-5.48117
1399	2	934	1	2	2	1	5	-6.06315	-7.556	-6.7746	-6.97278
