Isolate	Loci0	Loci1	Loci2	Loci3	Loci4	Loci5	Loci6	Source0	Source1	Source2	Source3
0	1	2	3	4	5	9	3	-4.56587	-2.51138	-3.60001	-4.92369
1	4	7	10	4	1	7	1	-1.82566	-3.77376	-2.60936	-1.95961
2	2	4	1	2	2	1	5	-2.77045	-3.6533	-4.14418	-4.11705
3	2	4	1	2	2	1	5	-2.77045	-3.6533	-4.14418	-4.11705
4	9	25	2	10	22	3	6	-4.46747	-7.45057	-5.95742	-4.3842
5	4	7	10	4	1	7	1	-1.82566	-3.77376	-2.60936	-1.95961
6	4	7	10	4	1	7	1	-1.82566	-3.77376	-2.60936	-1.95961
7	4	7	10	4	42	51	1	-2.9237	-4.61643	-4.87481	-3.81744
8	2	4	1	2	2	1	5	-2.77045	-3.6533	-4.14418	-4.11705
9	10	81	50	99	120	76	52	-6.70006	-6.42389	-5.25961	-5.19867
10	2	1	21	3	2	1	5	-2.9146	-2.50337	-4.39367	-4.47333
11	2	1	21	3	2	1	5	-2.9146	-2.50337	-4.39367	-4.47333
12	9	25	2	10	22	3	6	-4.46747	-7.45057	-5.95742	-4.3842
13	2	1	21	3	2	1	5	-2.9146	-2.50337	-4.39367	-4.47333
14	10	27	16	19	10	5	7	-20.2527	-12.7644	-16.0377	-17.2902
15	2	4	1	2	2	1	5	-2.77045	-3.6533	-4.14418	-4.11705
16	2	4	1	2	2	1	5	-2.77045	-3.6533	-4.14418	-4.11705
17	9	2	4	62	4	5	6	-3.70747	-5.19805	-5.81064	-6.56352
18	9	53	2	53	11	3	3	-31.3933	-27.0695	-26.4397	-24.3334
19	2	4	1	2	2	1	5	-2.77045	-3.6533	-4.14418	-4.11705
20	2	4	1	2	2	1	5	-2.77045	-3.6533	-4.14418	-4.11705
21	4	7	10	4	1	7	1	-1.82566	-3.77376	-2.60936	-1.95961
22	2	4	1	2	2	1	5	-2.77045	-3.6533	-4.14418	-4.11705
23	1	4	2	2	6	3	17	-4.56673	-2.46992	-4.54821	-5.45244
24	4	7	10	4	1	7	1	-1.82566	-3.77376	-2.60936	-1.95961
25	2	1	21	3	2	1	5	-2.9146	-2.50337	-4.39367	-4.47333
26	8	10	2	2	11	12	6	-3.94765	-7.12308	-7.60856	-7.01057
27	2	4	2	2	6	1	5	-6.05572	-4.85259	-5.93133	-7.73754
28	2	1	12	3	2	1	5	-2.60501	-2.13083	-3.62134	-4.72113
29	2	4	1	2	2	1	5	-2.77045	-3.6533	-4.14418	-4.11705
30	4	7	10	4	1	7	1	-1.82566	-3.77376	-2.60936	-1.95961
31	10	1	16	19	10	5	7	-5.97673	-2.76992	-4.17806	-5.17398
32	1	2	3	4	5	9	3	-4.56587	-2.51138	-3.60001	-4.92369
33	2	4	1	2	2	1	5	-2.77045	-3.6533	-4.14418	-4.11705
34	2	4	1	2	2	1	5	-2.77045	-3.6533	-4.14418	-4.11705
35	2	4	1	2	2	1	5	-2.77045	-3.6533	-4.14418	-4.11705
36	4	7	10	4	1	7	1	-1.82566	-3.77376	-2.60936	-1.95961
37	129	66	30	82	189	47	17	-3.24001	-4.8596	-5.50931	-4.16056
38	2	1	12	3	357	1	5	-6.8608	-6.03926	-6.77051	-6.96461
39	9	2	4	62	4	5	6	-3.70747	-5.19805	-5.81064	-6.56352
40	2	1	1	3	2	1	5	-4.59659	-3.801	-6.32914	-6.97845
41	2	1	12	3	357	1	5	-6.8608	-6.03926	-6.77051	-6.96461
42	2	1	5	3	2	3	5	-4.21025	-3.26786	-5.44646	-4.78382
43	2	1	5	3	2	3	5	-4.21025	-3.26786	-5.44646	-4.78382
44	2	4	1	2	2	1	5	-2.77045	-3.6533	-4.14418	-4.11705
45	2	4	1	2	2	1	5	-2.77045	-3.6533	-4.14418	-4.11705
46	2	4	2	2	6	1	5	-6.05572	-4.85259	-5.93133	-7.73754
47	1	4	2	2	6	3	17	-4.56673	-2.46992	-4.54821	-5.45244
48	2	1	21	3	2	1	5	-2.9146	-2.50337	-4.39367	-4.47333
49	2	1	2	3	2	3	5	-3.75282	-6.87635	-7.40575	-6.80549
50	2	1	21	3	2	1	5	-2.9146	-2.50337	-4.39367	-4.47333
51	7	17	2	15	23	3	12	-6.8937	-10.1151	-10.5583	-9.95689
52	2	4	1	2	7	1	5	-2.30171	-5.50819	-5.84194	-5.04972
53	9	2	4	62	4	5	6	-3.70747	-5.19805	-5.81064	-6.56352
54	2	4	1	2	7	1	5	-2.30171	-5.50819	-5.84194	-5.04972
55	9	2	4	62	4	5	6	-3.70747	-5.19805	-5.81064	-6.56352
56	2	1	12	88	2	1	5	-3.93101	-3.44413	-5.70791	-5.29754
57	2	1	5	3	2	3	5	-4.21025	-3.26786	-5.44646	-4.78382
58	2	4	1	2	2	1	5	-2.77045	-3.6533	-4.14418	-4.11705
59	9	2	4	62	4	5	6	-3.70747	-5.19805	-5.81064	-6.56352
60	2	1	5	3	2	3	5	-4.21025	-3.26786	-5.44646	-4.78382
61	2	4	1	2	2	1	5	-2.77045	-3.6533	-4.14418	-4.11705
62	2	4	1	2	2	1	5	-2.77045	-3.6533	-4.14418	-4.11705
63	2	4	1	2	2	1	5	-2.77045	-3.6533	-4.14418	-4.11705
64	2	4	1	2	2	1	5	-2.77045	-3.6533	-4.14418	-4.11705
65	2	4	1	2	2	1	5	-2.77045	-3.6533	-4.14418	-4.11705
66	2	4	1	2	2	1	5	-2.77045	-3.6533	-4.14418	-4.11705
67	1	2	215	4	90	24	8	-31.2394	-27.5802	-22.9766	-19.8535
68	2	4	1	2	2	1	5	-2.77045	-3.6533	-4.14418	-4.11705
69	1	2	3	4	5	9	3	-4.56587	-2.51138	-3.60001	-4.92369
70	2	4	1	2	2	1	5	-2.77045	-3.6533	-4.14418	-4.11705
71	2	4	1	2	2	1	5	-2.77045	-3.6533	-4.14418	-4.11705
72	9	25	2	10	22	3	6	-4.46747	-7.45057	-5.95742	-4.3842
73	2	15	4	48	360	25	23	-6.71907	-8.9818	-5.68252	-4.94416
74	2	4	1	2	2	1	5	-2.77045	-3.6533	-4.14418	-4.11705
75	2	1	12	88	2	1	5	-3.93101	-3.44413	-5.70791	-5.29754
76	2	4	2	2	6	1	5	-6.05572	-4.85259	-5.93133	-7.73754
77	10	1	16	19	10	5	7	-5.97673	-2.76992	-4.17806	-5.17398
78	2	4	1	2	2	1	5	-2.77045	-3.6533	-4.14418	-4.11705
79	2	1	12	3	2	1	5	-2.60501	-2.13083	-3.62134	-4.72113
80	2	4	1	2	2	1	5	-2.77045	-3.6533	-4.14418	-4.11705
81	2	4	1	2	2	1	5	-2.77045	-3.6533	-4.14418	-4.11705
82	1	4	2	2	6	3	17	-4.56673	-2.46992	-4.54821	-5.45244
83	10	1	16	19	10	5	7	-5.97673	-2.76992	-4.17806	-5.17398
84	8	10	149	2	11	12	6	-4.851	-3.99185	-5.65091	-6.99962
85	2	4	1	2	2	1	5	-2.77045	-3.6533	-4.14418	-4.11705
86	2	4	1	2	7	1	5	-2.30171	-5.50819	-5.84194	-5.04972
87	32	39	30	82	104	324	17	-7.95951	-4.70011	-7.34518	-8.47965
88	1	2	3	4	5	9	3	-4.56587	-2.51138	-3.60001	-4.92369
89	2	1	5	3	2	3	5	-4.21025	-3.26786	-5.44646	-4.78382
90	2	4	1	2	2	1	5	-2.77045	-3.6533	-4.14418	-4.11705
91	2	4	1	2	7	1	5	-2.30171	-5.50819	-5.84194	-5.04972
92	4	7	10	4	1	7	1	-1.82566	-3.77376	-2.60936	-1.95961
93	2	1	2	3	2	3	5	-3.75282	-6.87635	-7.40575	-6.80549
94	2	1	12	3	2	1	5	-2.60501	-2.13083	-3.62134	-4.72113
95	2	1	21	3	2	1	5	-2.9146	-2.50337	-4.39367	-4.47333
96	2	1	21	3	2	1	5	-2.9146	-2.50337	-4.39367	-4.47333
97	9	2	5	2	11	3	1	-30.2675	-31.1245	-28.4334	-26.1549
98	4	7	10	4	1	7	1	-1.82566	-3.77376	-2.60936	-1.95961
99	2	1	2	3	2	3	5	-3.75282	-6.87635	-7.40575	-6.80549
100	2	1	21	3	2	1	5	-2.9146	-2.50337	-4.39367	-4.47333
101	4	7	10	4	1	7	1	-1.82566	-3.77376	-2.60936	-1.95961
102	2	1	21	3	2	1	5	-2.9146	-2.50337	-4.39367	-4.47333
103	1	4	2	2	6	3	17	-4.56673	-2.46992	-4.54821	-5.45244
104	2	4	5	2	10	1	5	-6.8882	-10.0932	-10.5431	-9.94544
105	2	1	12	88	2	1	5	-3.93101	-3.44413	-5.70791	-5.29754
106	9	2	4	62	4	5	6	-3.70747	-5.19805	-5.81064	-6.56352
107	2	165	73	147	220	190	104	-8.90886	-9.75887	-6.91993	-5.27196
108	2	1	21	3	2	1	5	-2.9146	-2.50337	-4.39367	-4.47333
109	2	4	1	2	2	1	5	-2.77045	-3.6533	-4.14418	-4.11705
110	2	1	12	3	11	1	6	-19.5109	-17.4288	-20.4218	-20.7826
111	2	1	2	3	2	3	5	-3.75282	-6.87635	-7.40575	-6.80549
112	2	4	1	2	7	1	5	-2.30171	-5.50819	-5.84194	-5.04972
113	2	1	2	3	2	3	5	-3.75282	-6.87635	-7.40575	-6.80549
114	2	1	21	3	2	1	5	-2.9146	-2.50337	-4.39367	-4.47333
115	2	4	1	2	7	1	5	-2.30171	-5.50819	-5.84194	-5.04972
116	33	39	30	82	113	43	17	-9.51289	-6.48301	-6.14241	-8.52042
117	2	4	1	2	2	1	5	-2.77045	-3.6533	-4.14418	-4.11705
118	2	4	1	2	2	1	5	-2.77045	-3.6533	-4.14418	-4.11705
119	2	4	1	2	2	1	5	-2.77045	-3.6533	-4.14418	-4.11705
120	2	4	1	2	7	1	5	-2.30171	-5.50819	-5.84194	-5.04972
121	4	7	10	1	1	7	1	-5.2687	-8.3805	-5.97596	-6.13809
122	2	1	12	3	2	1	5	-2.60501	-2.13083	-3.62134	-4.72113
123	2	4	1	2	2	1	5	-2.77045	-3.6533	-4.14418	-4.11705
124	2	4	1	2	2	1	5	-2.77045	-3.6533	-4.14418	-4.11705
125	2	4	1	2	7	1	5	-2.30171	-5.50819	-5.84194	-5.04972
126	2	4	1	2	2	1	5	-2.77045	-3.6533	-4.14418	-4.11705
127	2	4	1	2	2	1	5	-2.77045	-3.6533	-4.14418	-4.11705
128	2	1	12	88	2	1	5	-3.93101	-3.44413	-5.70791	-5.29754
129	2	1	12	3	2	1	5	-2.60501	-2.13083	-3.62134	-4.72113
130	2	1	12	3	2	1	5	-2.60501	-2.13083	-3.62134	-4.72113
131	2	4	1	2	7	1	5	-2.30171	-5.50819	-5.84194	-5.04972
132	2	1	21	3	2	1	5	-2.9146	-2.50337	-4.39367	-4.47333
133	2	1	21	3	2	1	5	-2.9146	-2.50337	-4.39367	-4.47333
134	2	4	5	2	2	5	5	-3.66755	-6.85353	-6.91583	-5.83646
135	2	1	21	3	2	1	5	-2.9146	-2.50337	-4.39367	-4.47333
136	1	4	2	2	6	3	1	-11.6632	-9.91896	-10.4898	-10.9439
137	2	1	5	3	2	3	5	-4.21025	-3.26786	-5.44646	-4.78382
138	2	1	5	3	2	3	5	-4.21025	-3.26786	-5.44646	-4.78382
139	4	7	10	4	1	7	1	-1.82566	-3.77376	-2.60936	-1.95961
140	8	10	2	2	11	12	6	-3.94765	-7.12308	-7.60856	-7.01057
141	2	1	2	3	2	3	5	-3.75282	-6.87635	-7.40575	-6.80549
142	2	1	5	3	2	3	5	-4.21025	-3.26786	-5.44646	-4.78382
143	2	1	2	3	2	3	5	-3.75282	-6.87635	-7.40575	-6.80549
144	129	66	30	82	189	47	17	-3.24001	-4.8596	-5.50931	-4.16056
145	2	4	1	2	2	1	5	-2.77045	-3.6533	-4.14418	-4.11705
146	2	4	1	2	2	1	5	-2.77045	-3.6533	-4.14418	-4.11705
147	7	21	5	62	4	61	44	-7.09816	-3.85438	-5.63955	-7.3405
148	2	4	1	2	2	1	5	-2.77045	-3.6533	-4.14418	-4.11705
149	2	937	1	2	2	1	5	-6.94832	-7.5608	-7.28806	-6.34985
150	1	14	2	2	6	1	17	-9.17544	-6.46215	-7.72978	-6.35136
151	1	4	2	2	6	3	17	-4.56673	-2.46992	-4.54821	-5.45244
152	8	10	149	2	11	12	6	-4.851	-3.99185	-5.65091	-6.99962
153	2	1	12	3	2	1	5	-2.60501	-2.13083	-3.62134	-4.72113
154	9	30	2	2	89	59	6	-4.9466	-8.16861	-8.61146	-8.00986
155	1	2	3	4	5	9	3	-4.56587	-2.51138	-3.60001	-4.92369
156	2	4	1	2	2	1	5	-2.77045	-3.6533	-4.14418	-4.11705
157	2	4	1	2	2	1	5	-2.77045	-3.6533	-4.14418	-4.11705
158	180	194	2	68	19	231	147	-26.5623	-28.0857	-24.7043	-19.578
159	2	4	1	2	2	1	5	-2.77045	-3.6533	-4.14418	-4.11705
160	2	4	1	2	2	1	5	-2.77045	-3.6533	-4.14418	-4.11705
161	2	4	1	2	2	1	5	-2.77045	-3.6533	-4.14418	-4.11705
162	4	7	10	4	1	7	1	-1.82566	-3.77376	-2.60936	-1.95961
163	2	4	1	2	2	1	5	-2.77045	-3.6533	-4.14418	-4.11705
164	2	1	21	3	2	1	5	-2.9146	-2.50337	-4.39367	-4.47333
165	2	4	1	2	7	1	5	-2.30171	-5.50819	-5.84194	-5.04972
166	2	4	1	2	2	1	5	-2.77045	-3.6533	-4.14418	-4.11705
167	10	1	16	19	10	5	7	-5.97673	-2.76992	-4.17806	-5.17398
168	104	7	10	4	1	7	1	-4.40434	-7.63037	-8.05537	-7.44642
169	2	4	1	2	2	1	5	-2.77045	-3.6533	-4.14418	-4.11705
170	10	27	16	19	10	5	7	-20.2527	-12.7644	-16.0377	-17.2902
171	2	4	1	2	2	1	5	-2.77045	-3.6533	-4.14418	-4.11705
172	2	1	1	3	2	1	5	-4.59659	-3.801	-6.32914	-6.97845
173	7	21	5	62	4	61	44	-7.09816	-3.85438	-5.63955	-7.3405
174	2	1	1	3	2	1	5	-4.59659	-3.801	-6.32914	-6.97845
175	10	1	16	19	10	5	7	-5.97673	-2.76992	-4.17806	-5.17398
176	2	4	1	2	2	1	5	-2.77045	-3.6533	-4.14418	-4.11705
177	2	4	1	2	2	1	5	-2.77045	-3.6533	-4.14418	-4.11705
178	2	1	12	3	2	1	5	-2.60501	-2.13083	-3.62134	-4.72113
179	2	4	1	2	2	1	5	-2.77045	-3.6533	-4.14418	-4.11705
180	2	4	1	2	2	1	5	-2.77045	-3.6533	-4.14418	-4.11705
181	1	4	2	2	6	3	17	-4.56673	-2.46992	-4.54821	-5.45244
182	2	1	12	3	2	1	5	-2.60501	-2.13083	-3.62134	-4.72113
183	4	7	10	4	1	7	1	-1.82566	-3.77376	-2.60936	-1.95961
184	2	4	1	2	2	1	5	-2.77045	-3.6533	-4.14418	-4.11705
185	2	4	1	2	2	1	5	-2.77045	-3.6533	-4.14418	-4.11705
186	2	1	21	3	2	1	5	-2.9146	-2.50337	-4.39367	-4.47333
187	4	7	10	4	1	7	1	-1.82566	-3.77376	-2.60936	-1.95961
188	4	7	10	4	42	51	1	-2.9237	-4.61643	-4.87481	-3.81744
189	2	1	5	3	2	3	5	-4.21025	-3.26786	-5.44646	-4.78382
190	1	2	4	62	4	5	17	-6.06597	-4.86744	-7.42828	-8.22107
191	4	7	10	4	1	7	1	-1.82566	-3.77376	-2.60936	-1.95961
192	4	7	10	4	42	51	1	-2.9237	-4.61643	-4.87481	-3.81744
193	2	1	21	3	2	1	5	-2.9146	-2.50337	-4.39367	-4.47333
194	4	7	10	4	42	51	1	-2.9237	-4.61643	-4.87481	-3.81744
195	2	4	1	2	7	1	5	-2.30171	-5.50819	-5.84194	-5.04972
196	2	4	1	2	2	1	5	-2.77045	-3.6533	-4.14418	-4.11705
197	1	2	3	4	5	9	3	-4.56587	-2.51138	-3.60001	-4.92369
198	1	2	4	62	4	5	17	-6.06597	-4.86744	-7.42828	-8.22107
199	2	250	4	281	358	25	57	-30.1855	-30.2366	-20.2376	-17.8953
200	9	2	4	62	4	5	6	-3.70747	-5.19805	-5.81064	-6.56352
201	1	2	3	4	5	9	3	-4.56587	-2.51138	-3.60001	-4.92369
202	4	7	10	4	1	7	1	-1.82566	-3.77376	-2.60936	-1.95961
203	2	4	2	4	19	3	6	-5.79177	-9.00672	-9.45065	-8.847
204	4	7	10	4	1	7	1	-1.82566	-3.77376	-2.60936	-1.95961
205	4	7	10	4	42	51	1	-2.9237	-4.61643	-4.87481	-3.81744
206	2	1	12	3	2	1	5	-2.60501	-2.13083	-3.62134	-4.72113
207	4	7	10	4	1	7	1	-1.82566	-3.77376	-2.60936	-1.95961
208	2	1	12	3	2	1	5	-2.60501	-2.13083	-3.62134	-4.72113
209	1	2	4	62	4	5	17	-6.06597	-4.86744	-7.42828	-8.22107
210	4	7	10	4	42	51	1	-2.9237	-4.61643	-4.87481	-3.81744
211	2	4	1	2	2	1	5	-2.77045	-3.6533	-4.14418	-4.11705
212	4	7	10	4	1	7	1	-1.82566	-3.77376	-2.60936	-1.95961
213	2	1	21	3	2	1	5	-2.9146	-2.50337	-4.39367	-4.47333
214	47	2	4	2	6	5	17	-11.3212	-11.7205	-6.1903	-8.7092
215	2	1	21	3	2	1	5	-2.9146	-2.50337	-4.39367	-4.47333
216	2	1	21	3	2	1	5	-2.9146	-2.50337	-4.39367	-4.47333
217	2	4	1	2	2	1	5	-2.77045	-3.6533	-4.14418	-4.11705
218	2	4	1	2	2	1	5	-2.77045	-3.6533	-4.14418	-4.11705
219	10	81	50	99	120	76	52	-6.70006	-6.42389	-5.25961	-5.19867
220	2	4	1	2	2	1	5	-2.77045	-3.6533	-4.14418	-4.11705
221	2	4	1	2	2	1	5	-2.77045	-3.6533	-4.14418	-4.11705
222	1	4	2	2	6	3	17	-4.56673	-2.46992	-4.54821	-5.45244
223	1	2	4	62	4	5	17	-6.06597	-4.86744	-7.42828	-8.22107
224	4	7	10	4	1	7	1	-1.82566	-3.77376	-2.60936	-1.95961
225	4	7	10	4	1	7	1	-1.82566	-3.77376	-2.60936	-1.95961
226	10	1	16	19	10	5	7	-5.97673	-2.76992	-4.17806	-5.17398
227	2	4	1	2	2	1	5	-2.77045	-3.6533	-4.14418	-4.11705
228	2	4	1	2	7	1	5	-2.30171	-5.50819	-5.84194	-5.04972
229	1	4	2	348	6	3	17	-8.652	-5.38432	-8.03247	-9.16992
230	1	2	4	62	4	5	17	-6.06597	-4.86744	-7.42828	-8.22107
231	10	27	16	19	10	5	7	-20.2527	-12.7644	-16.0377	-17.2902
232	1	4	2	2	6	3	17	-4.56673	-2.46992	-4.54821	-5.45244
233	4	7	10	4	42	51	1	-2.9237	-4.61643	-4.87481	-3.81744
234	2	4	1	2	2	1	5	-2.77045	-3.6533	-4.14418	-4.11705
235	2	1	12	3	2	1	5	-2.60501	-2.13083	-3.62134	-4.72113
236	2	1	12	88	2	1	5	-3.93101	-3.44413	-5.70791	-5.29754
237	2	4	1	2	7	1	5	-2.30171	-5.50819	-5.84194	-5.04972
238	2	1	12	3	2	1	5	-2.60501	-2.13083	-3.62134	-4.72113
239	1	4	2	2	6	3	17	-4.56673	-2.46992	-4.54821	-5.45244
240	2	1	4	28	58	25	58	-5.67787	-8.16127	-5.34291	-4.26182
241	2	1	5	3	2	3	5	-4.21025	-3.26786	-5.44646	-4.78382
242	2	1	12	3	2	1	5	-2.60501	-2.13083	-3.62134	-4.72113
243	2	4	1	2	2	1	5	-2.77045	-3.6533	-4.14418	-4.11705
244	2	1	5	10	11	1	5	-28.1365	-22.0973	-24.3363	-25.4191
245	2	1	12	3	2	1	5	-2.60501	-2.13083	-3.62134	-4.72113
246	2	1	12	88	2	1	5	-3.93101	-3.44413	-5.70791	-5.29754
247	2	1	12	3	2	1	5	-2.60501	-2.13083	-3.62134	-4.72113
248	2	1	12	3	2	1	5	-2.60501	-2.13083	-3.62134	-4.72113
249	1	4	2	2	6	3	17	-4.56673	-2.46992	-4.54821	-5.45244
250	9	2	4	62	4	5	6	-3.70747	-5.19805	-5.81064	-6.56352
251	2	1	12	3	2	1	5	-2.60501	-2.13083	-3.62134	-4.72113
252	8	10	149	2	11	12	6	-4.851	-3.99185	-5.65091	-6.99962
253	2	1	21	3	2	1	5	-2.9146	-2.50337	-4.39367	-4.47333
254	1	2	3	4	5	9	3	-4.56587	-2.51138	-3.60001	-4.92369
255	2	1	5	3	2	3	5	-4.21025	-3.26786	-5.44646	-4.78382
256	1	307	3	4	5	9	3	-6.82621	-6.45538	-6.11823	-8.30225
257	1	4	2	2	6	3	17	-4.56673	-2.46992	-4.54821	-5.45244
258	2	4	1	2	7	1	5	-2.30171	-5.50819	-5.84194	-5.04972
259	2	4	1	2	2	1	5	-2.77045	-3.6533	-4.14418	-4.11705
260	2	61	4	64	126	7	23	-6.0354	-8.35478	-5.91156	-4.27153
261	7	21	5	62	4	61	44	-7.09816	-3.85438	-5.63955	-7.3405
262	2	1	12	3	2	1	5	-2.60501	-2.13083	-3.62134	-4.72113
263	2	4	1	2	2	1	5	-2.77045	-3.6533	-4.14418	-4.11705
264	2	1	12	3	2	1	5	-2.60501	-2.13083	-3.62134	-4.72113
265	2	1	21	3	2	1	5	-2.9146	-2.50337	-4.39367	-4.47333
266	2	1	21	3	2	1	5	-2.9146	-2.50337	-4.39367	-4.47333
267	2	4	1	2	2	1	5	-2.77045	-3.6533	-4.14418	-4.11705
268	2	4	1	2	2	1	5	-2.77045	-3.6533	-4.14418	-4.11705
269	2	4	1	2	7	1	5	-2.30171	-5.50819	-5.84194	-5.04972
270	4	7	10	4	1	7	1	-1.82566	-3.77376	-2.60936	-1.95961
271	1	2	4	62	4	5	17	-6.06597	-4.86744	-7.42828	-8.22107
272	4	1	21	3	2	1	5	-10.094	-10.0487	-10.4611	-10.0357
273	10	1	16	19	10	5	7	-5.97673	-2.76992	-4.17806	-5.17398
274	33	283	44	82	189	44	17	-6.70787	-3.49422	-5.3982	-5.96703
275	2	1	12	3	2	1	5	-2.60501	-2.13083	-3.62134	-4.72113
276	10	81	50	99	120	76	52	-6.70006	-6.42389	-5.25961	-5.19867
277	4	7	10	4	42	25	1	-8.80153	-9.62565	-5.78302	-5.20923
278	2	4	1	2	2	1	5	-2.77045	-3.6533	-4.14418	-4.11705
279	2	4	5	2	10	1	5	-6.8882	-10.0932	-10.5431	-9.94544
280	2	4	1	2	2	1	5	-2.77045	-3.6533	-4.14418	-4.11705
281	9	2	4	62	4	5	6	-3.70747	-5.19805	-5.81064	-6.56352
282	4	7	10	4	1	7	1	-1.82566	-3.77376	-2.60936	-1.95961
283	2	1	12	3	2	1	5	-2.60501	-2.13083	-3.62134	-4.72113
284	9	2	4	62	4	5	6	-3.70747	-5.19805	-5.81064	-6.56352
285	9	2	4	62	4	5	6	-3.70747	-5.19805	-5.81064	-6.56352
286	2	4	1	2	2	1	5	-2.77045	-3.6533	-4.14418	-4.11705
287	2	1	12	88	2	1	5	-3.93101	-3.44413	-5.70791	-5.29754
288	2	1	21	3	2	1	5	-2.9146	-2.50337	-4.39367	-4.47333
289	33	39	30	79	113	44	17	-26.4213	-23.6435	-25.0779	-26.8543
290	1	2	3	4	5	9	3	-4.56587	-2.51138	-3.60001	-4.92369
291	1	4	2	2	6	3	17	-4.56673	-2.46992	-4.54821	-5.45244
292	9	2	4	62	4	5	6	-3.70747	-5.19805	-5.81064	-6.56352
293	2	1	12	3	2	1	5	-2.60501	-2.13083	-3.62134	-4.72113
294	2	1	5	3	2	5	5	-5.44363	-2.85138	-4.08298	-5.49396
295	2	1	5	3	2	5	5	-5.44363	-2.85138	-4.08298	-5.49396
296	2	4	1	2	2	1	5	-2.77045	-3.6533	-4.14418	-4.11705
297	2	4	1	2	2	1	5	-2.77045	-3.6533	-4.14418	-4.11705
298	2	1	21	3	2	1	5	-2.9146	-2.50337	-4.39367	-4.47333
299	32	39	30	82	104	324	17	-7.95951	-4.70011	-7.34518	-8.47965
300	2	1	12	3	2	1	5	-2.60501	-2.13083	-3.62134	-4.72113
301	4	7	10	4	1	7	1	-1.82566	-3.77376	-2.60936	-1.95961
302	1	4	2	2	6	3	5	-8.56875	-5.27845	-7.95501	-9.10458
303	2	1	21	3	2	1	5	-2.9146	-2.50337	-4.39367	-4.47333
304	4	7	10	4	42	51	1	-2.9237	-4.61643	-4.87481	-3.81744
305	2	4	1	2	7	1	5	-2.30171	-5.50819	-5.84194	-5.04972
306	7	21	5	62	4	61	44	-7.09816	-3.85438	-5.63955	-7.3405
307	104	7	10	4	1	7	1	-4.40434	-7.63037	-8.05537	-7.44642
308	9	25	2	10	22	3	6	-4.46747	-7.45057	-5.95742	-4.3842
309	2	4	2	2	6	3	17	-11.0649	-7.60787	-10.126	-10.7619
310	2	4	1	2	7	1	5	-2.30171	-5.50819	-5.84194	-5.04972
311	129	66	30	82	189	47	17	-3.24001	-4.8596	-5.50931	-4.16056
312	33	39	30	82	104	173	68	-5.34823	-3.99949	-6.57502	-7.41077
313	2	1	12	3	2	1	5	-2.60501	-2.13083	-3.62134	-4.72113
314	2	1	1	3	2	1	5	-4.59659	-3.801	-6.32914	-6.97845
315	7	21	5	62	4	61	44	-7.09816	-3.85438	-5.63955	-7.3405
316	2	1	21	3	2	1	5	-2.9146	-2.50337	-4.39367	-4.47333
317	4	7	10	4	1	7	1	-1.82566	-3.77376	-2.60936	-1.95961
318	10	2	107	62	120	76	1	-6.8498	-9.72735	-7.9412	-6.34251
319	4	7	10	4	1	7	1	-1.82566	-3.77376	-2.60936	-1.95961
320	2	1	12	3	2	1	5	-2.60501	-2.13083	-3.62134	-4.72113
321	2	1	5	3	2	3	5	-4.21025	-3.26786	-5.44646	-4.78382
322	4	7	10	4	1	7	1	-1.82566	-3.77376	-2.60936	-1.95961
323	2	1	12	88	2	1	5	-3.93101	-3.44413	-5.70791	-5.29754
324	4	7	10	4	42	7	1	-6.62888	-8.78842	-5.56075	-4.69
325	4	7	10	4	42	51	1	-2.9237	-4.61643	-4.87481	-3.81744
326	2	1	21	3	2	1	5	-2.9146	-2.50337	-4.39367	-4.47333
327	2	1	12	3	2	1	5	-2.60501	-2.13083	-3.62134	-4.72113
328	4	7	10	4	1	7	1	-1.82566	-3.77376	-2.60936	-1.95961
329	2	4	1	2	7	1	5	-2.30171	-5.50819	-5.84194	-5.04972
330	4	7	10	4	1	7	1	-1.82566	-3.77376	-2.60936	-1.95961
331	2	1	12	3	2	1	5	-2.60501	-2.13083	-3.62134	-4.72113
332	4	7	10	4	1	7	1	-1.82566	-3.77376	-2.60936	-1.95961
333	4	7	10	4	1	7	1	-1.82566	-3.77376	-2.60936	-1.95961
334	1	4	2	2	6	3	17	-4.56673	-2.46992	-4.54821	-5.45244
335	2	4	1	2	2	1	5	-2.77045	-3.6533	-4.14418	-4.11705
336	4	7	10	4	1	7	1	-1.82566	-3.77376	-2.60936	-1.95961
337	7	17	2	15	23	3	12	-6.8937	-10.1151	-10.5583	-9.95689
338	2	1	5	3	2	3	5	-4.21025	-3.26786	-5.44646	-4.78382
339	4	7	10	4	1	7	1	-1.82566	-3.77376	-2.60936	-1.95961
340	4	7	10	4	1	7	1	-1.82566	-3.77376	-2.60936	-1.95961
341	4	7	10	4	42	51	1	-2.9237	-4.61643	-4.87481	-3.81744
342	2	4	1	2	2	1	5	-2.77045	-3.6533	-4.14418	-4.11705
343	2	1	12	88	2	1	5	-3.93101	-3.44413	-5.70791	-5.29754
344	2	1	1	3	2	1	5	-4.59659	-3.801	-6.32914	-6.97845
345	1	2	3	4	5	9	3	-4.56587	-2.51138	-3.60001	-4.92369
346	2	1	12	88	2	1	5	-3.93101	-3.44413	-5.70791	-5.29754
347	2	1	1	3	2	1	5	-4.59659	-3.801	-6.32914	-6.97845
348	24	17	2	10	23	68	5	-9.05749	-5.79665	-8.44282	-9.57767
349	4	7	10	4	1	7	1	-1.82566	-3.77376	-2.60936	-1.95961
350	2	1	21	3	2	1	5	-2.9146	-2.50337	-4.39367	-4.47333
351	1	4	2	2	6	3	17	-4.56673	-2.46992	-4.54821	-5.45244
352	2	1	5	3	2	3	5	-4.21025	-3.26786	-5.44646	-4.78382
353	4	7	10	4	1	7	1	-1.82566	-3.77376	-2.60936	-1.95961
354	2	1	1	3	2	1	5	-4.59659	-3.801	-6.32914	-6.97845
355	2	1	12	3	2	1	5	-2.60501	-2.13083	-3.62134	-4.72113
356	8	10	149	2	11	12	6	-4.851	-3.99185	-5.65091	-6.99962
357	2	4	1	2	2	5	5	-6.80601	-6.41415	-8.79978	-9.3205
358	10	1	16	19	10	5	7	-5.97673	-2.76992	-4.17806	-5.17398
359	24	17	2	10	23	68	5	-9.05749	-5.79665	-8.44282	-9.57767
360	1	2	4	62	4	5	17	-6.06597	-4.86744	-7.42828	-8.22107
361	2	4	1	2	7	1	5	-2.30171	-5.50819	-5.84194	-5.04972
362	7	71	5	62	11	67	6	-30.3372	-26.8766	-28.0016	-27.1011
363	7	17	5	2	10	3	6	-26.1188	-23.7633	-23.873	-22.7097
364	2	1	5	3	2	3	5	-4.21025	-3.26786	-5.44646	-4.78382
365	9	2	4	62	4	5	6	-3.70747	-5.19805	-5.81064	-6.56352
366	33	38	30	82	104	325	36	-14.0072	-10.4102	-12.2887	-12.518
367	2	4	1	2	7	1	5	-2.30171	-5.50819	-5.84194	-5.04972
368	47	2	4	2	6	5	17	-11.3212	-11.7205	-6.1903	-8.7092
369	2	1	12	88	2	1	5	-3.93101	-3.44413	-5.70791	-5.29754
370	2	1	12	88	2	1	5	-3.93101	-3.44413	-5.70791	-5.29754
371	2	1	12	88	2	1	5	-3.93101	-3.44413	-5.70791	-5.29754
372	2	1	12	88	2	1	5	-3.93101	-3.44413	-5.70791	-5.29754
373	2	4	1	2	2	1	5	-2.77045	-3.6533	-4.14418	-4.11705
374	2	1	12	88	2	1	5	-3.93101	-3.44413	-5.70791	-5.29754
375	1	1	2	2	6	3	17	-9.62427	-6.17036	-8.86871	-10.0447
376	2	1	12	88	2	1	5	-3.93101	-3.44413	-5.70791	-5.29754
377	2	1	12	88	2	1	5	-3.93101	-3.44413	-5.70791	-5.29754
378	2	4	1	2	2	1	5	-2.77045	-3.6533	-4.14418	-4.11705
379	2	1	12	88	2	1	5	-3.93101	-3.44413	-5.70791	-5.29754
380	2	1	5	3	2	3	5	-4.21025	-3.26786	-5.44646	-4.78382
381	4	7	10	4	1	7	1	-1.82566	-3.77376	-2.60936	-1.95961
382	2	1	12	3	2	1	5	-2.60501	-2.13083	-3.62134	-4.72113
383	1	2	4	62	4	5	17	-6.06597	-4.86744	-7.42828	-8.22107
384	1	4	2	2	6	3	17	-4.56673	-2.46992	-4.54821	-5.45244
385	2	1	12	3	2	1	5	-2.60501	-2.13083	-3.62134	-4.72113
386	2	1	12	88	2	1	5	-3.93101	-3.44413	-5.70791	-5.29754
387	9	2	4	62	4	5	6	-3.70747	-5.19805	-5.81064	-6.56352
388	2	4	1	2	7	1	5	-2.30171	-5.50819	-5.84194	-5.04972
389	2	1	5	3	2	3	5	-4.21025	-3.26786	-5.44646	-4.78382
390	7	21	5	62	4	61	44	-7.09816	-3.85438	-5.63955	-7.3405
391	1	2	215	4	90	24	8	-31.2394	-27.5802	-22.9766	-19.8535
392	2	1	21	3	2	1	5	-2.9146	-2.50337	-4.39367	-4.47333
393	1	4	2	2	6	3	17	-4.56673	-2.46992	-4.54821	-5.45244
394	2	4	1	2	2	1	5	-2.77045	-3.6533	-4.14418	-4.11705
395	2	1	12	3	2	1	5	-2.60501	-2.13083	-3.62134	-4.72113
396	1	2	3	4	5	9	3	-4.56587	-2.51138	-3.60001	-4.92369
397	2	1	5	3	2	3	5	-4.21025	-3.26786	-5.44646	-4.78382
398	10	1	16	19	10	5	7	-5.97673	-2.76992	-4.17806	-5.17398
399	2	1	2	3	2	959	5	-8.00673	-10.3712	-10.5036	-9.04066
400	10	1	16	19	10	5	7	-5.97673	-2.76992	-4.17806	-5.17398
401	2	4	1	2	7	1	5	-2.30171	-5.50819	-5.84194	-5.04972
402	2	1	12	3	2	1	5	-2.60501	-2.13083	-3.62134	-4.72113
403	8	10	149	2	11	12	6	-4.851	-3.99185	-5.65091	-6.99962
404	2	4	1	2	7	1	5	-2.30171	-5.50819	-5.84194	-5.04972
405	4	7	10	4	1	7	1	-1.82566	-3.77376	-2.60936	-1.95961
406	4	7	10	4	1	7	1	-1.82566	-3.77376	-2.60936	-1.95961
407	2	4	5	2	2	5	5	-3.66755	-6.85353	-6.91583	-5.83646
408	2	1	12	3	2	1	5	-2.60501	-2.13083	-3.62134	-4.72113
409	166	2	27	10	151	3	1	-32.9204	-31.9561	-27.856	-23.5708
410	33	39	30	79	113	44	17	-26.4213	-23.6435	-25.0779	-26.8543
411	7	17	2	15	23	3	12	-6.8937	-10.1151	-10.5583	-9.95689
412	1	2	3	4	5	9	3	-4.56587	-2.51138	-3.60001	-4.92369
413	2	4	1	2	7	1	5	-2.30171	-5.50819	-5.84194	-5.04972
414	7	21	5	62	4	61	44	-7.09816	-3.85438	-5.63955	-7.3405
415	2	1	12	3	2	1	5	-2.60501	-2.13083	-3.62134	-4.72113
416	1	2	3	4	5	9	3	-4.56587	-2.51138	-3.60001	-4.92369
417	2	1	5	88	2	11	5	-8.58191	-5.37184	-6.03535	-8.21429
418	2	4	1	2	7	1	5	-2.30171	-5.50819	-5.84194	-5.04972
419	2	1	21	3	2	1	5	-2.9146	-2.50337	-4.39367	-4.47333
420	7	17	2	15	23	3	12	-6.8937	-10.1151	-10.5583	-9.95689
421	2	1	5	88	2	11	5	-8.58191	-5.37184	-6.03535	-8.21429
422	47	2	4	2	6	5	17	-11.3212	-11.7205	-6.1903	-8.7092
423	1	2	3	4	5	9	3	-4.56587	-2.51138	-3.60001	-4.92369
424	7	17	2	15	23	3	12	-6.8937	-10.1151	-10.5583	-9.95689
425	2	4	1	2	2	1	5	-2.77045	-3.6533	-4.14418	-4.11705
426	2	4	1	2	2	1	5	-2.77045	-3.6533	-4.14418	-4.11705
427	2	4	1	2	2	1	5	-2.77045	-3.6533	-4.14418	-4.11705
428	2	1	12	3	2	1	5	-2.60501	-2.13083	-3.62134	-4.72113
429	2	4	5	2	2	5	5	-3.66755	-6.85353	-6.91583	-5.83646
430	2	1	21	3	2	1	5	-2.9146	-2.50337	-4.39367	-4.47333
431	4	7	10	4	42	25	1	-8.80153	-9.62565	-5.78302	-5.20923
432	1	4	2	2	6	3	17	-4.56673	-2.46992	-4.54821	-5.45244
433	1	2	215	4	923	24	8	-31.2394	-27.5802	-22.9766	-19.8535
434	1	2	3	4	5	9	3	-4.56587	-2.51138	-3.60001	-4.92369
435	2	1	1	3	2	1	5	-4.59659	-3.801	-6.32914	-6.97845
436	1	4	2	2	6	3	17	-4.56673	-2.46992	-4.54821	-5.45244
437	2	4	1	2	2	1	5	-2.77045	-3.6533	-4.14418	-4.11705
438	2	1	5	3	2	5	5	-5.44363	-2.85138	-4.08298	-5.49396
439	4	7	10	4	42	51	1	-2.9237	-4.61643	-4.87481	-3.81744
440	4	7	10	4	1	7	1	-1.82566	-3.77376	-2.60936	-1.95961
441	4	7	10	4	1	7	1	-1.82566	-3.77376	-2.60936	-1.95961
442	4	7	10	4	1	7	1	-1.82566	-3.77376	-2.60936	-1.95961
443	2	1	21	3	2	1	5	-2.9146	-2.50337	-4.39367	-4.47333
444	2	1	21	3	2	1	5	-2.9146	-2.50337	-4.39367	-4.47333
445	2	4	1	2	7	1	5	-2.30171	-5.50819	-5.84194	-5.04972
446	4	7	10	4	1	7	1	-1.82566	-3.77376	-2.60936	-1.95961
447	4	7	10	4	1	7	1	-1.82566	-3.77376	-2.60936	-1.95961
448	2	1	1	3	2	1	5	-4.59659	-3.801	-6.32914	-6.97845
449	2	1	21	3	2	1	5	-2.9146	-2.50337	-4.39367	-4.47333
450	2	1	21	3	2	1	5	-2.9146	-2.50337	-4.39367	-4.47333
451	4	7	10	4	42	51	1	-2.9237	-4.61643	-4.87481	-3.81744
452	4	7	10	1	1	7	1	-5.2687	-8.3805	-5.97596	-6.13809
453	239	27	16	19	10	5	7	-9.75225	-6.49196	-9.13643	-10.2722
454	2	1	12	3	2	1	5	-2.60501	-2.13083	-3.62134	-4.72113
455	2	4	1	2	2	1	5	-2.77045	-3.6533	-4.14418	-4.11705
456	2	1	12	3	2	1	5	-2.60501	-2.13083	-3.62134	-4.72113
457	2	1	12	3	2	1	5	-2.60501	-2.13083	-3.62134	-4.72113
458	10	81	50	99	120	76	52	-6.70006	-6.42389	-5.25961	-5.19867
459	47	2	4	2	6	5	17	-11.3212	-11.7205	-6.1903	-8.7092
460	2	4	1	3	2	1	5	-6.84223	-8.49552	-9.79779	-9.67125
461	4	7	10	4	1	7	1	-1.82566	-3.77376	-2.60936	-1.95961
462	2	1	1	380	2	1	5	-6.13892	-5.74963	-8.21637	-8.7057
463	2	4	1	2	7	1	5	-2.30171	-5.50819	-5.84194	-5.04972
464	2	1	12	88	2	1	5	-3.93101	-3.44413	-5.70791	-5.29754
465	7	71	5	62	11	67	1	-31.5919	-27.0907	-26.8256	-26.279
466	2	4	1	2	7	1	5	-2.30171	-5.50819	-5.84194	-5.04972
467	4	7	10	4	1	7	1	-1.82566	-3.77376	-2.60936	-1.95961
468	2	1	1	380	2	1	5	-6.13892	-5.74963	-8.21637	-8.7057
469	2	4	1	2	2	1	5	-2.77045	-3.6533	-4.14418	-4.11705
470	2	1	12	3	2	1	5	-2.60501	-2.13083	-3.62134	-4.72113
471	1	14	2	2	6	1	17	-9.17544	-6.46215	-7.72978	-6.35136
472	1	2	4	62	4	5	17	-6.06597	-4.86744	-7.42828	-8.22107
473	4	7	10	4	1	7	1	-1.82566	-3.77376	-2.60936	-1.95961
474	2	1	21	3	2	1	5	-2.9146	-2.50337	-4.39367	-4.47333
475	2	4	1	2	2	1	5	-2.77045	-3.6533	-4.14418	-4.11705
476	1	4	2	2	6	3	17	-4.56673	-2.46992	-4.54821	-5.45244
477	4	7	10	4	1	7	1	-1.82566	-3.77376	-2.60936	-1.95961
478	10	2	107	62	120	76	1	-6.8498	-9.72735	-7.9412	-6.34251
479	2	1	12	3	2	1	5	-2.60501	-2.13083	-3.62134	-4.72113
480	2	1	5	3	2	3	5	-4.21025	-3.26786	-5.44646	-4.78382
481	2	1	21	3	2	1	5	-2.9146	-2.50337	-4.39367	-4.47333
482	1	2	3	4	5	9	3	-4.56587	-2.51138	-3.60001	-4.92369
483	1	307	3	4	5	9	3	-6.82621	-6.45538	-6.11823	-8.30225
484	7	2	5	2	10	3	6	-32.3149	-27.0627	-28.6645	-28.6787
485	1	2	3	4	5	9	3	-4.56587	-2.51138	-3.60001	-4.92369
486	33	39	30	82	104	173	68	-5.34823	-3.99949	-6.57502	-7.41077
487	4	7	10	4	42	7	1	-6.62888	-8.78842	-5.56075	-4.69
488	2	1	12	88	2	1	5	-3.93101	-3.44413	-5.70791	-5.29754
489	2	4	1	2	2	1	5	-2.77045	-3.6533	-4.14418	-4.11705
490	2	1	21	3	2	1	5	-2.9146	-2.50337	-4.39367	-4.47333
491	9	2	4	62	4	5	6	-3.70747	-5.19805	-5.81064	-6.56352
492	2	1	5	3	2	3	5	-4.21025	-3.26786	-5.44646	-4.78382
493	4	7	10	4	1	7	1	-1.82566	-3.77376	-2.60936	-1.95961
494	2	1	57	26	127	29	35	-6.87871	-9.92109	-6.17427	-8.44174
495	2	1	57	26	127	29	35	-6.87871	-9.92109	-6.17427	-8.44174
496	2	4	2	4	19	3	6	-5.79177	-9.00672	-9.45065	-8.847
497	2	1	12	3	2	1	5	-2.60501	-2.13083	-3.62134	-4.72113
498	2	4	1	2	2	1	5	-2.77045	-3.6533	-4.14418	-4.11705
499	2	4	1	2	2	1	5	-2.77045	-3.6533	-4.14418	-4.11705
500	2	1	21	3	2	1	5	-2.9146	-2.50337	-4.39367	-4.47333
501	33	39	65	79	104	43	17	-4.59057	-7.81227	-8.25504	-7.65433
502	1	14	2	2	6	1	17	-9.17544	-6.46215	-7.72978	-6.35136
503	2	1	12	3	2	1	5	-2.60501	-2.13083	-3.62134	-4.72113
504	7	21	5	62	4	61	44	-7.09816	-3.85438	-5.63955	-7.3405
505	9	2	4	62	4	5	6	-3.70747	-5.19805	-5.81064	-6.56352
506	129	66	30	82	189	47	17	-3.24001	-4.8596	-5.50931	-4.16056
507	2	1	21	3	2	1	5	-2.9146	-2.50337	-4.39367	-4.47333
508	47	2	4	2	6	5	17	-11.3212	-11.7205	-6.1903	-8.7092
509	2	4	1	2	7	1	5	-2.30171	-5.50819	-5.84194	-5.04972
510	33	38	30	82	104	325	36	-14.0072	-10.4102	-12.2887	-12.518
511	1	4	2	2	6	3	17	-4.56673	-2.46992	-4.54821	-5.45244
512	1	4	2	2	6	3	17	-4.56673	-2.46992	-4.54821	-5.45244
513	2	4	1	2	2	1	5	-2.77045	-3.6533	-4.14418	-4.11705
514	4	7	10	4	1	7	1	-1.82566	-3.77376	-2.60936	-1.95961
515	33	283	44	82	189	44	17	-6.70787	-3.49422	-5.3982	-5.96703
516	8	10	149	2	11	12	6	-4.851	-3.99185	-5.65091	-6.99962
517	2	1	21	3	62	1	5	-5.7899	-8.99233	-9.44823	-8.84869
518	10	1	16	19	10	5	7	-5.97673	-2.76992	-4.17806	-5.17398
519	180	194	2	68	19	231	147	-26.5623	-28.0857	-24.7043	-19.578
520	2	4	1	2	7	1	5	-2.30171	-5.50819	-5.84194	-5.04972
521	2	4	2	2	6	1	5	-6.05572	-4.85259	-5.93133	-7.73754
522	1	2	3	4	5	9	3	-4.56587	-2.51138	-3.60001	-4.92369
523	2	1	21	3	2	1	5	-2.9146	-2.50337	-4.39367	-4.47333
524	2	1	12	3	2	1	5	-2.60501	-2.13083	-3.62134	-4.72113
525	2	1	5	3	2	3	5	-4.21025	-3.26786	-5.44646	-4.78382
526	1	307	3	4	5	9	3	-6.82621	-6.45538	-6.11823	-8.30225
527	2	4	1	2	7	1	5	-2.30171	-5.50819	-5.84194	-5.04972
528	2	1	12	3	2	1	5	-2.60501	-2.13083	-3.62134	-4.72113
529	7	21	5	62	4	61	44	-7.09816	-3.85438	-5.63955	-7.3405
530	2	1	5	3	2	3	5	-4.21025	-3.26786	-5.44646	-4.78382
531	2	1	12	88	2	1	5	-3.93101	-3.44413	-5.70791	-5.29754
532	2	1	21	3	2	1	5	-2.9146	-2.50337	-4.39367	-4.47333
533	1	4	2	2	6	3	17	-4.56673	-2.46992	-4.54821	-5.45244
534	2	4	1	2	7	1	5	-2.30171	-5.50819	-5.84194	-5.04972
535	47	2	4	2	6	5	17	-11.3212	-11.7205	-6.1903	-8.7092
536	1	4	2	2	6	3	17	-4.56673	-2.46992	-4.54821	-5.45244
537	1	2	3	4	5	9	3	-4.56587	-2.51138	-3.60001	-4.92369
538	2	4	1	2	2	1	5	-2.77045	-3.6533	-4.14418	-4.11705
539	4	7	10	4	42	7	1	-6.62888	-8.78842	-5.56075	-4.69
540	2	4	1	9	2	1	5	-7.01074	-7.56809	-7.29456	-6.36094
541	2	1	12	3	2	1	5	-2.60501	-2.13083	-3.62134	-4.72113
542	1	4	2	9	6	3	17	-8.80663	-6.33538	-7.67015	-7.67532
543	1	2	3	4	922	9	3	-8.8215	-6.42845	-6.75181	-7.16995
544	4	7	10	4	1	7	1	-1.82566	-3.77376	-2.60936	-1.95961
545	2	1	5	3	2	3	5	-4.21025	-3.26786	-5.44646	-4.78382
546	2	4	1	2	7	1	5	-2.30171	-5.50819	-5.84194	-5.04972
547	4	7	10	4	1	7	1	-1.82566	-3.77376	-2.60936	-1.95961
548	2	4	1	2	2	1	5	-2.77045	-3.6533	-4.14418	-4.11705
549	2	1	21	3	2	1	5	-2.9146	-2.50337	-4.39367	-4.47333
550	4	7	10	4	1	7	1	-1.82566	-3.77376	-2.60936	-1.95961
551	1	4	2	2	6	3	17	-4.56673	-2.46992	-4.54821	-5.45244
552	2	1	5	3	2	5	5	-5.44363	-2.85138	-4.08298	-5.49396
553	2	1	12	3	2	1	5	-2.60501	-2.13083	-3.62134	-4.72113
554	4	936	10	4	1	7	1	-6.07568	-7.68803	-5.73456	-4.20798
555	180	194	2	68	19	231	147	-26.5623	-28.0857	-24.7043	-19.578
556	4	7	10	4	42	51	1	-2.9237	-4.61643	-4.87481	-3.81744
557	4	7	10	4	42	25	1	-8.80153	-9.62565	-5.78302	-5.20923
558	2	1	21	3	2	1	5	-2.9146	-2.50337	-4.39367	-4.47333
559	2	1	5	3	2	3	5	-4.21025	-3.26786	-5.44646	-4.78382
560	2	1	5	3	2	3	5	-4.21025	-3.26786	-5.44646	-4.78382
561	4	7	10	4	42	51	1	-2.9237	-4.61643	-4.87481	-3.81744
562	4	7	10	4	1	7	1	-1.82566	-3.77376	-2.60936	-1.95961
563	2	4	1	2	7	1	5	-2.30171	-5.50819	-5.84194	-5.04972
564	2	1	21	3	2	1	5	-2.9146	-2.50337	-4.39367	-4.47333
565	1	4	2	2	6	3	17	-4.56673	-2.46992	-4.54821	-5.45244
566	188	313	5	2	89	5	6	-41.0138	-35.3752	-37.2339	-38.9396
567	2	1	21	3	2	1	5	-2.9146	-2.50337	-4.39367	-4.47333
568	2	1	1	3	2	1	5	-4.59659	-3.801	-6.32914	-6.97845
569	2	1	5	3	2	3	5	-4.21025	-3.26786	-5.44646	-4.78382
570	2	4	1	2	2	1	5	-2.77045	-3.6533	-4.14418	-4.11705
571	2	1	5	3	2	3	5	-4.21025	-3.26786	-5.44646	-4.78382
572	2	1	1	3	2	1	5	-4.59659	-3.801	-6.32914	-6.97845
573	2	1	5	3	2	3	5	-4.21025	-3.26786	-5.44646	-4.78382
574	1	4	2	2	6	3	17	-4.56673	-2.46992	-4.54821	-5.45244
575	1	4	2	2	6	3	17	-4.56673	-2.46992	-4.54821	-5.45244
576	2	1	21	3	2	1	5	-2.9146	-2.50337	-4.39367	-4.47333
577	239	27	16	19	10	5	7	-9.75225	-6.49196	-9.13643	-10.2722
578	2	4	5	2	2	5	5	-3.66755	-6.85353	-6.91583	-5.83646
579	9	2	4	62	4	5	6	-3.70747	-5.19805	-5.81064	-6.56352
580	2	1	1	3	2	1	5	-4.59659	-3.801	-6.32914	-6.97845
581	2	1	5	3	2	3	5	-4.21025	-3.26786	-5.44646	-4.78382
582	1	4	2	2	6	3	17	-4.56673	-2.46992	-4.54821	-5.45244
583	2	4	5	2	2	5	5	-3.66755	-6.85353	-6.91583	-5.83646
584	2	4	5	2	2	5	5	-3.66755	-6.85353	-6.91583	-5.83646
585	2	1	5	3	2	3	5	-4.21025	-3.26786	-5.44646	-4.78382
586	2	1	1	380	2	1	5	-6.13892	-5.74963	-8.21637	-8.7057
587	2	7	10	4	1	7	1	-6.66113	-8.64375	-8.09958	-7.20738
588	2	1	12	3	2	1	5	-2.60501	-2.13083	-3.62134	-4.72113
589	2	4	1	2	2	1	5	-2.77045	-3.6533	-4.14418	-4.11705
590	9	2	4	62	4	5	6	-3.70747	-5.19805	-5.81064	-6.56352
591	2	4	5	2	2	5	5	-3.66755	-6.85353	-6.91583	-5.83646
592	1	4	2	2	6	3	17	-4.56673	-2.46992	-4.54821	-5.45244
593	1	4	2	2	6	5	17	-13.0507	-8.67653	-11.491	-13.4903
594	2	4	2	2	6	1	5	-6.05572	-4.85259	-5.93133	-7.73754
595	1	4	2	2	6	5	17	-13.0507	-8.67653	-11.491	-13.4903
596	2	23	21	3	2	1	5	-7.17092	-6.42531	-7.5472	-6.72123
597	7	21	5	62	4	61	44	-7.09816	-3.85438	-5.63955	-7.3405
598	2	4	1	2	2	1	5	-2.77045	-3.6533	-4.14418	-4.11705
599	1	307	3	4	5	9	3	-6.82621	-6.45538	-6.11823	-8.30225
600	1	2	3	4	5	9	3	-4.56587	-2.51138	-3.60001	-4.92369
601	9	2	4	62	4	5	6	-3.70747	-5.19805	-5.81064	-6.56352
602	2	1	12	3	2	1	5	-2.60501	-2.13083	-3.62134	-4.72113
603	1	4	2	2	6	3	17	-4.56673	-2.46992	-4.54821	-5.45244
604	10	1	16	19	10	5	7	-5.97673	-2.76992	-4.17806	-5.17398
605	2	1	12	3	2	1	5	-2.60501	-2.13083	-3.62134	-4.72113
606	180	194	2	68	19	231	147	-26.5623	-28.0857	-24.7043	-19.578
607	2	1	12	3	2	1	5	-2.60501	-2.13083	-3.62134	-4.72113
608	4	7	10	4	1	7	1	-1.82566	-3.77376	-2.60936	-1.95961
609	129	66	30	82	189	47	17	-3.24001	-4.8596	-5.50931	-4.16056
610	4	7	10	4	1	7	1	-1.82566	-3.77376	-2.60936	-1.95961
611	2	1	12	3	2	1	5	-2.60501	-2.13083	-3.62134	-4.72113
612	2	1	21	3	2	1	5	-2.9146	-2.50337	-4.39367	-4.47333
613	4	7	10	4	1	7	1	-1.82566	-3.77376	-2.60936	-1.95961
614	10	1	16	19	10	5	7	-5.97673	-2.76992	-4.17806	-5.17398
615	8	10	149	2	11	12	6	-4.851	-3.99185	-5.65091	-6.99962
616	129	66	30	82	189	47	17	-3.24001	-4.8596	-5.50931	-4.16056
617	2	4	1	2	2	1	5	-2.77045	-3.6533	-4.14418	-4.11705
618	180	194	2	68	19	231	147	-26.5623	-28.0857	-24.7043	-19.578
619	2	1	5	3	2	3	5	-4.21025	-3.26786	-5.44646	-4.78382
620	2	4	1	2	2	1	5	-2.77045	-3.6533	-4.14418	-4.11705
621	1	2	3	4	5	9	3	-4.56587	-2.51138	-3.60001	-4.92369
622	180	194	2	68	19	231	147	-26.5623	-28.0857	-24.7043	-19.578
623	33	39	65	79	104	43	17	-4.59057	-7.81227	-8.25504	-7.65433
624	2	4	5	2	2	5	5	-3.66755	-6.85353	-6.91583	-5.83646
625	2	1	5	3	2	5	5	-5.44363	-2.85138	-4.08298	-5.49396
626	2	1	12	3	2	1	5	-2.60501	-2.13083	-3.62134	-4.72113
627	180	194	2	68	19	231	147	-26.5623	-28.0857	-24.7043	-19.578
628	2	1	21	3	2	1	5	-2.9146	-2.50337	-4.39367	-4.47333
629	2	1	5	3	2	5	5	-5.44363	-2.85138	-4.08298	-5.49396
630	2	1	21	3	2	1	5	-2.9146	-2.50337	-4.39367	-4.47333
631	1	2	3	4	5	9	3	-4.56587	-2.51138	-3.60001	-4.92369
632	2	1	21	3	2	1	5	-2.9146	-2.50337	-4.39367	-4.47333
633	8	10	2	2	11	12	6	-3.94765	-7.12308	-7.60856	-7.01057
634	2	4	1	2	7	1	5	-2.30171	-5.50819	-5.84194	-5.04972
635	2	1	5	3	2	3	5	-4.21025	-3.26786	-5.44646	-4.78382
636	1	2	3	4	5	9	3	-4.56587	-2.51138	-3.60001	-4.92369
637	9	2	4	62	4	5	6	-3.70747	-5.19805	-5.81064	-6.56352
638	2	1	21	3	2	1	5	-2.9146	-2.50337	-4.39367	-4.47333
639	8	10	149	2	11	12	6	-4.851	-3.99185	-5.65091	-6.99962
640	2	1	12	88	2	1	5	-3.93101	-3.44413	-5.70791	-5.29754
641	2	4	1	2	2	1	5	-2.77045	-3.6533	-4.14418	-4.11705
642	2	1	5	10	10	1	5	-24.1627	-22.9927	-23.0231	-23.5451
643	1	2	3	4	5	9	3	-4.56587	-2.51138	-3.60001	-4.92369
644	2	4	1	2	7	1	5	-2.30171	-5.50819	-5.84194	-5.04972
645	2	4	1	2	2	1	5	-2.77045	-3.6533	-4.14418	-4.11705
646	1	2	3	4	5	9	3	-4.56587	-2.51138	-3.60001	-4.92369
647	2	1	12	88	2	1	5	-3.93101	-3.44413	-5.70791	-5.29754
648	4	7	10	4	1	7	1	-1.82566	-3.77376	-2.60936	-1.95961
649	2	1	21	3	2	1	5	-2.9146	-2.50337	-4.39367	-4.47333
650	2	4	1	2	7	1	5	-2.30171	-5.50819	-5.84194	-5.04972
651	33	38	30	82	118	43	17	-20.0369	-18.5545	-21.0929	-21.7429
652	2	4	1	2	2	1	5	-2.77045	-3.6533	-4.14418	-4.11705
653	2	1	5	3	2	3	5	-4.21025	-3.26786	-5.44646	-4.78382
654	4	7	10	4	1	7	1	-1.82566	-3.77376	-2.60936	-1.95961
655	8	10	2	2	11	12	6	-3.94765	-7.12308	-7.60856	-7.01057
656	2	4	5	2	2	5	5	-3.66755	-6.85353	-6.91583	-5.83646
657	4	7	10	4	1	7	1	-1.82566	-3.77376	-2.60936	-1.95961
658	2	1	5	3	2	3	5	-4.21025	-3.26786	-5.44646	-4.78382
659	33	39	30	82	113	47	17	-5.7567	-5.75871	-8.13332	-8.46055
660	2	1	21	3	2	1	5	-2.9146	-2.50337	-4.39367	-4.47333
661	2	4	1	2	7	1	5	-2.30171	-5.50819	-5.84194	-5.04972
662	2	1	1	3	2	1	5	-4.59659	-3.801	-6.32914	-6.97845
663	4	7	10	4	1	7	1	-1.82566	-3.77376	-2.60936	-1.95961
664	7	21	5	62	4	61	44	-7.09816	-3.85438	-5.63955	-7.3405
665	10	81	50	99	120	76	52	-6.70006	-6.42389	-5.25961	-5.19867
666	4	7	10	4	1	7	1	-1.82566	-3.77376	-2.60936	-1.95961
667	1	2	3	4	5	9	3	-4.56587	-2.51138	-3.60001	-4.92369
668	1	2	3	4	5	9	3	-4.56587	-2.51138	-3.60001	-4.92369
669	2	4	1	2	7	1	5	-2.30171	-5.50819	-5.84194	-5.04972
670	4	7	10	4	1	7	1	-1.82566	-3.77376	-2.60936	-1.95961
671	2	1	5	3	2	3	5	-4.21025	-3.26786	-5.44646	-4.78382
672	1	4	2	2	6	3	17	-4.56673	-2.46992	-4.54821	-5.45244
673	4	935	10	4	1	7	1	-6.07568	-7.68803	-5.73456	-4.20798
674	10	1	16	19	10	5	7	-5.97673	-2.76992	-4.17806	-5.17398
675	4	7	10	4	1	7	1	-1.82566	-3.77376	-2.60936	-1.95961
676	33	39	65	79	104	43	17	-4.59057	-7.81227	-8.25504	-7.65433
677	2	4	2	2	6	1	5	-6.05572	-4.85259	-5.93133	-7.73754
678	4	7	10	4	42	25	1	-8.80153	-9.62565	-5.78302	-5.20923
679	1	4	2	2	6	3	17	-4.56673	-2.46992	-4.54821	-5.45244
680	4	7	10	4	42	25	1	-8.80153	-9.62565	-5.78302	-5.20923
681	4	7	10	4	42	25	1	-8.80153	-9.62565	-5.78302	-5.20923
682	4	7	10	4	1	7	1	-1.82566	-3.77376	-2.60936	-1.95961
683	2	4	1	2	7	1	5	-2.30171	-5.50819	-5.84194	-5.04972
684	4	7	10	4	1	7	1	-1.82566	-3.77376	-2.60936	-1.95961
685	4	7	10	4	42	7	1	-6.62888	-8.78842	-5.56075	-4.69
686	10	27	16	19	10	5	7	-20.2527	-12.7644	-16.0377	-17.2902
687	10	81	50	99	120	76	52	-6.70006	-6.42389	-5.25961	-5.19867
688	4	7	10	4	1	7	1	-1.82566	-3.77376	-2.60936	-1.95961
689	4	7	10	4	42	51	1	-2.9237	-4.61643	-4.87481	-3.81744
690	4	7	10	4	1	7	1	-1.82566	-3.77376	-2.60936	-1.95961
691	10	81	50	99	120	76	52	-6.70006	-6.42389	-5.25961	-5.19867
692	2	4	1	2	2	1	5	-2.77045	-3.6533	-4.14418	-4.11705
693	4	7	10	4	42	51	1	-2.9237	-4.61643	-4.87481	-3.81744
694	4	7	10	4	42	51	1	-2.9237	-4.61643	-4.87481	-3.81744
695	4	7	10	4	42	51	1	-2.9237	-4.61643	-4.87481	-3.81744
696	8	10	2	2	11	12	6	-3.94765	-7.12308	-7.60856	-7.01057
697	33	38	30	82	104	43	17	-5.28362	-8.50411	-8.94664	-8.34344
698	4	7	10	4	1	7	1	-1.82566	-3.77376	-2.60936	-1.95961
699	10	81	50	99	120	76	52	-6.70006	-6.42389	-5.25961	-5.19867
700	2	4	1	2	7	1	5	-2.30171	-5.50819	-5.84194	-5.04972
701	4	7	10	4	1	7	1	-1.82566	-3.77376	-2.60936	-1.95961
702	4	7	10	4	1	7	1	-1.82566	-3.77376	-2.60936	-1.95961
703	10	81	50	99	120	76	52	-6.70006	-6.42389	-5.25961	-5.19867
704	4	7	10	4	42	51	1	-2.9237	-4.61643	-4.87481	-3.81744
705	9	2	4	62	4	5	6	-3.70747	-5.19805	-5.81064	-6.56352
706	4	7	10	4	1	7	1	-1.82566	-3.77376	-2.60936	-1.95961
707	2	1	1	3	2	1	5	-4.59659	-3.801	-6.32914	-6.97845
708	1	14	2	2	6	1	17	-9.17544	-6.46215	-7.72978	-6.35136
709	2	4	2	2	6	1	5	-6.05572	-4.85259	-5.93133	-7.73754
710	2	4	2	2	6	1	5	-6.05572	-4.85259	-5.93133	-7.73754
711	4	7	10	4	42	51	1	-2.9237	-4.61643	-4.87481	-3.81744
712	10	2	107	62	120	76	1	-6.8498	-9.72735	-7.9412	-6.34251
713	2	1	12	3	2	1	5	-2.60501	-2.13083	-3.62134	-4.72113
714	2	4	1	2	2	1	5	-2.77045	-3.6533	-4.14418	-4.11705
715	47	2	4	2	6	5	17	-11.3212	-11.7205	-6.1903	-8.7092
716	4	7	10	4	42	5	1	-11.3813	-10.7995	-11.1776	-11.352
717	2	1	12	3	2	1	5	-2.60501	-2.13083	-3.62134	-4.72113
718	4	7	10	4	42	51	1	-2.9237	-4.61643	-4.87481	-3.81744
719	1	307	3	4	5	9	3	-6.82621	-6.45538	-6.11823	-8.30225
720	2	1	21	3	2	1	5	-2.9146	-2.50337	-4.39367	-4.47333
721	4	7	10	4	1	7	1	-1.82566	-3.77376	-2.60936	-1.95961
722	2	4	1	2	2	1	5	-2.77045	-3.6533	-4.14418	-4.11705
723	2	1	12	3	2	1	5	-2.60501	-2.13083	-3.62134	-4.72113
724	4	7	10	4	1	7	1	-1.82566	-3.77376	-2.60936	-1.95961
725	2	1	21	3	2	1	5	-2.9146	-2.50337	-4.39367	-4.47333
726	2	1	1	3	2	1	5	-4.59659	-3.801	-6.32914	-6.97845
727	4	7	10	4	1	7	1	-1.82566	-3.77376	-2.60936	-1.95961
728	2	1	12	3	2	1	5	-2.60501	-2.13083	-3.62134	-4.72113
729	1	4	3	2	6	3	17	-14.7093	-9.16633	-11.7588	-13.9501
730	2	1	12	3	2	1	5	-2.60501	-2.13083	-3.62134	-4.72113
731	2	1	12	88	2	1	5	-3.93101	-3.44413	-5.70791	-5.29754
732	1	4	2	2	6	3	17	-4.56673	-2.46992	-4.54821	-5.45244
733	4	7	10	4	42	51	1	-2.9237	-4.61643	-4.87481	-3.81744
734	2	1	12	3	2	1	5	-2.60501	-2.13083	-3.62134	-4.72113
735	4	7	10	4	1	7	1	-1.82566	-3.77376	-2.60936	-1.95961
736	2	1	12	88	2	1	5	-3.93101	-3.44413	-5.70791	-5.29754
737	2	1	21	3	2	1	5	-2.9146	-2.50337	-4.39367	-4.47333
738	2	4	5	2	2	5	5	-3.66755	-6.85353	-6.91583	-5.83646
739	2	4	5	2	2	5	5	-3.66755	-6.85353	-6.91583	-5.83646
740	2	1	21	3	62	1	5	-5.7899	-8.99233	-9.44823	-8.84869
741	4	7	10	4	42	25	1	-8.80153	-9.62565	-5.78302	-5.20923
742	1	2	4	62	4	5	17	-6.06597	-4.86744	-7.42828	-8.22107
743	1	2	3	4	5	9	3	-4.56587	-2.51138	-3.60001	-4.92369
744	8	10	2	2	11	12	6	-3.94765	-7.12308	-7.60856	-7.01057
745	2	1	12	88	2	1	5	-3.93101	-3.44413	-5.70791	-5.29754
746	2	4	5	2	2	5	5	-3.66755	-6.85353	-6.91583	-5.83646
747	2	1	12	3	2	1	5	-2.60501	-2.13083	-3.62134	-4.72113
748	7	21	5	62	4	61	44	-7.09816	-3.85438	-5.63955	-7.3405
749	9	2	4	62	4	5	6	-3.70747	-5.19805	-5.81064	-6.56352
750	10	1	16	19	10	5	7	-5.97673	-2.76992	-4.17806	-5.17398
751	10	1	16	19	10	5	7	-5.97673	-2.76992	-4.17806	-5.17398
752	8	10	2	2	11	12	6	-3.94765	-7.12308	-7.60856	-7.01057
753	1	4	2	2	6	3	17	-4.56673	-2.46992	-4.54821	-5.45244
754	2	1	12	3	2	1	5	-2.60501	-2.13083	-3.62134	-4.72113
755	2	1	12	88	2	1	5	-3.93101	-3.44413	-5.70791	-5.29754
756	2	29	4	27	10	25	57	-20.4035	-21.3417	-14.553	-12.0985
757	2	1	5	3	2	3	5	-4.21025	-3.26786	-5.44646	-4.78382
758	2	1	12	3	2	1	5	-2.60501	-2.13083	-3.62134	-4.72113
759	37	52	57	26	107	29	23	-8.5575	-9.37699	-5.69299	-4.94994
760	2	4	1	2	7	1	5	-2.30171	-5.50819	-5.84194	-5.04972
761	1	2	3	4	5	9	3	-4.56587	-2.51138	-3.60001	-4.92369
762	2	1	12	3	2	1	5	-2.60501	-2.13083	-3.62134	-4.72113
763	1	4	2	2	6	3	17	-4.56673	-2.46992	-4.54821	-5.45244
764	1	4	2	2	6	3	17	-4.56673	-2.46992	-4.54821	-5.45244
765	1	2	3	4	5	9	3	-4.56587	-2.51138	-3.60001	-4.92369
766	4	7	10	4	1	7	1	-1.82566	-3.77376	-2.60936	-1.95961
767	2	1	21	3	2	1	5	-2.9146	-2.50337	-4.39367	-4.47333
768	2	1	12	3	2	1	5	-2.60501	-2.13083	-3.62134	-4.72113
769	2	4	1	2	2	5	5	-6.80601	-6.41415	-8.79978	-9.3205
770	2	4	1	2	2	1	5	-2.77045	-3.6533	-4.14418	-4.11705
771	2	4	5	2	2	5	5	-3.66755	-6.85353	-6.91583	-5.83646
772	10	1	16	19	10	5	7	-5.97673	-2.76992	-4.17806	-5.17398
773	7	21	5	62	4	61	44	-7.09816	-3.85438	-5.63955	-7.3405
774	9	2	4	62	4	5	6	-3.70747	-5.19805	-5.81064	-6.56352
775	2	1	12	3	2	1	5	-2.60501	-2.13083	-3.62134	-4.72113
776	1	4	2	2	6	3	17	-4.56673	-2.46992	-4.54821	-5.45244
777	4	7	10	4	1	7	1	-1.82566	-3.77376	-2.60936	-1.95961
778	2	1	12	3	2	1	5	-2.60501	-2.13083	-3.62134	-4.72113
779	2	1	5	3	2	5	5	-5.44363	-2.85138	-4.08298	-5.49396
780	2	23	21	3	2	1	5	-7.17092	-6.42531	-7.5472	-6.72123
781	2	4	5	2	2	5	5	-3.66755	-6.85353	-6.91583	-5.83646
782	2	4	2	2	6	1	5	-6.05572	-4.85259	-5.93133	-7.73754
783	2	1	12	3	2	1	5	-2.60501	-2.13083	-3.62134	-4.72113
784	4	7	10	4	42	51	1	-2.9237	-4.61643	-4.87481	-3.81744
785	7	17	5	2	86	232	1	-30.0397	-31.6502	-28.4499	-24.8682
786	2	4	1	2	2	1	5	-2.77045	-3.6533	-4.14418	-4.11705
787	2	1	12	3	2	1	5	-2.60501	-2.13083	-3.62134	-4.72113
788	2	1	21	3	2	1	5	-2.9146	-2.50337	-4.39367	-4.47333
789	7	17	2	15	23	3	12	-6.8937	-10.1151	-10.5583	-9.95689
790	2	1	5	3	2	5	5	-5.44363	-2.85138	-4.08298	-5.49396
791	1	6	60	24	12	28	1	-31.0816	-30.7803	-21.3798	-18.0603
792	1	2	3	4	5	9	3	-4.56587	-2.51138	-3.60001	-4.92369
793	2	4	5	2	2	5	5	-3.66755	-6.85353	-6.91583	-5.83646
794	1	2	3	4	5	9	3	-4.56587	-2.51138	-3.60001	-4.92369
795	1	6	60	24	12	28	1	-31.0816	-30.7803	-21.3798	-18.0603
796	9	2	4	62	4	5	6	-3.70747	-5.19805	-5.81064	-6.56352
797	2	4	1	2	2	1	5	-2.77045	-3.6533	-4.14418	-4.11705
798	4	7	10	4	1	7	1	-1.82566	-3.77376	-2.60936	-1.95961
799	2	4	5	2	2	5	5	-3.66755	-6.85353	-6.91583	-5.83646
800	7	2	2	2	11	12	6	-4.49425	-7.7144	-8.1578	-7.55698
801	2	1	21	3	2	1	941	-7.17054	-6.40624	-7.53836	-6.71789
802	9	2	2	10	10	3	5	-30.7946	-24.8632	-26.0576	-25.437
803	8	10	149	2	11	12	6	-4.851	-3.99185	-5.65091	-6.99962
804	7	1	5	2	10	3	6	-33.3275	-28.7395	-29.8664	-28.9768
805	2	1	21	3	2	1	5	-2.9146	-2.50337	-4.39367	-4.47333
806	33	39	30	82	113	43	17	-9.51289	-6.48301	-6.14241	-8.52042
807	1	6	60	24	12	28	1	-31.0816	-30.7803	-21.3798	-18.0603
808	1	6	60	24	12	28	1	-31.0816	-30.7803	-21.3798	-18.0603
809	7	17	2	15	23	3	12	-6.8937	-10.1151	-10.5583	-9.95689
810	1	4	2	2	6	3	17	-4.56673	-2.46992	-4.54821	-5.45244
811	1	4	2	2	6	3	17	-4.56673	-2.46992	-4.54821	-5.45244
812	7	21	5	62	4	61	44	-7.09816	-3.85438	-5.63955	-7.3405
813	239	27	16	19	10	5	7	-9.75225	-6.49196	-9.13643	-10.2722
814	9	2	4	62	4	5	6	-3.70747	-5.19805	-5.81064	-6.56352
815	10	1	16	19	10	5	7	-5.97673	-2.76992	-4.17806	-5.17398
816	2	1	5	3	2	5	5	-5.44363	-2.85138	-4.08298	-5.49396
817	2	4	5	2	2	5	5	-3.66755	-6.85353	-6.91583	-5.83646
818	8	10	2	2	11	12	6	-3.94765	-7.12308	-7.60856	-7.01057
819	7	17	2	15	23	3	12	-6.8937	-10.1151	-10.5583	-9.95689
820	2	4	1	4	1	1	5	-16.2561	-17.7265	-15.7693	-15.0064
821	4	7	10	4	1	7	1	-1.82566	-3.77376	-2.60936	-1.95961
822	8	10	149	2	11	12	6	-4.851	-3.99185	-5.65091	-6.99962
823	2	1	12	88	2	1	5	-3.93101	-3.44413	-5.70791	-5.29754
824	2	4	2	2	6	1	5	-6.05572	-4.85259	-5.93133	-7.73754
825	10	81	50	99	120	76	52	-6.70006	-6.42389	-5.25961	-5.19867
826	2	4	5	2	2	5	5	-3.66755	-6.85353	-6.91583	-5.83646
827	2	4	1	2	2	5	5	-6.80601	-6.41415	-8.79978	-9.3205
828	8	10	149	2	11	12	6	-4.851	-3.99185	-5.65091	-6.99962
829	1	4	2	2	6	3	17	-4.56673	-2.46992	-4.54821	-5.45244
830	2	165	73	147	220	190	104	-8.90886	-9.75887	-6.91993	-5.27196
831	4	7	10	4	42	25	1	-8.80153	-9.62565	-5.78302	-5.20923
832	7	2	2	2	11	12	6	-4.49425	-7.7144	-8.1578	-7.55698
833	1	6	60	24	12	28	1	-31.0816	-30.7803	-21.3798	-18.0603
834	2	1	12	3	2	1	5	-2.60501	-2.13083	-3.62134	-4.72113
835	33	39	65	79	104	77	17	-5.28357	-8.50466	-8.94827	-8.34735
836	4	7	10	4	1	7	1	-1.82566	-3.77376	-2.60936	-1.95961
837	1	2	3	4	5	9	3	-4.56587	-2.51138	-3.60001	-4.92369
838	2	1	21	3	2	1	5	-2.9146	-2.50337	-4.39367	-4.47333
839	2	1	12	3	2	1	5	-2.60501	-2.13083	-3.62134	-4.72113
840	4	7	10	4	1	7	1	-1.82566	-3.77376	-2.60936	-1.95961
841	2	4	1	2	7	1	5	-2.30171	-5.50819	-5.84194	-5.04972
842	184	39	30	82	113	43	17	-3.94554	-6.08163	-7.41574	-6.97425
843	4	7	10	4	1	7	1	-1.82566	-3.77376	-2.60936	-1.95961
844	2	4	1	2	2	1	5	-2.77045	-3.6533	-4.14418	-4.11705
845	4	7	10	4	1	7	1	-1.82566	-3.77376	-2.60936	-1.95961
846	2	1	12	88	2	1	5	-3.93101	-3.44413	-5.70791	-5.29754
847	2	1	21	3	2	1	5	-2.9146	-2.50337	-4.39367	-4.47333
848	1	2	3	4	5	9	3	-4.56587	-2.51138	-3.60001	-4.92369
849	4	7	10	4	1	7	1	-1.82566	-3.77376	-2.60936	-1.95961
850	2	1	21	3	2	1	5	-2.9146	-2.50337	-4.39367	-4.47333
851	8	10	2	2	11	12	6	-3.94765	-7.12308	-7.60856	-7.01057
852	2	4	1	2	2	1	5	-2.77045	-3.6533	-4.14418	-4.11705
853	2	4	1	2	2	1	5	-2.77045	-3.6533	-4.14418	-4.11705
854	2	4	2	2	6	1	5	-6.05572	-4.85259	-5.93133	-7.73754
855	2	4	1	2	2	1	5	-2.77045	-3.6533	-4.14418	-4.11705
856	2	4	1	2	2	1	5	-2.77045	-3.6533	-4.14418	-4.11705
857	2	4	1	2	2	1	5	-2.77045	-3.6533	-4.14418	-4.11705
858	1	2	3	4	5	9	3	-4.56587	-2.51138	-3.60001	-4.92369
859	2	4	1	2	2	1	5	-2.77045	-3.6533	-4.14418	-4.11705
860	2	4	1	2	2	1	5	-2.77045	-3.6533	-4.14418	-4.11705
861	8	10	2	2	11	12	6	-3.94765	-7.12308	-7.60856	-7.01057
862	2	1	5	3	2	3	5	-4.21025	-3.26786	-5.44646	-4.78382
863	33	39	30	82	104	173	68	-5.34823	-3.99949	-6.57502	-7.41077
864	2	4	1	2	7	1	5	-2.30171	-5.50819	-5.84194	-5.04972
865	8	10	2	2	11	12	6	-3.94765	-7.12308	-7.60856	-7.01057
866	2	4	1	2	7	1	5	-2.30171	-5.50819	-5.84194	-5.04972
867	1	2	3	4	5	9	3	-4.56587	-2.51138	-3.60001	-4.92369
868	1	2	215	4	90	24	8	-31.2394	-27.5802	-22.9766	-19.8535
869	2	1	1	3	2	1	5	-4.59659	-3.801	-6.32914	-6.97845
870	10	81	50	99	120	76	52	-6.70006	-6.42389	-5.25961	-5.19867
871	2	4	1	2	7	1	5	-2.30171	-5.50819	-5.84194	-5.04972
872	2	1	12	3	2	1	5	-2.60501	-2.13083	-3.62134	-4.72113
873	2	4	1	2	2	1	5	-2.77045	-3.6533	-4.14418	-4.11705
874	2	4	1	2	2	1	5	-2.77045	-3.6533	-4.14418	-4.11705
875	2	4	1	2	2	1	5	-2.77045	-3.6533	-4.14418	-4.11705
876	2	1	5	3	2	3	5	-4.21025	-3.26786	-5.44646	-4.78382
877	2	4	1	2	2	1	5	-2.77045	-3.6533	-4.14418	-4.11705
878	4	7	10	4	1	7	1	-1.82566	-3.77376	-2.60936	-1.95961
879	2	4	1	2	7	1	5	-2.30171	-5.50819	-5.84194	-5.04972
880	2	4	5	2	2	5	5	-3.66755	-6.85353	-6.91583	-5.83646
881	2	4	1	2	2	1	5	-2.77045	-3.6533	-4.14418	-4.11705
882	8	10	2	2	11	12	6	-3.94765	-7.12308	-7.60856	-7.01057
883	4	7	10	4	1	7	1	-1.82566	-3.77376	-2.60936	-1.95961
884	2	4	1	2	2	1	5	-2.77045	-3.6533	-4.14418	-4.11705
885	166	2	1	10	17	3	1	-36.0316	-35.1516	-32.2739	-28.8695
886	2	4	1	2	7	1	5	-2.30171	-5.50819	-5.84194	-5.04972
887	2	4	1	2	2	1	5	-2.77045	-3.6533	-4.14418	-4.11705
888	4	7	10	4	1	7	1	-1.82566	-3.77376	-2.60936	-1.95961
889	4	7	10	4	1	7	1	-1.82566	-3.77376	-2.60936	-1.95961
890	2	4	1	2	7	1	5	-2.30171	-5.50819	-5.84194	-5.04972
891	2	4	1	2	2	1	5	-2.77045	-3.6533	-4.14418	-4.11705
892	2	1	5	3	2	3	5	-4.21025	-3.26786	-5.44646	-4.78382
893	9	25	2	10	22	3	6	-4.46747	-7.45057	-5.95742	-4.3842
894	2	1	21	3	62	1	5	-5.7899	-8.99233	-9.44823	-8.84869
895	129	66	30	82	189	47	17	-3.24001	-4.8596	-5.50931	-4.16056
896	129	66	30	82	189	47	17	-3.24001	-4.8596	-5.50931	-4.16056
897	4	7	10	4	1	7	1	-1.82566	-3.77376	-2.60936	-1.95961
898	2	4	1	2	2	1	5	-2.77045	-3.6533	-4.14418	-4.11705
899	4	7	10	4	42	7	1	-6.62888	-8.78842	-5.56075	-4.69
900	2	4	1	2	7	1	5	-2.30171	-5.50819	-5.84194	-5.04972
901	1	307	3	4	5	9	3	-6.82621	-6.45538	-6.11823	-8.30225
902	2	1	21	3	2	1	5	-2.9146	-2.50337	-4.39367	-4.47333
903	4	7	10	4	1	7	1	-1.82566	-3.77376	-2.60936	-1.95961
904	2	1	21	3	2	1	5	-2.9146	-2.50337	-4.39367	-4.47333
905	2	4	1	2	2	5	5	-6.80601	-6.41415	-8.79978	-9.3205
906	2	4	1	2	7	1	5	-2.30171	-5.50819	-5.84194	-5.04972
907	2	4	1	2	7	1	5	-2.30171	-5.50819	-5.84194	-5.04972
908	2	4	1	2	7	1	5	-2.30171	-5.50819	-5.84194	-5.04972
909	4	7	10	4	1	7	1	-1.82566	-3.77376	-2.60936	-1.95961
910	8	10	2	2	11	12	6	-3.94765	-7.12308	-7.60856	-7.01057
911	7	21	5	62	4	61	44	-7.09816	-3.85438	-5.63955	-7.3405
912	2	1	12	88	2	1	5	-3.93101	-3.44413	-5.70791	-5.29754
913	2	4	1	2	2	1	5	-2.77045	-3.6533	-4.14418	-4.11705
914	1	2	3	4	5	9	3	-4.56587	-2.51138	-3.60001	-4.92369
915	2	4	1	2	7	1	5	-2.30171	-5.50819	-5.84194	-5.04972
916	2	4	1	2	2	1	5	-2.77045	-3.6533	-4.14418	-4.11705
917	2	4	1	2	2	1	5	-2.77045	-3.6533	-4.14418	-4.11705
918	2	4	1	2	7	1	5	-2.30171	-5.50819	-5.84194	-5.04972
919	4	7	10	4	1	7	1	-1.82566	-3.77376	-2.60936	-1.95961
920	2	1	5	3	2	3	5	-4.21025	-3.26786	-5.44646	-4.78382
921	2	4	1	2	7	1	5	-2.30171	-5.50819	-5.84194	-5.04972
922	2	4	1	2	2	1	5	-2.77045	-3.6533	-4.14418	-4.11705
923	8	10	2	2	11	12	6	-3.94765	-7.12308	-7.60856	-7.01057
924	2	1	12	3	2	1	5	-2.60501	-2.13083	-3.62134	-4.72113
925	48	7	10	4	183	7	1	-10.2458	-11.5137	-8.85897	-6.39144
926	7	21	5	62	4	61	44	-7.09816	-3.85438	-5.63955	-7.3405
927	4	7	10	4	1	7	1	-1.82566	-3.77376	-2.60936	-1.95961
928	9	25	2	10	22	3	6	-4.46747	-7.45057	-5.95742	-4.3842
929	2	4	1	2	2	1	5	-2.77045	-3.6533	-4.14418	-4.11705
930	2	4	1	2	7	1	5	-2.30171	-5.50819	-5.84194	-5.04972
931	2	4	1	2	2	1	5	-2.77045	-3.6533	-4.14418	-4.11705
932	2	4	1	2	2	1	5	-2.77045	-3.6533	-4.14418	-4.11705
933	9	25	2	10	22	3	6	-4.46747	-7.45057	-5.95742	-4.3842
934	2	4	1	2	2	1	5	-2.77045	-3.6533	-4.14418	-4.11705
935	2	4	1	2	2	1	5	-2.77045	-3.6533	-4.14418	-4.11705
936	2	4	1	2	7	1	5	-2.30171	-5.50819	-5.84194	-5.04972
937	2	4	1	2	7	1	5	-2.30171	-5.50819	-5.84194	-5.04972
938	2	4	1	2	2	1	5	-2.77045	-3.6533	-4.14418	-4.11705
939	2	4	1	2	2	1	5	-2.77045	-3.6533	-4.14418	-4.11705
940	4	7	10	4	1	7	1	-1.82566	-3.77376	-2.60936	-1.95961
941	2	4	1	2	2	1	5	-2.77045	-3.6533	-4.14418	-4.11705
942	4	7	10	4	1	7	1	-1.82566	-3.77376	-2.60936	-1.95961
943	2	4	1	2	7	1	5	-2.30171	-5.50819	-5.84194	-5.04972
944	2	4	1	2	2	1	5	-2.77045	-3.6533	-4.14418	-4.11705
945	4	7	10	4	1	7	1	-1.82566	-3.77376	-2.60936	-1.95961
946	9	25	2	10	22	3	6	-4.46747	-7.45057	-5.95742	-4.3842
947	10	81	50	99	120	76	52	-6.70006	-6.42389	-5.25961	-5.19867
948	2	1	21	3	2	1	5	-2.9146	-2.50337	-4.39367	-4.47333
949	4	7	10	4	1	7	1	-1.82566	-3.77376	-2.60936	-1.95961
950	2	4	1	2	7	1	5	-2.30171	-5.50819	-5.84194	-5.04972
951	4	7	10	4	1	7	1	-1.82566	-3.77376	-2.60936	-1.95961
952	4	7	10	4	1	7	1	-1.82566	-3.77376	-2.60936	-1.95961
953	8	315	2	2	11	12	6	-8.20328	-11.0391	-10.7596	-9.25643
954	8	10	2	2	11	12	6	-3.94765	-7.12308	-7.60856	-7.01057
955	2	4	1	2	2	1	5	-2.77045	-3.6533	-4.14418	-4.11705
956	4	7	10	4	1	7	1	-1.82566	-3.77376	-2.60936	-1.95961
957	2	4	1	2	2	1	5	-2.77045	-3.6533	-4.14418	-4.11705
958	2	4	1	2	2	1	5	-2.77045	-3.6533	-4.14418	-4.11705
959	2	4	1	2	2	1	5	-2.77045	-3.6533	-4.14418	-4.11705
960	2	4	1	2	7	1	5	-2.30171	-5.50819	-5.84194	-5.04972
961	2	4	1	2	2	1	5	-2.77045	-3.6533	-4.14418	-4.11705
962	2	4	1	2	2	1	5	-2.77045	-3.6533	-4.14418	-4.11705
963	2	1	21	3	2	1	5	-2.9146	-2.50337	-4.39367	-4.47333
964	2	4	1	2	2	1	5	-2.77045	-3.6533	-4.14418	-4.11705
965	1	4	2	2	2	3	17	-11.4481	-7.62665	-10.634	-12.0147
966	2	4	1	2	2	1	5	-2.77045	-3.6533	-4.14418	-4.11705
967	2	4	1	2	2	1	5	-2.77045	-3.6533	-4.14418	-4.11705
968	7	21	5	62	4	61	44	-7.09816	-3.85438	-5.63955	-7.3405
969	2	4	1	2	2	1	5	-2.77045	-3.6533	-4.14418	-4.11705
970	4	7	10	4	1	7	1	-1.82566	-3.77376	-2.60936	-1.95961
971	2	4	1	2	2	1	5	-2.77045	-3.6533	-4.14418	-4.11705
972	10	1	16	19	10	5	7	-5.97673	-2.76992	-4.17806	-5.17398
973	8	10	2	2	11	12	6	-3.94765	-7.12308	-7.60856	-7.01057
974	4	7	10	4	1	7	1	-1.82566	-3.77376	-2.60936	-1.95961
975	2	4	2	2	6	1	5	-6.05572	-4.85259	-5.93133	-7.73754
976	2	4	1	2	2	1	5	-2.77045	-3.6533	-4.14418	-4.11705
977	2	4	1	2	2	1	5	-2.77045	-3.6533	-4.14418	-4.11705
978	2	1	12	3	2	1	5	-2.60501	-2.13083	-3.62134	-4.72113
979	2	1	21	3	2	1	5	-2.9146	-2.50337	-4.39367	-4.47333
980	1	4	2	2	6	3	17	-4.56673	-2.46992	-4.54821	-5.45244
981	9	2	4	62	4	5	6	-3.70747	-5.19805	-5.81064	-6.56352
982	9	2	4	62	4	5	6	-3.70747	-5.19805	-5.81064	-6.56352
983	2	4	1	2	2	1	5	-2.77045	-3.6533	-4.14418	-4.11705
984	9	25	2	10	22	3	6	-4.46747	-7.45057	-5.95742	-4.3842
985	2	1	12	3	2	1	5	-2.60501	-2.13083	-3.62134	-4.72113
986	2	4	1	2	2	1	5	-2.77045	-3.6533	-4.14418	-4.11705
987	2	4	1	2	2	1	5	-2.77045	-3.6533	-4.14418	-4.11705
988	2	4	1	2	2	1	5	-2.77045	-3.6533	-4.14418	-4.11705
989	1	4	2	2	6	3	17	-4.56673	-2.46992	-4.54821	-5.45244
990	1	4	2	2	6	3	17	-4.56673	-2.46992	-4.54821	-5.45244
991	9	25	2	10	22	3	6	-4.46747	-7.45057	-5.95742	-4.3842
992	1	4	2	2	6	3	17	-4.56673	-2.46992	-4.54821	-5.45244
993	2	4	1	2	2	1	5	-2.77045	-3.6533	-4.14418	-4.11705
994	2	4	1	2	2	1	5	-2.77045	-3.6533	-4.14418	-4.11705
995	8	10	2	2	11	12	6	-3.94765	-7.12308	-7.60856	-7.01057
996	2	4	1	2	2	1	5	-2.77045	-3.6533	-4.14418	-4.11705
997	2	1	5	3	2	5	5	-5.44363	-2.85138	-4.08298	-5.49396
998	8	10	2	2	11	12	6	-3.94765	-7.12308	-7.60856	-7.01057
999	2	4	1	2	2	1	5	-2.77045	-3.6533	-4.14418	-4.11705
1000	2	4	1	2	2	1	5	-2.77045	-3.6533	-4.14418	-4.11705
1001	2	1	21	3	2	1	5	-2.9146	-2.50337	-4.39367	-4.47333
1002	1	2	4	62	4	5	17	-6.06597	-4.86744	-7.42828	-8.22107
1003	2	1	12	3	2	1	5	-2.60501	-2.13083	-3.62134	-4.72113
1004	2	4	1	2	7	1	5	-2.30171	-5.50819	-5.84194	-5.04972
1005	1	307	3	4	5	9	3	-6.82621	-6.45538	-6.11823	-8.30225
1006	2	4	2	4	19	3	6	-5.79177	-9.00672	-9.45065	-8.847
1007	2	4	1	2	2	1	5	-2.77045	-3.6533	-4.14418	-4.11705
1008	1	4	2	2	6	3	17	-4.56673	-2.46992	-4.54821	-5.45244
1009	9	25	2	10	22	3	6	-4.46747	-7.45057	-5.95742	-4.3842
1010	4	7	10	4	1	7	1	-1.82566	-3.77376	-2.60936	-1.95961
1011	2	4	1	2	2	1	5	-2.77045	-3.6533	-4.14418	-4.11705
1012	10	1	16	19	10	5	7	-5.97673	-2.76992	-4.17806	-5.17398
1013	2	1	21	3	2	1	5	-2.9146	-2.50337	-4.39367	-4.47333
1014	4	7	10	4	1	7	1	-1.82566	-3.77376	-2.60936	-1.95961
1015	2	4	1	2	2	1	5	-2.77045	-3.6533	-4.14418	-4.11705
1016	1	2	3	4	5	9	3	-4.56587	-2.51138	-3.60001	-4.92369
1017	9	316	4	62	4	5	6	-6.83748	-6.46722	-8.91931	-9.40622
1018	9	25	2	10	22	3	6	-4.46747	-7.45057	-5.95742	-4.3842
1019	1	307	3	4	5	9	3	-6.82621	-6.45538	-6.11823	-8.30225
1020	2	4	1	2	2	1	5	-2.77045	-3.6533	-4.14418	-4.11705
1021	9	25	2	10	22	3	6	-4.46747	-7.45057	-5.95742	-4.3842
1022	2	4	1	2	2	1	5	-2.77045	-3.6533	-4.14418	-4.11705
1023	2	1	12	3	2	1	5	-2.60501	-2.13083	-3.62134	-4.72113
1024	2	1	5	3	2	5	5	-5.44363	-2.85138	-4.08298	-5.49396
1025	2	4	1	2	2	1	5	-2.77045	-3.6533	-4.14418	-4.11705
1026	2	1	12	3	2	1	5	-2.60501	-2.13083	-3.62134	-4.72113
1027	2	1	12	3	2	1	5	-2.60501	-2.13083	-3.62134	-4.72113
1028	10	1	16	19	10	5	7	-5.97673	-2.76992	-4.17806	-5.17398
1029	4	7	10	4	1	7	1	-1.82566	-3.77376	-2.60936	-1.95961
1030	2	4	1	2	2	1	5	-2.77045	-3.6533	-4.14418	-4.11705
1031	2	1	12	88	2	1	5	-3.93101	-3.44413	-5.70791	-5.29754
1032	2	1	21	3	2	1	5	-2.9146	-2.50337	-4.39367	-4.47333
1033	1	2	3	4	5	9	3	-4.56587	-2.51138	-3.60001	-4.92369
1034	8	10	2	2	11	12	6	-3.94765	-7.12308	-7.60856	-7.01057
1035	2	1	12	88	2	1	5	-3.93101	-3.44413	-5.70791	-5.29754
1036	33	39	30	82	104	173	68	-5.34823	-3.99949	-6.57502	-7.41077
1037	1	2	3	4	5	9	3	-4.56587	-2.51138	-3.60001	-4.92369
1038	9	25	2	10	22	3	6	-4.46747	-7.45057	-5.95742	-4.3842
1039	2	4	1	2	2	1	5	-2.77045	-3.6533	-4.14418	-4.11705
1040	8	10	2	2	11	12	6	-3.94765	-7.12308	-7.60856	-7.01057
1041	1	2	4	62	4	5	17	-6.06597	-4.86744	-7.42828	-8.22107
1042	10	1	16	19	10	5	7	-5.97673	-2.76992	-4.17806	-5.17398
1043	33	39	30	82	104	173	68	-5.34823	-3.99949	-6.57502	-7.41077
1044	2	4	1	2	2	1	5	-2.77045	-3.6533	-4.14418	-4.11705
1045	8	10	2	2	11	12	6	-3.94765	-7.12308	-7.60856	-7.01057
1046	2	1	5	3	2	5	5	-5.44363	-2.85138	-4.08298	-5.49396
1047	47	2	4	2	6	5	17	-11.3212	-11.7205	-6.1903	-8.7092
1048	1	2	3	4	5	9	3	-4.56587	-2.51138	-3.60001	-4.92369
1049	4	7	10	4	1	7	1	-1.82566	-3.77376	-2.60936	-1.95961
1050	2	1	5	3	2	3	5	-4.21025	-3.26786	-5.44646	-4.78382
1051	2	4	2	2	6	1	5	-6.05572	-4.85259	-5.93133	-7.73754
1052	2	4	1	2	2	1	5	-2.77045	-3.6533	-4.14418	-4.11705
1053	8	10	149	2	11	12	6	-4.851	-3.99185	-5.65091	-6.99962
1054	9	25	2	10	22	3	6	-4.46747	-7.45057	-5.95742	-4.3842
1055	2	4	1	2	2	1	5	-2.77045	-3.6533	-4.14418	-4.11705
1056	1	2	3	4	5	9	3	-4.56587	-2.51138	-3.60001	-4.92369
1057	2	1	12	3	2	1	5	-2.60501	-2.13083	-3.62134	-4.72113
1058	4	7	10	4	42	51	1	-2.9237	-4.61643	-4.87481	-3.81744
1059	2	4	1	2	2	1	5	-2.77045	-3.6533	-4.14418	-4.11705
1060	2	1	1	3	2	1	5	-4.59659	-3.801	-6.32914	-6.97845
1061	2	4	1	2	7	1	5	-2.30171	-5.50819	-5.84194	-5.04972
1062	8	10	2	2	11	12	6	-3.94765	-7.12308	-7.60856	-7.01057
1063	2	4	1	2	2	1	5	-2.77045	-3.6533	-4.14418	-4.11705
1064	9	2	4	62	4	5	6	-3.70747	-5.19805	-5.81064	-6.56352
1065	2	4	1	2	2	1	5	-2.77045	-3.6533	-4.14418	-4.11705
1066	4	7	10	4	1	7	1	-1.82566	-3.77376	-2.60936	-1.95961
1067	8	10	2	2	11	12	6	-3.94765	-7.12308	-7.60856	-7.01057
1068	2	4	2	2	6	1	5	-6.05572	-4.85259	-5.93133	-7.73754
1069	2	4	2	2	6	1	5	-6.05572	-4.85259	-5.93133	-7.73754
1070	2	4	2	2	6	1	5	-6.05572	-4.85259	-5.93133	-7.73754
1071	2	4	2	2	6	1	5	-6.05572	-4.85259	-5.93133	-7.73754
1072	2	4	1	2	2	1	5	-2.77045	-3.6533	-4.14418	-4.11705
1073	2	4	1	2	2	1	5	-2.77045	-3.6533	-4.14418	-4.11705
1074	2	1	12	3	2	1	5	-2.60501	-2.13083	-3.62134	-4.72113
1075	2	4	1	2	7	1	5	-2.30171	-5.50819	-5.84194	-5.04972
1076	4	7	10	4	42	51	1	-2.9237	-4.61643	-4.87481	-3.81744
1077	2	4	1	2	2	1	5	-2.77045	-3.6533	-4.14418	-4.11705
1078	8	10	2	2	11	12	6	-3.94765	-7.12308	-7.60856	-7.01057
1079	1	2	3	4	5	9	3	-4.56587	-2.51138	-3.60001	-4.92369
1080	1	2	3	4	5	9	3	-4.56587	-2.51138	-3.60001	-4.92369
1081	10	1	16	19	10	5	7	-5.97673	-2.76992	-4.17806	-5.17398
1082	8	10	2	2	11	12	6	-3.94765	-7.12308	-7.60856	-7.01057
1083	4	7	10	4	1	7	1	-1.82566	-3.77376	-2.60936	-1.95961
1084	2	4	1	2	2	1	5	-2.77045	-3.6533	-4.14418	-4.11705
1085	2	4	1	2	7	1	5	-2.30171	-5.50819	-5.84194	-5.04972
1086	2	1	21	3	2	1	5	-2.9146	-2.50337	-4.39367	-4.47333
1087	2	1	12	3	2	1	5	-2.60501	-2.13083	-3.62134	-4.72113
1088	2	4	2	4	19	3	6	-5.79177	-9.00672	-9.45065	-8.847
1089	8	10	149	2	11	12	6	-4.851	-3.99185	-5.65091	-6.99962
1090	8	10	2	2	11	12	6	-3.94765	-7.12308	-7.60856	-7.01057
1091	2	1	12	3	2	1	5	-2.60501	-2.13083	-3.62134	-4.72113
1092	2	1	12	3	2	1	5	-2.60501	-2.13083	-3.62134	-4.72113
1093	2	1	5	3	2	3	5	-4.21025	-3.26786	-5.44646	-4.78382
1094	184	39	30	82	113	43	17	-3.94554	-6.08163	-7.41574	-6.97425
1095	2	1	12	3	2	1	5	-2.60501	-2.13083	-3.62134	-4.72113
1096	2	4	1	2	2	1	5	-2.77045	-3.6533	-4.14418	-4.11705
1097	4	7	10	4	1	7	1	-1.82566	-3.77376	-2.60936	-1.95961
1098	8	10	2	2	11	12	6	-3.94765	-7.12308	-7.60856	-7.01057
1099	4	7	10	4	1	7	1	-1.82566	-3.77376	-2.60936	-1.95961
1100	4	7	10	4	42	51	1	-2.9237	-4.61643	-4.87481	-3.81744
1101	9	25	2	10	22	3	6	-4.46747	-7.45057	-5.95742	-4.3842
1102	9	2	4	62	4	5	6	-3.70747	-5.19805	-5.81064	-6.56352
1103	4	7	10	4	1	7	1	-1.82566	-3.77376	-2.60936	-1.95961
1104	2	4	1	2	7	1	5	-2.30171	-5.50819	-5.84194	-5.04972
1105	4	7	10	4	1	7	1	-1.82566	-3.77376	-2.60936	-1.95961
1106	8	10	2	2	11	12	6	-3.94765	-7.12308	-7.60856	-7.01057
1107	2	4	1	2	2	1	5	-2.77045	-3.6533	-4.14418	-4.11705
1108	4	7	10	4	42	51	1	-2.9237	-4.61643	-4.87481	-3.81744
1109	1	2	3	4	5	9	3	-4.56587	-2.51138	-3.60001	-4.92369
1110	2	1	12	3	2	1	5	-2.60501	-2.13083	-3.62134	-4.72113
1111	2	4	1	2	2	1	5	-2.77045	-3.6533	-4.14418	-4.11705
1112	10	81	50	99	120	76	52	-6.70006	-6.42389	-5.25961	-5.19867
1113	2	4	1	2	2	1	5	-2.77045	-3.6533	-4.14418	-4.11705
1114	4	7	10	4	42	51	1	-2.9237	-4.61643	-4.87481	-3.81744
1115	4	7	10	4	42	51	1	-2.9237	-4.61643	-4.87481	-3.81744
1116	4	7	10	4	1	7	1	-1.82566	-3.77376	-2.60936	-1.95961
1117	3	1	5	10	11	11	6	-9.75103	-6.48883	-9.13259	-10.269
1118	10	81	50	99	120	76	52	-6.70006	-6.42389	-5.25961	-5.19867
1119	2	4	1	2	2	1	5	-2.77045	-3.6533	-4.14418	-4.11705
1120	4	7	10	4	1	7	1	-1.82566	-3.77376	-2.60936	-1.95961
1121	4	7	10	4	1	7	1	-1.82566	-3.77376	-2.60936	-1.95961
1122	4	7	10	4	42	51	1	-2.9237	-4.61643	-4.87481	-3.81744
1123	2	1	12	3	2	1	5	-2.60501	-2.13083	-3.62134	-4.72113
1124	2	4	1	2	2	1	5	-2.77045	-3.6533	-4.14418	-4.11705
1125	2	1	1	3	2	1	5	-4.59659	-3.801	-6.32914	-6.97845
1126	2	4	1	2	2	1	5	-2.77045	-3.6533	-4.14418	-4.11705
1127	2	4	1	2	2	1	5	-2.77045	-3.6533	-4.14418	-4.11705
1128	2	4	1	2	2	1	5	-2.77045	-3.6533	-4.14418	-4.11705
1129	2	4	1	2	2	1	5	-2.77045	-3.6533	-4.14418	-4.11705
1130	1	2	3	4	5	9	3	-4.56587	-2.51138	-3.60001	-4.92369
1131	8	10	2	2	11	12	6	-3.94765	-7.12308	-7.60856	-7.01057
1132	2	1	21	3	2	1	5	-2.9146	-2.50337	-4.39367	-4.47333
1133	2	4	1	2	2	1	5	-2.77045	-3.6533	-4.14418	-4.11705
1134	2	1	21	3	2	1	5	-2.9146	-2.50337	-4.39367	-4.47333
1135	2	1	21	3	2	1	5	-2.9146	-2.50337	-4.39367	-4.47333
1136	2	4	1	2	2	1	5	-2.77045	-3.6533	-4.14418	-4.11705
1137	1	2	3	4	5	9	3	-4.56587	-2.51138	-3.60001	-4.92369
1138	10	1	16	19	10	5	7	-5.97673	-2.76992	-4.17806	-5.17398
1139	2	1	12	3	2	1	5	-2.60501	-2.13083	-3.62134	-4.72113
1140	7	21	5	62	4	61	44	-7.09816	-3.85438	-5.63955	-7.3405
1141	2	4	1	2	2	1	5	-2.77045	-3.6533	-4.14418	-4.11705
1142	2	1	12	3	2	1	5	-2.60501	-2.13083	-3.62134	-4.72113
1143	2	4	1	2	7	1	5	-2.30171	-5.50819	-5.84194	-5.04972
1144	2	1	5	3	2	3	5	-4.21025	-3.26786	-5.44646	-4.78382
1145	2	1	21	3	2	1	5	-2.9146	-2.50337	-4.39367	-4.47333
1146	2	1	21	3	2	1	5	-2.9146	-2.50337	-4.39367	-4.47333
1147	2	1	21	3	2	1	5	-2.9146	-2.50337	-4.39367	-4.47333
1148	2	1	21	3	2	1	5	-2.9146	-2.50337	-4.39367	-4.47333
1149	2	1	12	3	2	1	5	-2.60501	-2.13083	-3.62134	-4.72113
1150	8	10	2	2	11	12	6	-3.94765	-7.12308	-7.60856	-7.01057
1151	129	66	30	82	189	47	17	-3.24001	-4.8596	-5.50931	-4.16056
1152	1	307	3	4	5	9	3	-6.82621	-6.45538	-6.11823	-8.30225
1153	8	10	2	2	11	12	6	-3.94765	-7.12308	-7.60856	-7.01057
1154	2	4	2	2	6	1	5	-6.05572	-4.85259	-5.93133	-7.73754
1155	1	4	2	2	6	3	17	-4.56673	-2.46992	-4.54821	-5.45244
1156	2	4	1	2	2	1	5	-2.77045	-3.6533	-4.14418	-4.11705
1157	8	10	2	2	11	12	6	-3.94765	-7.12308	-7.60856	-7.01057
1158	2	4	2	2	6	1	5	-6.05572	-4.85259	-5.93133	-7.73754
1159	2	1	21	3	2	1	5	-2.9146	-2.50337	-4.39367	-4.47333
1160	2	4	5	2	2	5	5	-3.66755	-6.85353	-6.91583	-5.83646
1161	7	21	5	62	4	61	44	-7.09816	-3.85438	-5.63955	-7.3405
1162	2	1	12	3	2	1	5	-2.60501	-2.13083	-3.62134	-4.72113
1163	10	27	16	19	10	5	7	-20.2527	-12.7644	-16.0377	-17.2902
1164	33	283	44	82	189	44	17	-6.70787	-3.49422	-5.3982	-5.96703
1165	9	25	2	10	22	3	6	-4.46747	-7.45057	-5.95742	-4.3842
1166	7	21	5	62	4	61	44	-7.09816	-3.85438	-5.63955	-7.3405
1167	2	1	5	3	2	3	5	-4.21025	-3.26786	-5.44646	-4.78382
1168	2	1	5	3	2	3	5	-4.21025	-3.26786	-5.44646	-4.78382
1169	9	25	2	10	22	3	6	-4.46747	-7.45057	-5.95742	-4.3842
1170	2	1	5	3	2	3	5	-4.21025	-3.26786	-5.44646	-4.78382
1171	2	4	1	2	2	1	5	-2.77045	-3.6533	-4.14418	-4.11705
1172	129	66	30	82	189	47	17	-3.24001	-4.8596	-5.50931	-4.16056
1173	2	4	1	2	2	1	5	-2.77045	-3.6533	-4.14418	-4.11705
1174	2	1	5	3	2	3	5	-4.21025	-3.26786	-5.44646	-4.78382
1175	2	1	12	3	2	1	5	-2.60501	-2.13083	-3.62134	-4.72113
1176	2	4	1	2	2	1	5	-2.77045	-3.6533	-4.14418	-4.11705
1177	1	4	2	2	6	3	17	-4.56673	-2.46992	-4.54821	-5.45244
1178	2	1	12	3	2	1	5	-2.60501	-2.13083	-3.62134	-4.72113
1179	1	4	2	2	446	3	17	-8.81121	-6.352	-7.67951	-7.68255
1180	2	1	5	88	2	11	5	-8.58191	-5.37184	-6.03535	-8.21429
1181	2	4	2	2	6	1	5	-6.05572	-4.85259	-5.93133	-7.73754
1182	9	25	2	10	22	3	6	-4.46747	-7.45057	-5.95742	-4.3842
1183	2	1	5	3	2	3	5	-4.21025	-3.26786	-5.44646	-4.78382
1184	7	21	5	62	4	61	44	-7.09816	-3.85438	-5.63955	-7.3405
1185	1	2	3	4	5	9	3	-4.56587	-2.51138	-3.60001	-4.92369
1186	2	4	1	2	2	1	5	-2.77045	-3.6533	-4.14418	-4.11705
1187	7	21	5	62	4	61	44	-7.09816	-3.85438	-5.63955	-7.3405
1188	33	39	30	82	104	173	68	-5.34823	-3.99949	-6.57502	-7.41077
1189	1	4	2	2	6	3	17	-4.56673	-2.46992	-4.54821	-5.45244
1190	2	1	21	3	2	1	5	-2.9146	-2.50337	-4.39367	-4.47333
1191	4	7	10	4	1	7	1	-1.82566	-3.77376	-2.60936	-1.95961
1192	2	1	5	3	2	5	5	-5.44363	-2.85138	-4.08298	-5.49396
1193	1	4	2	2	6	3	17	-4.56673	-2.46992	-4.54821	-5.45244
1194	2	4	1	2	2	1	5	-2.77045	-3.6533	-4.14418	-4.11705
1195	2	4	1	2	2	1	5	-2.77045	-3.6533	-4.14418	-4.11705
1196	2	1	12	3	2	1	5	-2.60501	-2.13083	-3.62134	-4.72113
1197	2	1	6	3	2	3	5	-7.48921	-7.14539	-8.33351	-6.59222
1198	4	7	10	4	1	7	1	-1.82566	-3.77376	-2.60936	-1.95961
1199	2	4	1	2	7	1	5	-2.30171	-5.50819	-5.84194	-5.04972
1200	2	1	1	3	2	1	5	-4.59659	-3.801	-6.32914	-6.97845
1201	2	4	1	2	2	1	5	-2.77045	-3.6533	-4.14418	-4.11705
1202	7	2	5	2	10	3	6	-32.3149	-27.0627	-28.6645	-28.6787
1203	2	1	21	3	2	1	5	-2.9146	-2.50337	-4.39367	-4.47333
1204	2	4	1	2	7	1	5	-2.30171	-5.50819	-5.84194	-5.04972
1205	4	7	10	4	1	7	1	-1.82566	-3.77376	-2.60936	-1.95961
1206	2	4	1	2	7	1	5	-2.30171	-5.50819	-5.84194	-5.04972
1207	2	4	1	2	2	1	5	-2.77045	-3.6533	-4.14418	-4.11705
1208	1	4	2	2	6	3	17	-4.56673	-2.46992	-4.54821	-5.45244
1209	2	4	1	2	2	1	5	-2.77045	-3.6533	-4.14418	-4.11705
1210	2	4	1	2	2	1	5	-2.77045	-3.6533	-4.14418	-4.11705
1211	74	10	2	2	11	12	6	-8.20329	-11.0391	-10.7597	-9.25691
1212	1	2	3	4	5	9	3	-4.56587	-2.51138	-3.60001	-4.92369
1213	2	1	5	3	2	3	5	-4.21025	-3.26786	-5.44646	-4.78382
1214	4	7	10	4	1	7	1	-1.82566	-3.77376	-2.60936	-1.95961
1215	2	4	2	2	6	1	5	-6.05572	-4.85259	-5.93133	-7.73754
1216	2	1	12	3	2	1	5	-2.60501	-2.13083	-3.62134	-4.72113
1217	2	1	21	3	2	1	5	-2.9146	-2.50337	-4.39367	-4.47333
1218	2	4	1	2	2	1	5	-2.77045	-3.6533	-4.14418	-4.11705
1219	2	1	21	3	2	1	5	-2.9146	-2.50337	-4.39367	-4.47333
1220	4	7	10	4	1	7	1	-1.82566	-3.77376	-2.60936	-1.95961
1221	2	1	21	3	2	1	5	-2.9146	-2.50337	-4.39367	-4.47333
1222	2	4	1	2	2	1	5	-2.77045	-3.6533	-4.14418	-4.11705
1223	4	7	10	4	1	7	1	-1.82566	-3.77376	-2.60936	-1.95961
1224	2	4	1	2	2	1	5	-2.77045	-3.6533	-4.14418	-4.11705
1225	4	7	10	4	1	7	1	-1.82566	-3.77376	-2.60936	-1.95961
1226	4	7	10	4	42	51	1	-2.9237	-4.61643	-4.87481	-3.81744
1227	4	7	10	4	42	7	1	-6.62888	-8.78842	-5.56075	-4.69
1228	2	4	1	2	2	1	5	-2.77045	-3.6533	-4.14418	-4.11705
1229	2	1	5	3	2	3	5	-4.21025	-3.26786	-5.44646	-4.78382
1230	10	81	50	99	120	76	52	-6.70006	-6.42389	-5.25961	-5.19867
1231	2	4	1	2	7	1	5	-2.30171	-5.50819	-5.84194	-5.04972
1232	2	4	1	2	7	1	5	-2.30171	-5.50819	-5.84194	-5.04972
1233	4	7	10	4	1	7	1	-1.82566	-3.77376	-2.60936	-1.95961
1234	1	4	2	2	6	3	17	-4.56673	-2.46992	-4.54821	-5.45244
1235	4	7	10	4	1	7	1	-1.82566	-3.77376	-2.60936	-1.95961
1236	2	4	1	2	2	1	5	-2.77045	-3.6533	-4.14418	-4.11705
1237	4	7	10	4	1	7	1	-1.82566	-3.77376	-2.60936	-1.95961
1238	4	7	10	4	42	51	1	-2.9237	-4.61643	-4.87481	-3.81744
1239	1	307	3	4	5	9	3	-6.82621	-6.45538	-6.11823	-8.30225
1240	2	4	2	2	6	1	5	-6.05572	-4.85259	-5.93133	-7.73754
1241	8	10	149	2	11	12	6	-4.851	-3.99185	-5.65091	-6.99962
1242	2	1	12	3	2	1	5	-2.60501	-2.13083	-3.62134	-4.72113
1243	2	4	1	2	2	1	5	-2.77045	-3.6533	-4.14418	-4.11705
1244	2	4	1	2	2	1	5	-2.77045	-3.6533	-4.14418	-4.11705
1245	2	4	1	2	2	1	5	-2.77045	-3.6533	-4.14418	-4.11705
1246	4	7	10	4	42	51	1	-2.9237	-4.61643	-4.87481	-3.81744
1247	2	4	1	2	2	1	5	-2.77045	-3.6533	-4.14418	-4.11705
1248	2	4	1	2	2	1	5	-2.77045	-3.6533	-4.14418	-4.11705
1249	2	1	12	88	2	1	5	-3.93101	-3.44413	-5.70791	-5.29754
1250	1	4	2	2	6	3	17	-4.56673	-2.46992	-4.54821	-5.45244
1251	9	2	4	62	4	5	6	-3.70747	-5.19805	-5.81064	-6.56352
1252	2	4	1	2	7	1	5	-2.30171	-5.50819	-5.84194	-5.04972
1253	2	4	5	2	2	5	5	-3.66755	-6.85353	-6.91583	-5.83646
1254	2	1	21	3	2	1	5	-2.9146	-2.50337	-4.39367	-4.47333
1255	1	4	2	2	6	3	17	-4.56673	-2.46992	-4.54821	-5.45244
1256	2	1	21	3	2	1	5	-2.9146	-2.50337	-4.39367	-4.47333
1257	2	4	1	2	2	5	5	-6.80601	-6.41415	-8.79978	-9.3205
1258	2	1	12	3	2	1	5	-2.60501	-2.13083	-3.62134	-4.72113
1259	2	4	2	2	6	1	5	-6.05572	-4.85259	-5.93133	-7.73754
1260	2	4	1	2	2	1	5	-2.77045	-3.6533	-4.14418	-4.11705
1261	2	4	1	2	2	1	5	-2.77045	-3.6533	-4.14418	-4.11705
1262	1	307	3	4	5	9	3	-6.82621	-6.45538	-6.11823	-8.30225
1263	9	25	2	10	22	3	6	-4.46747	-7.45057	-5.95742	-4.3842
1264	2	1	1	380	2	1	5	-6.13892	-5.74963	-8.21637	-8.7057
1265	2	4	1	2	2	1	5	-2.77045	-3.6533	-4.14418	-4.11705
1266	2	4	1	2	2	1	5	-2.77045	-3.6533	-4.14418	-4.11705
1267	2	1	12	3	2	1	5	-2.60501	-2.13083	-3.62134	-4.72113
1268	1	2	3	4	5	9	3	-4.56587	-2.51138	-3.60001	-4.92369
1269	2	4	1	2	2	1	5	-2.77045	-3.6533	-4.14418	-4.11705
1270	2	4	1	2	2	1	5	-2.77045	-3.6533	-4.14418	-4.11705
1271	2	4	1	2	2	1	5	-2.77045	-3.6533	-4.14418	-4.11705
1272	1	2	3	4	5	9	3	-4.56587	-2.51138	-3.60001	-4.92369
1273	9	2	2	212	309	253	147	-28.2769	-26.2676	-24.5066	-20.2049
1274	2	1	21	3	2	1	5	-2.9146	-2.50337	-4.39367	-4.47333
1275	47	2	4	2	6	5	17	-11.3212	-11.7205	-6.1903	-8.7092
1276	1	2	3	4	5	9	3	-4.56587	-2.51138	-3.60001	-4.92369
1277	2	4	1	2	2	1	5	-2.77045	-3.6533	-4.14418	-4.11705
1278	2	4	1	2	2	1	5	-2.77045	-3.6533	-4.14418	-4.11705
1279	9	2	4	62	4	5	6	-3.70747	-5.19805	-5.81064	-6.56352
1280	2	1	12	3	2	1	5	-2.60501	-2.13083	-3.62134	-4.72113
1281	2	4	1	2	2	1	5	-2.77045	-3.6533	-4.14418	-4.11705
1282	2	4	1	2	7	1	5	-2.30171	-5.50819	-5.84194	-5.04972
1283	7	17	2	15	23	3	12	-6.8937	-10.1151	-10.5583	-9.95689
1284	2	1	1	3	2	1	5	-4.59659	-3.801	-6.32914	-6.97845
1285	2	1	12	3	2	1	5	-2.60501	-2.13083	-3.62134	-4.72113
1286	2	4	1	2	2	1	5	-2.77045	-3.6533	-4.14418	-4.11705
1287	2	1	5	3	2	3	5	-4.21025	-3.26786	-5.44646	-4.78382
1288	2	4	1	2	2	1	5	-2.77045	-3.6533	-4.14418	-4.11705
1289	2	4	1	2	2	1	5	-2.77045	-3.6533	-4.14418	-4.11705
1290	1	4	2	2	6	3	17	-4.56673	-2.46992	-4.54821	-5.45244
1291	2	1	2	3	2	3	5	-3.75282	-6.87635	-7.40575	-6.80549
1292	2	1	5	3	2	3	5	-4.21025	-3.26786	-5.44646	-4.78382
1293	1	2	3	3	5	9	3	-11.942	-7.9007	-9.97368	-11.997
1294	4	7	10	4	42	51	1	-2.9237	-4.61643	-4.87481	-3.81744
1295	1	4	2	2	6	3	17	-4.56673	-2.46992	-4.54821	-5.45244
1296	2	1	5	3	2	3	5	-4.21025	-3.26786	-5.44646	-4.78382
1297	4	7	10	4	1	7	1	-1.82566	-3.77376	-2.60936	-1.95961
1298	2	4	1	2	2	1	5	-2.77045	-3.6533	-4.14418	-4.11705
1299	4	7	10	4	1	7	1	-1.82566	-3.77376	-2.60936	-1.95961
1300	2	1	21	3	2	1	5	-2.9146	-2.50337	-4.39367	-4.47333
1301	2	4	1	2	2	1	5	-2.77045	-3.6533	-4.14418	-4.11705
1302	4	7	10	4	1	7	1	-1.82566	-3.77376	-2.60936	-1.95961
1303	2	4	1	2	2	1	5	-2.77045	-3.6533	-4.14418	-4.11705
1304	2	1	5	3	2	5	5	-5.44363	-2.85138	-4.08298	-5.49396
1305	2	4	1	2	2	1	5	-2.77045	-3.6533	-4.14418	-4.11705
1306	2	1	21	3	2	1	5	-2.9146	-2.50337	-4.39367	-4.47333
1307	2	1	5	3	2	5	5	-5.44363	-2.85138	-4.08298	-5.49396
1308	1	4	2	2	6	3	17	-4.56673	-2.46992	-4.54821	-5.45244
1309	1	4	2	2	6	3	17	-4.56673	-2.46992	-4.54821	-5.45244
1310	2	1	5	3	2	3	5	-4.21025	-3.26786	-5.44646	-4.78382
1311	1	4	2	2	6	3	17	-4.56673	-2.46992	-4.54821	-5.45244
1312	2	4	1	2	2	1	5	-2.77045	-3.6533	-4.14418	-4.11705
1313	2	1	12	88	2	1	5	-3.93101	-3.44413	-5.70791	-5.29754
1314	2	1	5	3	2	3	5	-4.21025	-3.26786	-5.44646	-4.78382
1315	2	4	5	2	2	1	5	-6.17155	-8.90383	-9.13192	-9.03785
1316	2	4	1	2	2	1	5	-2.77045	-3.6533	-4.14418	-4.11705
1317	1	4	2	2	6	3	17	-4.56673	-2.46992	-4.54821	-5.45244
1318	2	1	21	3	2	1	5	-2.9146	-2.50337	-4.39367	-4.47333
1319	4	7	10	4	1	7	1	-1.82566	-3.77376	-2.60936	-1.95961
1320	1	2	3	4	5	9	3	-4.56587	-2.51138	-3.60001	-4.92369
1321	2	4	1	2	7	1	5	-2.30171	-5.50819	-5.84194	-5.04972
1322	4	7	10	4	1	7	1	-1.82566	-3.77376	-2.60936	-1.95961
1323	4	7	10	4	1	7	1	-1.82566	-3.77376	-2.60936	-1.95961
1324	1	4	2	2	6	3	17	-4.56673	-2.46992	-4.54821	-5.45244
1325	2	4	1	2	7	1	5	-2.30171	-5.50819	-5.84194	-5.04972
1326	4	7	10	4	1	7	1	-1.82566	-3.77376	-2.60936	-1.95961
1327	8	10	2	2	11	12	6	-3.94765	-7.12308	-7.60856	-7.01057
1328	969	7	10	4	1	7	1	-6.00305	-7.66749	-5.75806	-4.20501
1329	4	7	10	4	1	7	1	-1.82566	-3.77376	-2.60936	-1.95961
1330	10	27	16	942	10	5	7	-24.5083	-16.6812	-19.1891	-19.5364
1331	10	27	16	941	10	5	7	-24.5083	-16.6812	-19.1891	-19.5364
1332	4	7	10	4	1	7	1	-1.82566	-3.77376	-2.60936	-1.95961
1333	4	7	10	4	1	7	1	-1.82566	-3.77376	-2.60936	-1.95961
1334	129	66	30	82	189	47	17	-3.24001	-4.8596	-5.50931	-4.16056
1335	4	7	10	4	1	7	1	-1.82566	-3.77376	-2.60936	-1.95961
1336	4	7	10	4	1	7	1	-1.82566	-3.77376	-2.60936	-1.95961
1337	2	4	1	2	2	1	5	-2.77045	-3.6533	-4.14418	-4.11705
1338	2	1	2	3	2	3	5	-3.75282	-6.87635	-7.40575	-6.80549
1339	10	27	16	19	10	5	7	-20.2527	-12.7644	-16.0377	-17.2902
1340	2	4	1	2	2	1	5	-2.77045	-3.6533	-4.14418	-4.11705
1341	33	39	30	82	104	173	68	-5.34823	-3.99949	-6.57502	-7.41077
1342	1	4	2	2	6	3	17	-4.56673	-2.46992	-4.54821	-5.45244
1343	2	1	5	3	2	5	5	-5.44363	-2.85138	-4.08298	-5.49396
1344	2	1	12	3	2	1	5	-2.60501	-2.13083	-3.62134	-4.72113
1345	8	10	2	2	11	12	6	-3.94765	-7.12308	-7.60856	-7.01057
1346	2	1	1	3	2	1	5	-4.59659	-3.801	-6.32914	-6.97845
1347	1	4	2	2	6	3	17	-4.56673	-2.46992	-4.54821	-5.45244
1348	7	2	2	2	11	12	6	-4.49425	-7.7144	-8.1578	-7.55698
1349	9	2	4	62	4	5	6	-3.70747	-5.19805	-5.81064	-6.56352
1350	2	1	21	3	2	1	5	-2.9146	-2.50337	-4.39367	-4.47333
1351	9	7	10	4	1	7	1	-10.5539	-12.0751	-11.34	-10.0148
1352	2	1	12	3	920	1	5	-6.8608	-6.03926	-6.77051	-6.96461
1353	239	27	16	19	10	5	7	-9.75225	-6.49196	-9.13643	-10.2722
1354	7	17	2	15	23	3	12	-6.8937	-10.1151	-10.5583	-9.95689
1355	1	4	2	2	6	3	17	-4.56673	-2.46992	-4.54821	-5.45244
1356	1	6	60	24	12	28	1	-31.0816	-30.7803	-21.3798	-18.0603
1357	2	4	5	2	10	1	5	-6.8882	-10.0932	-10.5431	-9.94544
1358	10	81	50	99	120	76	52	-6.70006	-6.42389	-5.25961	-5.19867
1359	4	7	10	4	1	7	1	-1.82566	-3.77376	-2.60936	-1.95961
1360	2	1	5	3	2	5	5	-5.44363	-2.85138	-4.08298	-5.49396
1361	4	7	10	1	1	7	1	-5.2687	-8.3805	-5.97596	-6.13809
1362	2	4	5	2	10	1	5	-6.8882	-10.0932	-10.5431	-9.94544
1363	2	1	21	3	2	1	5	-2.9146	-2.50337	-4.39367	-4.47333
1364	2	1	21	3	2	1	5	-2.9146	-2.50337	-4.39367	-4.47333
1365	2	4	1	2	2	1	5	-2.77045	-3.6533	-4.14418	-4.11705
1366	2	4	2	2	6	1	5	-6.05572	-4.85259	-5.93133	-7.73754
1367	2	4	1	2	7	1	5	-2.30171	-5.50819	-5.84194	-5.04972
1368	2	4	1	2	2	1	5	-2.77045	-3.6533	-4.14418	-4.11705
1369	2	4	1	2	2	1	5	-2.77045	-3.6533	-4.14418	-4.11705
1370	4	7	10	4	1	7	1	-1.82566	-3.77376	-2.60936	-1.95961
1371	4	7	10	4	42	51	1	-2.9237	-4.61643	-4.87481	-3.81744
1372	2	1	5	3	2	3	5	-4.21025	-3.26786	-5.44646	-4.78382
1373	2	1	12	3	2	1	5	-2.60501	-2.13083	-3.62134	-4.72113
1374	2	1	1	3	2	1	5	-4.59659	-3.801	-6.32914	-6.97845
1375	2	4	1	2	2	1	5	-2.77045	-3.6533	-4.14418	-4.11705
1376	4	7	10	4	1	7	1	-1.82566	-3.77376	-2.60936	-1.95961
1377	10	1	16	19	10	5	7	-5.97673	-2.76992	-4.17806	-5.17398
1378	2	4	1	2	7	1	5	-2.30171	-5.50819	-5.84194	-5.04972
1379	2	4	1	2	2	1	5	-2.77045	-3.6533	-4.14418	-4.11705
1380	10	81	50	99	120	76	52	-6.70006	-6.42389	-5.25961	-5.19867
1381	2	1	12	3	2	1	5	-2.60501	-2.13083	-3.62134	-4.72113
1382	2	4	1	2	2	1	5	-2.77045	-3.6533	-4.14418	-4.11705
1383	2	4	1	2	7	1	5	-2.30171	-5.50819	-5.84194	-5.04972
1384	1	2	3	4	5	9	3	-4.56587	-2.51138	-3.60001	-4.92369
1385	8	10	2	2	11	12	6	-3.94765	-7.12308	-7.60856	-7.01057
1386	1	4	2	2	6	3	17	-4.56673	-2.46992	-4.54821	-5.45244
1387	2	4	1	2	2	1	5	-2.77045	-3.6533	-4.14418	-4.11705
1388	2	4	1	2	2	1	5	-2.77045	-3.6533	-4.14418	-4.11705
1389	10	7	10	4	1	7	1	-12.6293	-10.6809	-9.98155	-9.12691
1390	2	1	21	3	2	1	5	-2.9146	-2.50337	-4.39367	-4.47333
1391	2	1	21	3	2	1	5	-2.9146	-2.50337	-4.39367	-4.47333
1392	10	1	16	19	10	5	7	-5.97673	-2.76992	-4.17806	-5.17398
1393	2	1	5	3	2	3	5	-4.21025	-3.26786	-5.44646	-4.78382
1394	2	1	5	3	2	3	5	-4.21025	-3.26786	-5.44646	-4.78382
1395	2	4	1	2	2	5	5	-6.80601	-6.41415	-8.79978	-9.3205
1396	2	4	1	2	7	1	5	-2.30171	-5.50819	-5.84194	-5.04972
1397	10	1	16	19	10	5	7	-5.97673	-2.76992	-4.17806	-5.17398
1398	2	4	1	2	7	1	5	-2.30171	-5.50819	-5.84194	-5.04972
1399	2	934	1	2	2	1	5	-6.94832	-7.5608	-7.28806	-6.34985
