Isolate	Loci0	Loci1	Loci2	Loci3	Loci4	Loci5	Loci6	Source0	Source1	Source2	Source3
0	1	2	3	4	5	9	3	-4.68354	-2.49873	-3.64344	-4.93608
1	4	7	10	4	1	7	1	-1.82987	-3.98861	-2.57374	-1.97218
2	2	4	1	2	2	1	5	-2.78017	-3.70485	-4.03681	-4.11599
3	2	4	1	2	2	1	5	-2.78017	-3.70485	-4.03681	-4.11599
4	9	25	2	10	22	3	6	-4.47231	-8.38855	-5.83818	-4.41466
5	4	7	10	4	1	7	1	-1.82987	-3.98861	-2.57374	-1.97218
6	4	7	10	4	1	7	1	-1.82987	-3.98861	-2.57374	-1.97218
7	4	7	10	4	42	51	1	-2.93256	-4.76781	-4.65726	-3.83469
8	2	4	1	2	2	1	5	-2.78017	-3.70485	-4.03681	-4.11599
9	10	81	50	99	120	76	52	-6.69466	-6.43634	-5.30799	-5.20592
10	2	1	21	3	2	1	5	-2.94154	-2.50247	-4.27297	-4.52794
11	2	1	21	3	2	1	5	-2.94154	-2.50247	-4.27297	-4.52794
12	9	25	2	10	22	3	6	-4.47231	-8.38855	-5.83818	-4.41466
13	2	1	21	3	2	1	5	-2.94154	-2.50247	-4.27297	-4.52794
14	10	27	16	19	10	5	7	-20.436	-12.5754	-16.1679	-17.6847
15	2	4	1	2	2	1	5	-2.78017	-3.70485	-4.03681	-4.11599
16	2	4	1	2	2	1	5	-2.78017	-3.70485	-4.03681	-4.11599
17	9	2	4	62	4	5	6	-3.72108	-5.30893	-5.55269	-6.47417
18	9	53	2	53	11	3	3	-31.1081	-25.4661	-26.8334	-25.6234
19	2	4	1	2	2	1	5	-2.78017	-3.70485	-4.03681	-4.11599
20	2	4	1	2	2	1	5	-2.78017	-3.70485	-4.03681	-4.11599
21	4	7	10	4	1	7	1	-1.82987	-3.98861	-2.57374	-1.97218
22	2	4	1	2	2	1	5	-2.78017	-3.70485	-4.03681	-4.11599
23	1	4	2	2	6	3	17	-4.69421	-2.4568	-4.56833	-5.62323
24	4	7	10	4	1	7	1	-1.82987	-3.98861	-2.57374	-1.97218
25	2	1	21	3	2	1	5	-2.94154	-2.50247	-4.27297	-4.52794
26	8	10	2	2	11	12	6	-3.95822	-8.11418	-6.65021	-6.92759
27	2	4	2	2	6	1	5	-6.10799	-4.84262	-5.9505	-7.70941
28	2	1	12	3	2	1	5	-2.63336	-2.12785	-3.56231	-4.7474
29	2	4	1	2	2	1	5	-2.78017	-3.70485	-4.03681	-4.11599
30	4	7	10	4	1	7	1	-1.82987	-3.98861	-2.57374	-1.97218
31	10	1	16	19	10	5	7	-6.38016	-2.75481	-4.23167	-5.23452
32	1	2	3	4	5	9	3	-4.68354	-2.49873	-3.64344	-4.93608
33	2	4	1	2	2	1	5	-2.78017	-3.70485	-4.03681	-4.11599
34	2	4	1	2	2	1	5	-2.78017	-3.70485	-4.03681	-4.11599
35	2	4	1	2	2	1	5	-2.78017	-3.70485	-4.03681	-4.11599
36	4	7	10	4	1	7	1	-1.82987	-3.98861	-2.57374	-1.97218
37	129	66	30	82	189	47	17	-3.25106	-4.99904	-5.20823	-4.18526
38	2	1	12	3	357	1	5	-7.21931	-5.37686	-7.01202	-7.81626
39	9	2	4	62	4	5	6	-3.72108	-5.30893	-5.55269	-6.47417
40	2	1	1	3	2	1	5	-4.62942	-3.79377	-6.16196	-7.1714
41	2	1	12	3	357	1	5	-7.21931	-5.37686	-7.01202	-7.81626
42	2	1	5	3	2	3	5	-4.25062	-3.25982	-5.36542	-4.84835
43	2	1	5	3	2	3	5	-4.25062	-3.25982	-5.36542	-4.84835
44	2	4	1	2	2	1	5	-2.78017	-3.70485	-4.03681	-4.11599
45	2	4	1	2	2	1	5	-2.78017	-3.70485	-4.03681	-4.11599
46	2	4	2	2	6	1	5	-6.10799	-4.84262	-5.9505	-7.70941
47	1	4	2	2	6	3	17	-4.69421	-2.4568	-4.56833	-5.62323
48	2	1	21	3	2	1	5	-2.94154	-2.50247	-4.27297	-4.52794
49	2	1	2	3	2	3	5	-3.7611	-7.8003	-6.44759	-6.72108
50	2	1	21	3	2	1	5	-2.94154	-2.50247	-4.27297	-4.52794
51	7	17	2	15	23	3	12	-6.90527	-11.2134	-9.598	-9.87418
52	2	4	1	2	7	1	5	-2.30906	-6.60049	-4.95642	-4.99571
53	9	2	4	62	4	5	6	-3.72108	-5.30893	-5.55269	-6.47417
54	2	4	1	2	7	1	5	-2.30906	-6.60049	-4.95642	-4.99571
55	9	2	4	62	4	5	6	-3.72108	-5.30893	-5.55269	-6.47417
56	2	1	12	88	2	1	5	-3.95988	-3.44254	-5.53363	-5.36584
57	2	1	5	3	2	3	5	-4.25062	-3.25982	-5.36542	-4.84835
58	2	4	1	2	2	1	5	-2.78017	-3.70485	-4.03681	-4.11599
59	9	2	4	62	4	5	6	-3.72108	-5.30893	-5.55269	-6.47417
60	2	1	5	3	2	3	5	-4.25062	-3.25982	-5.36542	-4.84835
61	2	4	1	2	2	1	5	-2.78017	-3.70485	-4.03681	-4.11599
62	2	4	1	2	2	1	5	-2.78017	-3.70485	-4.03681	-4.11599
63	2	4	1	2	2	1	5	-2.78017	-3.70485	-4.03681	-4.11599
64	2	4	1	2	2	1	5	-2.78017	-3.70485	-4.03681	-4.11599
65	2	4	1	2	2	1	5	-2.78017	-3.70485	-4.03681	-4.11599
66	2	4	1	2	2	1	5	-2.78017	-3.70485	-4.03681	-4.11599
67	1	2	215	4	90	24	8	-31.6373	-25.9733	-24.0128	-22.1928
68	2	4	1	2	2	1	5	-2.78017	-3.70485	-4.03681	-4.11599
69	1	2	3	4	5	9	3	-4.68354	-2.49873	-3.64344	-4.93608
70	2	4	1	2	2	1	5	-2.78017	-3.70485	-4.03681	-4.11599
71	2	4	1	2	2	1	5	-2.78017	-3.70485	-4.03681	-4.11599
72	9	25	2	10	22	3	6	-4.47231	-8.38855	-5.83818	-4.41466
73	2	15	4	48	360	25	23	-6.69101	-9.53782	-5.72726	-4.96503
74	2	4	1	2	2	1	5	-2.78017	-3.70485	-4.03681	-4.11599
75	2	1	12	88	2	1	5	-3.95988	-3.44254	-5.53363	-5.36584
76	2	4	2	2	6	1	5	-6.10799	-4.84262	-5.9505	-7.70941
77	10	1	16	19	10	5	7	-6.38016	-2.75481	-4.23167	-5.23452
78	2	4	1	2	2	1	5	-2.78017	-3.70485	-4.03681	-4.11599
79	2	1	12	3	2	1	5	-2.63336	-2.12785	-3.56231	-4.7474
80	2	4	1	2	2	1	5	-2.78017	-3.70485	-4.03681	-4.11599
81	2	4	1	2	2	1	5	-2.78017	-3.70485	-4.03681	-4.11599
82	1	4	2	2	6	3	17	-4.69421	-2.4568	-4.56833	-5.62323
83	10	1	16	19	10	5	7	-6.38016	-2.75481	-4.23167	-5.23452
84	8	10	149	2	11	12	6	-4.89415	-3.98865	-5.61574	-7.07788
85	2	4	1	2	2	1	5	-2.78017	-3.70485	-4.03681	-4.11599
86	2	4	1	2	7	1	5	-2.30906	-6.60049	-4.95642	-4.99571
87	32	39	30	82	104	324	17	-8.42523	-4.68661	-7.38989	-9.01802
88	1	2	3	4	5	9	3	-4.68354	-2.49873	-3.64344	-4.93608
89	2	1	5	3	2	3	5	-4.25062	-3.25982	-5.36542	-4.84835
90	2	4	1	2	2	1	5	-2.78017	-3.70485	-4.03681	-4.11599
91	2	4	1	2	7	1	5	-2.30906	-6.60049	-4.95642	-4.99571
92	4	7	10	4	1	7	1	-1.82987	-3.98861	-2.57374	-1.97218
93	2	1	2	3	2	3	5	-3.7611	-7.8003	-6.44759	-6.72108
94	2	1	12	3	2	1	5	-2.63336	-2.12785	-3.56231	-4.7474
95	2	1	21	3	2	1	5	-2.94154	-2.50247	-4.27297	-4.52794
96	2	1	21	3	2	1	5	-2.94154	-2.50247	-4.27297	-4.52794
97	9	2	5	2	11	3	1	-28.805	-31.8117	-28.1885	-25.6781
98	4	7	10	4	1	7	1	-1.82987	-3.98861	-2.57374	-1.97218
99	2	1	2	3	2	3	5	-3.7611	-7.8003	-6.44759	-6.72108
100	2	1	21	3	2	1	5	-2.94154	-2.50247	-4.27297	-4.52794
101	4	7	10	4	1	7	1	-1.82987	-3.98861	-2.57374	-1.97218
102	2	1	21	3	2	1	5	-2.94154	-2.50247	-4.27297	-4.52794
103	1	4	2	2	6	3	17	-4.69421	-2.4568	-4.56833	-5.62323
104	2	4	5	2	10	1	5	-6.89635	-11.1839	-9.58313	-9.86056
105	2	1	12	88	2	1	5	-3.95988	-3.44254	-5.53363	-5.36584
106	9	2	4	62	4	5	6	-3.72108	-5.30893	-5.55269	-6.47417
107	2	165	73	147	220	190	104	-8.70863	-10.3073	-6.97979	-5.30723
108	2	1	21	3	2	1	5	-2.94154	-2.50247	-4.27297	-4.52794
109	2	4	1	2	2	1	5	-2.78017	-3.70485	-4.03681	-4.11599
110	2	1	12	3	11	1	6	-18.5634	-17.1828	-20.0017	-20.4903
111	2	1	2	3	2	3	5	-3.7611	-7.8003	-6.44759	-6.72108
112	2	4	1	2	7	1	5	-2.30906	-6.60049	-4.95642	-4.99571
113	2	1	2	3	2	3	5	-3.7611	-7.8003	-6.44759	-6.72108
114	2	1	21	3	2	1	5	-2.94154	-2.50247	-4.27297	-4.52794
115	2	4	1	2	7	1	5	-2.30906	-6.60049	-4.95642	-4.99571
116	33	39	30	82	113	43	17	-9.72745	-6.46564	-6.19809	-8.25284
117	2	4	1	2	2	1	5	-2.78017	-3.70485	-4.03681	-4.11599
118	2	4	1	2	2	1	5	-2.78017	-3.70485	-4.03681	-4.11599
119	2	4	1	2	2	1	5	-2.78017	-3.70485	-4.03681	-4.11599
120	2	4	1	2	7	1	5	-2.30906	-6.60049	-4.95642	-4.99571
121	4	7	10	1	1	7	1	-5.27429	-9.28978	-5.94528	-6.11664
122	2	1	12	3	2	1	5	-2.63336	-2.12785	-3.56231	-4.7474
123	2	4	1	2	2	1	5	-2.78017	-3.70485	-4.03681	-4.11599
124	2	4	1	2	2	1	5	-2.78017	-3.70485	-4.03681	-4.11599
125	2	4	1	2	7	1	5	-2.30906	-6.60049	-4.95642	-4.99571
126	2	4	1	2	2	1	5	-2.78017	-3.70485	-4.03681	-4.11599
127	2	4	1	2	2	1	5	-2.78017	-3.70485	-4.03681	-4.11599
128	2	1	12	88	2	1	5	-3.95988	-3.44254	-5.53363	-5.36584
129	2	1	12	3	2	1	5	-2.63336	-2.12785	-3.56231	-4.7474
130	2	1	12	3	2	1	5	-2.63336	-2.12785	-3.56231	-4.7474
131	2	4	1	2	7	1	5	-2.30906	-6.60049	-4.95642	-4.99571
132	2	1	21	3	2	1	5	-2.94154	-2.50247	-4.27297	-4.52794
133	2	1	21	3	2	1	5	-2.94154	-2.50247	-4.27297	-4.52794
134	2	4	5	2	2	5	5	-3.67528	-7.92736	-6.1971	-5.82013
135	2	1	21	3	2	1	5	-2.94154	-2.50247	-4.27297	-4.52794
136	1	4	2	2	6	3	1	-11.2977	-9.92721	-10.5027	-10.9538
137	2	1	5	3	2	3	5	-4.25062	-3.25982	-5.36542	-4.84835
138	2	1	5	3	2	3	5	-4.25062	-3.25982	-5.36542	-4.84835
139	4	7	10	4	1	7	1	-1.82987	-3.98861	-2.57374	-1.97218
140	8	10	2	2	11	12	6	-3.95822	-8.11418	-6.65021	-6.92759
141	2	1	2	3	2	3	5	-3.7611	-7.8003	-6.44759	-6.72108
142	2	1	5	3	2	3	5	-4.25062	-3.25982	-5.36542	-4.84835
143	2	1	2	3	2	3	5	-3.7611	-7.8003	-6.44759	-6.72108
144	129	66	30	82	189	47	17	-3.25106	-4.99904	-5.20823	-4.18526
145	2	4	1	2	2	1	5	-2.78017	-3.70485	-4.03681	-4.11599
146	2	4	1	2	2	1	5	-2.78017	-3.70485	-4.03681	-4.11599
147	7	21	5	62	4	61	44	-7.54555	-3.84088	-5.6914	-7.5567
148	2	4	1	2	2	1	5	-2.78017	-3.70485	-4.03681	-4.11599
149	2	937	1	2	2	1	5	-7.28754	-6.9571	-7.46981	-7.17139
150	1	14	2	2	6	1	17	-9.29442	-6.45116	-7.78579	-6.39462
151	1	4	2	2	6	3	17	-4.69421	-2.4568	-4.56833	-5.62323
152	8	10	149	2	11	12	6	-4.89415	-3.98865	-5.61574	-7.07788
153	2	1	12	3	2	1	5	-2.63336	-2.12785	-3.56231	-4.7474
154	9	30	2	2	89	59	6	-4.95742	-9.2669	-7.65088	-7.92691
155	1	2	3	4	5	9	3	-4.68354	-2.49873	-3.64344	-4.93608
156	2	4	1	2	2	1	5	-2.78017	-3.70485	-4.03681	-4.11599
157	2	4	1	2	2	1	5	-2.78017	-3.70485	-4.03681	-4.11599
158	180	194	2	68	19	231	147	-28.2202	-25.8833	-25.2442	-23.6132
159	2	4	1	2	2	1	5	-2.78017	-3.70485	-4.03681	-4.11599
160	2	4	1	2	2	1	5	-2.78017	-3.70485	-4.03681	-4.11599
161	2	4	1	2	2	1	5	-2.78017	-3.70485	-4.03681	-4.11599
162	4	7	10	4	1	7	1	-1.82987	-3.98861	-2.57374	-1.97218
163	2	4	1	2	2	1	5	-2.78017	-3.70485	-4.03681	-4.11599
164	2	1	21	3	2	1	5	-2.94154	-2.50247	-4.27297	-4.52794
165	2	4	1	2	7	1	5	-2.30906	-6.60049	-4.95642	-4.99571
166	2	4	1	2	2	1	5	-2.78017	-3.70485	-4.03681	-4.11599
167	10	1	16	19	10	5	7	-6.38016	-2.75481	-4.23167	-5.23452
168	104	7	10	4	1	7	1	-4.41302	-8.7293	-7.0953	-7.35891
169	2	4	1	2	2	1	5	-2.78017	-3.70485	-4.03681	-4.11599
170	10	27	16	19	10	5	7	-20.436	-12.5754	-16.1679	-17.6847
171	2	4	1	2	2	1	5	-2.78017	-3.70485	-4.03681	-4.11599
172	2	1	1	3	2	1	5	-4.62942	-3.79377	-6.16196	-7.1714
173	7	21	5	62	4	61	44	-7.54555	-3.84088	-5.6914	-7.5567
174	2	1	1	3	2	1	5	-4.62942	-3.79377	-6.16196	-7.1714
175	10	1	16	19	10	5	7	-6.38016	-2.75481	-4.23167	-5.23452
176	2	4	1	2	2	1	5	-2.78017	-3.70485	-4.03681	-4.11599
177	2	4	1	2	2	1	5	-2.78017	-3.70485	-4.03681	-4.11599
178	2	1	12	3	2	1	5	-2.63336	-2.12785	-3.56231	-4.7474
179	2	4	1	2	2	1	5	-2.78017	-3.70485	-4.03681	-4.11599
180	2	4	1	2	2	1	5	-2.78017	-3.70485	-4.03681	-4.11599
181	1	4	2	2	6	3	17	-4.69421	-2.4568	-4.56833	-5.62323
182	2	1	12	3	2	1	5	-2.63336	-2.12785	-3.56231	-4.7474
183	4	7	10	4	1	7	1	-1.82987	-3.98861	-2.57374	-1.97218
184	2	4	1	2	2	1	5	-2.78017	-3.70485	-4.03681	-4.11599
185	2	4	1	2	2	1	5	-2.78017	-3.70485	-4.03681	-4.11599
186	2	1	21	3	2	1	5	-2.94154	-2.50247	-4.27297	-4.52794
187	4	7	10	4	1	7	1	-1.82987	-3.98861	-2.57374	-1.97218
188	4	7	10	4	42	51	1	-2.93256	-4.76781	-4.65726	-3.83469
189	2	1	5	3	2	3	5	-4.25062	-3.25982	-5.36542	-4.84835
190	1	2	4	62	4	5	17	-6.12412	-4.86021	-7.33154	-8.49253
191	4	7	10	4	1	7	1	-1.82987	-3.98861	-2.57374	-1.97218
192	4	7	10	4	42	51	1	-2.93256	-4.76781	-4.65726	-3.83469
193	2	1	21	3	2	1	5	-2.94154	-2.50247	-4.27297	-4.52794
194	4	7	10	4	42	51	1	-2.93256	-4.76781	-4.65726	-3.83469
195	2	4	1	2	7	1	5	-2.30906	-6.60049	-4.95642	-4.99571
196	2	4	1	2	2	1	5	-2.78017	-3.70485	-4.03681	-4.11599
197	1	2	3	4	5	9	3	-4.68354	-2.49873	-3.64344	-4.93608
198	1	2	4	62	4	5	17	-6.12412	-4.86021	-7.33154	-8.49253
199	2	250	4	281	358	25	57	-29.9969	-29.29	-20.983	-19.3751
200	9	2	4	62	4	5	6	-3.72108	-5.30893	-5.55269	-6.47417
201	1	2	3	4	5	9	3	-4.68354	-2.49873	-3.64344	-4.93608
202	4	7	10	4	1	7	1	-1.82987	-3.98861	-2.57374	-1.97218
203	2	4	2	4	19	3	6	-5.80126	-10.1035	-8.49015	-8.76228
204	4	7	10	4	1	7	1	-1.82987	-3.98861	-2.57374	-1.97218
205	4	7	10	4	42	51	1	-2.93256	-4.76781	-4.65726	-3.83469
206	2	1	12	3	2	1	5	-2.63336	-2.12785	-3.56231	-4.7474
207	4	7	10	4	1	7	1	-1.82987	-3.98861	-2.57374	-1.97218
208	2	1	12	3	2	1	5	-2.63336	-2.12785	-3.56231	-4.7474
209	1	2	4	62	4	5	17	-6.12412	-4.86021	-7.33154	-8.49253
210	4	7	10	4	42	51	1	-2.93256	-4.76781	-4.65726	-3.83469
211	2	4	1	2	2	1	5	-2.78017	-3.70485	-4.03681	-4.11599
212	4	7	10	4	1	7	1	-1.82987	-3.98861	-2.57374	-1.97218
213	2	1	21	3	2	1	5	-2.94154	-2.50247	-4.27297	-4.52794
214	47	2	4	2	6	5	17	-10.9563	-11.1693	-6.24694	-8.33072
215	2	1	21	3	2	1	5	-2.94154	-2.50247	-4.27297	-4.52794
216	2	1	21	3	2	1	5	-2.94154	-2.50247	-4.27297	-4.52794
217	2	4	1	2	2	1	5	-2.78017	-3.70485	-4.03681	-4.11599
218	2	4	1	2	2	1	5	-2.78017	-3.70485	-4.03681	-4.11599
219	10	81	50	99	120	76	52	-6.69466	-6.43634	-5.30799	-5.20592
220	2	4	1	2	2	1	5	-2.78017	-3.70485	-4.03681	-4.11599
221	2	4	1	2	2	1	5	-2.78017	-3.70485	-4.03681	-4.11599
222	1	4	2	2	6	3	17	-4.69421	-2.4568	-4.56833	-5.62323
223	1	2	4	62	4	5	17	-6.12412	-4.86021	-7.33154	-8.49253
224	4	7	10	4	1	7	1	-1.82987	-3.98861	-2.57374	-1.97218
225	4	7	10	4	1	7	1	-1.82987	-3.98861	-2.57374	-1.97218
226	10	1	16	19	10	5	7	-6.38016	-2.75481	-4.23167	-5.23452
227	2	4	1	2	2	1	5	-2.78017	-3.70485	-4.03681	-4.11599
228	2	4	1	2	7	1	5	-2.30906	-6.60049	-4.95642	-4.99571
229	1	4	2	348	6	3	17	-9.11733	-5.36917	-8.07749	-9.70777
230	1	2	4	62	4	5	17	-6.12412	-4.86021	-7.33154	-8.49253
231	10	27	16	19	10	5	7	-20.436	-12.5754	-16.1679	-17.6847
232	1	4	2	2	6	3	17	-4.69421	-2.4568	-4.56833	-5.62323
233	4	7	10	4	42	51	1	-2.93256	-4.76781	-4.65726	-3.83469
234	2	4	1	2	2	1	5	-2.78017	-3.70485	-4.03681	-4.11599
235	2	1	12	3	2	1	5	-2.63336	-2.12785	-3.56231	-4.7474
236	2	1	12	88	2	1	5	-3.95988	-3.44254	-5.53363	-5.36584
237	2	4	1	2	7	1	5	-2.30906	-6.60049	-4.95642	-4.99571
238	2	1	12	3	2	1	5	-2.63336	-2.12785	-3.56231	-4.7474
239	1	4	2	2	6	3	17	-4.69421	-2.4568	-4.56833	-5.62323
240	2	1	4	28	58	25	58	-5.66225	-8.84112	-5.37286	-4.2886
241	2	1	5	3	2	3	5	-4.25062	-3.25982	-5.36542	-4.84835
242	2	1	12	3	2	1	5	-2.63336	-2.12785	-3.56231	-4.7474
243	2	4	1	2	2	1	5	-2.78017	-3.70485	-4.03681	-4.11599
244	2	1	5	10	11	1	5	-26.8197	-21.647	-24.1228	-24.7883
245	2	1	12	3	2	1	5	-2.63336	-2.12785	-3.56231	-4.7474
246	2	1	12	88	2	1	5	-3.95988	-3.44254	-5.53363	-5.36584
247	2	1	12	3	2	1	5	-2.63336	-2.12785	-3.56231	-4.7474
248	2	1	12	3	2	1	5	-2.63336	-2.12785	-3.56231	-4.7474
249	1	4	2	2	6	3	17	-4.69421	-2.4568	-4.56833	-5.62323
250	9	2	4	62	4	5	6	-3.72108	-5.30893	-5.55269	-6.47417
251	2	1	12	3	2	1	5	-2.63336	-2.12785	-3.56231	-4.7474
252	8	10	149	2	11	12	6	-4.89415	-3.98865	-5.61574	-7.07788
253	2	1	21	3	2	1	5	-2.94154	-2.50247	-4.27297	-4.52794
254	1	2	3	4	5	9	3	-4.68354	-2.49873	-3.64344	-4.93608
255	2	1	5	3	2	3	5	-4.25062	-3.25982	-5.36542	-4.84835
256	1	307	3	4	5	9	3	-6.85212	-6.4547	-6.15441	-8.06626
257	1	4	2	2	6	3	17	-4.69421	-2.4568	-4.56833	-5.62323
258	2	4	1	2	7	1	5	-2.30906	-6.60049	-4.95642	-4.99571
259	2	4	1	2	2	1	5	-2.78017	-3.70485	-4.03681	-4.11599
260	2	61	4	64	126	7	23	-6.01101	-9.06069	-5.93806	-4.30367
261	7	21	5	62	4	61	44	-7.54555	-3.84088	-5.6914	-7.5567
262	2	1	12	3	2	1	5	-2.63336	-2.12785	-3.56231	-4.7474
263	2	4	1	2	2	1	5	-2.78017	-3.70485	-4.03681	-4.11599
264	2	1	12	3	2	1	5	-2.63336	-2.12785	-3.56231	-4.7474
265	2	1	21	3	2	1	5	-2.94154	-2.50247	-4.27297	-4.52794
266	2	1	21	3	2	1	5	-2.94154	-2.50247	-4.27297	-4.52794
267	2	4	1	2	2	1	5	-2.78017	-3.70485	-4.03681	-4.11599
268	2	4	1	2	2	1	5	-2.78017	-3.70485	-4.03681	-4.11599
269	2	4	1	2	7	1	5	-2.30906	-6.60049	-4.95642	-4.99571
270	4	7	10	4	1	7	1	-1.82987	-3.98861	-2.57374	-1.97218
271	1	2	4	62	4	5	17	-6.12412	-4.86021	-7.33154	-8.49253
272	4	1	21	3	2	1	5	-9.62418	-10.0688	-10.3305	-9.92538
273	10	1	16	19	10	5	7	-6.38016	-2.75481	-4.23167	-5.23452
274	33	283	44	82	189	44	17	-7.12714	-3.48057	-5.44939	-6.0796
275	2	1	12	3	2	1	5	-2.63336	-2.12785	-3.56231	-4.7474
276	10	81	50	99	120	76	52	-6.69466	-6.43634	-5.30799	-5.20592
277	4	7	10	4	42	25	1	-8.57797	-9.95588	-5.84024	-5.22311
278	2	4	1	2	2	1	5	-2.78017	-3.70485	-4.03681	-4.11599
279	2	4	5	2	10	1	5	-6.89635	-11.1839	-9.58313	-9.86056
280	2	4	1	2	2	1	5	-2.78017	-3.70485	-4.03681	-4.11599
281	9	2	4	62	4	5	6	-3.72108	-5.30893	-5.55269	-6.47417
282	4	7	10	4	1	7	1	-1.82987	-3.98861	-2.57374	-1.97218
283	2	1	12	3	2	1	5	-2.63336	-2.12785	-3.56231	-4.7474
284	9	2	4	62	4	5	6	-3.72108	-5.30893	-5.55269	-6.47417
285	9	2	4	62	4	5	6	-3.72108	-5.30893	-5.55269	-6.47417
286	2	4	1	2	2	1	5	-2.78017	-3.70485	-4.03681	-4.11599
287	2	1	12	88	2	1	5	-3.95988	-3.44254	-5.53363	-5.36584
288	2	1	21	3	2	1	5	-2.94154	-2.50247	-4.27297	-4.52794
289	33	39	30	79	113	44	17	-25.857	-24.4077	-24.38	-26.4499
290	1	2	3	4	5	9	3	-4.68354	-2.49873	-3.64344	-4.93608
291	1	4	2	2	6	3	17	-4.69421	-2.4568	-4.56833	-5.62323
292	9	2	4	62	4	5	6	-3.72108	-5.30893	-5.55269	-6.47417
293	2	1	12	3	2	1	5	-2.63336	-2.12785	-3.56231	-4.7474
294	2	1	5	3	2	5	5	-5.64112	-2.8338	-4.13113	-5.52505
295	2	1	5	3	2	5	5	-5.64112	-2.8338	-4.13113	-5.52505
296	2	4	1	2	2	1	5	-2.78017	-3.70485	-4.03681	-4.11599
297	2	4	1	2	2	1	5	-2.78017	-3.70485	-4.03681	-4.11599
298	2	1	21	3	2	1	5	-2.94154	-2.50247	-4.27297	-4.52794
299	32	39	30	82	104	324	17	-8.42523	-4.68661	-7.38989	-9.01802
300	2	1	12	3	2	1	5	-2.63336	-2.12785	-3.56231	-4.7474
301	4	7	10	4	1	7	1	-1.82987	-3.98861	-2.57374	-1.97218
302	1	4	2	2	6	3	5	-8.93848	-5.24762	-7.99118	-9.60011
303	2	1	21	3	2	1	5	-2.94154	-2.50247	-4.27297	-4.52794
304	4	7	10	4	42	51	1	-2.93256	-4.76781	-4.65726	-3.83469
305	2	4	1	2	7	1	5	-2.30906	-6.60049	-4.95642	-4.99571
306	7	21	5	62	4	61	44	-7.54555	-3.84088	-5.6914	-7.5567
307	104	7	10	4	1	7	1	-4.41302	-8.7293	-7.0953	-7.35891
308	9	25	2	10	22	3	6	-4.47231	-8.38855	-5.83818	-4.41466
309	2	4	2	2	6	3	17	-10.7086	-7.44894	-10.1156	-10.7775
310	2	4	1	2	7	1	5	-2.30906	-6.60049	-4.95642	-4.99571
311	129	66	30	82	189	47	17	-3.25106	-4.99904	-5.20823	-4.18526
312	33	39	30	82	104	173	68	-5.41471	-3.99217	-6.49834	-7.7102
313	2	1	12	3	2	1	5	-2.63336	-2.12785	-3.56231	-4.7474
314	2	1	1	3	2	1	5	-4.62942	-3.79377	-6.16196	-7.1714
315	7	21	5	62	4	61	44	-7.54555	-3.84088	-5.6914	-7.5567
316	2	1	21	3	2	1	5	-2.94154	-2.50247	-4.27297	-4.52794
317	4	7	10	4	1	7	1	-1.82987	-3.98861	-2.57374	-1.97218
318	10	2	107	62	120	76	1	-6.85112	-10.6139	-7.87906	-6.37419
319	4	7	10	4	1	7	1	-1.82987	-3.98861	-2.57374	-1.97218
320	2	1	12	3	2	1	5	-2.63336	-2.12785	-3.56231	-4.7474
321	2	1	5	3	2	3	5	-4.25062	-3.25982	-5.36542	-4.84835
322	4	7	10	4	1	7	1	-1.82987	-3.98861	-2.57374	-1.97218
323	2	1	12	88	2	1	5	-3.95988	-3.44254	-5.53363	-5.36584
324	4	7	10	4	42	7	1	-6.56405	-9.32164	-5.60361	-4.70615
325	4	7	10	4	42	51	1	-2.93256	-4.76781	-4.65726	-3.83469
326	2	1	21	3	2	1	5	-2.94154	-2.50247	-4.27297	-4.52794
327	2	1	12	3	2	1	5	-2.63336	-2.12785	-3.56231	-4.7474
328	4	7	10	4	1	7	1	-1.82987	-3.98861	-2.57374	-1.97218
329	2	4	1	2	7	1	5	-2.30906	-6.60049	-4.95642	-4.99571
330	4	7	10	4	1	7	1	-1.82987	-3.98861	-2.57374	-1.97218
331	2	1	12	3	2	1	5	-2.63336	-2.12785	-3.56231	-4.7474
332	4	7	10	4	1	7	1	-1.82987	-3.98861	-2.57374	-1.97218
333	4	7	10	4	1	7	1	-1.82987	-3.98861	-2.57374	-1.97218
334	1	4	2	2	6	3	17	-4.69421	-2.4568	-4.56833	-5.62323
335	2	4	1	2	2	1	5	-2.78017	-3.70485	-4.03681	-4.11599
336	4	7	10	4	1	7	1	-1.82987	-3.98861	-2.57374	-1.97218
337	7	17	2	15	23	3	12	-6.90527	-11.2134	-9.598	-9.87418
338	2	1	5	3	2	3	5	-4.25062	-3.25982	-5.36542	-4.84835
339	4	7	10	4	1	7	1	-1.82987	-3.98861	-2.57374	-1.97218
340	4	7	10	4	1	7	1	-1.82987	-3.98861	-2.57374	-1.97218
341	4	7	10	4	42	51	1	-2.93256	-4.76781	-4.65726	-3.83469
342	2	4	1	2	2	1	5	-2.78017	-3.70485	-4.03681	-4.11599
343	2	1	12	88	2	1	5	-3.95988	-3.44254	-5.53363	-5.36584
344	2	1	1	3	2	1	5	-4.62942	-3.79377	-6.16196	-7.1714
345	1	2	3	4	5	9	3	-4.68354	-2.49873	-3.64344	-4.93608
346	2	1	12	88	2	1	5	-3.95988	-3.44254	-5.53363	-5.36584
347	2	1	1	3	2	1	5	-4.62942	-3.79377	-6.16196	-7.1714
348	24	17	2	10	23	68	5	-9.52282	-5.78283	-8.48743	-10.1159
349	4	7	10	4	1	7	1	-1.82987	-3.98861	-2.57374	-1.97218
350	2	1	21	3	2	1	5	-2.94154	-2.50247	-4.27297	-4.52794
351	1	4	2	2	6	3	17	-4.69421	-2.4568	-4.56833	-5.62323
352	2	1	5	3	2	3	5	-4.25062	-3.25982	-5.36542	-4.84835
353	4	7	10	4	1	7	1	-1.82987	-3.98861	-2.57374	-1.97218
354	2	1	1	3	2	1	5	-4.62942	-3.79377	-6.16196	-7.1714
355	2	1	12	3	2	1	5	-2.63336	-2.12785	-3.56231	-4.7474
356	8	10	149	2	11	12	6	-4.89415	-3.98865	-5.61574	-7.07788
357	2	4	1	2	2	5	5	-6.81749	-6.41186	-8.56522	-9.42672
358	10	1	16	19	10	5	7	-6.38016	-2.75481	-4.23167	-5.23452
359	24	17	2	10	23	68	5	-9.52282	-5.78283	-8.48743	-10.1159
360	1	2	4	62	4	5	17	-6.12412	-4.86021	-7.33154	-8.49253
361	2	4	1	2	7	1	5	-2.30906	-6.60049	-4.95642	-4.99571
362	7	71	5	62	11	67	6	-30.0882	-25.3484	-27.9269	-28.4656
363	7	17	5	2	10	3	6	-25.3499	-24.384	-23.6737	-22.4287
364	2	1	5	3	2	3	5	-4.25062	-3.25982	-5.36542	-4.84835
365	9	2	4	62	4	5	6	-3.72108	-5.30893	-5.55269	-6.47417
366	33	38	30	82	104	325	36	-14.8024	-9.73699	-12.6335	-13.88
367	2	4	1	2	7	1	5	-2.30906	-6.60049	-4.95642	-4.99571
368	47	2	4	2	6	5	17	-10.9563	-11.1693	-6.24694	-8.33072
369	2	1	12	88	2	1	5	-3.95988	-3.44254	-5.53363	-5.36584
370	2	1	12	88	2	1	5	-3.95988	-3.44254	-5.53363	-5.36584
371	2	1	12	88	2	1	5	-3.95988	-3.44254	-5.53363	-5.36584
372	2	1	12	88	2	1	5	-3.95988	-3.44254	-5.53363	-5.36584
373	2	4	1	2	2	1	5	-2.78017	-3.70485	-4.03681	-4.11599
374	2	1	12	88	2	1	5	-3.95988	-3.44254	-5.53363	-5.36584
375	1	1	2	2	6	3	17	-9.95389	-6.10924	-8.90951	-10.4527
376	2	1	12	88	2	1	5	-3.95988	-3.44254	-5.53363	-5.36584
377	2	1	12	88	2	1	5	-3.95988	-3.44254	-5.53363	-5.36584
378	2	4	1	2	2	1	5	-2.78017	-3.70485	-4.03681	-4.11599
379	2	1	12	88	2	1	5	-3.95988	-3.44254	-5.53363	-5.36584
380	2	1	5	3	2	3	5	-4.25062	-3.25982	-5.36542	-4.84835
381	4	7	10	4	1	7	1	-1.82987	-3.98861	-2.57374	-1.97218
382	2	1	12	3	2	1	5	-2.63336	-2.12785	-3.56231	-4.7474
383	1	2	4	62	4	5	17	-6.12412	-4.86021	-7.33154	-8.49253
384	1	4	2	2	6	3	17	-4.69421	-2.4568	-4.56833	-5.62323
385	2	1	12	3	2	1	5	-2.63336	-2.12785	-3.56231	-4.7474
386	2	1	12	88	2	1	5	-3.95988	-3.44254	-5.53363	-5.36584
387	9	2	4	62	4	5	6	-3.72108	-5.30893	-5.55269	-6.47417
388	2	4	1	2	7	1	5	-2.30906	-6.60049	-4.95642	-4.99571
389	2	1	5	3	2	3	5	-4.25062	-3.25982	-5.36542	-4.84835
390	7	21	5	62	4	61	44	-7.54555	-3.84088	-5.6914	-7.5567
391	1	2	215	4	90	24	8	-31.6373	-25.9733	-24.0128	-22.1928
392	2	1	21	3	2	1	5	-2.94154	-2.50247	-4.27297	-4.52794
393	1	4	2	2	6	3	17	-4.69421	-2.4568	-4.56833	-5.62323
394	2	4	1	2	2	1	5	-2.78017	-3.70485	-4.03681	-4.11599
395	2	1	12	3	2	1	5	-2.63336	-2.12785	-3.56231	-4.7474
396	1	2	3	4	5	9	3	-4.68354	-2.49873	-3.64344	-4.93608
397	2	1	5	3	2	3	5	-4.25062	-3.25982	-5.36542	-4.84835
398	10	1	16	19	10	5	7	-6.38016	-2.75481	-4.23167	-5.23452
399	2	1	2	3	2	959	5	-8.34333	-10.1174	-9.87573	-9.77987
400	10	1	16	19	10	5	7	-6.38016	-2.75481	-4.23167	-5.23452
401	2	4	1	2	7	1	5	-2.30906	-6.60049	-4.95642	-4.99571
402	2	1	12	3	2	1	5	-2.63336	-2.12785	-3.56231	-4.7474
403	8	10	149	2	11	12	6	-4.89415	-3.98865	-5.61574	-7.07788
404	2	4	1	2	7	1	5	-2.30906	-6.60049	-4.95642	-4.99571
405	4	7	10	4	1	7	1	-1.82987	-3.98861	-2.57374	-1.97218
406	4	7	10	4	1	7	1	-1.82987	-3.98861	-2.57374	-1.97218
407	2	4	5	2	2	5	5	-3.67528	-7.92736	-6.1971	-5.82013
408	2	1	12	3	2	1	5	-2.63336	-2.12785	-3.56231	-4.7474
409	166	2	27	10	151	3	1	-32.9405	-30.0023	-28.686	-25.7285
410	33	39	30	79	113	44	17	-25.857	-24.4077	-24.38	-26.4499
411	7	17	2	15	23	3	12	-6.90527	-11.2134	-9.598	-9.87418
412	1	2	3	4	5	9	3	-4.68354	-2.49873	-3.64344	-4.93608
413	2	4	1	2	7	1	5	-2.30906	-6.60049	-4.95642	-4.99571
414	7	21	5	62	4	61	44	-7.54555	-3.84088	-5.6914	-7.5567
415	2	1	12	3	2	1	5	-2.63336	-2.12785	-3.56231	-4.7474
416	1	2	3	4	5	9	3	-4.68354	-2.49873	-3.64344	-4.93608
417	2	1	5	88	2	11	5	-8.96481	-5.35378	-6.09019	-8.09903
418	2	4	1	2	7	1	5	-2.30906	-6.60049	-4.95642	-4.99571
419	2	1	21	3	2	1	5	-2.94154	-2.50247	-4.27297	-4.52794
420	7	17	2	15	23	3	12	-6.90527	-11.2134	-9.598	-9.87418
421	2	1	5	88	2	11	5	-8.96481	-5.35378	-6.09019	-8.09903
422	47	2	4	2	6	5	17	-10.9563	-11.1693	-6.24694	-8.33072
423	1	2	3	4	5	9	3	-4.68354	-2.49873	-3.64344	-4.93608
424	7	17	2	15	23	3	12	-6.90527	-11.2134	-9.598	-9.87418
425	2	4	1	2	2	1	5	-2.78017	-3.70485	-4.03681	-4.11599
426	2	4	1	2	2	1	5	-2.78017	-3.70485	-4.03681	-4.11599
427	2	4	1	2	2	1	5	-2.78017	-3.70485	-4.03681	-4.11599
428	2	1	12	3	2	1	5	-2.63336	-2.12785	-3.56231	-4.7474
429	2	4	5	2	2	5	5	-3.67528	-7.92736	-6.1971	-5.82013
430	2	1	21	3	2	1	5	-2.94154	-2.50247	-4.27297	-4.52794
431	4	7	10	4	42	25	1	-8.57797	-9.95588	-5.84024	-5.22311
432	1	4	2	2	6	3	17	-4.69421	-2.4568	-4.56833	-5.62323
433	1	2	215	4	923	24	8	-31.6373	-25.9733	-24.0128	-22.1928
434	1	2	3	4	5	9	3	-4.68354	-2.49873	-3.64344	-4.93608
435	2	1	1	3	2	1	5	-4.62942	-3.79377	-6.16196	-7.1714
436	1	4	2	2	6	3	17	-4.69421	-2.4568	-4.56833	-5.62323
437	2	4	1	2	2	1	5	-2.78017	-3.70485	-4.03681	-4.11599
438	2	1	5	3	2	5	5	-5.64112	-2.8338	-4.13113	-5.52505
439	4	7	10	4	42	51	1	-2.93256	-4.76781	-4.65726	-3.83469
440	4	7	10	4	1	7	1	-1.82987	-3.98861	-2.57374	-1.97218
441	4	7	10	4	1	7	1	-1.82987	-3.98861	-2.57374	-1.97218
442	4	7	10	4	1	7	1	-1.82987	-3.98861	-2.57374	-1.97218
443	2	1	21	3	2	1	5	-2.94154	-2.50247	-4.27297	-4.52794
444	2	1	21	3	2	1	5	-2.94154	-2.50247	-4.27297	-4.52794
445	2	4	1	2	7	1	5	-2.30906	-6.60049	-4.95642	-4.99571
446	4	7	10	4	1	7	1	-1.82987	-3.98861	-2.57374	-1.97218
447	4	7	10	4	1	7	1	-1.82987	-3.98861	-2.57374	-1.97218
448	2	1	1	3	2	1	5	-4.62942	-3.79377	-6.16196	-7.1714
449	2	1	21	3	2	1	5	-2.94154	-2.50247	-4.27297	-4.52794
450	2	1	21	3	2	1	5	-2.94154	-2.50247	-4.27297	-4.52794
451	4	7	10	4	42	51	1	-2.93256	-4.76781	-4.65726	-3.83469
452	4	7	10	1	1	7	1	-5.27429	-9.28978	-5.94528	-6.11664
453	239	27	16	19	10	5	7	-10.2186	-6.47833	-9.18148	-10.8107
454	2	1	12	3	2	1	5	-2.63336	-2.12785	-3.56231	-4.7474
455	2	4	1	2	2	1	5	-2.78017	-3.70485	-4.03681	-4.11599
456	2	1	12	3	2	1	5	-2.63336	-2.12785	-3.56231	-4.7474
457	2	1	12	3	2	1	5	-2.63336	-2.12785	-3.56231	-4.7474
458	10	81	50	99	120	76	52	-6.69466	-6.43634	-5.30799	-5.20592
459	47	2	4	2	6	5	17	-10.9563	-11.1693	-6.24694	-8.33072
460	2	4	1	3	2	1	5	-6.82386	-8.53129	-9.18669	-9.57562
461	4	7	10	4	1	7	1	-1.82987	-3.98861	-2.57374	-1.97218
462	2	1	1	380	2	1	5	-6.16689	-5.75007	-7.97	-8.83841
463	2	4	1	2	7	1	5	-2.30906	-6.60049	-4.95642	-4.99571
464	2	1	12	88	2	1	5	-3.95988	-3.44254	-5.53363	-5.36584
465	7	71	5	62	11	67	1	-31.7061	-25.6449	-27.2663	-27.8081
466	2	4	1	2	7	1	5	-2.30906	-6.60049	-4.95642	-4.99571
467	4	7	10	4	1	7	1	-1.82987	-3.98861	-2.57374	-1.97218
468	2	1	1	380	2	1	5	-6.16689	-5.75007	-7.97	-8.83841
469	2	4	1	2	2	1	5	-2.78017	-3.70485	-4.03681	-4.11599
470	2	1	12	3	2	1	5	-2.63336	-2.12785	-3.56231	-4.7474
471	1	14	2	2	6	1	17	-9.29442	-6.45116	-7.78579	-6.39462
472	1	2	4	62	4	5	17	-6.12412	-4.86021	-7.33154	-8.49253
473	4	7	10	4	1	7	1	-1.82987	-3.98861	-2.57374	-1.97218
474	2	1	21	3	2	1	5	-2.94154	-2.50247	-4.27297	-4.52794
475	2	4	1	2	2	1	5	-2.78017	-3.70485	-4.03681	-4.11599
476	1	4	2	2	6	3	17	-4.69421	-2.4568	-4.56833	-5.62323
477	4	7	10	4	1	7	1	-1.82987	-3.98861	-2.57374	-1.97218
478	10	2	107	62	120	76	1	-6.85112	-10.6139	-7.87906	-6.37419
479	2	1	12	3	2	1	5	-2.63336	-2.12785	-3.56231	-4.7474
480	2	1	5	3	2	3	5	-4.25062	-3.25982	-5.36542	-4.84835
481	2	1	21	3	2	1	5	-2.94154	-2.50247	-4.27297	-4.52794
482	1	2	3	4	5	9	3	-4.68354	-2.49873	-3.64344	-4.93608
483	1	307	3	4	5	9	3	-6.85212	-6.4547	-6.15441	-8.06626
484	7	2	5	2	10	3	6	-31.0928	-27.6504	-27.9248	-28.1472
485	1	2	3	4	5	9	3	-4.68354	-2.49873	-3.64344	-4.93608
486	33	39	30	82	104	173	68	-5.41471	-3.99217	-6.49834	-7.7102
487	4	7	10	4	42	7	1	-6.56405	-9.32164	-5.60361	-4.70615
488	2	1	12	88	2	1	5	-3.95988	-3.44254	-5.53363	-5.36584
489	2	4	1	2	2	1	5	-2.78017	-3.70485	-4.03681	-4.11599
490	2	1	21	3	2	1	5	-2.94154	-2.50247	-4.27297	-4.52794
491	9	2	4	62	4	5	6	-3.72108	-5.30893	-5.55269	-6.47417
492	2	1	5	3	2	3	5	-4.25062	-3.25982	-5.36542	-4.84835
493	4	7	10	4	1	7	1	-1.82987	-3.98861	-2.57374	-1.97218
494	2	1	57	26	127	29	35	-6.88298	-10.4898	-6.20907	-8.12117
495	2	1	57	26	127	29	35	-6.88298	-10.4898	-6.20907	-8.12117
496	2	4	2	4	19	3	6	-5.80126	-10.1035	-8.49015	-8.76228
497	2	1	12	3	2	1	5	-2.63336	-2.12785	-3.56231	-4.7474
498	2	4	1	2	2	1	5	-2.78017	-3.70485	-4.03681	-4.11599
499	2	4	1	2	2	1	5	-2.78017	-3.70485	-4.03681	-4.11599
500	2	1	21	3	2	1	5	-2.94154	-2.50247	-4.27297	-4.52794
501	33	39	65	79	104	43	17	-4.6018	-8.91053	-7.29463	-7.57158
502	1	14	2	2	6	1	17	-9.29442	-6.45116	-7.78579	-6.39462
503	2	1	12	3	2	1	5	-2.63336	-2.12785	-3.56231	-4.7474
504	7	21	5	62	4	61	44	-7.54555	-3.84088	-5.6914	-7.5567
505	9	2	4	62	4	5	6	-3.72108	-5.30893	-5.55269	-6.47417
506	129	66	30	82	189	47	17	-3.25106	-4.99904	-5.20823	-4.18526
507	2	1	21	3	2	1	5	-2.94154	-2.50247	-4.27297	-4.52794
508	47	2	4	2	6	5	17	-10.9563	-11.1693	-6.24694	-8.33072
509	2	4	1	2	7	1	5	-2.30906	-6.60049	-4.95642	-4.99571
510	33	38	30	82	104	325	36	-14.8024	-9.73699	-12.6335	-13.88
511	1	4	2	2	6	3	17	-4.69421	-2.4568	-4.56833	-5.62323
512	1	4	2	2	6	3	17	-4.69421	-2.4568	-4.56833	-5.62323
513	2	4	1	2	2	1	5	-2.78017	-3.70485	-4.03681	-4.11599
514	4	7	10	4	1	7	1	-1.82987	-3.98861	-2.57374	-1.97218
515	33	283	44	82	189	44	17	-7.12714	-3.48057	-5.44939	-6.0796
516	8	10	149	2	11	12	6	-4.89415	-3.98865	-5.61574	-7.07788
517	2	1	21	3	62	1	5	-5.79827	-10.0866	-8.48738	-8.76435
518	10	1	16	19	10	5	7	-6.38016	-2.75481	-4.23167	-5.23452
519	180	194	2	68	19	231	147	-28.2202	-25.8833	-25.2442	-23.6132
520	2	4	1	2	7	1	5	-2.30906	-6.60049	-4.95642	-4.99571
521	2	4	2	2	6	1	5	-6.10799	-4.84262	-5.9505	-7.70941
522	1	2	3	4	5	9	3	-4.68354	-2.49873	-3.64344	-4.93608
523	2	1	21	3	2	1	5	-2.94154	-2.50247	-4.27297	-4.52794
524	2	1	12	3	2	1	5	-2.63336	-2.12785	-3.56231	-4.7474
525	2	1	5	3	2	3	5	-4.25062	-3.25982	-5.36542	-4.84835
526	1	307	3	4	5	9	3	-6.85212	-6.4547	-6.15441	-8.06626
527	2	4	1	2	7	1	5	-2.30906	-6.60049	-4.95642	-4.99571
528	2	1	12	3	2	1	5	-2.63336	-2.12785	-3.56231	-4.7474
529	7	21	5	62	4	61	44	-7.54555	-3.84088	-5.6914	-7.5567
530	2	1	5	3	2	3	5	-4.25062	-3.25982	-5.36542	-4.84835
531	2	1	12	88	2	1	5	-3.95988	-3.44254	-5.53363	-5.36584
532	2	1	21	3	2	1	5	-2.94154	-2.50247	-4.27297	-4.52794
533	1	4	2	2	6	3	17	-4.69421	-2.4568	-4.56833	-5.62323
534	2	4	1	2	7	1	5	-2.30906	-6.60049	-4.95642	-4.99571
535	47	2	4	2	6	5	17	-10.9563	-11.1693	-6.24694	-8.33072
536	1	4	2	2	6	3	17	-4.69421	-2.4568	-4.56833	-5.62323
537	1	2	3	4	5	9	3	-4.68354	-2.49873	-3.64344	-4.93608
538	2	4	1	2	2	1	5	-2.78017	-3.70485	-4.03681	-4.11599
539	4	7	10	4	42	7	1	-6.56405	-9.32164	-5.60361	-4.70615
540	2	4	1	9	2	1	5	-7.35023	-6.96045	-7.48518	-7.1834
541	2	1	12	3	2	1	5	-2.63336	-2.12785	-3.56231	-4.7474
542	1	4	2	9	6	3	17	-9.26876	-5.66234	-7.99124	-8.67719
543	1	2	3	4	922	9	3	-9.26845	-5.75586	-7.09523	-8.00597
544	4	7	10	4	1	7	1	-1.82987	-3.98861	-2.57374	-1.97218
545	2	1	5	3	2	3	5	-4.25062	-3.25982	-5.36542	-4.84835
546	2	4	1	2	7	1	5	-2.30906	-6.60049	-4.95642	-4.99571
547	4	7	10	4	1	7	1	-1.82987	-3.98861	-2.57374	-1.97218
548	2	4	1	2	2	1	5	-2.78017	-3.70485	-4.03681	-4.11599
549	2	1	21	3	2	1	5	-2.94154	-2.50247	-4.27297	-4.52794
550	4	7	10	4	1	7	1	-1.82987	-3.98861	-2.57374	-1.97218
551	1	4	2	2	6	3	17	-4.69421	-2.4568	-4.56833	-5.62323
552	2	1	5	3	2	5	5	-5.64112	-2.8338	-4.13113	-5.52505
553	2	1	12	3	2	1	5	-2.63336	-2.12785	-3.56231	-4.7474
554	4	936	10	4	1	7	1	-6.40968	-7.24333	-6.00093	-5.04423
555	180	194	2	68	19	231	147	-28.2202	-25.8833	-25.2442	-23.6132
556	4	7	10	4	42	51	1	-2.93256	-4.76781	-4.65726	-3.83469
557	4	7	10	4	42	25	1	-8.57797	-9.95588	-5.84024	-5.22311
558	2	1	21	3	2	1	5	-2.94154	-2.50247	-4.27297	-4.52794
559	2	1	5	3	2	3	5	-4.25062	-3.25982	-5.36542	-4.84835
560	2	1	5	3	2	3	5	-4.25062	-3.25982	-5.36542	-4.84835
561	4	7	10	4	42	51	1	-2.93256	-4.76781	-4.65726	-3.83469
562	4	7	10	4	1	7	1	-1.82987	-3.98861	-2.57374	-1.97218
563	2	4	1	2	7	1	5	-2.30906	-6.60049	-4.95642	-4.99571
564	2	1	21	3	2	1	5	-2.94154	-2.50247	-4.27297	-4.52794
565	1	4	2	2	6	3	17	-4.69421	-2.4568	-4.56833	-5.62323
566	188	313	5	2	89	5	6	-40.3548	-35.3093	-36.7388	-39.6597
567	2	1	21	3	2	1	5	-2.94154	-2.50247	-4.27297	-4.52794
568	2	1	1	3	2	1	5	-4.62942	-3.79377	-6.16196	-7.1714
569	2	1	5	3	2	3	5	-4.25062	-3.25982	-5.36542	-4.84835
570	2	4	1	2	2	1	5	-2.78017	-3.70485	-4.03681	-4.11599
571	2	1	5	3	2	3	5	-4.25062	-3.25982	-5.36542	-4.84835
572	2	1	1	3	2	1	5	-4.62942	-3.79377	-6.16196	-7.1714
573	2	1	5	3	2	3	5	-4.25062	-3.25982	-5.36542	-4.84835
574	1	4	2	2	6	3	17	-4.69421	-2.4568	-4.56833	-5.62323
575	1	4	2	2	6	3	17	-4.69421	-2.4568	-4.56833	-5.62323
576	2	1	21	3	2	1	5	-2.94154	-2.50247	-4.27297	-4.52794
577	239	27	16	19	10	5	7	-10.2186	-6.47833	-9.18148	-10.8107
578	2	4	5	2	2	5	5	-3.67528	-7.92736	-6.1971	-5.82013
579	9	2	4	62	4	5	6	-3.72108	-5.30893	-5.55269	-6.47417
580	2	1	1	3	2	1	5	-4.62942	-3.79377	-6.16196	-7.1714
581	2	1	5	3	2	3	5	-4.25062	-3.25982	-5.36542	-4.84835
582	1	4	2	2	6	3	17	-4.69421	-2.4568	-4.56833	-5.62323
583	2	4	5	2	2	5	5	-3.67528	-7.92736	-6.1971	-5.82013
584	2	4	5	2	2	5	5	-3.67528	-7.92736	-6.1971	-5.82013
585	2	1	5	3	2	3	5	-4.25062	-3.25982	-5.36542	-4.84835
586	2	1	1	380	2	1	5	-6.16689	-5.75007	-7.97	-8.83841
587	2	7	10	4	1	7	1	-6.54877	-8.88398	-7.90904	-7.06593
588	2	1	12	3	2	1	5	-2.63336	-2.12785	-3.56231	-4.7474
589	2	4	1	2	2	1	5	-2.78017	-3.70485	-4.03681	-4.11599
590	9	2	4	62	4	5	6	-3.72108	-5.30893	-5.55269	-6.47417
591	2	4	5	2	2	5	5	-3.67528	-7.92736	-6.1971	-5.82013
592	1	4	2	2	6	3	17	-4.69421	-2.4568	-4.56833	-5.62323
593	1	4	2	2	6	5	17	-12.7141	-8.49755	-11.5356	-13.5017
594	2	4	2	2	6	1	5	-6.10799	-4.84262	-5.9505	-7.70941
595	1	4	2	2	6	5	17	-12.7141	-8.49755	-11.5356	-13.5017
596	2	23	21	3	2	1	5	-7.52756	-5.76532	-7.72653	-7.59972
597	7	21	5	62	4	61	44	-7.54555	-3.84088	-5.6914	-7.5567
598	2	4	1	2	2	1	5	-2.78017	-3.70485	-4.03681	-4.11599
599	1	307	3	4	5	9	3	-6.85212	-6.4547	-6.15441	-8.06626
600	1	2	3	4	5	9	3	-4.68354	-2.49873	-3.64344	-4.93608
601	9	2	4	62	4	5	6	-3.72108	-5.30893	-5.55269	-6.47417
602	2	1	12	3	2	1	5	-2.63336	-2.12785	-3.56231	-4.7474
603	1	4	2	2	6	3	17	-4.69421	-2.4568	-4.56833	-5.62323
604	10	1	16	19	10	5	7	-6.38016	-2.75481	-4.23167	-5.23452
605	2	1	12	3	2	1	5	-2.63336	-2.12785	-3.56231	-4.7474
606	180	194	2	68	19	231	147	-28.2202	-25.8833	-25.2442	-23.6132
607	2	1	12	3	2	1	5	-2.63336	-2.12785	-3.56231	-4.7474
608	4	7	10	4	1	7	1	-1.82987	-3.98861	-2.57374	-1.97218
609	129	66	30	82	189	47	17	-3.25106	-4.99904	-5.20823	-4.18526
610	4	7	10	4	1	7	1	-1.82987	-3.98861	-2.57374	-1.97218
611	2	1	12	3	2	1	5	-2.63336	-2.12785	-3.56231	-4.7474
612	2	1	21	3	2	1	5	-2.94154	-2.50247	-4.27297	-4.52794
613	4	7	10	4	1	7	1	-1.82987	-3.98861	-2.57374	-1.97218
614	10	1	16	19	10	5	7	-6.38016	-2.75481	-4.23167	-5.23452
615	8	10	149	2	11	12	6	-4.89415	-3.98865	-5.61574	-7.07788
616	129	66	30	82	189	47	17	-3.25106	-4.99904	-5.20823	-4.18526
617	2	4	1	2	2	1	5	-2.78017	-3.70485	-4.03681	-4.11599
618	180	194	2	68	19	231	147	-28.2202	-25.8833	-25.2442	-23.6132
619	2	1	5	3	2	3	5	-4.25062	-3.25982	-5.36542	-4.84835
620	2	4	1	2	2	1	5	-2.78017	-3.70485	-4.03681	-4.11599
621	1	2	3	4	5	9	3	-4.68354	-2.49873	-3.64344	-4.93608
622	180	194	2	68	19	231	147	-28.2202	-25.8833	-25.2442	-23.6132
623	33	39	65	79	104	43	17	-4.6018	-8.91053	-7.29463	-7.57158
624	2	4	5	2	2	5	5	-3.67528	-7.92736	-6.1971	-5.82013
625	2	1	5	3	2	5	5	-5.64112	-2.8338	-4.13113	-5.52505
626	2	1	12	3	2	1	5	-2.63336	-2.12785	-3.56231	-4.7474
627	180	194	2	68	19	231	147	-28.2202	-25.8833	-25.2442	-23.6132
628	2	1	21	3	2	1	5	-2.94154	-2.50247	-4.27297	-4.52794
629	2	1	5	3	2	5	5	-5.64112	-2.8338	-4.13113	-5.52505
630	2	1	21	3	2	1	5	-2.94154	-2.50247	-4.27297	-4.52794
631	1	2	3	4	5	9	3	-4.68354	-2.49873	-3.64344	-4.93608
632	2	1	21	3	2	1	5	-2.94154	-2.50247	-4.27297	-4.52794
633	8	10	2	2	11	12	6	-3.95822	-8.11418	-6.65021	-6.92759
634	2	4	1	2	7	1	5	-2.30906	-6.60049	-4.95642	-4.99571
635	2	1	5	3	2	3	5	-4.25062	-3.25982	-5.36542	-4.84835
636	1	2	3	4	5	9	3	-4.68354	-2.49873	-3.64344	-4.93608
637	9	2	4	62	4	5	6	-3.72108	-5.30893	-5.55269	-6.47417
638	2	1	21	3	2	1	5	-2.94154	-2.50247	-4.27297	-4.52794
639	8	10	149	2	11	12	6	-4.89415	-3.98865	-5.61574	-7.07788
640	2	1	12	88	2	1	5	-3.95988	-3.44254	-5.53363	-5.36584
641	2	4	1	2	2	1	5	-2.78017	-3.70485	-4.03681	-4.11599
642	2	1	5	10	10	1	5	-23.2073	-22.7183	-22.9941	-23.0294
643	1	2	3	4	5	9	3	-4.68354	-2.49873	-3.64344	-4.93608
644	2	4	1	2	7	1	5	-2.30906	-6.60049	-4.95642	-4.99571
645	2	4	1	2	2	1	5	-2.78017	-3.70485	-4.03681	-4.11599
646	1	2	3	4	5	9	3	-4.68354	-2.49873	-3.64344	-4.93608
647	2	1	12	88	2	1	5	-3.95988	-3.44254	-5.53363	-5.36584
648	4	7	10	4	1	7	1	-1.82987	-3.98861	-2.57374	-1.97218
649	2	1	21	3	2	1	5	-2.94154	-2.50247	-4.27297	-4.52794
650	2	4	1	2	7	1	5	-2.30906	-6.60049	-4.95642	-4.99571
651	33	38	30	82	118	43	17	-20.0081	-19.4755	-20.211	-22.0144
652	2	4	1	2	2	1	5	-2.78017	-3.70485	-4.03681	-4.11599
653	2	1	5	3	2	3	5	-4.25062	-3.25982	-5.36542	-4.84835
654	4	7	10	4	1	7	1	-1.82987	-3.98861	-2.57374	-1.97218
655	8	10	2	2	11	12	6	-3.95822	-8.11418	-6.65021	-6.92759
656	2	4	5	2	2	5	5	-3.67528	-7.92736	-6.1971	-5.82013
657	4	7	10	4	1	7	1	-1.82987	-3.98861	-2.57374	-1.97218
658	2	1	5	3	2	3	5	-4.25062	-3.25982	-5.36542	-4.84835
659	33	39	30	82	113	47	17	-5.78128	-5.77133	-7.79912	-8.54164
660	2	1	21	3	2	1	5	-2.94154	-2.50247	-4.27297	-4.52794
661	2	4	1	2	7	1	5	-2.30906	-6.60049	-4.95642	-4.99571
662	2	1	1	3	2	1	5	-4.62942	-3.79377	-6.16196	-7.1714
663	4	7	10	4	1	7	1	-1.82987	-3.98861	-2.57374	-1.97218
664	7	21	5	62	4	61	44	-7.54555	-3.84088	-5.6914	-7.5567
665	10	81	50	99	120	76	52	-6.69466	-6.43634	-5.30799	-5.20592
666	4	7	10	4	1	7	1	-1.82987	-3.98861	-2.57374	-1.97218
667	1	2	3	4	5	9	3	-4.68354	-2.49873	-3.64344	-4.93608
668	1	2	3	4	5	9	3	-4.68354	-2.49873	-3.64344	-4.93608
669	2	4	1	2	7	1	5	-2.30906	-6.60049	-4.95642	-4.99571
670	4	7	10	4	1	7	1	-1.82987	-3.98861	-2.57374	-1.97218
671	2	1	5	3	2	3	5	-4.25062	-3.25982	-5.36542	-4.84835
672	1	4	2	2	6	3	17	-4.69421	-2.4568	-4.56833	-5.62323
673	4	935	10	4	1	7	1	-6.40968	-7.24333	-6.00093	-5.04423
674	10	1	16	19	10	5	7	-6.38016	-2.75481	-4.23167	-5.23452
675	4	7	10	4	1	7	1	-1.82987	-3.98861	-2.57374	-1.97218
676	33	39	65	79	104	43	17	-4.6018	-8.91053	-7.29463	-7.57158
677	2	4	2	2	6	1	5	-6.10799	-4.84262	-5.9505	-7.70941
678	4	7	10	4	42	25	1	-8.57797	-9.95588	-5.84024	-5.22311
679	1	4	2	2	6	3	17	-4.69421	-2.4568	-4.56833	-5.62323
680	4	7	10	4	42	25	1	-8.57797	-9.95588	-5.84024	-5.22311
681	4	7	10	4	42	25	1	-8.57797	-9.95588	-5.84024	-5.22311
682	4	7	10	4	1	7	1	-1.82987	-3.98861	-2.57374	-1.97218
683	2	4	1	2	7	1	5	-2.30906	-6.60049	-4.95642	-4.99571
684	4	7	10	4	1	7	1	-1.82987	-3.98861	-2.57374	-1.97218
685	4	7	10	4	42	7	1	-6.56405	-9.32164	-5.60361	-4.70615
686	10	27	16	19	10	5	7	-20.436	-12.5754	-16.1679	-17.6847
687	10	81	50	99	120	76	52	-6.69466	-6.43634	-5.30799	-5.20592
688	4	7	10	4	1	7	1	-1.82987	-3.98861	-2.57374	-1.97218
689	4	7	10	4	42	51	1	-2.93256	-4.76781	-4.65726	-3.83469
690	4	7	10	4	1	7	1	-1.82987	-3.98861	-2.57374	-1.97218
691	10	81	50	99	120	76	52	-6.69466	-6.43634	-5.30799	-5.20592
692	2	4	1	2	2	1	5	-2.78017	-3.70485	-4.03681	-4.11599
693	4	7	10	4	42	51	1	-2.93256	-4.76781	-4.65726	-3.83469
694	4	7	10	4	42	51	1	-2.93256	-4.76781	-4.65726	-3.83469
695	4	7	10	4	42	51	1	-2.93256	-4.76781	-4.65726	-3.83469
696	8	10	2	2	11	12	6	-3.95822	-8.11418	-6.65021	-6.92759
697	33	38	30	82	104	43	17	-5.29479	-9.60204	-7.98688	-8.26049
698	4	7	10	4	1	7	1	-1.82987	-3.98861	-2.57374	-1.97218
699	10	81	50	99	120	76	52	-6.69466	-6.43634	-5.30799	-5.20592
700	2	4	1	2	7	1	5	-2.30906	-6.60049	-4.95642	-4.99571
701	4	7	10	4	1	7	1	-1.82987	-3.98861	-2.57374	-1.97218
702	4	7	10	4	1	7	1	-1.82987	-3.98861	-2.57374	-1.97218
703	10	81	50	99	120	76	52	-6.69466	-6.43634	-5.30799	-5.20592
704	4	7	10	4	42	51	1	-2.93256	-4.76781	-4.65726	-3.83469
705	9	2	4	62	4	5	6	-3.72108	-5.30893	-5.55269	-6.47417
706	4	7	10	4	1	7	1	-1.82987	-3.98861	-2.57374	-1.97218
707	2	1	1	3	2	1	5	-4.62942	-3.79377	-6.16196	-7.1714
708	1	14	2	2	6	1	17	-9.29442	-6.45116	-7.78579	-6.39462
709	2	4	2	2	6	1	5	-6.10799	-4.84262	-5.9505	-7.70941
710	2	4	2	2	6	1	5	-6.10799	-4.84262	-5.9505	-7.70941
711	4	7	10	4	42	51	1	-2.93256	-4.76781	-4.65726	-3.83469
712	10	2	107	62	120	76	1	-6.85112	-10.6139	-7.87906	-6.37419
713	2	1	12	3	2	1	5	-2.63336	-2.12785	-3.56231	-4.7474
714	2	4	1	2	2	1	5	-2.78017	-3.70485	-4.03681	-4.11599
715	47	2	4	2	6	5	17	-10.9563	-11.1693	-6.24694	-8.33072
716	4	7	10	4	42	5	1	-10.924	-10.7904	-11.1023	-11.2106
717	2	1	12	3	2	1	5	-2.63336	-2.12785	-3.56231	-4.7474
718	4	7	10	4	42	51	1	-2.93256	-4.76781	-4.65726	-3.83469
719	1	307	3	4	5	9	3	-6.85212	-6.4547	-6.15441	-8.06626
720	2	1	21	3	2	1	5	-2.94154	-2.50247	-4.27297	-4.52794
721	4	7	10	4	1	7	1	-1.82987	-3.98861	-2.57374	-1.97218
722	2	4	1	2	2	1	5	-2.78017	-3.70485	-4.03681	-4.11599
723	2	1	12	3	2	1	5	-2.63336	-2.12785	-3.56231	-4.7474
724	4	7	10	4	1	7	1	-1.82987	-3.98861	-2.57374	-1.97218
725	2	1	21	3	2	1	5	-2.94154	-2.50247	-4.27297	-4.52794
726	2	1	1	3	2	1	5	-4.62942	-3.79377	-6.16196	-7.1714
727	4	7	10	4	1	7	1	-1.82987	-3.98861	-2.57374	-1.97218
728	2	1	12	3	2	1	5	-2.63336	-2.12785	-3.56231	-4.7474
729	1	4	3	2	6	3	17	-14.443	-8.97904	-11.8542	-13.953
730	2	1	12	3	2	1	5	-2.63336	-2.12785	-3.56231	-4.7474
731	2	1	12	88	2	1	5	-3.95988	-3.44254	-5.53363	-5.36584
732	1	4	2	2	6	3	17	-4.69421	-2.4568	-4.56833	-5.62323
733	4	7	10	4	42	51	1	-2.93256	-4.76781	-4.65726	-3.83469
734	2	1	12	3	2	1	5	-2.63336	-2.12785	-3.56231	-4.7474
735	4	7	10	4	1	7	1	-1.82987	-3.98861	-2.57374	-1.97218
736	2	1	12	88	2	1	5	-3.95988	-3.44254	-5.53363	-5.36584
737	2	1	21	3	2	1	5	-2.94154	-2.50247	-4.27297	-4.52794
738	2	4	5	2	2	5	5	-3.67528	-7.92736	-6.1971	-5.82013
739	2	4	5	2	2	5	5	-3.67528	-7.92736	-6.1971	-5.82013
740	2	1	21	3	62	1	5	-5.79827	-10.0866	-8.48738	-8.76435
741	4	7	10	4	42	25	1	-8.57797	-9.95588	-5.84024	-5.22311
742	1	2	4	62	4	5	17	-6.12412	-4.86021	-7.33154	-8.49253
743	1	2	3	4	5	9	3	-4.68354	-2.49873	-3.64344	-4.93608
744	8	10	2	2	11	12	6	-3.95822	-8.11418	-6.65021	-6.92759
745	2	1	12	88	2	1	5	-3.95988	-3.44254	-5.53363	-5.36584
746	2	4	5	2	2	5	5	-3.67528	-7.92736	-6.1971	-5.82013
747	2	1	12	3	2	1	5	-2.63336	-2.12785	-3.56231	-4.7474
748	7	21	5	62	4	61	44	-7.54555	-3.84088	-5.6914	-7.5567
749	9	2	4	62	4	5	6	-3.72108	-5.30893	-5.55269	-6.47417
750	10	1	16	19	10	5	7	-6.38016	-2.75481	-4.23167	-5.23452
751	10	1	16	19	10	5	7	-6.38016	-2.75481	-4.23167	-5.23452
752	8	10	2	2	11	12	6	-3.95822	-8.11418	-6.65021	-6.92759
753	1	4	2	2	6	3	17	-4.69421	-2.4568	-4.56833	-5.62323
754	2	1	12	3	2	1	5	-2.63336	-2.12785	-3.56231	-4.7474
755	2	1	12	88	2	1	5	-3.95988	-3.44254	-5.53363	-5.36584
756	2	29	4	27	10	25	57	-19.6058	-22.1982	-14.7003	-11.9759
757	2	1	5	3	2	3	5	-4.25062	-3.25982	-5.36542	-4.84835
758	2	1	12	3	2	1	5	-2.63336	-2.12785	-3.56231	-4.7474
759	37	52	57	26	107	29	23	-8.34689	-9.75235	-5.75148	-4.97148
760	2	4	1	2	7	1	5	-2.30906	-6.60049	-4.95642	-4.99571
761	1	2	3	4	5	9	3	-4.68354	-2.49873	-3.64344	-4.93608
762	2	1	12	3	2	1	5	-2.63336	-2.12785	-3.56231	-4.7474
763	1	4	2	2	6	3	17	-4.69421	-2.4568	-4.56833	-5.62323
764	1	4	2	2	6	3	17	-4.69421	-2.4568	-4.56833	-5.62323
765	1	2	3	4	5	9	3	-4.68354	-2.49873	-3.64344	-4.93608
766	4	7	10	4	1	7	1	-1.82987	-3.98861	-2.57374	-1.97218
767	2	1	21	3	2	1	5	-2.94154	-2.50247	-4.27297	-4.52794
768	2	1	12	3	2	1	5	-2.63336	-2.12785	-3.56231	-4.7474
769	2	4	1	2	2	5	5	-6.81749	-6.41186	-8.56522	-9.42672
770	2	4	1	2	2	1	5	-2.78017	-3.70485	-4.03681	-4.11599
771	2	4	5	2	2	5	5	-3.67528	-7.92736	-6.1971	-5.82013
772	10	1	16	19	10	5	7	-6.38016	-2.75481	-4.23167	-5.23452
773	7	21	5	62	4	61	44	-7.54555	-3.84088	-5.6914	-7.5567
774	9	2	4	62	4	5	6	-3.72108	-5.30893	-5.55269	-6.47417
775	2	1	12	3	2	1	5	-2.63336	-2.12785	-3.56231	-4.7474
776	1	4	2	2	6	3	17	-4.69421	-2.4568	-4.56833	-5.62323
777	4	7	10	4	1	7	1	-1.82987	-3.98861	-2.57374	-1.97218
778	2	1	12	3	2	1	5	-2.63336	-2.12785	-3.56231	-4.7474
779	2	1	5	3	2	5	5	-5.64112	-2.8338	-4.13113	-5.52505
780	2	23	21	3	2	1	5	-7.52756	-5.76532	-7.72653	-7.59972
781	2	4	5	2	2	5	5	-3.67528	-7.92736	-6.1971	-5.82013
782	2	4	2	2	6	1	5	-6.10799	-4.84262	-5.9505	-7.70941
783	2	1	12	3	2	1	5	-2.63336	-2.12785	-3.56231	-4.7474
784	4	7	10	4	42	51	1	-2.93256	-4.76781	-4.65726	-3.83469
785	7	17	5	2	86	232	1	-29.7198	-31.1411	-28.6488	-26.1947
786	2	4	1	2	2	1	5	-2.78017	-3.70485	-4.03681	-4.11599
787	2	1	12	3	2	1	5	-2.63336	-2.12785	-3.56231	-4.7474
788	2	1	21	3	2	1	5	-2.94154	-2.50247	-4.27297	-4.52794
789	7	17	2	15	23	3	12	-6.90527	-11.2134	-9.598	-9.87418
790	2	1	5	3	2	5	5	-5.64112	-2.8338	-4.13113	-5.52505
791	1	6	60	24	12	28	1	-31.642	-28.0694	-22.6297	-21.144
792	1	2	3	4	5	9	3	-4.68354	-2.49873	-3.64344	-4.93608
793	2	4	5	2	2	5	5	-3.67528	-7.92736	-6.1971	-5.82013
794	1	2	3	4	5	9	3	-4.68354	-2.49873	-3.64344	-4.93608
795	1	6	60	24	12	28	1	-31.642	-28.0694	-22.6297	-21.144
796	9	2	4	62	4	5	6	-3.72108	-5.30893	-5.55269	-6.47417
797	2	4	1	2	2	1	5	-2.78017	-3.70485	-4.03681	-4.11599
798	4	7	10	4	1	7	1	-1.82987	-3.98861	-2.57374	-1.97218
799	2	4	5	2	2	5	5	-3.67528	-7.92736	-6.1971	-5.82013
800	7	2	2	2	11	12	6	-4.50485	-8.81231	-7.19726	-7.47385
801	2	1	21	3	2	1	941	-7.528	-5.74579	-7.71924	-7.59753
802	9	2	2	10	10	3	5	-29.5551	-24.5496	-25.994	-24.9861
803	8	10	149	2	11	12	6	-4.89415	-3.98865	-5.61574	-7.07788
804	7	1	5	2	10	3	6	-32.0827	-29.0874	-29.6586	-28.5514
805	2	1	21	3	2	1	5	-2.94154	-2.50247	-4.27297	-4.52794
806	33	39	30	82	113	43	17	-9.72745	-6.46564	-6.19809	-8.25284
807	1	6	60	24	12	28	1	-31.642	-28.0694	-22.6297	-21.144
808	1	6	60	24	12	28	1	-31.642	-28.0694	-22.6297	-21.144
809	7	17	2	15	23	3	12	-6.90527	-11.2134	-9.598	-9.87418
810	1	4	2	2	6	3	17	-4.69421	-2.4568	-4.56833	-5.62323
811	1	4	2	2	6	3	17	-4.69421	-2.4568	-4.56833	-5.62323
812	7	21	5	62	4	61	44	-7.54555	-3.84088	-5.6914	-7.5567
813	239	27	16	19	10	5	7	-10.2186	-6.47833	-9.18148	-10.8107
814	9	2	4	62	4	5	6	-3.72108	-5.30893	-5.55269	-6.47417
815	10	1	16	19	10	5	7	-6.38016	-2.75481	-4.23167	-5.23452
816	2	1	5	3	2	5	5	-5.64112	-2.8338	-4.13113	-5.52505
817	2	4	5	2	2	5	5	-3.67528	-7.92736	-6.1971	-5.82013
818	8	10	2	2	11	12	6	-3.95822	-8.11418	-6.65021	-6.92759
819	7	17	2	15	23	3	12	-6.90527	-11.2134	-9.598	-9.87418
820	2	4	1	4	1	1	5	-15.274	-17.8118	-15.5066	-14.6495
821	4	7	10	4	1	7	1	-1.82987	-3.98861	-2.57374	-1.97218
822	8	10	149	2	11	12	6	-4.89415	-3.98865	-5.61574	-7.07788
823	2	1	12	88	2	1	5	-3.95988	-3.44254	-5.53363	-5.36584
824	2	4	2	2	6	1	5	-6.10799	-4.84262	-5.9505	-7.70941
825	10	81	50	99	120	76	52	-6.69466	-6.43634	-5.30799	-5.20592
826	2	4	5	2	2	5	5	-3.67528	-7.92736	-6.1971	-5.82013
827	2	4	1	2	2	5	5	-6.81749	-6.41186	-8.56522	-9.42672
828	8	10	149	2	11	12	6	-4.89415	-3.98865	-5.61574	-7.07788
829	1	4	2	2	6	3	17	-4.69421	-2.4568	-4.56833	-5.62323
830	2	165	73	147	220	190	104	-8.70863	-10.3073	-6.97979	-5.30723
831	4	7	10	4	42	25	1	-8.57797	-9.95588	-5.84024	-5.22311
832	7	2	2	2	11	12	6	-4.50485	-8.81231	-7.19726	-7.47385
833	1	6	60	24	12	28	1	-31.642	-28.0694	-22.6297	-21.144
834	2	1	12	3	2	1	5	-2.63336	-2.12785	-3.56231	-4.7474
835	33	39	65	79	104	77	17	-5.29471	-9.60281	-7.98781	-8.26459
836	4	7	10	4	1	7	1	-1.82987	-3.98861	-2.57374	-1.97218
837	1	2	3	4	5	9	3	-4.68354	-2.49873	-3.64344	-4.93608
838	2	1	21	3	2	1	5	-2.94154	-2.50247	-4.27297	-4.52794
839	2	1	12	3	2	1	5	-2.63336	-2.12785	-3.56231	-4.7474
840	4	7	10	4	1	7	1	-1.82987	-3.98861	-2.57374	-1.97218
841	2	4	1	2	7	1	5	-2.30906	-6.60049	-4.95642	-4.99571
842	184	39	30	82	113	43	17	-3.95776	-6.3244	-6.57569	-6.90867
843	4	7	10	4	1	7	1	-1.82987	-3.98861	-2.57374	-1.97218
844	2	4	1	2	2	1	5	-2.78017	-3.70485	-4.03681	-4.11599
845	4	7	10	4	1	7	1	-1.82987	-3.98861	-2.57374	-1.97218
846	2	1	12	88	2	1	5	-3.95988	-3.44254	-5.53363	-5.36584
847	2	1	21	3	2	1	5	-2.94154	-2.50247	-4.27297	-4.52794
848	1	2	3	4	5	9	3	-4.68354	-2.49873	-3.64344	-4.93608
849	4	7	10	4	1	7	1	-1.82987	-3.98861	-2.57374	-1.97218
850	2	1	21	3	2	1	5	-2.94154	-2.50247	-4.27297	-4.52794
851	8	10	2	2	11	12	6	-3.95822	-8.11418	-6.65021	-6.92759
852	2	4	1	2	2	1	5	-2.78017	-3.70485	-4.03681	-4.11599
853	2	4	1	2	2	1	5	-2.78017	-3.70485	-4.03681	-4.11599
854	2	4	2	2	6	1	5	-6.10799	-4.84262	-5.9505	-7.70941
855	2	4	1	2	2	1	5	-2.78017	-3.70485	-4.03681	-4.11599
856	2	4	1	2	2	1	5	-2.78017	-3.70485	-4.03681	-4.11599
857	2	4	1	2	2	1	5	-2.78017	-3.70485	-4.03681	-4.11599
858	1	2	3	4	5	9	3	-4.68354	-2.49873	-3.64344	-4.93608
859	2	4	1	2	2	1	5	-2.78017	-3.70485	-4.03681	-4.11599
860	2	4	1	2	2	1	5	-2.78017	-3.70485	-4.03681	-4.11599
861	8	10	2	2	11	12	6	-3.95822	-8.11418	-6.65021	-6.92759
862	2	1	5	3	2	3	5	-4.25062	-3.25982	-5.36542	-4.84835
863	33	39	30	82	104	173	68	-5.41471	-3.99217	-6.49834	-7.7102
864	2	4	1	2	7	1	5	-2.30906	-6.60049	-4.95642	-4.99571
865	8	10	2	2	11	12	6	-3.95822	-8.11418	-6.65021	-6.92759
866	2	4	1	2	7	1	5	-2.30906	-6.60049	-4.95642	-4.99571
867	1	2	3	4	5	9	3	-4.68354	-2.49873	-3.64344	-4.93608
868	1	2	215	4	90	24	8	-31.6373	-25.9733	-24.0128	-22.1928
869	2	1	1	3	2	1	5	-4.62942	-3.79377	-6.16196	-7.1714
870	10	81	50	99	120	76	52	-6.69466	-6.43634	-5.30799	-5.20592
871	2	4	1	2	7	1	5	-2.30906	-6.60049	-4.95642	-4.99571
872	2	1	12	3	2	1	5	-2.63336	-2.12785	-3.56231	-4.7474
873	2	4	1	2	2	1	5	-2.78017	-3.70485	-4.03681	-4.11599
874	2	4	1	2	2	1	5	-2.78017	-3.70485	-4.03681	-4.11599
875	2	4	1	2	2	1	5	-2.78017	-3.70485	-4.03681	-4.11599
876	2	1	5	3	2	3	5	-4.25062	-3.25982	-5.36542	-4.84835
877	2	4	1	2	2	1	5	-2.78017	-3.70485	-4.03681	-4.11599
878	4	7	10	4	1	7	1	-1.82987	-3.98861	-2.57374	-1.97218
879	2	4	1	2	7	1	5	-2.30906	-6.60049	-4.95642	-4.99571
880	2	4	5	2	2	5	5	-3.67528	-7.92736	-6.1971	-5.82013
881	2	4	1	2	2	1	5	-2.78017	-3.70485	-4.03681	-4.11599
882	8	10	2	2	11	12	6	-3.95822	-8.11418	-6.65021	-6.92759
883	4	7	10	4	1	7	1	-1.82987	-3.98861	-2.57374	-1.97218
884	2	4	1	2	2	1	5	-2.78017	-3.70485	-4.03681	-4.11599
885	166	2	1	10	17	3	1	-35.2314	-33.7802	-32.5615	-30.0129
886	2	4	1	2	7	1	5	-2.30906	-6.60049	-4.95642	-4.99571
887	2	4	1	2	2	1	5	-2.78017	-3.70485	-4.03681	-4.11599
888	4	7	10	4	1	7	1	-1.82987	-3.98861	-2.57374	-1.97218
889	4	7	10	4	1	7	1	-1.82987	-3.98861	-2.57374	-1.97218
890	2	4	1	2	7	1	5	-2.30906	-6.60049	-4.95642	-4.99571
891	2	4	1	2	2	1	5	-2.78017	-3.70485	-4.03681	-4.11599
892	2	1	5	3	2	3	5	-4.25062	-3.25982	-5.36542	-4.84835
893	9	25	2	10	22	3	6	-4.47231	-8.38855	-5.83818	-4.41466
894	2	1	21	3	62	1	5	-5.79827	-10.0866	-8.48738	-8.76435
895	129	66	30	82	189	47	17	-3.25106	-4.99904	-5.20823	-4.18526
896	129	66	30	82	189	47	17	-3.25106	-4.99904	-5.20823	-4.18526
897	4	7	10	4	1	7	1	-1.82987	-3.98861	-2.57374	-1.97218
898	2	4	1	2	2	1	5	-2.78017	-3.70485	-4.03681	-4.11599
899	4	7	10	4	42	7	1	-6.56405	-9.32164	-5.60361	-4.70615
900	2	4	1	2	7	1	5	-2.30906	-6.60049	-4.95642	-4.99571
901	1	307	3	4	5	9	3	-6.85212	-6.4547	-6.15441	-8.06626
902	2	1	21	3	2	1	5	-2.94154	-2.50247	-4.27297	-4.52794
903	4	7	10	4	1	7	1	-1.82987	-3.98861	-2.57374	-1.97218
904	2	1	21	3	2	1	5	-2.94154	-2.50247	-4.27297	-4.52794
905	2	4	1	2	2	5	5	-6.81749	-6.41186	-8.56522	-9.42672
906	2	4	1	2	7	1	5	-2.30906	-6.60049	-4.95642	-4.99571
907	2	4	1	2	7	1	5	-2.30906	-6.60049	-4.95642	-4.99571
908	2	4	1	2	7	1	5	-2.30906	-6.60049	-4.95642	-4.99571
909	4	7	10	4	1	7	1	-1.82987	-3.98861	-2.57374	-1.97218
910	8	10	2	2	11	12	6	-3.95822	-8.11418	-6.65021	-6.92759
911	7	21	5	62	4	61	44	-7.54555	-3.84088	-5.6914	-7.5567
912	2	1	12	88	2	1	5	-3.95988	-3.44254	-5.53363	-5.36584
913	2	4	1	2	2	1	5	-2.78017	-3.70485	-4.03681	-4.11599
914	1	2	3	4	5	9	3	-4.68354	-2.49873	-3.64344	-4.93608
915	2	4	1	2	7	1	5	-2.30906	-6.60049	-4.95642	-4.99571
916	2	4	1	2	2	1	5	-2.78017	-3.70485	-4.03681	-4.11599
917	2	4	1	2	2	1	5	-2.78017	-3.70485	-4.03681	-4.11599
918	2	4	1	2	7	1	5	-2.30906	-6.60049	-4.95642	-4.99571
919	4	7	10	4	1	7	1	-1.82987	-3.98861	-2.57374	-1.97218
920	2	1	5	3	2	3	5	-4.25062	-3.25982	-5.36542	-4.84835
921	2	4	1	2	7	1	5	-2.30906	-6.60049	-4.95642	-4.99571
922	2	4	1	2	2	1	5	-2.78017	-3.70485	-4.03681	-4.11599
923	8	10	2	2	11	12	6	-3.95822	-8.11418	-6.65021	-6.92759
924	2	1	12	3	2	1	5	-2.63336	-2.12785	-3.56231	-4.7474
925	48	7	10	4	183	7	1	-10.9095	-10.4077	-9.42014	-8.05242
926	7	21	5	62	4	61	44	-7.54555	-3.84088	-5.6914	-7.5567
927	4	7	10	4	1	7	1	-1.82987	-3.98861	-2.57374	-1.97218
928	9	25	2	10	22	3	6	-4.47231	-8.38855	-5.83818	-4.41466
929	2	4	1	2	2	1	5	-2.78017	-3.70485	-4.03681	-4.11599
930	2	4	1	2	7	1	5	-2.30906	-6.60049	-4.95642	-4.99571
931	2	4	1	2	2	1	5	-2.78017	-3.70485	-4.03681	-4.11599
932	2	4	1	2	2	1	5	-2.78017	-3.70485	-4.03681	-4.11599
933	9	25	2	10	22	3	6	-4.47231	-8.38855	-5.83818	-4.41466
934	2	4	1	2	2	1	5	-2.78017	-3.70485	-4.03681	-4.11599
935	2	4	1	2	2	1	5	-2.78017	-3.70485	-4.03681	-4.11599
936	2	4	1	2	7	1	5	-2.30906	-6.60049	-4.95642	-4.99571
937	2	4	1	2	7	1	5	-2.30906	-6.60049	-4.95642	-4.99571
938	2	4	1	2	2	1	5	-2.78017	-3.70485	-4.03681	-4.11599
939	2	4	1	2	2	1	5	-2.78017	-3.70485	-4.03681	-4.11599
940	4	7	10	4	1	7	1	-1.82987	-3.98861	-2.57374	-1.97218
941	2	4	1	2	2	1	5	-2.78017	-3.70485	-4.03681	-4.11599
942	4	7	10	4	1	7	1	-1.82987	-3.98861	-2.57374	-1.97218
943	2	4	1	2	7	1	5	-2.30906	-6.60049	-4.95642	-4.99571
944	2	4	1	2	2	1	5	-2.78017	-3.70485	-4.03681	-4.11599
945	4	7	10	4	1	7	1	-1.82987	-3.98861	-2.57374	-1.97218
946	9	25	2	10	22	3	6	-4.47231	-8.38855	-5.83818	-4.41466
947	10	81	50	99	120	76	52	-6.69466	-6.43634	-5.30799	-5.20592
948	2	1	21	3	2	1	5	-2.94154	-2.50247	-4.27297	-4.52794
949	4	7	10	4	1	7	1	-1.82987	-3.98861	-2.57374	-1.97218
950	2	4	1	2	7	1	5	-2.30906	-6.60049	-4.95642	-4.99571
951	4	7	10	4	1	7	1	-1.82987	-3.98861	-2.57374	-1.97218
952	4	7	10	4	1	7	1	-1.82987	-3.98861	-2.57374	-1.97218
953	8	315	2	2	11	12	6	-8.54314	-11.3701	-10.1013	-9.99702
954	8	10	2	2	11	12	6	-3.95822	-8.11418	-6.65021	-6.92759
955	2	4	1	2	2	1	5	-2.78017	-3.70485	-4.03681	-4.11599
956	4	7	10	4	1	7	1	-1.82987	-3.98861	-2.57374	-1.97218
957	2	4	1	2	2	1	5	-2.78017	-3.70485	-4.03681	-4.11599
958	2	4	1	2	2	1	5	-2.78017	-3.70485	-4.03681	-4.11599
959	2	4	1	2	2	1	5	-2.78017	-3.70485	-4.03681	-4.11599
960	2	4	1	2	7	1	5	-2.30906	-6.60049	-4.95642	-4.99571
961	2	4	1	2	2	1	5	-2.78017	-3.70485	-4.03681	-4.11599
962	2	4	1	2	2	1	5	-2.78017	-3.70485	-4.03681	-4.11599
963	2	1	21	3	2	1	5	-2.94154	-2.50247	-4.27297	-4.52794
964	2	4	1	2	2	1	5	-2.78017	-3.70485	-4.03681	-4.11599
965	1	4	2	2	2	3	17	-11.1007	-7.45714	-10.6076	-12.0378
966	2	4	1	2	2	1	5	-2.78017	-3.70485	-4.03681	-4.11599
967	2	4	1	2	2	1	5	-2.78017	-3.70485	-4.03681	-4.11599
968	7	21	5	62	4	61	44	-7.54555	-3.84088	-5.6914	-7.5567
969	2	4	1	2	2	1	5	-2.78017	-3.70485	-4.03681	-4.11599
970	4	7	10	4	1	7	1	-1.82987	-3.98861	-2.57374	-1.97218
971	2	4	1	2	2	1	5	-2.78017	-3.70485	-4.03681	-4.11599
972	10	1	16	19	10	5	7	-6.38016	-2.75481	-4.23167	-5.23452
973	8	10	2	2	11	12	6	-3.95822	-8.11418	-6.65021	-6.92759
974	4	7	10	4	1	7	1	-1.82987	-3.98861	-2.57374	-1.97218
975	2	4	2	2	6	1	5	-6.10799	-4.84262	-5.9505	-7.70941
976	2	4	1	2	2	1	5	-2.78017	-3.70485	-4.03681	-4.11599
977	2	4	1	2	2	1	5	-2.78017	-3.70485	-4.03681	-4.11599
978	2	1	12	3	2	1	5	-2.63336	-2.12785	-3.56231	-4.7474
979	2	1	21	3	2	1	5	-2.94154	-2.50247	-4.27297	-4.52794
980	1	4	2	2	6	3	17	-4.69421	-2.4568	-4.56833	-5.62323
981	9	2	4	62	4	5	6	-3.72108	-5.30893	-5.55269	-6.47417
982	9	2	4	62	4	5	6	-3.72108	-5.30893	-5.55269	-6.47417
983	2	4	1	2	2	1	5	-2.78017	-3.70485	-4.03681	-4.11599
984	9	25	2	10	22	3	6	-4.47231	-8.38855	-5.83818	-4.41466
985	2	1	12	3	2	1	5	-2.63336	-2.12785	-3.56231	-4.7474
986	2	4	1	2	2	1	5	-2.78017	-3.70485	-4.03681	-4.11599
987	2	4	1	2	2	1	5	-2.78017	-3.70485	-4.03681	-4.11599
988	2	4	1	2	2	1	5	-2.78017	-3.70485	-4.03681	-4.11599
989	1	4	2	2	6	3	17	-4.69421	-2.4568	-4.56833	-5.62323
990	1	4	2	2	6	3	17	-4.69421	-2.4568	-4.56833	-5.62323
991	9	25	2	10	22	3	6	-4.47231	-8.38855	-5.83818	-4.41466
992	1	4	2	2	6	3	17	-4.69421	-2.4568	-4.56833	-5.62323
993	2	4	1	2	2	1	5	-2.78017	-3.70485	-4.03681	-4.11599
994	2	4	1	2	2	1	5	-2.78017	-3.70485	-4.03681	-4.11599
995	8	10	2	2	11	12	6	-3.95822	-8.11418	-6.65021	-6.92759
996	2	4	1	2	2	1	5	-2.78017	-3.70485	-4.03681	-4.11599
997	2	1	5	3	2	5	5	-5.64112	-2.8338	-4.13113	-5.52505
998	8	10	2	2	11	12	6	-3.95822	-8.11418	-6.65021	-6.92759
999	2	4	1	2	2	1	5	-2.78017	-3.70485	-4.03681	-4.11599
1000	2	4	1	2	2	1	5	-2.78017	-3.70485	-4.03681	-4.11599
1001	2	1	21	3	2	1	5	-2.94154	-2.50247	-4.27297	-4.52794
1002	1	2	4	62	4	5	17	-6.12412	-4.86021	-7.33154	-8.49253
1003	2	1	12	3	2	1	5	-2.63336	-2.12785	-3.56231	-4.7474
1004	2	4	1	2	7	1	5	-2.30906	-6.60049	-4.95642	-4.99571
1005	1	307	3	4	5	9	3	-6.85212	-6.4547	-6.15441	-8.06626
1006	2	4	2	4	19	3	6	-5.80126	-10.1035	-8.49015	-8.76228
1007	2	4	1	2	2	1	5	-2.78017	-3.70485	-4.03681	-4.11599
1008	1	4	2	2	6	3	17	-4.69421	-2.4568	-4.56833	-5.62323
1009	9	25	2	10	22	3	6	-4.47231	-8.38855	-5.83818	-4.41466
1010	4	7	10	4	1	7	1	-1.82987	-3.98861	-2.57374	-1.97218
1011	2	4	1	2	2	1	5	-2.78017	-3.70485	-4.03681	-4.11599
1012	10	1	16	19	10	5	7	-6.38016	-2.75481	-4.23167	-5.23452
1013	2	1	21	3	2	1	5	-2.94154	-2.50247	-4.27297	-4.52794
1014	4	7	10	4	1	7	1	-1.82987	-3.98861	-2.57374	-1.97218
1015	2	4	1	2	2	1	5	-2.78017	-3.70485	-4.03681	-4.11599
1016	1	2	3	4	5	9	3	-4.68354	-2.49873	-3.64344	-4.93608
1017	9	316	4	62	4	5	6	-6.8688	-6.47167	-8.6737	-9.54017
1018	9	25	2	10	22	3	6	-4.47231	-8.38855	-5.83818	-4.41466
1019	1	307	3	4	5	9	3	-6.85212	-6.4547	-6.15441	-8.06626
1020	2	4	1	2	2	1	5	-2.78017	-3.70485	-4.03681	-4.11599
1021	9	25	2	10	22	3	6	-4.47231	-8.38855	-5.83818	-4.41466
1022	2	4	1	2	2	1	5	-2.78017	-3.70485	-4.03681	-4.11599
1023	2	1	12	3	2	1	5	-2.63336	-2.12785	-3.56231	-4.7474
1024	2	1	5	3	2	5	5	-5.64112	-2.8338	-4.13113	-5.52505
1025	2	4	1	2	2	1	5	-2.78017	-3.70485	-4.03681	-4.11599
1026	2	1	12	3	2	1	5	-2.63336	-2.12785	-3.56231	-4.7474
1027	2	1	12	3	2	1	5	-2.63336	-2.12785	-3.56231	-4.7474
1028	10	1	16	19	10	5	7	-6.38016	-2.75481	-4.23167	-5.23452
1029	4	7	10	4	1	7	1	-1.82987	-3.98861	-2.57374	-1.97218
1030	2	4	1	2	2	1	5	-2.78017	-3.70485	-4.03681	-4.11599
1031	2	1	12	88	2	1	5	-3.95988	-3.44254	-5.53363	-5.36584
1032	2	1	21	3	2	1	5	-2.94154	-2.50247	-4.27297	-4.52794
1033	1	2	3	4	5	9	3	-4.68354	-2.49873	-3.64344	-4.93608
1034	8	10	2	2	11	12	6	-3.95822	-8.11418	-6.65021	-6.92759
1035	2	1	12	88	2	1	5	-3.95988	-3.44254	-5.53363	-5.36584
1036	33	39	30	82	104	173	68	-5.41471	-3.99217	-6.49834	-7.7102
1037	1	2	3	4	5	9	3	-4.68354	-2.49873	-3.64344	-4.93608
1038	9	25	2	10	22	3	6	-4.47231	-8.38855	-5.83818	-4.41466
1039	2	4	1	2	2	1	5	-2.78017	-3.70485	-4.03681	-4.11599
1040	8	10	2	2	11	12	6	-3.95822	-8.11418	-6.65021	-6.92759
1041	1	2	4	62	4	5	17	-6.12412	-4.86021	-7.33154	-8.49253
1042	10	1	16	19	10	5	7	-6.38016	-2.75481	-4.23167	-5.23452
1043	33	39	30	82	104	173	68	-5.41471	-3.99217	-6.49834	-7.7102
1044	2	4	1	2	2	1	5	-2.78017	-3.70485	-4.03681	-4.11599
1045	8	10	2	2	11	12	6	-3.95822	-8.11418	-6.65021	-6.92759
1046	2	1	5	3	2	5	5	-5.64112	-2.8338	-4.13113	-5.52505
1047	47	2	4	2	6	5	17	-10.9563	-11.1693	-6.24694	-8.33072
1048	1	2	3	4	5	9	3	-4.68354	-2.49873	-3.64344	-4.93608
1049	4	7	10	4	1	7	1	-1.82987	-3.98861	-2.57374	-1.97218
1050	2	1	5	3	2	3	5	-4.25062	-3.25982	-5.36542	-4.84835
1051	2	4	2	2	6	1	5	-6.10799	-4.84262	-5.9505	-7.70941
1052	2	4	1	2	2	1	5	-2.78017	-3.70485	-4.03681	-4.11599
1053	8	10	149	2	11	12	6	-4.89415	-3.98865	-5.61574	-7.07788
1054	9	25	2	10	22	3	6	-4.47231	-8.38855	-5.83818	-4.41466
1055	2	4	1	2	2	1	5	-2.78017	-3.70485	-4.03681	-4.11599
1056	1	2	3	4	5	9	3	-4.68354	-2.49873	-3.64344	-4.93608
1057	2	1	12	3	2	1	5	-2.63336	-2.12785	-3.56231	-4.7474
1058	4	7	10	4	42	51	1	-2.93256	-4.76781	-4.65726	-3.83469
1059	2	4	1	2	2	1	5	-2.78017	-3.70485	-4.03681	-4.11599
1060	2	1	1	3	2	1	5	-4.62942	-3.79377	-6.16196	-7.1714
1061	2	4	1	2	7	1	5	-2.30906	-6.60049	-4.95642	-4.99571
1062	8	10	2	2	11	12	6	-3.95822	-8.11418	-6.65021	-6.92759
1063	2	4	1	2	2	1	5	-2.78017	-3.70485	-4.03681	-4.11599
1064	9	2	4	62	4	5	6	-3.72108	-5.30893	-5.55269	-6.47417
1065	2	4	1	2	2	1	5	-2.78017	-3.70485	-4.03681	-4.11599
1066	4	7	10	4	1	7	1	-1.82987	-3.98861	-2.57374	-1.97218
1067	8	10	2	2	11	12	6	-3.95822	-8.11418	-6.65021	-6.92759
1068	2	4	2	2	6	1	5	-6.10799	-4.84262	-5.9505	-7.70941
1069	2	4	2	2	6	1	5	-6.10799	-4.84262	-5.9505	-7.70941
1070	2	4	2	2	6	1	5	-6.10799	-4.84262	-5.9505	-7.70941
1071	2	4	2	2	6	1	5	-6.10799	-4.84262	-5.9505	-7.70941
1072	2	4	1	2	2	1	5	-2.78017	-3.70485	-4.03681	-4.11599
1073	2	4	1	2	2	1	5	-2.78017	-3.70485	-4.03681	-4.11599
1074	2	1	12	3	2	1	5	-2.63336	-2.12785	-3.56231	-4.7474
1075	2	4	1	2	7	1	5	-2.30906	-6.60049	-4.95642	-4.99571
1076	4	7	10	4	42	51	1	-2.93256	-4.76781	-4.65726	-3.83469
1077	2	4	1	2	2	1	5	-2.78017	-3.70485	-4.03681	-4.11599
1078	8	10	2	2	11	12	6	-3.95822	-8.11418	-6.65021	-6.92759
1079	1	2	3	4	5	9	3	-4.68354	-2.49873	-3.64344	-4.93608
1080	1	2	3	4	5	9	3	-4.68354	-2.49873	-3.64344	-4.93608
1081	10	1	16	19	10	5	7	-6.38016	-2.75481	-4.23167	-5.23452
1082	8	10	2	2	11	12	6	-3.95822	-8.11418	-6.65021	-6.92759
1083	4	7	10	4	1	7	1	-1.82987	-3.98861	-2.57374	-1.97218
1084	2	4	1	2	2	1	5	-2.78017	-3.70485	-4.03681	-4.11599
1085	2	4	1	2	7	1	5	-2.30906	-6.60049	-4.95642	-4.99571
1086	2	1	21	3	2	1	5	-2.94154	-2.50247	-4.27297	-4.52794
1087	2	1	12	3	2	1	5	-2.63336	-2.12785	-3.56231	-4.7474
1088	2	4	2	4	19	3	6	-5.80126	-10.1035	-8.49015	-8.76228
1089	8	10	149	2	11	12	6	-4.89415	-3.98865	-5.61574	-7.07788
1090	8	10	2	2	11	12	6	-3.95822	-8.11418	-6.65021	-6.92759
1091	2	1	12	3	2	1	5	-2.63336	-2.12785	-3.56231	-4.7474
1092	2	1	12	3	2	1	5	-2.63336	-2.12785	-3.56231	-4.7474
1093	2	1	5	3	2	3	5	-4.25062	-3.25982	-5.36542	-4.84835
1094	184	39	30	82	113	43	17	-3.95776	-6.3244	-6.57569	-6.90867
1095	2	1	12	3	2	1	5	-2.63336	-2.12785	-3.56231	-4.7474
1096	2	4	1	2	2	1	5	-2.78017	-3.70485	-4.03681	-4.11599
1097	4	7	10	4	1	7	1	-1.82987	-3.98861	-2.57374	-1.97218
1098	8	10	2	2	11	12	6	-3.95822	-8.11418	-6.65021	-6.92759
1099	4	7	10	4	1	7	1	-1.82987	-3.98861	-2.57374	-1.97218
1100	4	7	10	4	42	51	1	-2.93256	-4.76781	-4.65726	-3.83469
1101	9	25	2	10	22	3	6	-4.47231	-8.38855	-5.83818	-4.41466
1102	9	2	4	62	4	5	6	-3.72108	-5.30893	-5.55269	-6.47417
1103	4	7	10	4	1	7	1	-1.82987	-3.98861	-2.57374	-1.97218
1104	2	4	1	2	7	1	5	-2.30906	-6.60049	-4.95642	-4.99571
1105	4	7	10	4	1	7	1	-1.82987	-3.98861	-2.57374	-1.97218
1106	8	10	2	2	11	12	6	-3.95822	-8.11418	-6.65021	-6.92759
1107	2	4	1	2	2	1	5	-2.78017	-3.70485	-4.03681	-4.11599
1108	4	7	10	4	42	51	1	-2.93256	-4.76781	-4.65726	-3.83469
1109	1	2	3	4	5	9	3	-4.68354	-2.49873	-3.64344	-4.93608
1110	2	1	12	3	2	1	5	-2.63336	-2.12785	-3.56231	-4.7474
1111	2	4	1	2	2	1	5	-2.78017	-3.70485	-4.03681	-4.11599
1112	10	81	50	99	120	76	52	-6.69466	-6.43634	-5.30799	-5.20592
1113	2	4	1	2	2	1	5	-2.78017	-3.70485	-4.03681	-4.11599
1114	4	7	10	4	42	51	1	-2.93256	-4.76781	-4.65726	-3.83469
1115	4	7	10	4	42	51	1	-2.93256	-4.76781	-4.65726	-3.83469
1116	4	7	10	4	1	7	1	-1.82987	-3.98861	-2.57374	-1.97218
1117	3	1	5	10	11	11	6	-10.2166	-6.47477	-9.17761	-10.8069
1118	10	81	50	99	120	76	52	-6.69466	-6.43634	-5.30799	-5.20592
1119	2	4	1	2	2	1	5	-2.78017	-3.70485	-4.03681	-4.11599
1120	4	7	10	4	1	7	1	-1.82987	-3.98861	-2.57374	-1.97218
1121	4	7	10	4	1	7	1	-1.82987	-3.98861	-2.57374	-1.97218
1122	4	7	10	4	42	51	1	-2.93256	-4.76781	-4.65726	-3.83469
1123	2	1	12	3	2	1	5	-2.63336	-2.12785	-3.56231	-4.7474
1124	2	4	1	2	2	1	5	-2.78017	-3.70485	-4.03681	-4.11599
1125	2	1	1	3	2	1	5	-4.62942	-3.79377	-6.16196	-7.1714
1126	2	4	1	2	2	1	5	-2.78017	-3.70485	-4.03681	-4.11599
1127	2	4	1	2	2	1	5	-2.78017	-3.70485	-4.03681	-4.11599
1128	2	4	1	2	2	1	5	-2.78017	-3.70485	-4.03681	-4.11599
1129	2	4	1	2	2	1	5	-2.78017	-3.70485	-4.03681	-4.11599
1130	1	2	3	4	5	9	3	-4.68354	-2.49873	-3.64344	-4.93608
1131	8	10	2	2	11	12	6	-3.95822	-8.11418	-6.65021	-6.92759
1132	2	1	21	3	2	1	5	-2.94154	-2.50247	-4.27297	-4.52794
1133	2	4	1	2	2	1	5	-2.78017	-3.70485	-4.03681	-4.11599
1134	2	1	21	3	2	1	5	-2.94154	-2.50247	-4.27297	-4.52794
1135	2	1	21	3	2	1	5	-2.94154	-2.50247	-4.27297	-4.52794
1136	2	4	1	2	2	1	5	-2.78017	-3.70485	-4.03681	-4.11599
1137	1	2	3	4	5	9	3	-4.68354	-2.49873	-3.64344	-4.93608
1138	10	1	16	19	10	5	7	-6.38016	-2.75481	-4.23167	-5.23452
1139	2	1	12	3	2	1	5	-2.63336	-2.12785	-3.56231	-4.7474
1140	7	21	5	62	4	61	44	-7.54555	-3.84088	-5.6914	-7.5567
1141	2	4	1	2	2	1	5	-2.78017	-3.70485	-4.03681	-4.11599
1142	2	1	12	3	2	1	5	-2.63336	-2.12785	-3.56231	-4.7474
1143	2	4	1	2	7	1	5	-2.30906	-6.60049	-4.95642	-4.99571
1144	2	1	5	3	2	3	5	-4.25062	-3.25982	-5.36542	-4.84835
1145	2	1	21	3	2	1	5	-2.94154	-2.50247	-4.27297	-4.52794
1146	2	1	21	3	2	1	5	-2.94154	-2.50247	-4.27297	-4.52794
1147	2	1	21	3	2	1	5	-2.94154	-2.50247	-4.27297	-4.52794
1148	2	1	21	3	2	1	5	-2.94154	-2.50247	-4.27297	-4.52794
1149	2	1	12	3	2	1	5	-2.63336	-2.12785	-3.56231	-4.7474
1150	8	10	2	2	11	12	6	-3.95822	-8.11418	-6.65021	-6.92759
1151	129	66	30	82	189	47	17	-3.25106	-4.99904	-5.20823	-4.18526
1152	1	307	3	4	5	9	3	-6.85212	-6.4547	-6.15441	-8.06626
1153	8	10	2	2	11	12	6	-3.95822	-8.11418	-6.65021	-6.92759
1154	2	4	2	2	6	1	5	-6.10799	-4.84262	-5.9505	-7.70941
1155	1	4	2	2	6	3	17	-4.69421	-2.4568	-4.56833	-5.62323
1156	2	4	1	2	2	1	5	-2.78017	-3.70485	-4.03681	-4.11599
1157	8	10	2	2	11	12	6	-3.95822	-8.11418	-6.65021	-6.92759
1158	2	4	2	2	6	1	5	-6.10799	-4.84262	-5.9505	-7.70941
1159	2	1	21	3	2	1	5	-2.94154	-2.50247	-4.27297	-4.52794
1160	2	4	5	2	2	5	5	-3.67528	-7.92736	-6.1971	-5.82013
1161	7	21	5	62	4	61	44	-7.54555	-3.84088	-5.6914	-7.5567
1162	2	1	12	3	2	1	5	-2.63336	-2.12785	-3.56231	-4.7474
1163	10	27	16	19	10	5	7	-20.436	-12.5754	-16.1679	-17.6847
1164	33	283	44	82	189	44	17	-7.12714	-3.48057	-5.44939	-6.0796
1165	9	25	2	10	22	3	6	-4.47231	-8.38855	-5.83818	-4.41466
1166	7	21	5	62	4	61	44	-7.54555	-3.84088	-5.6914	-7.5567
1167	2	1	5	3	2	3	5	-4.25062	-3.25982	-5.36542	-4.84835
1168	2	1	5	3	2	3	5	-4.25062	-3.25982	-5.36542	-4.84835
1169	9	25	2	10	22	3	6	-4.47231	-8.38855	-5.83818	-4.41466
1170	2	1	5	3	2	3	5	-4.25062	-3.25982	-5.36542	-4.84835
1171	2	4	1	2	2	1	5	-2.78017	-3.70485	-4.03681	-4.11599
1172	129	66	30	82	189	47	17	-3.25106	-4.99904	-5.20823	-4.18526
1173	2	4	1	2	2	1	5	-2.78017	-3.70485	-4.03681	-4.11599
1174	2	1	5	3	2	3	5	-4.25062	-3.25982	-5.36542	-4.84835
1175	2	1	12	3	2	1	5	-2.63336	-2.12785	-3.56231	-4.7474
1176	2	4	1	2	2	1	5	-2.78017	-3.70485	-4.03681	-4.11599
1177	1	4	2	2	6	3	17	-4.69421	-2.4568	-4.56833	-5.62323
1178	2	1	12	3	2	1	5	-2.63336	-2.12785	-3.56231	-4.7474
1179	1	4	2	2	446	3	17	-9.27116	-5.67899	-8.00013	-8.68184
1180	2	1	5	88	2	11	5	-8.96481	-5.35378	-6.09019	-8.09903
1181	2	4	2	2	6	1	5	-6.10799	-4.84262	-5.9505	-7.70941
1182	9	25	2	10	22	3	6	-4.47231	-8.38855	-5.83818	-4.41466
1183	2	1	5	3	2	3	5	-4.25062	-3.25982	-5.36542	-4.84835
1184	7	21	5	62	4	61	44	-7.54555	-3.84088	-5.6914	-7.5567
1185	1	2	3	4	5	9	3	-4.68354	-2.49873	-3.64344	-4.93608
1186	2	4	1	2	2	1	5	-2.78017	-3.70485	-4.03681	-4.11599
1187	7	21	5	62	4	61	44	-7.54555	-3.84088	-5.6914	-7.5567
1188	33	39	30	82	104	173	68	-5.41471	-3.99217	-6.49834	-7.7102
1189	1	4	2	2	6	3	17	-4.69421	-2.4568	-4.56833	-5.62323
1190	2	1	21	3	2	1	5	-2.94154	-2.50247	-4.27297	-4.52794
1191	4	7	10	4	1	7	1	-1.82987	-3.98861	-2.57374	-1.97218
1192	2	1	5	3	2	5	5	-5.64112	-2.8338	-4.13113	-5.52505
1193	1	4	2	2	6	3	17	-4.69421	-2.4568	-4.56833	-5.62323
1194	2	4	1	2	2	1	5	-2.78017	-3.70485	-4.03681	-4.11599
1195	2	4	1	2	2	1	5	-2.78017	-3.70485	-4.03681	-4.11599
1196	2	1	12	3	2	1	5	-2.63336	-2.12785	-3.56231	-4.7474
1197	2	1	6	3	2	3	5	-7.83804	-6.49254	-8.41903	-7.45834
1198	4	7	10	4	1	7	1	-1.82987	-3.98861	-2.57374	-1.97218
1199	2	4	1	2	7	1	5	-2.30906	-6.60049	-4.95642	-4.99571
1200	2	1	1	3	2	1	5	-4.62942	-3.79377	-6.16196	-7.1714
1201	2	4	1	2	2	1	5	-2.78017	-3.70485	-4.03681	-4.11599
1202	7	2	5	2	10	3	6	-31.0928	-27.6504	-27.9248	-28.1472
1203	2	1	21	3	2	1	5	-2.94154	-2.50247	-4.27297	-4.52794
1204	2	4	1	2	7	1	5	-2.30906	-6.60049	-4.95642	-4.99571
1205	4	7	10	4	1	7	1	-1.82987	-3.98861	-2.57374	-1.97218
1206	2	4	1	2	7	1	5	-2.30906	-6.60049	-4.95642	-4.99571
1207	2	4	1	2	2	1	5	-2.78017	-3.70485	-4.03681	-4.11599
1208	1	4	2	2	6	3	17	-4.69421	-2.4568	-4.56833	-5.62323
1209	2	4	1	2	2	1	5	-2.78017	-3.70485	-4.03681	-4.11599
1210	2	4	1	2	2	1	5	-2.78017	-3.70485	-4.03681	-4.11599
1211	74	10	2	2	11	12	6	-8.54315	-11.3701	-10.1014	-9.99757
1212	1	2	3	4	5	9	3	-4.68354	-2.49873	-3.64344	-4.93608
1213	2	1	5	3	2	3	5	-4.25062	-3.25982	-5.36542	-4.84835
1214	4	7	10	4	1	7	1	-1.82987	-3.98861	-2.57374	-1.97218
1215	2	4	2	2	6	1	5	-6.10799	-4.84262	-5.9505	-7.70941
1216	2	1	12	3	2	1	5	-2.63336	-2.12785	-3.56231	-4.7474
1217	2	1	21	3	2	1	5	-2.94154	-2.50247	-4.27297	-4.52794
1218	2	4	1	2	2	1	5	-2.78017	-3.70485	-4.03681	-4.11599
1219	2	1	21	3	2	1	5	-2.94154	-2.50247	-4.27297	-4.52794
1220	4	7	10	4	1	7	1	-1.82987	-3.98861	-2.57374	-1.97218
1221	2	1	21	3	2	1	5	-2.94154	-2.50247	-4.27297	-4.52794
1222	2	4	1	2	2	1	5	-2.78017	-3.70485	-4.03681	-4.11599
1223	4	7	10	4	1	7	1	-1.82987	-3.98861	-2.57374	-1.97218
1224	2	4	1	2	2	1	5	-2.78017	-3.70485	-4.03681	-4.11599
1225	4	7	10	4	1	7	1	-1.82987	-3.98861	-2.57374	-1.97218
1226	4	7	10	4	42	51	1	-2.93256	-4.76781	-4.65726	-3.83469
1227	4	7	10	4	42	7	1	-6.56405	-9.32164	-5.60361	-4.70615
1228	2	4	1	2	2	1	5	-2.78017	-3.70485	-4.03681	-4.11599
1229	2	1	5	3	2	3	5	-4.25062	-3.25982	-5.36542	-4.84835
1230	10	81	50	99	120	76	52	-6.69466	-6.43634	-5.30799	-5.20592
1231	2	4	1	2	7	1	5	-2.30906	-6.60049	-4.95642	-4.99571
1232	2	4	1	2	7	1	5	-2.30906	-6.60049	-4.95642	-4.99571
1233	4	7	10	4	1	7	1	-1.82987	-3.98861	-2.57374	-1.97218
1234	1	4	2	2	6	3	17	-4.69421	-2.4568	-4.56833	-5.62323
1235	4	7	10	4	1	7	1	-1.82987	-3.98861	-2.57374	-1.97218
1236	2	4	1	2	2	1	5	-2.78017	-3.70485	-4.03681	-4.11599
1237	4	7	10	4	1	7	1	-1.82987	-3.98861	-2.57374	-1.97218
1238	4	7	10	4	42	51	1	-2.93256	-4.76781	-4.65726	-3.83469
1239	1	307	3	4	5	9	3	-6.85212	-6.4547	-6.15441	-8.06626
1240	2	4	2	2	6	1	5	-6.10799	-4.84262	-5.9505	-7.70941
1241	8	10	149	2	11	12	6	-4.89415	-3.98865	-5.61574	-7.07788
1242	2	1	12	3	2	1	5	-2.63336	-2.12785	-3.56231	-4.7474
1243	2	4	1	2	2	1	5	-2.78017	-3.70485	-4.03681	-4.11599
1244	2	4	1	2	2	1	5	-2.78017	-3.70485	-4.03681	-4.11599
1245	2	4	1	2	2	1	5	-2.78017	-3.70485	-4.03681	-4.11599
1246	4	7	10	4	42	51	1	-2.93256	-4.76781	-4.65726	-3.83469
1247	2	4	1	2	2	1	5	-2.78017	-3.70485	-4.03681	-4.11599
1248	2	4	1	2	2	1	5	-2.78017	-3.70485	-4.03681	-4.11599
1249	2	1	12	88	2	1	5	-3.95988	-3.44254	-5.53363	-5.36584
1250	1	4	2	2	6	3	17	-4.69421	-2.4568	-4.56833	-5.62323
1251	9	2	4	62	4	5	6	-3.72108	-5.30893	-5.55269	-6.47417
1252	2	4	1	2	7	1	5	-2.30906	-6.60049	-4.95642	-4.99571
1253	2	4	5	2	2	5	5	-3.67528	-7.92736	-6.1971	-5.82013
1254	2	1	21	3	2	1	5	-2.94154	-2.50247	-4.27297	-4.52794
1255	1	4	2	2	6	3	17	-4.69421	-2.4568	-4.56833	-5.62323
1256	2	1	21	3	2	1	5	-2.94154	-2.50247	-4.27297	-4.52794
1257	2	4	1	2	2	5	5	-6.81749	-6.41186	-8.56522	-9.42672
1258	2	1	12	3	2	1	5	-2.63336	-2.12785	-3.56231	-4.7474
1259	2	4	2	2	6	1	5	-6.10799	-4.84262	-5.9505	-7.70941
1260	2	4	1	2	2	1	5	-2.78017	-3.70485	-4.03681	-4.11599
1261	2	4	1	2	2	1	5	-2.78017	-3.70485	-4.03681	-4.11599
1262	1	307	3	4	5	9	3	-6.85212	-6.4547	-6.15441	-8.06626
1263	9	25	2	10	22	3	6	-4.47231	-8.38855	-5.83818	-4.41466
1264	2	1	1	380	2	1	5	-6.16689	-5.75007	-7.97	-8.83841
1265	2	4	1	2	2	1	5	-2.78017	-3.70485	-4.03681	-4.11599
1266	2	4	1	2	2	1	5	-2.78017	-3.70485	-4.03681	-4.11599
1267	2	1	12	3	2	1	5	-2.63336	-2.12785	-3.56231	-4.7474
1268	1	2	3	4	5	9	3	-4.68354	-2.49873	-3.64344	-4.93608
1269	2	4	1	2	2	1	5	-2.78017	-3.70485	-4.03681	-4.11599
1270	2	4	1	2	2	1	5	-2.78017	-3.70485	-4.03681	-4.11599
1271	2	4	1	2	2	1	5	-2.78017	-3.70485	-4.03681	-4.11599
1272	1	2	3	4	5	9	3	-4.68354	-2.49873	-3.64344	-4.93608
1273	9	2	2	212	309	253	147	-29.1298	-23.5411	-25.5258	-23.3506
1274	2	1	21	3	2	1	5	-2.94154	-2.50247	-4.27297	-4.52794
1275	47	2	4	2	6	5	17	-10.9563	-11.1693	-6.24694	-8.33072
1276	1	2	3	4	5	9	3	-4.68354	-2.49873	-3.64344	-4.93608
1277	2	4	1	2	2	1	5	-2.78017	-3.70485	-4.03681	-4.11599
1278	2	4	1	2	2	1	5	-2.78017	-3.70485	-4.03681	-4.11599
1279	9	2	4	62	4	5	6	-3.72108	-5.30893	-5.55269	-6.47417
1280	2	1	12	3	2	1	5	-2.63336	-2.12785	-3.56231	-4.7474
1281	2	4	1	2	2	1	5	-2.78017	-3.70485	-4.03681	-4.11599
1282	2	4	1	2	7	1	5	-2.30906	-6.60049	-4.95642	-4.99571
1283	7	17	2	15	23	3	12	-6.90527	-11.2134	-9.598	-9.87418
1284	2	1	1	3	2	1	5	-4.62942	-3.79377	-6.16196	-7.1714
1285	2	1	12	3	2	1	5	-2.63336	-2.12785	-3.56231	-4.7474
1286	2	4	1	2	2	1	5	-2.78017	-3.70485	-4.03681	-4.11599
1287	2	1	5	3	2	3	5	-4.25062	-3.25982	-5.36542	-4.84835
1288	2	4	1	2	2	1	5	-2.78017	-3.70485	-4.03681	-4.11599
1289	2	4	1	2	2	1	5	-2.78017	-3.70485	-4.03681	-4.11599
1290	1	4	2	2	6	3	17	-4.69421	-2.4568	-4.56833	-5.62323
1291	2	1	2	3	2	3	5	-3.7611	-7.8003	-6.44759	-6.72108
1292	2	1	5	3	2	3	5	-4.25062	-3.25982	-5.36542	-4.84835
1293	1	2	3	3	5	9	3	-11.5882	-7.72626	-9.99632	-11.8675
1294	4	7	10	4	42	51	1	-2.93256	-4.76781	-4.65726	-3.83469
1295	1	4	2	2	6	3	17	-4.69421	-2.4568	-4.56833	-5.62323
1296	2	1	5	3	2	3	5	-4.25062	-3.25982	-5.36542	-4.84835
1297	4	7	10	4	1	7	1	-1.82987	-3.98861	-2.57374	-1.97218
1298	2	4	1	2	2	1	5	-2.78017	-3.70485	-4.03681	-4.11599
1299	4	7	10	4	1	7	1	-1.82987	-3.98861	-2.57374	-1.97218
1300	2	1	21	3	2	1	5	-2.94154	-2.50247	-4.27297	-4.52794
1301	2	4	1	2	2	1	5	-2.78017	-3.70485	-4.03681	-4.11599
1302	4	7	10	4	1	7	1	-1.82987	-3.98861	-2.57374	-1.97218
1303	2	4	1	2	2	1	5	-2.78017	-3.70485	-4.03681	-4.11599
1304	2	1	5	3	2	5	5	-5.64112	-2.8338	-4.13113	-5.52505
1305	2	4	1	2	2	1	5	-2.78017	-3.70485	-4.03681	-4.11599
1306	2	1	21	3	2	1	5	-2.94154	-2.50247	-4.27297	-4.52794
1307	2	1	5	3	2	5	5	-5.64112	-2.8338	-4.13113	-5.52505
1308	1	4	2	2	6	3	17	-4.69421	-2.4568	-4.56833	-5.62323
1309	1	4	2	2	6	3	17	-4.69421	-2.4568	-4.56833	-5.62323
1310	2	1	5	3	2	3	5	-4.25062	-3.25982	-5.36542	-4.84835
1311	1	4	2	2	6	3	17	-4.69421	-2.4568	-4.56833	-5.62323
1312	2	4	1	2	2	1	5	-2.78017	-3.70485	-4.03681	-4.11599
1313	2	1	12	88	2	1	5	-3.95988	-3.44254	-5.53363	-5.36584
1314	2	1	5	3	2	3	5	-4.25062	-3.25982	-5.36542	-4.84835
1315	2	4	5	2	2	1	5	-6.16543	-9.38722	-8.52823	-8.92621
1316	2	4	1	2	2	1	5	-2.78017	-3.70485	-4.03681	-4.11599
1317	1	4	2	2	6	3	17	-4.69421	-2.4568	-4.56833	-5.62323
1318	2	1	21	3	2	1	5	-2.94154	-2.50247	-4.27297	-4.52794
1319	4	7	10	4	1	7	1	-1.82987	-3.98861	-2.57374	-1.97218
1320	1	2	3	4	5	9	3	-4.68354	-2.49873	-3.64344	-4.93608
1321	2	4	1	2	7	1	5	-2.30906	-6.60049	-4.95642	-4.99571
1322	4	7	10	4	1	7	1	-1.82987	-3.98861	-2.57374	-1.97218
1323	4	7	10	4	1	7	1	-1.82987	-3.98861	-2.57374	-1.97218
1324	1	4	2	2	6	3	17	-4.69421	-2.4568	-4.56833	-5.62323
1325	2	4	1	2	7	1	5	-2.30906	-6.60049	-4.95642	-4.99571
1326	4	7	10	4	1	7	1	-1.82987	-3.98861	-2.57374	-1.97218
1327	8	10	2	2	11	12	6	-3.95822	-8.11418	-6.65021	-6.92759
1328	969	7	10	4	1	7	1	-6.33738	-7.23539	-6.01548	-5.04139
1329	4	7	10	4	1	7	1	-1.82987	-3.98861	-2.57374	-1.97218
1330	10	27	16	942	10	5	7	-25.0209	-15.8322	-19.6193	-20.7545
1331	10	27	16	941	10	5	7	-25.0209	-15.8322	-19.6193	-20.7545
1332	4	7	10	4	1	7	1	-1.82987	-3.98861	-2.57374	-1.97218
1333	4	7	10	4	1	7	1	-1.82987	-3.98861	-2.57374	-1.97218
1334	129	66	30	82	189	47	17	-3.25106	-4.99904	-5.20823	-4.18526
1335	4	7	10	4	1	7	1	-1.82987	-3.98861	-2.57374	-1.97218
1336	4	7	10	4	1	7	1	-1.82987	-3.98861	-2.57374	-1.97218
1337	2	4	1	2	2	1	5	-2.78017	-3.70485	-4.03681	-4.11599
1338	2	1	2	3	2	3	5	-3.7611	-7.8003	-6.44759	-6.72108
1339	10	27	16	19	10	5	7	-20.436	-12.5754	-16.1679	-17.6847
1340	2	4	1	2	2	1	5	-2.78017	-3.70485	-4.03681	-4.11599
1341	33	39	30	82	104	173	68	-5.41471	-3.99217	-6.49834	-7.7102
1342	1	4	2	2	6	3	17	-4.69421	-2.4568	-4.56833	-5.62323
1343	2	1	5	3	2	5	5	-5.64112	-2.8338	-4.13113	-5.52505
1344	2	1	12	3	2	1	5	-2.63336	-2.12785	-3.56231	-4.7474
1345	8	10	2	2	11	12	6	-3.95822	-8.11418	-6.65021	-6.92759
1346	2	1	1	3	2	1	5	-4.62942	-3.79377	-6.16196	-7.1714
1347	1	4	2	2	6	3	17	-4.69421	-2.4568	-4.56833	-5.62323
1348	7	2	2	2	11	12	6	-4.50485	-8.81231	-7.19726	-7.47385
1349	9	2	4	62	4	5	6	-3.72108	-5.30893	-5.55269	-6.47417
1350	2	1	21	3	2	1	5	-2.94154	-2.50247	-4.27297	-4.52794
1351	9	7	10	4	1	7	1	-10.0673	-12.2009	-11.1226	-9.86554
1352	2	1	12	3	920	1	5	-7.21931	-5.37686	-7.01202	-7.81626
1353	239	27	16	19	10	5	7	-10.2186	-6.47833	-9.18148	-10.8107
1354	7	17	2	15	23	3	12	-6.90527	-11.2134	-9.598	-9.87418
1355	1	4	2	2	6	3	17	-4.69421	-2.4568	-4.56833	-5.62323
1356	1	6	60	24	12	28	1	-31.642	-28.0694	-22.6297	-21.144
1357	2	4	5	2	10	1	5	-6.89635	-11.1839	-9.58313	-9.86056
1358	10	81	50	99	120	76	52	-6.69466	-6.43634	-5.30799	-5.20592
1359	4	7	10	4	1	7	1	-1.82987	-3.98861	-2.57374	-1.97218
1360	2	1	5	3	2	5	5	-5.64112	-2.8338	-4.13113	-5.52505
1361	4	7	10	1	1	7	1	-5.27429	-9.28978	-5.94528	-6.11664
1362	2	4	5	2	10	1	5	-6.89635	-11.1839	-9.58313	-9.86056
1363	2	1	21	3	2	1	5	-2.94154	-2.50247	-4.27297	-4.52794
1364	2	1	21	3	2	1	5	-2.94154	-2.50247	-4.27297	-4.52794
1365	2	4	1	2	2	1	5	-2.78017	-3.70485	-4.03681	-4.11599
1366	2	4	2	2	6	1	5	-6.10799	-4.84262	-5.9505	-7.70941
1367	2	4	1	2	7	1	5	-2.30906	-6.60049	-4.95642	-4.99571
1368	2	4	1	2	2	1	5	-2.78017	-3.70485	-4.03681	-4.11599
1369	2	4	1	2	2	1	5	-2.78017	-3.70485	-4.03681	-4.11599
1370	4	7	10	4	1	7	1	-1.82987	-3.98861	-2.57374	-1.97218
1371	4	7	10	4	42	51	1	-2.93256	-4.76781	-4.65726	-3.83469
1372	2	1	5	3	2	3	5	-4.25062	-3.25982	-5.36542	-4.84835
1373	2	1	12	3	2	1	5	-2.63336	-2.12785	-3.56231	-4.7474
1374	2	1	1	3	2	1	5	-4.62942	-3.79377	-6.16196	-7.1714
1375	2	4	1	2	2	1	5	-2.78017	-3.70485	-4.03681	-4.11599
1376	4	7	10	4	1	7	1	-1.82987	-3.98861	-2.57374	-1.97218
1377	10	1	16	19	10	5	7	-6.38016	-2.75481	-4.23167	-5.23452
1378	2	4	1	2	7	1	5	-2.30906	-6.60049	-4.95642	-4.99571
1379	2	4	1	2	2	1	5	-2.78017	-3.70485	-4.03681	-4.11599
1380	10	81	50	99	120	76	52	-6.69466	-6.43634	-5.30799	-5.20592
1381	2	1	12	3	2	1	5	-2.63336	-2.12785	-3.56231	-4.7474
1382	2	4	1	2	2	1	5	-2.78017	-3.70485	-4.03681	-4.11599
1383	2	4	1	2	7	1	5	-2.30906	-6.60049	-4.95642	-4.99571
1384	1	2	3	4	5	9	3	-4.68354	-2.49873	-3.64344	-4.93608
1385	8	10	2	2	11	12	6	-3.95822	-8.11418	-6.65021	-6.92759
1386	1	4	2	2	6	3	17	-4.69421	-2.4568	-4.56833	-5.62323
1387	2	4	1	2	2	1	5	-2.78017	-3.70485	-4.03681	-4.11599
1388	2	4	1	2	2	1	5	-2.78017	-3.70485	-4.03681	-4.11599
1389	10	7	10	4	1	7	1	-12.277	-10.7349	-10.0234	-8.99204
1390	2	1	21	3	2	1	5	-2.94154	-2.50247	-4.27297	-4.52794
1391	2	1	21	3	2	1	5	-2.94154	-2.50247	-4.27297	-4.52794
1392	10	1	16	19	10	5	7	-6.38016	-2.75481	-4.23167	-5.23452
1393	2	1	5	3	2	3	5	-4.25062	-3.25982	-5.36542	-4.84835
1394	2	1	5	3	2	3	5	-4.25062	-3.25982	-5.36542	-4.84835
1395	2	4	1	2	2	5	5	-6.81749	-6.41186	-8.56522	-9.42672
1396	2	4	1	2	7	1	5	-2.30906	-6.60049	-4.95642	-4.99571
1397	10	1	16	19	10	5	7	-6.38016	-2.75481	-4.23167	-5.23452
1398	2	4	1	2	7	1	5	-2.30906	-6.60049	-4.95642	-4.99571
1399	2	934	1	2	2	1	5	-7.28754	-6.9571	-7.46981	-7.17139
