Isolate	Loci0	Loci1	Loci2	Loci3	Loci4	Loci5	Loci6	Source0	Source1	Source2	Source3
0	1	2	3	4	5	9	3	-4.49829	-2.47866	-3.58526	-5.08387
1	4	7	10	4	1	7	1	-1.84573	-3.94912	-2.60742	-1.97596
2	2	4	1	2	2	1	5	-2.7885	-3.69534	-4.1572	-4.18331
3	2	4	1	2	2	1	5	-2.7885	-3.69534	-4.1572	-4.18331
4	9	25	2	10	22	3	6	-4.49133	-8.27053	-6.01342	-4.40932
5	4	7	10	4	1	7	1	-1.84573	-3.94912	-2.60742	-1.97596
6	4	7	10	4	1	7	1	-1.84573	-3.94912	-2.60742	-1.97596
7	4	7	10	4	42	51	1	-2.94705	-4.767	-4.93743	-3.85383
8	2	4	1	2	2	1	5	-2.7885	-3.69534	-4.1572	-4.18331
9	10	81	50	99	120	76	52	-6.6792	-6.37717	-5.22878	-5.21738
10	2	1	21	3	2	1	5	-2.92255	-2.48843	-4.45729	-4.62367
11	2	1	21	3	2	1	5	-2.92255	-2.48843	-4.45729	-4.62367
12	9	25	2	10	22	3	6	-4.49133	-8.27053	-6.01342	-4.40932
13	2	1	21	3	2	1	5	-2.92255	-2.48843	-4.45729	-4.62367
14	10	27	16	19	10	5	7	-19.3888	-12.601	-16.2105	-17.7693
15	2	4	1	2	2	1	5	-2.7885	-3.69534	-4.1572	-4.18331
16	2	4	1	2	2	1	5	-2.7885	-3.69534	-4.1572	-4.18331
17	9	2	4	62	4	5	6	-3.73338	-5.31593	-5.85318	-6.80478
18	9	53	2	53	11	3	3	-30.4111	-27.5316	-26.7918	-23.5433
19	2	4	1	2	2	1	5	-2.7885	-3.69534	-4.1572	-4.18331
20	2	4	1	2	2	1	5	-2.7885	-3.69534	-4.1572	-4.18331
21	4	7	10	4	1	7	1	-1.84573	-3.94912	-2.60742	-1.97596
22	2	4	1	2	2	1	5	-2.7885	-3.69534	-4.1572	-4.18331
23	1	4	2	2	6	3	17	-4.5037	-2.43898	-4.58779	-5.76533
24	4	7	10	4	1	7	1	-1.84573	-3.94912	-2.60742	-1.97596
25	2	1	21	3	2	1	5	-2.92255	-2.48843	-4.45729	-4.62367
26	8	10	2	2	11	12	6	-3.97555	-8.57564	-7.98364	-7.26018
27	2	4	2	2	6	1	5	-6.04023	-4.8246	-5.91888	-8.03104
28	2	1	12	3	2	1	5	-2.6114	-2.11348	-3.64112	-4.99254
29	2	4	1	2	2	1	5	-2.7885	-3.69534	-4.1572	-4.18331
30	4	7	10	4	1	7	1	-1.84573	-3.94912	-2.60742	-1.97596
31	10	1	16	19	10	5	7	-5.73649	-2.73506	-4.17258	-5.32929
32	1	2	3	4	5	9	3	-4.49829	-2.47866	-3.58526	-5.08387
33	2	4	1	2	2	1	5	-2.7885	-3.69534	-4.1572	-4.18331
34	2	4	1	2	2	1	5	-2.7885	-3.69534	-4.1572	-4.18331
35	2	4	1	2	2	1	5	-2.7885	-3.69534	-4.1572	-4.18331
36	4	7	10	4	1	7	1	-1.84573	-3.94912	-2.60742	-1.97596
37	129	66	30	82	189	47	17	-3.26501	-4.99898	-5.61543	-4.20638
38	2	1	12	3	357	1	5	-6.85286	-6.3629	-6.83423	-7.13774
39	9	2	4	62	4	5	6	-3.73338	-5.31593	-5.85318	-6.80478
40	2	1	1	3	2	1	5	-4.59341	-3.77992	-6.46007	-7.47705
41	2	1	12	3	357	1	5	-6.85286	-6.3629	-6.83423	-7.13774
42	2	1	5	3	2	3	5	-4.20611	-3.24379	-5.53953	-4.87007
43	2	1	5	3	2	3	5	-4.20611	-3.24379	-5.53953	-4.87007
44	2	4	1	2	2	1	5	-2.7885	-3.69534	-4.1572	-4.18331
45	2	4	1	2	2	1	5	-2.7885	-3.69534	-4.1572	-4.18331
46	2	4	2	2	6	1	5	-6.04023	-4.8246	-5.91888	-8.03104
47	1	4	2	2	6	3	17	-4.5037	-2.43898	-4.58779	-5.76533
48	2	1	21	3	2	1	5	-2.92255	-2.48843	-4.45729	-4.62367
49	2	1	2	3	2	3	5	-3.77855	-8.21671	-7.7821	-7.04897
50	2	1	21	3	2	1	5	-2.92255	-2.48843	-4.45729	-4.62367
51	7	17	2	15	23	3	12	-6.92248	-11.7672	-10.9342	-10.207
52	2	4	1	2	7	1	5	-2.32679	-7.13234	-6.1716	-5.22838
53	9	2	4	62	4	5	6	-3.73338	-5.31593	-5.85318	-6.80478
54	2	4	1	2	7	1	5	-2.32679	-7.13234	-6.1716	-5.22838
55	9	2	4	62	4	5	6	-3.73338	-5.31593	-5.85318	-6.80478
56	2	1	12	88	2	1	5	-3.93812	-3.42832	-5.82464	-5.43082
57	2	1	5	3	2	3	5	-4.20611	-3.24379	-5.53953	-4.87007
58	2	4	1	2	2	1	5	-2.7885	-3.69534	-4.1572	-4.18331
59	9	2	4	62	4	5	6	-3.73338	-5.31593	-5.85318	-6.80478
60	2	1	5	3	2	3	5	-4.20611	-3.24379	-5.53953	-4.87007
61	2	4	1	2	2	1	5	-2.7885	-3.69534	-4.1572	-4.18331
62	2	4	1	2	2	1	5	-2.7885	-3.69534	-4.1572	-4.18331
63	2	4	1	2	2	1	5	-2.7885	-3.69534	-4.1572	-4.18331
64	2	4	1	2	2	1	5	-2.7885	-3.69534	-4.1572	-4.18331
65	2	4	1	2	2	1	5	-2.7885	-3.69534	-4.1572	-4.18331
66	2	4	1	2	2	1	5	-2.7885	-3.69534	-4.1572	-4.18331
67	1	2	215	4	90	24	8	-30.5369	-28.2428	-23.198	-19.3061
68	2	4	1	2	2	1	5	-2.7885	-3.69534	-4.1572	-4.18331
69	1	2	3	4	5	9	3	-4.49829	-2.47866	-3.58526	-5.08387
70	2	4	1	2	2	1	5	-2.7885	-3.69534	-4.1572	-4.18331
71	2	4	1	2	2	1	5	-2.7885	-3.69534	-4.1572	-4.18331
72	9	25	2	10	22	3	6	-4.49133	-8.27053	-6.01342	-4.40932
73	2	15	4	48	360	25	23	-6.71293	-8.89832	-5.66435	-4.95522
74	2	4	1	2	2	1	5	-2.7885	-3.69534	-4.1572	-4.18331
75	2	1	12	88	2	1	5	-3.93812	-3.42832	-5.82464	-5.43082
76	2	4	2	2	6	1	5	-6.04023	-4.8246	-5.91888	-8.03104
77	10	1	16	19	10	5	7	-5.73649	-2.73506	-4.17258	-5.32929
78	2	4	1	2	2	1	5	-2.7885	-3.69534	-4.1572	-4.18331
79	2	1	12	3	2	1	5	-2.6114	-2.11348	-3.64112	-4.99254
80	2	4	1	2	2	1	5	-2.7885	-3.69534	-4.1572	-4.18331
81	2	4	1	2	2	1	5	-2.7885	-3.69534	-4.1572	-4.18331
82	1	4	2	2	6	3	17	-4.5037	-2.43898	-4.58779	-5.76533
83	10	1	16	19	10	5	7	-5.73649	-2.73506	-4.17258	-5.32929
84	8	10	149	2	11	12	6	-4.85135	-3.97157	-5.6722	-7.39622
85	2	4	1	2	2	1	5	-2.7885	-3.69534	-4.1572	-4.18331
86	2	4	1	2	7	1	5	-2.32679	-7.13234	-6.1716	-5.22838
87	32	39	30	82	104	324	17	-7.72754	-4.66827	-7.44082	-9.29614
88	1	2	3	4	5	9	3	-4.49829	-2.47866	-3.58526	-5.08387
89	2	1	5	3	2	3	5	-4.20611	-3.24379	-5.53953	-4.87007
90	2	4	1	2	2	1	5	-2.7885	-3.69534	-4.1572	-4.18331
91	2	4	1	2	7	1	5	-2.32679	-7.13234	-6.1716	-5.22838
92	4	7	10	4	1	7	1	-1.84573	-3.94912	-2.60742	-1.97596
93	2	1	2	3	2	3	5	-3.77855	-8.21671	-7.7821	-7.04897
94	2	1	12	3	2	1	5	-2.6114	-2.11348	-3.64112	-4.99254
95	2	1	21	3	2	1	5	-2.92255	-2.48843	-4.45729	-4.62367
96	2	1	21	3	2	1	5	-2.92255	-2.48843	-4.45729	-4.62367
97	9	2	5	2	11	3	1	-28.9531	-31.8191	-28.7763	-25.1396
98	4	7	10	4	1	7	1	-1.84573	-3.94912	-2.60742	-1.97596
99	2	1	2	3	2	3	5	-3.77855	-8.21671	-7.7821	-7.04897
100	2	1	21	3	2	1	5	-2.92255	-2.48843	-4.45729	-4.62367
101	4	7	10	4	1	7	1	-1.84573	-3.94912	-2.60742	-1.97596
102	2	1	21	3	2	1	5	-2.92255	-2.48843	-4.45729	-4.62367
103	1	4	2	2	6	3	17	-4.5037	-2.43898	-4.58779	-5.76533
104	2	4	5	2	10	1	5	-6.91391	-11.7354	-10.9198	-10.1911
105	2	1	12	88	2	1	5	-3.93812	-3.42832	-5.82464	-5.43082
106	9	2	4	62	4	5	6	-3.73338	-5.31593	-5.85318	-6.80478
107	2	165	73	147	220	190	104	-8.77976	-9.5292	-6.94258	-5.2873
108	2	1	21	3	2	1	5	-2.92255	-2.48843	-4.45729	-4.62367
109	2	4	1	2	2	1	5	-2.7885	-3.69534	-4.1572	-4.18331
110	2	1	12	3	11	1	6	-18.6384	-17.2773	-20.7448	-20.4666
111	2	1	2	3	2	3	5	-3.77855	-8.21671	-7.7821	-7.04897
112	2	4	1	2	7	1	5	-2.32679	-7.13234	-6.1716	-5.22838
113	2	1	2	3	2	3	5	-3.77855	-8.21671	-7.7821	-7.04897
114	2	1	21	3	2	1	5	-2.92255	-2.48843	-4.45729	-4.62367
115	2	4	1	2	7	1	5	-2.32679	-7.13234	-6.1716	-5.22838
116	33	39	30	82	113	43	17	-9.19307	-6.43651	-6.10097	-8.5865
117	2	4	1	2	2	1	5	-2.7885	-3.69534	-4.1572	-4.18331
118	2	4	1	2	2	1	5	-2.7885	-3.69534	-4.1572	-4.18331
119	2	4	1	2	2	1	5	-2.7885	-3.69534	-4.1572	-4.18331
120	2	4	1	2	7	1	5	-2.32679	-7.13234	-6.1716	-5.22838
121	4	7	10	1	1	7	1	-5.29138	-9.26581	-5.95605	-6.1631
122	2	1	12	3	2	1	5	-2.6114	-2.11348	-3.64112	-4.99254
123	2	4	1	2	2	1	5	-2.7885	-3.69534	-4.1572	-4.18331
124	2	4	1	2	2	1	5	-2.7885	-3.69534	-4.1572	-4.18331
125	2	4	1	2	7	1	5	-2.32679	-7.13234	-6.1716	-5.22838
126	2	4	1	2	2	1	5	-2.7885	-3.69534	-4.1572	-4.18331
127	2	4	1	2	2	1	5	-2.7885	-3.69534	-4.1572	-4.18331
128	2	1	12	88	2	1	5	-3.93812	-3.42832	-5.82464	-5.43082
129	2	1	12	3	2	1	5	-2.6114	-2.11348	-3.64112	-4.99254
130	2	1	12	3	2	1	5	-2.6114	-2.11348	-3.64112	-4.99254
131	2	4	1	2	7	1	5	-2.32679	-7.13234	-6.1716	-5.22838
132	2	1	21	3	2	1	5	-2.92255	-2.48843	-4.45729	-4.62367
133	2	1	21	3	2	1	5	-2.92255	-2.48843	-4.45729	-4.62367
134	2	4	5	2	2	5	5	-3.69295	-8.39144	-7.15977	-5.93899
135	2	1	21	3	2	1	5	-2.92255	-2.48843	-4.45729	-4.62367
136	1	4	2	2	6	3	1	-11.1584	-9.94418	-10.6095	-10.9026
137	2	1	5	3	2	3	5	-4.20611	-3.24379	-5.53953	-4.87007
138	2	1	5	3	2	3	5	-4.20611	-3.24379	-5.53953	-4.87007
139	4	7	10	4	1	7	1	-1.84573	-3.94912	-2.60742	-1.97596
140	8	10	2	2	11	12	6	-3.97555	-8.57564	-7.98364	-7.26018
141	2	1	2	3	2	3	5	-3.77855	-8.21671	-7.7821	-7.04897
142	2	1	5	3	2	3	5	-4.20611	-3.24379	-5.53953	-4.87007
143	2	1	2	3	2	3	5	-3.77855	-8.21671	-7.7821	-7.04897
144	129	66	30	82	189	47	17	-3.26501	-4.99898	-5.61543	-4.20638
145	2	4	1	2	2	1	5	-2.7885	-3.69534	-4.1572	-4.18331
146	2	4	1	2	2	1	5	-2.7885	-3.69534	-4.1572	-4.18331
147	7	21	5	62	4	61	44	-6.85932	-3.8216	-5.64987	-7.86222
148	2	4	1	2	2	1	5	-2.7885	-3.69534	-4.1572	-4.18331
149	2	937	1	2	2	1	5	-6.95257	-7.94957	-7.34736	-6.31873
150	1	14	2	2	6	1	17	-8.98551	-6.42569	-7.77046	-6.37855
151	1	4	2	2	6	3	17	-4.5037	-2.43898	-4.58779	-5.76533
152	8	10	149	2	11	12	6	-4.85135	-3.97157	-5.6722	-7.39622
153	2	1	12	3	2	1	5	-2.6114	-2.11348	-3.64112	-4.99254
154	9	30	2	2	89	59	6	-4.97474	-9.82078	-8.98747	-8.2596
155	1	2	3	4	5	9	3	-4.49829	-2.47866	-3.58526	-5.08387
156	2	4	1	2	2	1	5	-2.7885	-3.69534	-4.1572	-4.18331
157	2	4	1	2	2	1	5	-2.7885	-3.69534	-4.1572	-4.18331
158	180	194	2	68	19	231	147	-26.5176	-31.4408	-25.2996	-19.3266
159	2	4	1	2	2	1	5	-2.7885	-3.69534	-4.1572	-4.18331
160	2	4	1	2	2	1	5	-2.7885	-3.69534	-4.1572	-4.18331
161	2	4	1	2	2	1	5	-2.7885	-3.69534	-4.1572	-4.18331
162	4	7	10	4	1	7	1	-1.84573	-3.94912	-2.60742	-1.97596
163	2	4	1	2	2	1	5	-2.7885	-3.69534	-4.1572	-4.18331
164	2	1	21	3	2	1	5	-2.92255	-2.48843	-4.45729	-4.62367
165	2	4	1	2	7	1	5	-2.32679	-7.13234	-6.1716	-5.22838
166	2	4	1	2	2	1	5	-2.7885	-3.69534	-4.1572	-4.18331
167	10	1	16	19	10	5	7	-5.73649	-2.73506	-4.17258	-5.32929
168	104	7	10	4	1	7	1	-4.43068	-9.28301	-8.43244	-7.68518
169	2	4	1	2	2	1	5	-2.7885	-3.69534	-4.1572	-4.18331
170	10	27	16	19	10	5	7	-19.3888	-12.601	-16.2105	-17.7693
171	2	4	1	2	2	1	5	-2.7885	-3.69534	-4.1572	-4.18331
172	2	1	1	3	2	1	5	-4.59341	-3.77992	-6.46007	-7.47705
173	7	21	5	62	4	61	44	-6.85932	-3.8216	-5.64987	-7.86222
174	2	1	1	3	2	1	5	-4.59341	-3.77992	-6.46007	-7.47705
175	10	1	16	19	10	5	7	-5.73649	-2.73506	-4.17258	-5.32929
176	2	4	1	2	2	1	5	-2.7885	-3.69534	-4.1572	-4.18331
177	2	4	1	2	2	1	5	-2.7885	-3.69534	-4.1572	-4.18331
178	2	1	12	3	2	1	5	-2.6114	-2.11348	-3.64112	-4.99254
179	2	4	1	2	2	1	5	-2.7885	-3.69534	-4.1572	-4.18331
180	2	4	1	2	2	1	5	-2.7885	-3.69534	-4.1572	-4.18331
181	1	4	2	2	6	3	17	-4.5037	-2.43898	-4.58779	-5.76533
182	2	1	12	3	2	1	5	-2.6114	-2.11348	-3.64112	-4.99254
183	4	7	10	4	1	7	1	-1.84573	-3.94912	-2.60742	-1.97596
184	2	4	1	2	2	1	5	-2.7885	-3.69534	-4.1572	-4.18331
185	2	4	1	2	2	1	5	-2.7885	-3.69534	-4.1572	-4.18331
186	2	1	21	3	2	1	5	-2.92255	-2.48843	-4.45729	-4.62367
187	4	7	10	4	1	7	1	-1.84573	-3.94912	-2.60742	-1.97596
188	4	7	10	4	42	51	1	-2.94705	-4.767	-4.93743	-3.85383
189	2	1	5	3	2	3	5	-4.20611	-3.24379	-5.53953	-4.87007
190	1	2	4	62	4	5	17	-6.05779	-4.84358	-7.54603	-8.79699
191	4	7	10	4	1	7	1	-1.84573	-3.94912	-2.60742	-1.97596
192	4	7	10	4	42	51	1	-2.94705	-4.767	-4.93743	-3.85383
193	2	1	21	3	2	1	5	-2.92255	-2.48843	-4.45729	-4.62367
194	4	7	10	4	42	51	1	-2.94705	-4.767	-4.93743	-3.85383
195	2	4	1	2	7	1	5	-2.32679	-7.13234	-6.1716	-5.22838
196	2	4	1	2	2	1	5	-2.7885	-3.69534	-4.1572	-4.18331
197	1	2	3	4	5	9	3	-4.49829	-2.47866	-3.58526	-5.08387
198	1	2	4	62	4	5	17	-6.05779	-4.84358	-7.54603	-8.79699
199	2	250	4	281	358	25	57	-29.3649	-29.8019	-20.3529	-17.3245
200	9	2	4	62	4	5	6	-3.73338	-5.31593	-5.85318	-6.80478
201	1	2	3	4	5	9	3	-4.49829	-2.47866	-3.58526	-5.08387
202	4	7	10	4	1	7	1	-1.84573	-3.94912	-2.60742	-1.97596
203	2	4	2	4	19	3	6	-5.81871	-10.6579	-9.82731	-9.0925
204	4	7	10	4	1	7	1	-1.84573	-3.94912	-2.60742	-1.97596
205	4	7	10	4	42	51	1	-2.94705	-4.767	-4.93743	-3.85383
206	2	1	12	3	2	1	5	-2.6114	-2.11348	-3.64112	-4.99254
207	4	7	10	4	1	7	1	-1.84573	-3.94912	-2.60742	-1.97596
208	2	1	12	3	2	1	5	-2.6114	-2.11348	-3.64112	-4.99254
209	1	2	4	62	4	5	17	-6.05779	-4.84358	-7.54603	-8.79699
210	4	7	10	4	42	51	1	-2.94705	-4.767	-4.93743	-3.85383
211	2	4	1	2	2	1	5	-2.7885	-3.69534	-4.1572	-4.18331
212	4	7	10	4	1	7	1	-1.84573	-3.94912	-2.60742	-1.97596
213	2	1	21	3	2	1	5	-2.92255	-2.48843	-4.45729	-4.62367
214	47	2	4	2	6	5	17	-10.6852	-10.3485	-6.14232	-8.66849
215	2	1	21	3	2	1	5	-2.92255	-2.48843	-4.45729	-4.62367
216	2	1	21	3	2	1	5	-2.92255	-2.48843	-4.45729	-4.62367
217	2	4	1	2	2	1	5	-2.7885	-3.69534	-4.1572	-4.18331
218	2	4	1	2	2	1	5	-2.7885	-3.69534	-4.1572	-4.18331
219	10	81	50	99	120	76	52	-6.6792	-6.37717	-5.22878	-5.21738
220	2	4	1	2	2	1	5	-2.7885	-3.69534	-4.1572	-4.18331
221	2	4	1	2	2	1	5	-2.7885	-3.69534	-4.1572	-4.18331
222	1	4	2	2	6	3	17	-4.5037	-2.43898	-4.58779	-5.76533
223	1	2	4	62	4	5	17	-6.05779	-4.84358	-7.54603	-8.79699
224	4	7	10	4	1	7	1	-1.84573	-3.94912	-2.60742	-1.97596
225	4	7	10	4	1	7	1	-1.84573	-3.94912	-2.60742	-1.97596
226	10	1	16	19	10	5	7	-5.73649	-2.73506	-4.17258	-5.32929
227	2	4	1	2	2	1	5	-2.7885	-3.69534	-4.1572	-4.18331
228	2	4	1	2	7	1	5	-2.32679	-7.13234	-6.1716	-5.22838
229	1	4	2	348	6	3	17	-8.41963	-5.3513	-8.1285	-9.98537
230	1	2	4	62	4	5	17	-6.05779	-4.84358	-7.54603	-8.79699
231	10	27	16	19	10	5	7	-19.3888	-12.601	-16.2105	-17.7693
232	1	4	2	2	6	3	17	-4.5037	-2.43898	-4.58779	-5.76533
233	4	7	10	4	42	51	1	-2.94705	-4.767	-4.93743	-3.85383
234	2	4	1	2	2	1	5	-2.7885	-3.69534	-4.1572	-4.18331
235	2	1	12	3	2	1	5	-2.6114	-2.11348	-3.64112	-4.99254
236	2	1	12	88	2	1	5	-3.93812	-3.42832	-5.82464	-5.43082
237	2	4	1	2	7	1	5	-2.32679	-7.13234	-6.1716	-5.22838
238	2	1	12	3	2	1	5	-2.6114	-2.11348	-3.64112	-4.99254
239	1	4	2	2	6	3	17	-4.5037	-2.43898	-4.58779	-5.76533
240	2	1	4	28	58	25	58	-5.68455	-8.29083	-5.33969	-4.27561
241	2	1	5	3	2	3	5	-4.20611	-3.24379	-5.53953	-4.87007
242	2	1	12	3	2	1	5	-2.6114	-2.11348	-3.64112	-4.99254
243	2	4	1	2	2	1	5	-2.7885	-3.69534	-4.1572	-4.18331
244	2	1	5	10	11	1	5	-26.7088	-21.778	-24.61	-24.754
245	2	1	12	3	2	1	5	-2.6114	-2.11348	-3.64112	-4.99254
246	2	1	12	88	2	1	5	-3.93812	-3.42832	-5.82464	-5.43082
247	2	1	12	3	2	1	5	-2.6114	-2.11348	-3.64112	-4.99254
248	2	1	12	3	2	1	5	-2.6114	-2.11348	-3.64112	-4.99254
249	1	4	2	2	6	3	17	-4.5037	-2.43898	-4.58779	-5.76533
250	9	2	4	62	4	5	6	-3.73338	-5.31593	-5.85318	-6.80478
251	2	1	12	3	2	1	5	-2.6114	-2.11348	-3.64112	-4.99254
252	8	10	149	2	11	12	6	-4.85135	-3.97157	-5.6722	-7.39622
253	2	1	21	3	2	1	5	-2.92255	-2.48843	-4.45729	-4.62367
254	1	2	3	4	5	9	3	-4.49829	-2.47866	-3.58526	-5.08387
255	2	1	5	3	2	3	5	-4.20611	-3.24379	-5.53953	-4.87007
256	1	307	3	4	5	9	3	-6.82856	-6.42928	-6.08134	-8.39855
257	1	4	2	2	6	3	17	-4.5037	-2.43898	-4.58779	-5.76533
258	2	4	1	2	7	1	5	-2.32679	-7.13234	-6.1716	-5.22838
259	2	4	1	2	2	1	5	-2.7885	-3.69534	-4.1572	-4.18331
260	2	61	4	64	126	7	23	-6.03785	-8.47053	-5.9405	-4.28258
261	7	21	5	62	4	61	44	-6.85932	-3.8216	-5.64987	-7.86222
262	2	1	12	3	2	1	5	-2.6114	-2.11348	-3.64112	-4.99254
263	2	4	1	2	2	1	5	-2.7885	-3.69534	-4.1572	-4.18331
264	2	1	12	3	2	1	5	-2.6114	-2.11348	-3.64112	-4.99254
265	2	1	21	3	2	1	5	-2.92255	-2.48843	-4.45729	-4.62367
266	2	1	21	3	2	1	5	-2.92255	-2.48843	-4.45729	-4.62367
267	2	4	1	2	2	1	5	-2.7885	-3.69534	-4.1572	-4.18331
268	2	4	1	2	2	1	5	-2.7885	-3.69534	-4.1572	-4.18331
269	2	4	1	2	7	1	5	-2.32679	-7.13234	-6.1716	-5.22838
270	4	7	10	4	1	7	1	-1.84573	-3.94912	-2.60742	-1.97596
271	1	2	4	62	4	5	17	-6.05779	-4.84358	-7.54603	-8.79699
272	4	1	21	3	2	1	5	-9.66353	-10.0896	-10.6054	-9.8255
273	10	1	16	19	10	5	7	-5.73649	-2.73506	-4.17258	-5.32929
274	33	283	44	82	189	44	17	-6.47471	-3.4613	-5.4212	-6.14066
275	2	1	12	3	2	1	5	-2.6114	-2.11348	-3.64112	-4.99254
276	10	81	50	99	120	76	52	-6.6792	-6.37717	-5.22878	-5.21738
277	4	7	10	4	42	25	1	-8.61239	-9.16525	-5.75865	-5.20918
278	2	4	1	2	2	1	5	-2.7885	-3.69534	-4.1572	-4.18331
279	2	4	5	2	10	1	5	-6.91391	-11.7354	-10.9198	-10.1911
280	2	4	1	2	2	1	5	-2.7885	-3.69534	-4.1572	-4.18331
281	9	2	4	62	4	5	6	-3.73338	-5.31593	-5.85318	-6.80478
282	4	7	10	4	1	7	1	-1.84573	-3.94912	-2.60742	-1.97596
283	2	1	12	3	2	1	5	-2.6114	-2.11348	-3.64112	-4.99254
284	9	2	4	62	4	5	6	-3.73338	-5.31593	-5.85318	-6.80478
285	9	2	4	62	4	5	6	-3.73338	-5.31593	-5.85318	-6.80478
286	2	4	1	2	2	1	5	-2.7885	-3.69534	-4.1572	-4.18331
287	2	1	12	88	2	1	5	-3.93812	-3.42832	-5.82464	-5.43082
288	2	1	21	3	2	1	5	-2.92255	-2.48843	-4.45729	-4.62367
289	33	39	30	79	113	44	17	-25.3054	-25.0021	-25.5053	-26.6199
290	1	2	3	4	5	9	3	-4.49829	-2.47866	-3.58526	-5.08387
291	1	4	2	2	6	3	17	-4.5037	-2.43898	-4.58779	-5.76533
292	9	2	4	62	4	5	6	-3.73338	-5.31593	-5.85318	-6.80478
293	2	1	12	3	2	1	5	-2.6114	-2.11348	-3.64112	-4.99254
294	2	1	5	3	2	5	5	-5.31508	-2.81511	-4.07118	-5.68634
295	2	1	5	3	2	5	5	-5.31508	-2.81511	-4.07118	-5.68634
296	2	4	1	2	2	1	5	-2.7885	-3.69534	-4.1572	-4.18331
297	2	4	1	2	2	1	5	-2.7885	-3.69534	-4.1572	-4.18331
298	2	1	21	3	2	1	5	-2.92255	-2.48843	-4.45729	-4.62367
299	32	39	30	82	104	324	17	-7.72754	-4.66827	-7.44082	-9.29614
300	2	1	12	3	2	1	5	-2.6114	-2.11348	-3.64112	-4.99254
301	4	7	10	4	1	7	1	-1.84573	-3.94912	-2.60742	-1.97596
302	1	4	2	2	6	3	5	-8.31097	-5.23551	-8.05564	-9.85265
303	2	1	21	3	2	1	5	-2.92255	-2.48843	-4.45729	-4.62367
304	4	7	10	4	42	51	1	-2.94705	-4.767	-4.93743	-3.85383
305	2	4	1	2	7	1	5	-2.32679	-7.13234	-6.1716	-5.22838
306	7	21	5	62	4	61	44	-6.85932	-3.8216	-5.64987	-7.86222
307	104	7	10	4	1	7	1	-4.43068	-9.28301	-8.43244	-7.68518
308	9	25	2	10	22	3	6	-4.49133	-8.27053	-6.01342	-4.40932
309	2	4	2	2	6	3	17	-10.5551	-7.47938	-10.267	-10.741
310	2	4	1	2	7	1	5	-2.32679	-7.13234	-6.1716	-5.22838
311	129	66	30	82	189	47	17	-3.26501	-4.99898	-5.61543	-4.20638
312	33	39	30	82	104	173	68	-5.33407	-3.97502	-6.68899	-8.01316
313	2	1	12	3	2	1	5	-2.6114	-2.11348	-3.64112	-4.99254
314	2	1	1	3	2	1	5	-4.59341	-3.77992	-6.46007	-7.47705
315	7	21	5	62	4	61	44	-6.85932	-3.8216	-5.64987	-7.86222
316	2	1	21	3	2	1	5	-2.92255	-2.48843	-4.45729	-4.62367
317	4	7	10	4	1	7	1	-1.84573	-3.94912	-2.60742	-1.97596
318	10	2	107	62	120	76	1	-6.87111	-10.3524	-7.98591	-6.3631
319	4	7	10	4	1	7	1	-1.84573	-3.94912	-2.60742	-1.97596
320	2	1	12	3	2	1	5	-2.6114	-2.11348	-3.64112	-4.99254
321	2	1	5	3	2	3	5	-4.20611	-3.24379	-5.53953	-4.87007
322	4	7	10	4	1	7	1	-1.84573	-3.94912	-2.60742	-1.97596
323	2	1	12	88	2	1	5	-3.93812	-3.42832	-5.82464	-5.43082
324	4	7	10	4	42	7	1	-6.59197	-8.6975	-5.54882	-4.68563
325	4	7	10	4	42	51	1	-2.94705	-4.767	-4.93743	-3.85383
326	2	1	21	3	2	1	5	-2.92255	-2.48843	-4.45729	-4.62367
327	2	1	12	3	2	1	5	-2.6114	-2.11348	-3.64112	-4.99254
328	4	7	10	4	1	7	1	-1.84573	-3.94912	-2.60742	-1.97596
329	2	4	1	2	7	1	5	-2.32679	-7.13234	-6.1716	-5.22838
330	4	7	10	4	1	7	1	-1.84573	-3.94912	-2.60742	-1.97596
331	2	1	12	3	2	1	5	-2.6114	-2.11348	-3.64112	-4.99254
332	4	7	10	4	1	7	1	-1.84573	-3.94912	-2.60742	-1.97596
333	4	7	10	4	1	7	1	-1.84573	-3.94912	-2.60742	-1.97596
334	1	4	2	2	6	3	17	-4.5037	-2.43898	-4.58779	-5.76533
335	2	4	1	2	2	1	5	-2.7885	-3.69534	-4.1572	-4.18331
336	4	7	10	4	1	7	1	-1.84573	-3.94912	-2.60742	-1.97596
337	7	17	2	15	23	3	12	-6.92248	-11.7672	-10.9342	-10.207
338	2	1	5	3	2	3	5	-4.20611	-3.24379	-5.53953	-4.87007
339	4	7	10	4	1	7	1	-1.84573	-3.94912	-2.60742	-1.97596
340	4	7	10	4	1	7	1	-1.84573	-3.94912	-2.60742	-1.97596
341	4	7	10	4	42	51	1	-2.94705	-4.767	-4.93743	-3.85383
342	2	4	1	2	2	1	5	-2.7885	-3.69534	-4.1572	-4.18331
343	2	1	12	88	2	1	5	-3.93812	-3.42832	-5.82464	-5.43082
344	2	1	1	3	2	1	5	-4.59341	-3.77992	-6.46007	-7.47705
345	1	2	3	4	5	9	3	-4.49829	-2.47866	-3.58526	-5.08387
346	2	1	12	88	2	1	5	-3.93812	-3.42832	-5.82464	-5.43082
347	2	1	1	3	2	1	5	-4.59341	-3.77992	-6.46007	-7.47705
348	24	17	2	10	23	68	5	-8.82518	-5.76461	-8.53856	-10.394
349	4	7	10	4	1	7	1	-1.84573	-3.94912	-2.60742	-1.97596
350	2	1	21	3	2	1	5	-2.92255	-2.48843	-4.45729	-4.62367
351	1	4	2	2	6	3	17	-4.5037	-2.43898	-4.58779	-5.76533
352	2	1	5	3	2	3	5	-4.20611	-3.24379	-5.53953	-4.87007
353	4	7	10	4	1	7	1	-1.84573	-3.94912	-2.60742	-1.97596
354	2	1	1	3	2	1	5	-4.59341	-3.77992	-6.46007	-7.47705
355	2	1	12	3	2	1	5	-2.6114	-2.11348	-3.64112	-4.99254
356	8	10	149	2	11	12	6	-4.85135	-3.97157	-5.6722	-7.39622
357	2	4	1	2	2	5	5	-6.8016	-6.40024	-8.94083	-9.70777
358	10	1	16	19	10	5	7	-5.73649	-2.73506	-4.17258	-5.32929
359	24	17	2	10	23	68	5	-8.82518	-5.76461	-8.53856	-10.394
360	1	2	4	62	4	5	17	-6.05779	-4.84358	-7.54603	-8.79699
361	2	4	1	2	7	1	5	-2.32679	-7.13234	-6.1716	-5.22838
362	7	71	5	62	11	67	6	-29.3961	-27.4517	-28.5059	-26.6835
363	7	17	5	2	10	3	6	-25.0689	-24.3485	-24.1508	-22.1763
364	2	1	5	3	2	3	5	-4.20611	-3.24379	-5.53953	-4.87007
365	9	2	4	62	4	5	6	-3.73338	-5.31593	-5.85318	-6.80478
366	33	38	30	82	104	325	36	-13.7608	-10.7193	-12.4281	-13.2343
367	2	4	1	2	7	1	5	-2.32679	-7.13234	-6.1716	-5.22838
368	47	2	4	2	6	5	17	-10.6852	-10.3485	-6.14232	-8.66849
369	2	1	12	88	2	1	5	-3.93812	-3.42832	-5.82464	-5.43082
370	2	1	12	88	2	1	5	-3.93812	-3.42832	-5.82464	-5.43082
371	2	1	12	88	2	1	5	-3.93812	-3.42832	-5.82464	-5.43082
372	2	1	12	88	2	1	5	-3.93812	-3.42832	-5.82464	-5.43082
373	2	4	1	2	2	1	5	-2.7885	-3.69534	-4.1572	-4.18331
374	2	1	12	88	2	1	5	-3.93812	-3.42832	-5.82464	-5.43082
375	1	1	2	2	6	3	17	-9.35216	-6.10551	-8.97231	-10.6418
376	2	1	12	88	2	1	5	-3.93812	-3.42832	-5.82464	-5.43082
377	2	1	12	88	2	1	5	-3.93812	-3.42832	-5.82464	-5.43082
378	2	4	1	2	2	1	5	-2.7885	-3.69534	-4.1572	-4.18331
379	2	1	12	88	2	1	5	-3.93812	-3.42832	-5.82464	-5.43082
380	2	1	5	3	2	3	5	-4.20611	-3.24379	-5.53953	-4.87007
381	4	7	10	4	1	7	1	-1.84573	-3.94912	-2.60742	-1.97596
382	2	1	12	3	2	1	5	-2.6114	-2.11348	-3.64112	-4.99254
383	1	2	4	62	4	5	17	-6.05779	-4.84358	-7.54603	-8.79699
384	1	4	2	2	6	3	17	-4.5037	-2.43898	-4.58779	-5.76533
385	2	1	12	3	2	1	5	-2.6114	-2.11348	-3.64112	-4.99254
386	2	1	12	88	2	1	5	-3.93812	-3.42832	-5.82464	-5.43082
387	9	2	4	62	4	5	6	-3.73338	-5.31593	-5.85318	-6.80478
388	2	4	1	2	7	1	5	-2.32679	-7.13234	-6.1716	-5.22838
389	2	1	5	3	2	3	5	-4.20611	-3.24379	-5.53953	-4.87007
390	7	21	5	62	4	61	44	-6.85932	-3.8216	-5.64987	-7.86222
391	1	2	215	4	90	24	8	-30.5369	-28.2428	-23.198	-19.3061
392	2	1	21	3	2	1	5	-2.92255	-2.48843	-4.45729	-4.62367
393	1	4	2	2	6	3	17	-4.5037	-2.43898	-4.58779	-5.76533
394	2	4	1	2	2	1	5	-2.7885	-3.69534	-4.1572	-4.18331
395	2	1	12	3	2	1	5	-2.6114	-2.11348	-3.64112	-4.99254
396	1	2	3	4	5	9	3	-4.49829	-2.47866	-3.58526	-5.08387
397	2	1	5	3	2	3	5	-4.20611	-3.24379	-5.53953	-4.87007
398	10	1	16	19	10	5	7	-5.73649	-2.73506	-4.17258	-5.32929
399	2	1	2	3	2	959	5	-8.01676	-11.2845	-10.911	-9.18009
400	10	1	16	19	10	5	7	-5.73649	-2.73506	-4.17258	-5.32929
401	2	4	1	2	7	1	5	-2.32679	-7.13234	-6.1716	-5.22838
402	2	1	12	3	2	1	5	-2.6114	-2.11348	-3.64112	-4.99254
403	8	10	149	2	11	12	6	-4.85135	-3.97157	-5.6722	-7.39622
404	2	4	1	2	7	1	5	-2.32679	-7.13234	-6.1716	-5.22838
405	4	7	10	4	1	7	1	-1.84573	-3.94912	-2.60742	-1.97596
406	4	7	10	4	1	7	1	-1.84573	-3.94912	-2.60742	-1.97596
407	2	4	5	2	2	5	5	-3.69295	-8.39144	-7.15977	-5.93899
408	2	1	12	3	2	1	5	-2.6114	-2.11348	-3.64112	-4.99254
409	166	2	27	10	151	3	1	-32	-33.0522	-28.1887	-22.5907
410	33	39	30	79	113	44	17	-25.3054	-25.0021	-25.5053	-26.6199
411	7	17	2	15	23	3	12	-6.92248	-11.7672	-10.9342	-10.207
412	1	2	3	4	5	9	3	-4.49829	-2.47866	-3.58526	-5.08387
413	2	4	1	2	7	1	5	-2.32679	-7.13234	-6.1716	-5.22838
414	7	21	5	62	4	61	44	-6.85932	-3.8216	-5.64987	-7.86222
415	2	1	12	3	2	1	5	-2.6114	-2.11348	-3.64112	-4.99254
416	1	2	3	4	5	9	3	-4.49829	-2.47866	-3.58526	-5.08387
417	2	1	5	88	2	11	5	-8.31611	-5.33278	-6.00658	-8.42341
418	2	4	1	2	7	1	5	-2.32679	-7.13234	-6.1716	-5.22838
419	2	1	21	3	2	1	5	-2.92255	-2.48843	-4.45729	-4.62367
420	7	17	2	15	23	3	12	-6.92248	-11.7672	-10.9342	-10.207
421	2	1	5	88	2	11	5	-8.31611	-5.33278	-6.00658	-8.42341
422	47	2	4	2	6	5	17	-10.6852	-10.3485	-6.14232	-8.66849
423	1	2	3	4	5	9	3	-4.49829	-2.47866	-3.58526	-5.08387
424	7	17	2	15	23	3	12	-6.92248	-11.7672	-10.9342	-10.207
425	2	4	1	2	2	1	5	-2.7885	-3.69534	-4.1572	-4.18331
426	2	4	1	2	2	1	5	-2.7885	-3.69534	-4.1572	-4.18331
427	2	4	1	2	2	1	5	-2.7885	-3.69534	-4.1572	-4.18331
428	2	1	12	3	2	1	5	-2.6114	-2.11348	-3.64112	-4.99254
429	2	4	5	2	2	5	5	-3.69295	-8.39144	-7.15977	-5.93899
430	2	1	21	3	2	1	5	-2.92255	-2.48843	-4.45729	-4.62367
431	4	7	10	4	42	25	1	-8.61239	-9.16525	-5.75865	-5.20918
432	1	4	2	2	6	3	17	-4.5037	-2.43898	-4.58779	-5.76533
433	1	2	215	4	923	24	8	-30.5369	-28.2428	-23.198	-19.3061
434	1	2	3	4	5	9	3	-4.49829	-2.47866	-3.58526	-5.08387
435	2	1	1	3	2	1	5	-4.59341	-3.77992	-6.46007	-7.47705
436	1	4	2	2	6	3	17	-4.5037	-2.43898	-4.58779	-5.76533
437	2	4	1	2	2	1	5	-2.7885	-3.69534	-4.1572	-4.18331
438	2	1	5	3	2	5	5	-5.31508	-2.81511	-4.07118	-5.68634
439	4	7	10	4	42	51	1	-2.94705	-4.767	-4.93743	-3.85383
440	4	7	10	4	1	7	1	-1.84573	-3.94912	-2.60742	-1.97596
441	4	7	10	4	1	7	1	-1.84573	-3.94912	-2.60742	-1.97596
442	4	7	10	4	1	7	1	-1.84573	-3.94912	-2.60742	-1.97596
443	2	1	21	3	2	1	5	-2.92255	-2.48843	-4.45729	-4.62367
444	2	1	21	3	2	1	5	-2.92255	-2.48843	-4.45729	-4.62367
445	2	4	1	2	7	1	5	-2.32679	-7.13234	-6.1716	-5.22838
446	4	7	10	4	1	7	1	-1.84573	-3.94912	-2.60742	-1.97596
447	4	7	10	4	1	7	1	-1.84573	-3.94912	-2.60742	-1.97596
448	2	1	1	3	2	1	5	-4.59341	-3.77992	-6.46007	-7.47705
449	2	1	21	3	2	1	5	-2.92255	-2.48843	-4.45729	-4.62367
450	2	1	21	3	2	1	5	-2.92255	-2.48843	-4.45729	-4.62367
451	4	7	10	4	42	51	1	-2.94705	-4.767	-4.93743	-3.85383
452	4	7	10	1	1	7	1	-5.29138	-9.26581	-5.95605	-6.1631
453	239	27	16	19	10	5	7	-9.52082	-6.45996	-9.23201	-11.0889
454	2	1	12	3	2	1	5	-2.6114	-2.11348	-3.64112	-4.99254
455	2	4	1	2	2	1	5	-2.7885	-3.69534	-4.1572	-4.18331
456	2	1	12	3	2	1	5	-2.6114	-2.11348	-3.64112	-4.99254
457	2	1	12	3	2	1	5	-2.6114	-2.11348	-3.64112	-4.99254
458	10	81	50	99	120	76	52	-6.6792	-6.37717	-5.22878	-5.21738
459	47	2	4	2	6	5	17	-10.6852	-10.3485	-6.14232	-8.66849
460	2	4	1	3	2	1	5	-6.8419	-8.59919	-10.0353	-9.81229
461	4	7	10	4	1	7	1	-1.84573	-3.94912	-2.60742	-1.97596
462	2	1	1	380	2	1	5	-6.14842	-5.73682	-8.36186	-9.15382
463	2	4	1	2	7	1	5	-2.32679	-7.13234	-6.1716	-5.22838
464	2	1	12	88	2	1	5	-3.93812	-3.42832	-5.82464	-5.43082
465	7	71	5	62	11	67	1	-30.4435	-27.7171	-27.1596	-25.9801
466	2	4	1	2	7	1	5	-2.32679	-7.13234	-6.1716	-5.22838
467	4	7	10	4	1	7	1	-1.84573	-3.94912	-2.60742	-1.97596
468	2	1	1	380	2	1	5	-6.14842	-5.73682	-8.36186	-9.15382
469	2	4	1	2	2	1	5	-2.7885	-3.69534	-4.1572	-4.18331
470	2	1	12	3	2	1	5	-2.6114	-2.11348	-3.64112	-4.99254
471	1	14	2	2	6	1	17	-8.98551	-6.42569	-7.77046	-6.37855
472	1	2	4	62	4	5	17	-6.05779	-4.84358	-7.54603	-8.79699
473	4	7	10	4	1	7	1	-1.84573	-3.94912	-2.60742	-1.97596
474	2	1	21	3	2	1	5	-2.92255	-2.48843	-4.45729	-4.62367
475	2	4	1	2	2	1	5	-2.7885	-3.69534	-4.1572	-4.18331
476	1	4	2	2	6	3	17	-4.5037	-2.43898	-4.58779	-5.76533
477	4	7	10	4	1	7	1	-1.84573	-3.94912	-2.60742	-1.97596
478	10	2	107	62	120	76	1	-6.87111	-10.3524	-7.98591	-6.3631
479	2	1	12	3	2	1	5	-2.6114	-2.11348	-3.64112	-4.99254
480	2	1	5	3	2	3	5	-4.20611	-3.24379	-5.53953	-4.87007
481	2	1	21	3	2	1	5	-2.92255	-2.48843	-4.45729	-4.62367
482	1	2	3	4	5	9	3	-4.49829	-2.47866	-3.58526	-5.08387
483	1	307	3	4	5	9	3	-6.82856	-6.42928	-6.08134	-8.39855
484	7	2	5	2	10	3	6	-30.7873	-28.2949	-29.2465	-27.8877
485	1	2	3	4	5	9	3	-4.49829	-2.47866	-3.58526	-5.08387
486	33	39	30	82	104	173	68	-5.33407	-3.97502	-6.68899	-8.01316
487	4	7	10	4	42	7	1	-6.59197	-8.6975	-5.54882	-4.68563
488	2	1	12	88	2	1	5	-3.93812	-3.42832	-5.82464	-5.43082
489	2	4	1	2	2	1	5	-2.7885	-3.69534	-4.1572	-4.18331
490	2	1	21	3	2	1	5	-2.92255	-2.48843	-4.45729	-4.62367
491	9	2	4	62	4	5	6	-3.73338	-5.31593	-5.85318	-6.80478
492	2	1	5	3	2	3	5	-4.20611	-3.24379	-5.53953	-4.87007
493	4	7	10	4	1	7	1	-1.84573	-3.94912	-2.60742	-1.97596
494	2	1	57	26	127	29	35	-6.8947	-10.1277	-6.13095	-8.45276
495	2	1	57	26	127	29	35	-6.8947	-10.1277	-6.13095	-8.45276
496	2	4	2	4	19	3	6	-5.81871	-10.6579	-9.82731	-9.0925
497	2	1	12	3	2	1	5	-2.6114	-2.11348	-3.64112	-4.99254
498	2	4	1	2	2	1	5	-2.7885	-3.69534	-4.1572	-4.18331
499	2	4	1	2	2	1	5	-2.7885	-3.69534	-4.1572	-4.18331
500	2	1	21	3	2	1	5	-2.92255	-2.48843	-4.45729	-4.62367
501	33	39	65	79	104	43	17	-4.61906	-9.46438	-8.63098	-7.90453
502	1	14	2	2	6	1	17	-8.98551	-6.42569	-7.77046	-6.37855
503	2	1	12	3	2	1	5	-2.6114	-2.11348	-3.64112	-4.99254
504	7	21	5	62	4	61	44	-6.85932	-3.8216	-5.64987	-7.86222
505	9	2	4	62	4	5	6	-3.73338	-5.31593	-5.85318	-6.80478
506	129	66	30	82	189	47	17	-3.26501	-4.99898	-5.61543	-4.20638
507	2	1	21	3	2	1	5	-2.92255	-2.48843	-4.45729	-4.62367
508	47	2	4	2	6	5	17	-10.6852	-10.3485	-6.14232	-8.66849
509	2	4	1	2	7	1	5	-2.32679	-7.13234	-6.1716	-5.22838
510	33	38	30	82	104	325	36	-13.7608	-10.7193	-12.4281	-13.2343
511	1	4	2	2	6	3	17	-4.5037	-2.43898	-4.58779	-5.76533
512	1	4	2	2	6	3	17	-4.5037	-2.43898	-4.58779	-5.76533
513	2	4	1	2	2	1	5	-2.7885	-3.69534	-4.1572	-4.18331
514	4	7	10	4	1	7	1	-1.84573	-3.94912	-2.60742	-1.97596
515	33	283	44	82	189	44	17	-6.47471	-3.4613	-5.4212	-6.14066
516	8	10	149	2	11	12	6	-4.85135	-3.97157	-5.6722	-7.39622
517	2	1	21	3	62	1	5	-5.81576	-10.6418	-9.82527	-9.09552
518	10	1	16	19	10	5	7	-5.73649	-2.73506	-4.17258	-5.32929
519	180	194	2	68	19	231	147	-26.5176	-31.4408	-25.2996	-19.3266
520	2	4	1	2	7	1	5	-2.32679	-7.13234	-6.1716	-5.22838
521	2	4	2	2	6	1	5	-6.04023	-4.8246	-5.91888	-8.03104
522	1	2	3	4	5	9	3	-4.49829	-2.47866	-3.58526	-5.08387
523	2	1	21	3	2	1	5	-2.92255	-2.48843	-4.45729	-4.62367
524	2	1	12	3	2	1	5	-2.6114	-2.11348	-3.64112	-4.99254
525	2	1	5	3	2	3	5	-4.20611	-3.24379	-5.53953	-4.87007
526	1	307	3	4	5	9	3	-6.82856	-6.42928	-6.08134	-8.39855
527	2	4	1	2	7	1	5	-2.32679	-7.13234	-6.1716	-5.22838
528	2	1	12	3	2	1	5	-2.6114	-2.11348	-3.64112	-4.99254
529	7	21	5	62	4	61	44	-6.85932	-3.8216	-5.64987	-7.86222
530	2	1	5	3	2	3	5	-4.20611	-3.24379	-5.53953	-4.87007
531	2	1	12	88	2	1	5	-3.93812	-3.42832	-5.82464	-5.43082
532	2	1	21	3	2	1	5	-2.92255	-2.48843	-4.45729	-4.62367
533	1	4	2	2	6	3	17	-4.5037	-2.43898	-4.58779	-5.76533
534	2	4	1	2	7	1	5	-2.32679	-7.13234	-6.1716	-5.22838
535	47	2	4	2	6	5	17	-10.6852	-10.3485	-6.14232	-8.66849
536	1	4	2	2	6	3	17	-4.5037	-2.43898	-4.58779	-5.76533
537	1	2	3	4	5	9	3	-4.49829	-2.47866	-3.58526	-5.08387
538	2	4	1	2	2	1	5	-2.7885	-3.69534	-4.1572	-4.18331
539	4	7	10	4	42	7	1	-6.59197	-8.6975	-5.54882	-4.68563
540	2	4	1	9	2	1	5	-7.0147	-7.9519	-7.35185	-6.32764
541	2	1	12	3	2	1	5	-2.6114	-2.11348	-3.64112	-4.99254
542	1	4	2	9	6	3	17	-8.7264	-6.64511	-7.75509	-7.89757
543	1	2	3	4	922	9	3	-8.73926	-6.73648	-6.78089	-7.22988
544	4	7	10	4	1	7	1	-1.84573	-3.94912	-2.60742	-1.97596
545	2	1	5	3	2	3	5	-4.20611	-3.24379	-5.53953	-4.87007
546	2	4	1	2	7	1	5	-2.32679	-7.13234	-6.1716	-5.22838
547	4	7	10	4	1	7	1	-1.84573	-3.94912	-2.60742	-1.97596
548	2	4	1	2	2	1	5	-2.7885	-3.69534	-4.1572	-4.18331
549	2	1	21	3	2	1	5	-2.92255	-2.48843	-4.45729	-4.62367
550	4	7	10	4	1	7	1	-1.84573	-3.94912	-2.60742	-1.97596
551	1	4	2	2	6	3	17	-4.5037	-2.43898	-4.58779	-5.76533
552	2	1	5	3	2	5	5	-5.31508	-2.81511	-4.07118	-5.68634
553	2	1	12	3	2	1	5	-2.6114	-2.11348	-3.64112	-4.99254
554	4	936	10	4	1	7	1	-6.08149	-8.20401	-5.77515	-4.12569
555	180	194	2	68	19	231	147	-26.5176	-31.4408	-25.2996	-19.3266
556	4	7	10	4	42	51	1	-2.94705	-4.767	-4.93743	-3.85383
557	4	7	10	4	42	25	1	-8.61239	-9.16525	-5.75865	-5.20918
558	2	1	21	3	2	1	5	-2.92255	-2.48843	-4.45729	-4.62367
559	2	1	5	3	2	3	5	-4.20611	-3.24379	-5.53953	-4.87007
560	2	1	5	3	2	3	5	-4.20611	-3.24379	-5.53953	-4.87007
561	4	7	10	4	42	51	1	-2.94705	-4.767	-4.93743	-3.85383
562	4	7	10	4	1	7	1	-1.84573	-3.94912	-2.60742	-1.97596
563	2	4	1	2	7	1	5	-2.32679	-7.13234	-6.1716	-5.22838
564	2	1	21	3	2	1	5	-2.92255	-2.48843	-4.45729	-4.62367
565	1	4	2	2	6	3	17	-4.5037	-2.43898	-4.58779	-5.76533
566	188	313	5	2	89	5	6	-39.427	-36.9991	-37.966	-38.9391
567	2	1	21	3	2	1	5	-2.92255	-2.48843	-4.45729	-4.62367
568	2	1	1	3	2	1	5	-4.59341	-3.77992	-6.46007	-7.47705
569	2	1	5	3	2	3	5	-4.20611	-3.24379	-5.53953	-4.87007
570	2	4	1	2	2	1	5	-2.7885	-3.69534	-4.1572	-4.18331
571	2	1	5	3	2	3	5	-4.20611	-3.24379	-5.53953	-4.87007
572	2	1	1	3	2	1	5	-4.59341	-3.77992	-6.46007	-7.47705
573	2	1	5	3	2	3	5	-4.20611	-3.24379	-5.53953	-4.87007
574	1	4	2	2	6	3	17	-4.5037	-2.43898	-4.58779	-5.76533
575	1	4	2	2	6	3	17	-4.5037	-2.43898	-4.58779	-5.76533
576	2	1	21	3	2	1	5	-2.92255	-2.48843	-4.45729	-4.62367
577	239	27	16	19	10	5	7	-9.52082	-6.45996	-9.23201	-11.0889
578	2	4	5	2	2	5	5	-3.69295	-8.39144	-7.15977	-5.93899
579	9	2	4	62	4	5	6	-3.73338	-5.31593	-5.85318	-6.80478
580	2	1	1	3	2	1	5	-4.59341	-3.77992	-6.46007	-7.47705
581	2	1	5	3	2	3	5	-4.20611	-3.24379	-5.53953	-4.87007
582	1	4	2	2	6	3	17	-4.5037	-2.43898	-4.58779	-5.76533
583	2	4	5	2	2	5	5	-3.69295	-8.39144	-7.15977	-5.93899
584	2	4	5	2	2	5	5	-3.69295	-8.39144	-7.15977	-5.93899
585	2	1	5	3	2	3	5	-4.20611	-3.24379	-5.53953	-4.87007
586	2	1	1	380	2	1	5	-6.14842	-5.73682	-8.36186	-9.15382
587	2	7	10	4	1	7	1	-6.57746	-8.93855	-8.22129	-6.91733
588	2	1	12	3	2	1	5	-2.6114	-2.11348	-3.64112	-4.99254
589	2	4	1	2	2	1	5	-2.7885	-3.69534	-4.1572	-4.18331
590	9	2	4	62	4	5	6	-3.73338	-5.31593	-5.85318	-6.80478
591	2	4	5	2	2	5	5	-3.69295	-8.39144	-7.15977	-5.93899
592	1	4	2	2	6	3	17	-4.5037	-2.43898	-4.58779	-5.76533
593	1	4	2	2	6	5	17	-12.5263	-8.52733	-11.6141	-13.5855
594	2	4	2	2	6	1	5	-6.04023	-4.8246	-5.91888	-8.03104
595	1	4	2	2	6	5	17	-12.5263	-8.52733	-11.6141	-13.5855
596	2	23	21	3	2	1	5	-7.1646	-6.7517	-7.65445	-6.7719
597	7	21	5	62	4	61	44	-6.85932	-3.8216	-5.64987	-7.86222
598	2	4	1	2	2	1	5	-2.7885	-3.69534	-4.1572	-4.18331
599	1	307	3	4	5	9	3	-6.82856	-6.42928	-6.08134	-8.39855
600	1	2	3	4	5	9	3	-4.49829	-2.47866	-3.58526	-5.08387
601	9	2	4	62	4	5	6	-3.73338	-5.31593	-5.85318	-6.80478
602	2	1	12	3	2	1	5	-2.6114	-2.11348	-3.64112	-4.99254
603	1	4	2	2	6	3	17	-4.5037	-2.43898	-4.58779	-5.76533
604	10	1	16	19	10	5	7	-5.73649	-2.73506	-4.17258	-5.32929
605	2	1	12	3	2	1	5	-2.6114	-2.11348	-3.64112	-4.99254
606	180	194	2	68	19	231	147	-26.5176	-31.4408	-25.2996	-19.3266
607	2	1	12	3	2	1	5	-2.6114	-2.11348	-3.64112	-4.99254
608	4	7	10	4	1	7	1	-1.84573	-3.94912	-2.60742	-1.97596
609	129	66	30	82	189	47	17	-3.26501	-4.99898	-5.61543	-4.20638
610	4	7	10	4	1	7	1	-1.84573	-3.94912	-2.60742	-1.97596
611	2	1	12	3	2	1	5	-2.6114	-2.11348	-3.64112	-4.99254
612	2	1	21	3	2	1	5	-2.92255	-2.48843	-4.45729	-4.62367
613	4	7	10	4	1	7	1	-1.84573	-3.94912	-2.60742	-1.97596
614	10	1	16	19	10	5	7	-5.73649	-2.73506	-4.17258	-5.32929
615	8	10	149	2	11	12	6	-4.85135	-3.97157	-5.6722	-7.39622
616	129	66	30	82	189	47	17	-3.26501	-4.99898	-5.61543	-4.20638
617	2	4	1	2	2	1	5	-2.7885	-3.69534	-4.1572	-4.18331
618	180	194	2	68	19	231	147	-26.5176	-31.4408	-25.2996	-19.3266
619	2	1	5	3	2	3	5	-4.20611	-3.24379	-5.53953	-4.87007
620	2	4	1	2	2	1	5	-2.7885	-3.69534	-4.1572	-4.18331
621	1	2	3	4	5	9	3	-4.49829	-2.47866	-3.58526	-5.08387
622	180	194	2	68	19	231	147	-26.5176	-31.4408	-25.2996	-19.3266
623	33	39	65	79	104	43	17	-4.61906	-9.46438	-8.63098	-7.90453
624	2	4	5	2	2	5	5	-3.69295	-8.39144	-7.15977	-5.93899
625	2	1	5	3	2	5	5	-5.31508	-2.81511	-4.07118	-5.68634
626	2	1	12	3	2	1	5	-2.6114	-2.11348	-3.64112	-4.99254
627	180	194	2	68	19	231	147	-26.5176	-31.4408	-25.2996	-19.3266
628	2	1	21	3	2	1	5	-2.92255	-2.48843	-4.45729	-4.62367
629	2	1	5	3	2	5	5	-5.31508	-2.81511	-4.07118	-5.68634
630	2	1	21	3	2	1	5	-2.92255	-2.48843	-4.45729	-4.62367
631	1	2	3	4	5	9	3	-4.49829	-2.47866	-3.58526	-5.08387
632	2	1	21	3	2	1	5	-2.92255	-2.48843	-4.45729	-4.62367
633	8	10	2	2	11	12	6	-3.97555	-8.57564	-7.98364	-7.26018
634	2	4	1	2	7	1	5	-2.32679	-7.13234	-6.1716	-5.22838
635	2	1	5	3	2	3	5	-4.20611	-3.24379	-5.53953	-4.87007
636	1	2	3	4	5	9	3	-4.49829	-2.47866	-3.58526	-5.08387
637	9	2	4	62	4	5	6	-3.73338	-5.31593	-5.85318	-6.80478
638	2	1	21	3	2	1	5	-2.92255	-2.48843	-4.45729	-4.62367
639	8	10	149	2	11	12	6	-4.85135	-3.97157	-5.6722	-7.39622
640	2	1	12	88	2	1	5	-3.93812	-3.42832	-5.82464	-5.43082
641	2	4	1	2	2	1	5	-2.7885	-3.69534	-4.1572	-4.18331
642	2	1	5	10	10	1	5	-23.2873	-22.8496	-23.2256	-22.9335
643	1	2	3	4	5	9	3	-4.49829	-2.47866	-3.58526	-5.08387
644	2	4	1	2	7	1	5	-2.32679	-7.13234	-6.1716	-5.22838
645	2	4	1	2	2	1	5	-2.7885	-3.69534	-4.1572	-4.18331
646	1	2	3	4	5	9	3	-4.49829	-2.47866	-3.58526	-5.08387
647	2	1	12	88	2	1	5	-3.93812	-3.42832	-5.82464	-5.43082
648	4	7	10	4	1	7	1	-1.84573	-3.94912	-2.60742	-1.97596
649	2	1	21	3	2	1	5	-2.92255	-2.48843	-4.45729	-4.62367
650	2	4	1	2	7	1	5	-2.32679	-7.13234	-6.1716	-5.22838
651	33	38	30	82	118	43	17	-19.3719	-20.0757	-21.646	-22.4134
652	2	4	1	2	2	1	5	-2.7885	-3.69534	-4.1572	-4.18331
653	2	1	5	3	2	3	5	-4.20611	-3.24379	-5.53953	-4.87007
654	4	7	10	4	1	7	1	-1.84573	-3.94912	-2.60742	-1.97596
655	8	10	2	2	11	12	6	-3.97555	-8.57564	-7.98364	-7.26018
656	2	4	5	2	2	5	5	-3.69295	-8.39144	-7.15977	-5.93899
657	4	7	10	4	1	7	1	-1.84573	-3.94912	-2.60742	-1.97596
658	2	1	5	3	2	3	5	-4.20611	-3.24379	-5.53953	-4.87007
659	33	39	30	82	113	47	17	-5.77411	-5.75872	-8.29623	-8.86267
660	2	1	21	3	2	1	5	-2.92255	-2.48843	-4.45729	-4.62367
661	2	4	1	2	7	1	5	-2.32679	-7.13234	-6.1716	-5.22838
662	2	1	1	3	2	1	5	-4.59341	-3.77992	-6.46007	-7.47705
663	4	7	10	4	1	7	1	-1.84573	-3.94912	-2.60742	-1.97596
664	7	21	5	62	4	61	44	-6.85932	-3.8216	-5.64987	-7.86222
665	10	81	50	99	120	76	52	-6.6792	-6.37717	-5.22878	-5.21738
666	4	7	10	4	1	7	1	-1.84573	-3.94912	-2.60742	-1.97596
667	1	2	3	4	5	9	3	-4.49829	-2.47866	-3.58526	-5.08387
668	1	2	3	4	5	9	3	-4.49829	-2.47866	-3.58526	-5.08387
669	2	4	1	2	7	1	5	-2.32679	-7.13234	-6.1716	-5.22838
670	4	7	10	4	1	7	1	-1.84573	-3.94912	-2.60742	-1.97596
671	2	1	5	3	2	3	5	-4.20611	-3.24379	-5.53953	-4.87007
672	1	4	2	2	6	3	17	-4.5037	-2.43898	-4.58779	-5.76533
673	4	935	10	4	1	7	1	-6.08149	-8.20401	-5.77515	-4.12569
674	10	1	16	19	10	5	7	-5.73649	-2.73506	-4.17258	-5.32929
675	4	7	10	4	1	7	1	-1.84573	-3.94912	-2.60742	-1.97596
676	33	39	65	79	104	43	17	-4.61906	-9.46438	-8.63098	-7.90453
677	2	4	2	2	6	1	5	-6.04023	-4.8246	-5.91888	-8.03104
678	4	7	10	4	42	25	1	-8.61239	-9.16525	-5.75865	-5.20918
679	1	4	2	2	6	3	17	-4.5037	-2.43898	-4.58779	-5.76533
680	4	7	10	4	42	25	1	-8.61239	-9.16525	-5.75865	-5.20918
681	4	7	10	4	42	25	1	-8.61239	-9.16525	-5.75865	-5.20918
682	4	7	10	4	1	7	1	-1.84573	-3.94912	-2.60742	-1.97596
683	2	4	1	2	7	1	5	-2.32679	-7.13234	-6.1716	-5.22838
684	4	7	10	4	1	7	1	-1.84573	-3.94912	-2.60742	-1.97596
685	4	7	10	4	42	7	1	-6.59197	-8.6975	-5.54882	-4.68563
686	10	27	16	19	10	5	7	-19.3888	-12.601	-16.2105	-17.7693
687	10	81	50	99	120	76	52	-6.6792	-6.37717	-5.22878	-5.21738
688	4	7	10	4	1	7	1	-1.84573	-3.94912	-2.60742	-1.97596
689	4	7	10	4	42	51	1	-2.94705	-4.767	-4.93743	-3.85383
690	4	7	10	4	1	7	1	-1.84573	-3.94912	-2.60742	-1.97596
691	10	81	50	99	120	76	52	-6.6792	-6.37717	-5.22878	-5.21738
692	2	4	1	2	2	1	5	-2.7885	-3.69534	-4.1572	-4.18331
693	4	7	10	4	42	51	1	-2.94705	-4.767	-4.93743	-3.85383
694	4	7	10	4	42	51	1	-2.94705	-4.767	-4.93743	-3.85383
695	4	7	10	4	42	51	1	-2.94705	-4.767	-4.93743	-3.85383
696	8	10	2	2	11	12	6	-3.97555	-8.57564	-7.98364	-7.26018
697	33	38	30	82	104	43	17	-5.31205	-10.1553	-9.32238	-8.59106
698	4	7	10	4	1	7	1	-1.84573	-3.94912	-2.60742	-1.97596
699	10	81	50	99	120	76	52	-6.6792	-6.37717	-5.22878	-5.21738
700	2	4	1	2	7	1	5	-2.32679	-7.13234	-6.1716	-5.22838
701	4	7	10	4	1	7	1	-1.84573	-3.94912	-2.60742	-1.97596
702	4	7	10	4	1	7	1	-1.84573	-3.94912	-2.60742	-1.97596
703	10	81	50	99	120	76	52	-6.6792	-6.37717	-5.22878	-5.21738
704	4	7	10	4	42	51	1	-2.94705	-4.767	-4.93743	-3.85383
705	9	2	4	62	4	5	6	-3.73338	-5.31593	-5.85318	-6.80478
706	4	7	10	4	1	7	1	-1.84573	-3.94912	-2.60742	-1.97596
707	2	1	1	3	2	1	5	-4.59341	-3.77992	-6.46007	-7.47705
708	1	14	2	2	6	1	17	-8.98551	-6.42569	-7.77046	-6.37855
709	2	4	2	2	6	1	5	-6.04023	-4.8246	-5.91888	-8.03104
710	2	4	2	2	6	1	5	-6.04023	-4.8246	-5.91888	-8.03104
711	4	7	10	4	42	51	1	-2.94705	-4.767	-4.93743	-3.85383
712	10	2	107	62	120	76	1	-6.87111	-10.3524	-7.98591	-6.3631
713	2	1	12	3	2	1	5	-2.6114	-2.11348	-3.64112	-4.99254
714	2	4	1	2	2	1	5	-2.7885	-3.69534	-4.1572	-4.18331
715	47	2	4	2	6	5	17	-10.6852	-10.3485	-6.14232	-8.66849
716	4	7	10	4	42	5	1	-10.9414	-10.8219	-11.2846	-11.1585
717	2	1	12	3	2	1	5	-2.6114	-2.11348	-3.64112	-4.99254
718	4	7	10	4	42	51	1	-2.94705	-4.767	-4.93743	-3.85383
719	1	307	3	4	5	9	3	-6.82856	-6.42928	-6.08134	-8.39855
720	2	1	21	3	2	1	5	-2.92255	-2.48843	-4.45729	-4.62367
721	4	7	10	4	1	7	1	-1.84573	-3.94912	-2.60742	-1.97596
722	2	4	1	2	2	1	5	-2.7885	-3.69534	-4.1572	-4.18331
723	2	1	12	3	2	1	5	-2.6114	-2.11348	-3.64112	-4.99254
724	4	7	10	4	1	7	1	-1.84573	-3.94912	-2.60742	-1.97596
725	2	1	21	3	2	1	5	-2.92255	-2.48843	-4.45729	-4.62367
726	2	1	1	3	2	1	5	-4.59341	-3.77992	-6.46007	-7.47705
727	4	7	10	4	1	7	1	-1.84573	-3.94912	-2.60742	-1.97596
728	2	1	12	3	2	1	5	-2.6114	-2.11348	-3.64112	-4.99254
729	1	4	3	2	6	3	17	-14.1206	-9.0064	-11.8649	-14.0092
730	2	1	12	3	2	1	5	-2.6114	-2.11348	-3.64112	-4.99254
731	2	1	12	88	2	1	5	-3.93812	-3.42832	-5.82464	-5.43082
732	1	4	2	2	6	3	17	-4.5037	-2.43898	-4.58779	-5.76533
733	4	7	10	4	42	51	1	-2.94705	-4.767	-4.93743	-3.85383
734	2	1	12	3	2	1	5	-2.6114	-2.11348	-3.64112	-4.99254
735	4	7	10	4	1	7	1	-1.84573	-3.94912	-2.60742	-1.97596
736	2	1	12	88	2	1	5	-3.93812	-3.42832	-5.82464	-5.43082
737	2	1	21	3	2	1	5	-2.92255	-2.48843	-4.45729	-4.62367
738	2	4	5	2	2	5	5	-3.69295	-8.39144	-7.15977	-5.93899
739	2	4	5	2	2	5	5	-3.69295	-8.39144	-7.15977	-5.93899
740	2	1	21	3	62	1	5	-5.81576	-10.6418	-9.82527	-9.09552
741	4	7	10	4	42	25	1	-8.61239	-9.16525	-5.75865	-5.20918
742	1	2	4	62	4	5	17	-6.05779	-4.84358	-7.54603	-8.79699
743	1	2	3	4	5	9	3	-4.49829	-2.47866	-3.58526	-5.08387
744	8	10	2	2	11	12	6	-3.97555	-8.57564	-7.98364	-7.26018
745	2	1	12	88	2	1	5	-3.93812	-3.42832	-5.82464	-5.43082
746	2	4	5	2	2	5	5	-3.69295	-8.39144	-7.15977	-5.93899
747	2	1	12	3	2	1	5	-2.6114	-2.11348	-3.64112	-4.99254
748	7	21	5	62	4	61	44	-6.85932	-3.8216	-5.64987	-7.86222
749	9	2	4	62	4	5	6	-3.73338	-5.31593	-5.85318	-6.80478
750	10	1	16	19	10	5	7	-5.73649	-2.73506	-4.17258	-5.32929
751	10	1	16	19	10	5	7	-5.73649	-2.73506	-4.17258	-5.32929
752	8	10	2	2	11	12	6	-3.97555	-8.57564	-7.98364	-7.26018
753	1	4	2	2	6	3	17	-4.5037	-2.43898	-4.58779	-5.76533
754	2	1	12	3	2	1	5	-2.6114	-2.11348	-3.64112	-4.99254
755	2	1	12	88	2	1	5	-3.93812	-3.42832	-5.82464	-5.43082
756	2	29	4	27	10	25	57	-19.7544	-20.7414	-14.6433	-11.7337
757	2	1	5	3	2	3	5	-4.20611	-3.24379	-5.53953	-4.87007
758	2	1	12	3	2	1	5	-2.6114	-2.11348	-3.64112	-4.99254
759	37	52	57	26	107	29	23	-8.38845	-8.9634	-5.67205	-4.95884
760	2	4	1	2	7	1	5	-2.32679	-7.13234	-6.1716	-5.22838
761	1	2	3	4	5	9	3	-4.49829	-2.47866	-3.58526	-5.08387
762	2	1	12	3	2	1	5	-2.6114	-2.11348	-3.64112	-4.99254
763	1	4	2	2	6	3	17	-4.5037	-2.43898	-4.58779	-5.76533
764	1	4	2	2	6	3	17	-4.5037	-2.43898	-4.58779	-5.76533
765	1	2	3	4	5	9	3	-4.49829	-2.47866	-3.58526	-5.08387
766	4	7	10	4	1	7	1	-1.84573	-3.94912	-2.60742	-1.97596
767	2	1	21	3	2	1	5	-2.92255	-2.48843	-4.45729	-4.62367
768	2	1	12	3	2	1	5	-2.6114	-2.11348	-3.64112	-4.99254
769	2	4	1	2	2	5	5	-6.8016	-6.40024	-8.94083	-9.70777
770	2	4	1	2	2	1	5	-2.7885	-3.69534	-4.1572	-4.18331
771	2	4	5	2	2	5	5	-3.69295	-8.39144	-7.15977	-5.93899
772	10	1	16	19	10	5	7	-5.73649	-2.73506	-4.17258	-5.32929
773	7	21	5	62	4	61	44	-6.85932	-3.8216	-5.64987	-7.86222
774	9	2	4	62	4	5	6	-3.73338	-5.31593	-5.85318	-6.80478
775	2	1	12	3	2	1	5	-2.6114	-2.11348	-3.64112	-4.99254
776	1	4	2	2	6	3	17	-4.5037	-2.43898	-4.58779	-5.76533
777	4	7	10	4	1	7	1	-1.84573	-3.94912	-2.60742	-1.97596
778	2	1	12	3	2	1	5	-2.6114	-2.11348	-3.64112	-4.99254
779	2	1	5	3	2	5	5	-5.31508	-2.81511	-4.07118	-5.68634
780	2	23	21	3	2	1	5	-7.1646	-6.7517	-7.65445	-6.7719
781	2	4	5	2	2	5	5	-3.69295	-8.39144	-7.15977	-5.93899
782	2	4	2	2	6	1	5	-6.04023	-4.8246	-5.91888	-8.03104
783	2	1	12	3	2	1	5	-2.6114	-2.11348	-3.64112	-4.99254
784	4	7	10	4	42	51	1	-2.94705	-4.767	-4.93743	-3.85383
785	7	17	5	2	86	232	1	-29.1538	-33.2684	-28.8456	-24.124
786	2	4	1	2	2	1	5	-2.7885	-3.69534	-4.1572	-4.18331
787	2	1	12	3	2	1	5	-2.6114	-2.11348	-3.64112	-4.99254
788	2	1	21	3	2	1	5	-2.92255	-2.48843	-4.45729	-4.62367
789	7	17	2	15	23	3	12	-6.92248	-11.7672	-10.9342	-10.207
790	2	1	5	3	2	5	5	-5.31508	-2.81511	-4.07118	-5.68634
791	1	6	60	24	12	28	1	-30.2524	-31.2991	-21.5915	-17.3019
792	1	2	3	4	5	9	3	-4.49829	-2.47866	-3.58526	-5.08387
793	2	4	5	2	2	5	5	-3.69295	-8.39144	-7.15977	-5.93899
794	1	2	3	4	5	9	3	-4.49829	-2.47866	-3.58526	-5.08387
795	1	6	60	24	12	28	1	-30.2524	-31.2991	-21.5915	-17.3019
796	9	2	4	62	4	5	6	-3.73338	-5.31593	-5.85318	-6.80478
797	2	4	1	2	2	1	5	-2.7885	-3.69534	-4.1572	-4.18331
798	4	7	10	4	1	7	1	-1.84573	-3.94912	-2.60742	-1.97596
799	2	4	5	2	2	5	5	-3.69295	-8.39144	-7.15977	-5.93899
800	7	2	2	2	11	12	6	-4.52219	-9.36631	-8.53393	-7.80638
801	2	1	21	3	2	1	941	-7.1643	-6.73212	-7.64587	-6.76985
802	9	2	2	10	10	3	5	-29.281	-24.6568	-26.3751	-24.5316
803	8	10	149	2	11	12	6	-4.85135	-3.97157	-5.6722	-7.39622
804	7	1	5	2	10	3	6	-31.8151	-29.1516	-30.249	-28.15
805	2	1	21	3	2	1	5	-2.92255	-2.48843	-4.45729	-4.62367
806	33	39	30	82	113	43	17	-9.19307	-6.43651	-6.10097	-8.5865
807	1	6	60	24	12	28	1	-30.2524	-31.2991	-21.5915	-17.3019
808	1	6	60	24	12	28	1	-30.2524	-31.2991	-21.5915	-17.3019
809	7	17	2	15	23	3	12	-6.92248	-11.7672	-10.9342	-10.207
810	1	4	2	2	6	3	17	-4.5037	-2.43898	-4.58779	-5.76533
811	1	4	2	2	6	3	17	-4.5037	-2.43898	-4.58779	-5.76533
812	7	21	5	62	4	61	44	-6.85932	-3.8216	-5.64987	-7.86222
813	239	27	16	19	10	5	7	-9.52082	-6.45996	-9.23201	-11.0889
814	9	2	4	62	4	5	6	-3.73338	-5.31593	-5.85318	-6.80478
815	10	1	16	19	10	5	7	-5.73649	-2.73506	-4.17258	-5.32929
816	2	1	5	3	2	5	5	-5.31508	-2.81511	-4.07118	-5.68634
817	2	4	5	2	2	5	5	-3.69295	-8.39144	-7.15977	-5.93899
818	8	10	2	2	11	12	6	-3.97555	-8.57564	-7.98364	-7.26018
819	7	17	2	15	23	3	12	-6.92248	-11.7672	-10.9342	-10.207
820	2	4	1	4	1	1	5	-15.3972	-17.8984	-15.9733	-14.3803
821	4	7	10	4	1	7	1	-1.84573	-3.94912	-2.60742	-1.97596
822	8	10	149	2	11	12	6	-4.85135	-3.97157	-5.6722	-7.39622
823	2	1	12	88	2	1	5	-3.93812	-3.42832	-5.82464	-5.43082
824	2	4	2	2	6	1	5	-6.04023	-4.8246	-5.91888	-8.03104
825	10	81	50	99	120	76	52	-6.6792	-6.37717	-5.22878	-5.21738
826	2	4	5	2	2	5	5	-3.69295	-8.39144	-7.15977	-5.93899
827	2	4	1	2	2	5	5	-6.8016	-6.40024	-8.94083	-9.70777
828	8	10	149	2	11	12	6	-4.85135	-3.97157	-5.6722	-7.39622
829	1	4	2	2	6	3	17	-4.5037	-2.43898	-4.58779	-5.76533
830	2	165	73	147	220	190	104	-8.77976	-9.5292	-6.94258	-5.2873
831	4	7	10	4	42	25	1	-8.61239	-9.16525	-5.75865	-5.20918
832	7	2	2	2	11	12	6	-4.52219	-9.36631	-8.53393	-7.80638
833	1	6	60	24	12	28	1	-30.2524	-31.2991	-21.5915	-17.3019
834	2	1	12	3	2	1	5	-2.6114	-2.11348	-3.64112	-4.99254
835	33	39	65	79	104	77	17	-5.31198	-10.1567	-9.32422	-8.59752
836	4	7	10	4	1	7	1	-1.84573	-3.94912	-2.60742	-1.97596
837	1	2	3	4	5	9	3	-4.49829	-2.47866	-3.58526	-5.08387
838	2	1	21	3	2	1	5	-2.92255	-2.48843	-4.45729	-4.62367
839	2	1	12	3	2	1	5	-2.6114	-2.11348	-3.64112	-4.99254
840	4	7	10	4	1	7	1	-1.84573	-3.94912	-2.60742	-1.97596
841	2	4	1	2	7	1	5	-2.32679	-7.13234	-6.1716	-5.22838
842	184	39	30	82	113	43	17	-3.97304	-6.37045	-7.73545	-7.24035
843	4	7	10	4	1	7	1	-1.84573	-3.94912	-2.60742	-1.97596
844	2	4	1	2	2	1	5	-2.7885	-3.69534	-4.1572	-4.18331
845	4	7	10	4	1	7	1	-1.84573	-3.94912	-2.60742	-1.97596
846	2	1	12	88	2	1	5	-3.93812	-3.42832	-5.82464	-5.43082
847	2	1	21	3	2	1	5	-2.92255	-2.48843	-4.45729	-4.62367
848	1	2	3	4	5	9	3	-4.49829	-2.47866	-3.58526	-5.08387
849	4	7	10	4	1	7	1	-1.84573	-3.94912	-2.60742	-1.97596
850	2	1	21	3	2	1	5	-2.92255	-2.48843	-4.45729	-4.62367
851	8	10	2	2	11	12	6	-3.97555	-8.57564	-7.98364	-7.26018
852	2	4	1	2	2	1	5	-2.7885	-3.69534	-4.1572	-4.18331
853	2	4	1	2	2	1	5	-2.7885	-3.69534	-4.1572	-4.18331
854	2	4	2	2	6	1	5	-6.04023	-4.8246	-5.91888	-8.03104
855	2	4	1	2	2	1	5	-2.7885	-3.69534	-4.1572	-4.18331
856	2	4	1	2	2	1	5	-2.7885	-3.69534	-4.1572	-4.18331
857	2	4	1	2	2	1	5	-2.7885	-3.69534	-4.1572	-4.18331
858	1	2	3	4	5	9	3	-4.49829	-2.47866	-3.58526	-5.08387
859	2	4	1	2	2	1	5	-2.7885	-3.69534	-4.1572	-4.18331
860	2	4	1	2	2	1	5	-2.7885	-3.69534	-4.1572	-4.18331
861	8	10	2	2	11	12	6	-3.97555	-8.57564	-7.98364	-7.26018
862	2	1	5	3	2	3	5	-4.20611	-3.24379	-5.53953	-4.87007
863	33	39	30	82	104	173	68	-5.33407	-3.97502	-6.68899	-8.01316
864	2	4	1	2	7	1	5	-2.32679	-7.13234	-6.1716	-5.22838
865	8	10	2	2	11	12	6	-3.97555	-8.57564	-7.98364	-7.26018
866	2	4	1	2	7	1	5	-2.32679	-7.13234	-6.1716	-5.22838
867	1	2	3	4	5	9	3	-4.49829	-2.47866	-3.58526	-5.08387
868	1	2	215	4	90	24	8	-30.5369	-28.2428	-23.198	-19.3061
869	2	1	1	3	2	1	5	-4.59341	-3.77992	-6.46007	-7.47705
870	10	81	50	99	120	76	52	-6.6792	-6.37717	-5.22878	-5.21738
871	2	4	1	2	7	1	5	-2.32679	-7.13234	-6.1716	-5.22838
872	2	1	12	3	2	1	5	-2.6114	-2.11348	-3.64112	-4.99254
873	2	4	1	2	2	1	5	-2.7885	-3.69534	-4.1572	-4.18331
874	2	4	1	2	2	1	5	-2.7885	-3.69534	-4.1572	-4.18331
875	2	4	1	2	2	1	5	-2.7885	-3.69534	-4.1572	-4.18331
876	2	1	5	3	2	3	5	-4.20611	-3.24379	-5.53953	-4.87007
877	2	4	1	2	2	1	5	-2.7885	-3.69534	-4.1572	-4.18331
878	4	7	10	4	1	7	1	-1.84573	-3.94912	-2.60742	-1.97596
879	2	4	1	2	7	1	5	-2.32679	-7.13234	-6.1716	-5.22838
880	2	4	5	2	2	5	5	-3.69295	-8.39144	-7.15977	-5.93899
881	2	4	1	2	2	1	5	-2.7885	-3.69534	-4.1572	-4.18331
882	8	10	2	2	11	12	6	-3.97555	-8.57564	-7.98364	-7.26018
883	4	7	10	4	1	7	1	-1.84573	-3.94912	-2.60742	-1.97596
884	2	4	1	2	2	1	5	-2.7885	-3.69534	-4.1572	-4.18331
885	166	2	1	10	17	3	1	-34.6889	-35.8971	-32.7101	-27.7152
886	2	4	1	2	7	1	5	-2.32679	-7.13234	-6.1716	-5.22838
887	2	4	1	2	2	1	5	-2.7885	-3.69534	-4.1572	-4.18331
888	4	7	10	4	1	7	1	-1.84573	-3.94912	-2.60742	-1.97596
889	4	7	10	4	1	7	1	-1.84573	-3.94912	-2.60742	-1.97596
890	2	4	1	2	7	1	5	-2.32679	-7.13234	-6.1716	-5.22838
891	2	4	1	2	2	1	5	-2.7885	-3.69534	-4.1572	-4.18331
892	2	1	5	3	2	3	5	-4.20611	-3.24379	-5.53953	-4.87007
893	9	25	2	10	22	3	6	-4.49133	-8.27053	-6.01342	-4.40932
894	2	1	21	3	62	1	5	-5.81576	-10.6418	-9.82527	-9.09552
895	129	66	30	82	189	47	17	-3.26501	-4.99898	-5.61543	-4.20638
896	129	66	30	82	189	47	17	-3.26501	-4.99898	-5.61543	-4.20638
897	4	7	10	4	1	7	1	-1.84573	-3.94912	-2.60742	-1.97596
898	2	4	1	2	2	1	5	-2.7885	-3.69534	-4.1572	-4.18331
899	4	7	10	4	42	7	1	-6.59197	-8.6975	-5.54882	-4.68563
900	2	4	1	2	7	1	5	-2.32679	-7.13234	-6.1716	-5.22838
901	1	307	3	4	5	9	3	-6.82856	-6.42928	-6.08134	-8.39855
902	2	1	21	3	2	1	5	-2.92255	-2.48843	-4.45729	-4.62367
903	4	7	10	4	1	7	1	-1.84573	-3.94912	-2.60742	-1.97596
904	2	1	21	3	2	1	5	-2.92255	-2.48843	-4.45729	-4.62367
905	2	4	1	2	2	5	5	-6.8016	-6.40024	-8.94083	-9.70777
906	2	4	1	2	7	1	5	-2.32679	-7.13234	-6.1716	-5.22838
907	2	4	1	2	7	1	5	-2.32679	-7.13234	-6.1716	-5.22838
908	2	4	1	2	7	1	5	-2.32679	-7.13234	-6.1716	-5.22838
909	4	7	10	4	1	7	1	-1.84573	-3.94912	-2.60742	-1.97596
910	8	10	2	2	11	12	6	-3.97555	-8.57564	-7.98364	-7.26018
911	7	21	5	62	4	61	44	-6.85932	-3.8216	-5.64987	-7.86222
912	2	1	12	88	2	1	5	-3.93812	-3.42832	-5.82464	-5.43082
913	2	4	1	2	2	1	5	-2.7885	-3.69534	-4.1572	-4.18331
914	1	2	3	4	5	9	3	-4.49829	-2.47866	-3.58526	-5.08387
915	2	4	1	2	7	1	5	-2.32679	-7.13234	-6.1716	-5.22838
916	2	4	1	2	2	1	5	-2.7885	-3.69534	-4.1572	-4.18331
917	2	4	1	2	2	1	5	-2.7885	-3.69534	-4.1572	-4.18331
918	2	4	1	2	7	1	5	-2.32679	-7.13234	-6.1716	-5.22838
919	4	7	10	4	1	7	1	-1.84573	-3.94912	-2.60742	-1.97596
920	2	1	5	3	2	3	5	-4.20611	-3.24379	-5.53953	-4.87007
921	2	4	1	2	7	1	5	-2.32679	-7.13234	-6.1716	-5.22838
922	2	4	1	2	2	1	5	-2.7885	-3.69534	-4.1572	-4.18331
923	8	10	2	2	11	12	6	-3.97555	-8.57564	-7.98364	-7.26018
924	2	1	12	3	2	1	5	-2.6114	-2.11348	-3.64112	-4.99254
925	48	7	10	4	183	7	1	-10.2374	-12.3719	-8.94555	-6.21026
926	7	21	5	62	4	61	44	-6.85932	-3.8216	-5.64987	-7.86222
927	4	7	10	4	1	7	1	-1.84573	-3.94912	-2.60742	-1.97596
928	9	25	2	10	22	3	6	-4.49133	-8.27053	-6.01342	-4.40932
929	2	4	1	2	2	1	5	-2.7885	-3.69534	-4.1572	-4.18331
930	2	4	1	2	7	1	5	-2.32679	-7.13234	-6.1716	-5.22838
931	2	4	1	2	2	1	5	-2.7885	-3.69534	-4.1572	-4.18331
932	2	4	1	2	2	1	5	-2.7885	-3.69534	-4.1572	-4.18331
933	9	25	2	10	22	3	6	-4.49133	-8.27053	-6.01342	-4.40932
934	2	4	1	2	2	1	5	-2.7885	-3.69534	-4.1572	-4.18331
935	2	4	1	2	2	1	5	-2.7885	-3.69534	-4.1572	-4.18331
936	2	4	1	2	7	1	5	-2.32679	-7.13234	-6.1716	-5.22838
937	2	4	1	2	7	1	5	-2.32679	-7.13234	-6.1716	-5.22838
938	2	4	1	2	2	1	5	-2.7885	-3.69534	-4.1572	-4.18331
939	2	4	1	2	2	1	5	-2.7885	-3.69534	-4.1572	-4.18331
940	4	7	10	4	1	7	1	-1.84573	-3.94912	-2.60742	-1.97596
941	2	4	1	2	2	1	5	-2.7885	-3.69534	-4.1572	-4.18331
942	4	7	10	4	1	7	1	-1.84573	-3.94912	-2.60742	-1.97596
943	2	4	1	2	7	1	5	-2.32679	-7.13234	-6.1716	-5.22838
944	2	4	1	2	2	1	5	-2.7885	-3.69534	-4.1572	-4.18331
945	4	7	10	4	1	7	1	-1.84573	-3.94912	-2.60742	-1.97596
946	9	25	2	10	22	3	6	-4.49133	-8.27053	-6.01342	-4.40932
947	10	81	50	99	120	76	52	-6.6792	-6.37717	-5.22878	-5.21738
948	2	1	21	3	2	1	5	-2.92255	-2.48843	-4.45729	-4.62367
949	4	7	10	4	1	7	1	-1.84573	-3.94912	-2.60742	-1.97596
950	2	4	1	2	7	1	5	-2.32679	-7.13234	-6.1716	-5.22838
951	4	7	10	4	1	7	1	-1.84573	-3.94912	-2.60742	-1.97596
952	4	7	10	4	1	7	1	-1.84573	-3.94912	-2.60742	-1.97596
953	8	315	2	2	11	12	6	-8.21652	-12.8323	-11.1786	-9.40565
954	8	10	2	2	11	12	6	-3.97555	-8.57564	-7.98364	-7.26018
955	2	4	1	2	2	1	5	-2.7885	-3.69534	-4.1572	-4.18331
956	4	7	10	4	1	7	1	-1.84573	-3.94912	-2.60742	-1.97596
957	2	4	1	2	2	1	5	-2.7885	-3.69534	-4.1572	-4.18331
958	2	4	1	2	2	1	5	-2.7885	-3.69534	-4.1572	-4.18331
959	2	4	1	2	2	1	5	-2.7885	-3.69534	-4.1572	-4.18331
960	2	4	1	2	7	1	5	-2.32679	-7.13234	-6.1716	-5.22838
961	2	4	1	2	2	1	5	-2.7885	-3.69534	-4.1572	-4.18331
962	2	4	1	2	2	1	5	-2.7885	-3.69534	-4.1572	-4.18331
963	2	1	21	3	2	1	5	-2.92255	-2.48843	-4.45729	-4.62367
964	2	4	1	2	2	1	5	-2.7885	-3.69534	-4.1572	-4.18331
965	1	4	2	2	2	3	17	-10.9342	-7.4891	-10.7844	-12.0797
966	2	4	1	2	2	1	5	-2.7885	-3.69534	-4.1572	-4.18331
967	2	4	1	2	2	1	5	-2.7885	-3.69534	-4.1572	-4.18331
968	7	21	5	62	4	61	44	-6.85932	-3.8216	-5.64987	-7.86222
969	2	4	1	2	2	1	5	-2.7885	-3.69534	-4.1572	-4.18331
970	4	7	10	4	1	7	1	-1.84573	-3.94912	-2.60742	-1.97596
971	2	4	1	2	2	1	5	-2.7885	-3.69534	-4.1572	-4.18331
972	10	1	16	19	10	5	7	-5.73649	-2.73506	-4.17258	-5.32929
973	8	10	2	2	11	12	6	-3.97555	-8.57564	-7.98364	-7.26018
974	4	7	10	4	1	7	1	-1.84573	-3.94912	-2.60742	-1.97596
975	2	4	2	2	6	1	5	-6.04023	-4.8246	-5.91888	-8.03104
976	2	4	1	2	2	1	5	-2.7885	-3.69534	-4.1572	-4.18331
977	2	4	1	2	2	1	5	-2.7885	-3.69534	-4.1572	-4.18331
978	2	1	12	3	2	1	5	-2.6114	-2.11348	-3.64112	-4.99254
979	2	1	21	3	2	1	5	-2.92255	-2.48843	-4.45729	-4.62367
980	1	4	2	2	6	3	17	-4.5037	-2.43898	-4.58779	-5.76533
981	9	2	4	62	4	5	6	-3.73338	-5.31593	-5.85318	-6.80478
982	9	2	4	62	4	5	6	-3.73338	-5.31593	-5.85318	-6.80478
983	2	4	1	2	2	1	5	-2.7885	-3.69534	-4.1572	-4.18331
984	9	25	2	10	22	3	6	-4.49133	-8.27053	-6.01342	-4.40932
985	2	1	12	3	2	1	5	-2.6114	-2.11348	-3.64112	-4.99254
986	2	4	1	2	2	1	5	-2.7885	-3.69534	-4.1572	-4.18331
987	2	4	1	2	2	1	5	-2.7885	-3.69534	-4.1572	-4.18331
988	2	4	1	2	2	1	5	-2.7885	-3.69534	-4.1572	-4.18331
989	1	4	2	2	6	3	17	-4.5037	-2.43898	-4.58779	-5.76533
990	1	4	2	2	6	3	17	-4.5037	-2.43898	-4.58779	-5.76533
991	9	25	2	10	22	3	6	-4.49133	-8.27053	-6.01342	-4.40932
992	1	4	2	2	6	3	17	-4.5037	-2.43898	-4.58779	-5.76533
993	2	4	1	2	2	1	5	-2.7885	-3.69534	-4.1572	-4.18331
994	2	4	1	2	2	1	5	-2.7885	-3.69534	-4.1572	-4.18331
995	8	10	2	2	11	12	6	-3.97555	-8.57564	-7.98364	-7.26018
996	2	4	1	2	2	1	5	-2.7885	-3.69534	-4.1572	-4.18331
997	2	1	5	3	2	5	5	-5.31508	-2.81511	-4.07118	-5.68634
998	8	10	2	2	11	12	6	-3.97555	-8.57564	-7.98364	-7.26018
999	2	4	1	2	2	1	5	-2.7885	-3.69534	-4.1572	-4.18331
1000	2	4	1	2	2	1	5	-2.7885	-3.69534	-4.1572	-4.18331
1001	2	1	21	3	2	1	5	-2.92255	-2.48843	-4.45729	-4.62367
1002	1	2	4	62	4	5	17	-6.05779	-4.84358	-7.54603	-8.79699
1003	2	1	12	3	2	1	5	-2.6114	-2.11348	-3.64112	-4.99254
1004	2	4	1	2	7	1	5	-2.32679	-7.13234	-6.1716	-5.22838
1005	1	307	3	4	5	9	3	-6.82856	-6.42928	-6.08134	-8.39855
1006	2	4	2	4	19	3	6	-5.81871	-10.6579	-9.82731	-9.0925
1007	2	4	1	2	2	1	5	-2.7885	-3.69534	-4.1572	-4.18331
1008	1	4	2	2	6	3	17	-4.5037	-2.43898	-4.58779	-5.76533
1009	9	25	2	10	22	3	6	-4.49133	-8.27053	-6.01342	-4.40932
1010	4	7	10	4	1	7	1	-1.84573	-3.94912	-2.60742	-1.97596
1011	2	4	1	2	2	1	5	-2.7885	-3.69534	-4.1572	-4.18331
1012	10	1	16	19	10	5	7	-5.73649	-2.73506	-4.17258	-5.32929
1013	2	1	21	3	2	1	5	-2.92255	-2.48843	-4.45729	-4.62367
1014	4	7	10	4	1	7	1	-1.84573	-3.94912	-2.60742	-1.97596
1015	2	4	1	2	2	1	5	-2.7885	-3.69534	-4.1572	-4.18331
1016	1	2	3	4	5	9	3	-4.49829	-2.47866	-3.58526	-5.08387
1017	9	316	4	62	4	5	6	-6.85002	-6.45701	-9.06372	-9.85661
1018	9	25	2	10	22	3	6	-4.49133	-8.27053	-6.01342	-4.40932
1019	1	307	3	4	5	9	3	-6.82856	-6.42928	-6.08134	-8.39855
1020	2	4	1	2	2	1	5	-2.7885	-3.69534	-4.1572	-4.18331
1021	9	25	2	10	22	3	6	-4.49133	-8.27053	-6.01342	-4.40932
1022	2	4	1	2	2	1	5	-2.7885	-3.69534	-4.1572	-4.18331
1023	2	1	12	3	2	1	5	-2.6114	-2.11348	-3.64112	-4.99254
1024	2	1	5	3	2	5	5	-5.31508	-2.81511	-4.07118	-5.68634
1025	2	4	1	2	2	1	5	-2.7885	-3.69534	-4.1572	-4.18331
1026	2	1	12	3	2	1	5	-2.6114	-2.11348	-3.64112	-4.99254
1027	2	1	12	3	2	1	5	-2.6114	-2.11348	-3.64112	-4.99254
1028	10	1	16	19	10	5	7	-5.73649	-2.73506	-4.17258	-5.32929
1029	4	7	10	4	1	7	1	-1.84573	-3.94912	-2.60742	-1.97596
1030	2	4	1	2	2	1	5	-2.7885	-3.69534	-4.1572	-4.18331
1031	2	1	12	88	2	1	5	-3.93812	-3.42832	-5.82464	-5.43082
1032	2	1	21	3	2	1	5	-2.92255	-2.48843	-4.45729	-4.62367
1033	1	2	3	4	5	9	3	-4.49829	-2.47866	-3.58526	-5.08387
1034	8	10	2	2	11	12	6	-3.97555	-8.57564	-7.98364	-7.26018
1035	2	1	12	88	2	1	5	-3.93812	-3.42832	-5.82464	-5.43082
1036	33	39	30	82	104	173	68	-5.33407	-3.97502	-6.68899	-8.01316
1037	1	2	3	4	5	9	3	-4.49829	-2.47866	-3.58526	-5.08387
1038	9	25	2	10	22	3	6	-4.49133	-8.27053	-6.01342	-4.40932
1039	2	4	1	2	2	1	5	-2.7885	-3.69534	-4.1572	-4.18331
1040	8	10	2	2	11	12	6	-3.97555	-8.57564	-7.98364	-7.26018
1041	1	2	4	62	4	5	17	-6.05779	-4.84358	-7.54603	-8.79699
1042	10	1	16	19	10	5	7	-5.73649	-2.73506	-4.17258	-5.32929
1043	33	39	30	82	104	173	68	-5.33407	-3.97502	-6.68899	-8.01316
1044	2	4	1	2	2	1	5	-2.7885	-3.69534	-4.1572	-4.18331
1045	8	10	2	2	11	12	6	-3.97555	-8.57564	-7.98364	-7.26018
1046	2	1	5	3	2	5	5	-5.31508	-2.81511	-4.07118	-5.68634
1047	47	2	4	2	6	5	17	-10.6852	-10.3485	-6.14232	-8.66849
1048	1	2	3	4	5	9	3	-4.49829	-2.47866	-3.58526	-5.08387
1049	4	7	10	4	1	7	1	-1.84573	-3.94912	-2.60742	-1.97596
1050	2	1	5	3	2	3	5	-4.20611	-3.24379	-5.53953	-4.87007
1051	2	4	2	2	6	1	5	-6.04023	-4.8246	-5.91888	-8.03104
1052	2	4	1	2	2	1	5	-2.7885	-3.69534	-4.1572	-4.18331
1053	8	10	149	2	11	12	6	-4.85135	-3.97157	-5.6722	-7.39622
1054	9	25	2	10	22	3	6	-4.49133	-8.27053	-6.01342	-4.40932
1055	2	4	1	2	2	1	5	-2.7885	-3.69534	-4.1572	-4.18331
1056	1	2	3	4	5	9	3	-4.49829	-2.47866	-3.58526	-5.08387
1057	2	1	12	3	2	1	5	-2.6114	-2.11348	-3.64112	-4.99254
1058	4	7	10	4	42	51	1	-2.94705	-4.767	-4.93743	-3.85383
1059	2	4	1	2	2	1	5	-2.7885	-3.69534	-4.1572	-4.18331
1060	2	1	1	3	2	1	5	-4.59341	-3.77992	-6.46007	-7.47705
1061	2	4	1	2	7	1	5	-2.32679	-7.13234	-6.1716	-5.22838
1062	8	10	2	2	11	12	6	-3.97555	-8.57564	-7.98364	-7.26018
1063	2	4	1	2	2	1	5	-2.7885	-3.69534	-4.1572	-4.18331
1064	9	2	4	62	4	5	6	-3.73338	-5.31593	-5.85318	-6.80478
1065	2	4	1	2	2	1	5	-2.7885	-3.69534	-4.1572	-4.18331
1066	4	7	10	4	1	7	1	-1.84573	-3.94912	-2.60742	-1.97596
1067	8	10	2	2	11	12	6	-3.97555	-8.57564	-7.98364	-7.26018
1068	2	4	2	2	6	1	5	-6.04023	-4.8246	-5.91888	-8.03104
1069	2	4	2	2	6	1	5	-6.04023	-4.8246	-5.91888	-8.03104
1070	2	4	2	2	6	1	5	-6.04023	-4.8246	-5.91888	-8.03104
1071	2	4	2	2	6	1	5	-6.04023	-4.8246	-5.91888	-8.03104
1072	2	4	1	2	2	1	5	-2.7885	-3.69534	-4.1572	-4.18331
1073	2	4	1	2	2	1	5	-2.7885	-3.69534	-4.1572	-4.18331
1074	2	1	12	3	2	1	5	-2.6114	-2.11348	-3.64112	-4.99254
1075	2	4	1	2	7	1	5	-2.32679	-7.13234	-6.1716	-5.22838
1076	4	7	10	4	42	51	1	-2.94705	-4.767	-4.93743	-3.85383
1077	2	4	1	2	2	1	5	-2.7885	-3.69534	-4.1572	-4.18331
1078	8	10	2	2	11	12	6	-3.97555	-8.57564	-7.98364	-7.26018
1079	1	2	3	4	5	9	3	-4.49829	-2.47866	-3.58526	-5.08387
1080	1	2	3	4	5	9	3	-4.49829	-2.47866	-3.58526	-5.08387
1081	10	1	16	19	10	5	7	-5.73649	-2.73506	-4.17258	-5.32929
1082	8	10	2	2	11	12	6	-3.97555	-8.57564	-7.98364	-7.26018
1083	4	7	10	4	1	7	1	-1.84573	-3.94912	-2.60742	-1.97596
1084	2	4	1	2	2	1	5	-2.7885	-3.69534	-4.1572	-4.18331
1085	2	4	1	2	7	1	5	-2.32679	-7.13234	-6.1716	-5.22838
1086	2	1	21	3	2	1	5	-2.92255	-2.48843	-4.45729	-4.62367
1087	2	1	12	3	2	1	5	-2.6114	-2.11348	-3.64112	-4.99254
1088	2	4	2	4	19	3	6	-5.81871	-10.6579	-9.82731	-9.0925
1089	8	10	149	2	11	12	6	-4.85135	-3.97157	-5.6722	-7.39622
1090	8	10	2	2	11	12	6	-3.97555	-8.57564	-7.98364	-7.26018
1091	2	1	12	3	2	1	5	-2.6114	-2.11348	-3.64112	-4.99254
1092	2	1	12	3	2	1	5	-2.6114	-2.11348	-3.64112	-4.99254
1093	2	1	5	3	2	3	5	-4.20611	-3.24379	-5.53953	-4.87007
1094	184	39	30	82	113	43	17	-3.97304	-6.37045	-7.73545	-7.24035
1095	2	1	12	3	2	1	5	-2.6114	-2.11348	-3.64112	-4.99254
1096	2	4	1	2	2	1	5	-2.7885	-3.69534	-4.1572	-4.18331
1097	4	7	10	4	1	7	1	-1.84573	-3.94912	-2.60742	-1.97596
1098	8	10	2	2	11	12	6	-3.97555	-8.57564	-7.98364	-7.26018
1099	4	7	10	4	1	7	1	-1.84573	-3.94912	-2.60742	-1.97596
1100	4	7	10	4	42	51	1	-2.94705	-4.767	-4.93743	-3.85383
1101	9	25	2	10	22	3	6	-4.49133	-8.27053	-6.01342	-4.40932
1102	9	2	4	62	4	5	6	-3.73338	-5.31593	-5.85318	-6.80478
1103	4	7	10	4	1	7	1	-1.84573	-3.94912	-2.60742	-1.97596
1104	2	4	1	2	7	1	5	-2.32679	-7.13234	-6.1716	-5.22838
1105	4	7	10	4	1	7	1	-1.84573	-3.94912	-2.60742	-1.97596
1106	8	10	2	2	11	12	6	-3.97555	-8.57564	-7.98364	-7.26018
1107	2	4	1	2	2	1	5	-2.7885	-3.69534	-4.1572	-4.18331
1108	4	7	10	4	42	51	1	-2.94705	-4.767	-4.93743	-3.85383
1109	1	2	3	4	5	9	3	-4.49829	-2.47866	-3.58526	-5.08387
1110	2	1	12	3	2	1	5	-2.6114	-2.11348	-3.64112	-4.99254
1111	2	4	1	2	2	1	5	-2.7885	-3.69534	-4.1572	-4.18331
1112	10	81	50	99	120	76	52	-6.6792	-6.37717	-5.22878	-5.21738
1113	2	4	1	2	2	1	5	-2.7885	-3.69534	-4.1572	-4.18331
1114	4	7	10	4	42	51	1	-2.94705	-4.767	-4.93743	-3.85383
1115	4	7	10	4	42	51	1	-2.94705	-4.767	-4.93743	-3.85383
1116	4	7	10	4	1	7	1	-1.84573	-3.94912	-2.60742	-1.97596
1117	3	1	5	10	11	11	6	-9.51891	-6.45657	-9.22846	-11.0845
1118	10	81	50	99	120	76	52	-6.6792	-6.37717	-5.22878	-5.21738
1119	2	4	1	2	2	1	5	-2.7885	-3.69534	-4.1572	-4.18331
1120	4	7	10	4	1	7	1	-1.84573	-3.94912	-2.60742	-1.97596
1121	4	7	10	4	1	7	1	-1.84573	-3.94912	-2.60742	-1.97596
1122	4	7	10	4	42	51	1	-2.94705	-4.767	-4.93743	-3.85383
1123	2	1	12	3	2	1	5	-2.6114	-2.11348	-3.64112	-4.99254
1124	2	4	1	2	2	1	5	-2.7885	-3.69534	-4.1572	-4.18331
1125	2	1	1	3	2	1	5	-4.59341	-3.77992	-6.46007	-7.47705
1126	2	4	1	2	2	1	5	-2.7885	-3.69534	-4.1572	-4.18331
1127	2	4	1	2	2	1	5	-2.7885	-3.69534	-4.1572	-4.18331
1128	2	4	1	2	2	1	5	-2.7885	-3.69534	-4.1572	-4.18331
1129	2	4	1	2	2	1	5	-2.7885	-3.69534	-4.1572	-4.18331
1130	1	2	3	4	5	9	3	-4.49829	-2.47866	-3.58526	-5.08387
1131	8	10	2	2	11	12	6	-3.97555	-8.57564	-7.98364	-7.26018
1132	2	1	21	3	2	1	5	-2.92255	-2.48843	-4.45729	-4.62367
1133	2	4	1	2	2	1	5	-2.7885	-3.69534	-4.1572	-4.18331
1134	2	1	21	3	2	1	5	-2.92255	-2.48843	-4.45729	-4.62367
1135	2	1	21	3	2	1	5	-2.92255	-2.48843	-4.45729	-4.62367
1136	2	4	1	2	2	1	5	-2.7885	-3.69534	-4.1572	-4.18331
1137	1	2	3	4	5	9	3	-4.49829	-2.47866	-3.58526	-5.08387
1138	10	1	16	19	10	5	7	-5.73649	-2.73506	-4.17258	-5.32929
1139	2	1	12	3	2	1	5	-2.6114	-2.11348	-3.64112	-4.99254
1140	7	21	5	62	4	61	44	-6.85932	-3.8216	-5.64987	-7.86222
1141	2	4	1	2	2	1	5	-2.7885	-3.69534	-4.1572	-4.18331
1142	2	1	12	3	2	1	5	-2.6114	-2.11348	-3.64112	-4.99254
1143	2	4	1	2	7	1	5	-2.32679	-7.13234	-6.1716	-5.22838
1144	2	1	5	3	2	3	5	-4.20611	-3.24379	-5.53953	-4.87007
1145	2	1	21	3	2	1	5	-2.92255	-2.48843	-4.45729	-4.62367
1146	2	1	21	3	2	1	5	-2.92255	-2.48843	-4.45729	-4.62367
1147	2	1	21	3	2	1	5	-2.92255	-2.48843	-4.45729	-4.62367
1148	2	1	21	3	2	1	5	-2.92255	-2.48843	-4.45729	-4.62367
1149	2	1	12	3	2	1	5	-2.6114	-2.11348	-3.64112	-4.99254
1150	8	10	2	2	11	12	6	-3.97555	-8.57564	-7.98364	-7.26018
1151	129	66	30	82	189	47	17	-3.26501	-4.99898	-5.61543	-4.20638
1152	1	307	3	4	5	9	3	-6.82856	-6.42928	-6.08134	-8.39855
1153	8	10	2	2	11	12	6	-3.97555	-8.57564	-7.98364	-7.26018
1154	2	4	2	2	6	1	5	-6.04023	-4.8246	-5.91888	-8.03104
1155	1	4	2	2	6	3	17	-4.5037	-2.43898	-4.58779	-5.76533
1156	2	4	1	2	2	1	5	-2.7885	-3.69534	-4.1572	-4.18331
1157	8	10	2	2	11	12	6	-3.97555	-8.57564	-7.98364	-7.26018
1158	2	4	2	2	6	1	5	-6.04023	-4.8246	-5.91888	-8.03104
1159	2	1	21	3	2	1	5	-2.92255	-2.48843	-4.45729	-4.62367
1160	2	4	5	2	2	5	5	-3.69295	-8.39144	-7.15977	-5.93899
1161	7	21	5	62	4	61	44	-6.85932	-3.8216	-5.64987	-7.86222
1162	2	1	12	3	2	1	5	-2.6114	-2.11348	-3.64112	-4.99254
1163	10	27	16	19	10	5	7	-19.3888	-12.601	-16.2105	-17.7693
1164	33	283	44	82	189	44	17	-6.47471	-3.4613	-5.4212	-6.14066
1165	9	25	2	10	22	3	6	-4.49133	-8.27053	-6.01342	-4.40932
1166	7	21	5	62	4	61	44	-6.85932	-3.8216	-5.64987	-7.86222
1167	2	1	5	3	2	3	5	-4.20611	-3.24379	-5.53953	-4.87007
1168	2	1	5	3	2	3	5	-4.20611	-3.24379	-5.53953	-4.87007
1169	9	25	2	10	22	3	6	-4.49133	-8.27053	-6.01342	-4.40932
1170	2	1	5	3	2	3	5	-4.20611	-3.24379	-5.53953	-4.87007
1171	2	4	1	2	2	1	5	-2.7885	-3.69534	-4.1572	-4.18331
1172	129	66	30	82	189	47	17	-3.26501	-4.99898	-5.61543	-4.20638
1173	2	4	1	2	2	1	5	-2.7885	-3.69534	-4.1572	-4.18331
1174	2	1	5	3	2	3	5	-4.20611	-3.24379	-5.53953	-4.87007
1175	2	1	12	3	2	1	5	-2.6114	-2.11348	-3.64112	-4.99254
1176	2	4	1	2	2	1	5	-2.7885	-3.69534	-4.1572	-4.18331
1177	1	4	2	2	6	3	17	-4.5037	-2.43898	-4.58779	-5.76533
1178	2	1	12	3	2	1	5	-2.6114	-2.11348	-3.64112	-4.99254
1179	1	4	2	2	446	3	17	-8.73147	-6.66181	-7.76401	-7.90146
1180	2	1	5	88	2	11	5	-8.31611	-5.33278	-6.00658	-8.42341
1181	2	4	2	2	6	1	5	-6.04023	-4.8246	-5.91888	-8.03104
1182	9	25	2	10	22	3	6	-4.49133	-8.27053	-6.01342	-4.40932
1183	2	1	5	3	2	3	5	-4.20611	-3.24379	-5.53953	-4.87007
1184	7	21	5	62	4	61	44	-6.85932	-3.8216	-5.64987	-7.86222
1185	1	2	3	4	5	9	3	-4.49829	-2.47866	-3.58526	-5.08387
1186	2	4	1	2	2	1	5	-2.7885	-3.69534	-4.1572	-4.18331
1187	7	21	5	62	4	61	44	-6.85932	-3.8216	-5.64987	-7.86222
1188	33	39	30	82	104	173	68	-5.33407	-3.97502	-6.68899	-8.01316
1189	1	4	2	2	6	3	17	-4.5037	-2.43898	-4.58779	-5.76533
1190	2	1	21	3	2	1	5	-2.92255	-2.48843	-4.45729	-4.62367
1191	4	7	10	4	1	7	1	-1.84573	-3.94912	-2.60742	-1.97596
1192	2	1	5	3	2	5	5	-5.31508	-2.81511	-4.07118	-5.68634
1193	1	4	2	2	6	3	17	-4.5037	-2.43898	-4.58779	-5.76533
1194	2	4	1	2	2	1	5	-2.7885	-3.69534	-4.1572	-4.18331
1195	2	4	1	2	2	1	5	-2.7885	-3.69534	-4.1572	-4.18331
1196	2	1	12	3	2	1	5	-2.6114	-2.11348	-3.64112	-4.99254
1197	2	1	6	3	2	3	5	-7.48835	-7.48097	-8.49003	-6.57159
1198	4	7	10	4	1	7	1	-1.84573	-3.94912	-2.60742	-1.97596
1199	2	4	1	2	7	1	5	-2.32679	-7.13234	-6.1716	-5.22838
1200	2	1	1	3	2	1	5	-4.59341	-3.77992	-6.46007	-7.47705
1201	2	4	1	2	2	1	5	-2.7885	-3.69534	-4.1572	-4.18331
1202	7	2	5	2	10	3	6	-30.7873	-28.2949	-29.2465	-27.8877
1203	2	1	21	3	2	1	5	-2.92255	-2.48843	-4.45729	-4.62367
1204	2	4	1	2	7	1	5	-2.32679	-7.13234	-6.1716	-5.22838
1205	4	7	10	4	1	7	1	-1.84573	-3.94912	-2.60742	-1.97596
1206	2	4	1	2	7	1	5	-2.32679	-7.13234	-6.1716	-5.22838
1207	2	4	1	2	2	1	5	-2.7885	-3.69534	-4.1572	-4.18331
1208	1	4	2	2	6	3	17	-4.5037	-2.43898	-4.58779	-5.76533
1209	2	4	1	2	2	1	5	-2.7885	-3.69534	-4.1572	-4.18331
1210	2	4	1	2	2	1	5	-2.7885	-3.69534	-4.1572	-4.18331
1211	74	10	2	2	11	12	6	-8.21653	-12.8323	-11.1787	-9.40634
1212	1	2	3	4	5	9	3	-4.49829	-2.47866	-3.58526	-5.08387
1213	2	1	5	3	2	3	5	-4.20611	-3.24379	-5.53953	-4.87007
1214	4	7	10	4	1	7	1	-1.84573	-3.94912	-2.60742	-1.97596
1215	2	4	2	2	6	1	5	-6.04023	-4.8246	-5.91888	-8.03104
1216	2	1	12	3	2	1	5	-2.6114	-2.11348	-3.64112	-4.99254
1217	2	1	21	3	2	1	5	-2.92255	-2.48843	-4.45729	-4.62367
1218	2	4	1	2	2	1	5	-2.7885	-3.69534	-4.1572	-4.18331
1219	2	1	21	3	2	1	5	-2.92255	-2.48843	-4.45729	-4.62367
1220	4	7	10	4	1	7	1	-1.84573	-3.94912	-2.60742	-1.97596
1221	2	1	21	3	2	1	5	-2.92255	-2.48843	-4.45729	-4.62367
1222	2	4	1	2	2	1	5	-2.7885	-3.69534	-4.1572	-4.18331
1223	4	7	10	4	1	7	1	-1.84573	-3.94912	-2.60742	-1.97596
1224	2	4	1	2	2	1	5	-2.7885	-3.69534	-4.1572	-4.18331
1225	4	7	10	4	1	7	1	-1.84573	-3.94912	-2.60742	-1.97596
1226	4	7	10	4	42	51	1	-2.94705	-4.767	-4.93743	-3.85383
1227	4	7	10	4	42	7	1	-6.59197	-8.6975	-5.54882	-4.68563
1228	2	4	1	2	2	1	5	-2.7885	-3.69534	-4.1572	-4.18331
1229	2	1	5	3	2	3	5	-4.20611	-3.24379	-5.53953	-4.87007
1230	10	81	50	99	120	76	52	-6.6792	-6.37717	-5.22878	-5.21738
1231	2	4	1	2	7	1	5	-2.32679	-7.13234	-6.1716	-5.22838
1232	2	4	1	2	7	1	5	-2.32679	-7.13234	-6.1716	-5.22838
1233	4	7	10	4	1	7	1	-1.84573	-3.94912	-2.60742	-1.97596
1234	1	4	2	2	6	3	17	-4.5037	-2.43898	-4.58779	-5.76533
1235	4	7	10	4	1	7	1	-1.84573	-3.94912	-2.60742	-1.97596
1236	2	4	1	2	2	1	5	-2.7885	-3.69534	-4.1572	-4.18331
1237	4	7	10	4	1	7	1	-1.84573	-3.94912	-2.60742	-1.97596
1238	4	7	10	4	42	51	1	-2.94705	-4.767	-4.93743	-3.85383
1239	1	307	3	4	5	9	3	-6.82856	-6.42928	-6.08134	-8.39855
1240	2	4	2	2	6	1	5	-6.04023	-4.8246	-5.91888	-8.03104
1241	8	10	149	2	11	12	6	-4.85135	-3.97157	-5.6722	-7.39622
1242	2	1	12	3	2	1	5	-2.6114	-2.11348	-3.64112	-4.99254
1243	2	4	1	2	2	1	5	-2.7885	-3.69534	-4.1572	-4.18331
1244	2	4	1	2	2	1	5	-2.7885	-3.69534	-4.1572	-4.18331
1245	2	4	1	2	2	1	5	-2.7885	-3.69534	-4.1572	-4.18331
1246	4	7	10	4	42	51	1	-2.94705	-4.767	-4.93743	-3.85383
1247	2	4	1	2	2	1	5	-2.7885	-3.69534	-4.1572	-4.18331
1248	2	4	1	2	2	1	5	-2.7885	-3.69534	-4.1572	-4.18331
1249	2	1	12	88	2	1	5	-3.93812	-3.42832	-5.82464	-5.43082
1250	1	4	2	2	6	3	17	-4.5037	-2.43898	-4.58779	-5.76533
1251	9	2	4	62	4	5	6	-3.73338	-5.31593	-5.85318	-6.80478
1252	2	4	1	2	7	1	5	-2.32679	-7.13234	-6.1716	-5.22838
1253	2	4	5	2	2	5	5	-3.69295	-8.39144	-7.15977	-5.93899
1254	2	1	21	3	2	1	5	-2.92255	-2.48843	-4.45729	-4.62367
1255	1	4	2	2	6	3	17	-4.5037	-2.43898	-4.58779	-5.76533
1256	2	1	21	3	2	1	5	-2.92255	-2.48843	-4.45729	-4.62367
1257	2	4	1	2	2	5	5	-6.8016	-6.40024	-8.94083	-9.70777
1258	2	1	12	3	2	1	5	-2.6114	-2.11348	-3.64112	-4.99254
1259	2	4	2	2	6	1	5	-6.04023	-4.8246	-5.91888	-8.03104
1260	2	4	1	2	2	1	5	-2.7885	-3.69534	-4.1572	-4.18331
1261	2	4	1	2	2	1	5	-2.7885	-3.69534	-4.1572	-4.18331
1262	1	307	3	4	5	9	3	-6.82856	-6.42928	-6.08134	-8.39855
1263	9	25	2	10	22	3	6	-4.49133	-8.27053	-6.01342	-4.40932
1264	2	1	1	380	2	1	5	-6.14842	-5.73682	-8.36186	-9.15382
1265	2	4	1	2	2	1	5	-2.7885	-3.69534	-4.1572	-4.18331
1266	2	4	1	2	2	1	5	-2.7885	-3.69534	-4.1572	-4.18331
1267	2	1	12	3	2	1	5	-2.6114	-2.11348	-3.64112	-4.99254
1268	1	2	3	4	5	9	3	-4.49829	-2.47866	-3.58526	-5.08387
1269	2	4	1	2	2	1	5	-2.7885	-3.69534	-4.1572	-4.18331
1270	2	4	1	2	2	1	5	-2.7885	-3.69534	-4.1572	-4.18331
1271	2	4	1	2	2	1	5	-2.7885	-3.69534	-4.1572	-4.18331
1272	1	2	3	4	5	9	3	-4.49829	-2.47866	-3.58526	-5.08387
1273	9	2	2	212	309	253	147	-27.7917	-27.5843	-24.8362	-19.5168
1274	2	1	21	3	2	1	5	-2.92255	-2.48843	-4.45729	-4.62367
1275	47	2	4	2	6	5	17	-10.6852	-10.3485	-6.14232	-8.66849
1276	1	2	3	4	5	9	3	-4.49829	-2.47866	-3.58526	-5.08387
1277	2	4	1	2	2	1	5	-2.7885	-3.69534	-4.1572	-4.18331
1278	2	4	1	2	2	1	5	-2.7885	-3.69534	-4.1572	-4.18331
1279	9	2	4	62	4	5	6	-3.73338	-5.31593	-5.85318	-6.80478
1280	2	1	12	3	2	1	5	-2.6114	-2.11348	-3.64112	-4.99254
1281	2	4	1	2	2	1	5	-2.7885	-3.69534	-4.1572	-4.18331
1282	2	4	1	2	7	1	5	-2.32679	-7.13234	-6.1716	-5.22838
1283	7	17	2	15	23	3	12	-6.92248	-11.7672	-10.9342	-10.207
1284	2	1	1	3	2	1	5	-4.59341	-3.77992	-6.46007	-7.47705
1285	2	1	12	3	2	1	5	-2.6114	-2.11348	-3.64112	-4.99254
1286	2	4	1	2	2	1	5	-2.7885	-3.69534	-4.1572	-4.18331
1287	2	1	5	3	2	3	5	-4.20611	-3.24379	-5.53953	-4.87007
1288	2	4	1	2	2	1	5	-2.7885	-3.69534	-4.1572	-4.18331
1289	2	4	1	2	2	1	5	-2.7885	-3.69534	-4.1572	-4.18331
1290	1	4	2	2	6	3	17	-4.5037	-2.43898	-4.58779	-5.76533
1291	2	1	2	3	2	3	5	-3.77855	-8.21671	-7.7821	-7.04897
1292	2	1	5	3	2	3	5	-4.20611	-3.24379	-5.53953	-4.87007
1293	1	2	3	3	5	9	3	-11.4211	-7.75514	-10.0638	-11.9335
1294	4	7	10	4	42	51	1	-2.94705	-4.767	-4.93743	-3.85383
1295	1	4	2	2	6	3	17	-4.5037	-2.43898	-4.58779	-5.76533
1296	2	1	5	3	2	3	5	-4.20611	-3.24379	-5.53953	-4.87007
1297	4	7	10	4	1	7	1	-1.84573	-3.94912	-2.60742	-1.97596
1298	2	4	1	2	2	1	5	-2.7885	-3.69534	-4.1572	-4.18331
1299	4	7	10	4	1	7	1	-1.84573	-3.94912	-2.60742	-1.97596
1300	2	1	21	3	2	1	5	-2.92255	-2.48843	-4.45729	-4.62367
1301	2	4	1	2	2	1	5	-2.7885	-3.69534	-4.1572	-4.18331
1302	4	7	10	4	1	7	1	-1.84573	-3.94912	-2.60742	-1.97596
1303	2	4	1	2	2	1	5	-2.7885	-3.69534	-4.1572	-4.18331
1304	2	1	5	3	2	5	5	-5.31508	-2.81511	-4.07118	-5.68634
1305	2	4	1	2	2	1	5	-2.7885	-3.69534	-4.1572	-4.18331
1306	2	1	21	3	2	1	5	-2.92255	-2.48843	-4.45729	-4.62367
1307	2	1	5	3	2	5	5	-5.31508	-2.81511	-4.07118	-5.68634
1308	1	4	2	2	6	3	17	-4.5037	-2.43898	-4.58779	-5.76533
1309	1	4	2	2	6	3	17	-4.5037	-2.43898	-4.58779	-5.76533
1310	2	1	5	3	2	3	5	-4.20611	-3.24379	-5.53953	-4.87007
1311	1	4	2	2	6	3	17	-4.5037	-2.43898	-4.58779	-5.76533
1312	2	4	1	2	2	1	5	-2.7885	-3.69534	-4.1572	-4.18331
1313	2	1	12	88	2	1	5	-3.93812	-3.42832	-5.82464	-5.43082
1314	2	1	5	3	2	3	5	-4.20611	-3.24379	-5.53953	-4.87007
1315	2	4	5	2	2	1	5	-6.18406	-9.57268	-9.3415	-9.16447
1316	2	4	1	2	2	1	5	-2.7885	-3.69534	-4.1572	-4.18331
1317	1	4	2	2	6	3	17	-4.5037	-2.43898	-4.58779	-5.76533
1318	2	1	21	3	2	1	5	-2.92255	-2.48843	-4.45729	-4.62367
1319	4	7	10	4	1	7	1	-1.84573	-3.94912	-2.60742	-1.97596
1320	1	2	3	4	5	9	3	-4.49829	-2.47866	-3.58526	-5.08387
1321	2	4	1	2	7	1	5	-2.32679	-7.13234	-6.1716	-5.22838
1322	4	7	10	4	1	7	1	-1.84573	-3.94912	-2.60742	-1.97596
1323	4	7	10	4	1	7	1	-1.84573	-3.94912	-2.60742	-1.97596
1324	1	4	2	2	6	3	17	-4.5037	-2.43898	-4.58779	-5.76533
1325	2	4	1	2	7	1	5	-2.32679	-7.13234	-6.1716	-5.22838
1326	4	7	10	4	1	7	1	-1.84573	-3.94912	-2.60742	-1.97596
1327	8	10	2	2	11	12	6	-3.97555	-8.57564	-7.98364	-7.26018
1328	969	7	10	4	1	7	1	-6.00935	-8.20084	-5.80128	-4.1236
1329	4	7	10	4	1	7	1	-1.84573	-3.94912	-2.60742	-1.97596
1330	10	27	16	942	10	5	7	-23.6298	-16.8585	-19.4058	-19.9151
1331	10	27	16	941	10	5	7	-23.6298	-16.8585	-19.4058	-19.9151
1332	4	7	10	4	1	7	1	-1.84573	-3.94912	-2.60742	-1.97596
1333	4	7	10	4	1	7	1	-1.84573	-3.94912	-2.60742	-1.97596
1334	129	66	30	82	189	47	17	-3.26501	-4.99898	-5.61543	-4.20638
1335	4	7	10	4	1	7	1	-1.84573	-3.94912	-2.60742	-1.97596
1336	4	7	10	4	1	7	1	-1.84573	-3.94912	-2.60742	-1.97596
1337	2	4	1	2	2	1	5	-2.7885	-3.69534	-4.1572	-4.18331
1338	2	1	2	3	2	3	5	-3.77855	-8.21671	-7.7821	-7.04897
1339	10	27	16	19	10	5	7	-19.3888	-12.601	-16.2105	-17.7693
1340	2	4	1	2	2	1	5	-2.7885	-3.69534	-4.1572	-4.18331
1341	33	39	30	82	104	173	68	-5.33407	-3.97502	-6.68899	-8.01316
1342	1	4	2	2	6	3	17	-4.5037	-2.43898	-4.58779	-5.76533
1343	2	1	5	3	2	5	5	-5.31508	-2.81511	-4.07118	-5.68634
1344	2	1	12	3	2	1	5	-2.6114	-2.11348	-3.64112	-4.99254
1345	8	10	2	2	11	12	6	-3.97555	-8.57564	-7.98364	-7.26018
1346	2	1	1	3	2	1	5	-4.59341	-3.77992	-6.46007	-7.47705
1347	1	4	2	2	6	3	17	-4.5037	-2.43898	-4.58779	-5.76533
1348	7	2	2	2	11	12	6	-4.52219	-9.36631	-8.53393	-7.80638
1349	9	2	4	62	4	5	6	-3.73338	-5.31593	-5.85318	-6.80478
1350	2	1	21	3	2	1	5	-2.92255	-2.48843	-4.45729	-4.62367
1351	9	7	10	4	1	7	1	-10.1364	-12.2222	-11.4841	-9.69972
1352	2	1	12	3	920	1	5	-6.85286	-6.3629	-6.83423	-7.13774
1353	239	27	16	19	10	5	7	-9.52082	-6.45996	-9.23201	-11.0889
1354	7	17	2	15	23	3	12	-6.92248	-11.7672	-10.9342	-10.207
1355	1	4	2	2	6	3	17	-4.5037	-2.43898	-4.58779	-5.76533
1356	1	6	60	24	12	28	1	-30.2524	-31.2991	-21.5915	-17.3019
1357	2	4	5	2	10	1	5	-6.91391	-11.7354	-10.9198	-10.1911
1358	10	81	50	99	120	76	52	-6.6792	-6.37717	-5.22878	-5.21738
1359	4	7	10	4	1	7	1	-1.84573	-3.94912	-2.60742	-1.97596
1360	2	1	5	3	2	5	5	-5.31508	-2.81511	-4.07118	-5.68634
1361	4	7	10	1	1	7	1	-5.29138	-9.26581	-5.95605	-6.1631
1362	2	4	5	2	10	1	5	-6.91391	-11.7354	-10.9198	-10.1911
1363	2	1	21	3	2	1	5	-2.92255	-2.48843	-4.45729	-4.62367
1364	2	1	21	3	2	1	5	-2.92255	-2.48843	-4.45729	-4.62367
1365	2	4	1	2	2	1	5	-2.7885	-3.69534	-4.1572	-4.18331
1366	2	4	2	2	6	1	5	-6.04023	-4.8246	-5.91888	-8.03104
1367	2	4	1	2	7	1	5	-2.32679	-7.13234	-6.1716	-5.22838
1368	2	4	1	2	2	1	5	-2.7885	-3.69534	-4.1572	-4.18331
1369	2	4	1	2	2	1	5	-2.7885	-3.69534	-4.1572	-4.18331
1370	4	7	10	4	1	7	1	-1.84573	-3.94912	-2.60742	-1.97596
1371	4	7	10	4	42	51	1	-2.94705	-4.767	-4.93743	-3.85383
1372	2	1	5	3	2	3	5	-4.20611	-3.24379	-5.53953	-4.87007
1373	2	1	12	3	2	1	5	-2.6114	-2.11348	-3.64112	-4.99254
1374	2	1	1	3	2	1	5	-4.59341	-3.77992	-6.46007	-7.47705
1375	2	4	1	2	2	1	5	-2.7885	-3.69534	-4.1572	-4.18331
1376	4	7	10	4	1	7	1	-1.84573	-3.94912	-2.60742	-1.97596
1377	10	1	16	19	10	5	7	-5.73649	-2.73506	-4.17258	-5.32929
1378	2	4	1	2	7	1	5	-2.32679	-7.13234	-6.1716	-5.22838
1379	2	4	1	2	2	1	5	-2.7885	-3.69534	-4.1572	-4.18331
1380	10	81	50	99	120	76	52	-6.6792	-6.37717	-5.22878	-5.21738
1381	2	1	12	3	2	1	5	-2.6114	-2.11348	-3.64112	-4.99254
1382	2	4	1	2	2	1	5	-2.7885	-3.69534	-4.1572	-4.18331
1383	2	4	1	2	7	1	5	-2.32679	-7.13234	-6.1716	-5.22838
1384	1	2	3	4	5	9	3	-4.49829	-2.47866	-3.58526	-5.08387
1385	8	10	2	2	11	12	6	-3.97555	-8.57564	-7.98364	-7.26018
1386	1	4	2	2	6	3	17	-4.5037	-2.43898	-4.58779	-5.76533
1387	2	4	1	2	2	1	5	-2.7885	-3.69534	-4.1572	-4.18331
1388	2	4	1	2	2	1	5	-2.7885	-3.69534	-4.1572	-4.18331
1389	10	7	10	4	1	7	1	-12.0518	-10.7419	-10.0584	-8.79246
1390	2	1	21	3	2	1	5	-2.92255	-2.48843	-4.45729	-4.62367
1391	2	1	21	3	2	1	5	-2.92255	-2.48843	-4.45729	-4.62367
1392	10	1	16	19	10	5	7	-5.73649	-2.73506	-4.17258	-5.32929
1393	2	1	5	3	2	3	5	-4.20611	-3.24379	-5.53953	-4.87007
1394	2	1	5	3	2	3	5	-4.20611	-3.24379	-5.53953	-4.87007
1395	2	4	1	2	2	5	5	-6.8016	-6.40024	-8.94083	-9.70777
1396	2	4	1	2	7	1	5	-2.32679	-7.13234	-6.1716	-5.22838
1397	10	1	16	19	10	5	7	-5.73649	-2.73506	-4.17258	-5.32929
1398	2	4	1	2	7	1	5	-2.32679	-7.13234	-6.1716	-5.22838
1399	2	934	1	2	2	1	5	-6.95257	-7.94957	-7.34736	-6.31873
