Isolate	Loci0	Loci1	Loci2	Loci3	Loci4	Loci5	Loci6	Source0	Source1	Source2	Source3
0	1	2	3	4	5	9	3	-4.73371	-2.47085	-3.62912	-5.00079
1	4	7	10	4	1	7	1	-1.8168	-3.91882	-2.68736	-1.93611
2	2	4	1	2	2	1	5	-2.77102	-3.66983	-4.20945	-4.07841
3	2	4	1	2	2	1	5	-2.77102	-3.66983	-4.20945	-4.07841
4	9	25	2	10	22	3	6	-4.45531	-8.11964	-6.12298	-4.37539
5	4	7	10	4	1	7	1	-1.8168	-3.91882	-2.68736	-1.93611
6	4	7	10	4	1	7	1	-1.8168	-3.91882	-2.68736	-1.93611
7	4	7	10	4	42	51	1	-2.91905	-4.70911	-4.99767	-3.78977
8	2	4	1	2	2	1	5	-2.77102	-3.66983	-4.20945	-4.07841
9	10	81	50	99	120	76	52	-6.69352	-6.40358	-5.31655	-5.18361
10	2	1	21	3	2	1	5	-2.93827	-2.4779	-4.44828	-4.50999
11	2	1	21	3	2	1	5	-2.93827	-2.4779	-4.44828	-4.50999
12	9	25	2	10	22	3	6	-4.45531	-8.11964	-6.12298	-4.37539
13	2	1	21	3	2	1	5	-2.93827	-2.4779	-4.44828	-4.50999
14	10	27	16	19	10	5	7	-21.1941	-12.7935	-15.7235	-18.0899
15	2	4	1	2	2	1	5	-2.77102	-3.66983	-4.20945	-4.07841
16	2	4	1	2	2	1	5	-2.77102	-3.66983	-4.20945	-4.07841
17	9	2	4	62	4	5	6	-3.70708	-5.25883	-5.8839	-6.3945
18	9	53	2	53	11	3	3	-30.1248	-26.1516	-27.5906	-24.7562
19	2	4	1	2	2	1	5	-2.77102	-3.66983	-4.20945	-4.07841
20	2	4	1	2	2	1	5	-2.77102	-3.66983	-4.20945	-4.07841
21	4	7	10	4	1	7	1	-1.8168	-3.91882	-2.68736	-1.93611
22	2	4	1	2	2	1	5	-2.77102	-3.66983	-4.20945	-4.07841
23	1	4	2	2	6	3	17	-4.74118	-2.43004	-4.57665	-5.71654
24	4	7	10	4	1	7	1	-1.8168	-3.91882	-2.68736	-1.93611
25	2	1	21	3	2	1	5	-2.93827	-2.4779	-4.44828	-4.50999
26	8	10	2	2	11	12	6	-3.94317	-7.85851	-7.85931	-6.79685
27	2	4	2	2	6	1	5	-6.12058	-4.81717	-5.96248	-7.81542
28	2	1	12	3	2	1	5	-2.6316	-2.10426	-3.65976	-4.76603
29	2	4	1	2	2	1	5	-2.77102	-3.66983	-4.20945	-4.07841
30	4	7	10	4	1	7	1	-1.8168	-3.91882	-2.68736	-1.93611
31	10	1	16	19	10	5	7	-6.65845	-2.72768	-4.2106	-5.29082
32	1	2	3	4	5	9	3	-4.73371	-2.47085	-3.62912	-5.00079
33	2	4	1	2	2	1	5	-2.77102	-3.66983	-4.20945	-4.07841
34	2	4	1	2	2	1	5	-2.77102	-3.66983	-4.20945	-4.07841
35	2	4	1	2	2	1	5	-2.77102	-3.66983	-4.20945	-4.07841
36	4	7	10	4	1	7	1	-1.8168	-3.91882	-2.68736	-1.93611
37	129	66	30	82	189	47	17	-3.23618	-4.94274	-5.67148	-4.13969
38	2	1	12	3	357	1	5	-6.38192	-5.46806	-7.63758	-7.44334
39	9	2	4	62	4	5	6	-3.70708	-5.25883	-5.8839	-6.3945
40	2	1	1	3	2	1	5	-4.63443	-3.77125	-6.36593	-7.2127
41	2	1	12	3	357	1	5	-6.38192	-5.46806	-7.63758	-7.44334
42	2	1	5	3	2	3	5	-4.25325	-3.23634	-5.51496	-4.82774
43	2	1	5	3	2	3	5	-4.25325	-3.23634	-5.51496	-4.82774
44	2	4	1	2	2	1	5	-2.77102	-3.66983	-4.20945	-4.07841
45	2	4	1	2	2	1	5	-2.77102	-3.66983	-4.20945	-4.07841
46	2	4	2	2	6	1	5	-6.12058	-4.81717	-5.96248	-7.81542
47	1	4	2	2	6	3	17	-4.74118	-2.43004	-4.57665	-5.71654
48	2	1	21	3	2	1	5	-2.93827	-2.4779	-4.44828	-4.50999
49	2	1	2	3	2	3	5	-3.74776	-7.58542	-7.65215	-6.59047
50	2	1	21	3	2	1	5	-2.93827	-2.4779	-4.44828	-4.50999
51	7	17	2	15	23	3	12	-6.8895	-10.8974	-10.8123	-9.74347
52	2	4	1	2	7	1	5	-2.29622	-6.28969	-6.08053	-4.88733
53	9	2	4	62	4	5	6	-3.70708	-5.25883	-5.8839	-6.3945
54	2	4	1	2	7	1	5	-2.29622	-6.28969	-6.08053	-4.88733
55	9	2	4	62	4	5	6	-3.70708	-5.25883	-5.8839	-6.3945
56	2	1	12	88	2	1	5	-3.95681	-3.41743	-5.77739	-5.34265
57	2	1	5	3	2	3	5	-4.25325	-3.23634	-5.51496	-4.82774
58	2	4	1	2	2	1	5	-2.77102	-3.66983	-4.20945	-4.07841
59	9	2	4	62	4	5	6	-3.70708	-5.25883	-5.8839	-6.3945
60	2	1	5	3	2	3	5	-4.25325	-3.23634	-5.51496	-4.82774
61	2	4	1	2	2	1	5	-2.77102	-3.66983	-4.20945	-4.07841
62	2	4	1	2	2	1	5	-2.77102	-3.66983	-4.20945	-4.07841
63	2	4	1	2	2	1	5	-2.77102	-3.66983	-4.20945	-4.07841
64	2	4	1	2	2	1	5	-2.77102	-3.66983	-4.20945	-4.07841
65	2	4	1	2	2	1	5	-2.77102	-3.66983	-4.20945	-4.07841
66	2	4	1	2	2	1	5	-2.77102	-3.66983	-4.20945	-4.07841
67	1	2	215	4	90	24	8	-29.4594	-26.391	-25.2674	-21.0224
68	2	4	1	2	2	1	5	-2.77102	-3.66983	-4.20945	-4.07841
69	1	2	3	4	5	9	3	-4.73371	-2.47085	-3.62912	-5.00079
70	2	4	1	2	2	1	5	-2.77102	-3.66983	-4.20945	-4.07841
71	2	4	1	2	2	1	5	-2.77102	-3.66983	-4.20945	-4.07841
72	9	25	2	10	22	3	6	-4.45531	-8.11964	-6.12298	-4.37539
73	2	15	4	48	360	25	23	-6.67448	-9.39565	-5.76121	-4.93391
74	2	4	1	2	2	1	5	-2.77102	-3.66983	-4.20945	-4.07841
75	2	1	12	88	2	1	5	-3.95681	-3.41743	-5.77739	-5.34265
76	2	4	2	2	6	1	5	-6.12058	-4.81717	-5.96248	-7.81542
77	10	1	16	19	10	5	7	-6.65845	-2.72768	-4.2106	-5.29082
78	2	4	1	2	2	1	5	-2.77102	-3.66983	-4.20945	-4.07841
79	2	1	12	3	2	1	5	-2.6316	-2.10426	-3.65976	-4.76603
80	2	4	1	2	2	1	5	-2.77102	-3.66983	-4.20945	-4.07841
81	2	4	1	2	2	1	5	-2.77102	-3.66983	-4.20945	-4.07841
82	1	4	2	2	6	3	17	-4.74118	-2.43004	-4.57665	-5.71654
83	10	1	16	19	10	5	7	-6.65845	-2.72768	-4.2106	-5.29082
84	8	10	149	2	11	12	6	-4.89574	-3.95769	-5.68887	-7.14794
85	2	4	1	2	2	1	5	-2.77102	-3.66983	-4.20945	-4.07841
86	2	4	1	2	7	1	5	-2.29622	-6.28969	-6.08053	-4.88733
87	32	39	30	82	104	324	17	-8.71766	-4.65743	-7.36184	-9.43544
88	1	2	3	4	5	9	3	-4.73371	-2.47085	-3.62912	-5.00079
89	2	1	5	3	2	3	5	-4.25325	-3.23634	-5.51496	-4.82774
90	2	4	1	2	2	1	5	-2.77102	-3.66983	-4.20945	-4.07841
91	2	4	1	2	7	1	5	-2.29622	-6.28969	-6.08053	-4.88733
92	4	7	10	4	1	7	1	-1.8168	-3.91882	-2.68736	-1.93611
93	2	1	2	3	2	3	5	-3.74776	-7.58542	-7.65215	-6.59047
94	2	1	12	3	2	1	5	-2.6316	-2.10426	-3.65976	-4.76603
95	2	1	21	3	2	1	5	-2.93827	-2.4779	-4.44828	-4.50999
96	2	1	21	3	2	1	5	-2.93827	-2.4779	-4.44828	-4.50999
97	9	2	5	2	11	3	1	-29.7665	-32.2408	-27.6958	-25.5357
98	4	7	10	4	1	7	1	-1.8168	-3.91882	-2.68736	-1.93611
99	2	1	2	3	2	3	5	-3.74776	-7.58542	-7.65215	-6.59047
100	2	1	21	3	2	1	5	-2.93827	-2.4779	-4.44828	-4.50999
101	4	7	10	4	1	7	1	-1.8168	-3.91882	-2.68736	-1.93611
102	2	1	21	3	2	1	5	-2.93827	-2.4779	-4.44828	-4.50999
103	1	4	2	2	6	3	17	-4.74118	-2.43004	-4.57665	-5.71654
104	2	4	5	2	10	1	5	-6.88306	-10.8761	-10.79	-9.72945
105	2	1	12	88	2	1	5	-3.95681	-3.41743	-5.77739	-5.34265
106	9	2	4	62	4	5	6	-3.70708	-5.25883	-5.8839	-6.3945
107	2	165	73	147	220	190	104	-8.65133	-10.1291	-7.07433	-5.2726
108	2	1	21	3	2	1	5	-2.93827	-2.4779	-4.44828	-4.50999
109	2	4	1	2	2	1	5	-2.77102	-3.66983	-4.20945	-4.07841
110	2	1	12	3	11	1	6	-19.208	-17.6327	-19.8921	-20.4177
111	2	1	2	3	2	3	5	-3.74776	-7.58542	-7.65215	-6.59047
112	2	4	1	2	7	1	5	-2.29622	-6.28969	-6.08053	-4.88733
113	2	1	2	3	2	3	5	-3.74776	-7.58542	-7.65215	-6.59047
114	2	1	21	3	2	1	5	-2.93827	-2.4779	-4.44828	-4.50999
115	2	4	1	2	7	1	5	-2.29622	-6.28969	-6.08053	-4.88733
116	33	39	30	82	113	43	17	-10.0994	-6.43912	-6.17554	-8.38214
117	2	4	1	2	2	1	5	-2.77102	-3.66983	-4.20945	-4.07841
118	2	4	1	2	2	1	5	-2.77102	-3.66983	-4.20945	-4.07841
119	2	4	1	2	2	1	5	-2.77102	-3.66983	-4.20945	-4.07841
120	2	4	1	2	7	1	5	-2.29622	-6.28969	-6.08053	-4.88733
121	4	7	10	1	1	7	1	-5.26157	-9.05387	-6.03024	-6.08382
122	2	1	12	3	2	1	5	-2.6316	-2.10426	-3.65976	-4.76603
123	2	4	1	2	2	1	5	-2.77102	-3.66983	-4.20945	-4.07841
124	2	4	1	2	2	1	5	-2.77102	-3.66983	-4.20945	-4.07841
125	2	4	1	2	7	1	5	-2.29622	-6.28969	-6.08053	-4.88733
126	2	4	1	2	2	1	5	-2.77102	-3.66983	-4.20945	-4.07841
127	2	4	1	2	2	1	5	-2.77102	-3.66983	-4.20945	-4.07841
128	2	1	12	88	2	1	5	-3.95681	-3.41743	-5.77739	-5.34265
129	2	1	12	3	2	1	5	-2.6316	-2.10426	-3.65976	-4.76603
130	2	1	12	3	2	1	5	-2.6316	-2.10426	-3.65976	-4.76603
131	2	4	1	2	7	1	5	-2.29622	-6.28969	-6.08053	-4.88733
132	2	1	21	3	2	1	5	-2.93827	-2.4779	-4.44828	-4.50999
133	2	1	21	3	2	1	5	-2.93827	-2.4779	-4.44828	-4.50999
134	2	4	5	2	2	5	5	-3.6619	-7.6251	-7.12999	-5.7419
135	2	1	21	3	2	1	5	-2.93827	-2.4779	-4.44828	-4.50999
136	1	4	2	2	6	3	1	-11.6683	-10.1127	-10.22	-11.0127
137	2	1	5	3	2	3	5	-4.25325	-3.23634	-5.51496	-4.82774
138	2	1	5	3	2	3	5	-4.25325	-3.23634	-5.51496	-4.82774
139	4	7	10	4	1	7	1	-1.8168	-3.91882	-2.68736	-1.93611
140	8	10	2	2	11	12	6	-3.94317	-7.85851	-7.85931	-6.79685
141	2	1	2	3	2	3	5	-3.74776	-7.58542	-7.65215	-6.59047
142	2	1	5	3	2	3	5	-4.25325	-3.23634	-5.51496	-4.82774
143	2	1	2	3	2	3	5	-3.74776	-7.58542	-7.65215	-6.59047
144	129	66	30	82	189	47	17	-3.23618	-4.94274	-5.67148	-4.13969
145	2	4	1	2	2	1	5	-2.77102	-3.66983	-4.20945	-4.07841
146	2	4	1	2	2	1	5	-2.77102	-3.66983	-4.20945	-4.07841
147	7	21	5	62	4	61	44	-7.84607	-3.81137	-5.66541	-7.82062
148	2	4	1	2	2	1	5	-2.77102	-3.66983	-4.20945	-4.07841
149	2	937	1	2	2	1	5	-6.44252	-7.03753	-8.18302	-6.73999
150	1	14	2	2	6	1	17	-9.36361	-6.42514	-7.84585	-6.36456
151	1	4	2	2	6	3	17	-4.74118	-2.43004	-4.57665	-5.71654
152	8	10	149	2	11	12	6	-4.89574	-3.95769	-5.68887	-7.14794
153	2	1	12	3	2	1	5	-2.6316	-2.10426	-3.65976	-4.76603
154	9	30	2	2	89	59	6	-4.94218	-8.95098	-8.86517	-7.7961
155	1	2	3	4	5	9	3	-4.73371	-2.47085	-3.62912	-5.00079
156	2	4	1	2	2	1	5	-2.77102	-3.66983	-4.20945	-4.07841
157	2	4	1	2	2	1	5	-2.77102	-3.66983	-4.20945	-4.07841
158	180	194	2	68	19	231	147	-24.0278	-26.148	-29.098	-21.5208
159	2	4	1	2	2	1	5	-2.77102	-3.66983	-4.20945	-4.07841
160	2	4	1	2	2	1	5	-2.77102	-3.66983	-4.20945	-4.07841
161	2	4	1	2	2	1	5	-2.77102	-3.66983	-4.20945	-4.07841
162	4	7	10	4	1	7	1	-1.8168	-3.91882	-2.68736	-1.93611
163	2	4	1	2	2	1	5	-2.77102	-3.66983	-4.20945	-4.07841
164	2	1	21	3	2	1	5	-2.93827	-2.4779	-4.44828	-4.50999
165	2	4	1	2	7	1	5	-2.29622	-6.28969	-6.08053	-4.88733
166	2	4	1	2	2	1	5	-2.77102	-3.66983	-4.20945	-4.07841
167	10	1	16	19	10	5	7	-6.65845	-2.72768	-4.2106	-5.29082
168	104	7	10	4	1	7	1	-4.39926	-8.41301	-8.30298	-7.22702
169	2	4	1	2	2	1	5	-2.77102	-3.66983	-4.20945	-4.07841
170	10	27	16	19	10	5	7	-21.1941	-12.7935	-15.7235	-18.0899
171	2	4	1	2	2	1	5	-2.77102	-3.66983	-4.20945	-4.07841
172	2	1	1	3	2	1	5	-4.63443	-3.77125	-6.36593	-7.2127
173	7	21	5	62	4	61	44	-7.84607	-3.81137	-5.66541	-7.82062
174	2	1	1	3	2	1	5	-4.63443	-3.77125	-6.36593	-7.2127
175	10	1	16	19	10	5	7	-6.65845	-2.72768	-4.2106	-5.29082
176	2	4	1	2	2	1	5	-2.77102	-3.66983	-4.20945	-4.07841
177	2	4	1	2	2	1	5	-2.77102	-3.66983	-4.20945	-4.07841
178	2	1	12	3	2	1	5	-2.6316	-2.10426	-3.65976	-4.76603
179	2	4	1	2	2	1	5	-2.77102	-3.66983	-4.20945	-4.07841
180	2	4	1	2	2	1	5	-2.77102	-3.66983	-4.20945	-4.07841
181	1	4	2	2	6	3	17	-4.74118	-2.43004	-4.57665	-5.71654
182	2	1	12	3	2	1	5	-2.6316	-2.10426	-3.65976	-4.76603
183	4	7	10	4	1	7	1	-1.8168	-3.91882	-2.68736	-1.93611
184	2	4	1	2	2	1	5	-2.77102	-3.66983	-4.20945	-4.07841
185	2	4	1	2	2	1	5	-2.77102	-3.66983	-4.20945	-4.07841
186	2	1	21	3	2	1	5	-2.93827	-2.4779	-4.44828	-4.50999
187	4	7	10	4	1	7	1	-1.8168	-3.91882	-2.68736	-1.93611
188	4	7	10	4	42	51	1	-2.91905	-4.70911	-4.99767	-3.78977
189	2	1	5	3	2	3	5	-4.25325	-3.23634	-5.51496	-4.82774
190	1	2	4	62	4	5	17	-6.13097	-4.83101	-7.46091	-8.59607
191	4	7	10	4	1	7	1	-1.8168	-3.91882	-2.68736	-1.93611
192	4	7	10	4	42	51	1	-2.91905	-4.70911	-4.99767	-3.78977
193	2	1	21	3	2	1	5	-2.93827	-2.4779	-4.44828	-4.50999
194	4	7	10	4	42	51	1	-2.91905	-4.70911	-4.99767	-3.78977
195	2	4	1	2	7	1	5	-2.29622	-6.28969	-6.08053	-4.88733
196	2	4	1	2	2	1	5	-2.77102	-3.66983	-4.20945	-4.07841
197	1	2	3	4	5	9	3	-4.73371	-2.47085	-3.62912	-5.00079
198	1	2	4	62	4	5	17	-6.13097	-4.83101	-7.46091	-8.59607
199	2	250	4	281	358	25	57	-28.7026	-29.6964	-21.6494	-18.5375
200	9	2	4	62	4	5	6	-3.70708	-5.25883	-5.8839	-6.3945
201	1	2	3	4	5	9	3	-4.73371	-2.47085	-3.62912	-5.00079
202	4	7	10	4	1	7	1	-1.8168	-3.91882	-2.68736	-1.93611
203	2	4	2	4	19	3	6	-5.78698	-9.78991	-9.7014	-8.63108
204	4	7	10	4	1	7	1	-1.8168	-3.91882	-2.68736	-1.93611
205	4	7	10	4	42	51	1	-2.91905	-4.70911	-4.99767	-3.78977
206	2	1	12	3	2	1	5	-2.6316	-2.10426	-3.65976	-4.76603
207	4	7	10	4	1	7	1	-1.8168	-3.91882	-2.68736	-1.93611
208	2	1	12	3	2	1	5	-2.6316	-2.10426	-3.65976	-4.76603
209	1	2	4	62	4	5	17	-6.13097	-4.83101	-7.46091	-8.59607
210	4	7	10	4	42	51	1	-2.91905	-4.70911	-4.99767	-3.78977
211	2	4	1	2	2	1	5	-2.77102	-3.66983	-4.20945	-4.07841
212	4	7	10	4	1	7	1	-1.8168	-3.91882	-2.68736	-1.93611
213	2	1	21	3	2	1	5	-2.93827	-2.4779	-4.44828	-4.50999
214	47	2	4	2	6	5	17	-11.5414	-11.3835	-6.22295	-8.43937
215	2	1	21	3	2	1	5	-2.93827	-2.4779	-4.44828	-4.50999
216	2	1	21	3	2	1	5	-2.93827	-2.4779	-4.44828	-4.50999
217	2	4	1	2	2	1	5	-2.77102	-3.66983	-4.20945	-4.07841
218	2	4	1	2	2	1	5	-2.77102	-3.66983	-4.20945	-4.07841
219	10	81	50	99	120	76	52	-6.69352	-6.40358	-5.31655	-5.18361
220	2	4	1	2	2	1	5	-2.77102	-3.66983	-4.20945	-4.07841
221	2	4	1	2	2	1	5	-2.77102	-3.66983	-4.20945	-4.07841
222	1	4	2	2	6	3	17	-4.74118	-2.43004	-4.57665	-5.71654
223	1	2	4	62	4	5	17	-6.13097	-4.83101	-7.46091	-8.59607
224	4	7	10	4	1	7	1	-1.8168	-3.91882	-2.68736	-1.93611
225	4	7	10	4	1	7	1	-1.8168	-3.91882	-2.68736	-1.93611
226	10	1	16	19	10	5	7	-6.65845	-2.72768	-4.2106	-5.29082
227	2	4	1	2	2	1	5	-2.77102	-3.66983	-4.20945	-4.07841
228	2	4	1	2	7	1	5	-2.29622	-6.28969	-6.08053	-4.88733
229	1	4	2	348	6	3	17	-9.41007	-5.3423	-8.04677	-10.1252
230	1	2	4	62	4	5	17	-6.13097	-4.83101	-7.46091	-8.59607
231	10	27	16	19	10	5	7	-21.1941	-12.7935	-15.7235	-18.0899
232	1	4	2	2	6	3	17	-4.74118	-2.43004	-4.57665	-5.71654
233	4	7	10	4	42	51	1	-2.91905	-4.70911	-4.99767	-3.78977
234	2	4	1	2	2	1	5	-2.77102	-3.66983	-4.20945	-4.07841
235	2	1	12	3	2	1	5	-2.6316	-2.10426	-3.65976	-4.76603
236	2	1	12	88	2	1	5	-3.95681	-3.41743	-5.77739	-5.34265
237	2	4	1	2	7	1	5	-2.29622	-6.28969	-6.08053	-4.88733
238	2	1	12	3	2	1	5	-2.6316	-2.10426	-3.65976	-4.76603
239	1	4	2	2	6	3	17	-4.74118	-2.43004	-4.57665	-5.71654
240	2	1	4	28	58	25	58	-5.64412	-8.65455	-5.44316	-4.25492
241	2	1	5	3	2	3	5	-4.25325	-3.23634	-5.51496	-4.82774
242	2	1	12	3	2	1	5	-2.6316	-2.10426	-3.65976	-4.76603
243	2	4	1	2	2	1	5	-2.77102	-3.66983	-4.20945	-4.07841
244	2	1	5	10	11	1	5	-27.8802	-22.3453	-23.77	-24.7896
245	2	1	12	3	2	1	5	-2.6316	-2.10426	-3.65976	-4.76603
246	2	1	12	88	2	1	5	-3.95681	-3.41743	-5.77739	-5.34265
247	2	1	12	3	2	1	5	-2.6316	-2.10426	-3.65976	-4.76603
248	2	1	12	3	2	1	5	-2.6316	-2.10426	-3.65976	-4.76603
249	1	4	2	2	6	3	17	-4.74118	-2.43004	-4.57665	-5.71654
250	9	2	4	62	4	5	6	-3.70708	-5.25883	-5.8839	-6.3945
251	2	1	12	3	2	1	5	-2.6316	-2.10426	-3.65976	-4.76603
252	8	10	149	2	11	12	6	-4.89574	-3.95769	-5.68887	-7.14794
253	2	1	21	3	2	1	5	-2.93827	-2.4779	-4.44828	-4.50999
254	1	2	3	4	5	9	3	-4.73371	-2.47085	-3.62912	-5.00079
255	2	1	5	3	2	3	5	-4.25325	-3.23634	-5.51496	-4.82774
256	1	307	3	4	5	9	3	-6.85331	-6.42588	-6.14881	-8.14783
257	1	4	2	2	6	3	17	-4.74118	-2.43004	-4.57665	-5.71654
258	2	4	1	2	7	1	5	-2.29622	-6.28969	-6.08053	-4.88733
259	2	4	1	2	2	1	5	-2.77102	-3.66983	-4.20945	-4.07841
260	2	61	4	64	126	7	23	-5.98833	-8.84886	-6.06497	-4.26772
261	7	21	5	62	4	61	44	-7.84607	-3.81137	-5.66541	-7.82062
262	2	1	12	3	2	1	5	-2.6316	-2.10426	-3.65976	-4.76603
263	2	4	1	2	2	1	5	-2.77102	-3.66983	-4.20945	-4.07841
264	2	1	12	3	2	1	5	-2.6316	-2.10426	-3.65976	-4.76603
265	2	1	21	3	2	1	5	-2.93827	-2.4779	-4.44828	-4.50999
266	2	1	21	3	2	1	5	-2.93827	-2.4779	-4.44828	-4.50999
267	2	4	1	2	2	1	5	-2.77102	-3.66983	-4.20945	-4.07841
268	2	4	1	2	2	1	5	-2.77102	-3.66983	-4.20945	-4.07841
269	2	4	1	2	7	1	5	-2.29622	-6.28969	-6.08053	-4.88733
270	4	7	10	4	1	7	1	-1.8168	-3.91882	-2.68736	-1.93611
271	1	2	4	62	4	5	17	-6.13097	-4.83101	-7.46091	-8.59607
272	4	1	21	3	2	1	5	-9.94158	-10.2557	-10.2211	-9.86893
273	10	1	16	19	10	5	7	-6.65845	-2.72768	-4.2106	-5.29082
274	33	283	44	82	189	44	17	-7.39654	-3.4517	-5.43199	-6.12655
275	2	1	12	3	2	1	5	-2.6316	-2.10426	-3.65976	-4.76603
276	10	81	50	99	120	76	52	-6.69352	-6.40358	-5.31655	-5.18361
277	4	7	10	4	42	25	1	-8.57509	-9.87818	-5.84933	-5.19311
278	2	4	1	2	2	1	5	-2.77102	-3.66983	-4.20945	-4.07841
279	2	4	5	2	10	1	5	-6.88306	-10.8761	-10.79	-9.72945
280	2	4	1	2	2	1	5	-2.77102	-3.66983	-4.20945	-4.07841
281	9	2	4	62	4	5	6	-3.70708	-5.25883	-5.8839	-6.3945
282	4	7	10	4	1	7	1	-1.8168	-3.91882	-2.68736	-1.93611
283	2	1	12	3	2	1	5	-2.6316	-2.10426	-3.65976	-4.76603
284	9	2	4	62	4	5	6	-3.70708	-5.25883	-5.8839	-6.3945
285	9	2	4	62	4	5	6	-3.70708	-5.25883	-5.8839	-6.3945
286	2	4	1	2	2	1	5	-2.77102	-3.66983	-4.20945	-4.07841
287	2	1	12	88	2	1	5	-3.95681	-3.41743	-5.77739	-5.34265
288	2	1	21	3	2	1	5	-2.93827	-2.4779	-4.44828	-4.50999
289	33	39	30	79	113	44	17	-26.7826	-24.5851	-24.6194	-26.4369
290	1	2	3	4	5	9	3	-4.73371	-2.47085	-3.62912	-5.00079
291	1	4	2	2	6	3	17	-4.74118	-2.43004	-4.57665	-5.71654
292	9	2	4	62	4	5	6	-3.70708	-5.25883	-5.8839	-6.3945
293	2	1	12	3	2	1	5	-2.6316	-2.10426	-3.65976	-4.76603
294	2	1	5	3	2	5	5	-5.74964	-2.81156	-4.11007	-5.61269
295	2	1	5	3	2	5	5	-5.74964	-2.81156	-4.11007	-5.61269
296	2	4	1	2	2	1	5	-2.77102	-3.66983	-4.20945	-4.07841
297	2	4	1	2	2	1	5	-2.77102	-3.66983	-4.20945	-4.07841
298	2	1	21	3	2	1	5	-2.93827	-2.4779	-4.44828	-4.50999
299	32	39	30	82	104	324	17	-8.71766	-4.65743	-7.36184	-9.43544
300	2	1	12	3	2	1	5	-2.6316	-2.10426	-3.65976	-4.76603
301	4	7	10	4	1	7	1	-1.8168	-3.91882	-2.68736	-1.93611
302	1	4	2	2	6	3	5	-9.24459	-5.24567	-7.94298	-9.97574
303	2	1	21	3	2	1	5	-2.93827	-2.4779	-4.44828	-4.50999
304	4	7	10	4	42	51	1	-2.91905	-4.70911	-4.99767	-3.78977
305	2	4	1	2	7	1	5	-2.29622	-6.28969	-6.08053	-4.88733
306	7	21	5	62	4	61	44	-7.84607	-3.81137	-5.66541	-7.82062
307	104	7	10	4	1	7	1	-4.39926	-8.41301	-8.30298	-7.22702
308	9	25	2	10	22	3	6	-4.45531	-8.11964	-6.12298	-4.37539
309	2	4	2	2	6	3	17	-11.0826	-7.66373	-9.84886	-10.838
310	2	4	1	2	7	1	5	-2.29622	-6.28969	-6.08053	-4.88733
311	129	66	30	82	189	47	17	-3.23618	-4.94274	-5.67148	-4.13969
312	33	39	30	82	104	173	68	-5.42555	-3.96166	-6.60769	-7.83835
313	2	1	12	3	2	1	5	-2.6316	-2.10426	-3.65976	-4.76603
314	2	1	1	3	2	1	5	-4.63443	-3.77125	-6.36593	-7.2127
315	7	21	5	62	4	61	44	-7.84607	-3.81137	-5.66541	-7.82062
316	2	1	21	3	2	1	5	-2.93827	-2.4779	-4.44828	-4.50999
317	4	7	10	4	1	7	1	-1.8168	-3.91882	-2.68736	-1.93611
318	10	2	107	62	120	76	1	-6.83333	-10.3573	-8.10202	-6.33648
319	4	7	10	4	1	7	1	-1.8168	-3.91882	-2.68736	-1.93611
320	2	1	12	3	2	1	5	-2.6316	-2.10426	-3.65976	-4.76603
321	2	1	5	3	2	3	5	-4.25325	-3.23634	-5.51496	-4.82774
322	4	7	10	4	1	7	1	-1.8168	-3.91882	-2.68736	-1.93611
323	2	1	12	88	2	1	5	-3.95681	-3.41743	-5.77739	-5.34265
324	4	7	10	4	42	7	1	-6.56833	-9.19295	-5.63596	-4.67236
325	4	7	10	4	42	51	1	-2.91905	-4.70911	-4.99767	-3.78977
326	2	1	21	3	2	1	5	-2.93827	-2.4779	-4.44828	-4.50999
327	2	1	12	3	2	1	5	-2.6316	-2.10426	-3.65976	-4.76603
328	4	7	10	4	1	7	1	-1.8168	-3.91882	-2.68736	-1.93611
329	2	4	1	2	7	1	5	-2.29622	-6.28969	-6.08053	-4.88733
330	4	7	10	4	1	7	1	-1.8168	-3.91882	-2.68736	-1.93611
331	2	1	12	3	2	1	5	-2.6316	-2.10426	-3.65976	-4.76603
332	4	7	10	4	1	7	1	-1.8168	-3.91882	-2.68736	-1.93611
333	4	7	10	4	1	7	1	-1.8168	-3.91882	-2.68736	-1.93611
334	1	4	2	2	6	3	17	-4.74118	-2.43004	-4.57665	-5.71654
335	2	4	1	2	2	1	5	-2.77102	-3.66983	-4.20945	-4.07841
336	4	7	10	4	1	7	1	-1.8168	-3.91882	-2.68736	-1.93611
337	7	17	2	15	23	3	12	-6.8895	-10.8974	-10.8123	-9.74347
338	2	1	5	3	2	3	5	-4.25325	-3.23634	-5.51496	-4.82774
339	4	7	10	4	1	7	1	-1.8168	-3.91882	-2.68736	-1.93611
340	4	7	10	4	1	7	1	-1.8168	-3.91882	-2.68736	-1.93611
341	4	7	10	4	42	51	1	-2.91905	-4.70911	-4.99767	-3.78977
342	2	4	1	2	2	1	5	-2.77102	-3.66983	-4.20945	-4.07841
343	2	1	12	88	2	1	5	-3.95681	-3.41743	-5.77739	-5.34265
344	2	1	1	3	2	1	5	-4.63443	-3.77125	-6.36593	-7.2127
345	1	2	3	4	5	9	3	-4.73371	-2.47085	-3.62912	-5.00079
346	2	1	12	88	2	1	5	-3.95681	-3.41743	-5.77739	-5.34265
347	2	1	1	3	2	1	5	-4.63443	-3.77125	-6.36593	-7.2127
348	24	17	2	10	23	68	5	-9.81554	-5.75416	-8.45911	-10.5333
349	4	7	10	4	1	7	1	-1.8168	-3.91882	-2.68736	-1.93611
350	2	1	21	3	2	1	5	-2.93827	-2.4779	-4.44828	-4.50999
351	1	4	2	2	6	3	17	-4.74118	-2.43004	-4.57665	-5.71654
352	2	1	5	3	2	3	5	-4.25325	-3.23634	-5.51496	-4.82774
353	4	7	10	4	1	7	1	-1.8168	-3.91882	-2.68736	-1.93611
354	2	1	1	3	2	1	5	-4.63443	-3.77125	-6.36593	-7.2127
355	2	1	12	3	2	1	5	-2.6316	-2.10426	-3.65976	-4.76603
356	8	10	149	2	11	12	6	-4.89574	-3.95769	-5.68887	-7.14794
357	2	4	1	2	2	5	5	-6.82521	-6.39189	-8.81554	-9.41775
358	10	1	16	19	10	5	7	-6.65845	-2.72768	-4.2106	-5.29082
359	24	17	2	10	23	68	5	-9.81554	-5.75416	-8.45911	-10.5333
360	1	2	4	62	4	5	17	-6.13097	-4.83101	-7.46091	-8.59607
361	2	4	1	2	7	1	5	-2.29622	-6.28969	-6.08053	-4.88733
362	7	71	5	62	11	67	6	-29.0876	-26.0187	-29.1766	-27.6511
363	7	17	5	2	10	3	6	-26.1217	-24.6036	-23.3972	-22.3318
364	2	1	5	3	2	3	5	-4.25325	-3.23634	-5.51496	-4.82774
365	9	2	4	62	4	5	6	-3.70708	-5.25883	-5.8839	-6.3945
366	33	38	30	82	104	325	36	-14.2594	-9.82336	-13.1335	-13.9051
367	2	4	1	2	7	1	5	-2.29622	-6.28969	-6.08053	-4.88733
368	47	2	4	2	6	5	17	-11.5414	-11.3835	-6.22295	-8.43937
369	2	1	12	88	2	1	5	-3.95681	-3.41743	-5.77739	-5.34265
370	2	1	12	88	2	1	5	-3.95681	-3.41743	-5.77739	-5.34265
371	2	1	12	88	2	1	5	-3.95681	-3.41743	-5.77739	-5.34265
372	2	1	12	88	2	1	5	-3.95681	-3.41743	-5.77739	-5.34265
373	2	4	1	2	2	1	5	-2.77102	-3.66983	-4.20945	-4.07841
374	2	1	12	88	2	1	5	-3.95681	-3.41743	-5.77739	-5.34265
375	1	1	2	2	6	3	17	-10.2673	-6.15005	-8.80171	-10.759
376	2	1	12	88	2	1	5	-3.95681	-3.41743	-5.77739	-5.34265
377	2	1	12	88	2	1	5	-3.95681	-3.41743	-5.77739	-5.34265
378	2	4	1	2	2	1	5	-2.77102	-3.66983	-4.20945	-4.07841
379	2	1	12	88	2	1	5	-3.95681	-3.41743	-5.77739	-5.34265
380	2	1	5	3	2	3	5	-4.25325	-3.23634	-5.51496	-4.82774
381	4	7	10	4	1	7	1	-1.8168	-3.91882	-2.68736	-1.93611
382	2	1	12	3	2	1	5	-2.6316	-2.10426	-3.65976	-4.76603
383	1	2	4	62	4	5	17	-6.13097	-4.83101	-7.46091	-8.59607
384	1	4	2	2	6	3	17	-4.74118	-2.43004	-4.57665	-5.71654
385	2	1	12	3	2	1	5	-2.6316	-2.10426	-3.65976	-4.76603
386	2	1	12	88	2	1	5	-3.95681	-3.41743	-5.77739	-5.34265
387	9	2	4	62	4	5	6	-3.70708	-5.25883	-5.8839	-6.3945
388	2	4	1	2	7	1	5	-2.29622	-6.28969	-6.08053	-4.88733
389	2	1	5	3	2	3	5	-4.25325	-3.23634	-5.51496	-4.82774
390	7	21	5	62	4	61	44	-7.84607	-3.81137	-5.66541	-7.82062
391	1	2	215	4	90	24	8	-29.4594	-26.391	-25.2674	-21.0224
392	2	1	21	3	2	1	5	-2.93827	-2.4779	-4.44828	-4.50999
393	1	4	2	2	6	3	17	-4.74118	-2.43004	-4.57665	-5.71654
394	2	4	1	2	2	1	5	-2.77102	-3.66983	-4.20945	-4.07841
395	2	1	12	3	2	1	5	-2.6316	-2.10426	-3.65976	-4.76603
396	1	2	3	4	5	9	3	-4.73371	-2.47085	-3.62912	-5.00079
397	2	1	5	3	2	3	5	-4.25325	-3.23634	-5.51496	-4.82774
398	10	1	16	19	10	5	7	-6.65845	-2.72768	-4.2106	-5.29082
399	2	1	2	3	2	959	5	-7.49544	-10.2597	-11.5426	-9.25826
400	10	1	16	19	10	5	7	-6.65845	-2.72768	-4.2106	-5.29082
401	2	4	1	2	7	1	5	-2.29622	-6.28969	-6.08053	-4.88733
402	2	1	12	3	2	1	5	-2.6316	-2.10426	-3.65976	-4.76603
403	8	10	149	2	11	12	6	-4.89574	-3.95769	-5.68887	-7.14794
404	2	4	1	2	7	1	5	-2.29622	-6.28969	-6.08053	-4.88733
405	4	7	10	4	1	7	1	-1.8168	-3.91882	-2.68736	-1.93611
406	4	7	10	4	1	7	1	-1.8168	-3.91882	-2.68736	-1.93611
407	2	4	5	2	2	5	5	-3.6619	-7.6251	-7.12999	-5.7419
408	2	1	12	3	2	1	5	-2.6316	-2.10426	-3.65976	-4.76603
409	166	2	27	10	151	3	1	-31.0738	-30.7522	-29.8699	-24.4563
410	33	39	30	79	113	44	17	-26.7826	-24.5851	-24.6194	-26.4369
411	7	17	2	15	23	3	12	-6.8895	-10.8974	-10.8123	-9.74347
412	1	2	3	4	5	9	3	-4.73371	-2.47085	-3.62912	-5.00079
413	2	4	1	2	7	1	5	-2.29622	-6.28969	-6.08053	-4.88733
414	7	21	5	62	4	61	44	-7.84607	-3.81137	-5.66541	-7.82062
415	2	1	12	3	2	1	5	-2.6316	-2.10426	-3.65976	-4.76603
416	1	2	3	4	5	9	3	-4.73371	-2.47085	-3.62912	-5.00079
417	2	1	5	88	2	11	5	-9.29433	-5.3302	-6.06249	-8.26256
418	2	4	1	2	7	1	5	-2.29622	-6.28969	-6.08053	-4.88733
419	2	1	21	3	2	1	5	-2.93827	-2.4779	-4.44828	-4.50999
420	7	17	2	15	23	3	12	-6.8895	-10.8974	-10.8123	-9.74347
421	2	1	5	88	2	11	5	-9.29433	-5.3302	-6.06249	-8.26256
422	47	2	4	2	6	5	17	-11.5414	-11.3835	-6.22295	-8.43937
423	1	2	3	4	5	9	3	-4.73371	-2.47085	-3.62912	-5.00079
424	7	17	2	15	23	3	12	-6.8895	-10.8974	-10.8123	-9.74347
425	2	4	1	2	2	1	5	-2.77102	-3.66983	-4.20945	-4.07841
426	2	4	1	2	2	1	5	-2.77102	-3.66983	-4.20945	-4.07841
427	2	4	1	2	2	1	5	-2.77102	-3.66983	-4.20945	-4.07841
428	2	1	12	3	2	1	5	-2.6316	-2.10426	-3.65976	-4.76603
429	2	4	5	2	2	5	5	-3.6619	-7.6251	-7.12999	-5.7419
430	2	1	21	3	2	1	5	-2.93827	-2.4779	-4.44828	-4.50999
431	4	7	10	4	42	25	1	-8.57509	-9.87818	-5.84933	-5.19311
432	1	4	2	2	6	3	17	-4.74118	-2.43004	-4.57665	-5.71654
433	1	2	215	4	923	24	8	-29.4594	-26.391	-25.2674	-21.0224
434	1	2	3	4	5	9	3	-4.73371	-2.47085	-3.62912	-5.00079
435	2	1	1	3	2	1	5	-4.63443	-3.77125	-6.36593	-7.2127
436	1	4	2	2	6	3	17	-4.74118	-2.43004	-4.57665	-5.71654
437	2	4	1	2	2	1	5	-2.77102	-3.66983	-4.20945	-4.07841
438	2	1	5	3	2	5	5	-5.74964	-2.81156	-4.11007	-5.61269
439	4	7	10	4	42	51	1	-2.91905	-4.70911	-4.99767	-3.78977
440	4	7	10	4	1	7	1	-1.8168	-3.91882	-2.68736	-1.93611
441	4	7	10	4	1	7	1	-1.8168	-3.91882	-2.68736	-1.93611
442	4	7	10	4	1	7	1	-1.8168	-3.91882	-2.68736	-1.93611
443	2	1	21	3	2	1	5	-2.93827	-2.4779	-4.44828	-4.50999
444	2	1	21	3	2	1	5	-2.93827	-2.4779	-4.44828	-4.50999
445	2	4	1	2	7	1	5	-2.29622	-6.28969	-6.08053	-4.88733
446	4	7	10	4	1	7	1	-1.8168	-3.91882	-2.68736	-1.93611
447	4	7	10	4	1	7	1	-1.8168	-3.91882	-2.68736	-1.93611
448	2	1	1	3	2	1	5	-4.63443	-3.77125	-6.36593	-7.2127
449	2	1	21	3	2	1	5	-2.93827	-2.4779	-4.44828	-4.50999
450	2	1	21	3	2	1	5	-2.93827	-2.4779	-4.44828	-4.50999
451	4	7	10	4	42	51	1	-2.91905	-4.70911	-4.99767	-3.78977
452	4	7	10	1	1	7	1	-5.26157	-9.05387	-6.03024	-6.08382
453	239	27	16	19	10	5	7	-10.5106	-6.44917	-9.15279	-11.2282
454	2	1	12	3	2	1	5	-2.6316	-2.10426	-3.65976	-4.76603
455	2	4	1	2	2	1	5	-2.77102	-3.66983	-4.20945	-4.07841
456	2	1	12	3	2	1	5	-2.6316	-2.10426	-3.65976	-4.76603
457	2	1	12	3	2	1	5	-2.6316	-2.10426	-3.65976	-4.76603
458	10	81	50	99	120	76	52	-6.69352	-6.40358	-5.31655	-5.18361
459	47	2	4	2	6	5	17	-11.5414	-11.3835	-6.22295	-8.43937
460	2	4	1	3	2	1	5	-6.83076	-8.69544	-9.74276	-9.46662
461	4	7	10	4	1	7	1	-1.8168	-3.91882	-2.68736	-1.93611
462	2	1	1	380	2	1	5	-6.16311	-5.72368	-8.27083	-8.83386
463	2	4	1	2	7	1	5	-2.29622	-6.28969	-6.08053	-4.88733
464	2	1	12	88	2	1	5	-3.95681	-3.41743	-5.77739	-5.34265
465	7	71	5	62	11	67	1	-30.9818	-26.3005	-27.9099	-27.1991
466	2	4	1	2	7	1	5	-2.29622	-6.28969	-6.08053	-4.88733
467	4	7	10	4	1	7	1	-1.8168	-3.91882	-2.68736	-1.93611
468	2	1	1	380	2	1	5	-6.16311	-5.72368	-8.27083	-8.83386
469	2	4	1	2	2	1	5	-2.77102	-3.66983	-4.20945	-4.07841
470	2	1	12	3	2	1	5	-2.6316	-2.10426	-3.65976	-4.76603
471	1	14	2	2	6	1	17	-9.36361	-6.42514	-7.84585	-6.36456
472	1	2	4	62	4	5	17	-6.13097	-4.83101	-7.46091	-8.59607
473	4	7	10	4	1	7	1	-1.8168	-3.91882	-2.68736	-1.93611
474	2	1	21	3	2	1	5	-2.93827	-2.4779	-4.44828	-4.50999
475	2	4	1	2	2	1	5	-2.77102	-3.66983	-4.20945	-4.07841
476	1	4	2	2	6	3	17	-4.74118	-2.43004	-4.57665	-5.71654
477	4	7	10	4	1	7	1	-1.8168	-3.91882	-2.68736	-1.93611
478	10	2	107	62	120	76	1	-6.83333	-10.3573	-8.10202	-6.33648
479	2	1	12	3	2	1	5	-2.6316	-2.10426	-3.65976	-4.76603
480	2	1	5	3	2	3	5	-4.25325	-3.23634	-5.51496	-4.82774
481	2	1	21	3	2	1	5	-2.93827	-2.4779	-4.44828	-4.50999
482	1	2	3	4	5	9	3	-4.73371	-2.47085	-3.62912	-5.00079
483	1	307	3	4	5	9	3	-6.85331	-6.42588	-6.14881	-8.14783
484	7	2	5	2	10	3	6	-32.2133	-28.0752	-27.9196	-27.9988
485	1	2	3	4	5	9	3	-4.73371	-2.47085	-3.62912	-5.00079
486	33	39	30	82	104	173	68	-5.42555	-3.96166	-6.60769	-7.83835
487	4	7	10	4	42	7	1	-6.56833	-9.19295	-5.63596	-4.67236
488	2	1	12	88	2	1	5	-3.95681	-3.41743	-5.77739	-5.34265
489	2	4	1	2	2	1	5	-2.77102	-3.66983	-4.20945	-4.07841
490	2	1	21	3	2	1	5	-2.93827	-2.4779	-4.44828	-4.50999
491	9	2	4	62	4	5	6	-3.70708	-5.25883	-5.8839	-6.3945
492	2	1	5	3	2	3	5	-4.25325	-3.23634	-5.51496	-4.82774
493	4	7	10	4	1	7	1	-1.8168	-3.91882	-2.68736	-1.93611
494	2	1	57	26	127	29	35	-6.87634	-10.4102	-6.20837	-8.18204
495	2	1	57	26	127	29	35	-6.87634	-10.4102	-6.20837	-8.18204
496	2	4	2	4	19	3	6	-5.78698	-9.78991	-9.7014	-8.63108
497	2	1	12	3	2	1	5	-2.6316	-2.10426	-3.65976	-4.76603
498	2	4	1	2	2	1	5	-2.77102	-3.66983	-4.20945	-4.07841
499	2	4	1	2	2	1	5	-2.77102	-3.66983	-4.20945	-4.07841
500	2	1	21	3	2	1	5	-2.93827	-2.4779	-4.44828	-4.50999
501	33	39	65	79	104	43	17	-4.58627	-8.59455	-8.50879	-7.44086
502	1	14	2	2	6	1	17	-9.36361	-6.42514	-7.84585	-6.36456
503	2	1	12	3	2	1	5	-2.6316	-2.10426	-3.65976	-4.76603
504	7	21	5	62	4	61	44	-7.84607	-3.81137	-5.66541	-7.82062
505	9	2	4	62	4	5	6	-3.70708	-5.25883	-5.8839	-6.3945
506	129	66	30	82	189	47	17	-3.23618	-4.94274	-5.67148	-4.13969
507	2	1	21	3	2	1	5	-2.93827	-2.4779	-4.44828	-4.50999
508	47	2	4	2	6	5	17	-11.5414	-11.3835	-6.22295	-8.43937
509	2	4	1	2	7	1	5	-2.29622	-6.28969	-6.08053	-4.88733
510	33	38	30	82	104	325	36	-14.2594	-9.82336	-13.1335	-13.9051
511	1	4	2	2	6	3	17	-4.74118	-2.43004	-4.57665	-5.71654
512	1	4	2	2	6	3	17	-4.74118	-2.43004	-4.57665	-5.71654
513	2	4	1	2	2	1	5	-2.77102	-3.66983	-4.20945	-4.07841
514	4	7	10	4	1	7	1	-1.8168	-3.91882	-2.68736	-1.93611
515	33	283	44	82	189	44	17	-7.39654	-3.4517	-5.43199	-6.12655
516	8	10	149	2	11	12	6	-4.89574	-3.95769	-5.68887	-7.14794
517	2	1	21	3	62	1	5	-5.78484	-9.77664	-9.69793	-8.63331
518	10	1	16	19	10	5	7	-6.65845	-2.72768	-4.2106	-5.29082
519	180	194	2	68	19	231	147	-24.0278	-26.148	-29.098	-21.5208
520	2	4	1	2	7	1	5	-2.29622	-6.28969	-6.08053	-4.88733
521	2	4	2	2	6	1	5	-6.12058	-4.81717	-5.96248	-7.81542
522	1	2	3	4	5	9	3	-4.73371	-2.47085	-3.62912	-5.00079
523	2	1	21	3	2	1	5	-2.93827	-2.4779	-4.44828	-4.50999
524	2	1	12	3	2	1	5	-2.6316	-2.10426	-3.65976	-4.76603
525	2	1	5	3	2	3	5	-4.25325	-3.23634	-5.51496	-4.82774
526	1	307	3	4	5	9	3	-6.85331	-6.42588	-6.14881	-8.14783
527	2	4	1	2	7	1	5	-2.29622	-6.28969	-6.08053	-4.88733
528	2	1	12	3	2	1	5	-2.6316	-2.10426	-3.65976	-4.76603
529	7	21	5	62	4	61	44	-7.84607	-3.81137	-5.66541	-7.82062
530	2	1	5	3	2	3	5	-4.25325	-3.23634	-5.51496	-4.82774
531	2	1	12	88	2	1	5	-3.95681	-3.41743	-5.77739	-5.34265
532	2	1	21	3	2	1	5	-2.93827	-2.4779	-4.44828	-4.50999
533	1	4	2	2	6	3	17	-4.74118	-2.43004	-4.57665	-5.71654
534	2	4	1	2	7	1	5	-2.29622	-6.28969	-6.08053	-4.88733
535	47	2	4	2	6	5	17	-11.5414	-11.3835	-6.22295	-8.43937
536	1	4	2	2	6	3	17	-4.74118	-2.43004	-4.57665	-5.71654
537	1	2	3	4	5	9	3	-4.73371	-2.47085	-3.62912	-5.00079
538	2	4	1	2	2	1	5	-2.77102	-3.66983	-4.20945	-4.07841
539	4	7	10	4	42	7	1	-6.56833	-9.19295	-5.63596	-4.67236
540	2	4	1	9	2	1	5	-6.50532	-7.04136	-8.18838	-6.75321
541	2	1	12	3	2	1	5	-2.6316	-2.10426	-3.65976	-4.76603
542	1	4	2	9	6	3	17	-8.48256	-5.75117	-8.52648	-8.38281
543	1	2	3	4	922	9	3	-8.48329	-5.84385	-7.60915	-7.67832
544	4	7	10	4	1	7	1	-1.8168	-3.91882	-2.68736	-1.93611
545	2	1	5	3	2	3	5	-4.25325	-3.23634	-5.51496	-4.82774
546	2	4	1	2	7	1	5	-2.29622	-6.28969	-6.08053	-4.88733
547	4	7	10	4	1	7	1	-1.8168	-3.91882	-2.68736	-1.93611
548	2	4	1	2	2	1	5	-2.77102	-3.66983	-4.20945	-4.07841
549	2	1	21	3	2	1	5	-2.93827	-2.4779	-4.44828	-4.50999
550	4	7	10	4	1	7	1	-1.8168	-3.91882	-2.68736	-1.93611
551	1	4	2	2	6	3	17	-4.74118	-2.43004	-4.57665	-5.71654
552	2	1	5	3	2	5	5	-5.74964	-2.81156	-4.11007	-5.61269
553	2	1	12	3	2	1	5	-2.6316	-2.10426	-3.65976	-4.76603
554	4	936	10	4	1	7	1	-5.56097	-7.28961	-6.63994	-4.6162
555	180	194	2	68	19	231	147	-24.0278	-26.148	-29.098	-21.5208
556	4	7	10	4	42	51	1	-2.91905	-4.70911	-4.99767	-3.78977
557	4	7	10	4	42	25	1	-8.57509	-9.87818	-5.84933	-5.19311
558	2	1	21	3	2	1	5	-2.93827	-2.4779	-4.44828	-4.50999
559	2	1	5	3	2	3	5	-4.25325	-3.23634	-5.51496	-4.82774
560	2	1	5	3	2	3	5	-4.25325	-3.23634	-5.51496	-4.82774
561	4	7	10	4	42	51	1	-2.91905	-4.70911	-4.99767	-3.78977
562	4	7	10	4	1	7	1	-1.8168	-3.91882	-2.68736	-1.93611
563	2	4	1	2	7	1	5	-2.29622	-6.28969	-6.08053	-4.88733
564	2	1	21	3	2	1	5	-2.93827	-2.4779	-4.44828	-4.50999
565	1	4	2	2	6	3	17	-4.74118	-2.43004	-4.57665	-5.71654
566	188	313	5	2	89	5	6	-40.7956	-35.8478	-37.2756	-39.5497
567	2	1	21	3	2	1	5	-2.93827	-2.4779	-4.44828	-4.50999
568	2	1	1	3	2	1	5	-4.63443	-3.77125	-6.36593	-7.2127
569	2	1	5	3	2	3	5	-4.25325	-3.23634	-5.51496	-4.82774
570	2	4	1	2	2	1	5	-2.77102	-3.66983	-4.20945	-4.07841
571	2	1	5	3	2	3	5	-4.25325	-3.23634	-5.51496	-4.82774
572	2	1	1	3	2	1	5	-4.63443	-3.77125	-6.36593	-7.2127
573	2	1	5	3	2	3	5	-4.25325	-3.23634	-5.51496	-4.82774
574	1	4	2	2	6	3	17	-4.74118	-2.43004	-4.57665	-5.71654
575	1	4	2	2	6	3	17	-4.74118	-2.43004	-4.57665	-5.71654
576	2	1	21	3	2	1	5	-2.93827	-2.4779	-4.44828	-4.50999
577	239	27	16	19	10	5	7	-10.5106	-6.44917	-9.15279	-11.2282
578	2	4	5	2	2	5	5	-3.6619	-7.6251	-7.12999	-5.7419
579	9	2	4	62	4	5	6	-3.70708	-5.25883	-5.8839	-6.3945
580	2	1	1	3	2	1	5	-4.63443	-3.77125	-6.36593	-7.2127
581	2	1	5	3	2	3	5	-4.25325	-3.23634	-5.51496	-4.82774
582	1	4	2	2	6	3	17	-4.74118	-2.43004	-4.57665	-5.71654
583	2	4	5	2	2	5	5	-3.6619	-7.6251	-7.12999	-5.7419
584	2	4	5	2	2	5	5	-3.6619	-7.6251	-7.12999	-5.7419
585	2	1	5	3	2	3	5	-4.25325	-3.23634	-5.51496	-4.82774
586	2	1	1	380	2	1	5	-6.16311	-5.72368	-8.27083	-8.83386
587	2	7	10	4	1	7	1	-6.62067	-8.99468	-7.90555	-6.99127
588	2	1	12	3	2	1	5	-2.6316	-2.10426	-3.65976	-4.76603
589	2	4	1	2	2	1	5	-2.77102	-3.66983	-4.20945	-4.07841
590	9	2	4	62	4	5	6	-3.70708	-5.25883	-5.8839	-6.3945
591	2	4	5	2	2	5	5	-3.6619	-7.6251	-7.12999	-5.7419
592	1	4	2	2	6	3	17	-4.74118	-2.43004	-4.57665	-5.71654
593	1	4	2	2	6	5	17	-13.0983	-8.71591	-11.1803	-13.6139
594	2	4	2	2	6	1	5	-6.12058	-4.81717	-5.96248	-7.81542
595	1	4	2	2	6	5	17	-13.0983	-8.71591	-11.1803	-13.6139
596	2	23	21	3	2	1	5	-6.68865	-5.85539	-8.43068	-7.18946
597	7	21	5	62	4	61	44	-7.84607	-3.81137	-5.66541	-7.82062
598	2	4	1	2	2	1	5	-2.77102	-3.66983	-4.20945	-4.07841
599	1	307	3	4	5	9	3	-6.85331	-6.42588	-6.14881	-8.14783
600	1	2	3	4	5	9	3	-4.73371	-2.47085	-3.62912	-5.00079
601	9	2	4	62	4	5	6	-3.70708	-5.25883	-5.8839	-6.3945
602	2	1	12	3	2	1	5	-2.6316	-2.10426	-3.65976	-4.76603
603	1	4	2	2	6	3	17	-4.74118	-2.43004	-4.57665	-5.71654
604	10	1	16	19	10	5	7	-6.65845	-2.72768	-4.2106	-5.29082
605	2	1	12	3	2	1	5	-2.6316	-2.10426	-3.65976	-4.76603
606	180	194	2	68	19	231	147	-24.0278	-26.148	-29.098	-21.5208
607	2	1	12	3	2	1	5	-2.6316	-2.10426	-3.65976	-4.76603
608	4	7	10	4	1	7	1	-1.8168	-3.91882	-2.68736	-1.93611
609	129	66	30	82	189	47	17	-3.23618	-4.94274	-5.67148	-4.13969
610	4	7	10	4	1	7	1	-1.8168	-3.91882	-2.68736	-1.93611
611	2	1	12	3	2	1	5	-2.6316	-2.10426	-3.65976	-4.76603
612	2	1	21	3	2	1	5	-2.93827	-2.4779	-4.44828	-4.50999
613	4	7	10	4	1	7	1	-1.8168	-3.91882	-2.68736	-1.93611
614	10	1	16	19	10	5	7	-6.65845	-2.72768	-4.2106	-5.29082
615	8	10	149	2	11	12	6	-4.89574	-3.95769	-5.68887	-7.14794
616	129	66	30	82	189	47	17	-3.23618	-4.94274	-5.67148	-4.13969
617	2	4	1	2	2	1	5	-2.77102	-3.66983	-4.20945	-4.07841
618	180	194	2	68	19	231	147	-24.0278	-26.148	-29.098	-21.5208
619	2	1	5	3	2	3	5	-4.25325	-3.23634	-5.51496	-4.82774
620	2	4	1	2	2	1	5	-2.77102	-3.66983	-4.20945	-4.07841
621	1	2	3	4	5	9	3	-4.73371	-2.47085	-3.62912	-5.00079
622	180	194	2	68	19	231	147	-24.0278	-26.148	-29.098	-21.5208
623	33	39	65	79	104	43	17	-4.58627	-8.59455	-8.50879	-7.44086
624	2	4	5	2	2	5	5	-3.6619	-7.6251	-7.12999	-5.7419
625	2	1	5	3	2	5	5	-5.74964	-2.81156	-4.11007	-5.61269
626	2	1	12	3	2	1	5	-2.6316	-2.10426	-3.65976	-4.76603
627	180	194	2	68	19	231	147	-24.0278	-26.148	-29.098	-21.5208
628	2	1	21	3	2	1	5	-2.93827	-2.4779	-4.44828	-4.50999
629	2	1	5	3	2	5	5	-5.74964	-2.81156	-4.11007	-5.61269
630	2	1	21	3	2	1	5	-2.93827	-2.4779	-4.44828	-4.50999
631	1	2	3	4	5	9	3	-4.73371	-2.47085	-3.62912	-5.00079
632	2	1	21	3	2	1	5	-2.93827	-2.4779	-4.44828	-4.50999
633	8	10	2	2	11	12	6	-3.94317	-7.85851	-7.85931	-6.79685
634	2	4	1	2	7	1	5	-2.29622	-6.28969	-6.08053	-4.88733
635	2	1	5	3	2	3	5	-4.25325	-3.23634	-5.51496	-4.82774
636	1	2	3	4	5	9	3	-4.73371	-2.47085	-3.62912	-5.00079
637	9	2	4	62	4	5	6	-3.70708	-5.25883	-5.8839	-6.3945
638	2	1	21	3	2	1	5	-2.93827	-2.4779	-4.44828	-4.50999
639	8	10	149	2	11	12	6	-4.89574	-3.95769	-5.68887	-7.14794
640	2	1	12	88	2	1	5	-3.95681	-3.41743	-5.77739	-5.34265
641	2	4	1	2	2	1	5	-2.77102	-3.66983	-4.20945	-4.07841
642	2	1	5	10	10	1	5	-23.8498	-23.3667	-22.4688	-22.9638
643	1	2	3	4	5	9	3	-4.73371	-2.47085	-3.62912	-5.00079
644	2	4	1	2	7	1	5	-2.29622	-6.28969	-6.08053	-4.88733
645	2	4	1	2	2	1	5	-2.77102	-3.66983	-4.20945	-4.07841
646	1	2	3	4	5	9	3	-4.73371	-2.47085	-3.62912	-5.00079
647	2	1	12	88	2	1	5	-3.95681	-3.41743	-5.77739	-5.34265
648	4	7	10	4	1	7	1	-1.8168	-3.91882	-2.68736	-1.93611
649	2	1	21	3	2	1	5	-2.93827	-2.4779	-4.44828	-4.50999
650	2	4	1	2	7	1	5	-2.29622	-6.28969	-6.08053	-4.88733
651	33	38	30	82	118	43	17	-20.621	-19.4073	-20.9822	-22.2973
652	2	4	1	2	2	1	5	-2.77102	-3.66983	-4.20945	-4.07841
653	2	1	5	3	2	3	5	-4.25325	-3.23634	-5.51496	-4.82774
654	4	7	10	4	1	7	1	-1.8168	-3.91882	-2.68736	-1.93611
655	8	10	2	2	11	12	6	-3.94317	-7.85851	-7.85931	-6.79685
656	2	4	5	2	2	5	5	-3.6619	-7.6251	-7.12999	-5.7419
657	4	7	10	4	1	7	1	-1.8168	-3.91882	-2.68736	-1.93611
658	2	1	5	3	2	3	5	-4.25325	-3.23634	-5.51496	-4.82774
659	33	39	30	82	113	47	17	-5.7722	-5.738	-8.20735	-8.50244
660	2	1	21	3	2	1	5	-2.93827	-2.4779	-4.44828	-4.50999
661	2	4	1	2	7	1	5	-2.29622	-6.28969	-6.08053	-4.88733
662	2	1	1	3	2	1	5	-4.63443	-3.77125	-6.36593	-7.2127
663	4	7	10	4	1	7	1	-1.8168	-3.91882	-2.68736	-1.93611
664	7	21	5	62	4	61	44	-7.84607	-3.81137	-5.66541	-7.82062
665	10	81	50	99	120	76	52	-6.69352	-6.40358	-5.31655	-5.18361
666	4	7	10	4	1	7	1	-1.8168	-3.91882	-2.68736	-1.93611
667	1	2	3	4	5	9	3	-4.73371	-2.47085	-3.62912	-5.00079
668	1	2	3	4	5	9	3	-4.73371	-2.47085	-3.62912	-5.00079
669	2	4	1	2	7	1	5	-2.29622	-6.28969	-6.08053	-4.88733
670	4	7	10	4	1	7	1	-1.8168	-3.91882	-2.68736	-1.93611
671	2	1	5	3	2	3	5	-4.25325	-3.23634	-5.51496	-4.82774
672	1	4	2	2	6	3	17	-4.74118	-2.43004	-4.57665	-5.71654
673	4	935	10	4	1	7	1	-5.56097	-7.28961	-6.63994	-4.6162
674	10	1	16	19	10	5	7	-6.65845	-2.72768	-4.2106	-5.29082
675	4	7	10	4	1	7	1	-1.8168	-3.91882	-2.68736	-1.93611
676	33	39	65	79	104	43	17	-4.58627	-8.59455	-8.50879	-7.44086
677	2	4	2	2	6	1	5	-6.12058	-4.81717	-5.96248	-7.81542
678	4	7	10	4	42	25	1	-8.57509	-9.87818	-5.84933	-5.19311
679	1	4	2	2	6	3	17	-4.74118	-2.43004	-4.57665	-5.71654
680	4	7	10	4	42	25	1	-8.57509	-9.87818	-5.84933	-5.19311
681	4	7	10	4	42	25	1	-8.57509	-9.87818	-5.84933	-5.19311
682	4	7	10	4	1	7	1	-1.8168	-3.91882	-2.68736	-1.93611
683	2	4	1	2	7	1	5	-2.29622	-6.28969	-6.08053	-4.88733
684	4	7	10	4	1	7	1	-1.8168	-3.91882	-2.68736	-1.93611
685	4	7	10	4	42	7	1	-6.56833	-9.19295	-5.63596	-4.67236
686	10	27	16	19	10	5	7	-21.1941	-12.7935	-15.7235	-18.0899
687	10	81	50	99	120	76	52	-6.69352	-6.40358	-5.31655	-5.18361
688	4	7	10	4	1	7	1	-1.8168	-3.91882	-2.68736	-1.93611
689	4	7	10	4	42	51	1	-2.91905	-4.70911	-4.99767	-3.78977
690	4	7	10	4	1	7	1	-1.8168	-3.91882	-2.68736	-1.93611
691	10	81	50	99	120	76	52	-6.69352	-6.40358	-5.31655	-5.18361
692	2	4	1	2	2	1	5	-2.77102	-3.66983	-4.20945	-4.07841
693	4	7	10	4	42	51	1	-2.91905	-4.70911	-4.99767	-3.78977
694	4	7	10	4	42	51	1	-2.91905	-4.70911	-4.99767	-3.78977
695	4	7	10	4	42	51	1	-2.91905	-4.70911	-4.99767	-3.78977
696	8	10	2	2	11	12	6	-3.94317	-7.85851	-7.85931	-6.79685
697	33	38	30	82	104	43	17	-5.27931	-9.28644	-9.19968	-8.12995
698	4	7	10	4	1	7	1	-1.8168	-3.91882	-2.68736	-1.93611
699	10	81	50	99	120	76	52	-6.69352	-6.40358	-5.31655	-5.18361
700	2	4	1	2	7	1	5	-2.29622	-6.28969	-6.08053	-4.88733
701	4	7	10	4	1	7	1	-1.8168	-3.91882	-2.68736	-1.93611
702	4	7	10	4	1	7	1	-1.8168	-3.91882	-2.68736	-1.93611
703	10	81	50	99	120	76	52	-6.69352	-6.40358	-5.31655	-5.18361
704	4	7	10	4	42	51	1	-2.91905	-4.70911	-4.99767	-3.78977
705	9	2	4	62	4	5	6	-3.70708	-5.25883	-5.8839	-6.3945
706	4	7	10	4	1	7	1	-1.8168	-3.91882	-2.68736	-1.93611
707	2	1	1	3	2	1	5	-4.63443	-3.77125	-6.36593	-7.2127
708	1	14	2	2	6	1	17	-9.36361	-6.42514	-7.84585	-6.36456
709	2	4	2	2	6	1	5	-6.12058	-4.81717	-5.96248	-7.81542
710	2	4	2	2	6	1	5	-6.12058	-4.81717	-5.96248	-7.81542
711	4	7	10	4	42	51	1	-2.91905	-4.70911	-4.99767	-3.78977
712	10	2	107	62	120	76	1	-6.83333	-10.3573	-8.10202	-6.33648
713	2	1	12	3	2	1	5	-2.6316	-2.10426	-3.65976	-4.76603
714	2	4	1	2	2	1	5	-2.77102	-3.66983	-4.20945	-4.07841
715	47	2	4	2	6	5	17	-11.5414	-11.3835	-6.22295	-8.43937
716	4	7	10	4	42	5	1	-11.2478	-10.9765	-10.9384	-11.1901
717	2	1	12	3	2	1	5	-2.6316	-2.10426	-3.65976	-4.76603
718	4	7	10	4	42	51	1	-2.91905	-4.70911	-4.99767	-3.78977
719	1	307	3	4	5	9	3	-6.85331	-6.42588	-6.14881	-8.14783
720	2	1	21	3	2	1	5	-2.93827	-2.4779	-4.44828	-4.50999
721	4	7	10	4	1	7	1	-1.8168	-3.91882	-2.68736	-1.93611
722	2	4	1	2	2	1	5	-2.77102	-3.66983	-4.20945	-4.07841
723	2	1	12	3	2	1	5	-2.6316	-2.10426	-3.65976	-4.76603
724	4	7	10	4	1	7	1	-1.8168	-3.91882	-2.68736	-1.93611
725	2	1	21	3	2	1	5	-2.93827	-2.4779	-4.44828	-4.50999
726	2	1	1	3	2	1	5	-4.63443	-3.77125	-6.36593	-7.2127
727	4	7	10	4	1	7	1	-1.8168	-3.91882	-2.68736	-1.93611
728	2	1	12	3	2	1	5	-2.6316	-2.10426	-3.65976	-4.76603
729	1	4	3	2	6	3	17	-14.8727	-9.19891	-11.4429	-14.0918
730	2	1	12	3	2	1	5	-2.6316	-2.10426	-3.65976	-4.76603
731	2	1	12	88	2	1	5	-3.95681	-3.41743	-5.77739	-5.34265
732	1	4	2	2	6	3	17	-4.74118	-2.43004	-4.57665	-5.71654
733	4	7	10	4	42	51	1	-2.91905	-4.70911	-4.99767	-3.78977
734	2	1	12	3	2	1	5	-2.6316	-2.10426	-3.65976	-4.76603
735	4	7	10	4	1	7	1	-1.8168	-3.91882	-2.68736	-1.93611
736	2	1	12	88	2	1	5	-3.95681	-3.41743	-5.77739	-5.34265
737	2	1	21	3	2	1	5	-2.93827	-2.4779	-4.44828	-4.50999
738	2	4	5	2	2	5	5	-3.6619	-7.6251	-7.12999	-5.7419
739	2	4	5	2	2	5	5	-3.6619	-7.6251	-7.12999	-5.7419
740	2	1	21	3	62	1	5	-5.78484	-9.77664	-9.69793	-8.63331
741	4	7	10	4	42	25	1	-8.57509	-9.87818	-5.84933	-5.19311
742	1	2	4	62	4	5	17	-6.13097	-4.83101	-7.46091	-8.59607
743	1	2	3	4	5	9	3	-4.73371	-2.47085	-3.62912	-5.00079
744	8	10	2	2	11	12	6	-3.94317	-7.85851	-7.85931	-6.79685
745	2	1	12	88	2	1	5	-3.95681	-3.41743	-5.77739	-5.34265
746	2	4	5	2	2	5	5	-3.6619	-7.6251	-7.12999	-5.7419
747	2	1	12	3	2	1	5	-2.6316	-2.10426	-3.65976	-4.76603
748	7	21	5	62	4	61	44	-7.84607	-3.81137	-5.66541	-7.82062
749	9	2	4	62	4	5	6	-3.70708	-5.25883	-5.8839	-6.3945
750	10	1	16	19	10	5	7	-6.65845	-2.72768	-4.2106	-5.29082
751	10	1	16	19	10	5	7	-6.65845	-2.72768	-4.2106	-5.29082
752	8	10	2	2	11	12	6	-3.94317	-7.85851	-7.85931	-6.79685
753	1	4	2	2	6	3	17	-4.74118	-2.43004	-4.57665	-5.71654
754	2	1	12	3	2	1	5	-2.6316	-2.10426	-3.65976	-4.76603
755	2	1	12	88	2	1	5	-3.95681	-3.41743	-5.77739	-5.34265
756	2	29	4	27	10	25	57	-19.8608	-22.1672	-14.4162	-11.9057
757	2	1	5	3	2	3	5	-4.25325	-3.23634	-5.51496	-4.82774
758	2	1	12	3	2	1	5	-2.6316	-2.10426	-3.65976	-4.76603
759	37	52	57	26	107	29	23	-8.32437	-9.65342	-5.77159	-4.94109
760	2	4	1	2	7	1	5	-2.29622	-6.28969	-6.08053	-4.88733
761	1	2	3	4	5	9	3	-4.73371	-2.47085	-3.62912	-5.00079
762	2	1	12	3	2	1	5	-2.6316	-2.10426	-3.65976	-4.76603
763	1	4	2	2	6	3	17	-4.74118	-2.43004	-4.57665	-5.71654
764	1	4	2	2	6	3	17	-4.74118	-2.43004	-4.57665	-5.71654
765	1	2	3	4	5	9	3	-4.73371	-2.47085	-3.62912	-5.00079
766	4	7	10	4	1	7	1	-1.8168	-3.91882	-2.68736	-1.93611
767	2	1	21	3	2	1	5	-2.93827	-2.4779	-4.44828	-4.50999
768	2	1	12	3	2	1	5	-2.6316	-2.10426	-3.65976	-4.76603
769	2	4	1	2	2	5	5	-6.82521	-6.39189	-8.81554	-9.41775
770	2	4	1	2	2	1	5	-2.77102	-3.66983	-4.20945	-4.07841
771	2	4	5	2	2	5	5	-3.6619	-7.6251	-7.12999	-5.7419
772	10	1	16	19	10	5	7	-6.65845	-2.72768	-4.2106	-5.29082
773	7	21	5	62	4	61	44	-7.84607	-3.81137	-5.66541	-7.82062
774	9	2	4	62	4	5	6	-3.70708	-5.25883	-5.8839	-6.3945
775	2	1	12	3	2	1	5	-2.6316	-2.10426	-3.65976	-4.76603
776	1	4	2	2	6	3	17	-4.74118	-2.43004	-4.57665	-5.71654
777	4	7	10	4	1	7	1	-1.8168	-3.91882	-2.68736	-1.93611
778	2	1	12	3	2	1	5	-2.6316	-2.10426	-3.65976	-4.76603
779	2	1	5	3	2	5	5	-5.74964	-2.81156	-4.11007	-5.61269
780	2	23	21	3	2	1	5	-6.68865	-5.85539	-8.43068	-7.18946
781	2	4	5	2	2	5	5	-3.6619	-7.6251	-7.12999	-5.7419
782	2	4	2	2	6	1	5	-6.12058	-4.81717	-5.96248	-7.81542
783	2	1	12	3	2	1	5	-2.6316	-2.10426	-3.65976	-4.76603
784	4	7	10	4	42	51	1	-2.91905	-4.70911	-4.99767	-3.78977
785	7	17	5	2	86	232	1	-28.679	-31.5783	-29.6748	-25.2717
786	2	4	1	2	2	1	5	-2.77102	-3.66983	-4.20945	-4.07841
787	2	1	12	3	2	1	5	-2.6316	-2.10426	-3.65976	-4.76603
788	2	1	21	3	2	1	5	-2.93827	-2.4779	-4.44828	-4.50999
789	7	17	2	15	23	3	12	-6.8895	-10.8974	-10.8123	-9.74347
790	2	1	5	3	2	5	5	-5.74964	-2.81156	-4.11007	-5.61269
791	1	6	60	24	12	28	1	-28.7622	-28.8309	-24.4309	-19.5311
792	1	2	3	4	5	9	3	-4.73371	-2.47085	-3.62912	-5.00079
793	2	4	5	2	2	5	5	-3.6619	-7.6251	-7.12999	-5.7419
794	1	2	3	4	5	9	3	-4.73371	-2.47085	-3.62912	-5.00079
795	1	6	60	24	12	28	1	-28.7622	-28.8309	-24.4309	-19.5311
796	9	2	4	62	4	5	6	-3.70708	-5.25883	-5.8839	-6.3945
797	2	4	1	2	2	1	5	-2.77102	-3.66983	-4.20945	-4.07841
798	4	7	10	4	1	7	1	-1.8168	-3.91882	-2.68736	-1.93611
799	2	4	5	2	2	5	5	-3.6619	-7.6251	-7.12999	-5.7419
800	7	2	2	2	11	12	6	-4.48978	-8.49695	-8.41085	-7.34303
801	2	1	21	3	2	1	941	-6.68896	-5.83599	-8.42142	-7.18797
802	9	2	2	10	10	3	5	-30.6633	-25.221	-25.2366	-24.8864
803	8	10	149	2	11	12	6	-4.89574	-3.95769	-5.68887	-7.14794
804	7	1	5	2	10	3	6	-33.1926	-29.6244	-29.0603	-28.438
805	2	1	21	3	2	1	5	-2.93827	-2.4779	-4.44828	-4.50999
806	33	39	30	82	113	43	17	-10.0994	-6.43912	-6.17554	-8.38214
807	1	6	60	24	12	28	1	-28.7622	-28.8309	-24.4309	-19.5311
808	1	6	60	24	12	28	1	-28.7622	-28.8309	-24.4309	-19.5311
809	7	17	2	15	23	3	12	-6.8895	-10.8974	-10.8123	-9.74347
810	1	4	2	2	6	3	17	-4.74118	-2.43004	-4.57665	-5.71654
811	1	4	2	2	6	3	17	-4.74118	-2.43004	-4.57665	-5.71654
812	7	21	5	62	4	61	44	-7.84607	-3.81137	-5.66541	-7.82062
813	239	27	16	19	10	5	7	-10.5106	-6.44917	-9.15279	-11.2282
814	9	2	4	62	4	5	6	-3.70708	-5.25883	-5.8839	-6.3945
815	10	1	16	19	10	5	7	-6.65845	-2.72768	-4.2106	-5.29082
816	2	1	5	3	2	5	5	-5.74964	-2.81156	-4.11007	-5.61269
817	2	4	5	2	2	5	5	-3.6619	-7.6251	-7.12999	-5.7419
818	8	10	2	2	11	12	6	-3.94317	-7.85851	-7.85931	-6.79685
819	7	17	2	15	23	3	12	-6.8895	-10.8974	-10.8123	-9.74347
820	2	4	1	4	1	1	5	-15.9069	-18.2024	-15.2488	-14.5181
821	4	7	10	4	1	7	1	-1.8168	-3.91882	-2.68736	-1.93611
822	8	10	149	2	11	12	6	-4.89574	-3.95769	-5.68887	-7.14794
823	2	1	12	88	2	1	5	-3.95681	-3.41743	-5.77739	-5.34265
824	2	4	2	2	6	1	5	-6.12058	-4.81717	-5.96248	-7.81542
825	10	81	50	99	120	76	52	-6.69352	-6.40358	-5.31655	-5.18361
826	2	4	5	2	2	5	5	-3.6619	-7.6251	-7.12999	-5.7419
827	2	4	1	2	2	5	5	-6.82521	-6.39189	-8.81554	-9.41775
828	8	10	149	2	11	12	6	-4.89574	-3.95769	-5.68887	-7.14794
829	1	4	2	2	6	3	17	-4.74118	-2.43004	-4.57665	-5.71654
830	2	165	73	147	220	190	104	-8.65133	-10.1291	-7.07433	-5.2726
831	4	7	10	4	42	25	1	-8.57509	-9.87818	-5.84933	-5.19311
832	7	2	2	2	11	12	6	-4.48978	-8.49695	-8.41085	-7.34303
833	1	6	60	24	12	28	1	-28.7622	-28.8309	-24.4309	-19.5311
834	2	1	12	3	2	1	5	-2.6316	-2.10426	-3.65976	-4.76603
835	33	39	65	79	104	77	17	-5.27925	-9.28701	-9.20205	-8.13386
836	4	7	10	4	1	7	1	-1.8168	-3.91882	-2.68736	-1.93611
837	1	2	3	4	5	9	3	-4.73371	-2.47085	-3.62912	-5.00079
838	2	1	21	3	2	1	5	-2.93827	-2.4779	-4.44828	-4.50999
839	2	1	12	3	2	1	5	-2.6316	-2.10426	-3.65976	-4.76603
840	4	7	10	4	1	7	1	-1.8168	-3.91882	-2.68736	-1.93611
841	2	4	1	2	7	1	5	-2.29622	-6.28969	-6.08053	-4.88733
842	184	39	30	82	113	43	17	-3.94282	-6.24868	-7.62262	-6.78648
843	4	7	10	4	1	7	1	-1.8168	-3.91882	-2.68736	-1.93611
844	2	4	1	2	2	1	5	-2.77102	-3.66983	-4.20945	-4.07841
845	4	7	10	4	1	7	1	-1.8168	-3.91882	-2.68736	-1.93611
846	2	1	12	88	2	1	5	-3.95681	-3.41743	-5.77739	-5.34265
847	2	1	21	3	2	1	5	-2.93827	-2.4779	-4.44828	-4.50999
848	1	2	3	4	5	9	3	-4.73371	-2.47085	-3.62912	-5.00079
849	4	7	10	4	1	7	1	-1.8168	-3.91882	-2.68736	-1.93611
850	2	1	21	3	2	1	5	-2.93827	-2.4779	-4.44828	-4.50999
851	8	10	2	2	11	12	6	-3.94317	-7.85851	-7.85931	-6.79685
852	2	4	1	2	2	1	5	-2.77102	-3.66983	-4.20945	-4.07841
853	2	4	1	2	2	1	5	-2.77102	-3.66983	-4.20945	-4.07841
854	2	4	2	2	6	1	5	-6.12058	-4.81717	-5.96248	-7.81542
855	2	4	1	2	2	1	5	-2.77102	-3.66983	-4.20945	-4.07841
856	2	4	1	2	2	1	5	-2.77102	-3.66983	-4.20945	-4.07841
857	2	4	1	2	2	1	5	-2.77102	-3.66983	-4.20945	-4.07841
858	1	2	3	4	5	9	3	-4.73371	-2.47085	-3.62912	-5.00079
859	2	4	1	2	2	1	5	-2.77102	-3.66983	-4.20945	-4.07841
860	2	4	1	2	2	1	5	-2.77102	-3.66983	-4.20945	-4.07841
861	8	10	2	2	11	12	6	-3.94317	-7.85851	-7.85931	-6.79685
862	2	1	5	3	2	3	5	-4.25325	-3.23634	-5.51496	-4.82774
863	33	39	30	82	104	173	68	-5.42555	-3.96166	-6.60769	-7.83835
864	2	4	1	2	7	1	5	-2.29622	-6.28969	-6.08053	-4.88733
865	8	10	2	2	11	12	6	-3.94317	-7.85851	-7.85931	-6.79685
866	2	4	1	2	7	1	5	-2.29622	-6.28969	-6.08053	-4.88733
867	1	2	3	4	5	9	3	-4.73371	-2.47085	-3.62912	-5.00079
868	1	2	215	4	90	24	8	-29.4594	-26.391	-25.2674	-21.0224
869	2	1	1	3	2	1	5	-4.63443	-3.77125	-6.36593	-7.2127
870	10	81	50	99	120	76	52	-6.69352	-6.40358	-5.31655	-5.18361
871	2	4	1	2	7	1	5	-2.29622	-6.28969	-6.08053	-4.88733
872	2	1	12	3	2	1	5	-2.6316	-2.10426	-3.65976	-4.76603
873	2	4	1	2	2	1	5	-2.77102	-3.66983	-4.20945	-4.07841
874	2	4	1	2	2	1	5	-2.77102	-3.66983	-4.20945	-4.07841
875	2	4	1	2	2	1	5	-2.77102	-3.66983	-4.20945	-4.07841
876	2	1	5	3	2	3	5	-4.25325	-3.23634	-5.51496	-4.82774
877	2	4	1	2	2	1	5	-2.77102	-3.66983	-4.20945	-4.07841
878	4	7	10	4	1	7	1	-1.8168	-3.91882	-2.68736	-1.93611
879	2	4	1	2	7	1	5	-2.29622	-6.28969	-6.08053	-4.88733
880	2	4	5	2	2	5	5	-3.6619	-7.6251	-7.12999	-5.7419
881	2	4	1	2	2	1	5	-2.77102	-3.66983	-4.20945	-4.07841
882	8	10	2	2	11	12	6	-3.94317	-7.85851	-7.85931	-6.79685
883	4	7	10	4	1	7	1	-1.8168	-3.91882	-2.68736	-1.93611
884	2	4	1	2	2	1	5	-2.77102	-3.66983	-4.20945	-4.07841
885	166	2	1	10	17	3	1	-34.5225	-34.646	-33.1702	-29.0724
886	2	4	1	2	7	1	5	-2.29622	-6.28969	-6.08053	-4.88733
887	2	4	1	2	2	1	5	-2.77102	-3.66983	-4.20945	-4.07841
888	4	7	10	4	1	7	1	-1.8168	-3.91882	-2.68736	-1.93611
889	4	7	10	4	1	7	1	-1.8168	-3.91882	-2.68736	-1.93611
890	2	4	1	2	7	1	5	-2.29622	-6.28969	-6.08053	-4.88733
891	2	4	1	2	2	1	5	-2.77102	-3.66983	-4.20945	-4.07841
892	2	1	5	3	2	3	5	-4.25325	-3.23634	-5.51496	-4.82774
893	9	25	2	10	22	3	6	-4.45531	-8.11964	-6.12298	-4.37539
894	2	1	21	3	62	1	5	-5.78484	-9.77664	-9.69793	-8.63331
895	129	66	30	82	189	47	17	-3.23618	-4.94274	-5.67148	-4.13969
896	129	66	30	82	189	47	17	-3.23618	-4.94274	-5.67148	-4.13969
897	4	7	10	4	1	7	1	-1.8168	-3.91882	-2.68736	-1.93611
898	2	4	1	2	2	1	5	-2.77102	-3.66983	-4.20945	-4.07841
899	4	7	10	4	42	7	1	-6.56833	-9.19295	-5.63596	-4.67236
900	2	4	1	2	7	1	5	-2.29622	-6.28969	-6.08053	-4.88733
901	1	307	3	4	5	9	3	-6.85331	-6.42588	-6.14881	-8.14783
902	2	1	21	3	2	1	5	-2.93827	-2.4779	-4.44828	-4.50999
903	4	7	10	4	1	7	1	-1.8168	-3.91882	-2.68736	-1.93611
904	2	1	21	3	2	1	5	-2.93827	-2.4779	-4.44828	-4.50999
905	2	4	1	2	2	5	5	-6.82521	-6.39189	-8.81554	-9.41775
906	2	4	1	2	7	1	5	-2.29622	-6.28969	-6.08053	-4.88733
907	2	4	1	2	7	1	5	-2.29622	-6.28969	-6.08053	-4.88733
908	2	4	1	2	7	1	5	-2.29622	-6.28969	-6.08053	-4.88733
909	4	7	10	4	1	7	1	-1.8168	-3.91882	-2.68736	-1.93611
910	8	10	2	2	11	12	6	-3.94317	-7.85851	-7.85931	-6.79685
911	7	21	5	62	4	61	44	-7.84607	-3.81137	-5.66541	-7.82062
912	2	1	12	88	2	1	5	-3.95681	-3.41743	-5.77739	-5.34265
913	2	4	1	2	2	1	5	-2.77102	-3.66983	-4.20945	-4.07841
914	1	2	3	4	5	9	3	-4.73371	-2.47085	-3.62912	-5.00079
915	2	4	1	2	7	1	5	-2.29622	-6.28969	-6.08053	-4.88733
916	2	4	1	2	2	1	5	-2.77102	-3.66983	-4.20945	-4.07841
917	2	4	1	2	2	1	5	-2.77102	-3.66983	-4.20945	-4.07841
918	2	4	1	2	7	1	5	-2.29622	-6.28969	-6.08053	-4.88733
919	4	7	10	4	1	7	1	-1.8168	-3.91882	-2.68736	-1.93611
920	2	1	5	3	2	3	5	-4.25325	-3.23634	-5.51496	-4.82774
921	2	4	1	2	7	1	5	-2.29622	-6.28969	-6.08053	-4.88733
922	2	4	1	2	2	1	5	-2.77102	-3.66983	-4.20945	-4.07841
923	8	10	2	2	11	12	6	-3.94317	-7.85851	-7.85931	-6.79685
924	2	1	12	3	2	1	5	-2.6316	-2.10426	-3.65976	-4.76603
925	48	7	10	4	183	7	1	-9.22523	-10.5702	-10.5949	-7.23171
926	7	21	5	62	4	61	44	-7.84607	-3.81137	-5.66541	-7.82062
927	4	7	10	4	1	7	1	-1.8168	-3.91882	-2.68736	-1.93611
928	9	25	2	10	22	3	6	-4.45531	-8.11964	-6.12298	-4.37539
929	2	4	1	2	2	1	5	-2.77102	-3.66983	-4.20945	-4.07841
930	2	4	1	2	7	1	5	-2.29622	-6.28969	-6.08053	-4.88733
931	2	4	1	2	2	1	5	-2.77102	-3.66983	-4.20945	-4.07841
932	2	4	1	2	2	1	5	-2.77102	-3.66983	-4.20945	-4.07841
933	9	25	2	10	22	3	6	-4.45531	-8.11964	-6.12298	-4.37539
934	2	4	1	2	2	1	5	-2.77102	-3.66983	-4.20945	-4.07841
935	2	4	1	2	2	1	5	-2.77102	-3.66983	-4.20945	-4.07841
936	2	4	1	2	7	1	5	-2.29622	-6.28969	-6.08053	-4.88733
937	2	4	1	2	7	1	5	-2.29622	-6.28969	-6.08053	-4.88733
938	2	4	1	2	2	1	5	-2.77102	-3.66983	-4.20945	-4.07841
939	2	4	1	2	2	1	5	-2.77102	-3.66983	-4.20945	-4.07841
940	4	7	10	4	1	7	1	-1.8168	-3.91882	-2.68736	-1.93611
941	2	4	1	2	2	1	5	-2.77102	-3.66983	-4.20945	-4.07841
942	4	7	10	4	1	7	1	-1.8168	-3.91882	-2.68736	-1.93611
943	2	4	1	2	7	1	5	-2.29622	-6.28969	-6.08053	-4.88733
944	2	4	1	2	2	1	5	-2.77102	-3.66983	-4.20945	-4.07841
945	4	7	10	4	1	7	1	-1.8168	-3.91882	-2.68736	-1.93611
946	9	25	2	10	22	3	6	-4.45531	-8.11964	-6.12298	-4.37539
947	10	81	50	99	120	76	52	-6.69352	-6.40358	-5.31655	-5.18361
948	2	1	21	3	2	1	5	-2.93827	-2.4779	-4.44828	-4.50999
949	4	7	10	4	1	7	1	-1.8168	-3.91882	-2.68736	-1.93611
950	2	4	1	2	7	1	5	-2.29622	-6.28969	-6.08053	-4.88733
951	4	7	10	4	1	7	1	-1.8168	-3.91882	-2.68736	-1.93611
952	4	7	10	4	1	7	1	-1.8168	-3.91882	-2.68736	-1.93611
953	8	315	2	2	11	12	6	-7.69276	-11.2305	-11.8383	-9.47393
954	8	10	2	2	11	12	6	-3.94317	-7.85851	-7.85931	-6.79685
955	2	4	1	2	2	1	5	-2.77102	-3.66983	-4.20945	-4.07841
956	4	7	10	4	1	7	1	-1.8168	-3.91882	-2.68736	-1.93611
957	2	4	1	2	2	1	5	-2.77102	-3.66983	-4.20945	-4.07841
958	2	4	1	2	2	1	5	-2.77102	-3.66983	-4.20945	-4.07841
959	2	4	1	2	2	1	5	-2.77102	-3.66983	-4.20945	-4.07841
960	2	4	1	2	7	1	5	-2.29622	-6.28969	-6.08053	-4.88733
961	2	4	1	2	2	1	5	-2.77102	-3.66983	-4.20945	-4.07841
962	2	4	1	2	2	1	5	-2.77102	-3.66983	-4.20945	-4.07841
963	2	1	21	3	2	1	5	-2.93827	-2.4779	-4.44828	-4.50999
964	2	4	1	2	2	1	5	-2.77102	-3.66983	-4.20945	-4.07841
965	1	4	2	2	2	3	17	-11.4786	-7.67397	-10.3364	-12.1143
966	2	4	1	2	2	1	5	-2.77102	-3.66983	-4.20945	-4.07841
967	2	4	1	2	2	1	5	-2.77102	-3.66983	-4.20945	-4.07841
968	7	21	5	62	4	61	44	-7.84607	-3.81137	-5.66541	-7.82062
969	2	4	1	2	2	1	5	-2.77102	-3.66983	-4.20945	-4.07841
970	4	7	10	4	1	7	1	-1.8168	-3.91882	-2.68736	-1.93611
971	2	4	1	2	2	1	5	-2.77102	-3.66983	-4.20945	-4.07841
972	10	1	16	19	10	5	7	-6.65845	-2.72768	-4.2106	-5.29082
973	8	10	2	2	11	12	6	-3.94317	-7.85851	-7.85931	-6.79685
974	4	7	10	4	1	7	1	-1.8168	-3.91882	-2.68736	-1.93611
975	2	4	2	2	6	1	5	-6.12058	-4.81717	-5.96248	-7.81542
976	2	4	1	2	2	1	5	-2.77102	-3.66983	-4.20945	-4.07841
977	2	4	1	2	2	1	5	-2.77102	-3.66983	-4.20945	-4.07841
978	2	1	12	3	2	1	5	-2.6316	-2.10426	-3.65976	-4.76603
979	2	1	21	3	2	1	5	-2.93827	-2.4779	-4.44828	-4.50999
980	1	4	2	2	6	3	17	-4.74118	-2.43004	-4.57665	-5.71654
981	9	2	4	62	4	5	6	-3.70708	-5.25883	-5.8839	-6.3945
982	9	2	4	62	4	5	6	-3.70708	-5.25883	-5.8839	-6.3945
983	2	4	1	2	2	1	5	-2.77102	-3.66983	-4.20945	-4.07841
984	9	25	2	10	22	3	6	-4.45531	-8.11964	-6.12298	-4.37539
985	2	1	12	3	2	1	5	-2.6316	-2.10426	-3.65976	-4.76603
986	2	4	1	2	2	1	5	-2.77102	-3.66983	-4.20945	-4.07841
987	2	4	1	2	2	1	5	-2.77102	-3.66983	-4.20945	-4.07841
988	2	4	1	2	2	1	5	-2.77102	-3.66983	-4.20945	-4.07841
989	1	4	2	2	6	3	17	-4.74118	-2.43004	-4.57665	-5.71654
990	1	4	2	2	6	3	17	-4.74118	-2.43004	-4.57665	-5.71654
991	9	25	2	10	22	3	6	-4.45531	-8.11964	-6.12298	-4.37539
992	1	4	2	2	6	3	17	-4.74118	-2.43004	-4.57665	-5.71654
993	2	4	1	2	2	1	5	-2.77102	-3.66983	-4.20945	-4.07841
994	2	4	1	2	2	1	5	-2.77102	-3.66983	-4.20945	-4.07841
995	8	10	2	2	11	12	6	-3.94317	-7.85851	-7.85931	-6.79685
996	2	4	1	2	2	1	5	-2.77102	-3.66983	-4.20945	-4.07841
997	2	1	5	3	2	5	5	-5.74964	-2.81156	-4.11007	-5.61269
998	8	10	2	2	11	12	6	-3.94317	-7.85851	-7.85931	-6.79685
999	2	4	1	2	2	1	5	-2.77102	-3.66983	-4.20945	-4.07841
1000	2	4	1	2	2	1	5	-2.77102	-3.66983	-4.20945	-4.07841
1001	2	1	21	3	2	1	5	-2.93827	-2.4779	-4.44828	-4.50999
1002	1	2	4	62	4	5	17	-6.13097	-4.83101	-7.46091	-8.59607
1003	2	1	12	3	2	1	5	-2.6316	-2.10426	-3.65976	-4.76603
1004	2	4	1	2	7	1	5	-2.29622	-6.28969	-6.08053	-4.88733
1005	1	307	3	4	5	9	3	-6.85331	-6.42588	-6.14881	-8.14783
1006	2	4	2	4	19	3	6	-5.78698	-9.78991	-9.7014	-8.63108
1007	2	4	1	2	2	1	5	-2.77102	-3.66983	-4.20945	-4.07841
1008	1	4	2	2	6	3	17	-4.74118	-2.43004	-4.57665	-5.71654
1009	9	25	2	10	22	3	6	-4.45531	-8.11964	-6.12298	-4.37539
1010	4	7	10	4	1	7	1	-1.8168	-3.91882	-2.68736	-1.93611
1011	2	4	1	2	2	1	5	-2.77102	-3.66983	-4.20945	-4.07841
1012	10	1	16	19	10	5	7	-6.65845	-2.72768	-4.2106	-5.29082
1013	2	1	21	3	2	1	5	-2.93827	-2.4779	-4.44828	-4.50999
1014	4	7	10	4	1	7	1	-1.8168	-3.91882	-2.68736	-1.93611
1015	2	4	1	2	2	1	5	-2.77102	-3.66983	-4.20945	-4.07841
1016	1	2	3	4	5	9	3	-4.73371	-2.47085	-3.62912	-5.00079
1017	9	316	4	62	4	5	6	-6.86258	-6.43915	-8.97745	-9.53586
1018	9	25	2	10	22	3	6	-4.45531	-8.11964	-6.12298	-4.37539
1019	1	307	3	4	5	9	3	-6.85331	-6.42588	-6.14881	-8.14783
1020	2	4	1	2	2	1	5	-2.77102	-3.66983	-4.20945	-4.07841
1021	9	25	2	10	22	3	6	-4.45531	-8.11964	-6.12298	-4.37539
1022	2	4	1	2	2	1	5	-2.77102	-3.66983	-4.20945	-4.07841
1023	2	1	12	3	2	1	5	-2.6316	-2.10426	-3.65976	-4.76603
1024	2	1	5	3	2	5	5	-5.74964	-2.81156	-4.11007	-5.61269
1025	2	4	1	2	2	1	5	-2.77102	-3.66983	-4.20945	-4.07841
1026	2	1	12	3	2	1	5	-2.6316	-2.10426	-3.65976	-4.76603
1027	2	1	12	3	2	1	5	-2.6316	-2.10426	-3.65976	-4.76603
1028	10	1	16	19	10	5	7	-6.65845	-2.72768	-4.2106	-5.29082
1029	4	7	10	4	1	7	1	-1.8168	-3.91882	-2.68736	-1.93611
1030	2	4	1	2	2	1	5	-2.77102	-3.66983	-4.20945	-4.07841
1031	2	1	12	88	2	1	5	-3.95681	-3.41743	-5.77739	-5.34265
1032	2	1	21	3	2	1	5	-2.93827	-2.4779	-4.44828	-4.50999
1033	1	2	3	4	5	9	3	-4.73371	-2.47085	-3.62912	-5.00079
1034	8	10	2	2	11	12	6	-3.94317	-7.85851	-7.85931	-6.79685
1035	2	1	12	88	2	1	5	-3.95681	-3.41743	-5.77739	-5.34265
1036	33	39	30	82	104	173	68	-5.42555	-3.96166	-6.60769	-7.83835
1037	1	2	3	4	5	9	3	-4.73371	-2.47085	-3.62912	-5.00079
1038	9	25	2	10	22	3	6	-4.45531	-8.11964	-6.12298	-4.37539
1039	2	4	1	2	2	1	5	-2.77102	-3.66983	-4.20945	-4.07841
1040	8	10	2	2	11	12	6	-3.94317	-7.85851	-7.85931	-6.79685
1041	1	2	4	62	4	5	17	-6.13097	-4.83101	-7.46091	-8.59607
1042	10	1	16	19	10	5	7	-6.65845	-2.72768	-4.2106	-5.29082
1043	33	39	30	82	104	173	68	-5.42555	-3.96166	-6.60769	-7.83835
1044	2	4	1	2	2	1	5	-2.77102	-3.66983	-4.20945	-4.07841
1045	8	10	2	2	11	12	6	-3.94317	-7.85851	-7.85931	-6.79685
1046	2	1	5	3	2	5	5	-5.74964	-2.81156	-4.11007	-5.61269
1047	47	2	4	2	6	5	17	-11.5414	-11.3835	-6.22295	-8.43937
1048	1	2	3	4	5	9	3	-4.73371	-2.47085	-3.62912	-5.00079
1049	4	7	10	4	1	7	1	-1.8168	-3.91882	-2.68736	-1.93611
1050	2	1	5	3	2	3	5	-4.25325	-3.23634	-5.51496	-4.82774
1051	2	4	2	2	6	1	5	-6.12058	-4.81717	-5.96248	-7.81542
1052	2	4	1	2	2	1	5	-2.77102	-3.66983	-4.20945	-4.07841
1053	8	10	149	2	11	12	6	-4.89574	-3.95769	-5.68887	-7.14794
1054	9	25	2	10	22	3	6	-4.45531	-8.11964	-6.12298	-4.37539
1055	2	4	1	2	2	1	5	-2.77102	-3.66983	-4.20945	-4.07841
1056	1	2	3	4	5	9	3	-4.73371	-2.47085	-3.62912	-5.00079
1057	2	1	12	3	2	1	5	-2.6316	-2.10426	-3.65976	-4.76603
1058	4	7	10	4	42	51	1	-2.91905	-4.70911	-4.99767	-3.78977
1059	2	4	1	2	2	1	5	-2.77102	-3.66983	-4.20945	-4.07841
1060	2	1	1	3	2	1	5	-4.63443	-3.77125	-6.36593	-7.2127
1061	2	4	1	2	7	1	5	-2.29622	-6.28969	-6.08053	-4.88733
1062	8	10	2	2	11	12	6	-3.94317	-7.85851	-7.85931	-6.79685
1063	2	4	1	2	2	1	5	-2.77102	-3.66983	-4.20945	-4.07841
1064	9	2	4	62	4	5	6	-3.70708	-5.25883	-5.8839	-6.3945
1065	2	4	1	2	2	1	5	-2.77102	-3.66983	-4.20945	-4.07841
1066	4	7	10	4	1	7	1	-1.8168	-3.91882	-2.68736	-1.93611
1067	8	10	2	2	11	12	6	-3.94317	-7.85851	-7.85931	-6.79685
1068	2	4	2	2	6	1	5	-6.12058	-4.81717	-5.96248	-7.81542
1069	2	4	2	2	6	1	5	-6.12058	-4.81717	-5.96248	-7.81542
1070	2	4	2	2	6	1	5	-6.12058	-4.81717	-5.96248	-7.81542
1071	2	4	2	2	6	1	5	-6.12058	-4.81717	-5.96248	-7.81542
1072	2	4	1	2	2	1	5	-2.77102	-3.66983	-4.20945	-4.07841
1073	2	4	1	2	2	1	5	-2.77102	-3.66983	-4.20945	-4.07841
1074	2	1	12	3	2	1	5	-2.6316	-2.10426	-3.65976	-4.76603
1075	2	4	1	2	7	1	5	-2.29622	-6.28969	-6.08053	-4.88733
1076	4	7	10	4	42	51	1	-2.91905	-4.70911	-4.99767	-3.78977
1077	2	4	1	2	2	1	5	-2.77102	-3.66983	-4.20945	-4.07841
1078	8	10	2	2	11	12	6	-3.94317	-7.85851	-7.85931	-6.79685
1079	1	2	3	4	5	9	3	-4.73371	-2.47085	-3.62912	-5.00079
1080	1	2	3	4	5	9	3	-4.73371	-2.47085	-3.62912	-5.00079
1081	10	1	16	19	10	5	7	-6.65845	-2.72768	-4.2106	-5.29082
1082	8	10	2	2	11	12	6	-3.94317	-7.85851	-7.85931	-6.79685
1083	4	7	10	4	1	7	1	-1.8168	-3.91882	-2.68736	-1.93611
1084	2	4	1	2	2	1	5	-2.77102	-3.66983	-4.20945	-4.07841
1085	2	4	1	2	7	1	5	-2.29622	-6.28969	-6.08053	-4.88733
1086	2	1	21	3	2	1	5	-2.93827	-2.4779	-4.44828	-4.50999
1087	2	1	12	3	2	1	5	-2.6316	-2.10426	-3.65976	-4.76603
1088	2	4	2	4	19	3	6	-5.78698	-9.78991	-9.7014	-8.63108
1089	8	10	149	2	11	12	6	-4.89574	-3.95769	-5.68887	-7.14794
1090	8	10	2	2	11	12	6	-3.94317	-7.85851	-7.85931	-6.79685
1091	2	1	12	3	2	1	5	-2.6316	-2.10426	-3.65976	-4.76603
1092	2	1	12	3	2	1	5	-2.6316	-2.10426	-3.65976	-4.76603
1093	2	1	5	3	2	3	5	-4.25325	-3.23634	-5.51496	-4.82774
1094	184	39	30	82	113	43	17	-3.94282	-6.24868	-7.62262	-6.78648
1095	2	1	12	3	2	1	5	-2.6316	-2.10426	-3.65976	-4.76603
1096	2	4	1	2	2	1	5	-2.77102	-3.66983	-4.20945	-4.07841
1097	4	7	10	4	1	7	1	-1.8168	-3.91882	-2.68736	-1.93611
1098	8	10	2	2	11	12	6	-3.94317	-7.85851	-7.85931	-6.79685
1099	4	7	10	4	1	7	1	-1.8168	-3.91882	-2.68736	-1.93611
1100	4	7	10	4	42	51	1	-2.91905	-4.70911	-4.99767	-3.78977
1101	9	25	2	10	22	3	6	-4.45531	-8.11964	-6.12298	-4.37539
1102	9	2	4	62	4	5	6	-3.70708	-5.25883	-5.8839	-6.3945
1103	4	7	10	4	1	7	1	-1.8168	-3.91882	-2.68736	-1.93611
1104	2	4	1	2	7	1	5	-2.29622	-6.28969	-6.08053	-4.88733
1105	4	7	10	4	1	7	1	-1.8168	-3.91882	-2.68736	-1.93611
1106	8	10	2	2	11	12	6	-3.94317	-7.85851	-7.85931	-6.79685
1107	2	4	1	2	2	1	5	-2.77102	-3.66983	-4.20945	-4.07841
1108	4	7	10	4	42	51	1	-2.91905	-4.70911	-4.99767	-3.78977
1109	1	2	3	4	5	9	3	-4.73371	-2.47085	-3.62912	-5.00079
1110	2	1	12	3	2	1	5	-2.6316	-2.10426	-3.65976	-4.76603
1111	2	4	1	2	2	1	5	-2.77102	-3.66983	-4.20945	-4.07841
1112	10	81	50	99	120	76	52	-6.69352	-6.40358	-5.31655	-5.18361
1113	2	4	1	2	2	1	5	-2.77102	-3.66983	-4.20945	-4.07841
1114	4	7	10	4	42	51	1	-2.91905	-4.70911	-4.99767	-3.78977
1115	4	7	10	4	42	51	1	-2.91905	-4.70911	-4.99767	-3.78977
1116	4	7	10	4	1	7	1	-1.8168	-3.91882	-2.68736	-1.93611
1117	3	1	5	10	11	11	6	-10.5092	-6.44637	-9.14752	-11.2243
1118	10	81	50	99	120	76	52	-6.69352	-6.40358	-5.31655	-5.18361
1119	2	4	1	2	2	1	5	-2.77102	-3.66983	-4.20945	-4.07841
1120	4	7	10	4	1	7	1	-1.8168	-3.91882	-2.68736	-1.93611
1121	4	7	10	4	1	7	1	-1.8168	-3.91882	-2.68736	-1.93611
1122	4	7	10	4	42	51	1	-2.91905	-4.70911	-4.99767	-3.78977
1123	2	1	12	3	2	1	5	-2.6316	-2.10426	-3.65976	-4.76603
1124	2	4	1	2	2	1	5	-2.77102	-3.66983	-4.20945	-4.07841
1125	2	1	1	3	2	1	5	-4.63443	-3.77125	-6.36593	-7.2127
1126	2	4	1	2	2	1	5	-2.77102	-3.66983	-4.20945	-4.07841
1127	2	4	1	2	2	1	5	-2.77102	-3.66983	-4.20945	-4.07841
1128	2	4	1	2	2	1	5	-2.77102	-3.66983	-4.20945	-4.07841
1129	2	4	1	2	2	1	5	-2.77102	-3.66983	-4.20945	-4.07841
1130	1	2	3	4	5	9	3	-4.73371	-2.47085	-3.62912	-5.00079
1131	8	10	2	2	11	12	6	-3.94317	-7.85851	-7.85931	-6.79685
1132	2	1	21	3	2	1	5	-2.93827	-2.4779	-4.44828	-4.50999
1133	2	4	1	2	2	1	5	-2.77102	-3.66983	-4.20945	-4.07841
1134	2	1	21	3	2	1	5	-2.93827	-2.4779	-4.44828	-4.50999
1135	2	1	21	3	2	1	5	-2.93827	-2.4779	-4.44828	-4.50999
1136	2	4	1	2	2	1	5	-2.77102	-3.66983	-4.20945	-4.07841
1137	1	2	3	4	5	9	3	-4.73371	-2.47085	-3.62912	-5.00079
1138	10	1	16	19	10	5	7	-6.65845	-2.72768	-4.2106	-5.29082
1139	2	1	12	3	2	1	5	-2.6316	-2.10426	-3.65976	-4.76603
1140	7	21	5	62	4	61	44	-7.84607	-3.81137	-5.66541	-7.82062
1141	2	4	1	2	2	1	5	-2.77102	-3.66983	-4.20945	-4.07841
1142	2	1	12	3	2	1	5	-2.6316	-2.10426	-3.65976	-4.76603
1143	2	4	1	2	7	1	5	-2.29622	-6.28969	-6.08053	-4.88733
1144	2	1	5	3	2	3	5	-4.25325	-3.23634	-5.51496	-4.82774
1145	2	1	21	3	2	1	5	-2.93827	-2.4779	-4.44828	-4.50999
1146	2	1	21	3	2	1	5	-2.93827	-2.4779	-4.44828	-4.50999
1147	2	1	21	3	2	1	5	-2.93827	-2.4779	-4.44828	-4.50999
1148	2	1	21	3	2	1	5	-2.93827	-2.4779	-4.44828	-4.50999
1149	2	1	12	3	2	1	5	-2.6316	-2.10426	-3.65976	-4.76603
1150	8	10	2	2	11	12	6	-3.94317	-7.85851	-7.85931	-6.79685
1151	129	66	30	82	189	47	17	-3.23618	-4.94274	-5.67148	-4.13969
1152	1	307	3	4	5	9	3	-6.85331	-6.42588	-6.14881	-8.14783
1153	8	10	2	2	11	12	6	-3.94317	-7.85851	-7.85931	-6.79685
1154	2	4	2	2	6	1	5	-6.12058	-4.81717	-5.96248	-7.81542
1155	1	4	2	2	6	3	17	-4.74118	-2.43004	-4.57665	-5.71654
1156	2	4	1	2	2	1	5	-2.77102	-3.66983	-4.20945	-4.07841
1157	8	10	2	2	11	12	6	-3.94317	-7.85851	-7.85931	-6.79685
1158	2	4	2	2	6	1	5	-6.12058	-4.81717	-5.96248	-7.81542
1159	2	1	21	3	2	1	5	-2.93827	-2.4779	-4.44828	-4.50999
1160	2	4	5	2	2	5	5	-3.6619	-7.6251	-7.12999	-5.7419
1161	7	21	5	62	4	61	44	-7.84607	-3.81137	-5.66541	-7.82062
1162	2	1	12	3	2	1	5	-2.6316	-2.10426	-3.65976	-4.76603
1163	10	27	16	19	10	5	7	-21.1941	-12.7935	-15.7235	-18.0899
1164	33	283	44	82	189	44	17	-7.39654	-3.4517	-5.43199	-6.12655
1165	9	25	2	10	22	3	6	-4.45531	-8.11964	-6.12298	-4.37539
1166	7	21	5	62	4	61	44	-7.84607	-3.81137	-5.66541	-7.82062
1167	2	1	5	3	2	3	5	-4.25325	-3.23634	-5.51496	-4.82774
1168	2	1	5	3	2	3	5	-4.25325	-3.23634	-5.51496	-4.82774
1169	9	25	2	10	22	3	6	-4.45531	-8.11964	-6.12298	-4.37539
1170	2	1	5	3	2	3	5	-4.25325	-3.23634	-5.51496	-4.82774
1171	2	4	1	2	2	1	5	-2.77102	-3.66983	-4.20945	-4.07841
1172	129	66	30	82	189	47	17	-3.23618	-4.94274	-5.67148	-4.13969
1173	2	4	1	2	2	1	5	-2.77102	-3.66983	-4.20945	-4.07841
1174	2	1	5	3	2	3	5	-4.25325	-3.23634	-5.51496	-4.82774
1175	2	1	12	3	2	1	5	-2.6316	-2.10426	-3.65976	-4.76603
1176	2	4	1	2	2	1	5	-2.77102	-3.66983	-4.20945	-4.07841
1177	1	4	2	2	6	3	17	-4.74118	-2.43004	-4.57665	-5.71654
1178	2	1	12	3	2	1	5	-2.6316	-2.10426	-3.65976	-4.76603
1179	1	4	2	2	446	3	17	-8.48453	-5.76795	-8.53579	-8.38587
1180	2	1	5	88	2	11	5	-9.29433	-5.3302	-6.06249	-8.26256
1181	2	4	2	2	6	1	5	-6.12058	-4.81717	-5.96248	-7.81542
1182	9	25	2	10	22	3	6	-4.45531	-8.11964	-6.12298	-4.37539
1183	2	1	5	3	2	3	5	-4.25325	-3.23634	-5.51496	-4.82774
1184	7	21	5	62	4	61	44	-7.84607	-3.81137	-5.66541	-7.82062
1185	1	2	3	4	5	9	3	-4.73371	-2.47085	-3.62912	-5.00079
1186	2	4	1	2	2	1	5	-2.77102	-3.66983	-4.20945	-4.07841
1187	7	21	5	62	4	61	44	-7.84607	-3.81137	-5.66541	-7.82062
1188	33	39	30	82	104	173	68	-5.42555	-3.96166	-6.60769	-7.83835
1189	1	4	2	2	6	3	17	-4.74118	-2.43004	-4.57665	-5.71654
1190	2	1	21	3	2	1	5	-2.93827	-2.4779	-4.44828	-4.50999
1191	4	7	10	4	1	7	1	-1.8168	-3.91882	-2.68736	-1.93611
1192	2	1	5	3	2	5	5	-5.74964	-2.81156	-4.11007	-5.61269
1193	1	4	2	2	6	3	17	-4.74118	-2.43004	-4.57665	-5.71654
1194	2	4	1	2	2	1	5	-2.77102	-3.66983	-4.20945	-4.07841
1195	2	4	1	2	2	1	5	-2.77102	-3.66983	-4.20945	-4.07841
1196	2	1	12	3	2	1	5	-2.6316	-2.10426	-3.65976	-4.76603
1197	2	1	6	3	2	3	5	-6.99525	-6.58528	-9.25762	-7.02996
1198	4	7	10	4	1	7	1	-1.8168	-3.91882	-2.68736	-1.93611
1199	2	4	1	2	7	1	5	-2.29622	-6.28969	-6.08053	-4.88733
1200	2	1	1	3	2	1	5	-4.63443	-3.77125	-6.36593	-7.2127
1201	2	4	1	2	2	1	5	-2.77102	-3.66983	-4.20945	-4.07841
1202	7	2	5	2	10	3	6	-32.2133	-28.0752	-27.9196	-27.9988
1203	2	1	21	3	2	1	5	-2.93827	-2.4779	-4.44828	-4.50999
1204	2	4	1	2	7	1	5	-2.29622	-6.28969	-6.08053	-4.88733
1205	4	7	10	4	1	7	1	-1.8168	-3.91882	-2.68736	-1.93611
1206	2	4	1	2	7	1	5	-2.29622	-6.28969	-6.08053	-4.88733
1207	2	4	1	2	2	1	5	-2.77102	-3.66983	-4.20945	-4.07841
1208	1	4	2	2	6	3	17	-4.74118	-2.43004	-4.57665	-5.71654
1209	2	4	1	2	2	1	5	-2.77102	-3.66983	-4.20945	-4.07841
1210	2	4	1	2	2	1	5	-2.77102	-3.66983	-4.20945	-4.07841
1211	74	10	2	2	11	12	6	-7.69277	-11.2306	-11.8384	-9.4745
1212	1	2	3	4	5	9	3	-4.73371	-2.47085	-3.62912	-5.00079
1213	2	1	5	3	2	3	5	-4.25325	-3.23634	-5.51496	-4.82774
1214	4	7	10	4	1	7	1	-1.8168	-3.91882	-2.68736	-1.93611
1215	2	4	2	2	6	1	5	-6.12058	-4.81717	-5.96248	-7.81542
1216	2	1	12	3	2	1	5	-2.6316	-2.10426	-3.65976	-4.76603
1217	2	1	21	3	2	1	5	-2.93827	-2.4779	-4.44828	-4.50999
1218	2	4	1	2	2	1	5	-2.77102	-3.66983	-4.20945	-4.07841
1219	2	1	21	3	2	1	5	-2.93827	-2.4779	-4.44828	-4.50999
1220	4	7	10	4	1	7	1	-1.8168	-3.91882	-2.68736	-1.93611
1221	2	1	21	3	2	1	5	-2.93827	-2.4779	-4.44828	-4.50999
1222	2	4	1	2	2	1	5	-2.77102	-3.66983	-4.20945	-4.07841
1223	4	7	10	4	1	7	1	-1.8168	-3.91882	-2.68736	-1.93611
1224	2	4	1	2	2	1	5	-2.77102	-3.66983	-4.20945	-4.07841
1225	4	7	10	4	1	7	1	-1.8168	-3.91882	-2.68736	-1.93611
1226	4	7	10	4	42	51	1	-2.91905	-4.70911	-4.99767	-3.78977
1227	4	7	10	4	42	7	1	-6.56833	-9.19295	-5.63596	-4.67236
1228	2	4	1	2	2	1	5	-2.77102	-3.66983	-4.20945	-4.07841
1229	2	1	5	3	2	3	5	-4.25325	-3.23634	-5.51496	-4.82774
1230	10	81	50	99	120	76	52	-6.69352	-6.40358	-5.31655	-5.18361
1231	2	4	1	2	7	1	5	-2.29622	-6.28969	-6.08053	-4.88733
1232	2	4	1	2	7	1	5	-2.29622	-6.28969	-6.08053	-4.88733
1233	4	7	10	4	1	7	1	-1.8168	-3.91882	-2.68736	-1.93611
1234	1	4	2	2	6	3	17	-4.74118	-2.43004	-4.57665	-5.71654
1235	4	7	10	4	1	7	1	-1.8168	-3.91882	-2.68736	-1.93611
1236	2	4	1	2	2	1	5	-2.77102	-3.66983	-4.20945	-4.07841
1237	4	7	10	4	1	7	1	-1.8168	-3.91882	-2.68736	-1.93611
1238	4	7	10	4	42	51	1	-2.91905	-4.70911	-4.99767	-3.78977
1239	1	307	3	4	5	9	3	-6.85331	-6.42588	-6.14881	-8.14783
1240	2	4	2	2	6	1	5	-6.12058	-4.81717	-5.96248	-7.81542
1241	8	10	149	2	11	12	6	-4.89574	-3.95769	-5.68887	-7.14794
1242	2	1	12	3	2	1	5	-2.6316	-2.10426	-3.65976	-4.76603
1243	2	4	1	2	2	1	5	-2.77102	-3.66983	-4.20945	-4.07841
1244	2	4	1	2	2	1	5	-2.77102	-3.66983	-4.20945	-4.07841
1245	2	4	1	2	2	1	5	-2.77102	-3.66983	-4.20945	-4.07841
1246	4	7	10	4	42	51	1	-2.91905	-4.70911	-4.99767	-3.78977
1247	2	4	1	2	2	1	5	-2.77102	-3.66983	-4.20945	-4.07841
1248	2	4	1	2	2	1	5	-2.77102	-3.66983	-4.20945	-4.07841
1249	2	1	12	88	2	1	5	-3.95681	-3.41743	-5.77739	-5.34265
1250	1	4	2	2	6	3	17	-4.74118	-2.43004	-4.57665	-5.71654
1251	9	2	4	62	4	5	6	-3.70708	-5.25883	-5.8839	-6.3945
1252	2	4	1	2	7	1	5	-2.29622	-6.28969	-6.08053	-4.88733
1253	2	4	5	2	2	5	5	-3.6619	-7.6251	-7.12999	-5.7419
1254	2	1	21	3	2	1	5	-2.93827	-2.4779	-4.44828	-4.50999
1255	1	4	2	2	6	3	17	-4.74118	-2.43004	-4.57665	-5.71654
1256	2	1	21	3	2	1	5	-2.93827	-2.4779	-4.44828	-4.50999
1257	2	4	1	2	2	5	5	-6.82521	-6.39189	-8.81554	-9.41775
1258	2	1	12	3	2	1	5	-2.6316	-2.10426	-3.65976	-4.76603
1259	2	4	2	2	6	1	5	-6.12058	-4.81717	-5.96248	-7.81542
1260	2	4	1	2	2	1	5	-2.77102	-3.66983	-4.20945	-4.07841
1261	2	4	1	2	2	1	5	-2.77102	-3.66983	-4.20945	-4.07841
1262	1	307	3	4	5	9	3	-6.85331	-6.42588	-6.14881	-8.14783
1263	9	25	2	10	22	3	6	-4.45531	-8.11964	-6.12298	-4.37539
1264	2	1	1	380	2	1	5	-6.16311	-5.72368	-8.27083	-8.83386
1265	2	4	1	2	2	1	5	-2.77102	-3.66983	-4.20945	-4.07841
1266	2	4	1	2	2	1	5	-2.77102	-3.66983	-4.20945	-4.07841
1267	2	1	12	3	2	1	5	-2.6316	-2.10426	-3.65976	-4.76603
1268	1	2	3	4	5	9	3	-4.73371	-2.47085	-3.62912	-5.00079
1269	2	4	1	2	2	1	5	-2.77102	-3.66983	-4.20945	-4.07841
1270	2	4	1	2	2	1	5	-2.77102	-3.66983	-4.20945	-4.07841
1271	2	4	1	2	2	1	5	-2.77102	-3.66983	-4.20945	-4.07841
1272	1	2	3	4	5	9	3	-4.73371	-2.47085	-3.62912	-5.00079
1273	9	2	2	212	309	253	147	-26.1044	-24.2066	-27.615	-21.7208
1274	2	1	21	3	2	1	5	-2.93827	-2.4779	-4.44828	-4.50999
1275	47	2	4	2	6	5	17	-11.5414	-11.3835	-6.22295	-8.43937
1276	1	2	3	4	5	9	3	-4.73371	-2.47085	-3.62912	-5.00079
1277	2	4	1	2	2	1	5	-2.77102	-3.66983	-4.20945	-4.07841
1278	2	4	1	2	2	1	5	-2.77102	-3.66983	-4.20945	-4.07841
1279	9	2	4	62	4	5	6	-3.70708	-5.25883	-5.8839	-6.3945
1280	2	1	12	3	2	1	5	-2.6316	-2.10426	-3.65976	-4.76603
1281	2	4	1	2	2	1	5	-2.77102	-3.66983	-4.20945	-4.07841
1282	2	4	1	2	7	1	5	-2.29622	-6.28969	-6.08053	-4.88733
1283	7	17	2	15	23	3	12	-6.8895	-10.8974	-10.8123	-9.74347
1284	2	1	1	3	2	1	5	-4.63443	-3.77125	-6.36593	-7.2127
1285	2	1	12	3	2	1	5	-2.6316	-2.10426	-3.65976	-4.76603
1286	2	4	1	2	2	1	5	-2.77102	-3.66983	-4.20945	-4.07841
1287	2	1	5	3	2	3	5	-4.25325	-3.23634	-5.51496	-4.82774
1288	2	4	1	2	2	1	5	-2.77102	-3.66983	-4.20945	-4.07841
1289	2	4	1	2	2	1	5	-2.77102	-3.66983	-4.20945	-4.07841
1290	1	4	2	2	6	3	17	-4.74118	-2.43004	-4.57665	-5.71654
1291	2	1	2	3	2	3	5	-3.74776	-7.58542	-7.65215	-6.59047
1292	2	1	5	3	2	3	5	-4.25325	-3.23634	-5.51496	-4.82774
1293	1	2	3	3	5	9	3	-11.9704	-7.94289	-9.67172	-11.9276
1294	4	7	10	4	42	51	1	-2.91905	-4.70911	-4.99767	-3.78977
1295	1	4	2	2	6	3	17	-4.74118	-2.43004	-4.57665	-5.71654
1296	2	1	5	3	2	3	5	-4.25325	-3.23634	-5.51496	-4.82774
1297	4	7	10	4	1	7	1	-1.8168	-3.91882	-2.68736	-1.93611
1298	2	4	1	2	2	1	5	-2.77102	-3.66983	-4.20945	-4.07841
1299	4	7	10	4	1	7	1	-1.8168	-3.91882	-2.68736	-1.93611
1300	2	1	21	3	2	1	5	-2.93827	-2.4779	-4.44828	-4.50999
1301	2	4	1	2	2	1	5	-2.77102	-3.66983	-4.20945	-4.07841
1302	4	7	10	4	1	7	1	-1.8168	-3.91882	-2.68736	-1.93611
1303	2	4	1	2	2	1	5	-2.77102	-3.66983	-4.20945	-4.07841
1304	2	1	5	3	2	5	5	-5.74964	-2.81156	-4.11007	-5.61269
1305	2	4	1	2	2	1	5	-2.77102	-3.66983	-4.20945	-4.07841
1306	2	1	21	3	2	1	5	-2.93827	-2.4779	-4.44828	-4.50999
1307	2	1	5	3	2	5	5	-5.74964	-2.81156	-4.11007	-5.61269
1308	1	4	2	2	6	3	17	-4.74118	-2.43004	-4.57665	-5.71654
1309	1	4	2	2	6	3	17	-4.74118	-2.43004	-4.57665	-5.71654
1310	2	1	5	3	2	3	5	-4.25325	-3.23634	-5.51496	-4.82774
1311	1	4	2	2	6	3	17	-4.74118	-2.43004	-4.57665	-5.71654
1312	2	4	1	2	2	1	5	-2.77102	-3.66983	-4.20945	-4.07841
1313	2	1	12	88	2	1	5	-3.95681	-3.41743	-5.77739	-5.34265
1314	2	1	5	3	2	3	5	-4.25325	-3.23634	-5.51496	-4.82774
1315	2	4	5	2	2	1	5	-6.16263	-9.38885	-9.0828	-8.81211
1316	2	4	1	2	2	1	5	-2.77102	-3.66983	-4.20945	-4.07841
1317	1	4	2	2	6	3	17	-4.74118	-2.43004	-4.57665	-5.71654
1318	2	1	21	3	2	1	5	-2.93827	-2.4779	-4.44828	-4.50999
1319	4	7	10	4	1	7	1	-1.8168	-3.91882	-2.68736	-1.93611
1320	1	2	3	4	5	9	3	-4.73371	-2.47085	-3.62912	-5.00079
1321	2	4	1	2	7	1	5	-2.29622	-6.28969	-6.08053	-4.88733
1322	4	7	10	4	1	7	1	-1.8168	-3.91882	-2.68736	-1.93611
1323	4	7	10	4	1	7	1	-1.8168	-3.91882	-2.68736	-1.93611
1324	1	4	2	2	6	3	17	-4.74118	-2.43004	-4.57665	-5.71654
1325	2	4	1	2	7	1	5	-2.29622	-6.28969	-6.08053	-4.88733
1326	4	7	10	4	1	7	1	-1.8168	-3.91882	-2.68736	-1.93611
1327	8	10	2	2	11	12	6	-3.94317	-7.85851	-7.85931	-6.79685
1328	969	7	10	4	1	7	1	-5.48858	-7.27907	-6.66551	-4.61266
1329	4	7	10	4	1	7	1	-1.8168	-3.91882	-2.68736	-1.93611
1330	10	27	16	942	10	5	7	-24.9436	-16.1662	-19.703	-20.7673
1331	10	27	16	941	10	5	7	-24.9436	-16.1662	-19.703	-20.7673
1332	4	7	10	4	1	7	1	-1.8168	-3.91882	-2.68736	-1.93611
1333	4	7	10	4	1	7	1	-1.8168	-3.91882	-2.68736	-1.93611
1334	129	66	30	82	189	47	17	-3.23618	-4.94274	-5.67148	-4.13969
1335	4	7	10	4	1	7	1	-1.8168	-3.91882	-2.68736	-1.93611
1336	4	7	10	4	1	7	1	-1.8168	-3.91882	-2.68736	-1.93611
1337	2	4	1	2	2	1	5	-2.77102	-3.66983	-4.20945	-4.07841
1338	2	1	2	3	2	3	5	-3.74776	-7.58542	-7.65215	-6.59047
1339	10	27	16	19	10	5	7	-21.1941	-12.7935	-15.7235	-18.0899
1340	2	4	1	2	2	1	5	-2.77102	-3.66983	-4.20945	-4.07841
1341	33	39	30	82	104	173	68	-5.42555	-3.96166	-6.60769	-7.83835
1342	1	4	2	2	6	3	17	-4.74118	-2.43004	-4.57665	-5.71654
1343	2	1	5	3	2	5	5	-5.74964	-2.81156	-4.11007	-5.61269
1344	2	1	12	3	2	1	5	-2.6316	-2.10426	-3.65976	-4.76603
1345	8	10	2	2	11	12	6	-3.94317	-7.85851	-7.85931	-6.79685
1346	2	1	1	3	2	1	5	-4.63443	-3.77125	-6.36593	-7.2127
1347	1	4	2	2	6	3	17	-4.74118	-2.43004	-4.57665	-5.71654
1348	7	2	2	2	11	12	6	-4.48978	-8.49695	-8.41085	-7.34303
1349	9	2	4	62	4	5	6	-3.70708	-5.25883	-5.8839	-6.3945
1350	2	1	21	3	2	1	5	-2.93827	-2.4779	-4.44828	-4.50999
1351	9	7	10	4	1	7	1	-10.3763	-12.3631	-11.147	-9.78231
1352	2	1	12	3	920	1	5	-6.38192	-5.46806	-7.63758	-7.44334
1353	239	27	16	19	10	5	7	-10.5106	-6.44917	-9.15279	-11.2282
1354	7	17	2	15	23	3	12	-6.8895	-10.8974	-10.8123	-9.74347
1355	1	4	2	2	6	3	17	-4.74118	-2.43004	-4.57665	-5.71654
1356	1	6	60	24	12	28	1	-28.7622	-28.8309	-24.4309	-19.5311
1357	2	4	5	2	10	1	5	-6.88306	-10.8761	-10.79	-9.72945
1358	10	81	50	99	120	76	52	-6.69352	-6.40358	-5.31655	-5.18361
1359	4	7	10	4	1	7	1	-1.8168	-3.91882	-2.68736	-1.93611
1360	2	1	5	3	2	5	5	-5.74964	-2.81156	-4.11007	-5.61269
1361	4	7	10	1	1	7	1	-5.26157	-9.05387	-6.03024	-6.08382
1362	2	4	5	2	10	1	5	-6.88306	-10.8761	-10.79	-9.72945
1363	2	1	21	3	2	1	5	-2.93827	-2.4779	-4.44828	-4.50999
1364	2	1	21	3	2	1	5	-2.93827	-2.4779	-4.44828	-4.50999
1365	2	4	1	2	2	1	5	-2.77102	-3.66983	-4.20945	-4.07841
1366	2	4	2	2	6	1	5	-6.12058	-4.81717	-5.96248	-7.81542
1367	2	4	1	2	7	1	5	-2.29622	-6.28969	-6.08053	-4.88733
1368	2	4	1	2	2	1	5	-2.77102	-3.66983	-4.20945	-4.07841
1369	2	4	1	2	2	1	5	-2.77102	-3.66983	-4.20945	-4.07841
1370	4	7	10	4	1	7	1	-1.8168	-3.91882	-2.68736	-1.93611
1371	4	7	10	4	42	51	1	-2.91905	-4.70911	-4.99767	-3.78977
1372	2	1	5	3	2	3	5	-4.25325	-3.23634	-5.51496	-4.82774
1373	2	1	12	3	2	1	5	-2.6316	-2.10426	-3.65976	-4.76603
1374	2	1	1	3	2	1	5	-4.63443	-3.77125	-6.36593	-7.2127
1375	2	4	1	2	2	1	5	-2.77102	-3.66983	-4.20945	-4.07841
1376	4	7	10	4	1	7	1	-1.8168	-3.91882	-2.68736	-1.93611
1377	10	1	16	19	10	5	7	-6.65845	-2.72768	-4.2106	-5.29082
1378	2	4	1	2	7	1	5	-2.29622	-6.28969	-6.08053	-4.88733
1379	2	4	1	2	2	1	5	-2.77102	-3.66983	-4.20945	-4.07841
1380	10	81	50	99	120	76	52	-6.69352	-6.40358	-5.31655	-5.18361
1381	2	1	12	3	2	1	5	-2.6316	-2.10426	-3.65976	-4.76603
1382	2	4	1	2	2	1	5	-2.77102	-3.66983	-4.20945	-4.07841
1383	2	4	1	2	7	1	5	-2.29622	-6.28969	-6.08053	-4.88733
1384	1	2	3	4	5	9	3	-4.73371	-2.47085	-3.62912	-5.00079
1385	8	10	2	2	11	12	6	-3.94317	-7.85851	-7.85931	-6.79685
1386	1	4	2	2	6	3	17	-4.74118	-2.43004	-4.57665	-5.71654
1387	2	4	1	2	2	1	5	-2.77102	-3.66983	-4.20945	-4.07841
1388	2	4	1	2	2	1	5	-2.77102	-3.66983	-4.20945	-4.07841
1389	10	7	10	4	1	7	1	-12.6812	-10.9093	-9.74038	-8.9333
1390	2	1	21	3	2	1	5	-2.93827	-2.4779	-4.44828	-4.50999
1391	2	1	21	3	2	1	5	-2.93827	-2.4779	-4.44828	-4.50999
1392	10	1	16	19	10	5	7	-6.65845	-2.72768	-4.2106	-5.29082
1393	2	1	5	3	2	3	5	-4.25325	-3.23634	-5.51496	-4.82774
1394	2	1	5	3	2	3	5	-4.25325	-3.23634	-5.51496	-4.82774
1395	2	4	1	2	2	5	5	-6.82521	-6.39189	-8.81554	-9.41775
1396	2	4	1	2	7	1	5	-2.29622	-6.28969	-6.08053	-4.88733
1397	10	1	16	19	10	5	7	-6.65845	-2.72768	-4.2106	-5.29082
1398	2	4	1	2	7	1	5	-2.29622	-6.28969	-6.08053	-4.88733
1399	2	934	1	2	2	1	5	-6.44252	-7.03753	-8.18302	-6.73999
