Isolate	Loci0	Loci1	Loci2	Loci3	Loci4	Loci5	Loci6	Source0	Source1	Source2	Source3
0	1	2	3	4	5	9	3	-4.5439	-2.49845	-3.57823	-4.75493
1	4	7	10	4	1	7	1	-1.83546	-3.75169	-2.65367	-1.94129
2	2	4	1	2	2	1	5	-2.78137	-3.62894	-4.15026	-4.08367
3	2	4	1	2	2	1	5	-2.78137	-3.62894	-4.15026	-4.08367
4	9	25	2	10	22	3	6	-4.47606	-7.55221	-6.02819	-4.36865
5	4	7	10	4	1	7	1	-1.83546	-3.75169	-2.65367	-1.94129
6	4	7	10	4	1	7	1	-1.83546	-3.75169	-2.65367	-1.94129
7	4	7	10	4	42	51	1	-2.93518	-4.59145	-4.89786	-3.80611
8	2	4	1	2	2	1	5	-2.78137	-3.62894	-4.15026	-4.08367
9	10	81	50	99	120	76	52	-6.69481	-6.40414	-5.30433	-5.15686
10	2	1	21	3	2	1	5	-2.92021	-2.49205	-4.29964	-4.41035
11	2	1	21	3	2	1	5	-2.92021	-2.49205	-4.29964	-4.41035
12	9	25	2	10	22	3	6	-4.47606	-7.55221	-6.02819	-4.36865
13	2	1	21	3	2	1	5	-2.92021	-2.49205	-4.29964	-4.41035
14	10	27	16	19	10	5	7	-19.9181	-12.8133	-15.5735	-17.2589
15	2	4	1	2	2	1	5	-2.78137	-3.62894	-4.15026	-4.08367
16	2	4	1	2	2	1	5	-2.78137	-3.62894	-4.15026	-4.08367
17	9	2	4	62	4	5	6	-3.72129	-5.15597	-5.80232	-6.53277
18	9	53	2	53	11	3	3	-31.1191	-29.5931	-27.8518	-25.0656
19	2	4	1	2	2	1	5	-2.78137	-3.62894	-4.15026	-4.08367
20	2	4	1	2	2	1	5	-2.78137	-3.62894	-4.15026	-4.08367
21	4	7	10	4	1	7	1	-1.83546	-3.75169	-2.65367	-1.94129
22	2	4	1	2	2	1	5	-2.78137	-3.62894	-4.15026	-4.08367
23	1	4	2	2	6	3	17	-4.53913	-2.46043	-4.4311	-5.27801
24	4	7	10	4	1	7	1	-1.83546	-3.75169	-2.65367	-1.94129
25	2	1	21	3	2	1	5	-2.92021	-2.49205	-4.29964	-4.41035
26	8	10	2	2	11	12	6	-3.96207	-6.97616	-7.56131	-7.06137
27	2	4	2	2	6	1	5	-6.05502	-4.83855	-5.90975	-7.49296
28	2	1	12	3	2	1	5	-2.61112	-2.11763	-3.56732	-4.58665
29	2	4	1	2	2	1	5	-2.78137	-3.62894	-4.15026	-4.08367
30	4	7	10	4	1	7	1	-1.83546	-3.75169	-2.65367	-1.94129
31	10	1	16	19	10	5	7	-5.87218	-2.7593	-4.1376	-5.02833
32	1	2	3	4	5	9	3	-4.5439	-2.49845	-3.57823	-4.75493
33	2	4	1	2	2	1	5	-2.78137	-3.62894	-4.15026	-4.08367
34	2	4	1	2	2	1	5	-2.78137	-3.62894	-4.15026	-4.08367
35	2	4	1	2	2	1	5	-2.78137	-3.62894	-4.15026	-4.08367
36	4	7	10	4	1	7	1	-1.83546	-3.75169	-2.65367	-1.94129
37	129	66	30	82	189	47	17	-3.25169	-4.83881	-5.52518	-4.147
38	2	1	12	3	357	1	5	-6.85723	-7.24731	-7.65661	-6.93962
39	9	2	4	62	4	5	6	-3.72129	-5.15597	-5.80232	-6.53277
40	2	1	1	3	2	1	5	-4.59796	-3.79106	-6.12365	-6.83187
41	2	1	12	3	357	1	5	-6.85723	-7.24731	-7.65661	-6.93962
42	2	1	5	3	2	3	5	-4.20838	-3.26022	-5.31962	-4.7402
43	2	1	5	3	2	3	5	-4.20838	-3.26022	-5.31962	-4.7402
44	2	4	1	2	2	1	5	-2.78137	-3.62894	-4.15026	-4.08367
45	2	4	1	2	2	1	5	-2.78137	-3.62894	-4.15026	-4.08367
46	2	4	2	2	6	1	5	-6.05502	-4.83855	-5.90975	-7.49296
47	1	4	2	2	6	3	17	-4.53913	-2.46043	-4.4311	-5.27801
48	2	1	21	3	2	1	5	-2.92021	-2.49205	-4.29964	-4.41035
49	2	1	2	3	2	3	5	-3.76671	-6.73622	-7.35474	-6.85935
50	2	1	21	3	2	1	5	-2.92021	-2.49205	-4.29964	-4.41035
51	7	17	2	15	23	3	12	-6.90832	-9.96016	-10.5129	-10.0073
52	2	4	1	2	7	1	5	-2.31537	-5.35873	-5.80801	-5.08353
53	9	2	4	62	4	5	6	-3.72129	-5.15597	-5.80232	-6.53277
54	2	4	1	2	7	1	5	-2.31537	-5.35873	-5.80801	-5.08353
55	9	2	4	62	4	5	6	-3.72129	-5.15597	-5.80232	-6.53277
56	2	1	12	88	2	1	5	-3.93555	-3.43409	-5.56126	-5.24735
57	2	1	5	3	2	3	5	-4.20838	-3.26022	-5.31962	-4.7402
58	2	4	1	2	2	1	5	-2.78137	-3.62894	-4.15026	-4.08367
59	9	2	4	62	4	5	6	-3.72129	-5.15597	-5.80232	-6.53277
60	2	1	5	3	2	3	5	-4.20838	-3.26022	-5.31962	-4.7402
61	2	4	1	2	2	1	5	-2.78137	-3.62894	-4.15026	-4.08367
62	2	4	1	2	2	1	5	-2.78137	-3.62894	-4.15026	-4.08367
63	2	4	1	2	2	1	5	-2.78137	-3.62894	-4.15026	-4.08367
64	2	4	1	2	2	1	5	-2.78137	-3.62894	-4.15026	-4.08367
65	2	4	1	2	2	1	5	-2.78137	-3.62894	-4.15026	-4.08367
66	2	4	1	2	2	1	5	-2.78137	-3.62894	-4.15026	-4.08367
67	1	2	215	4	90	24	8	-30.8689	-34.8107	-25.6401	-20.3563
68	2	4	1	2	2	1	5	-2.78137	-3.62894	-4.15026	-4.08367
69	1	2	3	4	5	9	3	-4.5439	-2.49845	-3.57823	-4.75493
70	2	4	1	2	2	1	5	-2.78137	-3.62894	-4.15026	-4.08367
71	2	4	1	2	2	1	5	-2.78137	-3.62894	-4.15026	-4.08367
72	9	25	2	10	22	3	6	-4.47606	-7.55221	-6.02819	-4.36865
73	2	15	4	48	360	25	23	-6.70663	-9.29807	-5.74018	-4.92081
74	2	4	1	2	2	1	5	-2.78137	-3.62894	-4.15026	-4.08367
75	2	1	12	88	2	1	5	-3.93555	-3.43409	-5.56126	-5.24735
76	2	4	2	2	6	1	5	-6.05502	-4.83855	-5.90975	-7.49296
77	10	1	16	19	10	5	7	-5.87218	-2.7593	-4.1376	-5.02833
78	2	4	1	2	2	1	5	-2.78137	-3.62894	-4.15026	-4.08367
79	2	1	12	3	2	1	5	-2.61112	-2.11763	-3.56732	-4.58665
80	2	4	1	2	2	1	5	-2.78137	-3.62894	-4.15026	-4.08367
81	2	4	1	2	2	1	5	-2.78137	-3.62894	-4.15026	-4.08367
82	1	4	2	2	6	3	17	-4.53913	-2.46043	-4.4311	-5.27801
83	10	1	16	19	10	5	7	-5.87218	-2.7593	-4.1376	-5.02833
84	8	10	149	2	11	12	6	-4.85385	-3.97864	-5.58375	-6.80597
85	2	4	1	2	2	1	5	-2.78137	-3.62894	-4.15026	-4.08367
86	2	4	1	2	7	1	5	-2.31537	-5.35873	-5.80801	-5.08353
87	32	39	30	82	104	324	17	-7.84338	-4.69119	-7.12273	-8.17684
88	1	2	3	4	5	9	3	-4.5439	-2.49845	-3.57823	-4.75493
89	2	1	5	3	2	3	5	-4.20838	-3.26022	-5.31962	-4.7402
90	2	4	1	2	2	1	5	-2.78137	-3.62894	-4.15026	-4.08367
91	2	4	1	2	7	1	5	-2.31537	-5.35873	-5.80801	-5.08353
92	4	7	10	4	1	7	1	-1.83546	-3.75169	-2.65367	-1.94129
93	2	1	2	3	2	3	5	-3.76671	-6.73622	-7.35474	-6.85935
94	2	1	12	3	2	1	5	-2.61112	-2.11763	-3.56732	-4.58665
95	2	1	21	3	2	1	5	-2.92021	-2.49205	-4.29964	-4.41035
96	2	1	21	3	2	1	5	-2.92021	-2.49205	-4.29964	-4.41035
97	9	2	5	2	11	3	1	-29.8946	-31.3739	-27.8829	-27.025
98	4	7	10	4	1	7	1	-1.83546	-3.75169	-2.65367	-1.94129
99	2	1	2	3	2	3	5	-3.76671	-6.73622	-7.35474	-6.85935
100	2	1	21	3	2	1	5	-2.92021	-2.49205	-4.29964	-4.41035
101	4	7	10	4	1	7	1	-1.83546	-3.75169	-2.65367	-1.94129
102	2	1	21	3	2	1	5	-2.92021	-2.49205	-4.29964	-4.41035
103	1	4	2	2	6	3	17	-4.53913	-2.46043	-4.4311	-5.27801
104	2	4	5	2	10	1	5	-6.90209	-9.93952	-10.4934	-9.99871
105	2	1	12	88	2	1	5	-3.93555	-3.43409	-5.56126	-5.24735
106	9	2	4	62	4	5	6	-3.72129	-5.15597	-5.80232	-6.53277
107	2	165	73	147	220	190	104	-8.7261	-13.2711	-7.00578	-5.25419
108	2	1	21	3	2	1	5	-2.92021	-2.49205	-4.29964	-4.41035
109	2	4	1	2	2	1	5	-2.78137	-3.62894	-4.15026	-4.08367
110	2	1	12	3	11	1	6	-19.2673	-17.5138	-19.8515	-21.2485
111	2	1	2	3	2	3	5	-3.76671	-6.73622	-7.35474	-6.85935
112	2	4	1	2	7	1	5	-2.31537	-5.35873	-5.80801	-5.08353
113	2	1	2	3	2	3	5	-3.76671	-6.73622	-7.35474	-6.85935
114	2	1	21	3	2	1	5	-2.92021	-2.49205	-4.29964	-4.41035
115	2	4	1	2	7	1	5	-2.31537	-5.35873	-5.80801	-5.08353
116	33	39	30	82	113	43	17	-9.49747	-6.45247	-6.17018	-8.19502
117	2	4	1	2	2	1	5	-2.78137	-3.62894	-4.15026	-4.08367
118	2	4	1	2	2	1	5	-2.78137	-3.62894	-4.15026	-4.08367
119	2	4	1	2	2	1	5	-2.78137	-3.62894	-4.15026	-4.08367
120	2	4	1	2	7	1	5	-2.31537	-5.35873	-5.80801	-5.08353
121	4	7	10	1	1	7	1	-5.28207	-8.18656	-6.01701	-6.10501
122	2	1	12	3	2	1	5	-2.61112	-2.11763	-3.56732	-4.58665
123	2	4	1	2	2	1	5	-2.78137	-3.62894	-4.15026	-4.08367
124	2	4	1	2	2	1	5	-2.78137	-3.62894	-4.15026	-4.08367
125	2	4	1	2	7	1	5	-2.31537	-5.35873	-5.80801	-5.08353
126	2	4	1	2	2	1	5	-2.78137	-3.62894	-4.15026	-4.08367
127	2	4	1	2	2	1	5	-2.78137	-3.62894	-4.15026	-4.08367
128	2	1	12	88	2	1	5	-3.93555	-3.43409	-5.56126	-5.24735
129	2	1	12	3	2	1	5	-2.61112	-2.11763	-3.56732	-4.58665
130	2	1	12	3	2	1	5	-2.61112	-2.11763	-3.56732	-4.58665
131	2	4	1	2	7	1	5	-2.31537	-5.35873	-5.80801	-5.08353
132	2	1	21	3	2	1	5	-2.92021	-2.49205	-4.29964	-4.41035
133	2	1	21	3	2	1	5	-2.92021	-2.49205	-4.29964	-4.41035
134	2	4	5	2	2	5	5	-3.68105	-6.71839	-6.90891	-5.84796
135	2	1	21	3	2	1	5	-2.92021	-2.49205	-4.29964	-4.41035
136	1	4	2	2	6	3	1	-11.5092	-9.94965	-10.191	-11.0714
137	2	1	5	3	2	3	5	-4.20838	-3.26022	-5.31962	-4.7402
138	2	1	5	3	2	3	5	-4.20838	-3.26022	-5.31962	-4.7402
139	4	7	10	4	1	7	1	-1.83546	-3.75169	-2.65367	-1.94129
140	8	10	2	2	11	12	6	-3.96207	-6.97616	-7.56131	-7.06137
141	2	1	2	3	2	3	5	-3.76671	-6.73622	-7.35474	-6.85935
142	2	1	5	3	2	3	5	-4.20838	-3.26022	-5.31962	-4.7402
143	2	1	2	3	2	3	5	-3.76671	-6.73622	-7.35474	-6.85935
144	129	66	30	82	189	47	17	-3.25169	-4.83881	-5.52518	-4.147
145	2	4	1	2	2	1	5	-2.78137	-3.62894	-4.15026	-4.08367
146	2	4	1	2	2	1	5	-2.78137	-3.62894	-4.15026	-4.08367
147	7	21	5	62	4	61	44	-6.99071	-3.84376	-5.56085	-7.03038
148	2	4	1	2	2	1	5	-2.78137	-3.62894	-4.15026	-4.08367
149	2	937	1	2	2	1	5	-6.94981	-8.75687	-8.23412	-6.42783
150	1	14	2	2	6	1	17	-9.02937	-6.46624	-7.72832	-6.3267
151	1	4	2	2	6	3	17	-4.53913	-2.46043	-4.4311	-5.27801
152	8	10	149	2	11	12	6	-4.85385	-3.97864	-5.58375	-6.80597
153	2	1	12	3	2	1	5	-2.61112	-2.11763	-3.56732	-4.58665
154	9	30	2	2	89	59	6	-4.96107	-8.01364	-8.56588	-8.06059
155	1	2	3	4	5	9	3	-4.5439	-2.49845	-3.57823	-4.75493
156	2	4	1	2	2	1	5	-2.78137	-3.62894	-4.15026	-4.08367
157	2	4	1	2	2	1	5	-2.78137	-3.62894	-4.15026	-4.08367
158	180	194	2	68	19	231	147	-26.5282	-34.0381	-29.36	-20.1808
159	2	4	1	2	2	1	5	-2.78137	-3.62894	-4.15026	-4.08367
160	2	4	1	2	2	1	5	-2.78137	-3.62894	-4.15026	-4.08367
161	2	4	1	2	2	1	5	-2.78137	-3.62894	-4.15026	-4.08367
162	4	7	10	4	1	7	1	-1.83546	-3.75169	-2.65367	-1.94129
163	2	4	1	2	2	1	5	-2.78137	-3.62894	-4.15026	-4.08367
164	2	1	21	3	2	1	5	-2.92021	-2.49205	-4.29964	-4.41035
165	2	4	1	2	7	1	5	-2.31537	-5.35873	-5.80801	-5.08353
166	2	4	1	2	2	1	5	-2.78137	-3.62894	-4.15026	-4.08367
167	10	1	16	19	10	5	7	-5.87218	-2.7593	-4.1376	-5.02833
168	104	7	10	4	1	7	1	-4.41837	-7.47533	-8.00665	-7.50353
169	2	4	1	2	2	1	5	-2.78137	-3.62894	-4.15026	-4.08367
170	10	27	16	19	10	5	7	-19.9181	-12.8133	-15.5735	-17.2589
171	2	4	1	2	2	1	5	-2.78137	-3.62894	-4.15026	-4.08367
172	2	1	1	3	2	1	5	-4.59796	-3.79106	-6.12365	-6.83187
173	7	21	5	62	4	61	44	-6.99071	-3.84376	-5.56085	-7.03038
174	2	1	1	3	2	1	5	-4.59796	-3.79106	-6.12365	-6.83187
175	10	1	16	19	10	5	7	-5.87218	-2.7593	-4.1376	-5.02833
176	2	4	1	2	2	1	5	-2.78137	-3.62894	-4.15026	-4.08367
177	2	4	1	2	2	1	5	-2.78137	-3.62894	-4.15026	-4.08367
178	2	1	12	3	2	1	5	-2.61112	-2.11763	-3.56732	-4.58665
179	2	4	1	2	2	1	5	-2.78137	-3.62894	-4.15026	-4.08367
180	2	4	1	2	2	1	5	-2.78137	-3.62894	-4.15026	-4.08367
181	1	4	2	2	6	3	17	-4.53913	-2.46043	-4.4311	-5.27801
182	2	1	12	3	2	1	5	-2.61112	-2.11763	-3.56732	-4.58665
183	4	7	10	4	1	7	1	-1.83546	-3.75169	-2.65367	-1.94129
184	2	4	1	2	2	1	5	-2.78137	-3.62894	-4.15026	-4.08367
185	2	4	1	2	2	1	5	-2.78137	-3.62894	-4.15026	-4.08367
186	2	1	21	3	2	1	5	-2.92021	-2.49205	-4.29964	-4.41035
187	4	7	10	4	1	7	1	-1.83546	-3.75169	-2.65367	-1.94129
188	4	7	10	4	42	51	1	-2.93518	-4.59145	-4.89786	-3.80611
189	2	1	5	3	2	3	5	-4.20838	-3.26022	-5.31962	-4.7402
190	1	2	4	62	4	5	17	-6.06316	-4.85707	-7.21867	-8.03052
191	4	7	10	4	1	7	1	-1.83546	-3.75169	-2.65367	-1.94129
192	4	7	10	4	42	51	1	-2.93518	-4.59145	-4.89786	-3.80611
193	2	1	21	3	2	1	5	-2.92021	-2.49205	-4.29964	-4.41035
194	4	7	10	4	42	51	1	-2.93518	-4.59145	-4.89786	-3.80611
195	2	4	1	2	7	1	5	-2.31537	-5.35873	-5.80801	-5.08353
196	2	4	1	2	2	1	5	-2.78137	-3.62894	-4.15026	-4.08367
197	1	2	3	4	5	9	3	-4.5439	-2.49845	-3.57823	-4.75493
198	1	2	4	62	4	5	17	-6.06316	-4.85707	-7.21867	-8.03052
199	2	250	4	281	358	25	57	-29.9145	-33.0453	-22.0045	-18.3746
200	9	2	4	62	4	5	6	-3.72129	-5.15597	-5.80232	-6.53277
201	1	2	3	4	5	9	3	-4.5439	-2.49845	-3.57823	-4.75493
202	4	7	10	4	1	7	1	-1.83546	-3.75169	-2.65367	-1.94129
203	2	4	2	4	19	3	6	-5.80595	-8.85224	-9.40312	-8.90032
204	4	7	10	4	1	7	1	-1.83546	-3.75169	-2.65367	-1.94129
205	4	7	10	4	42	51	1	-2.93518	-4.59145	-4.89786	-3.80611
206	2	1	12	3	2	1	5	-2.61112	-2.11763	-3.56732	-4.58665
207	4	7	10	4	1	7	1	-1.83546	-3.75169	-2.65367	-1.94129
208	2	1	12	3	2	1	5	-2.61112	-2.11763	-3.56732	-4.58665
209	1	2	4	62	4	5	17	-6.06316	-4.85707	-7.21867	-8.03052
210	4	7	10	4	42	51	1	-2.93518	-4.59145	-4.89786	-3.80611
211	2	4	1	2	2	1	5	-2.78137	-3.62894	-4.15026	-4.08367
212	4	7	10	4	1	7	1	-1.83546	-3.75169	-2.65367	-1.94129
213	2	1	21	3	2	1	5	-2.92021	-2.49205	-4.29964	-4.41035
214	47	2	4	2	6	5	17	-12.0838	-10.0737	-6.2324	-8.37932
215	2	1	21	3	2	1	5	-2.92021	-2.49205	-4.29964	-4.41035
216	2	1	21	3	2	1	5	-2.92021	-2.49205	-4.29964	-4.41035
217	2	4	1	2	2	1	5	-2.78137	-3.62894	-4.15026	-4.08367
218	2	4	1	2	2	1	5	-2.78137	-3.62894	-4.15026	-4.08367
219	10	81	50	99	120	76	52	-6.69481	-6.40414	-5.30433	-5.15686
220	2	4	1	2	2	1	5	-2.78137	-3.62894	-4.15026	-4.08367
221	2	4	1	2	2	1	5	-2.78137	-3.62894	-4.15026	-4.08367
222	1	4	2	2	6	3	17	-4.53913	-2.46043	-4.4311	-5.27801
223	1	2	4	62	4	5	17	-6.06316	-4.85707	-7.21867	-8.03052
224	4	7	10	4	1	7	1	-1.83546	-3.75169	-2.65367	-1.94129
225	4	7	10	4	1	7	1	-1.83546	-3.75169	-2.65367	-1.94129
226	10	1	16	19	10	5	7	-5.87218	-2.7593	-4.1376	-5.02833
227	2	4	1	2	2	1	5	-2.78137	-3.62894	-4.15026	-4.08367
228	2	4	1	2	7	1	5	-2.31537	-5.35873	-5.80801	-5.08353
229	1	4	2	348	6	3	17	-8.53577	-5.37586	-7.80847	-8.86773
230	1	2	4	62	4	5	17	-6.06316	-4.85707	-7.21867	-8.03052
231	10	27	16	19	10	5	7	-19.9181	-12.8133	-15.5735	-17.2589
232	1	4	2	2	6	3	17	-4.53913	-2.46043	-4.4311	-5.27801
233	4	7	10	4	42	51	1	-2.93518	-4.59145	-4.89786	-3.80611
234	2	4	1	2	2	1	5	-2.78137	-3.62894	-4.15026	-4.08367
235	2	1	12	3	2	1	5	-2.61112	-2.11763	-3.56732	-4.58665
236	2	1	12	88	2	1	5	-3.93555	-3.43409	-5.56126	-5.24735
237	2	4	1	2	7	1	5	-2.31537	-5.35873	-5.80801	-5.08353
238	2	1	12	3	2	1	5	-2.61112	-2.11763	-3.56732	-4.58665
239	1	4	2	2	6	3	17	-4.53913	-2.46043	-4.4311	-5.27801
240	2	1	4	28	58	25	58	-5.67133	-8.57061	-5.4065	-4.24222
241	2	1	5	3	2	3	5	-4.20838	-3.26022	-5.31962	-4.7402
242	2	1	12	3	2	1	5	-2.61112	-2.11763	-3.56732	-4.58665
243	2	4	1	2	2	1	5	-2.78137	-3.62894	-4.15026	-4.08367
244	2	1	5	10	11	1	5	-27.7962	-22.2381	-23.8225	-25.7899
245	2	1	12	3	2	1	5	-2.61112	-2.11763	-3.56732	-4.58665
246	2	1	12	88	2	1	5	-3.93555	-3.43409	-5.56126	-5.24735
247	2	1	12	3	2	1	5	-2.61112	-2.11763	-3.56732	-4.58665
248	2	1	12	3	2	1	5	-2.61112	-2.11763	-3.56732	-4.58665
249	1	4	2	2	6	3	17	-4.53913	-2.46043	-4.4311	-5.27801
250	9	2	4	62	4	5	6	-3.72129	-5.15597	-5.80232	-6.53277
251	2	1	12	3	2	1	5	-2.61112	-2.11763	-3.56732	-4.58665
252	8	10	149	2	11	12	6	-4.85385	-3.97864	-5.58375	-6.80597
253	2	1	21	3	2	1	5	-2.92021	-2.49205	-4.29964	-4.41035
254	1	2	3	4	5	9	3	-4.5439	-2.49845	-3.57823	-4.75493
255	2	1	5	3	2	3	5	-4.20838	-3.26022	-5.31962	-4.7402
256	1	307	3	4	5	9	3	-6.83916	-6.42148	-6.1426	-8.03987
257	1	4	2	2	6	3	17	-4.53913	-2.46043	-4.4311	-5.27801
258	2	4	1	2	7	1	5	-2.31537	-5.35873	-5.80801	-5.08353
259	2	4	1	2	2	1	5	-2.78137	-3.62894	-4.15026	-4.08367
260	2	61	4	64	126	7	23	-6.01743	-9.21784	-5.99321	-4.25753
261	7	21	5	62	4	61	44	-6.99071	-3.84376	-5.56085	-7.03038
262	2	1	12	3	2	1	5	-2.61112	-2.11763	-3.56732	-4.58665
263	2	4	1	2	2	1	5	-2.78137	-3.62894	-4.15026	-4.08367
264	2	1	12	3	2	1	5	-2.61112	-2.11763	-3.56732	-4.58665
265	2	1	21	3	2	1	5	-2.92021	-2.49205	-4.29964	-4.41035
266	2	1	21	3	2	1	5	-2.92021	-2.49205	-4.29964	-4.41035
267	2	4	1	2	2	1	5	-2.78137	-3.62894	-4.15026	-4.08367
268	2	4	1	2	2	1	5	-2.78137	-3.62894	-4.15026	-4.08367
269	2	4	1	2	7	1	5	-2.31537	-5.35873	-5.80801	-5.08353
270	4	7	10	4	1	7	1	-1.83546	-3.75169	-2.65367	-1.94129
271	1	2	4	62	4	5	17	-6.06316	-4.85707	-7.21867	-8.03052
272	4	1	21	3	2	1	5	-9.97448	-10.0805	-10.1885	-10.2768
273	10	1	16	19	10	5	7	-5.87218	-2.7593	-4.1376	-5.02833
274	33	283	44	82	189	44	17	-6.59503	-3.48486	-5.30861	-5.84188
275	2	1	12	3	2	1	5	-2.61112	-2.11763	-3.56732	-4.58665
276	10	81	50	99	120	76	52	-6.69481	-6.40414	-5.30433	-5.15686
277	4	7	10	4	42	25	1	-8.66973	-10.0359	-5.8368	-5.1884
278	2	4	1	2	2	1	5	-2.78137	-3.62894	-4.15026	-4.08367
279	2	4	5	2	10	1	5	-6.90209	-9.93952	-10.4934	-9.99871
280	2	4	1	2	2	1	5	-2.78137	-3.62894	-4.15026	-4.08367
281	9	2	4	62	4	5	6	-3.72129	-5.15597	-5.80232	-6.53277
282	4	7	10	4	1	7	1	-1.83546	-3.75169	-2.65367	-1.94129
283	2	1	12	3	2	1	5	-2.61112	-2.11763	-3.56732	-4.58665
284	9	2	4	62	4	5	6	-3.72129	-5.15597	-5.80232	-6.53277
285	9	2	4	62	4	5	6	-3.72129	-5.15597	-5.80232	-6.53277
286	2	4	1	2	2	1	5	-2.78137	-3.62894	-4.15026	-4.08367
287	2	1	12	88	2	1	5	-3.93555	-3.43409	-5.56126	-5.24735
288	2	1	21	3	2	1	5	-2.92021	-2.49205	-4.29964	-4.41035
289	33	39	30	79	113	44	17	-26.0667	-23.6018	-24.5549	-27.2132
290	1	2	3	4	5	9	3	-4.5439	-2.49845	-3.57823	-4.75493
291	1	4	2	2	6	3	17	-4.53913	-2.46043	-4.4311	-5.27801
292	9	2	4	62	4	5	6	-3.72129	-5.15597	-5.80232	-6.53277
293	2	1	12	3	2	1	5	-2.61112	-2.11763	-3.56732	-4.58665
294	2	1	5	3	2	5	5	-5.39611	-2.84035	-4.05206	-5.30327
295	2	1	5	3	2	5	5	-5.39611	-2.84035	-4.05206	-5.30327
296	2	4	1	2	2	1	5	-2.78137	-3.62894	-4.15026	-4.08367
297	2	4	1	2	2	1	5	-2.78137	-3.62894	-4.15026	-4.08367
298	2	1	21	3	2	1	5	-2.92021	-2.49205	-4.29964	-4.41035
299	32	39	30	82	104	324	17	-7.84338	-4.69119	-7.12273	-8.17684
300	2	1	12	3	2	1	5	-2.61112	-2.11763	-3.56732	-4.58665
301	4	7	10	4	1	7	1	-1.83546	-3.75169	-2.65367	-1.94129
302	1	4	2	2	6	3	5	-8.44928	-5.27483	-7.71766	-8.82324
303	2	1	21	3	2	1	5	-2.92021	-2.49205	-4.29964	-4.41035
304	4	7	10	4	42	51	1	-2.93518	-4.59145	-4.89786	-3.80611
305	2	4	1	2	7	1	5	-2.31537	-5.35873	-5.80801	-5.08353
306	7	21	5	62	4	61	44	-6.99071	-3.84376	-5.56085	-7.03038
307	104	7	10	4	1	7	1	-4.41837	-7.47533	-8.00665	-7.50353
308	9	25	2	10	22	3	6	-4.47606	-7.55221	-6.02819	-4.36865
309	2	4	2	2	6	3	17	-10.909	-7.65158	-9.77802	-10.8816
310	2	4	1	2	7	1	5	-2.31537	-5.35873	-5.80801	-5.08353
311	129	66	30	82	189	47	17	-3.25169	-4.83881	-5.52518	-4.147
312	33	39	30	82	104	173	68	-5.34252	-3.9891	-6.36487	-7.20583
313	2	1	12	3	2	1	5	-2.61112	-2.11763	-3.56732	-4.58665
314	2	1	1	3	2	1	5	-4.59796	-3.79106	-6.12365	-6.83187
315	7	21	5	62	4	61	44	-6.99071	-3.84376	-5.56085	-7.03038
316	2	1	21	3	2	1	5	-2.92021	-2.49205	-4.29964	-4.41035
317	4	7	10	4	1	7	1	-1.83546	-3.75169	-2.65367	-1.94129
318	10	2	107	62	120	76	1	-6.85514	-9.94921	-8.01665	-6.32671
319	4	7	10	4	1	7	1	-1.83546	-3.75169	-2.65367	-1.94129
320	2	1	12	3	2	1	5	-2.61112	-2.11763	-3.56732	-4.58665
321	2	1	5	3	2	3	5	-4.20838	-3.26022	-5.31962	-4.7402
322	4	7	10	4	1	7	1	-1.83546	-3.75169	-2.65367	-1.94129
323	2	1	12	88	2	1	5	-3.93555	-3.43409	-5.56126	-5.24735
324	4	7	10	4	42	7	1	-6.60447	-9.21276	-5.61477	-4.67788
325	4	7	10	4	42	51	1	-2.93518	-4.59145	-4.89786	-3.80611
326	2	1	21	3	2	1	5	-2.92021	-2.49205	-4.29964	-4.41035
327	2	1	12	3	2	1	5	-2.61112	-2.11763	-3.56732	-4.58665
328	4	7	10	4	1	7	1	-1.83546	-3.75169	-2.65367	-1.94129
329	2	4	1	2	7	1	5	-2.31537	-5.35873	-5.80801	-5.08353
330	4	7	10	4	1	7	1	-1.83546	-3.75169	-2.65367	-1.94129
331	2	1	12	3	2	1	5	-2.61112	-2.11763	-3.56732	-4.58665
332	4	7	10	4	1	7	1	-1.83546	-3.75169	-2.65367	-1.94129
333	4	7	10	4	1	7	1	-1.83546	-3.75169	-2.65367	-1.94129
334	1	4	2	2	6	3	17	-4.53913	-2.46043	-4.4311	-5.27801
335	2	4	1	2	2	1	5	-2.78137	-3.62894	-4.15026	-4.08367
336	4	7	10	4	1	7	1	-1.83546	-3.75169	-2.65367	-1.94129
337	7	17	2	15	23	3	12	-6.90832	-9.96016	-10.5129	-10.0073
338	2	1	5	3	2	3	5	-4.20838	-3.26022	-5.31962	-4.7402
339	4	7	10	4	1	7	1	-1.83546	-3.75169	-2.65367	-1.94129
340	4	7	10	4	1	7	1	-1.83546	-3.75169	-2.65367	-1.94129
341	4	7	10	4	42	51	1	-2.93518	-4.59145	-4.89786	-3.80611
342	2	4	1	2	2	1	5	-2.78137	-3.62894	-4.15026	-4.08367
343	2	1	12	88	2	1	5	-3.93555	-3.43409	-5.56126	-5.24735
344	2	1	1	3	2	1	5	-4.59796	-3.79106	-6.12365	-6.83187
345	1	2	3	4	5	9	3	-4.5439	-2.49845	-3.57823	-4.75493
346	2	1	12	88	2	1	5	-3.93555	-3.43409	-5.56126	-5.24735
347	2	1	1	3	2	1	5	-4.59796	-3.79106	-6.12365	-6.83187
348	24	17	2	10	23	68	5	-8.94128	-5.78782	-8.22008	-9.275
349	4	7	10	4	1	7	1	-1.83546	-3.75169	-2.65367	-1.94129
350	2	1	21	3	2	1	5	-2.92021	-2.49205	-4.29964	-4.41035
351	1	4	2	2	6	3	17	-4.53913	-2.46043	-4.4311	-5.27801
352	2	1	5	3	2	3	5	-4.20838	-3.26022	-5.31962	-4.7402
353	4	7	10	4	1	7	1	-1.83546	-3.75169	-2.65367	-1.94129
354	2	1	1	3	2	1	5	-4.59796	-3.79106	-6.12365	-6.83187
355	2	1	12	3	2	1	5	-2.61112	-2.11763	-3.56732	-4.58665
356	8	10	149	2	11	12	6	-4.85385	-3.97864	-5.58375	-6.80597
357	2	4	1	2	2	5	5	-6.809	-6.40326	-8.60047	-9.22951
358	10	1	16	19	10	5	7	-5.87218	-2.7593	-4.1376	-5.02833
359	24	17	2	10	23	68	5	-8.94128	-5.78782	-8.22008	-9.275
360	1	2	4	62	4	5	17	-6.06316	-4.85707	-7.21867	-8.03052
361	2	4	1	2	7	1	5	-2.31537	-5.35873	-5.80801	-5.08353
362	7	71	5	62	11	67	6	-30.0621	-29.3963	-29.3229	-27.736
363	7	17	5	2	10	3	6	-25.7831	-23.9824	-23.4177	-23.2478
364	2	1	5	3	2	3	5	-4.20838	-3.26022	-5.31962	-4.7402
365	9	2	4	62	4	5	6	-3.72129	-5.15597	-5.80232	-6.53277
366	33	38	30	82	104	325	36	-13.8814	-11.6226	-13.0067	-12.3256
367	2	4	1	2	7	1	5	-2.31537	-5.35873	-5.80801	-5.08353
368	47	2	4	2	6	5	17	-12.0838	-10.0737	-6.2324	-8.37932
369	2	1	12	88	2	1	5	-3.93555	-3.43409	-5.56126	-5.24735
370	2	1	12	88	2	1	5	-3.93555	-3.43409	-5.56126	-5.24735
371	2	1	12	88	2	1	5	-3.93555	-3.43409	-5.56126	-5.24735
372	2	1	12	88	2	1	5	-3.93555	-3.43409	-5.56126	-5.24735
373	2	4	1	2	2	1	5	-2.78137	-3.62894	-4.15026	-4.08367
374	2	1	12	88	2	1	5	-3.93555	-3.43409	-5.56126	-5.24735
375	1	1	2	2	6	3	17	-9.5025	-6.17589	-8.6103	-9.80842
376	2	1	12	88	2	1	5	-3.93555	-3.43409	-5.56126	-5.24735
377	2	1	12	88	2	1	5	-3.93555	-3.43409	-5.56126	-5.24735
378	2	4	1	2	2	1	5	-2.78137	-3.62894	-4.15026	-4.08367
379	2	1	12	88	2	1	5	-3.93555	-3.43409	-5.56126	-5.24735
380	2	1	5	3	2	3	5	-4.20838	-3.26022	-5.31962	-4.7402
381	4	7	10	4	1	7	1	-1.83546	-3.75169	-2.65367	-1.94129
382	2	1	12	3	2	1	5	-2.61112	-2.11763	-3.56732	-4.58665
383	1	2	4	62	4	5	17	-6.06316	-4.85707	-7.21867	-8.03052
384	1	4	2	2	6	3	17	-4.53913	-2.46043	-4.4311	-5.27801
385	2	1	12	3	2	1	5	-2.61112	-2.11763	-3.56732	-4.58665
386	2	1	12	88	2	1	5	-3.93555	-3.43409	-5.56126	-5.24735
387	9	2	4	62	4	5	6	-3.72129	-5.15597	-5.80232	-6.53277
388	2	4	1	2	7	1	5	-2.31537	-5.35873	-5.80801	-5.08353
389	2	1	5	3	2	3	5	-4.20838	-3.26022	-5.31962	-4.7402
390	7	21	5	62	4	61	44	-6.99071	-3.84376	-5.56085	-7.03038
391	1	2	215	4	90	24	8	-30.8689	-34.8107	-25.6401	-20.3563
392	2	1	21	3	2	1	5	-2.92021	-2.49205	-4.29964	-4.41035
393	1	4	2	2	6	3	17	-4.53913	-2.46043	-4.4311	-5.27801
394	2	4	1	2	2	1	5	-2.78137	-3.62894	-4.15026	-4.08367
395	2	1	12	3	2	1	5	-2.61112	-2.11763	-3.56732	-4.58665
396	1	2	3	4	5	9	3	-4.5439	-2.49845	-3.57823	-4.75493
397	2	1	5	3	2	3	5	-4.20838	-3.26022	-5.31962	-4.7402
398	10	1	16	19	10	5	7	-5.87218	-2.7593	-4.1376	-5.02833
399	2	1	2	3	2	959	5	-8.01064	-11.5115	-11.3743	-9.20598
400	10	1	16	19	10	5	7	-5.87218	-2.7593	-4.1376	-5.02833
401	2	4	1	2	7	1	5	-2.31537	-5.35873	-5.80801	-5.08353
402	2	1	12	3	2	1	5	-2.61112	-2.11763	-3.56732	-4.58665
403	8	10	149	2	11	12	6	-4.85385	-3.97864	-5.58375	-6.80597
404	2	4	1	2	7	1	5	-2.31537	-5.35873	-5.80801	-5.08353
405	4	7	10	4	1	7	1	-1.83546	-3.75169	-2.65367	-1.94129
406	4	7	10	4	1	7	1	-1.83546	-3.75169	-2.65367	-1.94129
407	2	4	5	2	2	5	5	-3.68105	-6.71839	-6.90891	-5.84796
408	2	1	12	3	2	1	5	-2.61112	-2.11763	-3.56732	-4.58665
409	166	2	27	10	151	3	1	-32.6425	-35.7349	-30.3428	-24.462
410	33	39	30	79	113	44	17	-26.0667	-23.6018	-24.5549	-27.2132
411	7	17	2	15	23	3	12	-6.90832	-9.96016	-10.5129	-10.0073
412	1	2	3	4	5	9	3	-4.5439	-2.49845	-3.57823	-4.75493
413	2	4	1	2	7	1	5	-2.31537	-5.35873	-5.80801	-5.08353
414	7	21	5	62	4	61	44	-6.99071	-3.84376	-5.56085	-7.03038
415	2	1	12	3	2	1	5	-2.61112	-2.11763	-3.56732	-4.58665
416	1	2	3	4	5	9	3	-4.5439	-2.49845	-3.57823	-4.75493
417	2	1	5	88	2	11	5	-8.5039	-5.35657	-6.03448	-7.89645
418	2	4	1	2	7	1	5	-2.31537	-5.35873	-5.80801	-5.08353
419	2	1	21	3	2	1	5	-2.92021	-2.49205	-4.29964	-4.41035
420	7	17	2	15	23	3	12	-6.90832	-9.96016	-10.5129	-10.0073
421	2	1	5	88	2	11	5	-8.5039	-5.35657	-6.03448	-7.89645
422	47	2	4	2	6	5	17	-12.0838	-10.0737	-6.2324	-8.37932
423	1	2	3	4	5	9	3	-4.5439	-2.49845	-3.57823	-4.75493
424	7	17	2	15	23	3	12	-6.90832	-9.96016	-10.5129	-10.0073
425	2	4	1	2	2	1	5	-2.78137	-3.62894	-4.15026	-4.08367
426	2	4	1	2	2	1	5	-2.78137	-3.62894	-4.15026	-4.08367
427	2	4	1	2	2	1	5	-2.78137	-3.62894	-4.15026	-4.08367
428	2	1	12	3	2	1	5	-2.61112	-2.11763	-3.56732	-4.58665
429	2	4	5	2	2	5	5	-3.68105	-6.71839	-6.90891	-5.84796
430	2	1	21	3	2	1	5	-2.92021	-2.49205	-4.29964	-4.41035
431	4	7	10	4	42	25	1	-8.66973	-10.0359	-5.8368	-5.1884
432	1	4	2	2	6	3	17	-4.53913	-2.46043	-4.4311	-5.27801
433	1	2	215	4	923	24	8	-30.8689	-34.8107	-25.6401	-20.3563
434	1	2	3	4	5	9	3	-4.5439	-2.49845	-3.57823	-4.75493
435	2	1	1	3	2	1	5	-4.59796	-3.79106	-6.12365	-6.83187
436	1	4	2	2	6	3	17	-4.53913	-2.46043	-4.4311	-5.27801
437	2	4	1	2	2	1	5	-2.78137	-3.62894	-4.15026	-4.08367
438	2	1	5	3	2	5	5	-5.39611	-2.84035	-4.05206	-5.30327
439	4	7	10	4	42	51	1	-2.93518	-4.59145	-4.89786	-3.80611
440	4	7	10	4	1	7	1	-1.83546	-3.75169	-2.65367	-1.94129
441	4	7	10	4	1	7	1	-1.83546	-3.75169	-2.65367	-1.94129
442	4	7	10	4	1	7	1	-1.83546	-3.75169	-2.65367	-1.94129
443	2	1	21	3	2	1	5	-2.92021	-2.49205	-4.29964	-4.41035
444	2	1	21	3	2	1	5	-2.92021	-2.49205	-4.29964	-4.41035
445	2	4	1	2	7	1	5	-2.31537	-5.35873	-5.80801	-5.08353
446	4	7	10	4	1	7	1	-1.83546	-3.75169	-2.65367	-1.94129
447	4	7	10	4	1	7	1	-1.83546	-3.75169	-2.65367	-1.94129
448	2	1	1	3	2	1	5	-4.59796	-3.79106	-6.12365	-6.83187
449	2	1	21	3	2	1	5	-2.92021	-2.49205	-4.29964	-4.41035
450	2	1	21	3	2	1	5	-2.92021	-2.49205	-4.29964	-4.41035
451	4	7	10	4	42	51	1	-2.93518	-4.59145	-4.89786	-3.80611
452	4	7	10	1	1	7	1	-5.28207	-8.18656	-6.01701	-6.10501
453	239	27	16	19	10	5	7	-9.63625	-6.48304	-8.91388	-9.96912
454	2	1	12	3	2	1	5	-2.61112	-2.11763	-3.56732	-4.58665
455	2	4	1	2	2	1	5	-2.78137	-3.62894	-4.15026	-4.08367
456	2	1	12	3	2	1	5	-2.61112	-2.11763	-3.56732	-4.58665
457	2	1	12	3	2	1	5	-2.61112	-2.11763	-3.56732	-4.58665
458	10	81	50	99	120	76	52	-6.69481	-6.40414	-5.30433	-5.15686
459	47	2	4	2	6	5	17	-12.0838	-10.0737	-6.2324	-8.37932
460	2	4	1	3	2	1	5	-6.84971	-8.48657	-9.61798	-9.75783
461	4	7	10	4	1	7	1	-1.83546	-3.75169	-2.65367	-1.94129
462	2	1	1	380	2	1	5	-6.14521	-5.73776	-8.02277	-8.59407
463	2	4	1	2	7	1	5	-2.31537	-5.35873	-5.80801	-5.08353
464	2	1	12	88	2	1	5	-3.93555	-3.43409	-5.56126	-5.24735
465	7	71	5	62	11	67	1	-31.2153	-29.6115	-28.1651	-26.7894
466	2	4	1	2	7	1	5	-2.31537	-5.35873	-5.80801	-5.08353
467	4	7	10	4	1	7	1	-1.83546	-3.75169	-2.65367	-1.94129
468	2	1	1	380	2	1	5	-6.14521	-5.73776	-8.02277	-8.59407
469	2	4	1	2	2	1	5	-2.78137	-3.62894	-4.15026	-4.08367
470	2	1	12	3	2	1	5	-2.61112	-2.11763	-3.56732	-4.58665
471	1	14	2	2	6	1	17	-9.02937	-6.46624	-7.72832	-6.3267
472	1	2	4	62	4	5	17	-6.06316	-4.85707	-7.21867	-8.03052
473	4	7	10	4	1	7	1	-1.83546	-3.75169	-2.65367	-1.94129
474	2	1	21	3	2	1	5	-2.92021	-2.49205	-4.29964	-4.41035
475	2	4	1	2	2	1	5	-2.78137	-3.62894	-4.15026	-4.08367
476	1	4	2	2	6	3	17	-4.53913	-2.46043	-4.4311	-5.27801
477	4	7	10	4	1	7	1	-1.83546	-3.75169	-2.65367	-1.94129
478	10	2	107	62	120	76	1	-6.85514	-9.94921	-8.01665	-6.32671
479	2	1	12	3	2	1	5	-2.61112	-2.11763	-3.56732	-4.58665
480	2	1	5	3	2	3	5	-4.20838	-3.26022	-5.31962	-4.7402
481	2	1	21	3	2	1	5	-2.92021	-2.49205	-4.29964	-4.41035
482	1	2	3	4	5	9	3	-4.5439	-2.49845	-3.57823	-4.75493
483	1	307	3	4	5	9	3	-6.83916	-6.42148	-6.1426	-8.03987
484	7	2	5	2	10	3	6	-31.8467	-27.0739	-27.8909	-29.5076
485	1	2	3	4	5	9	3	-4.5439	-2.49845	-3.57823	-4.75493
486	33	39	30	82	104	173	68	-5.34252	-3.9891	-6.36487	-7.20583
487	4	7	10	4	42	7	1	-6.60447	-9.21276	-5.61477	-4.67788
488	2	1	12	88	2	1	5	-3.93555	-3.43409	-5.56126	-5.24735
489	2	4	1	2	2	1	5	-2.78137	-3.62894	-4.15026	-4.08367
490	2	1	21	3	2	1	5	-2.92021	-2.49205	-4.29964	-4.41035
491	9	2	4	62	4	5	6	-3.72129	-5.15597	-5.80232	-6.53277
492	2	1	5	3	2	3	5	-4.20838	-3.26022	-5.31962	-4.7402
493	4	7	10	4	1	7	1	-1.83546	-3.75169	-2.65367	-1.94129
494	2	1	57	26	127	29	35	-6.89912	-9.31511	-6.21457	-8.18992
495	2	1	57	26	127	29	35	-6.89912	-9.31511	-6.21457	-8.18992
496	2	4	2	4	19	3	6	-5.80595	-8.85224	-9.40312	-8.90032
497	2	1	12	3	2	1	5	-2.61112	-2.11763	-3.56732	-4.58665
498	2	4	1	2	2	1	5	-2.78137	-3.62894	-4.15026	-4.08367
499	2	4	1	2	2	1	5	-2.78137	-3.62894	-4.15026	-4.08367
500	2	1	21	3	2	1	5	-2.92021	-2.49205	-4.29964	-4.41035
501	33	39	65	79	104	43	17	-4.60513	-7.65729	-8.20952	-7.70475
502	1	14	2	2	6	1	17	-9.02937	-6.46624	-7.72832	-6.3267
503	2	1	12	3	2	1	5	-2.61112	-2.11763	-3.56732	-4.58665
504	7	21	5	62	4	61	44	-6.99071	-3.84376	-5.56085	-7.03038
505	9	2	4	62	4	5	6	-3.72129	-5.15597	-5.80232	-6.53277
506	129	66	30	82	189	47	17	-3.25169	-4.83881	-5.52518	-4.147
507	2	1	21	3	2	1	5	-2.92021	-2.49205	-4.29964	-4.41035
508	47	2	4	2	6	5	17	-12.0838	-10.0737	-6.2324	-8.37932
509	2	4	1	2	7	1	5	-2.31537	-5.35873	-5.80801	-5.08353
510	33	38	30	82	104	325	36	-13.8814	-11.6226	-13.0067	-12.3256
511	1	4	2	2	6	3	17	-4.53913	-2.46043	-4.4311	-5.27801
512	1	4	2	2	6	3	17	-4.53913	-2.46043	-4.4311	-5.27801
513	2	4	1	2	2	1	5	-2.78137	-3.62894	-4.15026	-4.08367
514	4	7	10	4	1	7	1	-1.83546	-3.75169	-2.65367	-1.94129
515	33	283	44	82	189	44	17	-6.59503	-3.48486	-5.30861	-5.84188
516	8	10	149	2	11	12	6	-4.85385	-3.97864	-5.58375	-6.80597
517	2	1	21	3	62	1	5	-5.80382	-8.83858	-9.39953	-8.90144
518	10	1	16	19	10	5	7	-5.87218	-2.7593	-4.1376	-5.02833
519	180	194	2	68	19	231	147	-26.5282	-34.0381	-29.36	-20.1808
520	2	4	1	2	7	1	5	-2.31537	-5.35873	-5.80801	-5.08353
521	2	4	2	2	6	1	5	-6.05502	-4.83855	-5.90975	-7.49296
522	1	2	3	4	5	9	3	-4.5439	-2.49845	-3.57823	-4.75493
523	2	1	21	3	2	1	5	-2.92021	-2.49205	-4.29964	-4.41035
524	2	1	12	3	2	1	5	-2.61112	-2.11763	-3.56732	-4.58665
525	2	1	5	3	2	3	5	-4.20838	-3.26022	-5.31962	-4.7402
526	1	307	3	4	5	9	3	-6.83916	-6.42148	-6.1426	-8.03987
527	2	4	1	2	7	1	5	-2.31537	-5.35873	-5.80801	-5.08353
528	2	1	12	3	2	1	5	-2.61112	-2.11763	-3.56732	-4.58665
529	7	21	5	62	4	61	44	-6.99071	-3.84376	-5.56085	-7.03038
530	2	1	5	3	2	3	5	-4.20838	-3.26022	-5.31962	-4.7402
531	2	1	12	88	2	1	5	-3.93555	-3.43409	-5.56126	-5.24735
532	2	1	21	3	2	1	5	-2.92021	-2.49205	-4.29964	-4.41035
533	1	4	2	2	6	3	17	-4.53913	-2.46043	-4.4311	-5.27801
534	2	4	1	2	7	1	5	-2.31537	-5.35873	-5.80801	-5.08353
535	47	2	4	2	6	5	17	-12.0838	-10.0737	-6.2324	-8.37932
536	1	4	2	2	6	3	17	-4.53913	-2.46043	-4.4311	-5.27801
537	1	2	3	4	5	9	3	-4.5439	-2.49845	-3.57823	-4.75493
538	2	4	1	2	2	1	5	-2.78137	-3.62894	-4.15026	-4.08367
539	4	7	10	4	42	7	1	-6.60447	-9.21276	-5.61477	-4.67788
540	2	4	1	9	2	1	5	-7.01209	-8.765	-8.241	-6.43811
541	2	1	12	3	2	1	5	-2.61112	-2.11763	-3.56732	-4.58665
542	1	4	2	9	6	3	17	-8.7679	-7.5473	-8.49021	-7.60795
543	1	2	3	4	922	9	3	-8.78981	-7.63692	-7.67043	-7.11166
544	4	7	10	4	1	7	1	-1.83546	-3.75169	-2.65367	-1.94129
545	2	1	5	3	2	3	5	-4.20838	-3.26022	-5.31962	-4.7402
546	2	4	1	2	7	1	5	-2.31537	-5.35873	-5.80801	-5.08353
547	4	7	10	4	1	7	1	-1.83546	-3.75169	-2.65367	-1.94129
548	2	4	1	2	2	1	5	-2.78137	-3.62894	-4.15026	-4.08367
549	2	1	21	3	2	1	5	-2.92021	-2.49205	-4.29964	-4.41035
550	4	7	10	4	1	7	1	-1.83546	-3.75169	-2.65367	-1.94129
551	1	4	2	2	6	3	17	-4.53913	-2.46043	-4.4311	-5.27801
552	2	1	5	3	2	5	5	-5.39611	-2.84035	-4.05206	-5.30327
553	2	1	12	3	2	1	5	-2.61112	-2.11763	-3.56732	-4.58665
554	4	936	10	4	1	7	1	-6.07593	-8.88573	-6.71937	-4.29874
555	180	194	2	68	19	231	147	-26.5282	-34.0381	-29.36	-20.1808
556	4	7	10	4	42	51	1	-2.93518	-4.59145	-4.89786	-3.80611
557	4	7	10	4	42	25	1	-8.66973	-10.0359	-5.8368	-5.1884
558	2	1	21	3	2	1	5	-2.92021	-2.49205	-4.29964	-4.41035
559	2	1	5	3	2	3	5	-4.20838	-3.26022	-5.31962	-4.7402
560	2	1	5	3	2	3	5	-4.20838	-3.26022	-5.31962	-4.7402
561	4	7	10	4	42	51	1	-2.93518	-4.59145	-4.89786	-3.80611
562	4	7	10	4	1	7	1	-1.83546	-3.75169	-2.65367	-1.94129
563	2	4	1	2	7	1	5	-2.31537	-5.35873	-5.80801	-5.08353
564	2	1	21	3	2	1	5	-2.92021	-2.49205	-4.29964	-4.41035
565	1	4	2	2	6	3	17	-4.53913	-2.46043	-4.4311	-5.27801
566	188	313	5	2	89	5	6	-40.5107	-36.5948	-37.228	-39.5984
567	2	1	21	3	2	1	5	-2.92021	-2.49205	-4.29964	-4.41035
568	2	1	1	3	2	1	5	-4.59796	-3.79106	-6.12365	-6.83187
569	2	1	5	3	2	3	5	-4.20838	-3.26022	-5.31962	-4.7402
570	2	4	1	2	2	1	5	-2.78137	-3.62894	-4.15026	-4.08367
571	2	1	5	3	2	3	5	-4.20838	-3.26022	-5.31962	-4.7402
572	2	1	1	3	2	1	5	-4.59796	-3.79106	-6.12365	-6.83187
573	2	1	5	3	2	3	5	-4.20838	-3.26022	-5.31962	-4.7402
574	1	4	2	2	6	3	17	-4.53913	-2.46043	-4.4311	-5.27801
575	1	4	2	2	6	3	17	-4.53913	-2.46043	-4.4311	-5.27801
576	2	1	21	3	2	1	5	-2.92021	-2.49205	-4.29964	-4.41035
577	239	27	16	19	10	5	7	-9.63625	-6.48304	-8.91388	-9.96912
578	2	4	5	2	2	5	5	-3.68105	-6.71839	-6.90891	-5.84796
579	9	2	4	62	4	5	6	-3.72129	-5.15597	-5.80232	-6.53277
580	2	1	1	3	2	1	5	-4.59796	-3.79106	-6.12365	-6.83187
581	2	1	5	3	2	3	5	-4.20838	-3.26022	-5.31962	-4.7402
582	1	4	2	2	6	3	17	-4.53913	-2.46043	-4.4311	-5.27801
583	2	4	5	2	2	5	5	-3.68105	-6.71839	-6.90891	-5.84796
584	2	4	5	2	2	5	5	-3.68105	-6.71839	-6.90891	-5.84796
585	2	1	5	3	2	3	5	-4.20838	-3.26022	-5.31962	-4.7402
586	2	1	1	380	2	1	5	-6.14521	-5.73776	-8.02277	-8.59407
587	2	7	10	4	1	7	1	-6.64689	-8.6267	-7.92448	-7.46789
588	2	1	12	3	2	1	5	-2.61112	-2.11763	-3.56732	-4.58665
589	2	4	1	2	2	1	5	-2.78137	-3.62894	-4.15026	-4.08367
590	9	2	4	62	4	5	6	-3.72129	-5.15597	-5.80232	-6.53277
591	2	4	5	2	2	5	5	-3.68105	-6.71839	-6.90891	-5.84796
592	1	4	2	2	6	3	17	-4.53913	-2.46043	-4.4311	-5.27801
593	1	4	2	2	6	5	17	-12.8905	-8.71981	-11.1176	-13.5221
594	2	4	2	2	6	1	5	-6.05502	-4.83855	-5.90975	-7.49296
595	1	4	2	2	6	5	17	-12.8905	-8.71981	-11.1176	-13.5221
596	2	23	21	3	2	1	5	-7.1669	-7.63514	-8.39412	-6.76833
597	7	21	5	62	4	61	44	-6.99071	-3.84376	-5.56085	-7.03038
598	2	4	1	2	2	1	5	-2.78137	-3.62894	-4.15026	-4.08367
599	1	307	3	4	5	9	3	-6.83916	-6.42148	-6.1426	-8.03987
600	1	2	3	4	5	9	3	-4.5439	-2.49845	-3.57823	-4.75493
601	9	2	4	62	4	5	6	-3.72129	-5.15597	-5.80232	-6.53277
602	2	1	12	3	2	1	5	-2.61112	-2.11763	-3.56732	-4.58665
603	1	4	2	2	6	3	17	-4.53913	-2.46043	-4.4311	-5.27801
604	10	1	16	19	10	5	7	-5.87218	-2.7593	-4.1376	-5.02833
605	2	1	12	3	2	1	5	-2.61112	-2.11763	-3.56732	-4.58665
606	180	194	2	68	19	231	147	-26.5282	-34.0381	-29.36	-20.1808
607	2	1	12	3	2	1	5	-2.61112	-2.11763	-3.56732	-4.58665
608	4	7	10	4	1	7	1	-1.83546	-3.75169	-2.65367	-1.94129
609	129	66	30	82	189	47	17	-3.25169	-4.83881	-5.52518	-4.147
610	4	7	10	4	1	7	1	-1.83546	-3.75169	-2.65367	-1.94129
611	2	1	12	3	2	1	5	-2.61112	-2.11763	-3.56732	-4.58665
612	2	1	21	3	2	1	5	-2.92021	-2.49205	-4.29964	-4.41035
613	4	7	10	4	1	7	1	-1.83546	-3.75169	-2.65367	-1.94129
614	10	1	16	19	10	5	7	-5.87218	-2.7593	-4.1376	-5.02833
615	8	10	149	2	11	12	6	-4.85385	-3.97864	-5.58375	-6.80597
616	129	66	30	82	189	47	17	-3.25169	-4.83881	-5.52518	-4.147
617	2	4	1	2	2	1	5	-2.78137	-3.62894	-4.15026	-4.08367
618	180	194	2	68	19	231	147	-26.5282	-34.0381	-29.36	-20.1808
619	2	1	5	3	2	3	5	-4.20838	-3.26022	-5.31962	-4.7402
620	2	4	1	2	2	1	5	-2.78137	-3.62894	-4.15026	-4.08367
621	1	2	3	4	5	9	3	-4.5439	-2.49845	-3.57823	-4.75493
622	180	194	2	68	19	231	147	-26.5282	-34.0381	-29.36	-20.1808
623	33	39	65	79	104	43	17	-4.60513	-7.65729	-8.20952	-7.70475
624	2	4	5	2	2	5	5	-3.68105	-6.71839	-6.90891	-5.84796
625	2	1	5	3	2	5	5	-5.39611	-2.84035	-4.05206	-5.30327
626	2	1	12	3	2	1	5	-2.61112	-2.11763	-3.56732	-4.58665
627	180	194	2	68	19	231	147	-26.5282	-34.0381	-29.36	-20.1808
628	2	1	21	3	2	1	5	-2.92021	-2.49205	-4.29964	-4.41035
629	2	1	5	3	2	5	5	-5.39611	-2.84035	-4.05206	-5.30327
630	2	1	21	3	2	1	5	-2.92021	-2.49205	-4.29964	-4.41035
631	1	2	3	4	5	9	3	-4.5439	-2.49845	-3.57823	-4.75493
632	2	1	21	3	2	1	5	-2.92021	-2.49205	-4.29964	-4.41035
633	8	10	2	2	11	12	6	-3.96207	-6.97616	-7.56131	-7.06137
634	2	4	1	2	7	1	5	-2.31537	-5.35873	-5.80801	-5.08353
635	2	1	5	3	2	3	5	-4.20838	-3.26022	-5.31962	-4.7402
636	1	2	3	4	5	9	3	-4.5439	-2.49845	-3.57823	-4.75493
637	9	2	4	62	4	5	6	-3.72129	-5.15597	-5.80232	-6.53277
638	2	1	21	3	2	1	5	-2.92021	-2.49205	-4.29964	-4.41035
639	8	10	149	2	11	12	6	-4.85385	-3.97864	-5.58375	-6.80597
640	2	1	12	88	2	1	5	-3.93555	-3.43409	-5.56126	-5.24735
641	2	4	1	2	2	1	5	-2.78137	-3.62894	-4.15026	-4.08367
642	2	1	5	10	10	1	5	-23.9143	-23.0769	-22.5912	-24.0162
643	1	2	3	4	5	9	3	-4.5439	-2.49845	-3.57823	-4.75493
644	2	4	1	2	7	1	5	-2.31537	-5.35873	-5.80801	-5.08353
645	2	4	1	2	2	1	5	-2.78137	-3.62894	-4.15026	-4.08367
646	1	2	3	4	5	9	3	-4.5439	-2.49845	-3.57823	-4.75493
647	2	1	12	88	2	1	5	-3.93555	-3.43409	-5.56126	-5.24735
648	4	7	10	4	1	7	1	-1.83546	-3.75169	-2.65367	-1.94129
649	2	1	21	3	2	1	5	-2.92021	-2.49205	-4.29964	-4.41035
650	2	4	1	2	7	1	5	-2.31537	-5.35873	-5.80801	-5.08353
651	33	38	30	82	118	43	17	-19.7996	-18.4576	-20.6008	-21.8226
652	2	4	1	2	2	1	5	-2.78137	-3.62894	-4.15026	-4.08367
653	2	1	5	3	2	3	5	-4.20838	-3.26022	-5.31962	-4.7402
654	4	7	10	4	1	7	1	-1.83546	-3.75169	-2.65367	-1.94129
655	8	10	2	2	11	12	6	-3.96207	-6.97616	-7.56131	-7.06137
656	2	4	5	2	2	5	5	-3.68105	-6.71839	-6.90891	-5.84796
657	4	7	10	4	1	7	1	-1.83546	-3.75169	-2.65367	-1.94129
658	2	1	5	3	2	3	5	-4.20838	-3.26022	-5.31962	-4.7402
659	33	39	30	82	113	47	17	-5.76608	-5.74377	-7.95481	-8.38133
660	2	1	21	3	2	1	5	-2.92021	-2.49205	-4.29964	-4.41035
661	2	4	1	2	7	1	5	-2.31537	-5.35873	-5.80801	-5.08353
662	2	1	1	3	2	1	5	-4.59796	-3.79106	-6.12365	-6.83187
663	4	7	10	4	1	7	1	-1.83546	-3.75169	-2.65367	-1.94129
664	7	21	5	62	4	61	44	-6.99071	-3.84376	-5.56085	-7.03038
665	10	81	50	99	120	76	52	-6.69481	-6.40414	-5.30433	-5.15686
666	4	7	10	4	1	7	1	-1.83546	-3.75169	-2.65367	-1.94129
667	1	2	3	4	5	9	3	-4.5439	-2.49845	-3.57823	-4.75493
668	1	2	3	4	5	9	3	-4.5439	-2.49845	-3.57823	-4.75493
669	2	4	1	2	7	1	5	-2.31537	-5.35873	-5.80801	-5.08353
670	4	7	10	4	1	7	1	-1.83546	-3.75169	-2.65367	-1.94129
671	2	1	5	3	2	3	5	-4.20838	-3.26022	-5.31962	-4.7402
672	1	4	2	2	6	3	17	-4.53913	-2.46043	-4.4311	-5.27801
673	4	935	10	4	1	7	1	-6.07593	-8.88573	-6.71937	-4.29874
674	10	1	16	19	10	5	7	-5.87218	-2.7593	-4.1376	-5.02833
675	4	7	10	4	1	7	1	-1.83546	-3.75169	-2.65367	-1.94129
676	33	39	65	79	104	43	17	-4.60513	-7.65729	-8.20952	-7.70475
677	2	4	2	2	6	1	5	-6.05502	-4.83855	-5.90975	-7.49296
678	4	7	10	4	42	25	1	-8.66973	-10.0359	-5.8368	-5.1884
679	1	4	2	2	6	3	17	-4.53913	-2.46043	-4.4311	-5.27801
680	4	7	10	4	42	25	1	-8.66973	-10.0359	-5.8368	-5.1884
681	4	7	10	4	42	25	1	-8.66973	-10.0359	-5.8368	-5.1884
682	4	7	10	4	1	7	1	-1.83546	-3.75169	-2.65367	-1.94129
683	2	4	1	2	7	1	5	-2.31537	-5.35873	-5.80801	-5.08353
684	4	7	10	4	1	7	1	-1.83546	-3.75169	-2.65367	-1.94129
685	4	7	10	4	42	7	1	-6.60447	-9.21276	-5.61477	-4.67788
686	10	27	16	19	10	5	7	-19.9181	-12.8133	-15.5735	-17.2589
687	10	81	50	99	120	76	52	-6.69481	-6.40414	-5.30433	-5.15686
688	4	7	10	4	1	7	1	-1.83546	-3.75169	-2.65367	-1.94129
689	4	7	10	4	42	51	1	-2.93518	-4.59145	-4.89786	-3.80611
690	4	7	10	4	1	7	1	-1.83546	-3.75169	-2.65367	-1.94129
691	10	81	50	99	120	76	52	-6.69481	-6.40414	-5.30433	-5.15686
692	2	4	1	2	2	1	5	-2.78137	-3.62894	-4.15026	-4.08367
693	4	7	10	4	42	51	1	-2.93518	-4.59145	-4.89786	-3.80611
694	4	7	10	4	42	51	1	-2.93518	-4.59145	-4.89786	-3.80611
695	4	7	10	4	42	51	1	-2.93518	-4.59145	-4.89786	-3.80611
696	8	10	2	2	11	12	6	-3.96207	-6.97616	-7.56131	-7.06137
697	33	38	30	82	104	43	17	-5.29816	-8.34931	-8.9008	-8.39468
698	4	7	10	4	1	7	1	-1.83546	-3.75169	-2.65367	-1.94129
699	10	81	50	99	120	76	52	-6.69481	-6.40414	-5.30433	-5.15686
700	2	4	1	2	7	1	5	-2.31537	-5.35873	-5.80801	-5.08353
701	4	7	10	4	1	7	1	-1.83546	-3.75169	-2.65367	-1.94129
702	4	7	10	4	1	7	1	-1.83546	-3.75169	-2.65367	-1.94129
703	10	81	50	99	120	76	52	-6.69481	-6.40414	-5.30433	-5.15686
704	4	7	10	4	42	51	1	-2.93518	-4.59145	-4.89786	-3.80611
705	9	2	4	62	4	5	6	-3.72129	-5.15597	-5.80232	-6.53277
706	4	7	10	4	1	7	1	-1.83546	-3.75169	-2.65367	-1.94129
707	2	1	1	3	2	1	5	-4.59796	-3.79106	-6.12365	-6.83187
708	1	14	2	2	6	1	17	-9.02937	-6.46624	-7.72832	-6.3267
709	2	4	2	2	6	1	5	-6.05502	-4.83855	-5.90975	-7.49296
710	2	4	2	2	6	1	5	-6.05502	-4.83855	-5.90975	-7.49296
711	4	7	10	4	42	51	1	-2.93518	-4.59145	-4.89786	-3.80611
712	10	2	107	62	120	76	1	-6.85514	-9.94921	-8.01665	-6.32671
713	2	1	12	3	2	1	5	-2.61112	-2.11763	-3.56732	-4.58665
714	2	4	1	2	2	1	5	-2.78137	-3.62894	-4.15026	-4.08367
715	47	2	4	2	6	5	17	-12.0838	-10.0737	-6.2324	-8.37932
716	4	7	10	4	42	5	1	-11.259	-10.8352	-10.9599	-11.5433
717	2	1	12	3	2	1	5	-2.61112	-2.11763	-3.56732	-4.58665
718	4	7	10	4	42	51	1	-2.93518	-4.59145	-4.89786	-3.80611
719	1	307	3	4	5	9	3	-6.83916	-6.42148	-6.1426	-8.03987
720	2	1	21	3	2	1	5	-2.92021	-2.49205	-4.29964	-4.41035
721	4	7	10	4	1	7	1	-1.83546	-3.75169	-2.65367	-1.94129
722	2	4	1	2	2	1	5	-2.78137	-3.62894	-4.15026	-4.08367
723	2	1	12	3	2	1	5	-2.61112	-2.11763	-3.56732	-4.58665
724	4	7	10	4	1	7	1	-1.83546	-3.75169	-2.65367	-1.94129
725	2	1	21	3	2	1	5	-2.92021	-2.49205	-4.29964	-4.41035
726	2	1	1	3	2	1	5	-4.59796	-3.79106	-6.12365	-6.83187
727	4	7	10	4	1	7	1	-1.83546	-3.75169	-2.65367	-1.94129
728	2	1	12	3	2	1	5	-2.61112	-2.11763	-3.56732	-4.58665
729	1	4	3	2	6	3	17	-14.525	-9.2104	-11.4009	-13.9579
730	2	1	12	3	2	1	5	-2.61112	-2.11763	-3.56732	-4.58665
731	2	1	12	88	2	1	5	-3.93555	-3.43409	-5.56126	-5.24735
732	1	4	2	2	6	3	17	-4.53913	-2.46043	-4.4311	-5.27801
733	4	7	10	4	42	51	1	-2.93518	-4.59145	-4.89786	-3.80611
734	2	1	12	3	2	1	5	-2.61112	-2.11763	-3.56732	-4.58665
735	4	7	10	4	1	7	1	-1.83546	-3.75169	-2.65367	-1.94129
736	2	1	12	88	2	1	5	-3.93555	-3.43409	-5.56126	-5.24735
737	2	1	21	3	2	1	5	-2.92021	-2.49205	-4.29964	-4.41035
738	2	4	5	2	2	5	5	-3.68105	-6.71839	-6.90891	-5.84796
739	2	4	5	2	2	5	5	-3.68105	-6.71839	-6.90891	-5.84796
740	2	1	21	3	62	1	5	-5.80382	-8.83858	-9.39953	-8.90144
741	4	7	10	4	42	25	1	-8.66973	-10.0359	-5.8368	-5.1884
742	1	2	4	62	4	5	17	-6.06316	-4.85707	-7.21867	-8.03052
743	1	2	3	4	5	9	3	-4.5439	-2.49845	-3.57823	-4.75493
744	8	10	2	2	11	12	6	-3.96207	-6.97616	-7.56131	-7.06137
745	2	1	12	88	2	1	5	-3.93555	-3.43409	-5.56126	-5.24735
746	2	4	5	2	2	5	5	-3.68105	-6.71839	-6.90891	-5.84796
747	2	1	12	3	2	1	5	-2.61112	-2.11763	-3.56732	-4.58665
748	7	21	5	62	4	61	44	-6.99071	-3.84376	-5.56085	-7.03038
749	9	2	4	62	4	5	6	-3.72129	-5.15597	-5.80232	-6.53277
750	10	1	16	19	10	5	7	-5.87218	-2.7593	-4.1376	-5.02833
751	10	1	16	19	10	5	7	-5.87218	-2.7593	-4.1376	-5.02833
752	8	10	2	2	11	12	6	-3.96207	-6.97616	-7.56131	-7.06137
753	1	4	2	2	6	3	17	-4.53913	-2.46043	-4.4311	-5.27801
754	2	1	12	3	2	1	5	-2.61112	-2.11763	-3.56732	-4.58665
755	2	1	12	88	2	1	5	-3.93555	-3.43409	-5.56126	-5.24735
756	2	29	4	27	10	25	57	-20.0212	-25.6829	-14.4775	-12.3889
757	2	1	5	3	2	3	5	-4.20838	-3.26022	-5.31962	-4.7402
758	2	1	12	3	2	1	5	-2.61112	-2.11763	-3.56732	-4.58665
759	37	52	57	26	107	29	23	-8.41415	-10.0304	-5.75237	-4.92642
760	2	4	1	2	7	1	5	-2.31537	-5.35873	-5.80801	-5.08353
761	1	2	3	4	5	9	3	-4.5439	-2.49845	-3.57823	-4.75493
762	2	1	12	3	2	1	5	-2.61112	-2.11763	-3.56732	-4.58665
763	1	4	2	2	6	3	17	-4.53913	-2.46043	-4.4311	-5.27801
764	1	4	2	2	6	3	17	-4.53913	-2.46043	-4.4311	-5.27801
765	1	2	3	4	5	9	3	-4.5439	-2.49845	-3.57823	-4.75493
766	4	7	10	4	1	7	1	-1.83546	-3.75169	-2.65367	-1.94129
767	2	1	21	3	2	1	5	-2.92021	-2.49205	-4.29964	-4.41035
768	2	1	12	3	2	1	5	-2.61112	-2.11763	-3.56732	-4.58665
769	2	4	1	2	2	5	5	-6.809	-6.40326	-8.60047	-9.22951
770	2	4	1	2	2	1	5	-2.78137	-3.62894	-4.15026	-4.08367
771	2	4	5	2	2	5	5	-3.68105	-6.71839	-6.90891	-5.84796
772	10	1	16	19	10	5	7	-5.87218	-2.7593	-4.1376	-5.02833
773	7	21	5	62	4	61	44	-6.99071	-3.84376	-5.56085	-7.03038
774	9	2	4	62	4	5	6	-3.72129	-5.15597	-5.80232	-6.53277
775	2	1	12	3	2	1	5	-2.61112	-2.11763	-3.56732	-4.58665
776	1	4	2	2	6	3	17	-4.53913	-2.46043	-4.4311	-5.27801
777	4	7	10	4	1	7	1	-1.83546	-3.75169	-2.65367	-1.94129
778	2	1	12	3	2	1	5	-2.61112	-2.11763	-3.56732	-4.58665
779	2	1	5	3	2	5	5	-5.39611	-2.84035	-4.05206	-5.30327
780	2	23	21	3	2	1	5	-7.1669	-7.63514	-8.39412	-6.76833
781	2	4	5	2	2	5	5	-3.68105	-6.71839	-6.90891	-5.84796
782	2	4	2	2	6	1	5	-6.05502	-4.83855	-5.90975	-7.49296
783	2	1	12	3	2	1	5	-2.61112	-2.11763	-3.56732	-4.58665
784	4	7	10	4	42	51	1	-2.93518	-4.59145	-4.89786	-3.80611
785	7	17	5	2	86	232	1	-29.7791	-34.1976	-29.9298	-25.6739
786	2	4	1	2	2	1	5	-2.78137	-3.62894	-4.15026	-4.08367
787	2	1	12	3	2	1	5	-2.61112	-2.11763	-3.56732	-4.58665
788	2	1	21	3	2	1	5	-2.92021	-2.49205	-4.29964	-4.41035
789	7	17	2	15	23	3	12	-6.90832	-9.96016	-10.5129	-10.0073
790	2	1	5	3	2	5	5	-5.39611	-2.84035	-4.05206	-5.30327
791	1	6	60	24	12	28	1	-30.9691	-34.857	-25.0054	-18.7335
792	1	2	3	4	5	9	3	-4.5439	-2.49845	-3.57823	-4.75493
793	2	4	5	2	2	5	5	-3.68105	-6.71839	-6.90891	-5.84796
794	1	2	3	4	5	9	3	-4.5439	-2.49845	-3.57823	-4.75493
795	1	6	60	24	12	28	1	-30.9691	-34.857	-25.0054	-18.7335
796	9	2	4	62	4	5	6	-3.72129	-5.15597	-5.80232	-6.53277
797	2	4	1	2	2	1	5	-2.78137	-3.62894	-4.15026	-4.08367
798	4	7	10	4	1	7	1	-1.83546	-3.75169	-2.65367	-1.94129
799	2	4	5	2	2	5	5	-3.68105	-6.71839	-6.90891	-5.84796
800	7	2	2	2	11	12	6	-4.50868	-7.55955	-8.11179	-7.60791
801	2	1	21	3	2	1	941	-7.16647	-7.61617	-8.38404	-6.76422
802	9	2	2	10	10	3	5	-30.3257	-25.0435	-25.3929	-26.2343
803	8	10	149	2	11	12	6	-4.85385	-3.97864	-5.58375	-6.80597
804	7	1	5	2	10	3	6	-32.8583	-28.9959	-29.1398	-29.7823
805	2	1	21	3	2	1	5	-2.92021	-2.49205	-4.29964	-4.41035
806	33	39	30	82	113	43	17	-9.49747	-6.45247	-6.17018	-8.19502
807	1	6	60	24	12	28	1	-30.9691	-34.857	-25.0054	-18.7335
808	1	6	60	24	12	28	1	-30.9691	-34.857	-25.0054	-18.7335
809	7	17	2	15	23	3	12	-6.90832	-9.96016	-10.5129	-10.0073
810	1	4	2	2	6	3	17	-4.53913	-2.46043	-4.4311	-5.27801
811	1	4	2	2	6	3	17	-4.53913	-2.46043	-4.4311	-5.27801
812	7	21	5	62	4	61	44	-6.99071	-3.84376	-5.56085	-7.03038
813	239	27	16	19	10	5	7	-9.63625	-6.48304	-8.91388	-9.96912
814	9	2	4	62	4	5	6	-3.72129	-5.15597	-5.80232	-6.53277
815	10	1	16	19	10	5	7	-5.87218	-2.7593	-4.1376	-5.02833
816	2	1	5	3	2	5	5	-5.39611	-2.84035	-4.05206	-5.30327
817	2	4	5	2	2	5	5	-3.68105	-6.71839	-6.90891	-5.84796
818	8	10	2	2	11	12	6	-3.96207	-6.97616	-7.56131	-7.06137
819	7	17	2	15	23	3	12	-6.90832	-9.96016	-10.5129	-10.0073
820	2	4	1	4	1	1	5	-16.0178	-17.7674	-15.4012	-15.5926
821	4	7	10	4	1	7	1	-1.83546	-3.75169	-2.65367	-1.94129
822	8	10	149	2	11	12	6	-4.85385	-3.97864	-5.58375	-6.80597
823	2	1	12	88	2	1	5	-3.93555	-3.43409	-5.56126	-5.24735
824	2	4	2	2	6	1	5	-6.05502	-4.83855	-5.90975	-7.49296
825	10	81	50	99	120	76	52	-6.69481	-6.40414	-5.30433	-5.15686
826	2	4	5	2	2	5	5	-3.68105	-6.71839	-6.90891	-5.84796
827	2	4	1	2	2	5	5	-6.809	-6.40326	-8.60047	-9.22951
828	8	10	149	2	11	12	6	-4.85385	-3.97864	-5.58375	-6.80597
829	1	4	2	2	6	3	17	-4.53913	-2.46043	-4.4311	-5.27801
830	2	165	73	147	220	190	104	-8.7261	-13.2711	-7.00578	-5.25419
831	4	7	10	4	42	25	1	-8.66973	-10.0359	-5.8368	-5.1884
832	7	2	2	2	11	12	6	-4.50868	-7.55955	-8.11179	-7.60791
833	1	6	60	24	12	28	1	-30.9691	-34.857	-25.0054	-18.7335
834	2	1	12	3	2	1	5	-2.61112	-2.11763	-3.56732	-4.58665
835	33	39	65	79	104	77	17	-5.29811	-8.34973	-8.90272	-8.3978
836	4	7	10	4	1	7	1	-1.83546	-3.75169	-2.65367	-1.94129
837	1	2	3	4	5	9	3	-4.5439	-2.49845	-3.57823	-4.75493
838	2	1	21	3	2	1	5	-2.92021	-2.49205	-4.29964	-4.41035
839	2	1	12	3	2	1	5	-2.61112	-2.11763	-3.56732	-4.58665
840	4	7	10	4	1	7	1	-1.83546	-3.75169	-2.65367	-1.94129
841	2	4	1	2	7	1	5	-2.31537	-5.35873	-5.80801	-5.08353
842	184	39	30	82	113	43	17	-3.95965	-6.02108	-7.3361	-7.00924
843	4	7	10	4	1	7	1	-1.83546	-3.75169	-2.65367	-1.94129
844	2	4	1	2	2	1	5	-2.78137	-3.62894	-4.15026	-4.08367
845	4	7	10	4	1	7	1	-1.83546	-3.75169	-2.65367	-1.94129
846	2	1	12	88	2	1	5	-3.93555	-3.43409	-5.56126	-5.24735
847	2	1	21	3	2	1	5	-2.92021	-2.49205	-4.29964	-4.41035
848	1	2	3	4	5	9	3	-4.5439	-2.49845	-3.57823	-4.75493
849	4	7	10	4	1	7	1	-1.83546	-3.75169	-2.65367	-1.94129
850	2	1	21	3	2	1	5	-2.92021	-2.49205	-4.29964	-4.41035
851	8	10	2	2	11	12	6	-3.96207	-6.97616	-7.56131	-7.06137
852	2	4	1	2	2	1	5	-2.78137	-3.62894	-4.15026	-4.08367
853	2	4	1	2	2	1	5	-2.78137	-3.62894	-4.15026	-4.08367
854	2	4	2	2	6	1	5	-6.05502	-4.83855	-5.90975	-7.49296
855	2	4	1	2	2	1	5	-2.78137	-3.62894	-4.15026	-4.08367
856	2	4	1	2	2	1	5	-2.78137	-3.62894	-4.15026	-4.08367
857	2	4	1	2	2	1	5	-2.78137	-3.62894	-4.15026	-4.08367
858	1	2	3	4	5	9	3	-4.5439	-2.49845	-3.57823	-4.75493
859	2	4	1	2	2	1	5	-2.78137	-3.62894	-4.15026	-4.08367
860	2	4	1	2	2	1	5	-2.78137	-3.62894	-4.15026	-4.08367
861	8	10	2	2	11	12	6	-3.96207	-6.97616	-7.56131	-7.06137
862	2	1	5	3	2	3	5	-4.20838	-3.26022	-5.31962	-4.7402
863	33	39	30	82	104	173	68	-5.34252	-3.9891	-6.36487	-7.20583
864	2	4	1	2	7	1	5	-2.31537	-5.35873	-5.80801	-5.08353
865	8	10	2	2	11	12	6	-3.96207	-6.97616	-7.56131	-7.06137
866	2	4	1	2	7	1	5	-2.31537	-5.35873	-5.80801	-5.08353
867	1	2	3	4	5	9	3	-4.5439	-2.49845	-3.57823	-4.75493
868	1	2	215	4	90	24	8	-30.8689	-34.8107	-25.6401	-20.3563
869	2	1	1	3	2	1	5	-4.59796	-3.79106	-6.12365	-6.83187
870	10	81	50	99	120	76	52	-6.69481	-6.40414	-5.30433	-5.15686
871	2	4	1	2	7	1	5	-2.31537	-5.35873	-5.80801	-5.08353
872	2	1	12	3	2	1	5	-2.61112	-2.11763	-3.56732	-4.58665
873	2	4	1	2	2	1	5	-2.78137	-3.62894	-4.15026	-4.08367
874	2	4	1	2	2	1	5	-2.78137	-3.62894	-4.15026	-4.08367
875	2	4	1	2	2	1	5	-2.78137	-3.62894	-4.15026	-4.08367
876	2	1	5	3	2	3	5	-4.20838	-3.26022	-5.31962	-4.7402
877	2	4	1	2	2	1	5	-2.78137	-3.62894	-4.15026	-4.08367
878	4	7	10	4	1	7	1	-1.83546	-3.75169	-2.65367	-1.94129
879	2	4	1	2	7	1	5	-2.31537	-5.35873	-5.80801	-5.08353
880	2	4	5	2	2	5	5	-3.68105	-6.71839	-6.90891	-5.84796
881	2	4	1	2	2	1	5	-2.78137	-3.62894	-4.15026	-4.08367
882	8	10	2	2	11	12	6	-3.96207	-6.97616	-7.56131	-7.06137
883	4	7	10	4	1	7	1	-1.83546	-3.75169	-2.65367	-1.94129
884	2	4	1	2	2	1	5	-2.78137	-3.62894	-4.15026	-4.08367
885	166	2	1	10	17	3	1	-35.6403	-37.7441	-33.5757	-29.9591
886	2	4	1	2	7	1	5	-2.31537	-5.35873	-5.80801	-5.08353
887	2	4	1	2	2	1	5	-2.78137	-3.62894	-4.15026	-4.08367
888	4	7	10	4	1	7	1	-1.83546	-3.75169	-2.65367	-1.94129
889	4	7	10	4	1	7	1	-1.83546	-3.75169	-2.65367	-1.94129
890	2	4	1	2	7	1	5	-2.31537	-5.35873	-5.80801	-5.08353
891	2	4	1	2	2	1	5	-2.78137	-3.62894	-4.15026	-4.08367
892	2	1	5	3	2	3	5	-4.20838	-3.26022	-5.31962	-4.7402
893	9	25	2	10	22	3	6	-4.47606	-7.55221	-6.02819	-4.36865
894	2	1	21	3	62	1	5	-5.80382	-8.83858	-9.39953	-8.90144
895	129	66	30	82	189	47	17	-3.25169	-4.83881	-5.52518	-4.147
896	129	66	30	82	189	47	17	-3.25169	-4.83881	-5.52518	-4.147
897	4	7	10	4	1	7	1	-1.83546	-3.75169	-2.65367	-1.94129
898	2	4	1	2	2	1	5	-2.78137	-3.62894	-4.15026	-4.08367
899	4	7	10	4	42	7	1	-6.60447	-9.21276	-5.61477	-4.67788
900	2	4	1	2	7	1	5	-2.31537	-5.35873	-5.80801	-5.08353
901	1	307	3	4	5	9	3	-6.83916	-6.42148	-6.1426	-8.03987
902	2	1	21	3	2	1	5	-2.92021	-2.49205	-4.29964	-4.41035
903	4	7	10	4	1	7	1	-1.83546	-3.75169	-2.65367	-1.94129
904	2	1	21	3	2	1	5	-2.92021	-2.49205	-4.29964	-4.41035
905	2	4	1	2	2	5	5	-6.809	-6.40326	-8.60047	-9.22951
906	2	4	1	2	7	1	5	-2.31537	-5.35873	-5.80801	-5.08353
907	2	4	1	2	7	1	5	-2.31537	-5.35873	-5.80801	-5.08353
908	2	4	1	2	7	1	5	-2.31537	-5.35873	-5.80801	-5.08353
909	4	7	10	4	1	7	1	-1.83546	-3.75169	-2.65367	-1.94129
910	8	10	2	2	11	12	6	-3.96207	-6.97616	-7.56131	-7.06137
911	7	21	5	62	4	61	44	-6.99071	-3.84376	-5.56085	-7.03038
912	2	1	12	88	2	1	5	-3.93555	-3.43409	-5.56126	-5.24735
913	2	4	1	2	2	1	5	-2.78137	-3.62894	-4.15026	-4.08367
914	1	2	3	4	5	9	3	-4.5439	-2.49845	-3.57823	-4.75493
915	2	4	1	2	7	1	5	-2.31537	-5.35873	-5.80801	-5.08353
916	2	4	1	2	2	1	5	-2.78137	-3.62894	-4.15026	-4.08367
917	2	4	1	2	2	1	5	-2.78137	-3.62894	-4.15026	-4.08367
918	2	4	1	2	7	1	5	-2.31537	-5.35873	-5.80801	-5.08353
919	4	7	10	4	1	7	1	-1.83546	-3.75169	-2.65367	-1.94129
920	2	1	5	3	2	3	5	-4.20838	-3.26022	-5.31962	-4.7402
921	2	4	1	2	7	1	5	-2.31537	-5.35873	-5.80801	-5.08353
922	2	4	1	2	2	1	5	-2.78137	-3.62894	-4.15026	-4.08367
923	8	10	2	2	11	12	6	-3.96207	-6.97616	-7.56131	-7.06137
924	2	1	12	3	2	1	5	-2.61112	-2.11763	-3.56732	-4.58665
925	48	7	10	4	183	7	1	-10.2364	-13.9343	-10.7842	-6.59274
926	7	21	5	62	4	61	44	-6.99071	-3.84376	-5.56085	-7.03038
927	4	7	10	4	1	7	1	-1.83546	-3.75169	-2.65367	-1.94129
928	9	25	2	10	22	3	6	-4.47606	-7.55221	-6.02819	-4.36865
929	2	4	1	2	2	1	5	-2.78137	-3.62894	-4.15026	-4.08367
930	2	4	1	2	7	1	5	-2.31537	-5.35873	-5.80801	-5.08353
931	2	4	1	2	2	1	5	-2.78137	-3.62894	-4.15026	-4.08367
932	2	4	1	2	2	1	5	-2.78137	-3.62894	-4.15026	-4.08367
933	9	25	2	10	22	3	6	-4.47606	-7.55221	-6.02819	-4.36865
934	2	4	1	2	2	1	5	-2.78137	-3.62894	-4.15026	-4.08367
935	2	4	1	2	2	1	5	-2.78137	-3.62894	-4.15026	-4.08367
936	2	4	1	2	7	1	5	-2.31537	-5.35873	-5.80801	-5.08353
937	2	4	1	2	7	1	5	-2.31537	-5.35873	-5.80801	-5.08353
938	2	4	1	2	2	1	5	-2.78137	-3.62894	-4.15026	-4.08367
939	2	4	1	2	2	1	5	-2.78137	-3.62894	-4.15026	-4.08367
940	4	7	10	4	1	7	1	-1.83546	-3.75169	-2.65367	-1.94129
941	2	4	1	2	2	1	5	-2.78137	-3.62894	-4.15026	-4.08367
942	4	7	10	4	1	7	1	-1.83546	-3.75169	-2.65367	-1.94129
943	2	4	1	2	7	1	5	-2.31537	-5.35873	-5.80801	-5.08353
944	2	4	1	2	2	1	5	-2.78137	-3.62894	-4.15026	-4.08367
945	4	7	10	4	1	7	1	-1.83546	-3.75169	-2.65367	-1.94129
946	9	25	2	10	22	3	6	-4.47606	-7.55221	-6.02819	-4.36865
947	10	81	50	99	120	76	52	-6.69481	-6.40414	-5.30433	-5.15686
948	2	1	21	3	2	1	5	-2.92021	-2.49205	-4.29964	-4.41035
949	4	7	10	4	1	7	1	-1.83546	-3.75169	-2.65367	-1.94129
950	2	4	1	2	7	1	5	-2.31537	-5.35873	-5.80801	-5.08353
951	4	7	10	4	1	7	1	-1.83546	-3.75169	-2.65367	-1.94129
952	4	7	10	4	1	7	1	-1.83546	-3.75169	-2.65367	-1.94129
953	8	315	2	2	11	12	6	-8.20798	-12.1136	-11.6526	-9.41779
954	8	10	2	2	11	12	6	-3.96207	-6.97616	-7.56131	-7.06137
955	2	4	1	2	2	1	5	-2.78137	-3.62894	-4.15026	-4.08367
956	4	7	10	4	1	7	1	-1.83546	-3.75169	-2.65367	-1.94129
957	2	4	1	2	2	1	5	-2.78137	-3.62894	-4.15026	-4.08367
958	2	4	1	2	2	1	5	-2.78137	-3.62894	-4.15026	-4.08367
959	2	4	1	2	2	1	5	-2.78137	-3.62894	-4.15026	-4.08367
960	2	4	1	2	7	1	5	-2.31537	-5.35873	-5.80801	-5.08353
961	2	4	1	2	2	1	5	-2.78137	-3.62894	-4.15026	-4.08367
962	2	4	1	2	2	1	5	-2.78137	-3.62894	-4.15026	-4.08367
963	2	1	21	3	2	1	5	-2.92021	-2.49205	-4.29964	-4.41035
964	2	4	1	2	2	1	5	-2.78137	-3.62894	-4.15026	-4.08367
965	1	4	2	2	2	3	17	-11.2913	-7.66942	-10.2438	-12.0985
966	2	4	1	2	2	1	5	-2.78137	-3.62894	-4.15026	-4.08367
967	2	4	1	2	2	1	5	-2.78137	-3.62894	-4.15026	-4.08367
968	7	21	5	62	4	61	44	-6.99071	-3.84376	-5.56085	-7.03038
969	2	4	1	2	2	1	5	-2.78137	-3.62894	-4.15026	-4.08367
970	4	7	10	4	1	7	1	-1.83546	-3.75169	-2.65367	-1.94129
971	2	4	1	2	2	1	5	-2.78137	-3.62894	-4.15026	-4.08367
972	10	1	16	19	10	5	7	-5.87218	-2.7593	-4.1376	-5.02833
973	8	10	2	2	11	12	6	-3.96207	-6.97616	-7.56131	-7.06137
974	4	7	10	4	1	7	1	-1.83546	-3.75169	-2.65367	-1.94129
975	2	4	2	2	6	1	5	-6.05502	-4.83855	-5.90975	-7.49296
976	2	4	1	2	2	1	5	-2.78137	-3.62894	-4.15026	-4.08367
977	2	4	1	2	2	1	5	-2.78137	-3.62894	-4.15026	-4.08367
978	2	1	12	3	2	1	5	-2.61112	-2.11763	-3.56732	-4.58665
979	2	1	21	3	2	1	5	-2.92021	-2.49205	-4.29964	-4.41035
980	1	4	2	2	6	3	17	-4.53913	-2.46043	-4.4311	-5.27801
981	9	2	4	62	4	5	6	-3.72129	-5.15597	-5.80232	-6.53277
982	9	2	4	62	4	5	6	-3.72129	-5.15597	-5.80232	-6.53277
983	2	4	1	2	2	1	5	-2.78137	-3.62894	-4.15026	-4.08367
984	9	25	2	10	22	3	6	-4.47606	-7.55221	-6.02819	-4.36865
985	2	1	12	3	2	1	5	-2.61112	-2.11763	-3.56732	-4.58665
986	2	4	1	2	2	1	5	-2.78137	-3.62894	-4.15026	-4.08367
987	2	4	1	2	2	1	5	-2.78137	-3.62894	-4.15026	-4.08367
988	2	4	1	2	2	1	5	-2.78137	-3.62894	-4.15026	-4.08367
989	1	4	2	2	6	3	17	-4.53913	-2.46043	-4.4311	-5.27801
990	1	4	2	2	6	3	17	-4.53913	-2.46043	-4.4311	-5.27801
991	9	25	2	10	22	3	6	-4.47606	-7.55221	-6.02819	-4.36865
992	1	4	2	2	6	3	17	-4.53913	-2.46043	-4.4311	-5.27801
993	2	4	1	2	2	1	5	-2.78137	-3.62894	-4.15026	-4.08367
994	2	4	1	2	2	1	5	-2.78137	-3.62894	-4.15026	-4.08367
995	8	10	2	2	11	12	6	-3.96207	-6.97616	-7.56131	-7.06137
996	2	4	1	2	2	1	5	-2.78137	-3.62894	-4.15026	-4.08367
997	2	1	5	3	2	5	5	-5.39611	-2.84035	-4.05206	-5.30327
998	8	10	2	2	11	12	6	-3.96207	-6.97616	-7.56131	-7.06137
999	2	4	1	2	2	1	5	-2.78137	-3.62894	-4.15026	-4.08367
1000	2	4	1	2	2	1	5	-2.78137	-3.62894	-4.15026	-4.08367
1001	2	1	21	3	2	1	5	-2.92021	-2.49205	-4.29964	-4.41035
1002	1	2	4	62	4	5	17	-6.06316	-4.85707	-7.21867	-8.03052
1003	2	1	12	3	2	1	5	-2.61112	-2.11763	-3.56732	-4.58665
1004	2	4	1	2	7	1	5	-2.31537	-5.35873	-5.80801	-5.08353
1005	1	307	3	4	5	9	3	-6.83916	-6.42148	-6.1426	-8.03987
1006	2	4	2	4	19	3	6	-5.80595	-8.85224	-9.40312	-8.90032
1007	2	4	1	2	2	1	5	-2.78137	-3.62894	-4.15026	-4.08367
1008	1	4	2	2	6	3	17	-4.53913	-2.46043	-4.4311	-5.27801
1009	9	25	2	10	22	3	6	-4.47606	-7.55221	-6.02819	-4.36865
1010	4	7	10	4	1	7	1	-1.83546	-3.75169	-2.65367	-1.94129
1011	2	4	1	2	2	1	5	-2.78137	-3.62894	-4.15026	-4.08367
1012	10	1	16	19	10	5	7	-5.87218	-2.7593	-4.1376	-5.02833
1013	2	1	21	3	2	1	5	-2.92021	-2.49205	-4.29964	-4.41035
1014	4	7	10	4	1	7	1	-1.83546	-3.75169	-2.65367	-1.94129
1015	2	4	1	2	2	1	5	-2.78137	-3.62894	-4.15026	-4.08367
1016	1	2	3	4	5	9	3	-4.5439	-2.49845	-3.57823	-4.75493
1017	9	316	4	62	4	5	6	-6.84451	-6.45412	-8.72876	-9.29284
1018	9	25	2	10	22	3	6	-4.47606	-7.55221	-6.02819	-4.36865
1019	1	307	3	4	5	9	3	-6.83916	-6.42148	-6.1426	-8.03987
1020	2	4	1	2	2	1	5	-2.78137	-3.62894	-4.15026	-4.08367
1021	9	25	2	10	22	3	6	-4.47606	-7.55221	-6.02819	-4.36865
1022	2	4	1	2	2	1	5	-2.78137	-3.62894	-4.15026	-4.08367
1023	2	1	12	3	2	1	5	-2.61112	-2.11763	-3.56732	-4.58665
1024	2	1	5	3	2	5	5	-5.39611	-2.84035	-4.05206	-5.30327
1025	2	4	1	2	2	1	5	-2.78137	-3.62894	-4.15026	-4.08367
1026	2	1	12	3	2	1	5	-2.61112	-2.11763	-3.56732	-4.58665
1027	2	1	12	3	2	1	5	-2.61112	-2.11763	-3.56732	-4.58665
1028	10	1	16	19	10	5	7	-5.87218	-2.7593	-4.1376	-5.02833
1029	4	7	10	4	1	7	1	-1.83546	-3.75169	-2.65367	-1.94129
1030	2	4	1	2	2	1	5	-2.78137	-3.62894	-4.15026	-4.08367
1031	2	1	12	88	2	1	5	-3.93555	-3.43409	-5.56126	-5.24735
1032	2	1	21	3	2	1	5	-2.92021	-2.49205	-4.29964	-4.41035
1033	1	2	3	4	5	9	3	-4.5439	-2.49845	-3.57823	-4.75493
1034	8	10	2	2	11	12	6	-3.96207	-6.97616	-7.56131	-7.06137
1035	2	1	12	88	2	1	5	-3.93555	-3.43409	-5.56126	-5.24735
1036	33	39	30	82	104	173	68	-5.34252	-3.9891	-6.36487	-7.20583
1037	1	2	3	4	5	9	3	-4.5439	-2.49845	-3.57823	-4.75493
1038	9	25	2	10	22	3	6	-4.47606	-7.55221	-6.02819	-4.36865
1039	2	4	1	2	2	1	5	-2.78137	-3.62894	-4.15026	-4.08367
1040	8	10	2	2	11	12	6	-3.96207	-6.97616	-7.56131	-7.06137
1041	1	2	4	62	4	5	17	-6.06316	-4.85707	-7.21867	-8.03052
1042	10	1	16	19	10	5	7	-5.87218	-2.7593	-4.1376	-5.02833
1043	33	39	30	82	104	173	68	-5.34252	-3.9891	-6.36487	-7.20583
1044	2	4	1	2	2	1	5	-2.78137	-3.62894	-4.15026	-4.08367
1045	8	10	2	2	11	12	6	-3.96207	-6.97616	-7.56131	-7.06137
1046	2	1	5	3	2	5	5	-5.39611	-2.84035	-4.05206	-5.30327
1047	47	2	4	2	6	5	17	-12.0838	-10.0737	-6.2324	-8.37932
1048	1	2	3	4	5	9	3	-4.5439	-2.49845	-3.57823	-4.75493
1049	4	7	10	4	1	7	1	-1.83546	-3.75169	-2.65367	-1.94129
1050	2	1	5	3	2	3	5	-4.20838	-3.26022	-5.31962	-4.7402
1051	2	4	2	2	6	1	5	-6.05502	-4.83855	-5.90975	-7.49296
1052	2	4	1	2	2	1	5	-2.78137	-3.62894	-4.15026	-4.08367
1053	8	10	149	2	11	12	6	-4.85385	-3.97864	-5.58375	-6.80597
1054	9	25	2	10	22	3	6	-4.47606	-7.55221	-6.02819	-4.36865
1055	2	4	1	2	2	1	5	-2.78137	-3.62894	-4.15026	-4.08367
1056	1	2	3	4	5	9	3	-4.5439	-2.49845	-3.57823	-4.75493
1057	2	1	12	3	2	1	5	-2.61112	-2.11763	-3.56732	-4.58665
1058	4	7	10	4	42	51	1	-2.93518	-4.59145	-4.89786	-3.80611
1059	2	4	1	2	2	1	5	-2.78137	-3.62894	-4.15026	-4.08367
1060	2	1	1	3	2	1	5	-4.59796	-3.79106	-6.12365	-6.83187
1061	2	4	1	2	7	1	5	-2.31537	-5.35873	-5.80801	-5.08353
1062	8	10	2	2	11	12	6	-3.96207	-6.97616	-7.56131	-7.06137
1063	2	4	1	2	2	1	5	-2.78137	-3.62894	-4.15026	-4.08367
1064	9	2	4	62	4	5	6	-3.72129	-5.15597	-5.80232	-6.53277
1065	2	4	1	2	2	1	5	-2.78137	-3.62894	-4.15026	-4.08367
1066	4	7	10	4	1	7	1	-1.83546	-3.75169	-2.65367	-1.94129
1067	8	10	2	2	11	12	6	-3.96207	-6.97616	-7.56131	-7.06137
1068	2	4	2	2	6	1	5	-6.05502	-4.83855	-5.90975	-7.49296
1069	2	4	2	2	6	1	5	-6.05502	-4.83855	-5.90975	-7.49296
1070	2	4	2	2	6	1	5	-6.05502	-4.83855	-5.90975	-7.49296
1071	2	4	2	2	6	1	5	-6.05502	-4.83855	-5.90975	-7.49296
1072	2	4	1	2	2	1	5	-2.78137	-3.62894	-4.15026	-4.08367
1073	2	4	1	2	2	1	5	-2.78137	-3.62894	-4.15026	-4.08367
1074	2	1	12	3	2	1	5	-2.61112	-2.11763	-3.56732	-4.58665
1075	2	4	1	2	7	1	5	-2.31537	-5.35873	-5.80801	-5.08353
1076	4	7	10	4	42	51	1	-2.93518	-4.59145	-4.89786	-3.80611
1077	2	4	1	2	2	1	5	-2.78137	-3.62894	-4.15026	-4.08367
1078	8	10	2	2	11	12	6	-3.96207	-6.97616	-7.56131	-7.06137
1079	1	2	3	4	5	9	3	-4.5439	-2.49845	-3.57823	-4.75493
1080	1	2	3	4	5	9	3	-4.5439	-2.49845	-3.57823	-4.75493
1081	10	1	16	19	10	5	7	-5.87218	-2.7593	-4.1376	-5.02833
1082	8	10	2	2	11	12	6	-3.96207	-6.97616	-7.56131	-7.06137
1083	4	7	10	4	1	7	1	-1.83546	-3.75169	-2.65367	-1.94129
1084	2	4	1	2	2	1	5	-2.78137	-3.62894	-4.15026	-4.08367
1085	2	4	1	2	7	1	5	-2.31537	-5.35873	-5.80801	-5.08353
1086	2	1	21	3	2	1	5	-2.92021	-2.49205	-4.29964	-4.41035
1087	2	1	12	3	2	1	5	-2.61112	-2.11763	-3.56732	-4.58665
1088	2	4	2	4	19	3	6	-5.80595	-8.85224	-9.40312	-8.90032
1089	8	10	149	2	11	12	6	-4.85385	-3.97864	-5.58375	-6.80597
1090	8	10	2	2	11	12	6	-3.96207	-6.97616	-7.56131	-7.06137
1091	2	1	12	3	2	1	5	-2.61112	-2.11763	-3.56732	-4.58665
1092	2	1	12	3	2	1	5	-2.61112	-2.11763	-3.56732	-4.58665
1093	2	1	5	3	2	3	5	-4.20838	-3.26022	-5.31962	-4.7402
1094	184	39	30	82	113	43	17	-3.95965	-6.02108	-7.3361	-7.00924
1095	2	1	12	3	2	1	5	-2.61112	-2.11763	-3.56732	-4.58665
1096	2	4	1	2	2	1	5	-2.78137	-3.62894	-4.15026	-4.08367
1097	4	7	10	4	1	7	1	-1.83546	-3.75169	-2.65367	-1.94129
1098	8	10	2	2	11	12	6	-3.96207	-6.97616	-7.56131	-7.06137
1099	4	7	10	4	1	7	1	-1.83546	-3.75169	-2.65367	-1.94129
1100	4	7	10	4	42	51	1	-2.93518	-4.59145	-4.89786	-3.80611
1101	9	25	2	10	22	3	6	-4.47606	-7.55221	-6.02819	-4.36865
1102	9	2	4	62	4	5	6	-3.72129	-5.15597	-5.80232	-6.53277
1103	4	7	10	4	1	7	1	-1.83546	-3.75169	-2.65367	-1.94129
1104	2	4	1	2	7	1	5	-2.31537	-5.35873	-5.80801	-5.08353
1105	4	7	10	4	1	7	1	-1.83546	-3.75169	-2.65367	-1.94129
1106	8	10	2	2	11	12	6	-3.96207	-6.97616	-7.56131	-7.06137
1107	2	4	1	2	2	1	5	-2.78137	-3.62894	-4.15026	-4.08367
1108	4	7	10	4	42	51	1	-2.93518	-4.59145	-4.89786	-3.80611
1109	1	2	3	4	5	9	3	-4.5439	-2.49845	-3.57823	-4.75493
1110	2	1	12	3	2	1	5	-2.61112	-2.11763	-3.56732	-4.58665
1111	2	4	1	2	2	1	5	-2.78137	-3.62894	-4.15026	-4.08367
1112	10	81	50	99	120	76	52	-6.69481	-6.40414	-5.30433	-5.15686
1113	2	4	1	2	2	1	5	-2.78137	-3.62894	-4.15026	-4.08367
1114	4	7	10	4	42	51	1	-2.93518	-4.59145	-4.89786	-3.80611
1115	4	7	10	4	42	51	1	-2.93518	-4.59145	-4.89786	-3.80611
1116	4	7	10	4	1	7	1	-1.83546	-3.75169	-2.65367	-1.94129
1117	3	1	5	10	11	11	6	-9.63486	-6.48005	-8.90916	-9.96675
1118	10	81	50	99	120	76	52	-6.69481	-6.40414	-5.30433	-5.15686
1119	2	4	1	2	2	1	5	-2.78137	-3.62894	-4.15026	-4.08367
1120	4	7	10	4	1	7	1	-1.83546	-3.75169	-2.65367	-1.94129
1121	4	7	10	4	1	7	1	-1.83546	-3.75169	-2.65367	-1.94129
1122	4	7	10	4	42	51	1	-2.93518	-4.59145	-4.89786	-3.80611
1123	2	1	12	3	2	1	5	-2.61112	-2.11763	-3.56732	-4.58665
1124	2	4	1	2	2	1	5	-2.78137	-3.62894	-4.15026	-4.08367
1125	2	1	1	3	2	1	5	-4.59796	-3.79106	-6.12365	-6.83187
1126	2	4	1	2	2	1	5	-2.78137	-3.62894	-4.15026	-4.08367
1127	2	4	1	2	2	1	5	-2.78137	-3.62894	-4.15026	-4.08367
1128	2	4	1	2	2	1	5	-2.78137	-3.62894	-4.15026	-4.08367
1129	2	4	1	2	2	1	5	-2.78137	-3.62894	-4.15026	-4.08367
1130	1	2	3	4	5	9	3	-4.5439	-2.49845	-3.57823	-4.75493
1131	8	10	2	2	11	12	6	-3.96207	-6.97616	-7.56131	-7.06137
1132	2	1	21	3	2	1	5	-2.92021	-2.49205	-4.29964	-4.41035
1133	2	4	1	2	2	1	5	-2.78137	-3.62894	-4.15026	-4.08367
1134	2	1	21	3	2	1	5	-2.92021	-2.49205	-4.29964	-4.41035
1135	2	1	21	3	2	1	5	-2.92021	-2.49205	-4.29964	-4.41035
1136	2	4	1	2	2	1	5	-2.78137	-3.62894	-4.15026	-4.08367
1137	1	2	3	4	5	9	3	-4.5439	-2.49845	-3.57823	-4.75493
1138	10	1	16	19	10	5	7	-5.87218	-2.7593	-4.1376	-5.02833
1139	2	1	12	3	2	1	5	-2.61112	-2.11763	-3.56732	-4.58665
1140	7	21	5	62	4	61	44	-6.99071	-3.84376	-5.56085	-7.03038
1141	2	4	1	2	2	1	5	-2.78137	-3.62894	-4.15026	-4.08367
1142	2	1	12	3	2	1	5	-2.61112	-2.11763	-3.56732	-4.58665
1143	2	4	1	2	7	1	5	-2.31537	-5.35873	-5.80801	-5.08353
1144	2	1	5	3	2	3	5	-4.20838	-3.26022	-5.31962	-4.7402
1145	2	1	21	3	2	1	5	-2.92021	-2.49205	-4.29964	-4.41035
1146	2	1	21	3	2	1	5	-2.92021	-2.49205	-4.29964	-4.41035
1147	2	1	21	3	2	1	5	-2.92021	-2.49205	-4.29964	-4.41035
1148	2	1	21	3	2	1	5	-2.92021	-2.49205	-4.29964	-4.41035
1149	2	1	12	3	2	1	5	-2.61112	-2.11763	-3.56732	-4.58665
1150	8	10	2	2	11	12	6	-3.96207	-6.97616	-7.56131	-7.06137
1151	129	66	30	82	189	47	17	-3.25169	-4.83881	-5.52518	-4.147
1152	1	307	3	4	5	9	3	-6.83916	-6.42148	-6.1426	-8.03987
1153	8	10	2	2	11	12	6	-3.96207	-6.97616	-7.56131	-7.06137
1154	2	4	2	2	6	1	5	-6.05502	-4.83855	-5.90975	-7.49296
1155	1	4	2	2	6	3	17	-4.53913	-2.46043	-4.4311	-5.27801
1156	2	4	1	2	2	1	5	-2.78137	-3.62894	-4.15026	-4.08367
1157	8	10	2	2	11	12	6	-3.96207	-6.97616	-7.56131	-7.06137
1158	2	4	2	2	6	1	5	-6.05502	-4.83855	-5.90975	-7.49296
1159	2	1	21	3	2	1	5	-2.92021	-2.49205	-4.29964	-4.41035
1160	2	4	5	2	2	5	5	-3.68105	-6.71839	-6.90891	-5.84796
1161	7	21	5	62	4	61	44	-6.99071	-3.84376	-5.56085	-7.03038
1162	2	1	12	3	2	1	5	-2.61112	-2.11763	-3.56732	-4.58665
1163	10	27	16	19	10	5	7	-19.9181	-12.8133	-15.5735	-17.2589
1164	33	283	44	82	189	44	17	-6.59503	-3.48486	-5.30861	-5.84188
1165	9	25	2	10	22	3	6	-4.47606	-7.55221	-6.02819	-4.36865
1166	7	21	5	62	4	61	44	-6.99071	-3.84376	-5.56085	-7.03038
1167	2	1	5	3	2	3	5	-4.20838	-3.26022	-5.31962	-4.7402
1168	2	1	5	3	2	3	5	-4.20838	-3.26022	-5.31962	-4.7402
1169	9	25	2	10	22	3	6	-4.47606	-7.55221	-6.02819	-4.36865
1170	2	1	5	3	2	3	5	-4.20838	-3.26022	-5.31962	-4.7402
1171	2	4	1	2	2	1	5	-2.78137	-3.62894	-4.15026	-4.08367
1172	129	66	30	82	189	47	17	-3.25169	-4.83881	-5.52518	-4.147
1173	2	4	1	2	2	1	5	-2.78137	-3.62894	-4.15026	-4.08367
1174	2	1	5	3	2	3	5	-4.20838	-3.26022	-5.31962	-4.7402
1175	2	1	12	3	2	1	5	-2.61112	-2.11763	-3.56732	-4.58665
1176	2	4	1	2	2	1	5	-2.78137	-3.62894	-4.15026	-4.08367
1177	1	4	2	2	6	3	17	-4.53913	-2.46043	-4.4311	-5.27801
1178	2	1	12	3	2	1	5	-2.61112	-2.11763	-3.56732	-4.58665
1179	1	4	2	2	446	3	17	-8.77286	-7.56392	-8.50051	-7.61643
1180	2	1	5	88	2	11	5	-8.5039	-5.35657	-6.03448	-7.89645
1181	2	4	2	2	6	1	5	-6.05502	-4.83855	-5.90975	-7.49296
1182	9	25	2	10	22	3	6	-4.47606	-7.55221	-6.02819	-4.36865
1183	2	1	5	3	2	3	5	-4.20838	-3.26022	-5.31962	-4.7402
1184	7	21	5	62	4	61	44	-6.99071	-3.84376	-5.56085	-7.03038
1185	1	2	3	4	5	9	3	-4.5439	-2.49845	-3.57823	-4.75493
1186	2	4	1	2	2	1	5	-2.78137	-3.62894	-4.15026	-4.08367
1187	7	21	5	62	4	61	44	-6.99071	-3.84376	-5.56085	-7.03038
1188	33	39	30	82	104	173	68	-5.34252	-3.9891	-6.36487	-7.20583
1189	1	4	2	2	6	3	17	-4.53913	-2.46043	-4.4311	-5.27801
1190	2	1	21	3	2	1	5	-2.92021	-2.49205	-4.29964	-4.41035
1191	4	7	10	4	1	7	1	-1.83546	-3.75169	-2.65367	-1.94129
1192	2	1	5	3	2	5	5	-5.39611	-2.84035	-4.05206	-5.30327
1193	1	4	2	2	6	3	17	-4.53913	-2.46043	-4.4311	-5.27801
1194	2	4	1	2	2	1	5	-2.78137	-3.62894	-4.15026	-4.08367
1195	2	4	1	2	2	1	5	-2.78137	-3.62894	-4.15026	-4.08367
1196	2	1	12	3	2	1	5	-2.61112	-2.11763	-3.56732	-4.58665
1197	2	1	6	3	2	3	5	-7.48686	-8.35683	-9.17746	-6.67449
1198	4	7	10	4	1	7	1	-1.83546	-3.75169	-2.65367	-1.94129
1199	2	4	1	2	7	1	5	-2.31537	-5.35873	-5.80801	-5.08353
1200	2	1	1	3	2	1	5	-4.59796	-3.79106	-6.12365	-6.83187
1201	2	4	1	2	2	1	5	-2.78137	-3.62894	-4.15026	-4.08367
1202	7	2	5	2	10	3	6	-31.8467	-27.0739	-27.8909	-29.5076
1203	2	1	21	3	2	1	5	-2.92021	-2.49205	-4.29964	-4.41035
1204	2	4	1	2	7	1	5	-2.31537	-5.35873	-5.80801	-5.08353
1205	4	7	10	4	1	7	1	-1.83546	-3.75169	-2.65367	-1.94129
1206	2	4	1	2	7	1	5	-2.31537	-5.35873	-5.80801	-5.08353
1207	2	4	1	2	2	1	5	-2.78137	-3.62894	-4.15026	-4.08367
1208	1	4	2	2	6	3	17	-4.53913	-2.46043	-4.4311	-5.27801
1209	2	4	1	2	2	1	5	-2.78137	-3.62894	-4.15026	-4.08367
1210	2	4	1	2	2	1	5	-2.78137	-3.62894	-4.15026	-4.08367
1211	74	10	2	2	11	12	6	-8.20799	-12.1137	-11.6527	-9.41814
1212	1	2	3	4	5	9	3	-4.5439	-2.49845	-3.57823	-4.75493
1213	2	1	5	3	2	3	5	-4.20838	-3.26022	-5.31962	-4.7402
1214	4	7	10	4	1	7	1	-1.83546	-3.75169	-2.65367	-1.94129
1215	2	4	2	2	6	1	5	-6.05502	-4.83855	-5.90975	-7.49296
1216	2	1	12	3	2	1	5	-2.61112	-2.11763	-3.56732	-4.58665
1217	2	1	21	3	2	1	5	-2.92021	-2.49205	-4.29964	-4.41035
1218	2	4	1	2	2	1	5	-2.78137	-3.62894	-4.15026	-4.08367
1219	2	1	21	3	2	1	5	-2.92021	-2.49205	-4.29964	-4.41035
1220	4	7	10	4	1	7	1	-1.83546	-3.75169	-2.65367	-1.94129
1221	2	1	21	3	2	1	5	-2.92021	-2.49205	-4.29964	-4.41035
1222	2	4	1	2	2	1	5	-2.78137	-3.62894	-4.15026	-4.08367
1223	4	7	10	4	1	7	1	-1.83546	-3.75169	-2.65367	-1.94129
1224	2	4	1	2	2	1	5	-2.78137	-3.62894	-4.15026	-4.08367
1225	4	7	10	4	1	7	1	-1.83546	-3.75169	-2.65367	-1.94129
1226	4	7	10	4	42	51	1	-2.93518	-4.59145	-4.89786	-3.80611
1227	4	7	10	4	42	7	1	-6.60447	-9.21276	-5.61477	-4.67788
1228	2	4	1	2	2	1	5	-2.78137	-3.62894	-4.15026	-4.08367
1229	2	1	5	3	2	3	5	-4.20838	-3.26022	-5.31962	-4.7402
1230	10	81	50	99	120	76	52	-6.69481	-6.40414	-5.30433	-5.15686
1231	2	4	1	2	7	1	5	-2.31537	-5.35873	-5.80801	-5.08353
1232	2	4	1	2	7	1	5	-2.31537	-5.35873	-5.80801	-5.08353
1233	4	7	10	4	1	7	1	-1.83546	-3.75169	-2.65367	-1.94129
1234	1	4	2	2	6	3	17	-4.53913	-2.46043	-4.4311	-5.27801
1235	4	7	10	4	1	7	1	-1.83546	-3.75169	-2.65367	-1.94129
1236	2	4	1	2	2	1	5	-2.78137	-3.62894	-4.15026	-4.08367
1237	4	7	10	4	1	7	1	-1.83546	-3.75169	-2.65367	-1.94129
1238	4	7	10	4	42	51	1	-2.93518	-4.59145	-4.89786	-3.80611
1239	1	307	3	4	5	9	3	-6.83916	-6.42148	-6.1426	-8.03987
1240	2	4	2	2	6	1	5	-6.05502	-4.83855	-5.90975	-7.49296
1241	8	10	149	2	11	12	6	-4.85385	-3.97864	-5.58375	-6.80597
1242	2	1	12	3	2	1	5	-2.61112	-2.11763	-3.56732	-4.58665
1243	2	4	1	2	2	1	5	-2.78137	-3.62894	-4.15026	-4.08367
1244	2	4	1	2	2	1	5	-2.78137	-3.62894	-4.15026	-4.08367
1245	2	4	1	2	2	1	5	-2.78137	-3.62894	-4.15026	-4.08367
1246	4	7	10	4	42	51	1	-2.93518	-4.59145	-4.89786	-3.80611
1247	2	4	1	2	2	1	5	-2.78137	-3.62894	-4.15026	-4.08367
1248	2	4	1	2	2	1	5	-2.78137	-3.62894	-4.15026	-4.08367
1249	2	1	12	88	2	1	5	-3.93555	-3.43409	-5.56126	-5.24735
1250	1	4	2	2	6	3	17	-4.53913	-2.46043	-4.4311	-5.27801
1251	9	2	4	62	4	5	6	-3.72129	-5.15597	-5.80232	-6.53277
1252	2	4	1	2	7	1	5	-2.31537	-5.35873	-5.80801	-5.08353
1253	2	4	5	2	2	5	5	-3.68105	-6.71839	-6.90891	-5.84796
1254	2	1	21	3	2	1	5	-2.92021	-2.49205	-4.29964	-4.41035
1255	1	4	2	2	6	3	17	-4.53913	-2.46043	-4.4311	-5.27801
1256	2	1	21	3	2	1	5	-2.92021	-2.49205	-4.29964	-4.41035
1257	2	4	1	2	2	5	5	-6.809	-6.40326	-8.60047	-9.22951
1258	2	1	12	3	2	1	5	-2.61112	-2.11763	-3.56732	-4.58665
1259	2	4	2	2	6	1	5	-6.05502	-4.83855	-5.90975	-7.49296
1260	2	4	1	2	2	1	5	-2.78137	-3.62894	-4.15026	-4.08367
1261	2	4	1	2	2	1	5	-2.78137	-3.62894	-4.15026	-4.08367
1262	1	307	3	4	5	9	3	-6.83916	-6.42148	-6.1426	-8.03987
1263	9	25	2	10	22	3	6	-4.47606	-7.55221	-6.02819	-4.36865
1264	2	1	1	380	2	1	5	-6.14521	-5.73776	-8.02277	-8.59407
1265	2	4	1	2	2	1	5	-2.78137	-3.62894	-4.15026	-4.08367
1266	2	4	1	2	2	1	5	-2.78137	-3.62894	-4.15026	-4.08367
1267	2	1	12	3	2	1	5	-2.61112	-2.11763	-3.56732	-4.58665
1268	1	2	3	4	5	9	3	-4.5439	-2.49845	-3.57823	-4.75493
1269	2	4	1	2	2	1	5	-2.78137	-3.62894	-4.15026	-4.08367
1270	2	4	1	2	2	1	5	-2.78137	-3.62894	-4.15026	-4.08367
1271	2	4	1	2	2	1	5	-2.78137	-3.62894	-4.15026	-4.08367
1272	1	2	3	4	5	9	3	-4.5439	-2.49845	-3.57823	-4.75493
1273	9	2	2	212	309	253	147	-28.1211	-31.1827	-28.0312	-20.8986
1274	2	1	21	3	2	1	5	-2.92021	-2.49205	-4.29964	-4.41035
1275	47	2	4	2	6	5	17	-12.0838	-10.0737	-6.2324	-8.37932
1276	1	2	3	4	5	9	3	-4.5439	-2.49845	-3.57823	-4.75493
1277	2	4	1	2	2	1	5	-2.78137	-3.62894	-4.15026	-4.08367
1278	2	4	1	2	2	1	5	-2.78137	-3.62894	-4.15026	-4.08367
1279	9	2	4	62	4	5	6	-3.72129	-5.15597	-5.80232	-6.53277
1280	2	1	12	3	2	1	5	-2.61112	-2.11763	-3.56732	-4.58665
1281	2	4	1	2	2	1	5	-2.78137	-3.62894	-4.15026	-4.08367
1282	2	4	1	2	7	1	5	-2.31537	-5.35873	-5.80801	-5.08353
1283	7	17	2	15	23	3	12	-6.90832	-9.96016	-10.5129	-10.0073
1284	2	1	1	3	2	1	5	-4.59796	-3.79106	-6.12365	-6.83187
1285	2	1	12	3	2	1	5	-2.61112	-2.11763	-3.56732	-4.58665
1286	2	4	1	2	2	1	5	-2.78137	-3.62894	-4.15026	-4.08367
1287	2	1	5	3	2	3	5	-4.20838	-3.26022	-5.31962	-4.7402
1288	2	4	1	2	2	1	5	-2.78137	-3.62894	-4.15026	-4.08367
1289	2	4	1	2	2	1	5	-2.78137	-3.62894	-4.15026	-4.08367
1290	1	4	2	2	6	3	17	-4.53913	-2.46043	-4.4311	-5.27801
1291	2	1	2	3	2	3	5	-3.76671	-6.73622	-7.35474	-6.85935
1292	2	1	5	3	2	3	5	-4.20838	-3.26022	-5.31962	-4.7402
1293	1	2	3	3	5	9	3	-11.7899	-7.94092	-9.67576	-12.0664
1294	4	7	10	4	42	51	1	-2.93518	-4.59145	-4.89786	-3.80611
1295	1	4	2	2	6	3	17	-4.53913	-2.46043	-4.4311	-5.27801
1296	2	1	5	3	2	3	5	-4.20838	-3.26022	-5.31962	-4.7402
1297	4	7	10	4	1	7	1	-1.83546	-3.75169	-2.65367	-1.94129
1298	2	4	1	2	2	1	5	-2.78137	-3.62894	-4.15026	-4.08367
1299	4	7	10	4	1	7	1	-1.83546	-3.75169	-2.65367	-1.94129
1300	2	1	21	3	2	1	5	-2.92021	-2.49205	-4.29964	-4.41035
1301	2	4	1	2	2	1	5	-2.78137	-3.62894	-4.15026	-4.08367
1302	4	7	10	4	1	7	1	-1.83546	-3.75169	-2.65367	-1.94129
1303	2	4	1	2	2	1	5	-2.78137	-3.62894	-4.15026	-4.08367
1304	2	1	5	3	2	5	5	-5.39611	-2.84035	-4.05206	-5.30327
1305	2	4	1	2	2	1	5	-2.78137	-3.62894	-4.15026	-4.08367
1306	2	1	21	3	2	1	5	-2.92021	-2.49205	-4.29964	-4.41035
1307	2	1	5	3	2	5	5	-5.39611	-2.84035	-4.05206	-5.30327
1308	1	4	2	2	6	3	17	-4.53913	-2.46043	-4.4311	-5.27801
1309	1	4	2	2	6	3	17	-4.53913	-2.46043	-4.4311	-5.27801
1310	2	1	5	3	2	3	5	-4.20838	-3.26022	-5.31962	-4.7402
1311	1	4	2	2	6	3	17	-4.53913	-2.46043	-4.4311	-5.27801
1312	2	4	1	2	2	1	5	-2.78137	-3.62894	-4.15026	-4.08367
1313	2	1	12	88	2	1	5	-3.93555	-3.43409	-5.56126	-5.24735
1314	2	1	5	3	2	3	5	-4.20838	-3.26022	-5.31962	-4.7402
1315	2	4	5	2	2	1	5	-6.18228	-8.81044	-9.00424	-9.12047
1316	2	4	1	2	2	1	5	-2.78137	-3.62894	-4.15026	-4.08367
1317	1	4	2	2	6	3	17	-4.53913	-2.46043	-4.4311	-5.27801
1318	2	1	21	3	2	1	5	-2.92021	-2.49205	-4.29964	-4.41035
1319	4	7	10	4	1	7	1	-1.83546	-3.75169	-2.65367	-1.94129
1320	1	2	3	4	5	9	3	-4.5439	-2.49845	-3.57823	-4.75493
1321	2	4	1	2	7	1	5	-2.31537	-5.35873	-5.80801	-5.08353
1322	4	7	10	4	1	7	1	-1.83546	-3.75169	-2.65367	-1.94129
1323	4	7	10	4	1	7	1	-1.83546	-3.75169	-2.65367	-1.94129
1324	1	4	2	2	6	3	17	-4.53913	-2.46043	-4.4311	-5.27801
1325	2	4	1	2	7	1	5	-2.31537	-5.35873	-5.80801	-5.08353
1326	4	7	10	4	1	7	1	-1.83546	-3.75169	-2.65367	-1.94129
1327	8	10	2	2	11	12	6	-3.96207	-6.97616	-7.56131	-7.06137
1328	969	7	10	4	1	7	1	-6.00355	-8.86369	-6.74257	-4.2965
1329	4	7	10	4	1	7	1	-1.83546	-3.75169	-2.65367	-1.94129
1330	10	27	16	942	10	5	7	-24.1639	-17.9515	-19.6653	-19.6155
1331	10	27	16	941	10	5	7	-24.1639	-17.9515	-19.6653	-19.6155
1332	4	7	10	4	1	7	1	-1.83546	-3.75169	-2.65367	-1.94129
1333	4	7	10	4	1	7	1	-1.83546	-3.75169	-2.65367	-1.94129
1334	129	66	30	82	189	47	17	-3.25169	-4.83881	-5.52518	-4.147
1335	4	7	10	4	1	7	1	-1.83546	-3.75169	-2.65367	-1.94129
1336	4	7	10	4	1	7	1	-1.83546	-3.75169	-2.65367	-1.94129
1337	2	4	1	2	2	1	5	-2.78137	-3.62894	-4.15026	-4.08367
1338	2	1	2	3	2	3	5	-3.76671	-6.73622	-7.35474	-6.85935
1339	10	27	16	19	10	5	7	-19.9181	-12.8133	-15.5735	-17.2589
1340	2	4	1	2	2	1	5	-2.78137	-3.62894	-4.15026	-4.08367
1341	33	39	30	82	104	173	68	-5.34252	-3.9891	-6.36487	-7.20583
1342	1	4	2	2	6	3	17	-4.53913	-2.46043	-4.4311	-5.27801
1343	2	1	5	3	2	5	5	-5.39611	-2.84035	-4.05206	-5.30327
1344	2	1	12	3	2	1	5	-2.61112	-2.11763	-3.56732	-4.58665
1345	8	10	2	2	11	12	6	-3.96207	-6.97616	-7.56131	-7.06137
1346	2	1	1	3	2	1	5	-4.59796	-3.79106	-6.12365	-6.83187
1347	1	4	2	2	6	3	17	-4.53913	-2.46043	-4.4311	-5.27801
1348	7	2	2	2	11	12	6	-4.50868	-7.55955	-8.11179	-7.60791
1349	9	2	4	62	4	5	6	-3.72129	-5.15597	-5.80232	-6.53277
1350	2	1	21	3	2	1	5	-2.92021	-2.49205	-4.29964	-4.41035
1351	9	7	10	4	1	7	1	-10.4396	-12.0974	-11.1538	-10.3058
1352	2	1	12	3	920	1	5	-6.85723	-7.24731	-7.65661	-6.93962
1353	239	27	16	19	10	5	7	-9.63625	-6.48304	-8.91388	-9.96912
1354	7	17	2	15	23	3	12	-6.90832	-9.96016	-10.5129	-10.0073
1355	1	4	2	2	6	3	17	-4.53913	-2.46043	-4.4311	-5.27801
1356	1	6	60	24	12	28	1	-30.9691	-34.857	-25.0054	-18.7335
1357	2	4	5	2	10	1	5	-6.90209	-9.93952	-10.4934	-9.99871
1358	10	81	50	99	120	76	52	-6.69481	-6.40414	-5.30433	-5.15686
1359	4	7	10	4	1	7	1	-1.83546	-3.75169	-2.65367	-1.94129
1360	2	1	5	3	2	5	5	-5.39611	-2.84035	-4.05206	-5.30327
1361	4	7	10	1	1	7	1	-5.28207	-8.18656	-6.01701	-6.10501
1362	2	4	5	2	10	1	5	-6.90209	-9.93952	-10.4934	-9.99871
1363	2	1	21	3	2	1	5	-2.92021	-2.49205	-4.29964	-4.41035
1364	2	1	21	3	2	1	5	-2.92021	-2.49205	-4.29964	-4.41035
1365	2	4	1	2	2	1	5	-2.78137	-3.62894	-4.15026	-4.08367
1366	2	4	2	2	6	1	5	-6.05502	-4.83855	-5.90975	-7.49296
1367	2	4	1	2	7	1	5	-2.31537	-5.35873	-5.80801	-5.08353
1368	2	4	1	2	2	1	5	-2.78137	-3.62894	-4.15026	-4.08367
1369	2	4	1	2	2	1	5	-2.78137	-3.62894	-4.15026	-4.08367
1370	4	7	10	4	1	7	1	-1.83546	-3.75169	-2.65367	-1.94129
1371	4	7	10	4	42	51	1	-2.93518	-4.59145	-4.89786	-3.80611
1372	2	1	5	3	2	3	5	-4.20838	-3.26022	-5.31962	-4.7402
1373	2	1	12	3	2	1	5	-2.61112	-2.11763	-3.56732	-4.58665
1374	2	1	1	3	2	1	5	-4.59796	-3.79106	-6.12365	-6.83187
1375	2	4	1	2	2	1	5	-2.78137	-3.62894	-4.15026	-4.08367
1376	4	7	10	4	1	7	1	-1.83546	-3.75169	-2.65367	-1.94129
1377	10	1	16	19	10	5	7	-5.87218	-2.7593	-4.1376	-5.02833
1378	2	4	1	2	7	1	5	-2.31537	-5.35873	-5.80801	-5.08353
1379	2	4	1	2	2	1	5	-2.78137	-3.62894	-4.15026	-4.08367
1380	10	81	50	99	120	76	52	-6.69481	-6.40414	-5.30433	-5.15686
1381	2	1	12	3	2	1	5	-2.61112	-2.11763	-3.56732	-4.58665
1382	2	4	1	2	2	1	5	-2.78137	-3.62894	-4.15026	-4.08367
1383	2	4	1	2	7	1	5	-2.31537	-5.35873	-5.80801	-5.08353
1384	1	2	3	4	5	9	3	-4.5439	-2.49845	-3.57823	-4.75493
1385	8	10	2	2	11	12	6	-3.96207	-6.97616	-7.56131	-7.06137
1386	1	4	2	2	6	3	17	-4.53913	-2.46043	-4.4311	-5.27801
1387	2	4	1	2	2	1	5	-2.78137	-3.62894	-4.15026	-4.08367
1388	2	4	1	2	2	1	5	-2.78137	-3.62894	-4.15026	-4.08367
1389	10	7	10	4	1	7	1	-12.4314	-10.7151	-9.79857	-9.39445
1390	2	1	21	3	2	1	5	-2.92021	-2.49205	-4.29964	-4.41035
1391	2	1	21	3	2	1	5	-2.92021	-2.49205	-4.29964	-4.41035
1392	10	1	16	19	10	5	7	-5.87218	-2.7593	-4.1376	-5.02833
1393	2	1	5	3	2	3	5	-4.20838	-3.26022	-5.31962	-4.7402
1394	2	1	5	3	2	3	5	-4.20838	-3.26022	-5.31962	-4.7402
1395	2	4	1	2	2	5	5	-6.809	-6.40326	-8.60047	-9.22951
1396	2	4	1	2	7	1	5	-2.31537	-5.35873	-5.80801	-5.08353
1397	10	1	16	19	10	5	7	-5.87218	-2.7593	-4.1376	-5.02833
1398	2	4	1	2	7	1	5	-2.31537	-5.35873	-5.80801	-5.08353
1399	2	934	1	2	2	1	5	-6.94981	-8.75687	-8.23412	-6.42783
