Isolate	Loci0	Loci1	Loci2	Loci3	Loci4	Loci5	Loci6	Source0	Source1	Source2	Source3
0	1	2	3	4	5	9	3	-4.54455	-2.46968	-3.70281	-4.82018
1	4	7	10	4	1	7	1	-1.83189	-3.84939	-2.63818	-1.9105
2	2	4	1	2	2	1	5	-2.77551	-3.64197	-4.19263	-3.99206
3	2	4	1	2	2	1	5	-2.77551	-3.64197	-4.19263	-3.99206
4	9	25	2	10	22	3	6	-4.47502	-7.83655	-5.89311	-4.34914
5	4	7	10	4	1	7	1	-1.83189	-3.84939	-2.63818	-1.9105
6	4	7	10	4	1	7	1	-1.83189	-3.84939	-2.63818	-1.9105
7	4	7	10	4	42	51	1	-2.92986	-4.64519	-4.84553	-3.7418
8	2	4	1	2	2	1	5	-2.77551	-3.64197	-4.19263	-3.99206
9	10	81	50	99	120	76	52	-6.69814	-6.41097	-5.33631	-5.15801
10	2	1	21	3	2	1	5	-2.91672	-2.47063	-4.45235	-4.35156
11	2	1	21	3	2	1	5	-2.91672	-2.47063	-4.45235	-4.35156
12	9	25	2	10	22	3	6	-4.47502	-7.83655	-5.89311	-4.34914
13	2	1	21	3	2	1	5	-2.91672	-2.47063	-4.45235	-4.35156
14	10	27	16	19	10	5	7	-20.1789	-12.8418	-15.883	-17.5297
15	2	4	1	2	2	1	5	-2.77551	-3.64197	-4.19263	-3.99206
16	2	4	1	2	2	1	5	-2.77551	-3.64197	-4.19263	-3.99206
17	9	2	4	62	4	5	6	-3.71273	-5.20227	-5.84924	-6.13992
18	9	53	2	53	11	3	3	-30.4798	-28.6124	-25.6703	-25.8209
19	2	4	1	2	2	1	5	-2.77551	-3.64197	-4.19263	-3.99206
20	2	4	1	2	2	1	5	-2.77551	-3.64197	-4.19263	-3.99206
21	4	7	10	4	1	7	1	-1.83189	-3.84939	-2.63818	-1.9105
22	2	4	1	2	2	1	5	-2.77551	-3.64197	-4.19263	-3.99206
23	1	4	2	2	6	3	17	-4.54919	-2.42855	-4.65554	-5.4114
24	4	7	10	4	1	7	1	-1.83189	-3.84939	-2.63818	-1.9105
25	2	1	21	3	2	1	5	-2.91672	-2.47063	-4.45235	-4.35156
26	8	10	2	2	11	12	6	-3.95374	-7.37817	-7.41265	-6.54263
27	2	4	2	2	6	1	5	-6.05	-4.81411	-6.03444	-7.50535
28	2	1	12	3	2	1	5	-2.60626	-2.09751	-3.70635	-4.49124
29	2	4	1	2	2	1	5	-2.77551	-3.64197	-4.19263	-3.99206
30	4	7	10	4	1	7	1	-1.83189	-3.84939	-2.63818	-1.9105
31	10	1	16	19	10	5	7	-5.90527	-2.72749	-4.28503	-5.12788
32	1	2	3	4	5	9	3	-4.54455	-2.46968	-3.70281	-4.82018
33	2	4	1	2	2	1	5	-2.77551	-3.64197	-4.19263	-3.99206
34	2	4	1	2	2	1	5	-2.77551	-3.64197	-4.19263	-3.99206
35	2	4	1	2	2	1	5	-2.77551	-3.64197	-4.19263	-3.99206
36	4	7	10	4	1	7	1	-1.83189	-3.84939	-2.63818	-1.9105
37	129	66	30	82	189	47	17	-3.24613	-4.8831	-5.4408	-4.08545
38	2	1	12	3	357	1	5	-6.37896	-6.65628	-6.79144	-7.46875
39	9	2	4	62	4	5	6	-3.71273	-5.20227	-5.84924	-6.13992
40	2	1	1	3	2	1	5	-4.5971	-3.76613	-6.39981	-6.7735
41	2	1	12	3	357	1	5	-6.37896	-6.65628	-6.79144	-7.46875
42	2	1	5	3	2	3	5	-4.21013	-3.23273	-5.48383	-4.7413
43	2	1	5	3	2	3	5	-4.21013	-3.23273	-5.48383	-4.7413
44	2	4	1	2	2	1	5	-2.77551	-3.64197	-4.19263	-3.99206
45	2	4	1	2	2	1	5	-2.77551	-3.64197	-4.19263	-3.99206
46	2	4	2	2	6	1	5	-6.05	-4.81411	-6.03444	-7.50535
47	1	4	2	2	6	3	17	-4.54919	-2.42855	-4.65554	-5.4114
48	2	1	21	3	2	1	5	-2.91672	-2.47063	-4.45235	-4.35156
49	2	1	2	3	2	3	5	-3.75904	-7.12936	-7.20564	-6.3402
50	2	1	21	3	2	1	5	-2.91672	-2.47063	-4.45235	-4.35156
51	7	17	2	15	23	3	12	-6.89972	-10.3786	-10.363	-9.48886
52	2	4	1	2	7	1	5	-2.30801	-5.77623	-5.65875	-4.68557
53	9	2	4	62	4	5	6	-3.71273	-5.20227	-5.84924	-6.13992
54	2	4	1	2	7	1	5	-2.30801	-5.77623	-5.65875	-4.68557
55	9	2	4	62	4	5	6	-3.71273	-5.20227	-5.84924	-6.13992
56	2	1	12	88	2	1	5	-3.93308	-3.41065	-5.7443	-5.20536
57	2	1	5	3	2	3	5	-4.21013	-3.23273	-5.48383	-4.7413
58	2	4	1	2	2	1	5	-2.77551	-3.64197	-4.19263	-3.99206
59	9	2	4	62	4	5	6	-3.71273	-5.20227	-5.84924	-6.13992
60	2	1	5	3	2	3	5	-4.21013	-3.23273	-5.48383	-4.7413
61	2	4	1	2	2	1	5	-2.77551	-3.64197	-4.19263	-3.99206
62	2	4	1	2	2	1	5	-2.77551	-3.64197	-4.19263	-3.99206
63	2	4	1	2	2	1	5	-2.77551	-3.64197	-4.19263	-3.99206
64	2	4	1	2	2	1	5	-2.77551	-3.64197	-4.19263	-3.99206
65	2	4	1	2	2	1	5	-2.77551	-3.64197	-4.19263	-3.99206
66	2	4	1	2	2	1	5	-2.77551	-3.64197	-4.19263	-3.99206
67	1	2	215	4	90	24	8	-29.8652	-30.6068	-22.4664	-22.1175
68	2	4	1	2	2	1	5	-2.77551	-3.64197	-4.19263	-3.99206
69	1	2	3	4	5	9	3	-4.54455	-2.46968	-3.70281	-4.82018
70	2	4	1	2	2	1	5	-2.77551	-3.64197	-4.19263	-3.99206
71	2	4	1	2	2	1	5	-2.77551	-3.64197	-4.19263	-3.99206
72	9	25	2	10	22	3	6	-4.47502	-7.83655	-5.89311	-4.34914
73	2	15	4	48	360	25	23	-6.72796	-9.60176	-5.72289	-4.92065
74	2	4	1	2	2	1	5	-2.77551	-3.64197	-4.19263	-3.99206
75	2	1	12	88	2	1	5	-3.93308	-3.41065	-5.7443	-5.20536
76	2	4	2	2	6	1	5	-6.05	-4.81411	-6.03444	-7.50535
77	10	1	16	19	10	5	7	-5.90527	-2.72749	-4.28503	-5.12788
78	2	4	1	2	2	1	5	-2.77551	-3.64197	-4.19263	-3.99206
79	2	1	12	3	2	1	5	-2.60626	-2.09751	-3.70635	-4.49124
80	2	4	1	2	2	1	5	-2.77551	-3.64197	-4.19263	-3.99206
81	2	4	1	2	2	1	5	-2.77551	-3.64197	-4.19263	-3.99206
82	1	4	2	2	6	3	17	-4.54919	-2.42855	-4.65554	-5.4114
83	10	1	16	19	10	5	7	-5.90527	-2.72749	-4.28503	-5.12788
84	8	10	149	2	11	12	6	-4.84965	-3.95221	-5.7494	-6.77351
85	2	4	1	2	2	1	5	-2.77551	-3.64197	-4.19263	-3.99206
86	2	4	1	2	7	1	5	-2.30801	-5.77623	-5.65875	-4.68557
87	32	39	30	82	104	324	17	-7.89393	-4.65637	-7.47584	-8.58164
88	1	2	3	4	5	9	3	-4.54455	-2.46968	-3.70281	-4.82018
89	2	1	5	3	2	3	5	-4.21013	-3.23273	-5.48383	-4.7413
90	2	4	1	2	2	1	5	-2.77551	-3.64197	-4.19263	-3.99206
91	2	4	1	2	7	1	5	-2.30801	-5.77623	-5.65875	-4.68557
92	4	7	10	4	1	7	1	-1.83189	-3.84939	-2.63818	-1.9105
93	2	1	2	3	2	3	5	-3.75904	-7.12936	-7.20564	-6.3402
94	2	1	12	3	2	1	5	-2.60626	-2.09751	-3.70635	-4.49124
95	2	1	21	3	2	1	5	-2.91672	-2.47063	-4.45235	-4.35156
96	2	1	21	3	2	1	5	-2.91672	-2.47063	-4.45235	-4.35156
97	9	2	5	2	11	3	1	-30.387	-32.0144	-27.379	-26.3899
98	4	7	10	4	1	7	1	-1.83189	-3.84939	-2.63818	-1.9105
99	2	1	2	3	2	3	5	-3.75904	-7.12936	-7.20564	-6.3402
100	2	1	21	3	2	1	5	-2.91672	-2.47063	-4.45235	-4.35156
101	4	7	10	4	1	7	1	-1.83189	-3.84939	-2.63818	-1.9105
102	2	1	21	3	2	1	5	-2.91672	-2.47063	-4.45235	-4.35156
103	1	4	2	2	6	3	17	-4.54919	-2.42855	-4.65554	-5.4114
104	2	4	5	2	10	1	5	-6.89443	-10.3591	-10.3423	-9.47812
105	2	1	12	88	2	1	5	-3.93308	-3.41065	-5.7443	-5.20536
106	9	2	4	62	4	5	6	-3.71273	-5.20227	-5.84924	-6.13992
107	2	165	73	147	220	190	104	-8.97101	-10.7117	-6.8725	-5.26109
108	2	1	21	3	2	1	5	-2.91672	-2.47063	-4.45235	-4.35156
109	2	4	1	2	2	1	5	-2.77551	-3.64197	-4.19263	-3.99206
110	2	1	12	3	11	1	6	-19.5889	-17.6787	-19.7951	-20.6208
111	2	1	2	3	2	3	5	-3.75904	-7.12936	-7.20564	-6.3402
112	2	4	1	2	7	1	5	-2.30801	-5.77623	-5.65875	-4.68557
113	2	1	2	3	2	3	5	-3.75904	-7.12936	-7.20564	-6.3402
114	2	1	21	3	2	1	5	-2.91672	-2.47063	-4.45235	-4.35156
115	2	4	1	2	7	1	5	-2.30801	-5.77623	-5.65875	-4.68557
116	33	39	30	82	113	43	17	-9.38455	-6.44089	-6.25239	-8.21884
117	2	4	1	2	2	1	5	-2.77551	-3.64197	-4.19263	-3.99206
118	2	4	1	2	2	1	5	-2.77551	-3.64197	-4.19263	-3.99206
119	2	4	1	2	2	1	5	-2.77551	-3.64197	-4.19263	-3.99206
120	2	4	1	2	7	1	5	-2.30801	-5.77623	-5.65875	-4.68557
121	4	7	10	1	1	7	1	-5.27412	-8.68343	-6.03912	-6.03522
122	2	1	12	3	2	1	5	-2.60626	-2.09751	-3.70635	-4.49124
123	2	4	1	2	2	1	5	-2.77551	-3.64197	-4.19263	-3.99206
124	2	4	1	2	2	1	5	-2.77551	-3.64197	-4.19263	-3.99206
125	2	4	1	2	7	1	5	-2.30801	-5.77623	-5.65875	-4.68557
126	2	4	1	2	2	1	5	-2.77551	-3.64197	-4.19263	-3.99206
127	2	4	1	2	2	1	5	-2.77551	-3.64197	-4.19263	-3.99206
128	2	1	12	88	2	1	5	-3.93308	-3.41065	-5.7443	-5.20536
129	2	1	12	3	2	1	5	-2.60626	-2.09751	-3.70635	-4.49124
130	2	1	12	3	2	1	5	-2.60626	-2.09751	-3.70635	-4.49124
131	2	4	1	2	7	1	5	-2.30801	-5.77623	-5.65875	-4.68557
132	2	1	21	3	2	1	5	-2.91672	-2.47063	-4.45235	-4.35156
133	2	1	21	3	2	1	5	-2.91672	-2.47063	-4.45235	-4.35156
134	2	4	5	2	2	5	5	-3.67387	-7.12833	-6.76319	-5.6126
135	2	1	21	3	2	1	5	-2.91672	-2.47063	-4.45235	-4.35156
136	1	4	2	2	6	3	1	-11.6845	-10.0972	-10.2663	-11.0122
137	2	1	5	3	2	3	5	-4.21013	-3.23273	-5.48383	-4.7413
138	2	1	5	3	2	3	5	-4.21013	-3.23273	-5.48383	-4.7413
139	4	7	10	4	1	7	1	-1.83189	-3.84939	-2.63818	-1.9105
140	8	10	2	2	11	12	6	-3.95374	-7.37817	-7.41265	-6.54263
141	2	1	2	3	2	3	5	-3.75904	-7.12936	-7.20564	-6.3402
142	2	1	5	3	2	3	5	-4.21013	-3.23273	-5.48383	-4.7413
143	2	1	2	3	2	3	5	-3.75904	-7.12936	-7.20564	-6.3402
144	129	66	30	82	189	47	17	-3.24613	-4.8831	-5.4408	-4.08545
145	2	4	1	2	2	1	5	-2.77551	-3.64197	-4.19263	-3.99206
146	2	4	1	2	2	1	5	-2.77551	-3.64197	-4.19263	-3.99206
147	7	21	5	62	4	61	44	-7.02635	-3.81047	-5.75726	-7.30057
148	2	4	1	2	2	1	5	-2.77551	-3.64197	-4.19263	-3.99206
149	2	937	1	2	2	1	5	-6.47044	-8.2025	-7.26964	-6.95184
150	1	14	2	2	6	1	17	-9.16362	-6.42836	-7.72167	-6.34221
151	1	4	2	2	6	3	17	-4.54919	-2.42855	-4.65554	-5.4114
152	8	10	149	2	11	12	6	-4.84965	-3.95221	-5.7494	-6.77351
153	2	1	12	3	2	1	5	-2.60626	-2.09751	-3.70635	-4.49124
154	9	30	2	2	89	59	6	-4.95267	-8.43216	-8.41575	-7.54179
155	1	2	3	4	5	9	3	-4.54455	-2.46968	-3.70281	-4.82018
156	2	4	1	2	2	1	5	-2.77551	-3.64197	-4.19263	-3.99206
157	2	4	1	2	2	1	5	-2.77551	-3.64197	-4.19263	-3.99206
158	180	194	2	68	19	231	147	-24.1533	-31.6046	-24.1842	-22.7746
159	2	4	1	2	2	1	5	-2.77551	-3.64197	-4.19263	-3.99206
160	2	4	1	2	2	1	5	-2.77551	-3.64197	-4.19263	-3.99206
161	2	4	1	2	2	1	5	-2.77551	-3.64197	-4.19263	-3.99206
162	4	7	10	4	1	7	1	-1.83189	-3.84939	-2.63818	-1.9105
163	2	4	1	2	2	1	5	-2.77551	-3.64197	-4.19263	-3.99206
164	2	1	21	3	2	1	5	-2.91672	-2.47063	-4.45235	-4.35156
165	2	4	1	2	7	1	5	-2.30801	-5.77623	-5.65875	-4.68557
166	2	4	1	2	2	1	5	-2.77551	-3.64197	-4.19263	-3.99206
167	10	1	16	19	10	5	7	-5.90527	-2.72749	-4.28503	-5.12788
168	104	7	10	4	1	7	1	-4.41054	-7.89406	-7.8532	-6.98099
169	2	4	1	2	2	1	5	-2.77551	-3.64197	-4.19263	-3.99206
170	10	27	16	19	10	5	7	-20.1789	-12.8418	-15.883	-17.5297
171	2	4	1	2	2	1	5	-2.77551	-3.64197	-4.19263	-3.99206
172	2	1	1	3	2	1	5	-4.5971	-3.76613	-6.39981	-6.7735
173	7	21	5	62	4	61	44	-7.02635	-3.81047	-5.75726	-7.30057
174	2	1	1	3	2	1	5	-4.5971	-3.76613	-6.39981	-6.7735
175	10	1	16	19	10	5	7	-5.90527	-2.72749	-4.28503	-5.12788
176	2	4	1	2	2	1	5	-2.77551	-3.64197	-4.19263	-3.99206
177	2	4	1	2	2	1	5	-2.77551	-3.64197	-4.19263	-3.99206
178	2	1	12	3	2	1	5	-2.60626	-2.09751	-3.70635	-4.49124
179	2	4	1	2	2	1	5	-2.77551	-3.64197	-4.19263	-3.99206
180	2	4	1	2	2	1	5	-2.77551	-3.64197	-4.19263	-3.99206
181	1	4	2	2	6	3	17	-4.54919	-2.42855	-4.65554	-5.4114
182	2	1	12	3	2	1	5	-2.60626	-2.09751	-3.70635	-4.49124
183	4	7	10	4	1	7	1	-1.83189	-3.84939	-2.63818	-1.9105
184	2	4	1	2	2	1	5	-2.77551	-3.64197	-4.19263	-3.99206
185	2	4	1	2	2	1	5	-2.77551	-3.64197	-4.19263	-3.99206
186	2	1	21	3	2	1	5	-2.91672	-2.47063	-4.45235	-4.35156
187	4	7	10	4	1	7	1	-1.83189	-3.84939	-2.63818	-1.9105
188	4	7	10	4	42	51	1	-2.92986	-4.64519	-4.84553	-3.7418
189	2	1	5	3	2	3	5	-4.21013	-3.23273	-5.48383	-4.7413
190	1	2	4	62	4	5	17	-6.06274	-4.827	-7.52327	-8.08286
191	4	7	10	4	1	7	1	-1.83189	-3.84939	-2.63818	-1.9105
192	4	7	10	4	42	51	1	-2.92986	-4.64519	-4.84553	-3.7418
193	2	1	21	3	2	1	5	-2.91672	-2.47063	-4.45235	-4.35156
194	4	7	10	4	42	51	1	-2.92986	-4.64519	-4.84553	-3.7418
195	2	4	1	2	7	1	5	-2.30801	-5.77623	-5.65875	-4.68557
196	2	4	1	2	2	1	5	-2.77551	-3.64197	-4.19263	-3.99206
197	1	2	3	4	5	9	3	-4.54455	-2.46968	-3.70281	-4.82018
198	1	2	4	62	4	5	17	-6.06274	-4.827	-7.52327	-8.08286
199	2	250	4	281	358	25	57	-29.2112	-33.1592	-19.8552	-19.4571
200	9	2	4	62	4	5	6	-3.71273	-5.20227	-5.84924	-6.13992
201	1	2	3	4	5	9	3	-4.54455	-2.46968	-3.70281	-4.82018
202	4	7	10	4	1	7	1	-1.83189	-3.84939	-2.63818	-1.9105
203	2	4	2	4	19	3	6	-5.79792	-9.27142	-9.25195	-8.37996
204	4	7	10	4	1	7	1	-1.83189	-3.84939	-2.63818	-1.9105
205	4	7	10	4	42	51	1	-2.92986	-4.64519	-4.84553	-3.7418
206	2	1	12	3	2	1	5	-2.60626	-2.09751	-3.70635	-4.49124
207	4	7	10	4	1	7	1	-1.83189	-3.84939	-2.63818	-1.9105
208	2	1	12	3	2	1	5	-2.60626	-2.09751	-3.70635	-4.49124
209	1	2	4	62	4	5	17	-6.06274	-4.827	-7.52327	-8.08286
210	4	7	10	4	42	51	1	-2.92986	-4.64519	-4.84553	-3.7418
211	2	4	1	2	2	1	5	-2.77551	-3.64197	-4.19263	-3.99206
212	4	7	10	4	1	7	1	-1.83189	-3.84939	-2.63818	-1.9105
213	2	1	21	3	2	1	5	-2.91672	-2.47063	-4.45235	-4.35156
214	47	2	4	2	6	5	17	-10.9015	-11.9002	-6.29806	-8.34054
215	2	1	21	3	2	1	5	-2.91672	-2.47063	-4.45235	-4.35156
216	2	1	21	3	2	1	5	-2.91672	-2.47063	-4.45235	-4.35156
217	2	4	1	2	2	1	5	-2.77551	-3.64197	-4.19263	-3.99206
218	2	4	1	2	2	1	5	-2.77551	-3.64197	-4.19263	-3.99206
219	10	81	50	99	120	76	52	-6.69814	-6.41097	-5.33631	-5.15801
220	2	4	1	2	2	1	5	-2.77551	-3.64197	-4.19263	-3.99206
221	2	4	1	2	2	1	5	-2.77551	-3.64197	-4.19263	-3.99206
222	1	4	2	2	6	3	17	-4.54919	-2.42855	-4.65554	-5.4114
223	1	2	4	62	4	5	17	-6.06274	-4.827	-7.52327	-8.08286
224	4	7	10	4	1	7	1	-1.83189	-3.84939	-2.63818	-1.9105
225	4	7	10	4	1	7	1	-1.83189	-3.84939	-2.63818	-1.9105
226	10	1	16	19	10	5	7	-5.90527	-2.72749	-4.28503	-5.12788
227	2	4	1	2	2	1	5	-2.77551	-3.64197	-4.19263	-3.99206
228	2	4	1	2	7	1	5	-2.30801	-5.77623	-5.65875	-4.68557
229	1	4	2	348	6	3	17	-8.58643	-5.34161	-8.16125	-9.27215
230	1	2	4	62	4	5	17	-6.06274	-4.827	-7.52327	-8.08286
231	10	27	16	19	10	5	7	-20.1789	-12.8418	-15.883	-17.5297
232	1	4	2	2	6	3	17	-4.54919	-2.42855	-4.65554	-5.4114
233	4	7	10	4	42	51	1	-2.92986	-4.64519	-4.84553	-3.7418
234	2	4	1	2	2	1	5	-2.77551	-3.64197	-4.19263	-3.99206
235	2	1	12	3	2	1	5	-2.60626	-2.09751	-3.70635	-4.49124
236	2	1	12	88	2	1	5	-3.93308	-3.41065	-5.7443	-5.20536
237	2	4	1	2	7	1	5	-2.30801	-5.77623	-5.65875	-4.68557
238	2	1	12	3	2	1	5	-2.60626	-2.09751	-3.70635	-4.49124
239	1	4	2	2	6	3	17	-4.54919	-2.42855	-4.65554	-5.4114
240	2	1	4	28	58	25	58	-5.68784	-8.73758	-5.35479	-4.24083
241	2	1	5	3	2	3	5	-4.21013	-3.23273	-5.48383	-4.7413
242	2	1	12	3	2	1	5	-2.60626	-2.09751	-3.70635	-4.49124
243	2	4	1	2	2	1	5	-2.77551	-3.64197	-4.19263	-3.99206
244	2	1	5	10	11	1	5	-28.1636	-22.453	-23.6514	-25.2272
245	2	1	12	3	2	1	5	-2.60626	-2.09751	-3.70635	-4.49124
246	2	1	12	88	2	1	5	-3.93308	-3.41065	-5.7443	-5.20536
247	2	1	12	3	2	1	5	-2.60626	-2.09751	-3.70635	-4.49124
248	2	1	12	3	2	1	5	-2.60626	-2.09751	-3.70635	-4.49124
249	1	4	2	2	6	3	17	-4.54919	-2.42855	-4.65554	-5.4114
250	9	2	4	62	4	5	6	-3.71273	-5.20227	-5.84924	-6.13992
251	2	1	12	3	2	1	5	-2.60626	-2.09751	-3.70635	-4.49124
252	8	10	149	2	11	12	6	-4.84965	-3.95221	-5.7494	-6.77351
253	2	1	21	3	2	1	5	-2.91672	-2.47063	-4.45235	-4.35156
254	1	2	3	4	5	9	3	-4.54455	-2.46968	-3.70281	-4.82018
255	2	1	5	3	2	3	5	-4.21013	-3.23273	-5.48383	-4.7413
256	1	307	3	4	5	9	3	-6.82239	-6.42012	-6.22019	-7.96707
257	1	4	2	2	6	3	17	-4.54919	-2.42855	-4.65554	-5.4114
258	2	4	1	2	7	1	5	-2.30801	-5.77623	-5.65875	-4.68557
259	2	4	1	2	2	1	5	-2.77551	-3.64197	-4.19263	-3.99206
260	2	61	4	64	126	7	23	-6.04975	-9.01366	-5.85802	-4.25819
261	7	21	5	62	4	61	44	-7.02635	-3.81047	-5.75726	-7.30057
262	2	1	12	3	2	1	5	-2.60626	-2.09751	-3.70635	-4.49124
263	2	4	1	2	2	1	5	-2.77551	-3.64197	-4.19263	-3.99206
264	2	1	12	3	2	1	5	-2.60626	-2.09751	-3.70635	-4.49124
265	2	1	21	3	2	1	5	-2.91672	-2.47063	-4.45235	-4.35156
266	2	1	21	3	2	1	5	-2.91672	-2.47063	-4.45235	-4.35156
267	2	4	1	2	2	1	5	-2.77551	-3.64197	-4.19263	-3.99206
268	2	4	1	2	2	1	5	-2.77551	-3.64197	-4.19263	-3.99206
269	2	4	1	2	7	1	5	-2.30801	-5.77623	-5.65875	-4.68557
270	4	7	10	4	1	7	1	-1.83189	-3.84939	-2.63818	-1.9105
271	1	2	4	62	4	5	17	-6.06274	-4.827	-7.52327	-8.08286
272	4	1	21	3	2	1	5	-10.1356	-10.2351	-10.1863	-10.022
273	10	1	16	19	10	5	7	-5.90527	-2.72749	-4.28503	-5.12788
274	33	283	44	82	189	44	17	-6.64249	-3.45104	-5.50504	-5.95708
275	2	1	12	3	2	1	5	-2.60626	-2.09751	-3.70635	-4.49124
276	10	81	50	99	120	76	52	-6.69814	-6.41097	-5.33631	-5.15801
277	4	7	10	4	42	25	1	-8.81484	-10.4446	-5.83155	-5.18821
278	2	4	1	2	2	1	5	-2.77551	-3.64197	-4.19263	-3.99206
279	2	4	5	2	10	1	5	-6.89443	-10.3591	-10.3423	-9.47812
280	2	4	1	2	2	1	5	-2.77551	-3.64197	-4.19263	-3.99206
281	9	2	4	62	4	5	6	-3.71273	-5.20227	-5.84924	-6.13992
282	4	7	10	4	1	7	1	-1.83189	-3.84939	-2.63818	-1.9105
283	2	1	12	3	2	1	5	-2.60626	-2.09751	-3.70635	-4.49124
284	9	2	4	62	4	5	6	-3.71273	-5.20227	-5.84924	-6.13992
285	9	2	4	62	4	5	6	-3.71273	-5.20227	-5.84924	-6.13992
286	2	4	1	2	2	1	5	-2.77551	-3.64197	-4.19263	-3.99206
287	2	1	12	88	2	1	5	-3.93308	-3.41065	-5.7443	-5.20536
288	2	1	21	3	2	1	5	-2.91672	-2.47063	-4.45235	-4.35156
289	33	39	30	79	113	44	17	-26.4283	-24.163	-24.3803	-26.5262
290	1	2	3	4	5	9	3	-4.54455	-2.46968	-3.70281	-4.82018
291	1	4	2	2	6	3	17	-4.54919	-2.42855	-4.65554	-5.4114
292	9	2	4	62	4	5	6	-3.71273	-5.20227	-5.84924	-6.13992
293	2	1	12	3	2	1	5	-2.60626	-2.09751	-3.70635	-4.49124
294	2	1	5	3	2	5	5	-5.40531	-2.81163	-4.18768	-5.40256
295	2	1	5	3	2	5	5	-5.40531	-2.81163	-4.18768	-5.40256
296	2	4	1	2	2	1	5	-2.77551	-3.64197	-4.19263	-3.99206
297	2	4	1	2	2	1	5	-2.77551	-3.64197	-4.19263	-3.99206
298	2	1	21	3	2	1	5	-2.91672	-2.47063	-4.45235	-4.35156
299	32	39	30	82	104	324	17	-7.89393	-4.65637	-7.47584	-8.58164
300	2	1	12	3	2	1	5	-2.60626	-2.09751	-3.70635	-4.49124
301	4	7	10	4	1	7	1	-1.83189	-3.84939	-2.63818	-1.9105
302	1	4	2	2	6	3	5	-8.50962	-5.2482	-8.05535	-9.19737
303	2	1	21	3	2	1	5	-2.91672	-2.47063	-4.45235	-4.35156
304	4	7	10	4	42	51	1	-2.92986	-4.64519	-4.84553	-3.7418
305	2	4	1	2	7	1	5	-2.30801	-5.77623	-5.65875	-4.68557
306	7	21	5	62	4	61	44	-7.02635	-3.81047	-5.75726	-7.30057
307	104	7	10	4	1	7	1	-4.41054	-7.89406	-7.8532	-6.98099
308	9	25	2	10	22	3	6	-4.47502	-7.83655	-5.89311	-4.34914
309	2	4	2	2	6	3	17	-11.0844	-7.69965	-9.91326	-10.816
310	2	4	1	2	7	1	5	-2.30801	-5.77623	-5.65875	-4.68557
311	129	66	30	82	189	47	17	-3.24613	-4.8831	-5.4408	-4.08545
312	33	39	30	82	104	173	68	-5.34343	-3.95792	-6.67749	-7.29688
313	2	1	12	3	2	1	5	-2.60626	-2.09751	-3.70635	-4.49124
314	2	1	1	3	2	1	5	-4.5971	-3.76613	-6.39981	-6.7735
315	7	21	5	62	4	61	44	-7.02635	-3.81047	-5.75726	-7.30057
316	2	1	21	3	2	1	5	-2.91672	-2.47063	-4.45235	-4.35156
317	4	7	10	4	1	7	1	-1.83189	-3.84939	-2.63818	-1.9105
318	10	2	107	62	120	76	1	-6.85817	-10.1656	-7.88169	-6.31619
319	4	7	10	4	1	7	1	-1.83189	-3.84939	-2.63818	-1.9105
320	2	1	12	3	2	1	5	-2.60626	-2.09751	-3.70635	-4.49124
321	2	1	5	3	2	3	5	-4.21013	-3.23273	-5.48383	-4.7413
322	4	7	10	4	1	7	1	-1.83189	-3.84939	-2.63818	-1.9105
323	2	1	12	88	2	1	5	-3.93308	-3.41065	-5.7443	-5.20536
324	4	7	10	4	42	7	1	-6.64143	-9.42302	-5.58128	-4.67173
325	4	7	10	4	42	51	1	-2.92986	-4.64519	-4.84553	-3.7418
326	2	1	21	3	2	1	5	-2.91672	-2.47063	-4.45235	-4.35156
327	2	1	12	3	2	1	5	-2.60626	-2.09751	-3.70635	-4.49124
328	4	7	10	4	1	7	1	-1.83189	-3.84939	-2.63818	-1.9105
329	2	4	1	2	7	1	5	-2.30801	-5.77623	-5.65875	-4.68557
330	4	7	10	4	1	7	1	-1.83189	-3.84939	-2.63818	-1.9105
331	2	1	12	3	2	1	5	-2.60626	-2.09751	-3.70635	-4.49124
332	4	7	10	4	1	7	1	-1.83189	-3.84939	-2.63818	-1.9105
333	4	7	10	4	1	7	1	-1.83189	-3.84939	-2.63818	-1.9105
334	1	4	2	2	6	3	17	-4.54919	-2.42855	-4.65554	-5.4114
335	2	4	1	2	2	1	5	-2.77551	-3.64197	-4.19263	-3.99206
336	4	7	10	4	1	7	1	-1.83189	-3.84939	-2.63818	-1.9105
337	7	17	2	15	23	3	12	-6.89972	-10.3786	-10.363	-9.48886
338	2	1	5	3	2	3	5	-4.21013	-3.23273	-5.48383	-4.7413
339	4	7	10	4	1	7	1	-1.83189	-3.84939	-2.63818	-1.9105
340	4	7	10	4	1	7	1	-1.83189	-3.84939	-2.63818	-1.9105
341	4	7	10	4	42	51	1	-2.92986	-4.64519	-4.84553	-3.7418
342	2	4	1	2	2	1	5	-2.77551	-3.64197	-4.19263	-3.99206
343	2	1	12	88	2	1	5	-3.93308	-3.41065	-5.7443	-5.20536
344	2	1	1	3	2	1	5	-4.5971	-3.76613	-6.39981	-6.7735
345	1	2	3	4	5	9	3	-4.54455	-2.46968	-3.70281	-4.82018
346	2	1	12	88	2	1	5	-3.93308	-3.41065	-5.7443	-5.20536
347	2	1	1	3	2	1	5	-4.5971	-3.76613	-6.39981	-6.7735
348	24	17	2	10	23	68	5	-8.99193	-5.75316	-8.57312	-9.67964
349	4	7	10	4	1	7	1	-1.83189	-3.84939	-2.63818	-1.9105
350	2	1	21	3	2	1	5	-2.91672	-2.47063	-4.45235	-4.35156
351	1	4	2	2	6	3	17	-4.54919	-2.42855	-4.65554	-5.4114
352	2	1	5	3	2	3	5	-4.21013	-3.23273	-5.48383	-4.7413
353	4	7	10	4	1	7	1	-1.83189	-3.84939	-2.63818	-1.9105
354	2	1	1	3	2	1	5	-4.5971	-3.76613	-6.39981	-6.7735
355	2	1	12	3	2	1	5	-2.60626	-2.09751	-3.70635	-4.49124
356	8	10	149	2	11	12	6	-4.84965	-3.95221	-5.7494	-6.77351
357	2	4	1	2	2	5	5	-6.80922	-6.38415	-8.81967	-9.06405
358	10	1	16	19	10	5	7	-5.90527	-2.72749	-4.28503	-5.12788
359	24	17	2	10	23	68	5	-8.99193	-5.75316	-8.57312	-9.67964
360	1	2	4	62	4	5	17	-6.06274	-4.827	-7.52327	-8.08286
361	2	4	1	2	7	1	5	-2.30801	-5.77623	-5.65875	-4.68557
362	7	71	5	62	11	67	6	-29.4365	-28.4386	-27.1887	-28.3699
363	7	17	5	2	10	3	6	-26.1566	-24.4099	-23.1979	-22.7636
364	2	1	5	3	2	3	5	-4.21013	-3.23273	-5.48383	-4.7413
365	9	2	4	62	4	5	6	-3.71273	-5.20227	-5.84924	-6.13992
366	33	38	30	82	104	325	36	-13.4586	-11.0173	-12.3546	-13.3529
367	2	4	1	2	7	1	5	-2.30801	-5.77623	-5.65875	-4.68557
368	47	2	4	2	6	5	17	-10.9015	-11.9002	-6.29806	-8.34054
369	2	1	12	88	2	1	5	-3.93308	-3.41065	-5.7443	-5.20536
370	2	1	12	88	2	1	5	-3.93308	-3.41065	-5.7443	-5.20536
371	2	1	12	88	2	1	5	-3.93308	-3.41065	-5.7443	-5.20536
372	2	1	12	88	2	1	5	-3.93308	-3.41065	-5.7443	-5.20536
373	2	4	1	2	2	1	5	-2.77551	-3.64197	-4.19263	-3.99206
374	2	1	12	88	2	1	5	-3.93308	-3.41065	-5.7443	-5.20536
375	1	1	2	2	6	3	17	-9.56787	-6.15994	-8.91598	-10.1323
376	2	1	12	88	2	1	5	-3.93308	-3.41065	-5.7443	-5.20536
377	2	1	12	88	2	1	5	-3.93308	-3.41065	-5.7443	-5.20536
378	2	4	1	2	2	1	5	-2.77551	-3.64197	-4.19263	-3.99206
379	2	1	12	88	2	1	5	-3.93308	-3.41065	-5.7443	-5.20536
380	2	1	5	3	2	3	5	-4.21013	-3.23273	-5.48383	-4.7413
381	4	7	10	4	1	7	1	-1.83189	-3.84939	-2.63818	-1.9105
382	2	1	12	3	2	1	5	-2.60626	-2.09751	-3.70635	-4.49124
383	1	2	4	62	4	5	17	-6.06274	-4.827	-7.52327	-8.08286
384	1	4	2	2	6	3	17	-4.54919	-2.42855	-4.65554	-5.4114
385	2	1	12	3	2	1	5	-2.60626	-2.09751	-3.70635	-4.49124
386	2	1	12	88	2	1	5	-3.93308	-3.41065	-5.7443	-5.20536
387	9	2	4	62	4	5	6	-3.71273	-5.20227	-5.84924	-6.13992
388	2	4	1	2	7	1	5	-2.30801	-5.77623	-5.65875	-4.68557
389	2	1	5	3	2	3	5	-4.21013	-3.23273	-5.48383	-4.7413
390	7	21	5	62	4	61	44	-7.02635	-3.81047	-5.75726	-7.30057
391	1	2	215	4	90	24	8	-29.8652	-30.6068	-22.4664	-22.1175
392	2	1	21	3	2	1	5	-2.91672	-2.47063	-4.45235	-4.35156
393	1	4	2	2	6	3	17	-4.54919	-2.42855	-4.65554	-5.4114
394	2	4	1	2	2	1	5	-2.77551	-3.64197	-4.19263	-3.99206
395	2	1	12	3	2	1	5	-2.60626	-2.09751	-3.70635	-4.49124
396	1	2	3	4	5	9	3	-4.54455	-2.46968	-3.70281	-4.82018
397	2	1	5	3	2	3	5	-4.21013	-3.23273	-5.48383	-4.7413
398	10	1	16	19	10	5	7	-5.90527	-2.72749	-4.28503	-5.12788
399	2	1	2	3	2	959	5	-7.52999	-11.2161	-10.2376	-9.31173
400	10	1	16	19	10	5	7	-5.90527	-2.72749	-4.28503	-5.12788
401	2	4	1	2	7	1	5	-2.30801	-5.77623	-5.65875	-4.68557
402	2	1	12	3	2	1	5	-2.60626	-2.09751	-3.70635	-4.49124
403	8	10	149	2	11	12	6	-4.84965	-3.95221	-5.7494	-6.77351
404	2	4	1	2	7	1	5	-2.30801	-5.77623	-5.65875	-4.68557
405	4	7	10	4	1	7	1	-1.83189	-3.84939	-2.63818	-1.9105
406	4	7	10	4	1	7	1	-1.83189	-3.84939	-2.63818	-1.9105
407	2	4	5	2	2	5	5	-3.67387	-7.12833	-6.76319	-5.6126
408	2	1	12	3	2	1	5	-2.60626	-2.09751	-3.70635	-4.49124
409	166	2	27	10	151	3	1	-31.5514	-34.3178	-26.9858	-25.9337
410	33	39	30	79	113	44	17	-26.4283	-24.163	-24.3803	-26.5262
411	7	17	2	15	23	3	12	-6.89972	-10.3786	-10.363	-9.48886
412	1	2	3	4	5	9	3	-4.54455	-2.46968	-3.70281	-4.82018
413	2	4	1	2	7	1	5	-2.30801	-5.77623	-5.65875	-4.68557
414	7	21	5	62	4	61	44	-7.02635	-3.81047	-5.75726	-7.30057
415	2	1	12	3	2	1	5	-2.60626	-2.09751	-3.70635	-4.49124
416	1	2	3	4	5	9	3	-4.54455	-2.46968	-3.70281	-4.82018
417	2	1	5	88	2	11	5	-8.4893	-5.33082	-6.14324	-8.00298
418	2	4	1	2	7	1	5	-2.30801	-5.77623	-5.65875	-4.68557
419	2	1	21	3	2	1	5	-2.91672	-2.47063	-4.45235	-4.35156
420	7	17	2	15	23	3	12	-6.89972	-10.3786	-10.363	-9.48886
421	2	1	5	88	2	11	5	-8.4893	-5.33082	-6.14324	-8.00298
422	47	2	4	2	6	5	17	-10.9015	-11.9002	-6.29806	-8.34054
423	1	2	3	4	5	9	3	-4.54455	-2.46968	-3.70281	-4.82018
424	7	17	2	15	23	3	12	-6.89972	-10.3786	-10.363	-9.48886
425	2	4	1	2	2	1	5	-2.77551	-3.64197	-4.19263	-3.99206
426	2	4	1	2	2	1	5	-2.77551	-3.64197	-4.19263	-3.99206
427	2	4	1	2	2	1	5	-2.77551	-3.64197	-4.19263	-3.99206
428	2	1	12	3	2	1	5	-2.60626	-2.09751	-3.70635	-4.49124
429	2	4	5	2	2	5	5	-3.67387	-7.12833	-6.76319	-5.6126
430	2	1	21	3	2	1	5	-2.91672	-2.47063	-4.45235	-4.35156
431	4	7	10	4	42	25	1	-8.81484	-10.4446	-5.83155	-5.18821
432	1	4	2	2	6	3	17	-4.54919	-2.42855	-4.65554	-5.4114
433	1	2	215	4	923	24	8	-29.8652	-30.6068	-22.4664	-22.1175
434	1	2	3	4	5	9	3	-4.54455	-2.46968	-3.70281	-4.82018
435	2	1	1	3	2	1	5	-4.5971	-3.76613	-6.39981	-6.7735
436	1	4	2	2	6	3	17	-4.54919	-2.42855	-4.65554	-5.4114
437	2	4	1	2	2	1	5	-2.77551	-3.64197	-4.19263	-3.99206
438	2	1	5	3	2	5	5	-5.40531	-2.81163	-4.18768	-5.40256
439	4	7	10	4	42	51	1	-2.92986	-4.64519	-4.84553	-3.7418
440	4	7	10	4	1	7	1	-1.83189	-3.84939	-2.63818	-1.9105
441	4	7	10	4	1	7	1	-1.83189	-3.84939	-2.63818	-1.9105
442	4	7	10	4	1	7	1	-1.83189	-3.84939	-2.63818	-1.9105
443	2	1	21	3	2	1	5	-2.91672	-2.47063	-4.45235	-4.35156
444	2	1	21	3	2	1	5	-2.91672	-2.47063	-4.45235	-4.35156
445	2	4	1	2	7	1	5	-2.30801	-5.77623	-5.65875	-4.68557
446	4	7	10	4	1	7	1	-1.83189	-3.84939	-2.63818	-1.9105
447	4	7	10	4	1	7	1	-1.83189	-3.84939	-2.63818	-1.9105
448	2	1	1	3	2	1	5	-4.5971	-3.76613	-6.39981	-6.7735
449	2	1	21	3	2	1	5	-2.91672	-2.47063	-4.45235	-4.35156
450	2	1	21	3	2	1	5	-2.91672	-2.47063	-4.45235	-4.35156
451	4	7	10	4	42	51	1	-2.92986	-4.64519	-4.84553	-3.7418
452	4	7	10	1	1	7	1	-5.27412	-8.68343	-6.03912	-6.03522
453	239	27	16	19	10	5	7	-9.68663	-6.44816	-9.26703	-10.3742
454	2	1	12	3	2	1	5	-2.60626	-2.09751	-3.70635	-4.49124
455	2	4	1	2	2	1	5	-2.77551	-3.64197	-4.19263	-3.99206
456	2	1	12	3	2	1	5	-2.60626	-2.09751	-3.70635	-4.49124
457	2	1	12	3	2	1	5	-2.60626	-2.09751	-3.70635	-4.49124
458	10	81	50	99	120	76	52	-6.69814	-6.41097	-5.33631	-5.15801
459	47	2	4	2	6	5	17	-10.9015	-11.9002	-6.29806	-8.34054
460	2	4	1	3	2	1	5	-6.84992	-8.63576	-9.57707	-9.27963
461	4	7	10	4	1	7	1	-1.83189	-3.84939	-2.63818	-1.9105
462	2	1	1	380	2	1	5	-6.14114	-5.71556	-8.27066	-8.44063
463	2	4	1	2	7	1	5	-2.30801	-5.77623	-5.65875	-4.68557
464	2	1	12	88	2	1	5	-3.93308	-3.41065	-5.7443	-5.20536
465	7	71	5	62	11	67	1	-30.6322	-28.7055	-26.1417	-27.7933
466	2	4	1	2	7	1	5	-2.30801	-5.77623	-5.65875	-4.68557
467	4	7	10	4	1	7	1	-1.83189	-3.84939	-2.63818	-1.9105
468	2	1	1	380	2	1	5	-6.14114	-5.71556	-8.27066	-8.44063
469	2	4	1	2	2	1	5	-2.77551	-3.64197	-4.19263	-3.99206
470	2	1	12	3	2	1	5	-2.60626	-2.09751	-3.70635	-4.49124
471	1	14	2	2	6	1	17	-9.16362	-6.42836	-7.72167	-6.34221
472	1	2	4	62	4	5	17	-6.06274	-4.827	-7.52327	-8.08286
473	4	7	10	4	1	7	1	-1.83189	-3.84939	-2.63818	-1.9105
474	2	1	21	3	2	1	5	-2.91672	-2.47063	-4.45235	-4.35156
475	2	4	1	2	2	1	5	-2.77551	-3.64197	-4.19263	-3.99206
476	1	4	2	2	6	3	17	-4.54919	-2.42855	-4.65554	-5.4114
477	4	7	10	4	1	7	1	-1.83189	-3.84939	-2.63818	-1.9105
478	10	2	107	62	120	76	1	-6.85817	-10.1656	-7.88169	-6.31619
479	2	1	12	3	2	1	5	-2.60626	-2.09751	-3.70635	-4.49124
480	2	1	5	3	2	3	5	-4.21013	-3.23273	-5.48383	-4.7413
481	2	1	21	3	2	1	5	-2.91672	-2.47063	-4.45235	-4.35156
482	1	2	3	4	5	9	3	-4.54455	-2.46968	-3.70281	-4.82018
483	1	307	3	4	5	9	3	-6.82239	-6.42012	-6.22019	-7.96707
484	7	2	5	2	10	3	6	-32.3782	-27.7039	-27.6162	-28.6186
485	1	2	3	4	5	9	3	-4.54455	-2.46968	-3.70281	-4.82018
486	33	39	30	82	104	173	68	-5.34343	-3.95792	-6.67749	-7.29688
487	4	7	10	4	42	7	1	-6.64143	-9.42302	-5.58128	-4.67173
488	2	1	12	88	2	1	5	-3.93308	-3.41065	-5.7443	-5.20536
489	2	4	1	2	2	1	5	-2.77551	-3.64197	-4.19263	-3.99206
490	2	1	21	3	2	1	5	-2.91672	-2.47063	-4.45235	-4.35156
491	9	2	4	62	4	5	6	-3.71273	-5.20227	-5.84924	-6.13992
492	2	1	5	3	2	3	5	-4.21013	-3.23273	-5.48383	-4.7413
493	4	7	10	4	1	7	1	-1.83189	-3.84939	-2.63818	-1.9105
494	2	1	57	26	127	29	35	-6.87862	-10.1715	-6.27603	-8.05269
495	2	1	57	26	127	29	35	-6.87862	-10.1715	-6.27603	-8.05269
496	2	4	2	4	19	3	6	-5.79792	-9.27142	-9.25195	-8.37996
497	2	1	12	3	2	1	5	-2.60626	-2.09751	-3.70635	-4.49124
498	2	4	1	2	2	1	5	-2.77551	-3.64197	-4.19263	-3.99206
499	2	4	1	2	2	1	5	-2.77551	-3.64197	-4.19263	-3.99206
500	2	1	21	3	2	1	5	-2.91672	-2.47063	-4.45235	-4.35156
501	33	39	65	79	104	43	17	-4.59662	-8.07575	-8.0595	-7.1862
502	1	14	2	2	6	1	17	-9.16362	-6.42836	-7.72167	-6.34221
503	2	1	12	3	2	1	5	-2.60626	-2.09751	-3.70635	-4.49124
504	7	21	5	62	4	61	44	-7.02635	-3.81047	-5.75726	-7.30057
505	9	2	4	62	4	5	6	-3.71273	-5.20227	-5.84924	-6.13992
506	129	66	30	82	189	47	17	-3.24613	-4.8831	-5.4408	-4.08545
507	2	1	21	3	2	1	5	-2.91672	-2.47063	-4.45235	-4.35156
508	47	2	4	2	6	5	17	-10.9015	-11.9002	-6.29806	-8.34054
509	2	4	1	2	7	1	5	-2.30801	-5.77623	-5.65875	-4.68557
510	33	38	30	82	104	325	36	-13.4586	-11.0173	-12.3546	-13.3529
511	1	4	2	2	6	3	17	-4.54919	-2.42855	-4.65554	-5.4114
512	1	4	2	2	6	3	17	-4.54919	-2.42855	-4.65554	-5.4114
513	2	4	1	2	2	1	5	-2.77551	-3.64197	-4.19263	-3.99206
514	4	7	10	4	1	7	1	-1.83189	-3.84939	-2.63818	-1.9105
515	33	283	44	82	189	44	17	-6.64249	-3.45104	-5.50504	-5.95708
516	8	10	149	2	11	12	6	-4.84965	-3.95221	-5.7494	-6.77351
517	2	1	21	3	62	1	5	-5.79611	-9.25869	-9.24884	-8.38117
518	10	1	16	19	10	5	7	-5.90527	-2.72749	-4.28503	-5.12788
519	180	194	2	68	19	231	147	-24.1533	-31.6046	-24.1842	-22.7746
520	2	4	1	2	7	1	5	-2.30801	-5.77623	-5.65875	-4.68557
521	2	4	2	2	6	1	5	-6.05	-4.81411	-6.03444	-7.50535
522	1	2	3	4	5	9	3	-4.54455	-2.46968	-3.70281	-4.82018
523	2	1	21	3	2	1	5	-2.91672	-2.47063	-4.45235	-4.35156
524	2	1	12	3	2	1	5	-2.60626	-2.09751	-3.70635	-4.49124
525	2	1	5	3	2	3	5	-4.21013	-3.23273	-5.48383	-4.7413
526	1	307	3	4	5	9	3	-6.82239	-6.42012	-6.22019	-7.96707
527	2	4	1	2	7	1	5	-2.30801	-5.77623	-5.65875	-4.68557
528	2	1	12	3	2	1	5	-2.60626	-2.09751	-3.70635	-4.49124
529	7	21	5	62	4	61	44	-7.02635	-3.81047	-5.75726	-7.30057
530	2	1	5	3	2	3	5	-4.21013	-3.23273	-5.48383	-4.7413
531	2	1	12	88	2	1	5	-3.93308	-3.41065	-5.7443	-5.20536
532	2	1	21	3	2	1	5	-2.91672	-2.47063	-4.45235	-4.35156
533	1	4	2	2	6	3	17	-4.54919	-2.42855	-4.65554	-5.4114
534	2	4	1	2	7	1	5	-2.30801	-5.77623	-5.65875	-4.68557
535	47	2	4	2	6	5	17	-10.9015	-11.9002	-6.29806	-8.34054
536	1	4	2	2	6	3	17	-4.54919	-2.42855	-4.65554	-5.4114
537	1	2	3	4	5	9	3	-4.54455	-2.46968	-3.70281	-4.82018
538	2	4	1	2	2	1	5	-2.77551	-3.64197	-4.19263	-3.99206
539	4	7	10	4	42	7	1	-6.64143	-9.42302	-5.58128	-4.67173
540	2	4	1	9	2	1	5	-6.53278	-8.20815	-7.27794	-6.96774
541	2	1	12	3	2	1	5	-2.60626	-2.09751	-3.70635	-4.49124
542	1	4	2	9	6	3	17	-8.30524	-6.94474	-7.71354	-8.37044
543	1	2	3	4	922	9	3	-8.31718	-7.03772	-6.78985	-7.79938
544	4	7	10	4	1	7	1	-1.83189	-3.84939	-2.63818	-1.9105
545	2	1	5	3	2	3	5	-4.21013	-3.23273	-5.48383	-4.7413
546	2	4	1	2	7	1	5	-2.30801	-5.77623	-5.65875	-4.68557
547	4	7	10	4	1	7	1	-1.83189	-3.84939	-2.63818	-1.9105
548	2	4	1	2	2	1	5	-2.77551	-3.64197	-4.19263	-3.99206
549	2	1	21	3	2	1	5	-2.91672	-2.47063	-4.45235	-4.35156
550	4	7	10	4	1	7	1	-1.83189	-3.84939	-2.63818	-1.9105
551	1	4	2	2	6	3	17	-4.54919	-2.42855	-4.65554	-5.4114
552	2	1	5	3	2	5	5	-5.40531	-2.81163	-4.18768	-5.40256
553	2	1	12	3	2	1	5	-2.60626	-2.09751	-3.70635	-4.49124
554	4	936	10	4	1	7	1	-5.59884	-8.415	-5.70119	-4.89081
555	180	194	2	68	19	231	147	-24.1533	-31.6046	-24.1842	-22.7746
556	4	7	10	4	42	51	1	-2.92986	-4.64519	-4.84553	-3.7418
557	4	7	10	4	42	25	1	-8.81484	-10.4446	-5.83155	-5.18821
558	2	1	21	3	2	1	5	-2.91672	-2.47063	-4.45235	-4.35156
559	2	1	5	3	2	3	5	-4.21013	-3.23273	-5.48383	-4.7413
560	2	1	5	3	2	3	5	-4.21013	-3.23273	-5.48383	-4.7413
561	4	7	10	4	42	51	1	-2.92986	-4.64519	-4.84553	-3.7418
562	4	7	10	4	1	7	1	-1.83189	-3.84939	-2.63818	-1.9105
563	2	4	1	2	7	1	5	-2.30801	-5.77623	-5.65875	-4.68557
564	2	1	21	3	2	1	5	-2.91672	-2.47063	-4.45235	-4.35156
565	1	4	2	2	6	3	17	-4.54919	-2.42855	-4.65554	-5.4114
566	188	313	5	2	89	5	6	-40.5734	-36.6606	-36.1833	-39.5413
567	2	1	21	3	2	1	5	-2.91672	-2.47063	-4.45235	-4.35156
568	2	1	1	3	2	1	5	-4.5971	-3.76613	-6.39981	-6.7735
569	2	1	5	3	2	3	5	-4.21013	-3.23273	-5.48383	-4.7413
570	2	4	1	2	2	1	5	-2.77551	-3.64197	-4.19263	-3.99206
571	2	1	5	3	2	3	5	-4.21013	-3.23273	-5.48383	-4.7413
572	2	1	1	3	2	1	5	-4.5971	-3.76613	-6.39981	-6.7735
573	2	1	5	3	2	3	5	-4.21013	-3.23273	-5.48383	-4.7413
574	1	4	2	2	6	3	17	-4.54919	-2.42855	-4.65554	-5.4114
575	1	4	2	2	6	3	17	-4.54919	-2.42855	-4.65554	-5.4114
576	2	1	21	3	2	1	5	-2.91672	-2.47063	-4.45235	-4.35156
577	239	27	16	19	10	5	7	-9.68663	-6.44816	-9.26703	-10.3742
578	2	4	5	2	2	5	5	-3.67387	-7.12833	-6.76319	-5.6126
579	9	2	4	62	4	5	6	-3.71273	-5.20227	-5.84924	-6.13992
580	2	1	1	3	2	1	5	-4.5971	-3.76613	-6.39981	-6.7735
581	2	1	5	3	2	3	5	-4.21013	-3.23273	-5.48383	-4.7413
582	1	4	2	2	6	3	17	-4.54919	-2.42855	-4.65554	-5.4114
583	2	4	5	2	2	5	5	-3.67387	-7.12833	-6.76319	-5.6126
584	2	4	5	2	2	5	5	-3.67387	-7.12833	-6.76319	-5.6126
585	2	1	5	3	2	3	5	-4.21013	-3.23273	-5.48383	-4.7413
586	2	1	1	380	2	1	5	-6.14114	-5.71556	-8.27066	-8.44063
587	2	7	10	4	1	7	1	-6.67484	-8.86808	-7.81412	-7.20716
588	2	1	12	3	2	1	5	-2.60626	-2.09751	-3.70635	-4.49124
589	2	4	1	2	2	1	5	-2.77551	-3.64197	-4.19263	-3.99206
590	9	2	4	62	4	5	6	-3.71273	-5.20227	-5.84924	-6.13992
591	2	4	5	2	2	5	5	-3.67387	-7.12833	-6.76319	-5.6126
592	1	4	2	2	6	3	17	-4.54919	-2.42855	-4.65554	-5.4114
593	1	4	2	2	6	5	17	-13.0653	-8.75841	-11.324	-13.4683
594	2	4	2	2	6	1	5	-6.05	-4.81411	-6.03444	-7.50535
595	1	4	2	2	6	5	17	-13.0653	-8.75841	-11.324	-13.4683
596	2	23	21	3	2	1	5	-6.69	-7.04296	-7.54173	-7.33227
597	7	21	5	62	4	61	44	-7.02635	-3.81047	-5.75726	-7.30057
598	2	4	1	2	2	1	5	-2.77551	-3.64197	-4.19263	-3.99206
599	1	307	3	4	5	9	3	-6.82239	-6.42012	-6.22019	-7.96707
600	1	2	3	4	5	9	3	-4.54455	-2.46968	-3.70281	-4.82018
601	9	2	4	62	4	5	6	-3.71273	-5.20227	-5.84924	-6.13992
602	2	1	12	3	2	1	5	-2.60626	-2.09751	-3.70635	-4.49124
603	1	4	2	2	6	3	17	-4.54919	-2.42855	-4.65554	-5.4114
604	10	1	16	19	10	5	7	-5.90527	-2.72749	-4.28503	-5.12788
605	2	1	12	3	2	1	5	-2.60626	-2.09751	-3.70635	-4.49124
606	180	194	2	68	19	231	147	-24.1533	-31.6046	-24.1842	-22.7746
607	2	1	12	3	2	1	5	-2.60626	-2.09751	-3.70635	-4.49124
608	4	7	10	4	1	7	1	-1.83189	-3.84939	-2.63818	-1.9105
609	129	66	30	82	189	47	17	-3.24613	-4.8831	-5.4408	-4.08545
610	4	7	10	4	1	7	1	-1.83189	-3.84939	-2.63818	-1.9105
611	2	1	12	3	2	1	5	-2.60626	-2.09751	-3.70635	-4.49124
612	2	1	21	3	2	1	5	-2.91672	-2.47063	-4.45235	-4.35156
613	4	7	10	4	1	7	1	-1.83189	-3.84939	-2.63818	-1.9105
614	10	1	16	19	10	5	7	-5.90527	-2.72749	-4.28503	-5.12788
615	8	10	149	2	11	12	6	-4.84965	-3.95221	-5.7494	-6.77351
616	129	66	30	82	189	47	17	-3.24613	-4.8831	-5.4408	-4.08545
617	2	4	1	2	2	1	5	-2.77551	-3.64197	-4.19263	-3.99206
618	180	194	2	68	19	231	147	-24.1533	-31.6046	-24.1842	-22.7746
619	2	1	5	3	2	3	5	-4.21013	-3.23273	-5.48383	-4.7413
620	2	4	1	2	2	1	5	-2.77551	-3.64197	-4.19263	-3.99206
621	1	2	3	4	5	9	3	-4.54455	-2.46968	-3.70281	-4.82018
622	180	194	2	68	19	231	147	-24.1533	-31.6046	-24.1842	-22.7746
623	33	39	65	79	104	43	17	-4.59662	-8.07575	-8.0595	-7.1862
624	2	4	5	2	2	5	5	-3.67387	-7.12833	-6.76319	-5.6126
625	2	1	5	3	2	5	5	-5.40531	-2.81163	-4.18768	-5.40256
626	2	1	12	3	2	1	5	-2.60626	-2.09751	-3.70635	-4.49124
627	180	194	2	68	19	231	147	-24.1533	-31.6046	-24.1842	-22.7746
628	2	1	21	3	2	1	5	-2.91672	-2.47063	-4.45235	-4.35156
629	2	1	5	3	2	5	5	-5.40531	-2.81163	-4.18768	-5.40256
630	2	1	21	3	2	1	5	-2.91672	-2.47063	-4.45235	-4.35156
631	1	2	3	4	5	9	3	-4.54455	-2.46968	-3.70281	-4.82018
632	2	1	21	3	2	1	5	-2.91672	-2.47063	-4.45235	-4.35156
633	8	10	2	2	11	12	6	-3.95374	-7.37817	-7.41265	-6.54263
634	2	4	1	2	7	1	5	-2.30801	-5.77623	-5.65875	-4.68557
635	2	1	5	3	2	3	5	-4.21013	-3.23273	-5.48383	-4.7413
636	1	2	3	4	5	9	3	-4.54455	-2.46968	-3.70281	-4.82018
637	9	2	4	62	4	5	6	-3.71273	-5.20227	-5.84924	-6.13992
638	2	1	21	3	2	1	5	-2.91672	-2.47063	-4.45235	-4.35156
639	8	10	149	2	11	12	6	-4.84965	-3.95221	-5.7494	-6.77351
640	2	1	12	88	2	1	5	-3.93308	-3.41065	-5.7443	-5.20536
641	2	4	1	2	2	1	5	-2.77551	-3.64197	-4.19263	-3.99206
642	2	1	5	10	10	1	5	-24.2426	-23.3985	-22.3831	-23.3928
643	1	2	3	4	5	9	3	-4.54455	-2.46968	-3.70281	-4.82018
644	2	4	1	2	7	1	5	-2.30801	-5.77623	-5.65875	-4.68557
645	2	4	1	2	2	1	5	-2.77551	-3.64197	-4.19263	-3.99206
646	1	2	3	4	5	9	3	-4.54455	-2.46968	-3.70281	-4.82018
647	2	1	12	88	2	1	5	-3.93308	-3.41065	-5.7443	-5.20536
648	4	7	10	4	1	7	1	-1.83189	-3.84939	-2.63818	-1.9105
649	2	1	21	3	2	1	5	-2.91672	-2.47063	-4.45235	-4.35156
650	2	4	1	2	7	1	5	-2.30801	-5.77623	-5.65875	-4.68557
651	33	38	30	82	118	43	17	-20.0111	-18.937	-20.6571	-21.5411
652	2	4	1	2	2	1	5	-2.77551	-3.64197	-4.19263	-3.99206
653	2	1	5	3	2	3	5	-4.21013	-3.23273	-5.48383	-4.7413
654	4	7	10	4	1	7	1	-1.83189	-3.84939	-2.63818	-1.9105
655	8	10	2	2	11	12	6	-3.95374	-7.37817	-7.41265	-6.54263
656	2	4	5	2	2	5	5	-3.67387	-7.12833	-6.76319	-5.6126
657	4	7	10	4	1	7	1	-1.83189	-3.84939	-2.63818	-1.9105
658	2	1	5	3	2	3	5	-4.21013	-3.23273	-5.48383	-4.7413
659	33	39	30	82	113	47	17	-5.76002	-5.72532	-8.16578	-8.14593
660	2	1	21	3	2	1	5	-2.91672	-2.47063	-4.45235	-4.35156
661	2	4	1	2	7	1	5	-2.30801	-5.77623	-5.65875	-4.68557
662	2	1	1	3	2	1	5	-4.5971	-3.76613	-6.39981	-6.7735
663	4	7	10	4	1	7	1	-1.83189	-3.84939	-2.63818	-1.9105
664	7	21	5	62	4	61	44	-7.02635	-3.81047	-5.75726	-7.30057
665	10	81	50	99	120	76	52	-6.69814	-6.41097	-5.33631	-5.15801
666	4	7	10	4	1	7	1	-1.83189	-3.84939	-2.63818	-1.9105
667	1	2	3	4	5	9	3	-4.54455	-2.46968	-3.70281	-4.82018
668	1	2	3	4	5	9	3	-4.54455	-2.46968	-3.70281	-4.82018
669	2	4	1	2	7	1	5	-2.30801	-5.77623	-5.65875	-4.68557
670	4	7	10	4	1	7	1	-1.83189	-3.84939	-2.63818	-1.9105
671	2	1	5	3	2	3	5	-4.21013	-3.23273	-5.48383	-4.7413
672	1	4	2	2	6	3	17	-4.54919	-2.42855	-4.65554	-5.4114
673	4	935	10	4	1	7	1	-5.59884	-8.415	-5.70119	-4.89081
674	10	1	16	19	10	5	7	-5.90527	-2.72749	-4.28503	-5.12788
675	4	7	10	4	1	7	1	-1.83189	-3.84939	-2.63818	-1.9105
676	33	39	65	79	104	43	17	-4.59662	-8.07575	-8.0595	-7.1862
677	2	4	2	2	6	1	5	-6.05	-4.81411	-6.03444	-7.50535
678	4	7	10	4	42	25	1	-8.81484	-10.4446	-5.83155	-5.18821
679	1	4	2	2	6	3	17	-4.54919	-2.42855	-4.65554	-5.4114
680	4	7	10	4	42	25	1	-8.81484	-10.4446	-5.83155	-5.18821
681	4	7	10	4	42	25	1	-8.81484	-10.4446	-5.83155	-5.18821
682	4	7	10	4	1	7	1	-1.83189	-3.84939	-2.63818	-1.9105
683	2	4	1	2	7	1	5	-2.30801	-5.77623	-5.65875	-4.68557
684	4	7	10	4	1	7	1	-1.83189	-3.84939	-2.63818	-1.9105
685	4	7	10	4	42	7	1	-6.64143	-9.42302	-5.58128	-4.67173
686	10	27	16	19	10	5	7	-20.1789	-12.8418	-15.883	-17.5297
687	10	81	50	99	120	76	52	-6.69814	-6.41097	-5.33631	-5.15801
688	4	7	10	4	1	7	1	-1.83189	-3.84939	-2.63818	-1.9105
689	4	7	10	4	42	51	1	-2.92986	-4.64519	-4.84553	-3.7418
690	4	7	10	4	1	7	1	-1.83189	-3.84939	-2.63818	-1.9105
691	10	81	50	99	120	76	52	-6.69814	-6.41097	-5.33631	-5.15801
692	2	4	1	2	2	1	5	-2.77551	-3.64197	-4.19263	-3.99206
693	4	7	10	4	42	51	1	-2.92986	-4.64519	-4.84553	-3.7418
694	4	7	10	4	42	51	1	-2.92986	-4.64519	-4.84553	-3.7418
695	4	7	10	4	42	51	1	-2.92986	-4.64519	-4.84553	-3.7418
696	8	10	2	2	11	12	6	-3.95374	-7.37817	-7.41265	-6.54263
697	33	38	30	82	104	43	17	-5.28967	-8.7678	-8.75073	-7.87674
698	4	7	10	4	1	7	1	-1.83189	-3.84939	-2.63818	-1.9105
699	10	81	50	99	120	76	52	-6.69814	-6.41097	-5.33631	-5.15801
700	2	4	1	2	7	1	5	-2.30801	-5.77623	-5.65875	-4.68557
701	4	7	10	4	1	7	1	-1.83189	-3.84939	-2.63818	-1.9105
702	4	7	10	4	1	7	1	-1.83189	-3.84939	-2.63818	-1.9105
703	10	81	50	99	120	76	52	-6.69814	-6.41097	-5.33631	-5.15801
704	4	7	10	4	42	51	1	-2.92986	-4.64519	-4.84553	-3.7418
705	9	2	4	62	4	5	6	-3.71273	-5.20227	-5.84924	-6.13992
706	4	7	10	4	1	7	1	-1.83189	-3.84939	-2.63818	-1.9105
707	2	1	1	3	2	1	5	-4.5971	-3.76613	-6.39981	-6.7735
708	1	14	2	2	6	1	17	-9.16362	-6.42836	-7.72167	-6.34221
709	2	4	2	2	6	1	5	-6.05	-4.81411	-6.03444	-7.50535
710	2	4	2	2	6	1	5	-6.05	-4.81411	-6.03444	-7.50535
711	4	7	10	4	42	51	1	-2.92986	-4.64519	-4.84553	-3.7418
712	10	2	107	62	120	76	1	-6.85817	-10.1656	-7.88169	-6.31619
713	2	1	12	3	2	1	5	-2.60626	-2.09751	-3.70635	-4.49124
714	2	4	1	2	2	1	5	-2.77551	-3.64197	-4.19263	-3.99206
715	47	2	4	2	6	5	17	-10.9015	-11.9002	-6.29806	-8.34054
716	4	7	10	4	42	5	1	-11.4197	-10.9621	-10.9051	-11.3168
717	2	1	12	3	2	1	5	-2.60626	-2.09751	-3.70635	-4.49124
718	4	7	10	4	42	51	1	-2.92986	-4.64519	-4.84553	-3.7418
719	1	307	3	4	5	9	3	-6.82239	-6.42012	-6.22019	-7.96707
720	2	1	21	3	2	1	5	-2.91672	-2.47063	-4.45235	-4.35156
721	4	7	10	4	1	7	1	-1.83189	-3.84939	-2.63818	-1.9105
722	2	4	1	2	2	1	5	-2.77551	-3.64197	-4.19263	-3.99206
723	2	1	12	3	2	1	5	-2.60626	-2.09751	-3.70635	-4.49124
724	4	7	10	4	1	7	1	-1.83189	-3.84939	-2.63818	-1.9105
725	2	1	21	3	2	1	5	-2.91672	-2.47063	-4.45235	-4.35156
726	2	1	1	3	2	1	5	-4.5971	-3.76613	-6.39981	-6.7735
727	4	7	10	4	1	7	1	-1.83189	-3.84939	-2.63818	-1.9105
728	2	1	12	3	2	1	5	-2.60626	-2.09751	-3.70635	-4.49124
729	1	4	3	2	6	3	17	-14.7053	-9.2452	-11.6014	-13.9796
730	2	1	12	3	2	1	5	-2.60626	-2.09751	-3.70635	-4.49124
731	2	1	12	88	2	1	5	-3.93308	-3.41065	-5.7443	-5.20536
732	1	4	2	2	6	3	17	-4.54919	-2.42855	-4.65554	-5.4114
733	4	7	10	4	42	51	1	-2.92986	-4.64519	-4.84553	-3.7418
734	2	1	12	3	2	1	5	-2.60626	-2.09751	-3.70635	-4.49124
735	4	7	10	4	1	7	1	-1.83189	-3.84939	-2.63818	-1.9105
736	2	1	12	88	2	1	5	-3.93308	-3.41065	-5.7443	-5.20536
737	2	1	21	3	2	1	5	-2.91672	-2.47063	-4.45235	-4.35156
738	2	4	5	2	2	5	5	-3.67387	-7.12833	-6.76319	-5.6126
739	2	4	5	2	2	5	5	-3.67387	-7.12833	-6.76319	-5.6126
740	2	1	21	3	62	1	5	-5.79611	-9.25869	-9.24884	-8.38117
741	4	7	10	4	42	25	1	-8.81484	-10.4446	-5.83155	-5.18821
742	1	2	4	62	4	5	17	-6.06274	-4.827	-7.52327	-8.08286
743	1	2	3	4	5	9	3	-4.54455	-2.46968	-3.70281	-4.82018
744	8	10	2	2	11	12	6	-3.95374	-7.37817	-7.41265	-6.54263
745	2	1	12	88	2	1	5	-3.93308	-3.41065	-5.7443	-5.20536
746	2	4	5	2	2	5	5	-3.67387	-7.12833	-6.76319	-5.6126
747	2	1	12	3	2	1	5	-2.60626	-2.09751	-3.70635	-4.49124
748	7	21	5	62	4	61	44	-7.02635	-3.81047	-5.75726	-7.30057
749	9	2	4	62	4	5	6	-3.71273	-5.20227	-5.84924	-6.13992
750	10	1	16	19	10	5	7	-5.90527	-2.72749	-4.28503	-5.12788
751	10	1	16	19	10	5	7	-5.90527	-2.72749	-4.28503	-5.12788
752	8	10	2	2	11	12	6	-3.95374	-7.37817	-7.41265	-6.54263
753	1	4	2	2	6	3	17	-4.54919	-2.42855	-4.65554	-5.4114
754	2	1	12	3	2	1	5	-2.60626	-2.09751	-3.70635	-4.49124
755	2	1	12	88	2	1	5	-3.93308	-3.41065	-5.7443	-5.20536
756	2	29	4	27	10	25	57	-20.5179	-23.2491	-14.1648	-12.2319
757	2	1	5	3	2	3	5	-4.21013	-3.23273	-5.48383	-4.7413
758	2	1	12	3	2	1	5	-2.60626	-2.09751	-3.70635	-4.49124
759	37	52	57	26	107	29	23	-8.58138	-10.2239	-5.73632	-4.93063
760	2	4	1	2	7	1	5	-2.30801	-5.77623	-5.65875	-4.68557
761	1	2	3	4	5	9	3	-4.54455	-2.46968	-3.70281	-4.82018
762	2	1	12	3	2	1	5	-2.60626	-2.09751	-3.70635	-4.49124
763	1	4	2	2	6	3	17	-4.54919	-2.42855	-4.65554	-5.4114
764	1	4	2	2	6	3	17	-4.54919	-2.42855	-4.65554	-5.4114
765	1	2	3	4	5	9	3	-4.54455	-2.46968	-3.70281	-4.82018
766	4	7	10	4	1	7	1	-1.83189	-3.84939	-2.63818	-1.9105
767	2	1	21	3	2	1	5	-2.91672	-2.47063	-4.45235	-4.35156
768	2	1	12	3	2	1	5	-2.60626	-2.09751	-3.70635	-4.49124
769	2	4	1	2	2	5	5	-6.80922	-6.38415	-8.81967	-9.06405
770	2	4	1	2	2	1	5	-2.77551	-3.64197	-4.19263	-3.99206
771	2	4	5	2	2	5	5	-3.67387	-7.12833	-6.76319	-5.6126
772	10	1	16	19	10	5	7	-5.90527	-2.72749	-4.28503	-5.12788
773	7	21	5	62	4	61	44	-7.02635	-3.81047	-5.75726	-7.30057
774	9	2	4	62	4	5	6	-3.71273	-5.20227	-5.84924	-6.13992
775	2	1	12	3	2	1	5	-2.60626	-2.09751	-3.70635	-4.49124
776	1	4	2	2	6	3	17	-4.54919	-2.42855	-4.65554	-5.4114
777	4	7	10	4	1	7	1	-1.83189	-3.84939	-2.63818	-1.9105
778	2	1	12	3	2	1	5	-2.60626	-2.09751	-3.70635	-4.49124
779	2	1	5	3	2	5	5	-5.40531	-2.81163	-4.18768	-5.40256
780	2	23	21	3	2	1	5	-6.69	-7.04296	-7.54173	-7.33227
781	2	4	5	2	2	5	5	-3.67387	-7.12833	-6.76319	-5.6126
782	2	4	2	2	6	1	5	-6.05	-4.81411	-6.03444	-7.50535
783	2	1	12	3	2	1	5	-2.60626	-2.09751	-3.70635	-4.49124
784	4	7	10	4	42	51	1	-2.92986	-4.64519	-4.84553	-3.7418
785	7	17	5	2	86	232	1	-29.1585	-33.6445	-27.5762	-26.3089
786	2	4	1	2	2	1	5	-2.77551	-3.64197	-4.19263	-3.99206
787	2	1	12	3	2	1	5	-2.60626	-2.09751	-3.70635	-4.49124
788	2	1	21	3	2	1	5	-2.91672	-2.47063	-4.45235	-4.35156
789	7	17	2	15	23	3	12	-6.89972	-10.3786	-10.363	-9.48886
790	2	1	5	3	2	5	5	-5.40531	-2.81163	-4.18768	-5.40256
791	1	6	60	24	12	28	1	-29.0596	-34.1382	-20.8802	-21.0217
792	1	2	3	4	5	9	3	-4.54455	-2.46968	-3.70281	-4.82018
793	2	4	5	2	2	5	5	-3.67387	-7.12833	-6.76319	-5.6126
794	1	2	3	4	5	9	3	-4.54455	-2.46968	-3.70281	-4.82018
795	1	6	60	24	12	28	1	-29.0596	-34.1382	-20.8802	-21.0217
796	9	2	4	62	4	5	6	-3.71273	-5.20227	-5.84924	-6.13992
797	2	4	1	2	2	1	5	-2.77551	-3.64197	-4.19263	-3.99206
798	4	7	10	4	1	7	1	-1.83189	-3.84939	-2.63818	-1.9105
799	2	4	5	2	2	5	5	-3.67387	-7.12833	-6.76319	-5.6126
800	7	2	2	2	11	12	6	-4.50034	-7.97822	-7.96154	-7.08896
801	2	1	21	3	2	1	941	-6.68952	-7.02375	-7.53348	-7.32969
802	9	2	2	10	10	3	5	-30.8644	-25.3	-25.1222	-25.6334
803	8	10	149	2	11	12	6	-4.84965	-3.95221	-5.7494	-6.77351
804	7	1	5	2	10	3	6	-33.3997	-29.4917	-28.8932	-29.1118
805	2	1	21	3	2	1	5	-2.91672	-2.47063	-4.45235	-4.35156
806	33	39	30	82	113	43	17	-9.38455	-6.44089	-6.25239	-8.21884
807	1	6	60	24	12	28	1	-29.0596	-34.1382	-20.8802	-21.0217
808	1	6	60	24	12	28	1	-29.0596	-34.1382	-20.8802	-21.0217
809	7	17	2	15	23	3	12	-6.89972	-10.3786	-10.363	-9.48886
810	1	4	2	2	6	3	17	-4.54919	-2.42855	-4.65554	-5.4114
811	1	4	2	2	6	3	17	-4.54919	-2.42855	-4.65554	-5.4114
812	7	21	5	62	4	61	44	-7.02635	-3.81047	-5.75726	-7.30057
813	239	27	16	19	10	5	7	-9.68663	-6.44816	-9.26703	-10.3742
814	9	2	4	62	4	5	6	-3.71273	-5.20227	-5.84924	-6.13992
815	10	1	16	19	10	5	7	-5.90527	-2.72749	-4.28503	-5.12788
816	2	1	5	3	2	5	5	-5.40531	-2.81163	-4.18768	-5.40256
817	2	4	5	2	2	5	5	-3.67387	-7.12833	-6.76319	-5.6126
818	8	10	2	2	11	12	6	-3.95374	-7.37817	-7.41265	-6.54263
819	7	17	2	15	23	3	12	-6.89972	-10.3786	-10.363	-9.48886
820	2	4	1	4	1	1	5	-16.3396	-18.1364	-15.1376	-15.0152
821	4	7	10	4	1	7	1	-1.83189	-3.84939	-2.63818	-1.9105
822	8	10	149	2	11	12	6	-4.84965	-3.95221	-5.7494	-6.77351
823	2	1	12	88	2	1	5	-3.93308	-3.41065	-5.7443	-5.20536
824	2	4	2	2	6	1	5	-6.05	-4.81411	-6.03444	-7.50535
825	10	81	50	99	120	76	52	-6.69814	-6.41097	-5.33631	-5.15801
826	2	4	5	2	2	5	5	-3.67387	-7.12833	-6.76319	-5.6126
827	2	4	1	2	2	5	5	-6.80922	-6.38415	-8.81967	-9.06405
828	8	10	149	2	11	12	6	-4.84965	-3.95221	-5.7494	-6.77351
829	1	4	2	2	6	3	17	-4.54919	-2.42855	-4.65554	-5.4114
830	2	165	73	147	220	190	104	-8.97101	-10.7117	-6.8725	-5.26109
831	4	7	10	4	42	25	1	-8.81484	-10.4446	-5.83155	-5.18821
832	7	2	2	2	11	12	6	-4.50034	-7.97822	-7.96154	-7.08896
833	1	6	60	24	12	28	1	-29.0596	-34.1382	-20.8802	-21.0217
834	2	1	12	3	2	1	5	-2.60626	-2.09751	-3.70635	-4.49124
835	33	39	65	79	104	77	17	-5.28962	-8.76824	-8.75274	-7.87922
836	4	7	10	4	1	7	1	-1.83189	-3.84939	-2.63818	-1.9105
837	1	2	3	4	5	9	3	-4.54455	-2.46968	-3.70281	-4.82018
838	2	1	21	3	2	1	5	-2.91672	-2.47063	-4.45235	-4.35156
839	2	1	12	3	2	1	5	-2.60626	-2.09751	-3.70635	-4.49124
840	4	7	10	4	1	7	1	-1.83189	-3.84939	-2.63818	-1.9105
841	2	4	1	2	7	1	5	-2.30801	-5.77623	-5.65875	-4.68557
842	184	39	30	82	113	43	17	-3.95137	-6.13118	-7.27115	-6.52236
843	4	7	10	4	1	7	1	-1.83189	-3.84939	-2.63818	-1.9105
844	2	4	1	2	2	1	5	-2.77551	-3.64197	-4.19263	-3.99206
845	4	7	10	4	1	7	1	-1.83189	-3.84939	-2.63818	-1.9105
846	2	1	12	88	2	1	5	-3.93308	-3.41065	-5.7443	-5.20536
847	2	1	21	3	2	1	5	-2.91672	-2.47063	-4.45235	-4.35156
848	1	2	3	4	5	9	3	-4.54455	-2.46968	-3.70281	-4.82018
849	4	7	10	4	1	7	1	-1.83189	-3.84939	-2.63818	-1.9105
850	2	1	21	3	2	1	5	-2.91672	-2.47063	-4.45235	-4.35156
851	8	10	2	2	11	12	6	-3.95374	-7.37817	-7.41265	-6.54263
852	2	4	1	2	2	1	5	-2.77551	-3.64197	-4.19263	-3.99206
853	2	4	1	2	2	1	5	-2.77551	-3.64197	-4.19263	-3.99206
854	2	4	2	2	6	1	5	-6.05	-4.81411	-6.03444	-7.50535
855	2	4	1	2	2	1	5	-2.77551	-3.64197	-4.19263	-3.99206
856	2	4	1	2	2	1	5	-2.77551	-3.64197	-4.19263	-3.99206
857	2	4	1	2	2	1	5	-2.77551	-3.64197	-4.19263	-3.99206
858	1	2	3	4	5	9	3	-4.54455	-2.46968	-3.70281	-4.82018
859	2	4	1	2	2	1	5	-2.77551	-3.64197	-4.19263	-3.99206
860	2	4	1	2	2	1	5	-2.77551	-3.64197	-4.19263	-3.99206
861	8	10	2	2	11	12	6	-3.95374	-7.37817	-7.41265	-6.54263
862	2	1	5	3	2	3	5	-4.21013	-3.23273	-5.48383	-4.7413
863	33	39	30	82	104	173	68	-5.34343	-3.95792	-6.67749	-7.29688
864	2	4	1	2	7	1	5	-2.30801	-5.77623	-5.65875	-4.68557
865	8	10	2	2	11	12	6	-3.95374	-7.37817	-7.41265	-6.54263
866	2	4	1	2	7	1	5	-2.30801	-5.77623	-5.65875	-4.68557
867	1	2	3	4	5	9	3	-4.54455	-2.46968	-3.70281	-4.82018
868	1	2	215	4	90	24	8	-29.8652	-30.6068	-22.4664	-22.1175
869	2	1	1	3	2	1	5	-4.5971	-3.76613	-6.39981	-6.7735
870	10	81	50	99	120	76	52	-6.69814	-6.41097	-5.33631	-5.15801
871	2	4	1	2	7	1	5	-2.30801	-5.77623	-5.65875	-4.68557
872	2	1	12	3	2	1	5	-2.60626	-2.09751	-3.70635	-4.49124
873	2	4	1	2	2	1	5	-2.77551	-3.64197	-4.19263	-3.99206
874	2	4	1	2	2	1	5	-2.77551	-3.64197	-4.19263	-3.99206
875	2	4	1	2	2	1	5	-2.77551	-3.64197	-4.19263	-3.99206
876	2	1	5	3	2	3	5	-4.21013	-3.23273	-5.48383	-4.7413
877	2	4	1	2	2	1	5	-2.77551	-3.64197	-4.19263	-3.99206
878	4	7	10	4	1	7	1	-1.83189	-3.84939	-2.63818	-1.9105
879	2	4	1	2	7	1	5	-2.30801	-5.77623	-5.65875	-4.68557
880	2	4	5	2	2	5	5	-3.67387	-7.12833	-6.76319	-5.6126
881	2	4	1	2	2	1	5	-2.77551	-3.64197	-4.19263	-3.99206
882	8	10	2	2	11	12	6	-3.95374	-7.37817	-7.41265	-6.54263
883	4	7	10	4	1	7	1	-1.83189	-3.84939	-2.63818	-1.9105
884	2	4	1	2	2	1	5	-2.77551	-3.64197	-4.19263	-3.99206
885	166	2	1	10	17	3	1	-35.1845	-37.0211	-31.1146	-30.4565
886	2	4	1	2	7	1	5	-2.30801	-5.77623	-5.65875	-4.68557
887	2	4	1	2	2	1	5	-2.77551	-3.64197	-4.19263	-3.99206
888	4	7	10	4	1	7	1	-1.83189	-3.84939	-2.63818	-1.9105
889	4	7	10	4	1	7	1	-1.83189	-3.84939	-2.63818	-1.9105
890	2	4	1	2	7	1	5	-2.30801	-5.77623	-5.65875	-4.68557
891	2	4	1	2	2	1	5	-2.77551	-3.64197	-4.19263	-3.99206
892	2	1	5	3	2	3	5	-4.21013	-3.23273	-5.48383	-4.7413
893	9	25	2	10	22	3	6	-4.47502	-7.83655	-5.89311	-4.34914
894	2	1	21	3	62	1	5	-5.79611	-9.25869	-9.24884	-8.38117
895	129	66	30	82	189	47	17	-3.24613	-4.8831	-5.4408	-4.08545
896	129	66	30	82	189	47	17	-3.24613	-4.8831	-5.4408	-4.08545
897	4	7	10	4	1	7	1	-1.83189	-3.84939	-2.63818	-1.9105
898	2	4	1	2	2	1	5	-2.77551	-3.64197	-4.19263	-3.99206
899	4	7	10	4	42	7	1	-6.64143	-9.42302	-5.58128	-4.67173
900	2	4	1	2	7	1	5	-2.30801	-5.77623	-5.65875	-4.68557
901	1	307	3	4	5	9	3	-6.82239	-6.42012	-6.22019	-7.96707
902	2	1	21	3	2	1	5	-2.91672	-2.47063	-4.45235	-4.35156
903	4	7	10	4	1	7	1	-1.83189	-3.84939	-2.63818	-1.9105
904	2	1	21	3	2	1	5	-2.91672	-2.47063	-4.45235	-4.35156
905	2	4	1	2	2	5	5	-6.80922	-6.38415	-8.81967	-9.06405
906	2	4	1	2	7	1	5	-2.30801	-5.77623	-5.65875	-4.68557
907	2	4	1	2	7	1	5	-2.30801	-5.77623	-5.65875	-4.68557
908	2	4	1	2	7	1	5	-2.30801	-5.77623	-5.65875	-4.68557
909	4	7	10	4	1	7	1	-1.83189	-3.84939	-2.63818	-1.9105
910	8	10	2	2	11	12	6	-3.95374	-7.37817	-7.41265	-6.54263
911	7	21	5	62	4	61	44	-7.02635	-3.81047	-5.75726	-7.30057
912	2	1	12	88	2	1	5	-3.93308	-3.41065	-5.7443	-5.20536
913	2	4	1	2	2	1	5	-2.77551	-3.64197	-4.19263	-3.99206
914	1	2	3	4	5	9	3	-4.54455	-2.46968	-3.70281	-4.82018
915	2	4	1	2	7	1	5	-2.30801	-5.77623	-5.65875	-4.68557
916	2	4	1	2	2	1	5	-2.77551	-3.64197	-4.19263	-3.99206
917	2	4	1	2	2	1	5	-2.77551	-3.64197	-4.19263	-3.99206
918	2	4	1	2	7	1	5	-2.30801	-5.77623	-5.65875	-4.68557
919	4	7	10	4	1	7	1	-1.83189	-3.84939	-2.63818	-1.9105
920	2	1	5	3	2	3	5	-4.21013	-3.23273	-5.48383	-4.7413
921	2	4	1	2	7	1	5	-2.30801	-5.77623	-5.65875	-4.68557
922	2	4	1	2	2	1	5	-2.77551	-3.64197	-4.19263	-3.99206
923	8	10	2	2	11	12	6	-3.95374	-7.37817	-7.41265	-6.54263
924	2	1	12	3	2	1	5	-2.60626	-2.09751	-3.70635	-4.49124
925	48	7	10	4	183	7	1	-9.28597	-12.8902	-8.75815	-7.80702
926	7	21	5	62	4	61	44	-7.02635	-3.81047	-5.75726	-7.30057
927	4	7	10	4	1	7	1	-1.83189	-3.84939	-2.63818	-1.9105
928	9	25	2	10	22	3	6	-4.47502	-7.83655	-5.89311	-4.34914
929	2	4	1	2	2	1	5	-2.77551	-3.64197	-4.19263	-3.99206
930	2	4	1	2	7	1	5	-2.30801	-5.77623	-5.65875	-4.68557
931	2	4	1	2	2	1	5	-2.77551	-3.64197	-4.19263	-3.99206
932	2	4	1	2	2	1	5	-2.77551	-3.64197	-4.19263	-3.99206
933	9	25	2	10	22	3	6	-4.47502	-7.83655	-5.89311	-4.34914
934	2	4	1	2	2	1	5	-2.77551	-3.64197	-4.19263	-3.99206
935	2	4	1	2	2	1	5	-2.77551	-3.64197	-4.19263	-3.99206
936	2	4	1	2	7	1	5	-2.30801	-5.77623	-5.65875	-4.68557
937	2	4	1	2	7	1	5	-2.30801	-5.77623	-5.65875	-4.68557
938	2	4	1	2	2	1	5	-2.77551	-3.64197	-4.19263	-3.99206
939	2	4	1	2	2	1	5	-2.77551	-3.64197	-4.19263	-3.99206
940	4	7	10	4	1	7	1	-1.83189	-3.84939	-2.63818	-1.9105
941	2	4	1	2	2	1	5	-2.77551	-3.64197	-4.19263	-3.99206
942	4	7	10	4	1	7	1	-1.83189	-3.84939	-2.63818	-1.9105
943	2	4	1	2	7	1	5	-2.30801	-5.77623	-5.65875	-4.68557
944	2	4	1	2	2	1	5	-2.77551	-3.64197	-4.19263	-3.99206
945	4	7	10	4	1	7	1	-1.83189	-3.84939	-2.63818	-1.9105
946	9	25	2	10	22	3	6	-4.47502	-7.83655	-5.89311	-4.34914
947	10	81	50	99	120	76	52	-6.69814	-6.41097	-5.33631	-5.15801
948	2	1	21	3	2	1	5	-2.91672	-2.47063	-4.45235	-4.35156
949	4	7	10	4	1	7	1	-1.83189	-3.84939	-2.63818	-1.9105
950	2	4	1	2	7	1	5	-2.30801	-5.77623	-5.65875	-4.68557
951	4	7	10	4	1	7	1	-1.83189	-3.84939	-2.63818	-1.9105
952	4	7	10	4	1	7	1	-1.83189	-3.84939	-2.63818	-1.9105
953	8	315	2	2	11	12	6	-7.72636	-11.9453	-10.4987	-9.52148
954	8	10	2	2	11	12	6	-3.95374	-7.37817	-7.41265	-6.54263
955	2	4	1	2	2	1	5	-2.77551	-3.64197	-4.19263	-3.99206
956	4	7	10	4	1	7	1	-1.83189	-3.84939	-2.63818	-1.9105
957	2	4	1	2	2	1	5	-2.77551	-3.64197	-4.19263	-3.99206
958	2	4	1	2	2	1	5	-2.77551	-3.64197	-4.19263	-3.99206
959	2	4	1	2	2	1	5	-2.77551	-3.64197	-4.19263	-3.99206
960	2	4	1	2	7	1	5	-2.30801	-5.77623	-5.65875	-4.68557
961	2	4	1	2	2	1	5	-2.77551	-3.64197	-4.19263	-3.99206
962	2	4	1	2	2	1	5	-2.77551	-3.64197	-4.19263	-3.99206
963	2	1	21	3	2	1	5	-2.91672	-2.47063	-4.45235	-4.35156
964	2	4	1	2	2	1	5	-2.77551	-3.64197	-4.19263	-3.99206
965	1	4	2	2	2	3	17	-11.4658	-7.71245	-10.4451	-12.0014
966	2	4	1	2	2	1	5	-2.77551	-3.64197	-4.19263	-3.99206
967	2	4	1	2	2	1	5	-2.77551	-3.64197	-4.19263	-3.99206
968	7	21	5	62	4	61	44	-7.02635	-3.81047	-5.75726	-7.30057
969	2	4	1	2	2	1	5	-2.77551	-3.64197	-4.19263	-3.99206
970	4	7	10	4	1	7	1	-1.83189	-3.84939	-2.63818	-1.9105
971	2	4	1	2	2	1	5	-2.77551	-3.64197	-4.19263	-3.99206
972	10	1	16	19	10	5	7	-5.90527	-2.72749	-4.28503	-5.12788
973	8	10	2	2	11	12	6	-3.95374	-7.37817	-7.41265	-6.54263
974	4	7	10	4	1	7	1	-1.83189	-3.84939	-2.63818	-1.9105
975	2	4	2	2	6	1	5	-6.05	-4.81411	-6.03444	-7.50535
976	2	4	1	2	2	1	5	-2.77551	-3.64197	-4.19263	-3.99206
977	2	4	1	2	2	1	5	-2.77551	-3.64197	-4.19263	-3.99206
978	2	1	12	3	2	1	5	-2.60626	-2.09751	-3.70635	-4.49124
979	2	1	21	3	2	1	5	-2.91672	-2.47063	-4.45235	-4.35156
980	1	4	2	2	6	3	17	-4.54919	-2.42855	-4.65554	-5.4114
981	9	2	4	62	4	5	6	-3.71273	-5.20227	-5.84924	-6.13992
982	9	2	4	62	4	5	6	-3.71273	-5.20227	-5.84924	-6.13992
983	2	4	1	2	2	1	5	-2.77551	-3.64197	-4.19263	-3.99206
984	9	25	2	10	22	3	6	-4.47502	-7.83655	-5.89311	-4.34914
985	2	1	12	3	2	1	5	-2.60626	-2.09751	-3.70635	-4.49124
986	2	4	1	2	2	1	5	-2.77551	-3.64197	-4.19263	-3.99206
987	2	4	1	2	2	1	5	-2.77551	-3.64197	-4.19263	-3.99206
988	2	4	1	2	2	1	5	-2.77551	-3.64197	-4.19263	-3.99206
989	1	4	2	2	6	3	17	-4.54919	-2.42855	-4.65554	-5.4114
990	1	4	2	2	6	3	17	-4.54919	-2.42855	-4.65554	-5.4114
991	9	25	2	10	22	3	6	-4.47502	-7.83655	-5.89311	-4.34914
992	1	4	2	2	6	3	17	-4.54919	-2.42855	-4.65554	-5.4114
993	2	4	1	2	2	1	5	-2.77551	-3.64197	-4.19263	-3.99206
994	2	4	1	2	2	1	5	-2.77551	-3.64197	-4.19263	-3.99206
995	8	10	2	2	11	12	6	-3.95374	-7.37817	-7.41265	-6.54263
996	2	4	1	2	2	1	5	-2.77551	-3.64197	-4.19263	-3.99206
997	2	1	5	3	2	5	5	-5.40531	-2.81163	-4.18768	-5.40256
998	8	10	2	2	11	12	6	-3.95374	-7.37817	-7.41265	-6.54263
999	2	4	1	2	2	1	5	-2.77551	-3.64197	-4.19263	-3.99206
1000	2	4	1	2	2	1	5	-2.77551	-3.64197	-4.19263	-3.99206
1001	2	1	21	3	2	1	5	-2.91672	-2.47063	-4.45235	-4.35156
1002	1	2	4	62	4	5	17	-6.06274	-4.827	-7.52327	-8.08286
1003	2	1	12	3	2	1	5	-2.60626	-2.09751	-3.70635	-4.49124
1004	2	4	1	2	7	1	5	-2.30801	-5.77623	-5.65875	-4.68557
1005	1	307	3	4	5	9	3	-6.82239	-6.42012	-6.22019	-7.96707
1006	2	4	2	4	19	3	6	-5.79792	-9.27142	-9.25195	-8.37996
1007	2	4	1	2	2	1	5	-2.77551	-3.64197	-4.19263	-3.99206
1008	1	4	2	2	6	3	17	-4.54919	-2.42855	-4.65554	-5.4114
1009	9	25	2	10	22	3	6	-4.47502	-7.83655	-5.89311	-4.34914
1010	4	7	10	4	1	7	1	-1.83189	-3.84939	-2.63818	-1.9105
1011	2	4	1	2	2	1	5	-2.77551	-3.64197	-4.19263	-3.99206
1012	10	1	16	19	10	5	7	-5.90527	-2.72749	-4.28503	-5.12788
1013	2	1	21	3	2	1	5	-2.91672	-2.47063	-4.45235	-4.35156
1014	4	7	10	4	1	7	1	-1.83189	-3.84939	-2.63818	-1.9105
1015	2	4	1	2	2	1	5	-2.77551	-3.64197	-4.19263	-3.99206
1016	1	2	3	4	5	9	3	-4.54455	-2.46968	-3.70281	-4.82018
1017	9	316	4	62	4	5	6	-6.83951	-6.4302	-8.97711	-9.14096
1018	9	25	2	10	22	3	6	-4.47502	-7.83655	-5.89311	-4.34914
1019	1	307	3	4	5	9	3	-6.82239	-6.42012	-6.22019	-7.96707
1020	2	4	1	2	2	1	5	-2.77551	-3.64197	-4.19263	-3.99206
1021	9	25	2	10	22	3	6	-4.47502	-7.83655	-5.89311	-4.34914
1022	2	4	1	2	2	1	5	-2.77551	-3.64197	-4.19263	-3.99206
1023	2	1	12	3	2	1	5	-2.60626	-2.09751	-3.70635	-4.49124
1024	2	1	5	3	2	5	5	-5.40531	-2.81163	-4.18768	-5.40256
1025	2	4	1	2	2	1	5	-2.77551	-3.64197	-4.19263	-3.99206
1026	2	1	12	3	2	1	5	-2.60626	-2.09751	-3.70635	-4.49124
1027	2	1	12	3	2	1	5	-2.60626	-2.09751	-3.70635	-4.49124
1028	10	1	16	19	10	5	7	-5.90527	-2.72749	-4.28503	-5.12788
1029	4	7	10	4	1	7	1	-1.83189	-3.84939	-2.63818	-1.9105
1030	2	4	1	2	2	1	5	-2.77551	-3.64197	-4.19263	-3.99206
1031	2	1	12	88	2	1	5	-3.93308	-3.41065	-5.7443	-5.20536
1032	2	1	21	3	2	1	5	-2.91672	-2.47063	-4.45235	-4.35156
1033	1	2	3	4	5	9	3	-4.54455	-2.46968	-3.70281	-4.82018
1034	8	10	2	2	11	12	6	-3.95374	-7.37817	-7.41265	-6.54263
1035	2	1	12	88	2	1	5	-3.93308	-3.41065	-5.7443	-5.20536
1036	33	39	30	82	104	173	68	-5.34343	-3.95792	-6.67749	-7.29688
1037	1	2	3	4	5	9	3	-4.54455	-2.46968	-3.70281	-4.82018
1038	9	25	2	10	22	3	6	-4.47502	-7.83655	-5.89311	-4.34914
1039	2	4	1	2	2	1	5	-2.77551	-3.64197	-4.19263	-3.99206
1040	8	10	2	2	11	12	6	-3.95374	-7.37817	-7.41265	-6.54263
1041	1	2	4	62	4	5	17	-6.06274	-4.827	-7.52327	-8.08286
1042	10	1	16	19	10	5	7	-5.90527	-2.72749	-4.28503	-5.12788
1043	33	39	30	82	104	173	68	-5.34343	-3.95792	-6.67749	-7.29688
1044	2	4	1	2	2	1	5	-2.77551	-3.64197	-4.19263	-3.99206
1045	8	10	2	2	11	12	6	-3.95374	-7.37817	-7.41265	-6.54263
1046	2	1	5	3	2	5	5	-5.40531	-2.81163	-4.18768	-5.40256
1047	47	2	4	2	6	5	17	-10.9015	-11.9002	-6.29806	-8.34054
1048	1	2	3	4	5	9	3	-4.54455	-2.46968	-3.70281	-4.82018
1049	4	7	10	4	1	7	1	-1.83189	-3.84939	-2.63818	-1.9105
1050	2	1	5	3	2	3	5	-4.21013	-3.23273	-5.48383	-4.7413
1051	2	4	2	2	6	1	5	-6.05	-4.81411	-6.03444	-7.50535
1052	2	4	1	2	2	1	5	-2.77551	-3.64197	-4.19263	-3.99206
1053	8	10	149	2	11	12	6	-4.84965	-3.95221	-5.7494	-6.77351
1054	9	25	2	10	22	3	6	-4.47502	-7.83655	-5.89311	-4.34914
1055	2	4	1	2	2	1	5	-2.77551	-3.64197	-4.19263	-3.99206
1056	1	2	3	4	5	9	3	-4.54455	-2.46968	-3.70281	-4.82018
1057	2	1	12	3	2	1	5	-2.60626	-2.09751	-3.70635	-4.49124
1058	4	7	10	4	42	51	1	-2.92986	-4.64519	-4.84553	-3.7418
1059	2	4	1	2	2	1	5	-2.77551	-3.64197	-4.19263	-3.99206
1060	2	1	1	3	2	1	5	-4.5971	-3.76613	-6.39981	-6.7735
1061	2	4	1	2	7	1	5	-2.30801	-5.77623	-5.65875	-4.68557
1062	8	10	2	2	11	12	6	-3.95374	-7.37817	-7.41265	-6.54263
1063	2	4	1	2	2	1	5	-2.77551	-3.64197	-4.19263	-3.99206
1064	9	2	4	62	4	5	6	-3.71273	-5.20227	-5.84924	-6.13992
1065	2	4	1	2	2	1	5	-2.77551	-3.64197	-4.19263	-3.99206
1066	4	7	10	4	1	7	1	-1.83189	-3.84939	-2.63818	-1.9105
1067	8	10	2	2	11	12	6	-3.95374	-7.37817	-7.41265	-6.54263
1068	2	4	2	2	6	1	5	-6.05	-4.81411	-6.03444	-7.50535
1069	2	4	2	2	6	1	5	-6.05	-4.81411	-6.03444	-7.50535
1070	2	4	2	2	6	1	5	-6.05	-4.81411	-6.03444	-7.50535
1071	2	4	2	2	6	1	5	-6.05	-4.81411	-6.03444	-7.50535
1072	2	4	1	2	2	1	5	-2.77551	-3.64197	-4.19263	-3.99206
1073	2	4	1	2	2	1	5	-2.77551	-3.64197	-4.19263	-3.99206
1074	2	1	12	3	2	1	5	-2.60626	-2.09751	-3.70635	-4.49124
1075	2	4	1	2	7	1	5	-2.30801	-5.77623	-5.65875	-4.68557
1076	4	7	10	4	42	51	1	-2.92986	-4.64519	-4.84553	-3.7418
1077	2	4	1	2	2	1	5	-2.77551	-3.64197	-4.19263	-3.99206
1078	8	10	2	2	11	12	6	-3.95374	-7.37817	-7.41265	-6.54263
1079	1	2	3	4	5	9	3	-4.54455	-2.46968	-3.70281	-4.82018
1080	1	2	3	4	5	9	3	-4.54455	-2.46968	-3.70281	-4.82018
1081	10	1	16	19	10	5	7	-5.90527	-2.72749	-4.28503	-5.12788
1082	8	10	2	2	11	12	6	-3.95374	-7.37817	-7.41265	-6.54263
1083	4	7	10	4	1	7	1	-1.83189	-3.84939	-2.63818	-1.9105
1084	2	4	1	2	2	1	5	-2.77551	-3.64197	-4.19263	-3.99206
1085	2	4	1	2	7	1	5	-2.30801	-5.77623	-5.65875	-4.68557
1086	2	1	21	3	2	1	5	-2.91672	-2.47063	-4.45235	-4.35156
1087	2	1	12	3	2	1	5	-2.60626	-2.09751	-3.70635	-4.49124
1088	2	4	2	4	19	3	6	-5.79792	-9.27142	-9.25195	-8.37996
1089	8	10	149	2	11	12	6	-4.84965	-3.95221	-5.7494	-6.77351
1090	8	10	2	2	11	12	6	-3.95374	-7.37817	-7.41265	-6.54263
1091	2	1	12	3	2	1	5	-2.60626	-2.09751	-3.70635	-4.49124
1092	2	1	12	3	2	1	5	-2.60626	-2.09751	-3.70635	-4.49124
1093	2	1	5	3	2	3	5	-4.21013	-3.23273	-5.48383	-4.7413
1094	184	39	30	82	113	43	17	-3.95137	-6.13118	-7.27115	-6.52236
1095	2	1	12	3	2	1	5	-2.60626	-2.09751	-3.70635	-4.49124
1096	2	4	1	2	2	1	5	-2.77551	-3.64197	-4.19263	-3.99206
1097	4	7	10	4	1	7	1	-1.83189	-3.84939	-2.63818	-1.9105
1098	8	10	2	2	11	12	6	-3.95374	-7.37817	-7.41265	-6.54263
1099	4	7	10	4	1	7	1	-1.83189	-3.84939	-2.63818	-1.9105
1100	4	7	10	4	42	51	1	-2.92986	-4.64519	-4.84553	-3.7418
1101	9	25	2	10	22	3	6	-4.47502	-7.83655	-5.89311	-4.34914
1102	9	2	4	62	4	5	6	-3.71273	-5.20227	-5.84924	-6.13992
1103	4	7	10	4	1	7	1	-1.83189	-3.84939	-2.63818	-1.9105
1104	2	4	1	2	7	1	5	-2.30801	-5.77623	-5.65875	-4.68557
1105	4	7	10	4	1	7	1	-1.83189	-3.84939	-2.63818	-1.9105
1106	8	10	2	2	11	12	6	-3.95374	-7.37817	-7.41265	-6.54263
1107	2	4	1	2	2	1	5	-2.77551	-3.64197	-4.19263	-3.99206
1108	4	7	10	4	42	51	1	-2.92986	-4.64519	-4.84553	-3.7418
1109	1	2	3	4	5	9	3	-4.54455	-2.46968	-3.70281	-4.82018
1110	2	1	12	3	2	1	5	-2.60626	-2.09751	-3.70635	-4.49124
1111	2	4	1	2	2	1	5	-2.77551	-3.64197	-4.19263	-3.99206
1112	10	81	50	99	120	76	52	-6.69814	-6.41097	-5.33631	-5.15801
1113	2	4	1	2	2	1	5	-2.77551	-3.64197	-4.19263	-3.99206
1114	4	7	10	4	42	51	1	-2.92986	-4.64519	-4.84553	-3.7418
1115	4	7	10	4	42	51	1	-2.92986	-4.64519	-4.84553	-3.7418
1116	4	7	10	4	1	7	1	-1.83189	-3.84939	-2.63818	-1.9105
1117	3	1	5	10	11	11	6	-9.68545	-6.44545	-9.26185	-10.3712
1118	10	81	50	99	120	76	52	-6.69814	-6.41097	-5.33631	-5.15801
1119	2	4	1	2	2	1	5	-2.77551	-3.64197	-4.19263	-3.99206
1120	4	7	10	4	1	7	1	-1.83189	-3.84939	-2.63818	-1.9105
1121	4	7	10	4	1	7	1	-1.83189	-3.84939	-2.63818	-1.9105
1122	4	7	10	4	42	51	1	-2.92986	-4.64519	-4.84553	-3.7418
1123	2	1	12	3	2	1	5	-2.60626	-2.09751	-3.70635	-4.49124
1124	2	4	1	2	2	1	5	-2.77551	-3.64197	-4.19263	-3.99206
1125	2	1	1	3	2	1	5	-4.5971	-3.76613	-6.39981	-6.7735
1126	2	4	1	2	2	1	5	-2.77551	-3.64197	-4.19263	-3.99206
1127	2	4	1	2	2	1	5	-2.77551	-3.64197	-4.19263	-3.99206
1128	2	4	1	2	2	1	5	-2.77551	-3.64197	-4.19263	-3.99206
1129	2	4	1	2	2	1	5	-2.77551	-3.64197	-4.19263	-3.99206
1130	1	2	3	4	5	9	3	-4.54455	-2.46968	-3.70281	-4.82018
1131	8	10	2	2	11	12	6	-3.95374	-7.37817	-7.41265	-6.54263
1132	2	1	21	3	2	1	5	-2.91672	-2.47063	-4.45235	-4.35156
1133	2	4	1	2	2	1	5	-2.77551	-3.64197	-4.19263	-3.99206
1134	2	1	21	3	2	1	5	-2.91672	-2.47063	-4.45235	-4.35156
1135	2	1	21	3	2	1	5	-2.91672	-2.47063	-4.45235	-4.35156
1136	2	4	1	2	2	1	5	-2.77551	-3.64197	-4.19263	-3.99206
1137	1	2	3	4	5	9	3	-4.54455	-2.46968	-3.70281	-4.82018
1138	10	1	16	19	10	5	7	-5.90527	-2.72749	-4.28503	-5.12788
1139	2	1	12	3	2	1	5	-2.60626	-2.09751	-3.70635	-4.49124
1140	7	21	5	62	4	61	44	-7.02635	-3.81047	-5.75726	-7.30057
1141	2	4	1	2	2	1	5	-2.77551	-3.64197	-4.19263	-3.99206
1142	2	1	12	3	2	1	5	-2.60626	-2.09751	-3.70635	-4.49124
1143	2	4	1	2	7	1	5	-2.30801	-5.77623	-5.65875	-4.68557
1144	2	1	5	3	2	3	5	-4.21013	-3.23273	-5.48383	-4.7413
1145	2	1	21	3	2	1	5	-2.91672	-2.47063	-4.45235	-4.35156
1146	2	1	21	3	2	1	5	-2.91672	-2.47063	-4.45235	-4.35156
1147	2	1	21	3	2	1	5	-2.91672	-2.47063	-4.45235	-4.35156
1148	2	1	21	3	2	1	5	-2.91672	-2.47063	-4.45235	-4.35156
1149	2	1	12	3	2	1	5	-2.60626	-2.09751	-3.70635	-4.49124
1150	8	10	2	2	11	12	6	-3.95374	-7.37817	-7.41265	-6.54263
1151	129	66	30	82	189	47	17	-3.24613	-4.8831	-5.4408	-4.08545
1152	1	307	3	4	5	9	3	-6.82239	-6.42012	-6.22019	-7.96707
1153	8	10	2	2	11	12	6	-3.95374	-7.37817	-7.41265	-6.54263
1154	2	4	2	2	6	1	5	-6.05	-4.81411	-6.03444	-7.50535
1155	1	4	2	2	6	3	17	-4.54919	-2.42855	-4.65554	-5.4114
1156	2	4	1	2	2	1	5	-2.77551	-3.64197	-4.19263	-3.99206
1157	8	10	2	2	11	12	6	-3.95374	-7.37817	-7.41265	-6.54263
1158	2	4	2	2	6	1	5	-6.05	-4.81411	-6.03444	-7.50535
1159	2	1	21	3	2	1	5	-2.91672	-2.47063	-4.45235	-4.35156
1160	2	4	5	2	2	5	5	-3.67387	-7.12833	-6.76319	-5.6126
1161	7	21	5	62	4	61	44	-7.02635	-3.81047	-5.75726	-7.30057
1162	2	1	12	3	2	1	5	-2.60626	-2.09751	-3.70635	-4.49124
1163	10	27	16	19	10	5	7	-20.1789	-12.8418	-15.883	-17.5297
1164	33	283	44	82	189	44	17	-6.64249	-3.45104	-5.50504	-5.95708
1165	9	25	2	10	22	3	6	-4.47502	-7.83655	-5.89311	-4.34914
1166	7	21	5	62	4	61	44	-7.02635	-3.81047	-5.75726	-7.30057
1167	2	1	5	3	2	3	5	-4.21013	-3.23273	-5.48383	-4.7413
1168	2	1	5	3	2	3	5	-4.21013	-3.23273	-5.48383	-4.7413
1169	9	25	2	10	22	3	6	-4.47502	-7.83655	-5.89311	-4.34914
1170	2	1	5	3	2	3	5	-4.21013	-3.23273	-5.48383	-4.7413
1171	2	4	1	2	2	1	5	-2.77551	-3.64197	-4.19263	-3.99206
1172	129	66	30	82	189	47	17	-3.24613	-4.8831	-5.4408	-4.08545
1173	2	4	1	2	2	1	5	-2.77551	-3.64197	-4.19263	-3.99206
1174	2	1	5	3	2	3	5	-4.21013	-3.23273	-5.48383	-4.7413
1175	2	1	12	3	2	1	5	-2.60626	-2.09751	-3.70635	-4.49124
1176	2	4	1	2	2	1	5	-2.77551	-3.64197	-4.19263	-3.99206
1177	1	4	2	2	6	3	17	-4.54919	-2.42855	-4.65554	-5.4114
1178	2	1	12	3	2	1	5	-2.60626	-2.09751	-3.70635	-4.49124
1179	1	4	2	2	446	3	17	-8.31012	-6.9615	-7.72241	-8.37657
1180	2	1	5	88	2	11	5	-8.4893	-5.33082	-6.14324	-8.00298
1181	2	4	2	2	6	1	5	-6.05	-4.81411	-6.03444	-7.50535
1182	9	25	2	10	22	3	6	-4.47502	-7.83655	-5.89311	-4.34914
1183	2	1	5	3	2	3	5	-4.21013	-3.23273	-5.48383	-4.7413
1184	7	21	5	62	4	61	44	-7.02635	-3.81047	-5.75726	-7.30057
1185	1	2	3	4	5	9	3	-4.54455	-2.46968	-3.70281	-4.82018
1186	2	4	1	2	2	1	5	-2.77551	-3.64197	-4.19263	-3.99206
1187	7	21	5	62	4	61	44	-7.02635	-3.81047	-5.75726	-7.30057
1188	33	39	30	82	104	173	68	-5.34343	-3.95792	-6.67749	-7.29688
1189	1	4	2	2	6	3	17	-4.54919	-2.42855	-4.65554	-5.4114
1190	2	1	21	3	2	1	5	-2.91672	-2.47063	-4.45235	-4.35156
1191	4	7	10	4	1	7	1	-1.83189	-3.84939	-2.63818	-1.9105
1192	2	1	5	3	2	5	5	-5.40531	-2.81163	-4.18768	-5.40256
1193	1	4	2	2	6	3	17	-4.54919	-2.42855	-4.65554	-5.4114
1194	2	4	1	2	2	1	5	-2.77551	-3.64197	-4.19263	-3.99206
1195	2	4	1	2	2	1	5	-2.77551	-3.64197	-4.19263	-3.99206
1196	2	1	12	3	2	1	5	-2.60626	-2.09751	-3.70635	-4.49124
1197	2	1	6	3	2	3	5	-7.01016	-7.76991	-8.26561	-7.24471
1198	4	7	10	4	1	7	1	-1.83189	-3.84939	-2.63818	-1.9105
1199	2	4	1	2	7	1	5	-2.30801	-5.77623	-5.65875	-4.68557
1200	2	1	1	3	2	1	5	-4.5971	-3.76613	-6.39981	-6.7735
1201	2	4	1	2	2	1	5	-2.77551	-3.64197	-4.19263	-3.99206
1202	7	2	5	2	10	3	6	-32.3782	-27.7039	-27.6162	-28.6186
1203	2	1	21	3	2	1	5	-2.91672	-2.47063	-4.45235	-4.35156
1204	2	4	1	2	7	1	5	-2.30801	-5.77623	-5.65875	-4.68557
1205	4	7	10	4	1	7	1	-1.83189	-3.84939	-2.63818	-1.9105
1206	2	4	1	2	7	1	5	-2.30801	-5.77623	-5.65875	-4.68557
1207	2	4	1	2	2	1	5	-2.77551	-3.64197	-4.19263	-3.99206
1208	1	4	2	2	6	3	17	-4.54919	-2.42855	-4.65554	-5.4114
1209	2	4	1	2	2	1	5	-2.77551	-3.64197	-4.19263	-3.99206
1210	2	4	1	2	2	1	5	-2.77551	-3.64197	-4.19263	-3.99206
1211	74	10	2	2	11	12	6	-7.72637	-11.9453	-10.4989	-9.52188
1212	1	2	3	4	5	9	3	-4.54455	-2.46968	-3.70281	-4.82018
1213	2	1	5	3	2	3	5	-4.21013	-3.23273	-5.48383	-4.7413
1214	4	7	10	4	1	7	1	-1.83189	-3.84939	-2.63818	-1.9105
1215	2	4	2	2	6	1	5	-6.05	-4.81411	-6.03444	-7.50535
1216	2	1	12	3	2	1	5	-2.60626	-2.09751	-3.70635	-4.49124
1217	2	1	21	3	2	1	5	-2.91672	-2.47063	-4.45235	-4.35156
1218	2	4	1	2	2	1	5	-2.77551	-3.64197	-4.19263	-3.99206
1219	2	1	21	3	2	1	5	-2.91672	-2.47063	-4.45235	-4.35156
1220	4	7	10	4	1	7	1	-1.83189	-3.84939	-2.63818	-1.9105
1221	2	1	21	3	2	1	5	-2.91672	-2.47063	-4.45235	-4.35156
1222	2	4	1	2	2	1	5	-2.77551	-3.64197	-4.19263	-3.99206
1223	4	7	10	4	1	7	1	-1.83189	-3.84939	-2.63818	-1.9105
1224	2	4	1	2	2	1	5	-2.77551	-3.64197	-4.19263	-3.99206
1225	4	7	10	4	1	7	1	-1.83189	-3.84939	-2.63818	-1.9105
1226	4	7	10	4	42	51	1	-2.92986	-4.64519	-4.84553	-3.7418
1227	4	7	10	4	42	7	1	-6.64143	-9.42302	-5.58128	-4.67173
1228	2	4	1	2	2	1	5	-2.77551	-3.64197	-4.19263	-3.99206
1229	2	1	5	3	2	3	5	-4.21013	-3.23273	-5.48383	-4.7413
1230	10	81	50	99	120	76	52	-6.69814	-6.41097	-5.33631	-5.15801
1231	2	4	1	2	7	1	5	-2.30801	-5.77623	-5.65875	-4.68557
1232	2	4	1	2	7	1	5	-2.30801	-5.77623	-5.65875	-4.68557
1233	4	7	10	4	1	7	1	-1.83189	-3.84939	-2.63818	-1.9105
1234	1	4	2	2	6	3	17	-4.54919	-2.42855	-4.65554	-5.4114
1235	4	7	10	4	1	7	1	-1.83189	-3.84939	-2.63818	-1.9105
1236	2	4	1	2	2	1	5	-2.77551	-3.64197	-4.19263	-3.99206
1237	4	7	10	4	1	7	1	-1.83189	-3.84939	-2.63818	-1.9105
1238	4	7	10	4	42	51	1	-2.92986	-4.64519	-4.84553	-3.7418
1239	1	307	3	4	5	9	3	-6.82239	-6.42012	-6.22019	-7.96707
1240	2	4	2	2	6	1	5	-6.05	-4.81411	-6.03444	-7.50535
1241	8	10	149	2	11	12	6	-4.84965	-3.95221	-5.7494	-6.77351
1242	2	1	12	3	2	1	5	-2.60626	-2.09751	-3.70635	-4.49124
1243	2	4	1	2	2	1	5	-2.77551	-3.64197	-4.19263	-3.99206
1244	2	4	1	2	2	1	5	-2.77551	-3.64197	-4.19263	-3.99206
1245	2	4	1	2	2	1	5	-2.77551	-3.64197	-4.19263	-3.99206
1246	4	7	10	4	42	51	1	-2.92986	-4.64519	-4.84553	-3.7418
1247	2	4	1	2	2	1	5	-2.77551	-3.64197	-4.19263	-3.99206
1248	2	4	1	2	2	1	5	-2.77551	-3.64197	-4.19263	-3.99206
1249	2	1	12	88	2	1	5	-3.93308	-3.41065	-5.7443	-5.20536
1250	1	4	2	2	6	3	17	-4.54919	-2.42855	-4.65554	-5.4114
1251	9	2	4	62	4	5	6	-3.71273	-5.20227	-5.84924	-6.13992
1252	2	4	1	2	7	1	5	-2.30801	-5.77623	-5.65875	-4.68557
1253	2	4	5	2	2	5	5	-3.67387	-7.12833	-6.76319	-5.6126
1254	2	1	21	3	2	1	5	-2.91672	-2.47063	-4.45235	-4.35156
1255	1	4	2	2	6	3	17	-4.54919	-2.42855	-4.65554	-5.4114
1256	2	1	21	3	2	1	5	-2.91672	-2.47063	-4.45235	-4.35156
1257	2	4	1	2	2	5	5	-6.80922	-6.38415	-8.81967	-9.06405
1258	2	1	12	3	2	1	5	-2.60626	-2.09751	-3.70635	-4.49124
1259	2	4	2	2	6	1	5	-6.05	-4.81411	-6.03444	-7.50535
1260	2	4	1	2	2	1	5	-2.77551	-3.64197	-4.19263	-3.99206
1261	2	4	1	2	2	1	5	-2.77551	-3.64197	-4.19263	-3.99206
1262	1	307	3	4	5	9	3	-6.82239	-6.42012	-6.22019	-7.96707
1263	9	25	2	10	22	3	6	-4.47502	-7.83655	-5.89311	-4.34914
1264	2	1	1	380	2	1	5	-6.14114	-5.71556	-8.27066	-8.44063
1265	2	4	1	2	2	1	5	-2.77551	-3.64197	-4.19263	-3.99206
1266	2	4	1	2	2	1	5	-2.77551	-3.64197	-4.19263	-3.99206
1267	2	1	12	3	2	1	5	-2.60626	-2.09751	-3.70635	-4.49124
1268	1	2	3	4	5	9	3	-4.54455	-2.46968	-3.70281	-4.82018
1269	2	4	1	2	2	1	5	-2.77551	-3.64197	-4.19263	-3.99206
1270	2	4	1	2	2	1	5	-2.77551	-3.64197	-4.19263	-3.99206
1271	2	4	1	2	2	1	5	-2.77551	-3.64197	-4.19263	-3.99206
1272	1	2	3	4	5	9	3	-4.54455	-2.46968	-3.70281	-4.82018
1273	9	2	2	212	309	253	147	-26.3857	-28.9932	-23.9344	-23.1482
1274	2	1	21	3	2	1	5	-2.91672	-2.47063	-4.45235	-4.35156
1275	47	2	4	2	6	5	17	-10.9015	-11.9002	-6.29806	-8.34054
1276	1	2	3	4	5	9	3	-4.54455	-2.46968	-3.70281	-4.82018
1277	2	4	1	2	2	1	5	-2.77551	-3.64197	-4.19263	-3.99206
1278	2	4	1	2	2	1	5	-2.77551	-3.64197	-4.19263	-3.99206
1279	9	2	4	62	4	5	6	-3.71273	-5.20227	-5.84924	-6.13992
1280	2	1	12	3	2	1	5	-2.60626	-2.09751	-3.70635	-4.49124
1281	2	4	1	2	2	1	5	-2.77551	-3.64197	-4.19263	-3.99206
1282	2	4	1	2	7	1	5	-2.30801	-5.77623	-5.65875	-4.68557
1283	7	17	2	15	23	3	12	-6.89972	-10.3786	-10.363	-9.48886
1284	2	1	1	3	2	1	5	-4.5971	-3.76613	-6.39981	-6.7735
1285	2	1	12	3	2	1	5	-2.60626	-2.09751	-3.70635	-4.49124
1286	2	4	1	2	2	1	5	-2.77551	-3.64197	-4.19263	-3.99206
1287	2	1	5	3	2	3	5	-4.21013	-3.23273	-5.48383	-4.7413
1288	2	4	1	2	2	1	5	-2.77551	-3.64197	-4.19263	-3.99206
1289	2	4	1	2	2	1	5	-2.77551	-3.64197	-4.19263	-3.99206
1290	1	4	2	2	6	3	17	-4.54919	-2.42855	-4.65554	-5.4114
1291	2	1	2	3	2	3	5	-3.75904	-7.12936	-7.20564	-6.3402
1292	2	1	5	3	2	3	5	-4.21013	-3.23273	-5.48383	-4.7413
1293	1	2	3	3	5	9	3	-11.9551	-7.98389	-9.79128	-11.9174
1294	4	7	10	4	42	51	1	-2.92986	-4.64519	-4.84553	-3.7418
1295	1	4	2	2	6	3	17	-4.54919	-2.42855	-4.65554	-5.4114
1296	2	1	5	3	2	3	5	-4.21013	-3.23273	-5.48383	-4.7413
1297	4	7	10	4	1	7	1	-1.83189	-3.84939	-2.63818	-1.9105
1298	2	4	1	2	2	1	5	-2.77551	-3.64197	-4.19263	-3.99206
1299	4	7	10	4	1	7	1	-1.83189	-3.84939	-2.63818	-1.9105
1300	2	1	21	3	2	1	5	-2.91672	-2.47063	-4.45235	-4.35156
1301	2	4	1	2	2	1	5	-2.77551	-3.64197	-4.19263	-3.99206
1302	4	7	10	4	1	7	1	-1.83189	-3.84939	-2.63818	-1.9105
1303	2	4	1	2	2	1	5	-2.77551	-3.64197	-4.19263	-3.99206
1304	2	1	5	3	2	5	5	-5.40531	-2.81163	-4.18768	-5.40256
1305	2	4	1	2	2	1	5	-2.77551	-3.64197	-4.19263	-3.99206
1306	2	1	21	3	2	1	5	-2.91672	-2.47063	-4.45235	-4.35156
1307	2	1	5	3	2	5	5	-5.40531	-2.81163	-4.18768	-5.40256
1308	1	4	2	2	6	3	17	-4.54919	-2.42855	-4.65554	-5.4114
1309	1	4	2	2	6	3	17	-4.54919	-2.42855	-4.65554	-5.4114
1310	2	1	5	3	2	3	5	-4.21013	-3.23273	-5.48383	-4.7413
1311	1	4	2	2	6	3	17	-4.54919	-2.42855	-4.65554	-5.4114
1312	2	4	1	2	2	1	5	-2.77551	-3.64197	-4.19263	-3.99206
1313	2	1	12	88	2	1	5	-3.93308	-3.41065	-5.7443	-5.20536
1314	2	1	5	3	2	3	5	-4.21013	-3.23273	-5.48383	-4.7413
1315	2	4	5	2	2	1	5	-6.17857	-9.11795	-8.91429	-8.63164
1316	2	4	1	2	2	1	5	-2.77551	-3.64197	-4.19263	-3.99206
1317	1	4	2	2	6	3	17	-4.54919	-2.42855	-4.65554	-5.4114
1318	2	1	21	3	2	1	5	-2.91672	-2.47063	-4.45235	-4.35156
1319	4	7	10	4	1	7	1	-1.83189	-3.84939	-2.63818	-1.9105
1320	1	2	3	4	5	9	3	-4.54455	-2.46968	-3.70281	-4.82018
1321	2	4	1	2	7	1	5	-2.30801	-5.77623	-5.65875	-4.68557
1322	4	7	10	4	1	7	1	-1.83189	-3.84939	-2.63818	-1.9105
1323	4	7	10	4	1	7	1	-1.83189	-3.84939	-2.63818	-1.9105
1324	1	4	2	2	6	3	17	-4.54919	-2.42855	-4.65554	-5.4114
1325	2	4	1	2	7	1	5	-2.30801	-5.77623	-5.65875	-4.68557
1326	4	7	10	4	1	7	1	-1.83189	-3.84939	-2.63818	-1.9105
1327	8	10	2	2	11	12	6	-3.95374	-7.37817	-7.41265	-6.54263
1328	969	7	10	4	1	7	1	-5.52625	-8.39797	-5.72161	-4.88616
1329	4	7	10	4	1	7	1	-1.83189	-3.84939	-2.63818	-1.9105
1330	10	27	16	942	10	5	7	-23.9515	-17.4096	-18.9696	-20.5088
1331	10	27	16	941	10	5	7	-23.9515	-17.4096	-18.9696	-20.5088
1332	4	7	10	4	1	7	1	-1.83189	-3.84939	-2.63818	-1.9105
1333	4	7	10	4	1	7	1	-1.83189	-3.84939	-2.63818	-1.9105
1334	129	66	30	82	189	47	17	-3.24613	-4.8831	-5.4408	-4.08545
1335	4	7	10	4	1	7	1	-1.83189	-3.84939	-2.63818	-1.9105
1336	4	7	10	4	1	7	1	-1.83189	-3.84939	-2.63818	-1.9105
1337	2	4	1	2	2	1	5	-2.77551	-3.64197	-4.19263	-3.99206
1338	2	1	2	3	2	3	5	-3.75904	-7.12936	-7.20564	-6.3402
1339	10	27	16	19	10	5	7	-20.1789	-12.8418	-15.883	-17.5297
1340	2	4	1	2	2	1	5	-2.77551	-3.64197	-4.19263	-3.99206
1341	33	39	30	82	104	173	68	-5.34343	-3.95792	-6.67749	-7.29688
1342	1	4	2	2	6	3	17	-4.54919	-2.42855	-4.65554	-5.4114
1343	2	1	5	3	2	5	5	-5.40531	-2.81163	-4.18768	-5.40256
1344	2	1	12	3	2	1	5	-2.60626	-2.09751	-3.70635	-4.49124
1345	8	10	2	2	11	12	6	-3.95374	-7.37817	-7.41265	-6.54263
1346	2	1	1	3	2	1	5	-4.5971	-3.76613	-6.39981	-6.7735
1347	1	4	2	2	6	3	17	-4.54919	-2.42855	-4.65554	-5.4114
1348	7	2	2	2	11	12	6	-4.50034	-7.97822	-7.96154	-7.08896
1349	9	2	4	62	4	5	6	-3.71273	-5.20227	-5.84924	-6.13992
1350	2	1	21	3	2	1	5	-2.91672	-2.47063	-4.45235	-4.35156
1351	9	7	10	4	1	7	1	-10.5991	-12.306	-10.9967	-10.034
1352	2	1	12	3	920	1	5	-6.37896	-6.65628	-6.79144	-7.46875
1353	239	27	16	19	10	5	7	-9.68663	-6.44816	-9.26703	-10.3742
1354	7	17	2	15	23	3	12	-6.89972	-10.3786	-10.363	-9.48886
1355	1	4	2	2	6	3	17	-4.54919	-2.42855	-4.65554	-5.4114
1356	1	6	60	24	12	28	1	-29.0596	-34.1382	-20.8802	-21.0217
1357	2	4	5	2	10	1	5	-6.89443	-10.3591	-10.3423	-9.47812
1358	10	81	50	99	120	76	52	-6.69814	-6.41097	-5.33631	-5.15801
1359	4	7	10	4	1	7	1	-1.83189	-3.84939	-2.63818	-1.9105
1360	2	1	5	3	2	5	5	-5.40531	-2.81163	-4.18768	-5.40256
1361	4	7	10	1	1	7	1	-5.27412	-8.68343	-6.03912	-6.03522
1362	2	4	5	2	10	1	5	-6.89443	-10.3591	-10.3423	-9.47812
1363	2	1	21	3	2	1	5	-2.91672	-2.47063	-4.45235	-4.35156
1364	2	1	21	3	2	1	5	-2.91672	-2.47063	-4.45235	-4.35156
1365	2	4	1	2	2	1	5	-2.77551	-3.64197	-4.19263	-3.99206
1366	2	4	2	2	6	1	5	-6.05	-4.81411	-6.03444	-7.50535
1367	2	4	1	2	7	1	5	-2.30801	-5.77623	-5.65875	-4.68557
1368	2	4	1	2	2	1	5	-2.77551	-3.64197	-4.19263	-3.99206
1369	2	4	1	2	2	1	5	-2.77551	-3.64197	-4.19263	-3.99206
1370	4	7	10	4	1	7	1	-1.83189	-3.84939	-2.63818	-1.9105
1371	4	7	10	4	42	51	1	-2.92986	-4.64519	-4.84553	-3.7418
1372	2	1	5	3	2	3	5	-4.21013	-3.23273	-5.48383	-4.7413
1373	2	1	12	3	2	1	5	-2.60626	-2.09751	-3.70635	-4.49124
1374	2	1	1	3	2	1	5	-4.5971	-3.76613	-6.39981	-6.7735
1375	2	4	1	2	2	1	5	-2.77551	-3.64197	-4.19263	-3.99206
1376	4	7	10	4	1	7	1	-1.83189	-3.84939	-2.63818	-1.9105
1377	10	1	16	19	10	5	7	-5.90527	-2.72749	-4.28503	-5.12788
1378	2	4	1	2	7	1	5	-2.30801	-5.77623	-5.65875	-4.68557
1379	2	4	1	2	2	1	5	-2.77551	-3.64197	-4.19263	-3.99206
1380	10	81	50	99	120	76	52	-6.69814	-6.41097	-5.33631	-5.15801
1381	2	1	12	3	2	1	5	-2.60626	-2.09751	-3.70635	-4.49124
1382	2	4	1	2	2	1	5	-2.77551	-3.64197	-4.19263	-3.99206
1383	2	4	1	2	7	1	5	-2.30801	-5.77623	-5.65875	-4.68557
1384	1	2	3	4	5	9	3	-4.54455	-2.46968	-3.70281	-4.82018
1385	8	10	2	2	11	12	6	-3.95374	-7.37817	-7.41265	-6.54263
1386	1	4	2	2	6	3	17	-4.54919	-2.42855	-4.65554	-5.4114
1387	2	4	1	2	2	1	5	-2.77551	-3.64197	-4.19263	-3.99206
1388	2	4	1	2	2	1	5	-2.77551	-3.64197	-4.19263	-3.99206
1389	10	7	10	4	1	7	1	-12.6413	-10.8829	-9.71133	-9.21581
1390	2	1	21	3	2	1	5	-2.91672	-2.47063	-4.45235	-4.35156
1391	2	1	21	3	2	1	5	-2.91672	-2.47063	-4.45235	-4.35156
1392	10	1	16	19	10	5	7	-5.90527	-2.72749	-4.28503	-5.12788
1393	2	1	5	3	2	3	5	-4.21013	-3.23273	-5.48383	-4.7413
1394	2	1	5	3	2	3	5	-4.21013	-3.23273	-5.48383	-4.7413
1395	2	4	1	2	2	5	5	-6.80922	-6.38415	-8.81967	-9.06405
1396	2	4	1	2	7	1	5	-2.30801	-5.77623	-5.65875	-4.68557
1397	10	1	16	19	10	5	7	-5.90527	-2.72749	-4.28503	-5.12788
1398	2	4	1	2	7	1	5	-2.30801	-5.77623	-5.65875	-4.68557
1399	2	934	1	2	2	1	5	-6.47044	-8.2025	-7.26964	-6.95184
