Isolate	Loci0	Loci1	Loci2	Loci3	Loci4	Loci5	Loci6	Source0	Source1	Source2	Source3
0	1	2	3	4	5	9	3	-4.60274	-2.45694	-3.76078	-4.95232
1	4	7	10	4	1	7	1	-1.83415	-3.8503	-2.60404	-1.91858
2	2	4	1	2	2	1	5	-2.77289	-3.66583	-4.24052	-4.13663
3	2	4	1	2	2	1	5	-2.77289	-3.66583	-4.24052	-4.13663
4	9	25	2	10	22	3	6	-4.48169	-7.78609	-5.8003	-4.33057
5	4	7	10	4	1	7	1	-1.83415	-3.8503	-2.60404	-1.91858
6	4	7	10	4	1	7	1	-1.83415	-3.8503	-2.60404	-1.91858
7	4	7	10	4	42	51	1	-2.9309	-4.69298	-4.85629	-3.79994
8	2	4	1	2	2	1	5	-2.77289	-3.66583	-4.24052	-4.13663
9	10	81	50	99	120	76	52	-6.73383	-6.34311	-5.31077	-5.13977
10	2	1	21	3	2	1	5	-2.92316	-2.47356	-4.6145	-4.52994
11	2	1	21	3	2	1	5	-2.92316	-2.47356	-4.6145	-4.52994
12	9	25	2	10	22	3	6	-4.48169	-7.78609	-5.8003	-4.33057
13	2	1	21	3	2	1	5	-2.92316	-2.47356	-4.6145	-4.52994
14	10	27	16	19	10	5	7	-19.8244	-13.1554	-16.1096	-17.5948
15	2	4	1	2	2	1	5	-2.77289	-3.66583	-4.24052	-4.13663
16	2	4	1	2	2	1	5	-2.77289	-3.66583	-4.24052	-4.13663
17	9	2	4	62	4	5	6	-3.71526	-5.26658	-5.98034	-6.93697
18	9	53	2	53	11	3	3	-31.5098	-29.0496	-23.6274	-25.4474
19	2	4	1	2	2	1	5	-2.77289	-3.66583	-4.24052	-4.13663
20	2	4	1	2	2	1	5	-2.77289	-3.66583	-4.24052	-4.13663
21	4	7	10	4	1	7	1	-1.83415	-3.8503	-2.60404	-1.91858
22	2	4	1	2	2	1	5	-2.77289	-3.66583	-4.24052	-4.13663
23	1	4	2	2	6	3	17	-4.60601	-2.41848	-4.82991	-5.5125
24	4	7	10	4	1	7	1	-1.83415	-3.8503	-2.60404	-1.91858
25	2	1	21	3	2	1	5	-2.92316	-2.47356	-4.6145	-4.52994
26	8	10	2	2	11	12	6	-3.95391	-8.16465	-7.85218	-7.46412
27	2	4	2	2	6	1	5	-6.0698	-4.80839	-6.10404	-7.90486
28	2	1	12	3	2	1	5	-2.61268	-2.10119	-3.82573	-4.90239
29	2	4	1	2	2	1	5	-2.77289	-3.66583	-4.24052	-4.13663
30	4	7	10	4	1	7	1	-1.83415	-3.8503	-2.60404	-1.91858
31	10	1	16	19	10	5	7	-6.08934	-2.71397	-4.36112	-5.16938
32	1	2	3	4	5	9	3	-4.60274	-2.45694	-3.76078	-4.95232
33	2	4	1	2	2	1	5	-2.77289	-3.66583	-4.24052	-4.13663
34	2	4	1	2	2	1	5	-2.77289	-3.66583	-4.24052	-4.13663
35	2	4	1	2	2	1	5	-2.77289	-3.66583	-4.24052	-4.13663
36	4	7	10	4	1	7	1	-1.83415	-3.8503	-2.60404	-1.91858
37	129	66	30	82	189	47	17	-3.24991	-4.92779	-5.46129	-4.13975
38	2	1	12	3	357	1	5	-7.5506	-6.54712	-5.96938	-7.47457
39	9	2	4	62	4	5	6	-3.71526	-5.26658	-5.98034	-6.93697
40	2	1	1	3	2	1	5	-4.6002	-3.76855	-6.74887	-7.25
41	2	1	12	3	357	1	5	-7.5506	-6.54712	-5.96938	-7.47457
42	2	1	5	3	2	3	5	-4.22625	-3.22939	-5.63326	-4.765
43	2	1	5	3	2	3	5	-4.22625	-3.22939	-5.63326	-4.765
44	2	4	1	2	2	1	5	-2.77289	-3.66583	-4.24052	-4.13663
45	2	4	1	2	2	1	5	-2.77289	-3.66583	-4.24052	-4.13663
46	2	4	2	2	6	1	5	-6.0698	-4.80839	-6.10404	-7.90486
47	1	4	2	2	6	3	17	-4.60601	-2.41848	-4.82991	-5.5125
48	2	1	21	3	2	1	5	-2.92316	-2.47356	-4.6145	-4.52994
49	2	1	2	3	2	3	5	-3.75575	-7.90261	-7.64363	-7.25951
50	2	1	21	3	2	1	5	-2.92316	-2.47356	-4.6145	-4.52994
51	7	17	2	15	23	3	12	-6.90139	-11.1971	-10.804	-10.4101
52	2	4	1	2	7	1	5	-2.30367	-6.574	-6.02129	-5.33534
53	9	2	4	62	4	5	6	-3.71526	-5.26658	-5.98034	-6.93697
54	2	4	1	2	7	1	5	-2.30367	-6.574	-6.02129	-5.33534
55	9	2	4	62	4	5	6	-3.71526	-5.26658	-5.98034	-6.93697
56	2	1	12	88	2	1	5	-3.94101	-3.41186	-5.967	-5.32901
57	2	1	5	3	2	3	5	-4.22625	-3.22939	-5.63326	-4.765
58	2	4	1	2	2	1	5	-2.77289	-3.66583	-4.24052	-4.13663
59	9	2	4	62	4	5	6	-3.71526	-5.26658	-5.98034	-6.93697
60	2	1	5	3	2	3	5	-4.22625	-3.22939	-5.63326	-4.765
61	2	4	1	2	2	1	5	-2.77289	-3.66583	-4.24052	-4.13663
62	2	4	1	2	2	1	5	-2.77289	-3.66583	-4.24052	-4.13663
63	2	4	1	2	2	1	5	-2.77289	-3.66583	-4.24052	-4.13663
64	2	4	1	2	2	1	5	-2.77289	-3.66583	-4.24052	-4.13663
65	2	4	1	2	2	1	5	-2.77289	-3.66583	-4.24052	-4.13663
66	2	4	1	2	2	1	5	-2.77289	-3.66583	-4.24052	-4.13663
67	1	2	215	4	90	24	8	-32.9699	-28.9799	-19.4008	-21.0061
68	2	4	1	2	2	1	5	-2.77289	-3.66583	-4.24052	-4.13663
69	1	2	3	4	5	9	3	-4.60274	-2.45694	-3.76078	-4.95232
70	2	4	1	2	2	1	5	-2.77289	-3.66583	-4.24052	-4.13663
71	2	4	1	2	2	1	5	-2.77289	-3.66583	-4.24052	-4.13663
72	9	25	2	10	22	3	6	-4.48169	-7.78609	-5.8003	-4.33057
73	2	15	4	48	360	25	23	-6.7602	-8.61924	-5.658	-4.88086
74	2	4	1	2	2	1	5	-2.77289	-3.66583	-4.24052	-4.13663
75	2	1	12	88	2	1	5	-3.94101	-3.41186	-5.967	-5.32901
76	2	4	2	2	6	1	5	-6.0698	-4.80839	-6.10404	-7.90486
77	10	1	16	19	10	5	7	-6.08934	-2.71397	-4.36112	-5.16938
78	2	4	1	2	2	1	5	-2.77289	-3.66583	-4.24052	-4.13663
79	2	1	12	3	2	1	5	-2.61268	-2.10119	-3.82573	-4.90239
80	2	4	1	2	2	1	5	-2.77289	-3.66583	-4.24052	-4.13663
81	2	4	1	2	2	1	5	-2.77289	-3.66583	-4.24052	-4.13663
82	1	4	2	2	6	3	17	-4.60601	-2.41848	-4.82991	-5.5125
83	10	1	16	19	10	5	7	-6.08934	-2.71397	-4.36112	-5.16938
84	8	10	149	2	11	12	6	-4.86638	-3.94433	-5.88583	-7.22175
85	2	4	1	2	2	1	5	-2.77289	-3.66583	-4.24052	-4.13663
86	2	4	1	2	7	1	5	-2.30367	-6.574	-6.02129	-5.33534
87	32	39	30	82	104	324	17	-8.07905	-4.64271	-7.8125	-8.60784
88	1	2	3	4	5	9	3	-4.60274	-2.45694	-3.76078	-4.95232
89	2	1	5	3	2	3	5	-4.22625	-3.22939	-5.63326	-4.765
90	2	4	1	2	2	1	5	-2.77289	-3.66583	-4.24052	-4.13663
91	2	4	1	2	7	1	5	-2.30367	-6.574	-6.02129	-5.33534
92	4	7	10	4	1	7	1	-1.83415	-3.8503	-2.60404	-1.91858
93	2	1	2	3	2	3	5	-3.75575	-7.90261	-7.64363	-7.25951
94	2	1	12	3	2	1	5	-2.61268	-2.10119	-3.82573	-4.90239
95	2	1	21	3	2	1	5	-2.92316	-2.47356	-4.6145	-4.52994
96	2	1	21	3	2	1	5	-2.92316	-2.47356	-4.6145	-4.52994
97	9	2	5	2	11	3	1	-28.3749	-33.0012	-26.9097	-26.7051
98	4	7	10	4	1	7	1	-1.83415	-3.8503	-2.60404	-1.91858
99	2	1	2	3	2	3	5	-3.75575	-7.90261	-7.64363	-7.25951
100	2	1	21	3	2	1	5	-2.92316	-2.47356	-4.6145	-4.52994
101	4	7	10	4	1	7	1	-1.83415	-3.8503	-2.60404	-1.91858
102	2	1	21	3	2	1	5	-2.92316	-2.47356	-4.6145	-4.52994
103	1	4	2	2	6	3	17	-4.60601	-2.41848	-4.82991	-5.5125
104	2	4	5	2	10	1	5	-6.89101	-11.1827	-10.7801	-10.401
105	2	1	12	88	2	1	5	-3.94101	-3.41186	-5.967	-5.32901
106	9	2	4	62	4	5	6	-3.71526	-5.26658	-5.98034	-6.93697
107	2	165	73	147	220	190	104	-9.20601	-9.08682	-6.72127	-5.20147
108	2	1	21	3	2	1	5	-2.92316	-2.47356	-4.6145	-4.52994
109	2	4	1	2	2	1	5	-2.77289	-3.66583	-4.24052	-4.13663
110	2	1	12	3	11	1	6	-18.2455	-18.3935	-19.837	-21.4918
111	2	1	2	3	2	3	5	-3.75575	-7.90261	-7.64363	-7.25951
112	2	4	1	2	7	1	5	-2.30367	-6.574	-6.02129	-5.33534
113	2	1	2	3	2	3	5	-3.75575	-7.90261	-7.64363	-7.25951
114	2	1	21	3	2	1	5	-2.92316	-2.47356	-4.6145	-4.52994
115	2	4	1	2	7	1	5	-2.30367	-6.574	-6.02129	-5.33534
116	33	39	30	82	113	43	17	-9.49925	-6.42262	-6.26822	-8.5977
117	2	4	1	2	2	1	5	-2.77289	-3.66583	-4.24052	-4.13663
118	2	4	1	2	2	1	5	-2.77289	-3.66583	-4.24052	-4.13663
119	2	4	1	2	2	1	5	-2.77289	-3.66583	-4.24052	-4.13663
120	2	4	1	2	7	1	5	-2.30367	-6.574	-6.02129	-5.33534
121	4	7	10	1	1	7	1	-5.27382	-9.01084	-6.03621	-6.12862
122	2	1	12	3	2	1	5	-2.61268	-2.10119	-3.82573	-4.90239
123	2	4	1	2	2	1	5	-2.77289	-3.66583	-4.24052	-4.13663
124	2	4	1	2	2	1	5	-2.77289	-3.66583	-4.24052	-4.13663
125	2	4	1	2	7	1	5	-2.30367	-6.574	-6.02129	-5.33534
126	2	4	1	2	2	1	5	-2.77289	-3.66583	-4.24052	-4.13663
127	2	4	1	2	2	1	5	-2.77289	-3.66583	-4.24052	-4.13663
128	2	1	12	88	2	1	5	-3.94101	-3.41186	-5.967	-5.32901
129	2	1	12	3	2	1	5	-2.61268	-2.10119	-3.82573	-4.90239
130	2	1	12	3	2	1	5	-2.61268	-2.10119	-3.82573	-4.90239
131	2	4	1	2	7	1	5	-2.30367	-6.574	-6.02129	-5.33534
132	2	1	21	3	2	1	5	-2.92316	-2.47356	-4.6145	-4.52994
133	2	1	21	3	2	1	5	-2.92316	-2.47356	-4.6145	-4.52994
134	2	4	5	2	2	5	5	-3.67079	-7.85588	-6.98357	-5.95068
135	2	1	21	3	2	1	5	-2.92316	-2.47356	-4.6145	-4.52994
136	1	4	2	2	6	3	1	-11.0676	-10.4435	-10.2791	-11.1904
137	2	1	5	3	2	3	5	-4.22625	-3.22939	-5.63326	-4.765
138	2	1	5	3	2	3	5	-4.22625	-3.22939	-5.63326	-4.765
139	4	7	10	4	1	7	1	-1.83415	-3.8503	-2.60404	-1.91858
140	8	10	2	2	11	12	6	-3.95391	-8.16465	-7.85218	-7.46412
141	2	1	2	3	2	3	5	-3.75575	-7.90261	-7.64363	-7.25951
142	2	1	5	3	2	3	5	-4.22625	-3.22939	-5.63326	-4.765
143	2	1	2	3	2	3	5	-3.75575	-7.90261	-7.64363	-7.25951
144	129	66	30	82	189	47	17	-3.24991	-4.92779	-5.46129	-4.13975
145	2	4	1	2	2	1	5	-2.77289	-3.66583	-4.24052	-4.13663
146	2	4	1	2	2	1	5	-2.77289	-3.66583	-4.24052	-4.13663
147	7	21	5	62	4	61	44	-7.2104	-3.79589	-5.88558	-7.45248
148	2	4	1	2	2	1	5	-2.77289	-3.66583	-4.24052	-4.13663
149	2	937	1	2	2	1	5	-7.63244	-8.11847	-6.37883	-6.70354
150	1	14	2	2	6	1	17	-9.36615	-6.40061	-7.65721	-6.2846
151	1	4	2	2	6	3	17	-4.60601	-2.41848	-4.82991	-5.5125
152	8	10	149	2	11	12	6	-4.86638	-3.94433	-5.88583	-7.22175
153	2	1	12	3	2	1	5	-2.61268	-2.10119	-3.82573	-4.90239
154	9	30	2	2	89	59	6	-4.95323	-9.25089	-8.85671	-8.46333
155	1	2	3	4	5	9	3	-4.60274	-2.45694	-3.76078	-4.95232
156	2	4	1	2	2	1	5	-2.77289	-3.66583	-4.24052	-4.13663
157	2	4	1	2	2	1	5	-2.77289	-3.66583	-4.24052	-4.13663
158	180	194	2	68	19	231	147	-29.9758	-31.8665	-19.9137	-21.6773
159	2	4	1	2	2	1	5	-2.77289	-3.66583	-4.24052	-4.13663
160	2	4	1	2	2	1	5	-2.77289	-3.66583	-4.24052	-4.13663
161	2	4	1	2	2	1	5	-2.77289	-3.66583	-4.24052	-4.13663
162	4	7	10	4	1	7	1	-1.83415	-3.8503	-2.60404	-1.91858
163	2	4	1	2	2	1	5	-2.77289	-3.66583	-4.24052	-4.13663
164	2	1	21	3	2	1	5	-2.92316	-2.47356	-4.6145	-4.52994
165	2	4	1	2	7	1	5	-2.30367	-6.574	-6.02129	-5.33534
166	2	4	1	2	2	1	5	-2.77289	-3.66583	-4.24052	-4.13663
167	10	1	16	19	10	5	7	-6.08934	-2.71397	-4.36112	-5.16938
168	104	7	10	4	1	7	1	-4.40807	-8.71251	-8.28952	-7.90383
169	2	4	1	2	2	1	5	-2.77289	-3.66583	-4.24052	-4.13663
170	10	27	16	19	10	5	7	-19.8244	-13.1554	-16.1096	-17.5948
171	2	4	1	2	2	1	5	-2.77289	-3.66583	-4.24052	-4.13663
172	2	1	1	3	2	1	5	-4.6002	-3.76855	-6.74887	-7.25
173	7	21	5	62	4	61	44	-7.2104	-3.79589	-5.88558	-7.45248
174	2	1	1	3	2	1	5	-4.6002	-3.76855	-6.74887	-7.25
175	10	1	16	19	10	5	7	-6.08934	-2.71397	-4.36112	-5.16938
176	2	4	1	2	2	1	5	-2.77289	-3.66583	-4.24052	-4.13663
177	2	4	1	2	2	1	5	-2.77289	-3.66583	-4.24052	-4.13663
178	2	1	12	3	2	1	5	-2.61268	-2.10119	-3.82573	-4.90239
179	2	4	1	2	2	1	5	-2.77289	-3.66583	-4.24052	-4.13663
180	2	4	1	2	2	1	5	-2.77289	-3.66583	-4.24052	-4.13663
181	1	4	2	2	6	3	17	-4.60601	-2.41848	-4.82991	-5.5125
182	2	1	12	3	2	1	5	-2.61268	-2.10119	-3.82573	-4.90239
183	4	7	10	4	1	7	1	-1.83415	-3.8503	-2.60404	-1.91858
184	2	4	1	2	2	1	5	-2.77289	-3.66583	-4.24052	-4.13663
185	2	4	1	2	2	1	5	-2.77289	-3.66583	-4.24052	-4.13663
186	2	1	21	3	2	1	5	-2.92316	-2.47356	-4.6145	-4.52994
187	4	7	10	4	1	7	1	-1.83415	-3.8503	-2.60404	-1.91858
188	4	7	10	4	42	51	1	-2.9309	-4.69298	-4.85629	-3.79994
189	2	1	5	3	2	3	5	-4.22625	-3.22939	-5.63326	-4.765
190	1	2	4	62	4	5	17	-6.08661	-4.81881	-7.8703	-8.45332
191	4	7	10	4	1	7	1	-1.83415	-3.8503	-2.60404	-1.91858
192	4	7	10	4	42	51	1	-2.9309	-4.69298	-4.85629	-3.79994
193	2	1	21	3	2	1	5	-2.92316	-2.47356	-4.6145	-4.52994
194	4	7	10	4	42	51	1	-2.9309	-4.69298	-4.85629	-3.79994
195	2	4	1	2	7	1	5	-2.30367	-6.574	-6.02129	-5.33534
196	2	4	1	2	2	1	5	-2.77289	-3.66583	-4.24052	-4.13663
197	1	2	3	4	5	9	3	-4.60274	-2.45694	-3.76078	-4.95232
198	1	2	4	62	4	5	17	-6.08661	-4.81881	-7.8703	-8.45332
199	2	250	4	281	358	25	57	-31.1554	-30.5507	-17.7255	-18.6543
200	9	2	4	62	4	5	6	-3.71526	-5.26658	-5.98034	-6.93697
201	1	2	3	4	5	9	3	-4.60274	-2.45694	-3.76078	-4.95232
202	4	7	10	4	1	7	1	-1.83415	-3.8503	-2.60404	-1.91858
203	2	4	2	4	19	3	6	-5.79652	-10.0924	-9.69139	-9.30223
204	4	7	10	4	1	7	1	-1.83415	-3.8503	-2.60404	-1.91858
205	4	7	10	4	42	51	1	-2.9309	-4.69298	-4.85629	-3.79994
206	2	1	12	3	2	1	5	-2.61268	-2.10119	-3.82573	-4.90239
207	4	7	10	4	1	7	1	-1.83415	-3.8503	-2.60404	-1.91858
208	2	1	12	3	2	1	5	-2.61268	-2.10119	-3.82573	-4.90239
209	1	2	4	62	4	5	17	-6.08661	-4.81881	-7.8703	-8.45332
210	4	7	10	4	42	51	1	-2.9309	-4.69298	-4.85629	-3.79994
211	2	4	1	2	2	1	5	-2.77289	-3.66583	-4.24052	-4.13663
212	4	7	10	4	1	7	1	-1.83415	-3.8503	-2.60404	-1.91858
213	2	1	21	3	2	1	5	-2.92316	-2.47356	-4.6145	-4.52994
214	47	2	4	2	6	5	17	-11.0066	-11.0419	-6.29906	-8.77599
215	2	1	21	3	2	1	5	-2.92316	-2.47356	-4.6145	-4.52994
216	2	1	21	3	2	1	5	-2.92316	-2.47356	-4.6145	-4.52994
217	2	4	1	2	2	1	5	-2.77289	-3.66583	-4.24052	-4.13663
218	2	4	1	2	2	1	5	-2.77289	-3.66583	-4.24052	-4.13663
219	10	81	50	99	120	76	52	-6.73383	-6.34311	-5.31077	-5.13977
220	2	4	1	2	2	1	5	-2.77289	-3.66583	-4.24052	-4.13663
221	2	4	1	2	2	1	5	-2.77289	-3.66583	-4.24052	-4.13663
222	1	4	2	2	6	3	17	-4.60601	-2.41848	-4.82991	-5.5125
223	1	2	4	62	4	5	17	-6.08661	-4.81881	-7.8703	-8.45332
224	4	7	10	4	1	7	1	-1.83415	-3.8503	-2.60404	-1.91858
225	4	7	10	4	1	7	1	-1.83415	-3.8503	-2.60404	-1.91858
226	10	1	16	19	10	5	7	-6.08934	-2.71397	-4.36112	-5.16938
227	2	4	1	2	2	1	5	-2.77289	-3.66583	-4.24052	-4.13663
228	2	4	1	2	7	1	5	-2.30367	-6.574	-6.02129	-5.33534
229	1	4	2	348	6	3	17	-8.77096	-5.33019	-8.49714	-9.29867
230	1	2	4	62	4	5	17	-6.08661	-4.81881	-7.8703	-8.45332
231	10	27	16	19	10	5	7	-19.8244	-13.1554	-16.1096	-17.5948
232	1	4	2	2	6	3	17	-4.60601	-2.41848	-4.82991	-5.5125
233	4	7	10	4	42	51	1	-2.9309	-4.69298	-4.85629	-3.79994
234	2	4	1	2	2	1	5	-2.77289	-3.66583	-4.24052	-4.13663
235	2	1	12	3	2	1	5	-2.61268	-2.10119	-3.82573	-4.90239
236	2	1	12	88	2	1	5	-3.94101	-3.41186	-5.967	-5.32901
237	2	4	1	2	7	1	5	-2.30367	-6.574	-6.02129	-5.33534
238	2	1	12	3	2	1	5	-2.61268	-2.10119	-3.82573	-4.90239
239	1	4	2	2	6	3	17	-4.60601	-2.41848	-4.82991	-5.5125
240	2	1	4	28	58	25	58	-5.70955	-7.92854	-5.26897	-4.19818
241	2	1	5	3	2	3	5	-4.22625	-3.22939	-5.63326	-4.765
242	2	1	12	3	2	1	5	-2.61268	-2.10119	-3.82573	-4.90239
243	2	4	1	2	2	1	5	-2.77289	-3.66583	-4.24052	-4.13663
244	2	1	5	10	11	1	5	-26.3035	-23.4747	-23.4924	-26.0377
245	2	1	12	3	2	1	5	-2.61268	-2.10119	-3.82573	-4.90239
246	2	1	12	88	2	1	5	-3.94101	-3.41186	-5.967	-5.32901
247	2	1	12	3	2	1	5	-2.61268	-2.10119	-3.82573	-4.90239
248	2	1	12	3	2	1	5	-2.61268	-2.10119	-3.82573	-4.90239
249	1	4	2	2	6	3	17	-4.60601	-2.41848	-4.82991	-5.5125
250	9	2	4	62	4	5	6	-3.71526	-5.26658	-5.98034	-6.93697
251	2	1	12	3	2	1	5	-2.61268	-2.10119	-3.82573	-4.90239
252	8	10	149	2	11	12	6	-4.86638	-3.94433	-5.88583	-7.22175
253	2	1	21	3	2	1	5	-2.92316	-2.47356	-4.6145	-4.52994
254	1	2	3	4	5	9	3	-4.60274	-2.45694	-3.76078	-4.95232
255	2	1	5	3	2	3	5	-4.22625	-3.22939	-5.63326	-4.765
256	1	307	3	4	5	9	3	-6.83497	-6.41295	-6.23896	-8.44215
257	1	4	2	2	6	3	17	-4.60601	-2.41848	-4.82991	-5.5125
258	2	4	1	2	7	1	5	-2.30367	-6.574	-6.02129	-5.33534
259	2	4	1	2	2	1	5	-2.77289	-3.66583	-4.24052	-4.13663
260	2	61	4	64	126	7	23	-6.08032	-8.01846	-5.71457	-4.20581
261	7	21	5	62	4	61	44	-7.2104	-3.79589	-5.88558	-7.45248
262	2	1	12	3	2	1	5	-2.61268	-2.10119	-3.82573	-4.90239
263	2	4	1	2	2	1	5	-2.77289	-3.66583	-4.24052	-4.13663
264	2	1	12	3	2	1	5	-2.61268	-2.10119	-3.82573	-4.90239
265	2	1	21	3	2	1	5	-2.92316	-2.47356	-4.6145	-4.52994
266	2	1	21	3	2	1	5	-2.92316	-2.47356	-4.6145	-4.52994
267	2	4	1	2	2	1	5	-2.77289	-3.66583	-4.24052	-4.13663
268	2	4	1	2	2	1	5	-2.77289	-3.66583	-4.24052	-4.13663
269	2	4	1	2	7	1	5	-2.30367	-6.574	-6.02129	-5.33534
270	4	7	10	4	1	7	1	-1.83415	-3.8503	-2.60404	-1.91858
271	1	2	4	62	4	5	17	-6.08661	-4.81881	-7.8703	-8.45332
272	4	1	21	3	2	1	5	-9.46764	-10.5918	-10.1822	-10.2758
273	10	1	16	19	10	5	7	-6.08934	-2.71397	-4.36112	-5.16938
274	33	283	44	82	189	44	17	-6.82826	-3.43639	-5.63262	-5.95472
275	2	1	12	3	2	1	5	-2.61268	-2.10119	-3.82573	-4.90239
276	10	81	50	99	120	76	52	-6.73383	-6.34311	-5.31077	-5.13977
277	4	7	10	4	42	25	1	-9.00594	-8.95429	-5.77069	-5.14797
278	2	4	1	2	2	1	5	-2.77289	-3.66583	-4.24052	-4.13663
279	2	4	5	2	10	1	5	-6.89101	-11.1827	-10.7801	-10.401
280	2	4	1	2	2	1	5	-2.77289	-3.66583	-4.24052	-4.13663
281	9	2	4	62	4	5	6	-3.71526	-5.26658	-5.98034	-6.93697
282	4	7	10	4	1	7	1	-1.83415	-3.8503	-2.60404	-1.91858
283	2	1	12	3	2	1	5	-2.61268	-2.10119	-3.82573	-4.90239
284	9	2	4	62	4	5	6	-3.71526	-5.26658	-5.98034	-6.93697
285	9	2	4	62	4	5	6	-3.71526	-5.26658	-5.98034	-6.93697
286	2	4	1	2	2	1	5	-2.77289	-3.66583	-4.24052	-4.13663
287	2	1	12	88	2	1	5	-3.94101	-3.41186	-5.967	-5.32901
288	2	1	21	3	2	1	5	-2.92316	-2.47356	-4.6145	-4.52994
289	33	39	30	79	113	44	17	-25.2567	-25.6003	-24.5254	-27.7188
290	1	2	3	4	5	9	3	-4.60274	-2.45694	-3.76078	-4.95232
291	1	4	2	2	6	3	17	-4.60601	-2.41848	-4.82991	-5.5125
292	9	2	4	62	4	5	6	-3.71526	-5.26658	-5.98034	-6.93697
293	2	1	12	3	2	1	5	-2.61268	-2.10119	-3.82573	-4.90239
294	2	1	5	3	2	5	5	-5.49687	-2.80396	-4.25451	-5.52776
295	2	1	5	3	2	5	5	-5.49687	-2.80396	-4.25451	-5.52776
296	2	4	1	2	2	1	5	-2.77289	-3.66583	-4.24052	-4.13663
297	2	4	1	2	2	1	5	-2.77289	-3.66583	-4.24052	-4.13663
298	2	1	21	3	2	1	5	-2.92316	-2.47356	-4.6145	-4.52994
299	32	39	30	82	104	324	17	-8.07905	-4.64271	-7.8125	-8.60784
300	2	1	12	3	2	1	5	-2.61268	-2.10119	-3.82573	-4.90239
301	4	7	10	4	1	7	1	-1.83415	-3.8503	-2.60404	-1.91858
302	1	4	2	2	6	3	5	-8.60768	-5.26334	-8.37148	-9.2467
303	2	1	21	3	2	1	5	-2.92316	-2.47356	-4.6145	-4.52994
304	4	7	10	4	42	51	1	-2.9309	-4.69298	-4.85629	-3.79994
305	2	4	1	2	7	1	5	-2.30367	-6.574	-6.02129	-5.33534
306	7	21	5	62	4	61	44	-7.2104	-3.79589	-5.88558	-7.45248
307	104	7	10	4	1	7	1	-4.40807	-8.71251	-8.28952	-7.90383
308	9	25	2	10	22	3	6	-4.48169	-7.78609	-5.8003	-4.33057
309	2	4	2	2	6	3	17	-10.4697	-8.03008	-9.98513	-11.0262
310	2	4	1	2	7	1	5	-2.30367	-6.574	-6.02129	-5.33534
311	129	66	30	82	189	47	17	-3.24991	-4.92779	-5.46129	-4.13975
312	33	39	30	82	104	173	68	-5.37133	-3.94759	-7.02417	-7.62992
313	2	1	12	3	2	1	5	-2.61268	-2.10119	-3.82573	-4.90239
314	2	1	1	3	2	1	5	-4.6002	-3.76855	-6.74887	-7.25
315	7	21	5	62	4	61	44	-7.2104	-3.79589	-5.88558	-7.45248
316	2	1	21	3	2	1	5	-2.92316	-2.47356	-4.6145	-4.52994
317	4	7	10	4	1	7	1	-1.83415	-3.8503	-2.60404	-1.91858
318	10	2	107	62	120	76	1	-6.86785	-9.87655	-7.76828	-6.28317
319	4	7	10	4	1	7	1	-1.83415	-3.8503	-2.60404	-1.91858
320	2	1	12	3	2	1	5	-2.61268	-2.10119	-3.82573	-4.90239
321	2	1	5	3	2	3	5	-4.22625	-3.22939	-5.63326	-4.765
322	4	7	10	4	1	7	1	-1.83415	-3.8503	-2.60404	-1.91858
323	2	1	12	88	2	1	5	-3.94101	-3.41186	-5.967	-5.32901
324	4	7	10	4	42	7	1	-6.62914	-8.41181	-5.50232	-4.63248
325	4	7	10	4	42	51	1	-2.9309	-4.69298	-4.85629	-3.79994
326	2	1	21	3	2	1	5	-2.92316	-2.47356	-4.6145	-4.52994
327	2	1	12	3	2	1	5	-2.61268	-2.10119	-3.82573	-4.90239
328	4	7	10	4	1	7	1	-1.83415	-3.8503	-2.60404	-1.91858
329	2	4	1	2	7	1	5	-2.30367	-6.574	-6.02129	-5.33534
330	4	7	10	4	1	7	1	-1.83415	-3.8503	-2.60404	-1.91858
331	2	1	12	3	2	1	5	-2.61268	-2.10119	-3.82573	-4.90239
332	4	7	10	4	1	7	1	-1.83415	-3.8503	-2.60404	-1.91858
333	4	7	10	4	1	7	1	-1.83415	-3.8503	-2.60404	-1.91858
334	1	4	2	2	6	3	17	-4.60601	-2.41848	-4.82991	-5.5125
335	2	4	1	2	2	1	5	-2.77289	-3.66583	-4.24052	-4.13663
336	4	7	10	4	1	7	1	-1.83415	-3.8503	-2.60404	-1.91858
337	7	17	2	15	23	3	12	-6.90139	-11.1971	-10.804	-10.4101
338	2	1	5	3	2	3	5	-4.22625	-3.22939	-5.63326	-4.765
339	4	7	10	4	1	7	1	-1.83415	-3.8503	-2.60404	-1.91858
340	4	7	10	4	1	7	1	-1.83415	-3.8503	-2.60404	-1.91858
341	4	7	10	4	42	51	1	-2.9309	-4.69298	-4.85629	-3.79994
342	2	4	1	2	2	1	5	-2.77289	-3.66583	-4.24052	-4.13663
343	2	1	12	88	2	1	5	-3.94101	-3.41186	-5.967	-5.32901
344	2	1	1	3	2	1	5	-4.6002	-3.76855	-6.74887	-7.25
345	1	2	3	4	5	9	3	-4.60274	-2.45694	-3.76078	-4.95232
346	2	1	12	88	2	1	5	-3.94101	-3.41186	-5.967	-5.32901
347	2	1	1	3	2	1	5	-4.6002	-3.76855	-6.74887	-7.25
348	24	17	2	10	23	68	5	-9.17647	-5.74004	-8.90976	-9.70602
349	4	7	10	4	1	7	1	-1.83415	-3.8503	-2.60404	-1.91858
350	2	1	21	3	2	1	5	-2.92316	-2.47356	-4.6145	-4.52994
351	1	4	2	2	6	3	17	-4.60601	-2.41848	-4.82991	-5.5125
352	2	1	5	3	2	3	5	-4.22625	-3.22939	-5.63326	-4.765
353	4	7	10	4	1	7	1	-1.83415	-3.8503	-2.60404	-1.91858
354	2	1	1	3	2	1	5	-4.6002	-3.76855	-6.74887	-7.25
355	2	1	12	3	2	1	5	-2.61268	-2.10119	-3.82573	-4.90239
356	8	10	149	2	11	12	6	-4.86638	-3.94433	-5.88583	-7.22175
357	2	4	1	2	2	5	5	-6.79145	-6.39474	-9.12311	-9.62825
358	10	1	16	19	10	5	7	-6.08934	-2.71397	-4.36112	-5.16938
359	24	17	2	10	23	68	5	-9.17647	-5.74004	-8.90976	-9.70602
360	1	2	4	62	4	5	17	-6.08661	-4.81881	-7.8703	-8.45332
361	2	4	1	2	7	1	5	-2.30367	-6.574	-6.02129	-5.33534
362	7	71	5	62	11	67	6	-30.4479	-28.9469	-25.4707	-28.5262
363	7	17	5	2	10	3	6	-24.9469	-25.0163	-23.008	-23.1885
364	2	1	5	3	2	3	5	-4.22625	-3.22939	-5.63326	-4.765
365	9	2	4	62	4	5	6	-3.71526	-5.26658	-5.98034	-6.93697
366	33	38	30	82	104	325	36	-14.8083	-10.8917	-11.749	-12.9753
367	2	4	1	2	7	1	5	-2.30367	-6.574	-6.02129	-5.33534
368	47	2	4	2	6	5	17	-11.0066	-11.0419	-6.29906	-8.77599
369	2	1	12	88	2	1	5	-3.94101	-3.41186	-5.967	-5.32901
370	2	1	12	88	2	1	5	-3.94101	-3.41186	-5.967	-5.32901
371	2	1	12	88	2	1	5	-3.94101	-3.41186	-5.967	-5.32901
372	2	1	12	88	2	1	5	-3.94101	-3.41186	-5.967	-5.32901
373	2	4	1	2	2	1	5	-2.77289	-3.66583	-4.24052	-4.13663
374	2	1	12	88	2	1	5	-3.94101	-3.41186	-5.967	-5.32901
375	1	1	2	2	6	3	17	-9.62769	-6.22117	-9.17548	-10.204
376	2	1	12	88	2	1	5	-3.94101	-3.41186	-5.967	-5.32901
377	2	1	12	88	2	1	5	-3.94101	-3.41186	-5.967	-5.32901
378	2	4	1	2	2	1	5	-2.77289	-3.66583	-4.24052	-4.13663
379	2	1	12	88	2	1	5	-3.94101	-3.41186	-5.967	-5.32901
380	2	1	5	3	2	3	5	-4.22625	-3.22939	-5.63326	-4.765
381	4	7	10	4	1	7	1	-1.83415	-3.8503	-2.60404	-1.91858
382	2	1	12	3	2	1	5	-2.61268	-2.10119	-3.82573	-4.90239
383	1	2	4	62	4	5	17	-6.08661	-4.81881	-7.8703	-8.45332
384	1	4	2	2	6	3	17	-4.60601	-2.41848	-4.82991	-5.5125
385	2	1	12	3	2	1	5	-2.61268	-2.10119	-3.82573	-4.90239
386	2	1	12	88	2	1	5	-3.94101	-3.41186	-5.967	-5.32901
387	9	2	4	62	4	5	6	-3.71526	-5.26658	-5.98034	-6.93697
388	2	4	1	2	7	1	5	-2.30367	-6.574	-6.02129	-5.33534
389	2	1	5	3	2	3	5	-4.22625	-3.22939	-5.63326	-4.765
390	7	21	5	62	4	61	44	-7.2104	-3.79589	-5.88558	-7.45248
391	1	2	215	4	90	24	8	-32.9699	-28.9799	-19.4008	-21.0061
392	2	1	21	3	2	1	5	-2.92316	-2.47356	-4.6145	-4.52994
393	1	4	2	2	6	3	17	-4.60601	-2.41848	-4.82991	-5.5125
394	2	4	1	2	2	1	5	-2.77289	-3.66583	-4.24052	-4.13663
395	2	1	12	3	2	1	5	-2.61268	-2.10119	-3.82573	-4.90239
396	1	2	3	4	5	9	3	-4.60274	-2.45694	-3.76078	-4.95232
397	2	1	5	3	2	3	5	-4.22625	-3.22939	-5.63326	-4.765
398	10	1	16	19	10	5	7	-6.08934	-2.71397	-4.36112	-5.16938
399	2	1	2	3	2	959	5	-8.68937	-11.6889	-9.71314	-9.82268
400	10	1	16	19	10	5	7	-6.08934	-2.71397	-4.36112	-5.16938
401	2	4	1	2	7	1	5	-2.30367	-6.574	-6.02129	-5.33534
402	2	1	12	3	2	1	5	-2.61268	-2.10119	-3.82573	-4.90239
403	8	10	149	2	11	12	6	-4.86638	-3.94433	-5.88583	-7.22175
404	2	4	1	2	7	1	5	-2.30367	-6.574	-6.02129	-5.33534
405	4	7	10	4	1	7	1	-1.83415	-3.8503	-2.60404	-1.91858
406	4	7	10	4	1	7	1	-1.83415	-3.8503	-2.60404	-1.91858
407	2	4	5	2	2	5	5	-3.67079	-7.85588	-6.98357	-5.95068
408	2	1	12	3	2	1	5	-2.61268	-2.10119	-3.82573	-4.90239
409	166	2	27	10	151	3	1	-33.7109	-34.6571	-23.7899	-24.8887
410	33	39	30	79	113	44	17	-25.2567	-25.6003	-24.5254	-27.7188
411	7	17	2	15	23	3	12	-6.90139	-11.1971	-10.804	-10.4101
412	1	2	3	4	5	9	3	-4.60274	-2.45694	-3.76078	-4.95232
413	2	4	1	2	7	1	5	-2.30367	-6.574	-6.02129	-5.33534
414	7	21	5	62	4	61	44	-7.2104	-3.79589	-5.88558	-7.45248
415	2	1	12	3	2	1	5	-2.61268	-2.10119	-3.82573	-4.90239
416	1	2	3	4	5	9	3	-4.60274	-2.45694	-3.76078	-4.95232
417	2	1	5	88	2	11	5	-8.66357	-5.32024	-6.18239	-8.30586
418	2	4	1	2	7	1	5	-2.30367	-6.574	-6.02129	-5.33534
419	2	1	21	3	2	1	5	-2.92316	-2.47356	-4.6145	-4.52994
420	7	17	2	15	23	3	12	-6.90139	-11.1971	-10.804	-10.4101
421	2	1	5	88	2	11	5	-8.66357	-5.32024	-6.18239	-8.30586
422	47	2	4	2	6	5	17	-11.0066	-11.0419	-6.29906	-8.77599
423	1	2	3	4	5	9	3	-4.60274	-2.45694	-3.76078	-4.95232
424	7	17	2	15	23	3	12	-6.90139	-11.1971	-10.804	-10.4101
425	2	4	1	2	2	1	5	-2.77289	-3.66583	-4.24052	-4.13663
426	2	4	1	2	2	1	5	-2.77289	-3.66583	-4.24052	-4.13663
427	2	4	1	2	2	1	5	-2.77289	-3.66583	-4.24052	-4.13663
428	2	1	12	3	2	1	5	-2.61268	-2.10119	-3.82573	-4.90239
429	2	4	5	2	2	5	5	-3.67079	-7.85588	-6.98357	-5.95068
430	2	1	21	3	2	1	5	-2.92316	-2.47356	-4.6145	-4.52994
431	4	7	10	4	42	25	1	-9.00594	-8.95429	-5.77069	-5.14797
432	1	4	2	2	6	3	17	-4.60601	-2.41848	-4.82991	-5.5125
433	1	2	215	4	923	24	8	-32.9699	-28.9799	-19.4008	-21.0061
434	1	2	3	4	5	9	3	-4.60274	-2.45694	-3.76078	-4.95232
435	2	1	1	3	2	1	5	-4.6002	-3.76855	-6.74887	-7.25
436	1	4	2	2	6	3	17	-4.60601	-2.41848	-4.82991	-5.5125
437	2	4	1	2	2	1	5	-2.77289	-3.66583	-4.24052	-4.13663
438	2	1	5	3	2	5	5	-5.49687	-2.80396	-4.25451	-5.52776
439	4	7	10	4	42	51	1	-2.9309	-4.69298	-4.85629	-3.79994
440	4	7	10	4	1	7	1	-1.83415	-3.8503	-2.60404	-1.91858
441	4	7	10	4	1	7	1	-1.83415	-3.8503	-2.60404	-1.91858
442	4	7	10	4	1	7	1	-1.83415	-3.8503	-2.60404	-1.91858
443	2	1	21	3	2	1	5	-2.92316	-2.47356	-4.6145	-4.52994
444	2	1	21	3	2	1	5	-2.92316	-2.47356	-4.6145	-4.52994
445	2	4	1	2	7	1	5	-2.30367	-6.574	-6.02129	-5.33534
446	4	7	10	4	1	7	1	-1.83415	-3.8503	-2.60404	-1.91858
447	4	7	10	4	1	7	1	-1.83415	-3.8503	-2.60404	-1.91858
448	2	1	1	3	2	1	5	-4.6002	-3.76855	-6.74887	-7.25
449	2	1	21	3	2	1	5	-2.92316	-2.47356	-4.6145	-4.52994
450	2	1	21	3	2	1	5	-2.92316	-2.47356	-4.6145	-4.52994
451	4	7	10	4	42	51	1	-2.9309	-4.69298	-4.85629	-3.79994
452	4	7	10	1	1	7	1	-5.27382	-9.01084	-6.03621	-6.12862
453	239	27	16	19	10	5	7	-9.87267	-6.43445	-9.60352	-10.4002
454	2	1	12	3	2	1	5	-2.61268	-2.10119	-3.82573	-4.90239
455	2	4	1	2	2	1	5	-2.77289	-3.66583	-4.24052	-4.13663
456	2	1	12	3	2	1	5	-2.61268	-2.10119	-3.82573	-4.90239
457	2	1	12	3	2	1	5	-2.61268	-2.10119	-3.82573	-4.90239
458	10	81	50	99	120	76	52	-6.73383	-6.34311	-5.31077	-5.13977
459	47	2	4	2	6	5	17	-11.0066	-11.0419	-6.29906	-8.77599
460	2	4	1	3	2	1	5	-6.80605	-9.06478	-9.78043	-10.0947
461	4	7	10	4	1	7	1	-1.83415	-3.8503	-2.60404	-1.91858
462	2	1	1	380	2	1	5	-6.14721	-5.71865	-8.63158	-9.01087
463	2	4	1	2	7	1	5	-2.30367	-6.574	-6.02129	-5.33534
464	2	1	12	88	2	1	5	-3.94101	-3.41186	-5.967	-5.32901
465	7	71	5	62	11	67	1	-31.787	-29.1816	-24.2342	-27.5517
466	2	4	1	2	7	1	5	-2.30367	-6.574	-6.02129	-5.33534
467	4	7	10	4	1	7	1	-1.83415	-3.8503	-2.60404	-1.91858
468	2	1	1	380	2	1	5	-6.14721	-5.71865	-8.63158	-9.01087
469	2	4	1	2	2	1	5	-2.77289	-3.66583	-4.24052	-4.13663
470	2	1	12	3	2	1	5	-2.61268	-2.10119	-3.82573	-4.90239
471	1	14	2	2	6	1	17	-9.36615	-6.40061	-7.65721	-6.2846
472	1	2	4	62	4	5	17	-6.08661	-4.81881	-7.8703	-8.45332
473	4	7	10	4	1	7	1	-1.83415	-3.8503	-2.60404	-1.91858
474	2	1	21	3	2	1	5	-2.92316	-2.47356	-4.6145	-4.52994
475	2	4	1	2	2	1	5	-2.77289	-3.66583	-4.24052	-4.13663
476	1	4	2	2	6	3	17	-4.60601	-2.41848	-4.82991	-5.5125
477	4	7	10	4	1	7	1	-1.83415	-3.8503	-2.60404	-1.91858
478	10	2	107	62	120	76	1	-6.86785	-9.87655	-7.76828	-6.28317
479	2	1	12	3	2	1	5	-2.61268	-2.10119	-3.82573	-4.90239
480	2	1	5	3	2	3	5	-4.22625	-3.22939	-5.63326	-4.765
481	2	1	21	3	2	1	5	-2.92316	-2.47356	-4.6145	-4.52994
482	1	2	3	4	5	9	3	-4.60274	-2.45694	-3.76078	-4.95232
483	1	307	3	4	5	9	3	-6.83497	-6.41295	-6.23896	-8.44215
484	7	2	5	2	10	3	6	-30.5105	-29.4716	-27.6971	-29.5734
485	1	2	3	4	5	9	3	-4.60274	-2.45694	-3.76078	-4.95232
486	33	39	30	82	104	173	68	-5.37133	-3.94759	-7.02417	-7.62992
487	4	7	10	4	42	7	1	-6.62914	-8.41181	-5.50232	-4.63248
488	2	1	12	88	2	1	5	-3.94101	-3.41186	-5.967	-5.32901
489	2	4	1	2	2	1	5	-2.77289	-3.66583	-4.24052	-4.13663
490	2	1	21	3	2	1	5	-2.92316	-2.47356	-4.6145	-4.52994
491	9	2	4	62	4	5	6	-3.71526	-5.26658	-5.98034	-6.93697
492	2	1	5	3	2	3	5	-4.22625	-3.22939	-5.63326	-4.765
493	4	7	10	4	1	7	1	-1.83415	-3.8503	-2.60404	-1.91858
494	2	1	57	26	127	29	35	-6.87921	-10.4191	-6.28187	-8.58484
495	2	1	57	26	127	29	35	-6.87921	-10.4191	-6.28187	-8.58484
496	2	4	2	4	19	3	6	-5.79652	-10.0924	-9.69139	-9.30223
497	2	1	12	3	2	1	5	-2.61268	-2.10119	-3.82573	-4.90239
498	2	4	1	2	2	1	5	-2.77289	-3.66583	-4.24052	-4.13663
499	2	4	1	2	2	1	5	-2.77289	-3.66583	-4.24052	-4.13663
500	2	1	21	3	2	1	5	-2.92316	-2.47356	-4.6145	-4.52994
501	33	39	65	79	104	43	17	-4.59778	-8.89439	-8.50049	-8.10757
502	1	14	2	2	6	1	17	-9.36615	-6.40061	-7.65721	-6.2846
503	2	1	12	3	2	1	5	-2.61268	-2.10119	-3.82573	-4.90239
504	7	21	5	62	4	61	44	-7.2104	-3.79589	-5.88558	-7.45248
505	9	2	4	62	4	5	6	-3.71526	-5.26658	-5.98034	-6.93697
506	129	66	30	82	189	47	17	-3.24991	-4.92779	-5.46129	-4.13975
507	2	1	21	3	2	1	5	-2.92316	-2.47356	-4.6145	-4.52994
508	47	2	4	2	6	5	17	-11.0066	-11.0419	-6.29906	-8.77599
509	2	4	1	2	7	1	5	-2.30367	-6.574	-6.02129	-5.33534
510	33	38	30	82	104	325	36	-14.8083	-10.8917	-11.749	-12.9753
511	1	4	2	2	6	3	17	-4.60601	-2.41848	-4.82991	-5.5125
512	1	4	2	2	6	3	17	-4.60601	-2.41848	-4.82991	-5.5125
513	2	4	1	2	2	1	5	-2.77289	-3.66583	-4.24052	-4.13663
514	4	7	10	4	1	7	1	-1.83415	-3.8503	-2.60404	-1.91858
515	33	283	44	82	189	44	17	-6.82826	-3.43639	-5.63262	-5.95472
516	8	10	149	2	11	12	6	-4.86638	-3.94433	-5.88583	-7.22175
517	2	1	21	3	62	1	5	-5.79298	-10.0834	-9.68894	-9.30395
518	10	1	16	19	10	5	7	-6.08934	-2.71397	-4.36112	-5.16938
519	180	194	2	68	19	231	147	-29.9758	-31.8665	-19.9137	-21.6773
520	2	4	1	2	7	1	5	-2.30367	-6.574	-6.02129	-5.33534
521	2	4	2	2	6	1	5	-6.0698	-4.80839	-6.10404	-7.90486
522	1	2	3	4	5	9	3	-4.60274	-2.45694	-3.76078	-4.95232
523	2	1	21	3	2	1	5	-2.92316	-2.47356	-4.6145	-4.52994
524	2	1	12	3	2	1	5	-2.61268	-2.10119	-3.82573	-4.90239
525	2	1	5	3	2	3	5	-4.22625	-3.22939	-5.63326	-4.765
526	1	307	3	4	5	9	3	-6.83497	-6.41295	-6.23896	-8.44215
527	2	4	1	2	7	1	5	-2.30367	-6.574	-6.02129	-5.33534
528	2	1	12	3	2	1	5	-2.61268	-2.10119	-3.82573	-4.90239
529	7	21	5	62	4	61	44	-7.2104	-3.79589	-5.88558	-7.45248
530	2	1	5	3	2	3	5	-4.22625	-3.22939	-5.63326	-4.765
531	2	1	12	88	2	1	5	-3.94101	-3.41186	-5.967	-5.32901
532	2	1	21	3	2	1	5	-2.92316	-2.47356	-4.6145	-4.52994
533	1	4	2	2	6	3	17	-4.60601	-2.41848	-4.82991	-5.5125
534	2	4	1	2	7	1	5	-2.30367	-6.574	-6.02129	-5.33534
535	47	2	4	2	6	5	17	-11.0066	-11.0419	-6.29906	-8.77599
536	1	4	2	2	6	3	17	-4.60601	-2.41848	-4.82991	-5.5125
537	1	2	3	4	5	9	3	-4.60274	-2.45694	-3.76078	-4.95232
538	2	4	1	2	2	1	5	-2.77289	-3.66583	-4.24052	-4.13663
539	4	7	10	4	42	7	1	-6.62914	-8.41181	-5.50232	-4.63248
540	2	4	1	9	2	1	5	-7.69511	-8.12123	-6.38429	-6.7106
541	2	1	12	3	2	1	5	-2.61268	-2.10119	-3.82573	-4.90239
542	1	4	2	9	6	3	17	-9.52923	-6.82268	-6.94999	-8.06596
543	1	2	3	4	922	9	3	-9.53956	-6.91339	-5.90562	-7.52778
544	4	7	10	4	1	7	1	-1.83415	-3.8503	-2.60404	-1.91858
545	2	1	5	3	2	3	5	-4.22625	-3.22939	-5.63326	-4.765
546	2	4	1	2	7	1	5	-2.30367	-6.574	-6.02129	-5.33534
547	4	7	10	4	1	7	1	-1.83415	-3.8503	-2.60404	-1.91858
548	2	4	1	2	2	1	5	-2.77289	-3.66583	-4.24052	-4.13663
549	2	1	21	3	2	1	5	-2.92316	-2.47356	-4.6145	-4.52994
550	4	7	10	4	1	7	1	-1.83415	-3.8503	-2.60404	-1.91858
551	1	4	2	2	6	3	17	-4.60601	-2.41848	-4.82991	-5.5125
552	2	1	5	3	2	5	5	-5.49687	-2.80396	-4.25451	-5.52776
553	2	1	12	3	2	1	5	-2.61268	-2.10119	-3.82573	-4.90239
554	4	936	10	4	1	7	1	-6.766	-8.30488	-4.7263	-4.4958
555	180	194	2	68	19	231	147	-29.9758	-31.8665	-19.9137	-21.6773
556	4	7	10	4	42	51	1	-2.9309	-4.69298	-4.85629	-3.79994
557	4	7	10	4	42	25	1	-9.00594	-8.95429	-5.77069	-5.14797
558	2	1	21	3	2	1	5	-2.92316	-2.47356	-4.6145	-4.52994
559	2	1	5	3	2	3	5	-4.22625	-3.22939	-5.63326	-4.765
560	2	1	5	3	2	3	5	-4.22625	-3.22939	-5.63326	-4.765
561	4	7	10	4	42	51	1	-2.9309	-4.69298	-4.85629	-3.79994
562	4	7	10	4	1	7	1	-1.83415	-3.8503	-2.60404	-1.91858
563	2	4	1	2	7	1	5	-2.30367	-6.574	-6.02129	-5.33534
564	2	1	21	3	2	1	5	-2.92316	-2.47356	-4.6145	-4.52994
565	1	4	2	2	6	3	17	-4.60601	-2.41848	-4.82991	-5.5125
566	188	313	5	2	89	5	6	-39.9028	-38.3695	-35.6881	-40.586
567	2	1	21	3	2	1	5	-2.92316	-2.47356	-4.6145	-4.52994
568	2	1	1	3	2	1	5	-4.6002	-3.76855	-6.74887	-7.25
569	2	1	5	3	2	3	5	-4.22625	-3.22939	-5.63326	-4.765
570	2	4	1	2	2	1	5	-2.77289	-3.66583	-4.24052	-4.13663
571	2	1	5	3	2	3	5	-4.22625	-3.22939	-5.63326	-4.765
572	2	1	1	3	2	1	5	-4.6002	-3.76855	-6.74887	-7.25
573	2	1	5	3	2	3	5	-4.22625	-3.22939	-5.63326	-4.765
574	1	4	2	2	6	3	17	-4.60601	-2.41848	-4.82991	-5.5125
575	1	4	2	2	6	3	17	-4.60601	-2.41848	-4.82991	-5.5125
576	2	1	21	3	2	1	5	-2.92316	-2.47356	-4.6145	-4.52994
577	239	27	16	19	10	5	7	-9.87267	-6.43445	-9.60352	-10.4002
578	2	4	5	2	2	5	5	-3.67079	-7.85588	-6.98357	-5.95068
579	9	2	4	62	4	5	6	-3.71526	-5.26658	-5.98034	-6.93697
580	2	1	1	3	2	1	5	-4.6002	-3.76855	-6.74887	-7.25
581	2	1	5	3	2	3	5	-4.22625	-3.22939	-5.63326	-4.765
582	1	4	2	2	6	3	17	-4.60601	-2.41848	-4.82991	-5.5125
583	2	4	5	2	2	5	5	-3.67079	-7.85588	-6.98357	-5.95068
584	2	4	5	2	2	5	5	-3.67079	-7.85588	-6.98357	-5.95068
585	2	1	5	3	2	3	5	-4.22625	-3.22939	-5.63326	-4.765
586	2	1	1	380	2	1	5	-6.14721	-5.71865	-8.63158	-9.01087
587	2	7	10	4	1	7	1	-6.50025	-9.30635	-7.71377	-7.38819
588	2	1	12	3	2	1	5	-2.61268	-2.10119	-3.82573	-4.90239
589	2	4	1	2	2	1	5	-2.77289	-3.66583	-4.24052	-4.13663
590	9	2	4	62	4	5	6	-3.71526	-5.26658	-5.98034	-6.93697
591	2	4	5	2	2	5	5	-3.67079	-7.85588	-6.98357	-5.95068
592	1	4	2	2	6	3	17	-4.60601	-2.41848	-4.82991	-5.5125
593	1	4	2	2	6	5	17	-12.4583	-9.08503	-11.4406	-13.8451
594	2	4	2	2	6	1	5	-6.0698	-4.80839	-6.10404	-7.90486
595	1	4	2	2	6	5	17	-12.4583	-9.08503	-11.4406	-13.8451
596	2	23	21	3	2	1	5	-7.86128	-6.93307	-6.76177	-7.10671
597	7	21	5	62	4	61	44	-7.2104	-3.79589	-5.88558	-7.45248
598	2	4	1	2	2	1	5	-2.77289	-3.66583	-4.24052	-4.13663
599	1	307	3	4	5	9	3	-6.83497	-6.41295	-6.23896	-8.44215
600	1	2	3	4	5	9	3	-4.60274	-2.45694	-3.76078	-4.95232
601	9	2	4	62	4	5	6	-3.71526	-5.26658	-5.98034	-6.93697
602	2	1	12	3	2	1	5	-2.61268	-2.10119	-3.82573	-4.90239
603	1	4	2	2	6	3	17	-4.60601	-2.41848	-4.82991	-5.5125
604	10	1	16	19	10	5	7	-6.08934	-2.71397	-4.36112	-5.16938
605	2	1	12	3	2	1	5	-2.61268	-2.10119	-3.82573	-4.90239
606	180	194	2	68	19	231	147	-29.9758	-31.8665	-19.9137	-21.6773
607	2	1	12	3	2	1	5	-2.61268	-2.10119	-3.82573	-4.90239
608	4	7	10	4	1	7	1	-1.83415	-3.8503	-2.60404	-1.91858
609	129	66	30	82	189	47	17	-3.24991	-4.92779	-5.46129	-4.13975
610	4	7	10	4	1	7	1	-1.83415	-3.8503	-2.60404	-1.91858
611	2	1	12	3	2	1	5	-2.61268	-2.10119	-3.82573	-4.90239
612	2	1	21	3	2	1	5	-2.92316	-2.47356	-4.6145	-4.52994
613	4	7	10	4	1	7	1	-1.83415	-3.8503	-2.60404	-1.91858
614	10	1	16	19	10	5	7	-6.08934	-2.71397	-4.36112	-5.16938
615	8	10	149	2	11	12	6	-4.86638	-3.94433	-5.88583	-7.22175
616	129	66	30	82	189	47	17	-3.24991	-4.92779	-5.46129	-4.13975
617	2	4	1	2	2	1	5	-2.77289	-3.66583	-4.24052	-4.13663
618	180	194	2	68	19	231	147	-29.9758	-31.8665	-19.9137	-21.6773
619	2	1	5	3	2	3	5	-4.22625	-3.22939	-5.63326	-4.765
620	2	4	1	2	2	1	5	-2.77289	-3.66583	-4.24052	-4.13663
621	1	2	3	4	5	9	3	-4.60274	-2.45694	-3.76078	-4.95232
622	180	194	2	68	19	231	147	-29.9758	-31.8665	-19.9137	-21.6773
623	33	39	65	79	104	43	17	-4.59778	-8.89439	-8.50049	-8.10757
624	2	4	5	2	2	5	5	-3.67079	-7.85588	-6.98357	-5.95068
625	2	1	5	3	2	5	5	-5.49687	-2.80396	-4.25451	-5.52776
626	2	1	12	3	2	1	5	-2.61268	-2.10119	-3.82573	-4.90239
627	180	194	2	68	19	231	147	-29.9758	-31.8665	-19.9137	-21.6773
628	2	1	21	3	2	1	5	-2.92316	-2.47356	-4.6145	-4.52994
629	2	1	5	3	2	5	5	-5.49687	-2.80396	-4.25451	-5.52776
630	2	1	21	3	2	1	5	-2.92316	-2.47356	-4.6145	-4.52994
631	1	2	3	4	5	9	3	-4.60274	-2.45694	-3.76078	-4.95232
632	2	1	21	3	2	1	5	-2.92316	-2.47356	-4.6145	-4.52994
633	8	10	2	2	11	12	6	-3.95391	-8.16465	-7.85218	-7.46412
634	2	4	1	2	7	1	5	-2.30367	-6.574	-6.02129	-5.33534
635	2	1	5	3	2	3	5	-4.22625	-3.22939	-5.63326	-4.765
636	1	2	3	4	5	9	3	-4.60274	-2.45694	-3.76078	-4.95232
637	9	2	4	62	4	5	6	-3.71526	-5.26658	-5.98034	-6.93697
638	2	1	21	3	2	1	5	-2.92316	-2.47356	-4.6145	-4.52994
639	8	10	149	2	11	12	6	-4.86638	-3.94433	-5.88583	-7.22175
640	2	1	12	88	2	1	5	-3.94101	-3.41186	-5.967	-5.32901
641	2	4	1	2	2	1	5	-2.77289	-3.66583	-4.24052	-4.13663
642	2	1	5	10	10	1	5	-22.9027	-24.4555	-22.1019	-24.1797
643	1	2	3	4	5	9	3	-4.60274	-2.45694	-3.76078	-4.95232
644	2	4	1	2	7	1	5	-2.30367	-6.574	-6.02129	-5.33534
645	2	4	1	2	2	1	5	-2.77289	-3.66583	-4.24052	-4.13663
646	1	2	3	4	5	9	3	-4.60274	-2.45694	-3.76078	-4.95232
647	2	1	12	88	2	1	5	-3.94101	-3.41186	-5.967	-5.32901
648	4	7	10	4	1	7	1	-1.83415	-3.8503	-2.60404	-1.91858
649	2	1	21	3	2	1	5	-2.92316	-2.47356	-4.6145	-4.52994
650	2	4	1	2	7	1	5	-2.30367	-6.574	-6.02129	-5.33534
651	33	38	30	82	118	43	17	-19.5155	-20.0876	-21.29	-22.5503
652	2	4	1	2	2	1	5	-2.77289	-3.66583	-4.24052	-4.13663
653	2	1	5	3	2	3	5	-4.22625	-3.22939	-5.63326	-4.765
654	4	7	10	4	1	7	1	-1.83415	-3.8503	-2.60404	-1.91858
655	8	10	2	2	11	12	6	-3.95391	-8.16465	-7.85218	-7.46412
656	2	4	5	2	2	5	5	-3.67079	-7.85588	-6.98357	-5.95068
657	4	7	10	4	1	7	1	-1.83415	-3.8503	-2.60404	-1.91858
658	2	1	5	3	2	3	5	-4.22625	-3.22939	-5.63326	-4.765
659	33	39	30	82	113	47	17	-5.76755	-5.72815	-8.53543	-8.79551
660	2	1	21	3	2	1	5	-2.92316	-2.47356	-4.6145	-4.52994
661	2	4	1	2	7	1	5	-2.30367	-6.574	-6.02129	-5.33534
662	2	1	1	3	2	1	5	-4.6002	-3.76855	-6.74887	-7.25
663	4	7	10	4	1	7	1	-1.83415	-3.8503	-2.60404	-1.91858
664	7	21	5	62	4	61	44	-7.2104	-3.79589	-5.88558	-7.45248
665	10	81	50	99	120	76	52	-6.73383	-6.34311	-5.31077	-5.13977
666	4	7	10	4	1	7	1	-1.83415	-3.8503	-2.60404	-1.91858
667	1	2	3	4	5	9	3	-4.60274	-2.45694	-3.76078	-4.95232
668	1	2	3	4	5	9	3	-4.60274	-2.45694	-3.76078	-4.95232
669	2	4	1	2	7	1	5	-2.30367	-6.574	-6.02129	-5.33534
670	4	7	10	4	1	7	1	-1.83415	-3.8503	-2.60404	-1.91858
671	2	1	5	3	2	3	5	-4.22625	-3.22939	-5.63326	-4.765
672	1	4	2	2	6	3	17	-4.60601	-2.41848	-4.82991	-5.5125
673	4	935	10	4	1	7	1	-6.766	-8.30488	-4.7263	-4.4958
674	10	1	16	19	10	5	7	-6.08934	-2.71397	-4.36112	-5.16938
675	4	7	10	4	1	7	1	-1.83415	-3.8503	-2.60404	-1.91858
676	33	39	65	79	104	43	17	-4.59778	-8.89439	-8.50049	-8.10757
677	2	4	2	2	6	1	5	-6.0698	-4.80839	-6.10404	-7.90486
678	4	7	10	4	42	25	1	-9.00594	-8.95429	-5.77069	-5.14797
679	1	4	2	2	6	3	17	-4.60601	-2.41848	-4.82991	-5.5125
680	4	7	10	4	42	25	1	-9.00594	-8.95429	-5.77069	-5.14797
681	4	7	10	4	42	25	1	-9.00594	-8.95429	-5.77069	-5.14797
682	4	7	10	4	1	7	1	-1.83415	-3.8503	-2.60404	-1.91858
683	2	4	1	2	7	1	5	-2.30367	-6.574	-6.02129	-5.33534
684	4	7	10	4	1	7	1	-1.83415	-3.8503	-2.60404	-1.91858
685	4	7	10	4	42	7	1	-6.62914	-8.41181	-5.50232	-4.63248
686	10	27	16	19	10	5	7	-19.8244	-13.1554	-16.1096	-17.5948
687	10	81	50	99	120	76	52	-6.73383	-6.34311	-5.31077	-5.13977
688	4	7	10	4	1	7	1	-1.83415	-3.8503	-2.60404	-1.91858
689	4	7	10	4	42	51	1	-2.9309	-4.69298	-4.85629	-3.79994
690	4	7	10	4	1	7	1	-1.83415	-3.8503	-2.60404	-1.91858
691	10	81	50	99	120	76	52	-6.73383	-6.34311	-5.31077	-5.13977
692	2	4	1	2	2	1	5	-2.77289	-3.66583	-4.24052	-4.13663
693	4	7	10	4	42	51	1	-2.9309	-4.69298	-4.85629	-3.79994
694	4	7	10	4	42	51	1	-2.9309	-4.69298	-4.85629	-3.79994
695	4	7	10	4	42	51	1	-2.9309	-4.69298	-4.85629	-3.79994
696	8	10	2	2	11	12	6	-3.95391	-8.16465	-7.85218	-7.46412
697	33	38	30	82	104	43	17	-5.29074	-9.58636	-9.19058	-8.79573
698	4	7	10	4	1	7	1	-1.83415	-3.8503	-2.60404	-1.91858
699	10	81	50	99	120	76	52	-6.73383	-6.34311	-5.31077	-5.13977
700	2	4	1	2	7	1	5	-2.30367	-6.574	-6.02129	-5.33534
701	4	7	10	4	1	7	1	-1.83415	-3.8503	-2.60404	-1.91858
702	4	7	10	4	1	7	1	-1.83415	-3.8503	-2.60404	-1.91858
703	10	81	50	99	120	76	52	-6.73383	-6.34311	-5.31077	-5.13977
704	4	7	10	4	42	51	1	-2.9309	-4.69298	-4.85629	-3.79994
705	9	2	4	62	4	5	6	-3.71526	-5.26658	-5.98034	-6.93697
706	4	7	10	4	1	7	1	-1.83415	-3.8503	-2.60404	-1.91858
707	2	1	1	3	2	1	5	-4.6002	-3.76855	-6.74887	-7.25
708	1	14	2	2	6	1	17	-9.36615	-6.40061	-7.65721	-6.2846
709	2	4	2	2	6	1	5	-6.0698	-4.80839	-6.10404	-7.90486
710	2	4	2	2	6	1	5	-6.0698	-4.80839	-6.10404	-7.90486
711	4	7	10	4	42	51	1	-2.9309	-4.69298	-4.85629	-3.79994
712	10	2	107	62	120	76	1	-6.86785	-9.87655	-7.76828	-6.28317
713	2	1	12	3	2	1	5	-2.61268	-2.10119	-3.82573	-4.90239
714	2	4	1	2	2	1	5	-2.77289	-3.66583	-4.24052	-4.13663
715	47	2	4	2	6	5	17	-11.0066	-11.0419	-6.29906	-8.77599
716	4	7	10	4	42	5	1	-10.7577	-11.3208	-10.8211	-11.6114
717	2	1	12	3	2	1	5	-2.61268	-2.10119	-3.82573	-4.90239
718	4	7	10	4	42	51	1	-2.9309	-4.69298	-4.85629	-3.79994
719	1	307	3	4	5	9	3	-6.83497	-6.41295	-6.23896	-8.44215
720	2	1	21	3	2	1	5	-2.92316	-2.47356	-4.6145	-4.52994
721	4	7	10	4	1	7	1	-1.83415	-3.8503	-2.60404	-1.91858
722	2	4	1	2	2	1	5	-2.77289	-3.66583	-4.24052	-4.13663
723	2	1	12	3	2	1	5	-2.61268	-2.10119	-3.82573	-4.90239
724	4	7	10	4	1	7	1	-1.83415	-3.8503	-2.60404	-1.91858
725	2	1	21	3	2	1	5	-2.92316	-2.47356	-4.6145	-4.52994
726	2	1	1	3	2	1	5	-4.6002	-3.76855	-6.74887	-7.25
727	4	7	10	4	1	7	1	-1.83415	-3.8503	-2.60404	-1.91858
728	2	1	12	3	2	1	5	-2.61268	-2.10119	-3.82573	-4.90239
729	1	4	3	2	6	3	17	-14.1371	-9.56637	-11.6905	-14.2495
730	2	1	12	3	2	1	5	-2.61268	-2.10119	-3.82573	-4.90239
731	2	1	12	88	2	1	5	-3.94101	-3.41186	-5.967	-5.32901
732	1	4	2	2	6	3	17	-4.60601	-2.41848	-4.82991	-5.5125
733	4	7	10	4	42	51	1	-2.9309	-4.69298	-4.85629	-3.79994
734	2	1	12	3	2	1	5	-2.61268	-2.10119	-3.82573	-4.90239
735	4	7	10	4	1	7	1	-1.83415	-3.8503	-2.60404	-1.91858
736	2	1	12	88	2	1	5	-3.94101	-3.41186	-5.967	-5.32901
737	2	1	21	3	2	1	5	-2.92316	-2.47356	-4.6145	-4.52994
738	2	4	5	2	2	5	5	-3.67079	-7.85588	-6.98357	-5.95068
739	2	4	5	2	2	5	5	-3.67079	-7.85588	-6.98357	-5.95068
740	2	1	21	3	62	1	5	-5.79298	-10.0834	-9.68894	-9.30395
741	4	7	10	4	42	25	1	-9.00594	-8.95429	-5.77069	-5.14797
742	1	2	4	62	4	5	17	-6.08661	-4.81881	-7.8703	-8.45332
743	1	2	3	4	5	9	3	-4.60274	-2.45694	-3.76078	-4.95232
744	8	10	2	2	11	12	6	-3.95391	-8.16465	-7.85218	-7.46412
745	2	1	12	88	2	1	5	-3.94101	-3.41186	-5.967	-5.32901
746	2	4	5	2	2	5	5	-3.67079	-7.85588	-6.98357	-5.95068
747	2	1	12	3	2	1	5	-2.61268	-2.10119	-3.82573	-4.90239
748	7	21	5	62	4	61	44	-7.2104	-3.79589	-5.88558	-7.45248
749	9	2	4	62	4	5	6	-3.71526	-5.26658	-5.98034	-6.93697
750	10	1	16	19	10	5	7	-6.08934	-2.71397	-4.36112	-5.16938
751	10	1	16	19	10	5	7	-6.08934	-2.71397	-4.36112	-5.16938
752	8	10	2	2	11	12	6	-3.95391	-8.16465	-7.85218	-7.46412
753	1	4	2	2	6	3	17	-4.60601	-2.41848	-4.82991	-5.5125
754	2	1	12	3	2	1	5	-2.61268	-2.10119	-3.82573	-4.90239
755	2	1	12	88	2	1	5	-3.94101	-3.41186	-5.967	-5.32901
756	2	29	4	27	10	25	57	-20.1633	-20.5954	-13.7904	-12.1877
757	2	1	5	3	2	3	5	-4.22625	-3.22939	-5.63326	-4.765
758	2	1	12	3	2	1	5	-2.61268	-2.10119	-3.82573	-4.90239
759	37	52	57	26	107	29	23	-8.80416	-8.70196	-5.66747	-4.88382
760	2	4	1	2	7	1	5	-2.30367	-6.574	-6.02129	-5.33534
761	1	2	3	4	5	9	3	-4.60274	-2.45694	-3.76078	-4.95232
762	2	1	12	3	2	1	5	-2.61268	-2.10119	-3.82573	-4.90239
763	1	4	2	2	6	3	17	-4.60601	-2.41848	-4.82991	-5.5125
764	1	4	2	2	6	3	17	-4.60601	-2.41848	-4.82991	-5.5125
765	1	2	3	4	5	9	3	-4.60274	-2.45694	-3.76078	-4.95232
766	4	7	10	4	1	7	1	-1.83415	-3.8503	-2.60404	-1.91858
767	2	1	21	3	2	1	5	-2.92316	-2.47356	-4.6145	-4.52994
768	2	1	12	3	2	1	5	-2.61268	-2.10119	-3.82573	-4.90239
769	2	4	1	2	2	5	5	-6.79145	-6.39474	-9.12311	-9.62825
770	2	4	1	2	2	1	5	-2.77289	-3.66583	-4.24052	-4.13663
771	2	4	5	2	2	5	5	-3.67079	-7.85588	-6.98357	-5.95068
772	10	1	16	19	10	5	7	-6.08934	-2.71397	-4.36112	-5.16938
773	7	21	5	62	4	61	44	-7.2104	-3.79589	-5.88558	-7.45248
774	9	2	4	62	4	5	6	-3.71526	-5.26658	-5.98034	-6.93697
775	2	1	12	3	2	1	5	-2.61268	-2.10119	-3.82573	-4.90239
776	1	4	2	2	6	3	17	-4.60601	-2.41848	-4.82991	-5.5125
777	4	7	10	4	1	7	1	-1.83415	-3.8503	-2.60404	-1.91858
778	2	1	12	3	2	1	5	-2.61268	-2.10119	-3.82573	-4.90239
779	2	1	5	3	2	5	5	-5.49687	-2.80396	-4.25451	-5.52776
780	2	23	21	3	2	1	5	-7.86128	-6.93307	-6.76177	-7.10671
781	2	4	5	2	2	5	5	-3.67079	-7.85588	-6.98357	-5.95068
782	2	4	2	2	6	1	5	-6.0698	-4.80839	-6.10404	-7.90486
783	2	1	12	3	2	1	5	-2.61268	-2.10119	-3.82573	-4.90239
784	4	7	10	4	42	51	1	-2.9309	-4.69298	-4.85629	-3.79994
785	7	17	5	2	86	232	1	-30.1406	-34.3166	-25.4859	-26.0617
786	2	4	1	2	2	1	5	-2.77289	-3.66583	-4.24052	-4.13663
787	2	1	12	3	2	1	5	-2.61268	-2.10119	-3.82573	-4.90239
788	2	1	21	3	2	1	5	-2.92316	-2.47356	-4.6145	-4.52994
789	7	17	2	15	23	3	12	-6.90139	-11.1971	-10.804	-10.4101
790	2	1	5	3	2	5	5	-5.49687	-2.80396	-4.25451	-5.52776
791	1	6	60	24	12	28	1	-33.2151	-32.844	-16.9298	-19.5121
792	1	2	3	4	5	9	3	-4.60274	-2.45694	-3.76078	-4.95232
793	2	4	5	2	2	5	5	-3.67079	-7.85588	-6.98357	-5.95068
794	1	2	3	4	5	9	3	-4.60274	-2.45694	-3.76078	-4.95232
795	1	6	60	24	12	28	1	-33.2151	-32.844	-16.9298	-19.5121
796	9	2	4	62	4	5	6	-3.71526	-5.26658	-5.98034	-6.93697
797	2	4	1	2	2	1	5	-2.77289	-3.66583	-4.24052	-4.13663
798	4	7	10	4	1	7	1	-1.83415	-3.8503	-2.60404	-1.91858
799	2	4	5	2	2	5	5	-3.67079	-7.85588	-6.98357	-5.95068
800	7	2	2	2	11	12	6	-4.50056	-8.79751	-8.40227	-8.01063
801	2	1	21	3	2	1	941	-7.86163	-6.9137	-6.75472	-7.10355
802	9	2	2	10	10	3	5	-28.9936	-26.2853	-24.7825	-26.0594
803	8	10	149	2	11	12	6	-4.86638	-3.94433	-5.88583	-7.22175
804	7	1	5	2	10	3	6	-31.5153	-30.5028	-28.6512	-29.6863
805	2	1	21	3	2	1	5	-2.92316	-2.47356	-4.6145	-4.52994
806	33	39	30	82	113	43	17	-9.49925	-6.42262	-6.26822	-8.5977
807	1	6	60	24	12	28	1	-33.2151	-32.844	-16.9298	-19.5121
808	1	6	60	24	12	28	1	-33.2151	-32.844	-16.9298	-19.5121
809	7	17	2	15	23	3	12	-6.90139	-11.1971	-10.804	-10.4101
810	1	4	2	2	6	3	17	-4.60601	-2.41848	-4.82991	-5.5125
811	1	4	2	2	6	3	17	-4.60601	-2.41848	-4.82991	-5.5125
812	7	21	5	62	4	61	44	-7.2104	-3.79589	-5.88558	-7.45248
813	239	27	16	19	10	5	7	-9.87267	-6.43445	-9.60352	-10.4002
814	9	2	4	62	4	5	6	-3.71526	-5.26658	-5.98034	-6.93697
815	10	1	16	19	10	5	7	-6.08934	-2.71397	-4.36112	-5.16938
816	2	1	5	3	2	5	5	-5.49687	-2.80396	-4.25451	-5.52776
817	2	4	5	2	2	5	5	-3.67079	-7.85588	-6.98357	-5.95068
818	8	10	2	2	11	12	6	-3.95391	-8.16465	-7.85218	-7.46412
819	7	17	2	15	23	3	12	-6.90139	-11.1971	-10.804	-10.4101
820	2	4	1	4	1	1	5	-14.9884	-18.9198	-14.9226	-15.4672
821	4	7	10	4	1	7	1	-1.83415	-3.8503	-2.60404	-1.91858
822	8	10	149	2	11	12	6	-4.86638	-3.94433	-5.88583	-7.22175
823	2	1	12	88	2	1	5	-3.94101	-3.41186	-5.967	-5.32901
824	2	4	2	2	6	1	5	-6.0698	-4.80839	-6.10404	-7.90486
825	10	81	50	99	120	76	52	-6.73383	-6.34311	-5.31077	-5.13977
826	2	4	5	2	2	5	5	-3.67079	-7.85588	-6.98357	-5.95068
827	2	4	1	2	2	5	5	-6.79145	-6.39474	-9.12311	-9.62825
828	8	10	149	2	11	12	6	-4.86638	-3.94433	-5.88583	-7.22175
829	1	4	2	2	6	3	17	-4.60601	-2.41848	-4.82991	-5.5125
830	2	165	73	147	220	190	104	-9.20601	-9.08682	-6.72127	-5.20147
831	4	7	10	4	42	25	1	-9.00594	-8.95429	-5.77069	-5.14797
832	7	2	2	2	11	12	6	-4.50056	-8.79751	-8.40227	-8.01063
833	1	6	60	24	12	28	1	-33.2151	-32.844	-16.9298	-19.5121
834	2	1	12	3	2	1	5	-2.61268	-2.10119	-3.82573	-4.90239
835	33	39	65	79	104	77	17	-5.29064	-9.58707	-9.19379	-8.80062
836	4	7	10	4	1	7	1	-1.83415	-3.8503	-2.60404	-1.91858
837	1	2	3	4	5	9	3	-4.60274	-2.45694	-3.76078	-4.95232
838	2	1	21	3	2	1	5	-2.92316	-2.47356	-4.6145	-4.52994
839	2	1	12	3	2	1	5	-2.61268	-2.10119	-3.82573	-4.90239
840	4	7	10	4	1	7	1	-1.83415	-3.8503	-2.60404	-1.91858
841	2	4	1	2	7	1	5	-2.30367	-6.574	-6.02129	-5.33534
842	184	39	30	82	113	43	17	-3.95291	-6.28424	-7.69725	-7.41347
843	4	7	10	4	1	7	1	-1.83415	-3.8503	-2.60404	-1.91858
844	2	4	1	2	2	1	5	-2.77289	-3.66583	-4.24052	-4.13663
845	4	7	10	4	1	7	1	-1.83415	-3.8503	-2.60404	-1.91858
846	2	1	12	88	2	1	5	-3.94101	-3.41186	-5.967	-5.32901
847	2	1	21	3	2	1	5	-2.92316	-2.47356	-4.6145	-4.52994
848	1	2	3	4	5	9	3	-4.60274	-2.45694	-3.76078	-4.95232
849	4	7	10	4	1	7	1	-1.83415	-3.8503	-2.60404	-1.91858
850	2	1	21	3	2	1	5	-2.92316	-2.47356	-4.6145	-4.52994
851	8	10	2	2	11	12	6	-3.95391	-8.16465	-7.85218	-7.46412
852	2	4	1	2	2	1	5	-2.77289	-3.66583	-4.24052	-4.13663
853	2	4	1	2	2	1	5	-2.77289	-3.66583	-4.24052	-4.13663
854	2	4	2	2	6	1	5	-6.0698	-4.80839	-6.10404	-7.90486
855	2	4	1	2	2	1	5	-2.77289	-3.66583	-4.24052	-4.13663
856	2	4	1	2	2	1	5	-2.77289	-3.66583	-4.24052	-4.13663
857	2	4	1	2	2	1	5	-2.77289	-3.66583	-4.24052	-4.13663
858	1	2	3	4	5	9	3	-4.60274	-2.45694	-3.76078	-4.95232
859	2	4	1	2	2	1	5	-2.77289	-3.66583	-4.24052	-4.13663
860	2	4	1	2	2	1	5	-2.77289	-3.66583	-4.24052	-4.13663
861	8	10	2	2	11	12	6	-3.95391	-8.16465	-7.85218	-7.46412
862	2	1	5	3	2	3	5	-4.22625	-3.22939	-5.63326	-4.765
863	33	39	30	82	104	173	68	-5.37133	-3.94759	-7.02417	-7.62992
864	2	4	1	2	7	1	5	-2.30367	-6.574	-6.02129	-5.33534
865	8	10	2	2	11	12	6	-3.95391	-8.16465	-7.85218	-7.46412
866	2	4	1	2	7	1	5	-2.30367	-6.574	-6.02129	-5.33534
867	1	2	3	4	5	9	3	-4.60274	-2.45694	-3.76078	-4.95232
868	1	2	215	4	90	24	8	-32.9699	-28.9799	-19.4008	-21.0061
869	2	1	1	3	2	1	5	-4.6002	-3.76855	-6.74887	-7.25
870	10	81	50	99	120	76	52	-6.73383	-6.34311	-5.31077	-5.13977
871	2	4	1	2	7	1	5	-2.30367	-6.574	-6.02129	-5.33534
872	2	1	12	3	2	1	5	-2.61268	-2.10119	-3.82573	-4.90239
873	2	4	1	2	2	1	5	-2.77289	-3.66583	-4.24052	-4.13663
874	2	4	1	2	2	1	5	-2.77289	-3.66583	-4.24052	-4.13663
875	2	4	1	2	2	1	5	-2.77289	-3.66583	-4.24052	-4.13663
876	2	1	5	3	2	3	5	-4.22625	-3.22939	-5.63326	-4.765
877	2	4	1	2	2	1	5	-2.77289	-3.66583	-4.24052	-4.13663
878	4	7	10	4	1	7	1	-1.83415	-3.8503	-2.60404	-1.91858
879	2	4	1	2	7	1	5	-2.30367	-6.574	-6.02129	-5.33534
880	2	4	5	2	2	5	5	-3.67079	-7.85588	-6.98357	-5.95068
881	2	4	1	2	2	1	5	-2.77289	-3.66583	-4.24052	-4.13663
882	8	10	2	2	11	12	6	-3.95391	-8.16465	-7.85218	-7.46412
883	4	7	10	4	1	7	1	-1.83415	-3.8503	-2.60404	-1.91858
884	2	4	1	2	2	1	5	-2.77289	-3.66583	-4.24052	-4.13663
885	166	2	1	10	17	3	1	-35.5014	-37.8653	-28.8445	-30.1856
886	2	4	1	2	7	1	5	-2.30367	-6.574	-6.02129	-5.33534
887	2	4	1	2	2	1	5	-2.77289	-3.66583	-4.24052	-4.13663
888	4	7	10	4	1	7	1	-1.83415	-3.8503	-2.60404	-1.91858
889	4	7	10	4	1	7	1	-1.83415	-3.8503	-2.60404	-1.91858
890	2	4	1	2	7	1	5	-2.30367	-6.574	-6.02129	-5.33534
891	2	4	1	2	2	1	5	-2.77289	-3.66583	-4.24052	-4.13663
892	2	1	5	3	2	3	5	-4.22625	-3.22939	-5.63326	-4.765
893	9	25	2	10	22	3	6	-4.48169	-7.78609	-5.8003	-4.33057
894	2	1	21	3	62	1	5	-5.79298	-10.0834	-9.68894	-9.30395
895	129	66	30	82	189	47	17	-3.24991	-4.92779	-5.46129	-4.13975
896	129	66	30	82	189	47	17	-3.24991	-4.92779	-5.46129	-4.13975
897	4	7	10	4	1	7	1	-1.83415	-3.8503	-2.60404	-1.91858
898	2	4	1	2	2	1	5	-2.77289	-3.66583	-4.24052	-4.13663
899	4	7	10	4	42	7	1	-6.62914	-8.41181	-5.50232	-4.63248
900	2	4	1	2	7	1	5	-2.30367	-6.574	-6.02129	-5.33534
901	1	307	3	4	5	9	3	-6.83497	-6.41295	-6.23896	-8.44215
902	2	1	21	3	2	1	5	-2.92316	-2.47356	-4.6145	-4.52994
903	4	7	10	4	1	7	1	-1.83415	-3.8503	-2.60404	-1.91858
904	2	1	21	3	2	1	5	-2.92316	-2.47356	-4.6145	-4.52994
905	2	4	1	2	2	5	5	-6.79145	-6.39474	-9.12311	-9.62825
906	2	4	1	2	7	1	5	-2.30367	-6.574	-6.02129	-5.33534
907	2	4	1	2	7	1	5	-2.30367	-6.574	-6.02129	-5.33534
908	2	4	1	2	7	1	5	-2.30367	-6.574	-6.02129	-5.33534
909	4	7	10	4	1	7	1	-1.83415	-3.8503	-2.60404	-1.91858
910	8	10	2	2	11	12	6	-3.95391	-8.16465	-7.85218	-7.46412
911	7	21	5	62	4	61	44	-7.2104	-3.79589	-5.88558	-7.45248
912	2	1	12	88	2	1	5	-3.94101	-3.41186	-5.967	-5.32901
913	2	4	1	2	2	1	5	-2.77289	-3.66583	-4.24052	-4.13663
914	1	2	3	4	5	9	3	-4.60274	-2.45694	-3.76078	-4.95232
915	2	4	1	2	7	1	5	-2.30367	-6.574	-6.02129	-5.33534
916	2	4	1	2	2	1	5	-2.77289	-3.66583	-4.24052	-4.13663
917	2	4	1	2	2	1	5	-2.77289	-3.66583	-4.24052	-4.13663
918	2	4	1	2	7	1	5	-2.30367	-6.574	-6.02129	-5.33534
919	4	7	10	4	1	7	1	-1.83415	-3.8503	-2.60404	-1.91858
920	2	1	5	3	2	3	5	-4.22625	-3.22939	-5.63326	-4.765
921	2	4	1	2	7	1	5	-2.30367	-6.574	-6.02129	-5.33534
922	2	4	1	2	2	1	5	-2.77289	-3.66583	-4.24052	-4.13663
923	8	10	2	2	11	12	6	-3.95391	-8.16465	-7.85218	-7.46412
924	2	1	12	3	2	1	5	-2.61268	-2.10119	-3.82573	-4.90239
925	48	7	10	4	183	7	1	-11.6176	-12.6716	-6.84096	-7.00839
926	7	21	5	62	4	61	44	-7.2104	-3.79589	-5.88558	-7.45248
927	4	7	10	4	1	7	1	-1.83415	-3.8503	-2.60404	-1.91858
928	9	25	2	10	22	3	6	-4.48169	-7.78609	-5.8003	-4.33057
929	2	4	1	2	2	1	5	-2.77289	-3.66583	-4.24052	-4.13663
930	2	4	1	2	7	1	5	-2.30367	-6.574	-6.02129	-5.33534
931	2	4	1	2	2	1	5	-2.77289	-3.66583	-4.24052	-4.13663
932	2	4	1	2	2	1	5	-2.77289	-3.66583	-4.24052	-4.13663
933	9	25	2	10	22	3	6	-4.48169	-7.78609	-5.8003	-4.33057
934	2	4	1	2	2	1	5	-2.77289	-3.66583	-4.24052	-4.13663
935	2	4	1	2	2	1	5	-2.77289	-3.66583	-4.24052	-4.13663
936	2	4	1	2	7	1	5	-2.30367	-6.574	-6.02129	-5.33534
937	2	4	1	2	7	1	5	-2.30367	-6.574	-6.02129	-5.33534
938	2	4	1	2	2	1	5	-2.77289	-3.66583	-4.24052	-4.13663
939	2	4	1	2	2	1	5	-2.77289	-3.66583	-4.24052	-4.13663
940	4	7	10	4	1	7	1	-1.83415	-3.8503	-2.60404	-1.91858
941	2	4	1	2	2	1	5	-2.77289	-3.66583	-4.24052	-4.13663
942	4	7	10	4	1	7	1	-1.83415	-3.8503	-2.60404	-1.91858
943	2	4	1	2	7	1	5	-2.30367	-6.574	-6.02129	-5.33534
944	2	4	1	2	2	1	5	-2.77289	-3.66583	-4.24052	-4.13663
945	4	7	10	4	1	7	1	-1.83415	-3.8503	-2.60404	-1.91858
946	9	25	2	10	22	3	6	-4.48169	-7.78609	-5.8003	-4.33057
947	10	81	50	99	120	76	52	-6.73383	-6.34311	-5.31077	-5.13977
948	2	1	21	3	2	1	5	-2.92316	-2.47356	-4.6145	-4.52994
949	4	7	10	4	1	7	1	-1.83415	-3.8503	-2.60404	-1.91858
950	2	4	1	2	7	1	5	-2.30367	-6.574	-6.02129	-5.33534
951	4	7	10	4	1	7	1	-1.83415	-3.8503	-2.60404	-1.91858
952	4	7	10	4	1	7	1	-1.83415	-3.8503	-2.60404	-1.91858
953	8	315	2	2	11	12	6	-8.89074	-12.6204	-9.99595	-10.0393
954	8	10	2	2	11	12	6	-3.95391	-8.16465	-7.85218	-7.46412
955	2	4	1	2	2	1	5	-2.77289	-3.66583	-4.24052	-4.13663
956	4	7	10	4	1	7	1	-1.83415	-3.8503	-2.60404	-1.91858
957	2	4	1	2	2	1	5	-2.77289	-3.66583	-4.24052	-4.13663
958	2	4	1	2	2	1	5	-2.77289	-3.66583	-4.24052	-4.13663
959	2	4	1	2	2	1	5	-2.77289	-3.66583	-4.24052	-4.13663
960	2	4	1	2	7	1	5	-2.30367	-6.574	-6.02129	-5.33534
961	2	4	1	2	2	1	5	-2.77289	-3.66583	-4.24052	-4.13663
962	2	4	1	2	2	1	5	-2.77289	-3.66583	-4.24052	-4.13663
963	2	1	21	3	2	1	5	-2.92316	-2.47356	-4.6145	-4.52994
964	2	4	1	2	2	1	5	-2.77289	-3.66583	-4.24052	-4.13663
965	1	4	2	2	2	3	17	-10.8529	-8.04434	-10.5893	-12.3578
966	2	4	1	2	2	1	5	-2.77289	-3.66583	-4.24052	-4.13663
967	2	4	1	2	2	1	5	-2.77289	-3.66583	-4.24052	-4.13663
968	7	21	5	62	4	61	44	-7.2104	-3.79589	-5.88558	-7.45248
969	2	4	1	2	2	1	5	-2.77289	-3.66583	-4.24052	-4.13663
970	4	7	10	4	1	7	1	-1.83415	-3.8503	-2.60404	-1.91858
971	2	4	1	2	2	1	5	-2.77289	-3.66583	-4.24052	-4.13663
972	10	1	16	19	10	5	7	-6.08934	-2.71397	-4.36112	-5.16938
973	8	10	2	2	11	12	6	-3.95391	-8.16465	-7.85218	-7.46412
974	4	7	10	4	1	7	1	-1.83415	-3.8503	-2.60404	-1.91858
975	2	4	2	2	6	1	5	-6.0698	-4.80839	-6.10404	-7.90486
976	2	4	1	2	2	1	5	-2.77289	-3.66583	-4.24052	-4.13663
977	2	4	1	2	2	1	5	-2.77289	-3.66583	-4.24052	-4.13663
978	2	1	12	3	2	1	5	-2.61268	-2.10119	-3.82573	-4.90239
979	2	1	21	3	2	1	5	-2.92316	-2.47356	-4.6145	-4.52994
980	1	4	2	2	6	3	17	-4.60601	-2.41848	-4.82991	-5.5125
981	9	2	4	62	4	5	6	-3.71526	-5.26658	-5.98034	-6.93697
982	9	2	4	62	4	5	6	-3.71526	-5.26658	-5.98034	-6.93697
983	2	4	1	2	2	1	5	-2.77289	-3.66583	-4.24052	-4.13663
984	9	25	2	10	22	3	6	-4.48169	-7.78609	-5.8003	-4.33057
985	2	1	12	3	2	1	5	-2.61268	-2.10119	-3.82573	-4.90239
986	2	4	1	2	2	1	5	-2.77289	-3.66583	-4.24052	-4.13663
987	2	4	1	2	2	1	5	-2.77289	-3.66583	-4.24052	-4.13663
988	2	4	1	2	2	1	5	-2.77289	-3.66583	-4.24052	-4.13663
989	1	4	2	2	6	3	17	-4.60601	-2.41848	-4.82991	-5.5125
990	1	4	2	2	6	3	17	-4.60601	-2.41848	-4.82991	-5.5125
991	9	25	2	10	22	3	6	-4.48169	-7.78609	-5.8003	-4.33057
992	1	4	2	2	6	3	17	-4.60601	-2.41848	-4.82991	-5.5125
993	2	4	1	2	2	1	5	-2.77289	-3.66583	-4.24052	-4.13663
994	2	4	1	2	2	1	5	-2.77289	-3.66583	-4.24052	-4.13663
995	8	10	2	2	11	12	6	-3.95391	-8.16465	-7.85218	-7.46412
996	2	4	1	2	2	1	5	-2.77289	-3.66583	-4.24052	-4.13663
997	2	1	5	3	2	5	5	-5.49687	-2.80396	-4.25451	-5.52776
998	8	10	2	2	11	12	6	-3.95391	-8.16465	-7.85218	-7.46412
999	2	4	1	2	2	1	5	-2.77289	-3.66583	-4.24052	-4.13663
1000	2	4	1	2	2	1	5	-2.77289	-3.66583	-4.24052	-4.13663
1001	2	1	21	3	2	1	5	-2.92316	-2.47356	-4.6145	-4.52994
1002	1	2	4	62	4	5	17	-6.08661	-4.81881	-7.8703	-8.45332
1003	2	1	12	3	2	1	5	-2.61268	-2.10119	-3.82573	-4.90239
1004	2	4	1	2	7	1	5	-2.30367	-6.574	-6.02129	-5.33534
1005	1	307	3	4	5	9	3	-6.83497	-6.41295	-6.23896	-8.44215
1006	2	4	2	4	19	3	6	-5.79652	-10.0924	-9.69139	-9.30223
1007	2	4	1	2	2	1	5	-2.77289	-3.66583	-4.24052	-4.13663
1008	1	4	2	2	6	3	17	-4.60601	-2.41848	-4.82991	-5.5125
1009	9	25	2	10	22	3	6	-4.48169	-7.78609	-5.8003	-4.33057
1010	4	7	10	4	1	7	1	-1.83415	-3.8503	-2.60404	-1.91858
1011	2	4	1	2	2	1	5	-2.77289	-3.66583	-4.24052	-4.13663
1012	10	1	16	19	10	5	7	-6.08934	-2.71397	-4.36112	-5.16938
1013	2	1	21	3	2	1	5	-2.92316	-2.47356	-4.6145	-4.52994
1014	4	7	10	4	1	7	1	-1.83415	-3.8503	-2.60404	-1.91858
1015	2	4	1	2	2	1	5	-2.77289	-3.66583	-4.24052	-4.13663
1016	1	2	3	4	5	9	3	-4.60274	-2.45694	-3.76078	-4.95232
1017	9	316	4	62	4	5	6	-6.85058	-6.42704	-9.33843	-9.70961
1018	9	25	2	10	22	3	6	-4.48169	-7.78609	-5.8003	-4.33057
1019	1	307	3	4	5	9	3	-6.83497	-6.41295	-6.23896	-8.44215
1020	2	4	1	2	2	1	5	-2.77289	-3.66583	-4.24052	-4.13663
1021	9	25	2	10	22	3	6	-4.48169	-7.78609	-5.8003	-4.33057
1022	2	4	1	2	2	1	5	-2.77289	-3.66583	-4.24052	-4.13663
1023	2	1	12	3	2	1	5	-2.61268	-2.10119	-3.82573	-4.90239
1024	2	1	5	3	2	5	5	-5.49687	-2.80396	-4.25451	-5.52776
1025	2	4	1	2	2	1	5	-2.77289	-3.66583	-4.24052	-4.13663
1026	2	1	12	3	2	1	5	-2.61268	-2.10119	-3.82573	-4.90239
1027	2	1	12	3	2	1	5	-2.61268	-2.10119	-3.82573	-4.90239
1028	10	1	16	19	10	5	7	-6.08934	-2.71397	-4.36112	-5.16938
1029	4	7	10	4	1	7	1	-1.83415	-3.8503	-2.60404	-1.91858
1030	2	4	1	2	2	1	5	-2.77289	-3.66583	-4.24052	-4.13663
1031	2	1	12	88	2	1	5	-3.94101	-3.41186	-5.967	-5.32901
1032	2	1	21	3	2	1	5	-2.92316	-2.47356	-4.6145	-4.52994
1033	1	2	3	4	5	9	3	-4.60274	-2.45694	-3.76078	-4.95232
1034	8	10	2	2	11	12	6	-3.95391	-8.16465	-7.85218	-7.46412
1035	2	1	12	88	2	1	5	-3.94101	-3.41186	-5.967	-5.32901
1036	33	39	30	82	104	173	68	-5.37133	-3.94759	-7.02417	-7.62992
1037	1	2	3	4	5	9	3	-4.60274	-2.45694	-3.76078	-4.95232
1038	9	25	2	10	22	3	6	-4.48169	-7.78609	-5.8003	-4.33057
1039	2	4	1	2	2	1	5	-2.77289	-3.66583	-4.24052	-4.13663
1040	8	10	2	2	11	12	6	-3.95391	-8.16465	-7.85218	-7.46412
1041	1	2	4	62	4	5	17	-6.08661	-4.81881	-7.8703	-8.45332
1042	10	1	16	19	10	5	7	-6.08934	-2.71397	-4.36112	-5.16938
1043	33	39	30	82	104	173	68	-5.37133	-3.94759	-7.02417	-7.62992
1044	2	4	1	2	2	1	5	-2.77289	-3.66583	-4.24052	-4.13663
1045	8	10	2	2	11	12	6	-3.95391	-8.16465	-7.85218	-7.46412
1046	2	1	5	3	2	5	5	-5.49687	-2.80396	-4.25451	-5.52776
1047	47	2	4	2	6	5	17	-11.0066	-11.0419	-6.29906	-8.77599
1048	1	2	3	4	5	9	3	-4.60274	-2.45694	-3.76078	-4.95232
1049	4	7	10	4	1	7	1	-1.83415	-3.8503	-2.60404	-1.91858
1050	2	1	5	3	2	3	5	-4.22625	-3.22939	-5.63326	-4.765
1051	2	4	2	2	6	1	5	-6.0698	-4.80839	-6.10404	-7.90486
1052	2	4	1	2	2	1	5	-2.77289	-3.66583	-4.24052	-4.13663
1053	8	10	149	2	11	12	6	-4.86638	-3.94433	-5.88583	-7.22175
1054	9	25	2	10	22	3	6	-4.48169	-7.78609	-5.8003	-4.33057
1055	2	4	1	2	2	1	5	-2.77289	-3.66583	-4.24052	-4.13663
1056	1	2	3	4	5	9	3	-4.60274	-2.45694	-3.76078	-4.95232
1057	2	1	12	3	2	1	5	-2.61268	-2.10119	-3.82573	-4.90239
1058	4	7	10	4	42	51	1	-2.9309	-4.69298	-4.85629	-3.79994
1059	2	4	1	2	2	1	5	-2.77289	-3.66583	-4.24052	-4.13663
1060	2	1	1	3	2	1	5	-4.6002	-3.76855	-6.74887	-7.25
1061	2	4	1	2	7	1	5	-2.30367	-6.574	-6.02129	-5.33534
1062	8	10	2	2	11	12	6	-3.95391	-8.16465	-7.85218	-7.46412
1063	2	4	1	2	2	1	5	-2.77289	-3.66583	-4.24052	-4.13663
1064	9	2	4	62	4	5	6	-3.71526	-5.26658	-5.98034	-6.93697
1065	2	4	1	2	2	1	5	-2.77289	-3.66583	-4.24052	-4.13663
1066	4	7	10	4	1	7	1	-1.83415	-3.8503	-2.60404	-1.91858
1067	8	10	2	2	11	12	6	-3.95391	-8.16465	-7.85218	-7.46412
1068	2	4	2	2	6	1	5	-6.0698	-4.80839	-6.10404	-7.90486
1069	2	4	2	2	6	1	5	-6.0698	-4.80839	-6.10404	-7.90486
1070	2	4	2	2	6	1	5	-6.0698	-4.80839	-6.10404	-7.90486
1071	2	4	2	2	6	1	5	-6.0698	-4.80839	-6.10404	-7.90486
1072	2	4	1	2	2	1	5	-2.77289	-3.66583	-4.24052	-4.13663
1073	2	4	1	2	2	1	5	-2.77289	-3.66583	-4.24052	-4.13663
1074	2	1	12	3	2	1	5	-2.61268	-2.10119	-3.82573	-4.90239
1075	2	4	1	2	7	1	5	-2.30367	-6.574	-6.02129	-5.33534
1076	4	7	10	4	42	51	1	-2.9309	-4.69298	-4.85629	-3.79994
1077	2	4	1	2	2	1	5	-2.77289	-3.66583	-4.24052	-4.13663
1078	8	10	2	2	11	12	6	-3.95391	-8.16465	-7.85218	-7.46412
1079	1	2	3	4	5	9	3	-4.60274	-2.45694	-3.76078	-4.95232
1080	1	2	3	4	5	9	3	-4.60274	-2.45694	-3.76078	-4.95232
1081	10	1	16	19	10	5	7	-6.08934	-2.71397	-4.36112	-5.16938
1082	8	10	2	2	11	12	6	-3.95391	-8.16465	-7.85218	-7.46412
1083	4	7	10	4	1	7	1	-1.83415	-3.8503	-2.60404	-1.91858
1084	2	4	1	2	2	1	5	-2.77289	-3.66583	-4.24052	-4.13663
1085	2	4	1	2	7	1	5	-2.30367	-6.574	-6.02129	-5.33534
1086	2	1	21	3	2	1	5	-2.92316	-2.47356	-4.6145	-4.52994
1087	2	1	12	3	2	1	5	-2.61268	-2.10119	-3.82573	-4.90239
1088	2	4	2	4	19	3	6	-5.79652	-10.0924	-9.69139	-9.30223
1089	8	10	149	2	11	12	6	-4.86638	-3.94433	-5.88583	-7.22175
1090	8	10	2	2	11	12	6	-3.95391	-8.16465	-7.85218	-7.46412
1091	2	1	12	3	2	1	5	-2.61268	-2.10119	-3.82573	-4.90239
1092	2	1	12	3	2	1	5	-2.61268	-2.10119	-3.82573	-4.90239
1093	2	1	5	3	2	3	5	-4.22625	-3.22939	-5.63326	-4.765
1094	184	39	30	82	113	43	17	-3.95291	-6.28424	-7.69725	-7.41347
1095	2	1	12	3	2	1	5	-2.61268	-2.10119	-3.82573	-4.90239
1096	2	4	1	2	2	1	5	-2.77289	-3.66583	-4.24052	-4.13663
1097	4	7	10	4	1	7	1	-1.83415	-3.8503	-2.60404	-1.91858
1098	8	10	2	2	11	12	6	-3.95391	-8.16465	-7.85218	-7.46412
1099	4	7	10	4	1	7	1	-1.83415	-3.8503	-2.60404	-1.91858
1100	4	7	10	4	42	51	1	-2.9309	-4.69298	-4.85629	-3.79994
1101	9	25	2	10	22	3	6	-4.48169	-7.78609	-5.8003	-4.33057
1102	9	2	4	62	4	5	6	-3.71526	-5.26658	-5.98034	-6.93697
1103	4	7	10	4	1	7	1	-1.83415	-3.8503	-2.60404	-1.91858
1104	2	4	1	2	7	1	5	-2.30367	-6.574	-6.02129	-5.33534
1105	4	7	10	4	1	7	1	-1.83415	-3.8503	-2.60404	-1.91858
1106	8	10	2	2	11	12	6	-3.95391	-8.16465	-7.85218	-7.46412
1107	2	4	1	2	2	1	5	-2.77289	-3.66583	-4.24052	-4.13663
1108	4	7	10	4	42	51	1	-2.9309	-4.69298	-4.85629	-3.79994
1109	1	2	3	4	5	9	3	-4.60274	-2.45694	-3.76078	-4.95232
1110	2	1	12	3	2	1	5	-2.61268	-2.10119	-3.82573	-4.90239
1111	2	4	1	2	2	1	5	-2.77289	-3.66583	-4.24052	-4.13663
1112	10	81	50	99	120	76	52	-6.73383	-6.34311	-5.31077	-5.13977
1113	2	4	1	2	2	1	5	-2.77289	-3.66583	-4.24052	-4.13663
1114	4	7	10	4	42	51	1	-2.9309	-4.69298	-4.85629	-3.79994
1115	4	7	10	4	42	51	1	-2.9309	-4.69298	-4.85629	-3.79994
1116	4	7	10	4	1	7	1	-1.83415	-3.8503	-2.60404	-1.91858
1117	3	1	5	10	11	11	6	-9.87035	-6.43253	-9.5977	-10.3976
1118	10	81	50	99	120	76	52	-6.73383	-6.34311	-5.31077	-5.13977
1119	2	4	1	2	2	1	5	-2.77289	-3.66583	-4.24052	-4.13663
1120	4	7	10	4	1	7	1	-1.83415	-3.8503	-2.60404	-1.91858
1121	4	7	10	4	1	7	1	-1.83415	-3.8503	-2.60404	-1.91858
1122	4	7	10	4	42	51	1	-2.9309	-4.69298	-4.85629	-3.79994
1123	2	1	12	3	2	1	5	-2.61268	-2.10119	-3.82573	-4.90239
1124	2	4	1	2	2	1	5	-2.77289	-3.66583	-4.24052	-4.13663
1125	2	1	1	3	2	1	5	-4.6002	-3.76855	-6.74887	-7.25
1126	2	4	1	2	2	1	5	-2.77289	-3.66583	-4.24052	-4.13663
1127	2	4	1	2	2	1	5	-2.77289	-3.66583	-4.24052	-4.13663
1128	2	4	1	2	2	1	5	-2.77289	-3.66583	-4.24052	-4.13663
1129	2	4	1	2	2	1	5	-2.77289	-3.66583	-4.24052	-4.13663
1130	1	2	3	4	5	9	3	-4.60274	-2.45694	-3.76078	-4.95232
1131	8	10	2	2	11	12	6	-3.95391	-8.16465	-7.85218	-7.46412
1132	2	1	21	3	2	1	5	-2.92316	-2.47356	-4.6145	-4.52994
1133	2	4	1	2	2	1	5	-2.77289	-3.66583	-4.24052	-4.13663
1134	2	1	21	3	2	1	5	-2.92316	-2.47356	-4.6145	-4.52994
1135	2	1	21	3	2	1	5	-2.92316	-2.47356	-4.6145	-4.52994
1136	2	4	1	2	2	1	5	-2.77289	-3.66583	-4.24052	-4.13663
1137	1	2	3	4	5	9	3	-4.60274	-2.45694	-3.76078	-4.95232
1138	10	1	16	19	10	5	7	-6.08934	-2.71397	-4.36112	-5.16938
1139	2	1	12	3	2	1	5	-2.61268	-2.10119	-3.82573	-4.90239
1140	7	21	5	62	4	61	44	-7.2104	-3.79589	-5.88558	-7.45248
1141	2	4	1	2	2	1	5	-2.77289	-3.66583	-4.24052	-4.13663
1142	2	1	12	3	2	1	5	-2.61268	-2.10119	-3.82573	-4.90239
1143	2	4	1	2	7	1	5	-2.30367	-6.574	-6.02129	-5.33534
1144	2	1	5	3	2	3	5	-4.22625	-3.22939	-5.63326	-4.765
1145	2	1	21	3	2	1	5	-2.92316	-2.47356	-4.6145	-4.52994
1146	2	1	21	3	2	1	5	-2.92316	-2.47356	-4.6145	-4.52994
1147	2	1	21	3	2	1	5	-2.92316	-2.47356	-4.6145	-4.52994
1148	2	1	21	3	2	1	5	-2.92316	-2.47356	-4.6145	-4.52994
1149	2	1	12	3	2	1	5	-2.61268	-2.10119	-3.82573	-4.90239
1150	8	10	2	2	11	12	6	-3.95391	-8.16465	-7.85218	-7.46412
1151	129	66	30	82	189	47	17	-3.24991	-4.92779	-5.46129	-4.13975
1152	1	307	3	4	5	9	3	-6.83497	-6.41295	-6.23896	-8.44215
1153	8	10	2	2	11	12	6	-3.95391	-8.16465	-7.85218	-7.46412
1154	2	4	2	2	6	1	5	-6.0698	-4.80839	-6.10404	-7.90486
1155	1	4	2	2	6	3	17	-4.60601	-2.41848	-4.82991	-5.5125
1156	2	4	1	2	2	1	5	-2.77289	-3.66583	-4.24052	-4.13663
1157	8	10	2	2	11	12	6	-3.95391	-8.16465	-7.85218	-7.46412
1158	2	4	2	2	6	1	5	-6.0698	-4.80839	-6.10404	-7.90486
1159	2	1	21	3	2	1	5	-2.92316	-2.47356	-4.6145	-4.52994
1160	2	4	5	2	2	5	5	-3.67079	-7.85588	-6.98357	-5.95068
1161	7	21	5	62	4	61	44	-7.2104	-3.79589	-5.88558	-7.45248
1162	2	1	12	3	2	1	5	-2.61268	-2.10119	-3.82573	-4.90239
1163	10	27	16	19	10	5	7	-19.8244	-13.1554	-16.1096	-17.5948
1164	33	283	44	82	189	44	17	-6.82826	-3.43639	-5.63262	-5.95472
1165	9	25	2	10	22	3	6	-4.48169	-7.78609	-5.8003	-4.33057
1166	7	21	5	62	4	61	44	-7.2104	-3.79589	-5.88558	-7.45248
1167	2	1	5	3	2	3	5	-4.22625	-3.22939	-5.63326	-4.765
1168	2	1	5	3	2	3	5	-4.22625	-3.22939	-5.63326	-4.765
1169	9	25	2	10	22	3	6	-4.48169	-7.78609	-5.8003	-4.33057
1170	2	1	5	3	2	3	5	-4.22625	-3.22939	-5.63326	-4.765
1171	2	4	1	2	2	1	5	-2.77289	-3.66583	-4.24052	-4.13663
1172	129	66	30	82	189	47	17	-3.24991	-4.92779	-5.46129	-4.13975
1173	2	4	1	2	2	1	5	-2.77289	-3.66583	-4.24052	-4.13663
1174	2	1	5	3	2	3	5	-4.22625	-3.22939	-5.63326	-4.765
1175	2	1	12	3	2	1	5	-2.61268	-2.10119	-3.82573	-4.90239
1176	2	4	1	2	2	1	5	-2.77289	-3.66583	-4.24052	-4.13663
1177	1	4	2	2	6	3	17	-4.60601	-2.41848	-4.82991	-5.5125
1178	2	1	12	3	2	1	5	-2.61268	-2.10119	-3.82573	-4.90239
1179	1	4	2	2	446	3	17	-9.53253	-6.83966	-6.95743	-8.07288
1180	2	1	5	88	2	11	5	-8.66357	-5.32024	-6.18239	-8.30586
1181	2	4	2	2	6	1	5	-6.0698	-4.80839	-6.10404	-7.90486
1182	9	25	2	10	22	3	6	-4.48169	-7.78609	-5.8003	-4.33057
1183	2	1	5	3	2	3	5	-4.22625	-3.22939	-5.63326	-4.765
1184	7	21	5	62	4	61	44	-7.2104	-3.79589	-5.88558	-7.45248
1185	1	2	3	4	5	9	3	-4.60274	-2.45694	-3.76078	-4.95232
1186	2	4	1	2	2	1	5	-2.77289	-3.66583	-4.24052	-4.13663
1187	7	21	5	62	4	61	44	-7.2104	-3.79589	-5.88558	-7.45248
1188	33	39	30	82	104	173	68	-5.37133	-3.94759	-7.02417	-7.62992
1189	1	4	2	2	6	3	17	-4.60601	-2.41848	-4.82991	-5.5125
1190	2	1	21	3	2	1	5	-2.92316	-2.47356	-4.6145	-4.52994
1191	4	7	10	4	1	7	1	-1.83415	-3.8503	-2.60404	-1.91858
1192	2	1	5	3	2	5	5	-5.49687	-2.80396	-4.25451	-5.52776
1193	1	4	2	2	6	3	17	-4.60601	-2.41848	-4.82991	-5.5125
1194	2	4	1	2	2	1	5	-2.77289	-3.66583	-4.24052	-4.13663
1195	2	4	1	2	2	1	5	-2.77289	-3.66583	-4.24052	-4.13663
1196	2	1	12	3	2	1	5	-2.61268	-2.10119	-3.82573	-4.90239
1197	2	1	6	3	2	3	5	-8.17856	-7.66736	-7.46411	-6.92276
1198	4	7	10	4	1	7	1	-1.83415	-3.8503	-2.60404	-1.91858
1199	2	4	1	2	7	1	5	-2.30367	-6.574	-6.02129	-5.33534
1200	2	1	1	3	2	1	5	-4.6002	-3.76855	-6.74887	-7.25
1201	2	4	1	2	2	1	5	-2.77289	-3.66583	-4.24052	-4.13663
1202	7	2	5	2	10	3	6	-30.5105	-29.4716	-27.6971	-29.5734
1203	2	1	21	3	2	1	5	-2.92316	-2.47356	-4.6145	-4.52994
1204	2	4	1	2	7	1	5	-2.30367	-6.574	-6.02129	-5.33534
1205	4	7	10	4	1	7	1	-1.83415	-3.8503	-2.60404	-1.91858
1206	2	4	1	2	7	1	5	-2.30367	-6.574	-6.02129	-5.33534
1207	2	4	1	2	2	1	5	-2.77289	-3.66583	-4.24052	-4.13663
1208	1	4	2	2	6	3	17	-4.60601	-2.41848	-4.82991	-5.5125
1209	2	4	1	2	2	1	5	-2.77289	-3.66583	-4.24052	-4.13663
1210	2	4	1	2	2	1	5	-2.77289	-3.66583	-4.24052	-4.13663
1211	74	10	2	2	11	12	6	-8.89075	-12.6204	-9.99616	-10.0397
1212	1	2	3	4	5	9	3	-4.60274	-2.45694	-3.76078	-4.95232
1213	2	1	5	3	2	3	5	-4.22625	-3.22939	-5.63326	-4.765
1214	4	7	10	4	1	7	1	-1.83415	-3.8503	-2.60404	-1.91858
1215	2	4	2	2	6	1	5	-6.0698	-4.80839	-6.10404	-7.90486
1216	2	1	12	3	2	1	5	-2.61268	-2.10119	-3.82573	-4.90239
1217	2	1	21	3	2	1	5	-2.92316	-2.47356	-4.6145	-4.52994
1218	2	4	1	2	2	1	5	-2.77289	-3.66583	-4.24052	-4.13663
1219	2	1	21	3	2	1	5	-2.92316	-2.47356	-4.6145	-4.52994
1220	4	7	10	4	1	7	1	-1.83415	-3.8503	-2.60404	-1.91858
1221	2	1	21	3	2	1	5	-2.92316	-2.47356	-4.6145	-4.52994
1222	2	4	1	2	2	1	5	-2.77289	-3.66583	-4.24052	-4.13663
1223	4	7	10	4	1	7	1	-1.83415	-3.8503	-2.60404	-1.91858
1224	2	4	1	2	2	1	5	-2.77289	-3.66583	-4.24052	-4.13663
1225	4	7	10	4	1	7	1	-1.83415	-3.8503	-2.60404	-1.91858
1226	4	7	10	4	42	51	1	-2.9309	-4.69298	-4.85629	-3.79994
1227	4	7	10	4	42	7	1	-6.62914	-8.41181	-5.50232	-4.63248
1228	2	4	1	2	2	1	5	-2.77289	-3.66583	-4.24052	-4.13663
1229	2	1	5	3	2	3	5	-4.22625	-3.22939	-5.63326	-4.765
1230	10	81	50	99	120	76	52	-6.73383	-6.34311	-5.31077	-5.13977
1231	2	4	1	2	7	1	5	-2.30367	-6.574	-6.02129	-5.33534
1232	2	4	1	2	7	1	5	-2.30367	-6.574	-6.02129	-5.33534
1233	4	7	10	4	1	7	1	-1.83415	-3.8503	-2.60404	-1.91858
1234	1	4	2	2	6	3	17	-4.60601	-2.41848	-4.82991	-5.5125
1235	4	7	10	4	1	7	1	-1.83415	-3.8503	-2.60404	-1.91858
1236	2	4	1	2	2	1	5	-2.77289	-3.66583	-4.24052	-4.13663
1237	4	7	10	4	1	7	1	-1.83415	-3.8503	-2.60404	-1.91858
1238	4	7	10	4	42	51	1	-2.9309	-4.69298	-4.85629	-3.79994
1239	1	307	3	4	5	9	3	-6.83497	-6.41295	-6.23896	-8.44215
1240	2	4	2	2	6	1	5	-6.0698	-4.80839	-6.10404	-7.90486
1241	8	10	149	2	11	12	6	-4.86638	-3.94433	-5.88583	-7.22175
1242	2	1	12	3	2	1	5	-2.61268	-2.10119	-3.82573	-4.90239
1243	2	4	1	2	2	1	5	-2.77289	-3.66583	-4.24052	-4.13663
1244	2	4	1	2	2	1	5	-2.77289	-3.66583	-4.24052	-4.13663
1245	2	4	1	2	2	1	5	-2.77289	-3.66583	-4.24052	-4.13663
1246	4	7	10	4	42	51	1	-2.9309	-4.69298	-4.85629	-3.79994
1247	2	4	1	2	2	1	5	-2.77289	-3.66583	-4.24052	-4.13663
1248	2	4	1	2	2	1	5	-2.77289	-3.66583	-4.24052	-4.13663
1249	2	1	12	88	2	1	5	-3.94101	-3.41186	-5.967	-5.32901
1250	1	4	2	2	6	3	17	-4.60601	-2.41848	-4.82991	-5.5125
1251	9	2	4	62	4	5	6	-3.71526	-5.26658	-5.98034	-6.93697
1252	2	4	1	2	7	1	5	-2.30367	-6.574	-6.02129	-5.33534
1253	2	4	5	2	2	5	5	-3.67079	-7.85588	-6.98357	-5.95068
1254	2	1	21	3	2	1	5	-2.92316	-2.47356	-4.6145	-4.52994
1255	1	4	2	2	6	3	17	-4.60601	-2.41848	-4.82991	-5.5125
1256	2	1	21	3	2	1	5	-2.92316	-2.47356	-4.6145	-4.52994
1257	2	4	1	2	2	5	5	-6.79145	-6.39474	-9.12311	-9.62825
1258	2	1	12	3	2	1	5	-2.61268	-2.10119	-3.82573	-4.90239
1259	2	4	2	2	6	1	5	-6.0698	-4.80839	-6.10404	-7.90486
1260	2	4	1	2	2	1	5	-2.77289	-3.66583	-4.24052	-4.13663
1261	2	4	1	2	2	1	5	-2.77289	-3.66583	-4.24052	-4.13663
1262	1	307	3	4	5	9	3	-6.83497	-6.41295	-6.23896	-8.44215
1263	9	25	2	10	22	3	6	-4.48169	-7.78609	-5.8003	-4.33057
1264	2	1	1	380	2	1	5	-6.14721	-5.71865	-8.63158	-9.01087
1265	2	4	1	2	2	1	5	-2.77289	-3.66583	-4.24052	-4.13663
1266	2	4	1	2	2	1	5	-2.77289	-3.66583	-4.24052	-4.13663
1267	2	1	12	3	2	1	5	-2.61268	-2.10119	-3.82573	-4.90239
1268	1	2	3	4	5	9	3	-4.60274	-2.45694	-3.76078	-4.95232
1269	2	4	1	2	2	1	5	-2.77289	-3.66583	-4.24052	-4.13663
1270	2	4	1	2	2	1	5	-2.77289	-3.66583	-4.24052	-4.13663
1271	2	4	1	2	2	1	5	-2.77289	-3.66583	-4.24052	-4.13663
1272	1	2	3	4	5	9	3	-4.60274	-2.45694	-3.76078	-4.95232
1273	9	2	2	212	309	253	147	-30.3774	-28.9116	-20.0954	-21.7048
1274	2	1	21	3	2	1	5	-2.92316	-2.47356	-4.6145	-4.52994
1275	47	2	4	2	6	5	17	-11.0066	-11.0419	-6.29906	-8.77599
1276	1	2	3	4	5	9	3	-4.60274	-2.45694	-3.76078	-4.95232
1277	2	4	1	2	2	1	5	-2.77289	-3.66583	-4.24052	-4.13663
1278	2	4	1	2	2	1	5	-2.77289	-3.66583	-4.24052	-4.13663
1279	9	2	4	62	4	5	6	-3.71526	-5.26658	-5.98034	-6.93697
1280	2	1	12	3	2	1	5	-2.61268	-2.10119	-3.82573	-4.90239
1281	2	4	1	2	2	1	5	-2.77289	-3.66583	-4.24052	-4.13663
1282	2	4	1	2	7	1	5	-2.30367	-6.574	-6.02129	-5.33534
1283	7	17	2	15	23	3	12	-6.90139	-11.1971	-10.804	-10.4101
1284	2	1	1	3	2	1	5	-4.6002	-3.76855	-6.74887	-7.25
1285	2	1	12	3	2	1	5	-2.61268	-2.10119	-3.82573	-4.90239
1286	2	4	1	2	2	1	5	-2.77289	-3.66583	-4.24052	-4.13663
1287	2	1	5	3	2	3	5	-4.22625	-3.22939	-5.63326	-4.765
1288	2	4	1	2	2	1	5	-2.77289	-3.66583	-4.24052	-4.13663
1289	2	4	1	2	2	1	5	-2.77289	-3.66583	-4.24052	-4.13663
1290	1	4	2	2	6	3	17	-4.60601	-2.41848	-4.82991	-5.5125
1291	2	1	2	3	2	3	5	-3.75575	-7.90261	-7.64363	-7.25951
1292	2	1	5	3	2	3	5	-4.22625	-3.22939	-5.63326	-4.765
1293	1	2	3	3	5	9	3	-11.3458	-8.31046	-9.82115	-12.3187
1294	4	7	10	4	42	51	1	-2.9309	-4.69298	-4.85629	-3.79994
1295	1	4	2	2	6	3	17	-4.60601	-2.41848	-4.82991	-5.5125
1296	2	1	5	3	2	3	5	-4.22625	-3.22939	-5.63326	-4.765
1297	4	7	10	4	1	7	1	-1.83415	-3.8503	-2.60404	-1.91858
1298	2	4	1	2	2	1	5	-2.77289	-3.66583	-4.24052	-4.13663
1299	4	7	10	4	1	7	1	-1.83415	-3.8503	-2.60404	-1.91858
1300	2	1	21	3	2	1	5	-2.92316	-2.47356	-4.6145	-4.52994
1301	2	4	1	2	2	1	5	-2.77289	-3.66583	-4.24052	-4.13663
1302	4	7	10	4	1	7	1	-1.83415	-3.8503	-2.60404	-1.91858
1303	2	4	1	2	2	1	5	-2.77289	-3.66583	-4.24052	-4.13663
1304	2	1	5	3	2	5	5	-5.49687	-2.80396	-4.25451	-5.52776
1305	2	4	1	2	2	1	5	-2.77289	-3.66583	-4.24052	-4.13663
1306	2	1	21	3	2	1	5	-2.92316	-2.47356	-4.6145	-4.52994
1307	2	1	5	3	2	5	5	-5.49687	-2.80396	-4.25451	-5.52776
1308	1	4	2	2	6	3	17	-4.60601	-2.41848	-4.82991	-5.5125
1309	1	4	2	2	6	3	17	-4.60601	-2.41848	-4.82991	-5.5125
1310	2	1	5	3	2	3	5	-4.22625	-3.22939	-5.63326	-4.765
1311	1	4	2	2	6	3	17	-4.60601	-2.41848	-4.82991	-5.5125
1312	2	4	1	2	2	1	5	-2.77289	-3.66583	-4.24052	-4.13663
1313	2	1	12	88	2	1	5	-3.94101	-3.41186	-5.967	-5.32901
1314	2	1	5	3	2	3	5	-4.22625	-3.22939	-5.63326	-4.765
1315	2	4	5	2	2	1	5	-6.15392	-9.73615	-9.05739	-9.45271
1316	2	4	1	2	2	1	5	-2.77289	-3.66583	-4.24052	-4.13663
1317	1	4	2	2	6	3	17	-4.60601	-2.41848	-4.82991	-5.5125
1318	2	1	21	3	2	1	5	-2.92316	-2.47356	-4.6145	-4.52994
1319	4	7	10	4	1	7	1	-1.83415	-3.8503	-2.60404	-1.91858
1320	1	2	3	4	5	9	3	-4.60274	-2.45694	-3.76078	-4.95232
1321	2	4	1	2	7	1	5	-2.30367	-6.574	-6.02129	-5.33534
1322	4	7	10	4	1	7	1	-1.83415	-3.8503	-2.60404	-1.91858
1323	4	7	10	4	1	7	1	-1.83415	-3.8503	-2.60404	-1.91858
1324	1	4	2	2	6	3	17	-4.60601	-2.41848	-4.82991	-5.5125
1325	2	4	1	2	7	1	5	-2.30367	-6.574	-6.02129	-5.33534
1326	4	7	10	4	1	7	1	-1.83415	-3.8503	-2.60404	-1.91858
1327	8	10	2	2	11	12	6	-3.95391	-8.16465	-7.85218	-7.46412
1328	969	7	10	4	1	7	1	-6.69305	-8.29793	-4.74797	-4.49432
1329	4	7	10	4	1	7	1	-1.83415	-3.8503	-2.60404	-1.91858
1330	10	27	16	942	10	5	7	-24.7612	-17.6117	-18.2539	-20.1702
1331	10	27	16	941	10	5	7	-24.7612	-17.6117	-18.2539	-20.1702
1332	4	7	10	4	1	7	1	-1.83415	-3.8503	-2.60404	-1.91858
1333	4	7	10	4	1	7	1	-1.83415	-3.8503	-2.60404	-1.91858
1334	129	66	30	82	189	47	17	-3.24991	-4.92779	-5.46129	-4.13975
1335	4	7	10	4	1	7	1	-1.83415	-3.8503	-2.60404	-1.91858
1336	4	7	10	4	1	7	1	-1.83415	-3.8503	-2.60404	-1.91858
1337	2	4	1	2	2	1	5	-2.77289	-3.66583	-4.24052	-4.13663
1338	2	1	2	3	2	3	5	-3.75575	-7.90261	-7.64363	-7.25951
1339	10	27	16	19	10	5	7	-19.8244	-13.1554	-16.1096	-17.5948
1340	2	4	1	2	2	1	5	-2.77289	-3.66583	-4.24052	-4.13663
1341	33	39	30	82	104	173	68	-5.37133	-3.94759	-7.02417	-7.62992
1342	1	4	2	2	6	3	17	-4.60601	-2.41848	-4.82991	-5.5125
1343	2	1	5	3	2	5	5	-5.49687	-2.80396	-4.25451	-5.52776
1344	2	1	12	3	2	1	5	-2.61268	-2.10119	-3.82573	-4.90239
1345	8	10	2	2	11	12	6	-3.95391	-8.16465	-7.85218	-7.46412
1346	2	1	1	3	2	1	5	-4.6002	-3.76855	-6.74887	-7.25
1347	1	4	2	2	6	3	17	-4.60601	-2.41848	-4.82991	-5.5125
1348	7	2	2	2	11	12	6	-4.50056	-8.79751	-8.40227	-8.01063
1349	9	2	4	62	4	5	6	-3.71526	-5.26658	-5.98034	-6.93697
1350	2	1	21	3	2	1	5	-2.92316	-2.47356	-4.6145	-4.52994
1351	9	7	10	4	1	7	1	-9.92482	-12.6813	-10.8795	-10.1961
1352	2	1	12	3	920	1	5	-7.5506	-6.54712	-5.96938	-7.47457
1353	239	27	16	19	10	5	7	-9.87267	-6.43445	-9.60352	-10.4002
1354	7	17	2	15	23	3	12	-6.90139	-11.1971	-10.804	-10.4101
1355	1	4	2	2	6	3	17	-4.60601	-2.41848	-4.82991	-5.5125
1356	1	6	60	24	12	28	1	-33.2151	-32.844	-16.9298	-19.5121
1357	2	4	5	2	10	1	5	-6.89101	-11.1827	-10.7801	-10.401
1358	10	81	50	99	120	76	52	-6.73383	-6.34311	-5.31077	-5.13977
1359	4	7	10	4	1	7	1	-1.83415	-3.8503	-2.60404	-1.91858
1360	2	1	5	3	2	5	5	-5.49687	-2.80396	-4.25451	-5.52776
1361	4	7	10	1	1	7	1	-5.27382	-9.01084	-6.03621	-6.12862
1362	2	4	5	2	10	1	5	-6.89101	-11.1827	-10.7801	-10.401
1363	2	1	21	3	2	1	5	-2.92316	-2.47356	-4.6145	-4.52994
1364	2	1	21	3	2	1	5	-2.92316	-2.47356	-4.6145	-4.52994
1365	2	4	1	2	2	1	5	-2.77289	-3.66583	-4.24052	-4.13663
1366	2	4	2	2	6	1	5	-6.0698	-4.80839	-6.10404	-7.90486
1367	2	4	1	2	7	1	5	-2.30367	-6.574	-6.02129	-5.33534
1368	2	4	1	2	2	1	5	-2.77289	-3.66583	-4.24052	-4.13663
1369	2	4	1	2	2	1	5	-2.77289	-3.66583	-4.24052	-4.13663
1370	4	7	10	4	1	7	1	-1.83415	-3.8503	-2.60404	-1.91858
1371	4	7	10	4	42	51	1	-2.9309	-4.69298	-4.85629	-3.79994
1372	2	1	5	3	2	3	5	-4.22625	-3.22939	-5.63326	-4.765
1373	2	1	12	3	2	1	5	-2.61268	-2.10119	-3.82573	-4.90239
1374	2	1	1	3	2	1	5	-4.6002	-3.76855	-6.74887	-7.25
1375	2	4	1	2	2	1	5	-2.77289	-3.66583	-4.24052	-4.13663
1376	4	7	10	4	1	7	1	-1.83415	-3.8503	-2.60404	-1.91858
1377	10	1	16	19	10	5	7	-6.08934	-2.71397	-4.36112	-5.16938
1378	2	4	1	2	7	1	5	-2.30367	-6.574	-6.02129	-5.33534
1379	2	4	1	2	2	1	5	-2.77289	-3.66583	-4.24052	-4.13663
1380	10	81	50	99	120	76	52	-6.73383	-6.34311	-5.31077	-5.13977
1381	2	1	12	3	2	1	5	-2.61268	-2.10119	-3.82573	-4.90239
1382	2	4	1	2	2	1	5	-2.77289	-3.66583	-4.24052	-4.13663
1383	2	4	1	2	7	1	5	-2.30367	-6.574	-6.02129	-5.33534
1384	1	2	3	4	5	9	3	-4.60274	-2.45694	-3.76078	-4.95232
1385	8	10	2	2	11	12	6	-3.95391	-8.16465	-7.85218	-7.46412
1386	1	4	2	2	6	3	17	-4.60601	-2.41848	-4.82991	-5.5125
1387	2	4	1	2	2	1	5	-2.77289	-3.66583	-4.24052	-4.13663
1388	2	4	1	2	2	1	5	-2.77289	-3.66583	-4.24052	-4.13663
1389	10	7	10	4	1	7	1	-12.0834	-11.2182	-9.54489	-9.25624
1390	2	1	21	3	2	1	5	-2.92316	-2.47356	-4.6145	-4.52994
1391	2	1	21	3	2	1	5	-2.92316	-2.47356	-4.6145	-4.52994
1392	10	1	16	19	10	5	7	-6.08934	-2.71397	-4.36112	-5.16938
1393	2	1	5	3	2	3	5	-4.22625	-3.22939	-5.63326	-4.765
1394	2	1	5	3	2	3	5	-4.22625	-3.22939	-5.63326	-4.765
1395	2	4	1	2	2	5	5	-6.79145	-6.39474	-9.12311	-9.62825
1396	2	4	1	2	7	1	5	-2.30367	-6.574	-6.02129	-5.33534
1397	10	1	16	19	10	5	7	-6.08934	-2.71397	-4.36112	-5.16938
1398	2	4	1	2	7	1	5	-2.30367	-6.574	-6.02129	-5.33534
1399	2	934	1	2	2	1	5	-7.63244	-8.11847	-6.37883	-6.70354
