Isolate	Loci0	Loci1	Loci2	Loci3	Loci4	Loci5	Loci6	Source0	Source1	Source2	Source3
0	1	2	3	4	5	9	3	-4.73244	-2.5097	-3.52639	-5.0195
1	4	7	10	4	1	7	1	-1.82562	-3.6978	-2.68741	-1.95441
2	2	4	1	2	2	1	5	-2.77062	-3.63387	-4.12003	-4.13312
3	2	4	1	2	2	1	5	-2.77062	-3.63387	-4.12003	-4.13312
4	9	25	2	10	22	3	6	-4.47162	-7.26158	-6.43172	-4.3773
5	4	7	10	4	1	7	1	-1.82562	-3.6978	-2.68741	-1.95441
6	4	7	10	4	1	7	1	-1.82562	-3.6978	-2.68741	-1.95441
7	4	7	10	4	42	51	1	-2.92302	-4.57205	-5.04525	-3.8184
8	2	4	1	2	2	1	5	-2.77062	-3.63387	-4.12003	-4.13312
9	10	81	50	99	120	76	52	-6.73252	-6.39329	-5.24822	-5.19299
10	2	1	21	3	2	1	5	-2.9401	-2.50032	-4.39164	-4.53871
11	2	1	21	3	2	1	5	-2.9401	-2.50032	-4.39164	-4.53871
12	9	25	2	10	22	3	6	-4.47162	-7.26158	-6.43172	-4.3773
13	2	1	21	3	2	1	5	-2.9401	-2.50032	-4.39164	-4.53871
14	10	27	16	19	10	5	7	-21.2742	-12.8276	-16.4193	-17.7299
15	2	4	1	2	2	1	5	-2.77062	-3.63387	-4.12003	-4.13312
16	2	4	1	2	2	1	5	-2.77062	-3.63387	-4.12003	-4.13312
17	9	2	4	62	4	5	6	-3.70526	-5.16571	-5.70416	-6.6449
18	9	53	2	53	11	3	3	-29.5601	-28.3231	-24.9433	-24.1438
19	2	4	1	2	2	1	5	-2.77062	-3.63387	-4.12003	-4.13312
20	2	4	1	2	2	1	5	-2.77062	-3.63387	-4.12003	-4.13312
21	4	7	10	4	1	7	1	-1.82562	-3.6978	-2.68741	-1.95441
22	2	4	1	2	2	1	5	-2.77062	-3.63387	-4.12003	-4.13312
23	1	4	2	2	6	3	17	-4.75591	-2.46995	-4.51823	-5.62737
24	4	7	10	4	1	7	1	-1.82562	-3.6978	-2.68741	-1.95441
25	2	1	21	3	2	1	5	-2.9401	-2.50032	-4.39164	-4.53871
26	8	10	2	2	11	12	6	-3.94165	-6.97017	-7.46964	-7.07502
27	2	4	2	2	6	1	5	-6.11539	-4.85044	-5.84297	-7.91316
28	2	1	12	3	2	1	5	-2.63024	-2.12788	-3.55069	-4.85632
29	2	4	1	2	2	1	5	-2.77062	-3.63387	-4.12003	-4.13312
30	4	7	10	4	1	7	1	-1.82562	-3.6978	-2.68741	-1.95441
31	10	1	16	19	10	5	7	-6.713	-2.76953	-4.12091	-5.26307
32	1	2	3	4	5	9	3	-4.73244	-2.5097	-3.52639	-5.0195
33	2	4	1	2	2	1	5	-2.77062	-3.63387	-4.12003	-4.13312
34	2	4	1	2	2	1	5	-2.77062	-3.63387	-4.12003	-4.13312
35	2	4	1	2	2	1	5	-2.77062	-3.63387	-4.12003	-4.13312
36	4	7	10	4	1	7	1	-1.82562	-3.6978	-2.68741	-1.95441
37	129	66	30	82	189	47	17	-3.241	-4.81954	-5.79948	-4.16223
38	2	1	12	3	357	1	5	-6.23892	-6.61686	-5.44758	-6.99749
39	9	2	4	62	4	5	6	-3.70526	-5.16571	-5.70416	-6.6449
40	2	1	1	3	2	1	5	-4.63479	-3.80022	-6.32058	-7.22313
41	2	1	12	3	357	1	5	-6.23892	-6.61686	-5.44758	-6.99749
42	2	1	5	3	2	3	5	-4.2641	-3.26676	-5.58947	-4.8167
43	2	1	5	3	2	3	5	-4.2641	-3.26676	-5.58947	-4.8167
44	2	4	1	2	2	1	5	-2.77062	-3.63387	-4.12003	-4.13312
45	2	4	1	2	2	1	5	-2.77062	-3.63387	-4.12003	-4.13312
46	2	4	2	2	6	1	5	-6.11539	-4.85044	-5.84297	-7.91316
47	1	4	2	2	6	3	17	-4.75591	-2.46995	-4.51823	-5.62737
48	2	1	21	3	2	1	5	-2.9401	-2.50032	-4.39164	-4.53871
49	2	1	2	3	2	3	5	-3.74564	-6.73059	-7.2711	-6.86996
50	2	1	21	3	2	1	5	-2.9401	-2.50032	-4.39164	-4.53871
51	7	17	2	15	23	3	12	-6.88826	-9.95334	-10.4176	-10.0212
52	2	4	1	2	7	1	5	-2.29416	-5.34668	-5.76503	-5.09368
53	9	2	4	62	4	5	6	-3.70526	-5.16571	-5.70416	-6.6449
54	2	4	1	2	7	1	5	-2.29416	-5.34668	-5.76503	-5.09368
55	9	2	4	62	4	5	6	-3.70526	-5.16571	-5.70416	-6.6449
56	2	1	12	88	2	1	5	-3.96059	-3.44152	-5.78525	-5.35279
57	2	1	5	3	2	3	5	-4.2641	-3.26676	-5.58947	-4.8167
58	2	4	1	2	2	1	5	-2.77062	-3.63387	-4.12003	-4.13312
59	9	2	4	62	4	5	6	-3.70526	-5.16571	-5.70416	-6.6449
60	2	1	5	3	2	3	5	-4.2641	-3.26676	-5.58947	-4.8167
61	2	4	1	2	2	1	5	-2.77062	-3.63387	-4.12003	-4.13312
62	2	4	1	2	2	1	5	-2.77062	-3.63387	-4.12003	-4.13312
63	2	4	1	2	2	1	5	-2.77062	-3.63387	-4.12003	-4.13312
64	2	4	1	2	2	1	5	-2.77062	-3.63387	-4.12003	-4.13312
65	2	4	1	2	2	1	5	-2.77062	-3.63387	-4.12003	-4.13312
66	2	4	1	2	2	1	5	-2.77062	-3.63387	-4.12003	-4.13312
67	1	2	215	4	90	24	8	-29.5868	-29.1099	-20.1098	-19.5903
68	2	4	1	2	2	1	5	-2.77062	-3.63387	-4.12003	-4.13312
69	1	2	3	4	5	9	3	-4.73244	-2.5097	-3.52639	-5.0195
70	2	4	1	2	2	1	5	-2.77062	-3.63387	-4.12003	-4.13312
71	2	4	1	2	2	1	5	-2.77062	-3.63387	-4.12003	-4.13312
72	9	25	2	10	22	3	6	-4.47162	-7.26158	-6.43172	-4.3773
73	2	15	4	48	360	25	23	-6.7518	-8.68028	-5.78876	-4.93496
74	2	4	1	2	2	1	5	-2.77062	-3.63387	-4.12003	-4.13312
75	2	1	12	88	2	1	5	-3.96059	-3.44152	-5.78525	-5.35279
76	2	4	2	2	6	1	5	-6.11539	-4.85044	-5.84297	-7.91316
77	10	1	16	19	10	5	7	-6.713	-2.76953	-4.12091	-5.26307
78	2	4	1	2	2	1	5	-2.77062	-3.63387	-4.12003	-4.13312
79	2	1	12	3	2	1	5	-2.63024	-2.12788	-3.55069	-4.85632
80	2	4	1	2	2	1	5	-2.77062	-3.63387	-4.12003	-4.13312
81	2	4	1	2	2	1	5	-2.77062	-3.63387	-4.12003	-4.13312
82	1	4	2	2	6	3	17	-4.75591	-2.46995	-4.51823	-5.62737
83	10	1	16	19	10	5	7	-6.713	-2.76953	-4.12091	-5.26307
84	8	10	149	2	11	12	6	-4.89598	-3.98878	-5.57785	-7.20667
85	2	4	1	2	2	1	5	-2.77062	-3.63387	-4.12003	-4.13312
86	2	4	1	2	7	1	5	-2.29416	-5.34668	-5.76503	-5.09368
87	32	39	30	82	104	324	17	-8.82402	-4.7005	-7.35076	-8.91895
88	1	2	3	4	5	9	3	-4.73244	-2.5097	-3.52639	-5.0195
89	2	1	5	3	2	3	5	-4.2641	-3.26676	-5.58947	-4.8167
90	2	4	1	2	2	1	5	-2.77062	-3.63387	-4.12003	-4.13312
91	2	4	1	2	7	1	5	-2.29416	-5.34668	-5.76503	-5.09368
92	4	7	10	4	1	7	1	-1.82562	-3.6978	-2.68741	-1.95441
93	2	1	2	3	2	3	5	-3.74564	-6.73059	-7.2711	-6.86996
94	2	1	12	3	2	1	5	-2.63024	-2.12788	-3.55069	-4.85632
95	2	1	21	3	2	1	5	-2.9401	-2.50032	-4.39164	-4.53871
96	2	1	21	3	2	1	5	-2.9401	-2.50032	-4.39164	-4.53871
97	9	2	5	2	11	3	1	-29.3907	-31.0355	-30.1434	-26.1134
98	4	7	10	4	1	7	1	-1.82562	-3.6978	-2.68741	-1.95441
99	2	1	2	3	2	3	5	-3.74564	-6.73059	-7.2711	-6.86996
100	2	1	21	3	2	1	5	-2.9401	-2.50032	-4.39164	-4.53871
101	4	7	10	4	1	7	1	-1.82562	-3.6978	-2.68741	-1.95441
102	2	1	21	3	2	1	5	-2.9401	-2.50032	-4.39164	-4.53871
103	1	4	2	2	6	3	17	-4.75591	-2.46995	-4.51823	-5.62737
104	2	4	5	2	10	1	5	-6.8809	-9.93283	-10.4071	-10.0098
105	2	1	12	88	2	1	5	-3.96059	-3.44152	-5.78525	-5.35279
106	9	2	4	62	4	5	6	-3.70526	-5.16571	-5.70416	-6.6449
107	2	165	73	147	220	190	104	-9.33849	-9.48355	-7.50638	-5.262
108	2	1	21	3	2	1	5	-2.9401	-2.50032	-4.39164	-4.53871
109	2	4	1	2	2	1	5	-2.77062	-3.63387	-4.12003	-4.13312
110	2	1	12	3	11	1	6	-18.9397	-17.5246	-21.2021	-20.9407
111	2	1	2	3	2	3	5	-3.74564	-6.73059	-7.2711	-6.86996
112	2	4	1	2	7	1	5	-2.29416	-5.34668	-5.76503	-5.09368
113	2	1	2	3	2	3	5	-3.74564	-6.73059	-7.2711	-6.86996
114	2	1	21	3	2	1	5	-2.9401	-2.50032	-4.39164	-4.53871
115	2	4	1	2	7	1	5	-2.29416	-5.34668	-5.76503	-5.09368
116	33	39	30	82	113	43	17	-9.72965	-6.47523	-6.03434	-8.59601
117	2	4	1	2	2	1	5	-2.77062	-3.63387	-4.12003	-4.13312
118	2	4	1	2	2	1	5	-2.77062	-3.63387	-4.12003	-4.13312
119	2	4	1	2	2	1	5	-2.77062	-3.63387	-4.12003	-4.13312
120	2	4	1	2	7	1	5	-2.29416	-5.34668	-5.76503	-5.09368
121	4	7	10	1	1	7	1	-5.26127	-8.16796	-5.93449	-6.13748
122	2	1	12	3	2	1	5	-2.63024	-2.12788	-3.55069	-4.85632
123	2	4	1	2	2	1	5	-2.77062	-3.63387	-4.12003	-4.13312
124	2	4	1	2	2	1	5	-2.77062	-3.63387	-4.12003	-4.13312
125	2	4	1	2	7	1	5	-2.29416	-5.34668	-5.76503	-5.09368
126	2	4	1	2	2	1	5	-2.77062	-3.63387	-4.12003	-4.13312
127	2	4	1	2	2	1	5	-2.77062	-3.63387	-4.12003	-4.13312
128	2	1	12	88	2	1	5	-3.96059	-3.44152	-5.78525	-5.35279
129	2	1	12	3	2	1	5	-2.63024	-2.12788	-3.55069	-4.85632
130	2	1	12	3	2	1	5	-2.63024	-2.12788	-3.55069	-4.85632
131	2	4	1	2	7	1	5	-2.29416	-5.34668	-5.76503	-5.09368
132	2	1	21	3	2	1	5	-2.9401	-2.50032	-4.39164	-4.53871
133	2	1	21	3	2	1	5	-2.9401	-2.50032	-4.39164	-4.53871
134	2	4	5	2	2	5	5	-3.66087	-6.69121	-6.96962	-5.85647
135	2	1	21	3	2	1	5	-2.9401	-2.50032	-4.39164	-4.53871
136	1	4	2	2	6	3	1	-11.5556	-9.91779	-10.89	-11.1026
137	2	1	5	3	2	3	5	-4.2641	-3.26676	-5.58947	-4.8167
138	2	1	5	3	2	3	5	-4.2641	-3.26676	-5.58947	-4.8167
139	4	7	10	4	1	7	1	-1.82562	-3.6978	-2.68741	-1.95441
140	8	10	2	2	11	12	6	-3.94165	-6.97017	-7.46964	-7.07502
141	2	1	2	3	2	3	5	-3.74564	-6.73059	-7.2711	-6.86996
142	2	1	5	3	2	3	5	-4.2641	-3.26676	-5.58947	-4.8167
143	2	1	2	3	2	3	5	-3.74564	-6.73059	-7.2711	-6.86996
144	129	66	30	82	189	47	17	-3.241	-4.81954	-5.79948	-4.16223
145	2	4	1	2	2	1	5	-2.77062	-3.63387	-4.12003	-4.13312
146	2	4	1	2	2	1	5	-2.77062	-3.63387	-4.12003	-4.13312
147	7	21	5	62	4	61	44	-7.89321	-3.85406	-5.57507	-7.65349
148	2	4	1	2	2	1	5	-2.77062	-3.63387	-4.12003	-4.13312
149	2	937	1	2	2	1	5	-6.30023	-8.12105	-6.01061	-6.26334
150	1	14	2	2	6	1	17	-9.82611	-6.45955	-8.13997	-6.34884
151	1	4	2	2	6	3	17	-4.75591	-2.46995	-4.51823	-5.62737
152	8	10	149	2	11	12	6	-4.89598	-3.98878	-5.57785	-7.20667
153	2	1	12	3	2	1	5	-2.63024	-2.12788	-3.55069	-4.85632
154	9	30	2	2	89	59	6	-4.94073	-8.00682	-8.47102	-8.07421
155	1	2	3	4	5	9	3	-4.73244	-2.5097	-3.52639	-5.0195
156	2	4	1	2	2	1	5	-2.77062	-3.63387	-4.12003	-4.13312
157	2	4	1	2	2	1	5	-2.77062	-3.63387	-4.12003	-4.13312
158	180	194	2	68	19	231	147	-23.3174	-30.8279	-18.3037	-19.1259
159	2	4	1	2	2	1	5	-2.77062	-3.63387	-4.12003	-4.13312
160	2	4	1	2	2	1	5	-2.77062	-3.63387	-4.12003	-4.13312
161	2	4	1	2	2	1	5	-2.77062	-3.63387	-4.12003	-4.13312
162	4	7	10	4	1	7	1	-1.82562	-3.6978	-2.68741	-1.95441
163	2	4	1	2	2	1	5	-2.77062	-3.63387	-4.12003	-4.13312
164	2	1	21	3	2	1	5	-2.9401	-2.50032	-4.39164	-4.53871
165	2	4	1	2	7	1	5	-2.29416	-5.34668	-5.76503	-5.09368
166	2	4	1	2	2	1	5	-2.77062	-3.63387	-4.12003	-4.13312
167	10	1	16	19	10	5	7	-6.713	-2.76953	-4.12091	-5.26307
168	104	7	10	4	1	7	1	-4.39729	-7.46835	-7.92069	-7.51015
169	2	4	1	2	2	1	5	-2.77062	-3.63387	-4.12003	-4.13312
170	10	27	16	19	10	5	7	-21.2742	-12.8276	-16.4193	-17.7299
171	2	4	1	2	2	1	5	-2.77062	-3.63387	-4.12003	-4.13312
172	2	1	1	3	2	1	5	-4.63479	-3.80022	-6.32058	-7.22313
173	7	21	5	62	4	61	44	-7.89321	-3.85406	-5.57507	-7.65349
174	2	1	1	3	2	1	5	-4.63479	-3.80022	-6.32058	-7.22313
175	10	1	16	19	10	5	7	-6.713	-2.76953	-4.12091	-5.26307
176	2	4	1	2	2	1	5	-2.77062	-3.63387	-4.12003	-4.13312
177	2	4	1	2	2	1	5	-2.77062	-3.63387	-4.12003	-4.13312
178	2	1	12	3	2	1	5	-2.63024	-2.12788	-3.55069	-4.85632
179	2	4	1	2	2	1	5	-2.77062	-3.63387	-4.12003	-4.13312
180	2	4	1	2	2	1	5	-2.77062	-3.63387	-4.12003	-4.13312
181	1	4	2	2	6	3	17	-4.75591	-2.46995	-4.51823	-5.62737
182	2	1	12	3	2	1	5	-2.63024	-2.12788	-3.55069	-4.85632
183	4	7	10	4	1	7	1	-1.82562	-3.6978	-2.68741	-1.95441
184	2	4	1	2	2	1	5	-2.77062	-3.63387	-4.12003	-4.13312
185	2	4	1	2	2	1	5	-2.77062	-3.63387	-4.12003	-4.13312
186	2	1	21	3	2	1	5	-2.9401	-2.50032	-4.39164	-4.53871
187	4	7	10	4	1	7	1	-1.82562	-3.6978	-2.68741	-1.95441
188	4	7	10	4	42	51	1	-2.92302	-4.57205	-5.04525	-3.8184
189	2	1	5	3	2	3	5	-4.2641	-3.26676	-5.58947	-4.8167
190	1	2	4	62	4	5	17	-6.13607	-4.86621	-7.42201	-8.51099
191	4	7	10	4	1	7	1	-1.82562	-3.6978	-2.68741	-1.95441
192	4	7	10	4	42	51	1	-2.92302	-4.57205	-5.04525	-3.8184
193	2	1	21	3	2	1	5	-2.9401	-2.50032	-4.39164	-4.53871
194	4	7	10	4	42	51	1	-2.92302	-4.57205	-5.04525	-3.8184
195	2	4	1	2	7	1	5	-2.29416	-5.34668	-5.76503	-5.09368
196	2	4	1	2	2	1	5	-2.77062	-3.63387	-4.12003	-4.13312
197	1	2	3	4	5	9	3	-4.73244	-2.5097	-3.52639	-5.0195
198	1	2	4	62	4	5	17	-6.13607	-4.86621	-7.42201	-8.51099
199	2	250	4	281	358	25	57	-28.6762	-30.6108	-18.2141	-17.6532
200	9	2	4	62	4	5	6	-3.70526	-5.16571	-5.70416	-6.6449
201	1	2	3	4	5	9	3	-4.73244	-2.5097	-3.52639	-5.0195
202	4	7	10	4	1	7	1	-1.82562	-3.6978	-2.68741	-1.95441
203	2	4	2	4	19	3	6	-5.7852	-8.84542	-9.31288	-8.91123
204	4	7	10	4	1	7	1	-1.82562	-3.6978	-2.68741	-1.95441
205	4	7	10	4	42	51	1	-2.92302	-4.57205	-5.04525	-3.8184
206	2	1	12	3	2	1	5	-2.63024	-2.12788	-3.55069	-4.85632
207	4	7	10	4	1	7	1	-1.82562	-3.6978	-2.68741	-1.95441
208	2	1	12	3	2	1	5	-2.63024	-2.12788	-3.55069	-4.85632
209	1	2	4	62	4	5	17	-6.13607	-4.86621	-7.42201	-8.51099
210	4	7	10	4	42	51	1	-2.92302	-4.57205	-5.04525	-3.8184
211	2	4	1	2	2	1	5	-2.77062	-3.63387	-4.12003	-4.13312
212	4	7	10	4	1	7	1	-1.82562	-3.6978	-2.68741	-1.95441
213	2	1	21	3	2	1	5	-2.9401	-2.50032	-4.39164	-4.53871
214	47	2	4	2	6	5	17	-10.4051	-10.7777	-6.07765	-8.72245
215	2	1	21	3	2	1	5	-2.9401	-2.50032	-4.39164	-4.53871
216	2	1	21	3	2	1	5	-2.9401	-2.50032	-4.39164	-4.53871
217	2	4	1	2	2	1	5	-2.77062	-3.63387	-4.12003	-4.13312
218	2	4	1	2	2	1	5	-2.77062	-3.63387	-4.12003	-4.13312
219	10	81	50	99	120	76	52	-6.73252	-6.39329	-5.24822	-5.19299
220	2	4	1	2	2	1	5	-2.77062	-3.63387	-4.12003	-4.13312
221	2	4	1	2	2	1	5	-2.77062	-3.63387	-4.12003	-4.13312
222	1	4	2	2	6	3	17	-4.75591	-2.46995	-4.51823	-5.62737
223	1	2	4	62	4	5	17	-6.13607	-4.86621	-7.42201	-8.51099
224	4	7	10	4	1	7	1	-1.82562	-3.6978	-2.68741	-1.95441
225	4	7	10	4	1	7	1	-1.82562	-3.6978	-2.68741	-1.95441
226	10	1	16	19	10	5	7	-6.713	-2.76953	-4.12091	-5.26307
227	2	4	1	2	2	1	5	-2.77062	-3.63387	-4.12003	-4.13312
228	2	4	1	2	7	1	5	-2.29416	-5.34668	-5.76503	-5.09368
229	1	4	2	348	6	3	17	-9.51632	-5.38523	-8.03965	-9.60927
230	1	2	4	62	4	5	17	-6.13607	-4.86621	-7.42201	-8.51099
231	10	27	16	19	10	5	7	-21.2742	-12.8276	-16.4193	-17.7299
232	1	4	2	2	6	3	17	-4.75591	-2.46995	-4.51823	-5.62737
233	4	7	10	4	42	51	1	-2.92302	-4.57205	-5.04525	-3.8184
234	2	4	1	2	2	1	5	-2.77062	-3.63387	-4.12003	-4.13312
235	2	1	12	3	2	1	5	-2.63024	-2.12788	-3.55069	-4.85632
236	2	1	12	88	2	1	5	-3.96059	-3.44152	-5.78525	-5.35279
237	2	4	1	2	7	1	5	-2.29416	-5.34668	-5.76503	-5.09368
238	2	1	12	3	2	1	5	-2.63024	-2.12788	-3.55069	-4.85632
239	1	4	2	2	6	3	17	-4.75591	-2.46995	-4.51823	-5.62737
240	2	1	4	28	58	25	58	-5.70434	-7.90539	-5.5576	-4.25276
241	2	1	5	3	2	3	5	-4.2641	-3.26676	-5.58947	-4.8167
242	2	1	12	3	2	1	5	-2.63024	-2.12788	-3.55069	-4.85632
243	2	4	1	2	2	1	5	-2.77062	-3.63387	-4.12003	-4.13312
244	2	1	5	10	11	1	5	-27.3348	-22.2613	-25.3841	-25.4718
245	2	1	12	3	2	1	5	-2.63024	-2.12788	-3.55069	-4.85632
246	2	1	12	88	2	1	5	-3.96059	-3.44152	-5.78525	-5.35279
247	2	1	12	3	2	1	5	-2.63024	-2.12788	-3.55069	-4.85632
248	2	1	12	3	2	1	5	-2.63024	-2.12788	-3.55069	-4.85632
249	1	4	2	2	6	3	17	-4.75591	-2.46995	-4.51823	-5.62737
250	9	2	4	62	4	5	6	-3.70526	-5.16571	-5.70416	-6.6449
251	2	1	12	3	2	1	5	-2.63024	-2.12788	-3.55069	-4.85632
252	8	10	149	2	11	12	6	-4.89598	-3.98878	-5.57785	-7.20667
253	2	1	21	3	2	1	5	-2.9401	-2.50032	-4.39164	-4.53871
254	1	2	3	4	5	9	3	-4.73244	-2.5097	-3.52639	-5.0195
255	2	1	5	3	2	3	5	-4.2641	-3.26676	-5.58947	-4.8167
256	1	307	3	4	5	9	3	-6.83536	-6.44344	-6.01298	-8.37549
257	1	4	2	2	6	3	17	-4.75591	-2.46995	-4.51823	-5.62737
258	2	4	1	2	7	1	5	-2.29416	-5.34668	-5.76503	-5.09368
259	2	4	1	2	2	1	5	-2.77062	-3.63387	-4.12003	-4.13312
260	2	61	4	64	126	7	23	-6.08407	-8.11713	-6.48036	-4.26173
261	7	21	5	62	4	61	44	-7.89321	-3.85406	-5.57507	-7.65349
262	2	1	12	3	2	1	5	-2.63024	-2.12788	-3.55069	-4.85632
263	2	4	1	2	2	1	5	-2.77062	-3.63387	-4.12003	-4.13312
264	2	1	12	3	2	1	5	-2.63024	-2.12788	-3.55069	-4.85632
265	2	1	21	3	2	1	5	-2.9401	-2.50032	-4.39164	-4.53871
266	2	1	21	3	2	1	5	-2.9401	-2.50032	-4.39164	-4.53871
267	2	4	1	2	2	1	5	-2.77062	-3.63387	-4.12003	-4.13312
268	2	4	1	2	2	1	5	-2.77062	-3.63387	-4.12003	-4.13312
269	2	4	1	2	7	1	5	-2.29416	-5.34668	-5.76503	-5.09368
270	4	7	10	4	1	7	1	-1.82562	-3.6978	-2.68741	-1.95441
271	1	2	4	62	4	5	17	-6.13607	-4.86621	-7.42201	-8.51099
272	4	1	21	3	2	1	5	-9.81586	-10.0451	-10.8988	-10.0802
273	10	1	16	19	10	5	7	-6.713	-2.76953	-4.12091	-5.26307
274	33	283	44	82	189	44	17	-7.50577	-3.49406	-5.37899	-6.06169
275	2	1	12	3	2	1	5	-2.63024	-2.12788	-3.55069	-4.85632
276	10	81	50	99	120	76	52	-6.73252	-6.39329	-5.24822	-5.19299
277	4	7	10	4	42	25	1	-9.00889	-9.24013	-5.85471	-5.19926
278	2	4	1	2	2	1	5	-2.77062	-3.63387	-4.12003	-4.13312
279	2	4	5	2	10	1	5	-6.8809	-9.93283	-10.4071	-10.0098
280	2	4	1	2	2	1	5	-2.77062	-3.63387	-4.12003	-4.13312
281	9	2	4	62	4	5	6	-3.70526	-5.16571	-5.70416	-6.6449
282	4	7	10	4	1	7	1	-1.82562	-3.6978	-2.68741	-1.95441
283	2	1	12	3	2	1	5	-2.63024	-2.12788	-3.55069	-4.85632
284	9	2	4	62	4	5	6	-3.70526	-5.16571	-5.70416	-6.6449
285	9	2	4	62	4	5	6	-3.70526	-5.16571	-5.70416	-6.6449
286	2	4	1	2	2	1	5	-2.77062	-3.63387	-4.12003	-4.13312
287	2	1	12	88	2	1	5	-3.96059	-3.44152	-5.78525	-5.35279
288	2	1	21	3	2	1	5	-2.9401	-2.50032	-4.39164	-4.53871
289	33	39	30	79	113	44	17	-26.5812	-23.5996	-25.6806	-27.0701
290	1	2	3	4	5	9	3	-4.73244	-2.5097	-3.52639	-5.0195
291	1	4	2	2	6	3	17	-4.75591	-2.46995	-4.51823	-5.62737
292	9	2	4	62	4	5	6	-3.70526	-5.16571	-5.70416	-6.6449
293	2	1	12	3	2	1	5	-2.63024	-2.12788	-3.55069	-4.85632
294	2	1	5	3	2	5	5	-5.75028	-2.85157	-4.01098	-5.61336
295	2	1	5	3	2	5	5	-5.75028	-2.85157	-4.01098	-5.61336
296	2	4	1	2	2	1	5	-2.77062	-3.63387	-4.12003	-4.13312
297	2	4	1	2	2	1	5	-2.77062	-3.63387	-4.12003	-4.13312
298	2	1	21	3	2	1	5	-2.9401	-2.50032	-4.39164	-4.53871
299	32	39	30	82	104	324	17	-8.82402	-4.7005	-7.35076	-8.91895
300	2	1	12	3	2	1	5	-2.63024	-2.12788	-3.55069	-4.85632
301	4	7	10	4	1	7	1	-1.82562	-3.6978	-2.68741	-1.95441
302	1	4	2	2	6	3	5	-9.31293	-5.28481	-7.98139	-9.52848
303	2	1	21	3	2	1	5	-2.9401	-2.50032	-4.39164	-4.53871
304	4	7	10	4	42	51	1	-2.92302	-4.57205	-5.04525	-3.8184
305	2	4	1	2	7	1	5	-2.29416	-5.34668	-5.76503	-5.09368
306	7	21	5	62	4	61	44	-7.89321	-3.85406	-5.57507	-7.65349
307	104	7	10	4	1	7	1	-4.39729	-7.46835	-7.92069	-7.51015
308	9	25	2	10	22	3	6	-4.47162	-7.26158	-6.43172	-4.3773
309	2	4	2	2	6	3	17	-10.9671	-7.66255	-10.5032	-10.9322
310	2	4	1	2	7	1	5	-2.29416	-5.34668	-5.76503	-5.09368
311	129	66	30	82	189	47	17	-3.241	-4.81954	-5.79948	-4.16223
312	33	39	30	82	104	173	68	-5.43186	-3.99824	-6.5688	-7.71673
313	2	1	12	3	2	1	5	-2.63024	-2.12788	-3.55069	-4.85632
314	2	1	1	3	2	1	5	-4.63479	-3.80022	-6.32058	-7.22313
315	7	21	5	62	4	61	44	-7.89321	-3.85406	-5.57507	-7.65349
316	2	1	21	3	2	1	5	-2.9401	-2.50032	-4.39164	-4.53871
317	4	7	10	4	1	7	1	-1.82562	-3.6978	-2.68741	-1.95441
318	10	2	107	62	120	76	1	-6.85931	-9.52743	-8.45265	-6.33443
319	4	7	10	4	1	7	1	-1.82562	-3.6978	-2.68741	-1.95441
320	2	1	12	3	2	1	5	-2.63024	-2.12788	-3.55069	-4.85632
321	2	1	5	3	2	3	5	-4.2641	-3.26676	-5.58947	-4.8167
322	4	7	10	4	1	7	1	-1.82562	-3.6978	-2.68741	-1.95441
323	2	1	12	88	2	1	5	-3.96059	-3.44152	-5.78525	-5.35279
324	4	7	10	4	42	7	1	-6.65201	-8.50069	-5.71065	-4.67996
325	4	7	10	4	42	51	1	-2.92302	-4.57205	-5.04525	-3.8184
326	2	1	21	3	2	1	5	-2.9401	-2.50032	-4.39164	-4.53871
327	2	1	12	3	2	1	5	-2.63024	-2.12788	-3.55069	-4.85632
328	4	7	10	4	1	7	1	-1.82562	-3.6978	-2.68741	-1.95441
329	2	4	1	2	7	1	5	-2.29416	-5.34668	-5.76503	-5.09368
330	4	7	10	4	1	7	1	-1.82562	-3.6978	-2.68741	-1.95441
331	2	1	12	3	2	1	5	-2.63024	-2.12788	-3.55069	-4.85632
332	4	7	10	4	1	7	1	-1.82562	-3.6978	-2.68741	-1.95441
333	4	7	10	4	1	7	1	-1.82562	-3.6978	-2.68741	-1.95441
334	1	4	2	2	6	3	17	-4.75591	-2.46995	-4.51823	-5.62737
335	2	4	1	2	2	1	5	-2.77062	-3.63387	-4.12003	-4.13312
336	4	7	10	4	1	7	1	-1.82562	-3.6978	-2.68741	-1.95441
337	7	17	2	15	23	3	12	-6.88826	-9.95334	-10.4176	-10.0212
338	2	1	5	3	2	3	5	-4.2641	-3.26676	-5.58947	-4.8167
339	4	7	10	4	1	7	1	-1.82562	-3.6978	-2.68741	-1.95441
340	4	7	10	4	1	7	1	-1.82562	-3.6978	-2.68741	-1.95441
341	4	7	10	4	42	51	1	-2.92302	-4.57205	-5.04525	-3.8184
342	2	4	1	2	2	1	5	-2.77062	-3.63387	-4.12003	-4.13312
343	2	1	12	88	2	1	5	-3.96059	-3.44152	-5.78525	-5.35279
344	2	1	1	3	2	1	5	-4.63479	-3.80022	-6.32058	-7.22313
345	1	2	3	4	5	9	3	-4.73244	-2.5097	-3.52639	-5.0195
346	2	1	12	88	2	1	5	-3.96059	-3.44152	-5.78525	-5.35279
347	2	1	1	3	2	1	5	-4.63479	-3.80022	-6.32058	-7.22313
348	24	17	2	10	23	68	5	-9.92178	-5.79714	-8.44866	-10.017
349	4	7	10	4	1	7	1	-1.82562	-3.6978	-2.68741	-1.95441
350	2	1	21	3	2	1	5	-2.9401	-2.50032	-4.39164	-4.53871
351	1	4	2	2	6	3	17	-4.75591	-2.46995	-4.51823	-5.62737
352	2	1	5	3	2	3	5	-4.2641	-3.26676	-5.58947	-4.8167
353	4	7	10	4	1	7	1	-1.82562	-3.6978	-2.68741	-1.95441
354	2	1	1	3	2	1	5	-4.63479	-3.80022	-6.32058	-7.22313
355	2	1	12	3	2	1	5	-2.63024	-2.12788	-3.55069	-4.85632
356	8	10	149	2	11	12	6	-4.89598	-3.98878	-5.57785	-7.20667
357	2	4	1	2	2	5	5	-6.82116	-6.41227	-8.80608	-9.51589
358	10	1	16	19	10	5	7	-6.713	-2.76953	-4.12091	-5.26307
359	24	17	2	10	23	68	5	-9.92178	-5.79714	-8.44866	-10.017
360	1	2	4	62	4	5	17	-6.13607	-4.86621	-7.42201	-8.51099
361	2	4	1	2	7	1	5	-2.29416	-5.34668	-5.76503	-5.09368
362	7	71	5	62	11	67	6	-28.5308	-28.1251	-26.1294	-27.1093
363	7	17	5	2	10	3	6	-25.9807	-23.6905	-25.0601	-22.7511
364	2	1	5	3	2	3	5	-4.2641	-3.26676	-5.58947	-4.8167
365	9	2	4	62	4	5	6	-3.70526	-5.16571	-5.70416	-6.6449
366	33	38	30	82	104	325	36	-14.224	-10.9913	-11.0421	-12.854
367	2	4	1	2	7	1	5	-2.29416	-5.34668	-5.76503	-5.09368
368	47	2	4	2	6	5	17	-10.4051	-10.7777	-6.07765	-8.72245
369	2	1	12	88	2	1	5	-3.96059	-3.44152	-5.78525	-5.35279
370	2	1	12	88	2	1	5	-3.96059	-3.44152	-5.78525	-5.35279
371	2	1	12	88	2	1	5	-3.96059	-3.44152	-5.78525	-5.35279
372	2	1	12	88	2	1	5	-3.96059	-3.44152	-5.78525	-5.35279
373	2	4	1	2	2	1	5	-2.77062	-3.63387	-4.12003	-4.13312
374	2	1	12	88	2	1	5	-3.96059	-3.44152	-5.78525	-5.35279
375	1	1	2	2	6	3	17	-10.3212	-6.18686	-8.93877	-10.431
376	2	1	12	88	2	1	5	-3.96059	-3.44152	-5.78525	-5.35279
377	2	1	12	88	2	1	5	-3.96059	-3.44152	-5.78525	-5.35279
378	2	4	1	2	2	1	5	-2.77062	-3.63387	-4.12003	-4.13312
379	2	1	12	88	2	1	5	-3.96059	-3.44152	-5.78525	-5.35279
380	2	1	5	3	2	3	5	-4.2641	-3.26676	-5.58947	-4.8167
381	4	7	10	4	1	7	1	-1.82562	-3.6978	-2.68741	-1.95441
382	2	1	12	3	2	1	5	-2.63024	-2.12788	-3.55069	-4.85632
383	1	2	4	62	4	5	17	-6.13607	-4.86621	-7.42201	-8.51099
384	1	4	2	2	6	3	17	-4.75591	-2.46995	-4.51823	-5.62737
385	2	1	12	3	2	1	5	-2.63024	-2.12788	-3.55069	-4.85632
386	2	1	12	88	2	1	5	-3.96059	-3.44152	-5.78525	-5.35279
387	9	2	4	62	4	5	6	-3.70526	-5.16571	-5.70416	-6.6449
388	2	4	1	2	7	1	5	-2.29416	-5.34668	-5.76503	-5.09368
389	2	1	5	3	2	3	5	-4.2641	-3.26676	-5.58947	-4.8167
390	7	21	5	62	4	61	44	-7.89321	-3.85406	-5.57507	-7.65349
391	1	2	215	4	90	24	8	-29.5868	-29.1099	-20.1098	-19.5903
392	2	1	21	3	2	1	5	-2.9401	-2.50032	-4.39164	-4.53871
393	1	4	2	2	6	3	17	-4.75591	-2.46995	-4.51823	-5.62737
394	2	4	1	2	2	1	5	-2.77062	-3.63387	-4.12003	-4.13312
395	2	1	12	3	2	1	5	-2.63024	-2.12788	-3.55069	-4.85632
396	1	2	3	4	5	9	3	-4.73244	-2.5097	-3.52639	-5.0195
397	2	1	5	3	2	3	5	-4.2641	-3.26676	-5.58947	-4.8167
398	10	1	16	19	10	5	7	-6.713	-2.76953	-4.12091	-5.26307
399	2	1	2	3	2	959	5	-7.35122	-10.8715	-9.13597	-9.00266
400	10	1	16	19	10	5	7	-6.713	-2.76953	-4.12091	-5.26307
401	2	4	1	2	7	1	5	-2.29416	-5.34668	-5.76503	-5.09368
402	2	1	12	3	2	1	5	-2.63024	-2.12788	-3.55069	-4.85632
403	8	10	149	2	11	12	6	-4.89598	-3.98878	-5.57785	-7.20667
404	2	4	1	2	7	1	5	-2.29416	-5.34668	-5.76503	-5.09368
405	4	7	10	4	1	7	1	-1.82562	-3.6978	-2.68741	-1.95441
406	4	7	10	4	1	7	1	-1.82562	-3.6978	-2.68741	-1.95441
407	2	4	5	2	2	5	5	-3.66087	-6.69121	-6.96962	-5.85647
408	2	1	12	3	2	1	5	-2.63024	-2.12788	-3.55069	-4.85632
409	166	2	27	10	151	3	1	-30.4052	-33.7004	-25.3122	-23.2296
410	33	39	30	79	113	44	17	-26.5812	-23.5996	-25.6806	-27.0701
411	7	17	2	15	23	3	12	-6.88826	-9.95334	-10.4176	-10.0212
412	1	2	3	4	5	9	3	-4.73244	-2.5097	-3.52639	-5.0195
413	2	4	1	2	7	1	5	-2.29416	-5.34668	-5.76503	-5.09368
414	7	21	5	62	4	61	44	-7.89321	-3.85406	-5.57507	-7.65349
415	2	1	12	3	2	1	5	-2.63024	-2.12788	-3.55069	-4.85632
416	1	2	3	4	5	9	3	-4.73244	-2.5097	-3.52639	-5.0195
417	2	1	5	88	2	11	5	-9.16783	-5.37054	-5.94051	-8.3718
418	2	4	1	2	7	1	5	-2.29416	-5.34668	-5.76503	-5.09368
419	2	1	21	3	2	1	5	-2.9401	-2.50032	-4.39164	-4.53871
420	7	17	2	15	23	3	12	-6.88826	-9.95334	-10.4176	-10.0212
421	2	1	5	88	2	11	5	-9.16783	-5.37054	-5.94051	-8.3718
422	47	2	4	2	6	5	17	-10.4051	-10.7777	-6.07765	-8.72245
423	1	2	3	4	5	9	3	-4.73244	-2.5097	-3.52639	-5.0195
424	7	17	2	15	23	3	12	-6.88826	-9.95334	-10.4176	-10.0212
425	2	4	1	2	2	1	5	-2.77062	-3.63387	-4.12003	-4.13312
426	2	4	1	2	2	1	5	-2.77062	-3.63387	-4.12003	-4.13312
427	2	4	1	2	2	1	5	-2.77062	-3.63387	-4.12003	-4.13312
428	2	1	12	3	2	1	5	-2.63024	-2.12788	-3.55069	-4.85632
429	2	4	5	2	2	5	5	-3.66087	-6.69121	-6.96962	-5.85647
430	2	1	21	3	2	1	5	-2.9401	-2.50032	-4.39164	-4.53871
431	4	7	10	4	42	25	1	-9.00889	-9.24013	-5.85471	-5.19926
432	1	4	2	2	6	3	17	-4.75591	-2.46995	-4.51823	-5.62737
433	1	2	215	4	923	24	8	-29.5868	-29.1099	-20.1098	-19.5903
434	1	2	3	4	5	9	3	-4.73244	-2.5097	-3.52639	-5.0195
435	2	1	1	3	2	1	5	-4.63479	-3.80022	-6.32058	-7.22313
436	1	4	2	2	6	3	17	-4.75591	-2.46995	-4.51823	-5.62737
437	2	4	1	2	2	1	5	-2.77062	-3.63387	-4.12003	-4.13312
438	2	1	5	3	2	5	5	-5.75028	-2.85157	-4.01098	-5.61336
439	4	7	10	4	42	51	1	-2.92302	-4.57205	-5.04525	-3.8184
440	4	7	10	4	1	7	1	-1.82562	-3.6978	-2.68741	-1.95441
441	4	7	10	4	1	7	1	-1.82562	-3.6978	-2.68741	-1.95441
442	4	7	10	4	1	7	1	-1.82562	-3.6978	-2.68741	-1.95441
443	2	1	21	3	2	1	5	-2.9401	-2.50032	-4.39164	-4.53871
444	2	1	21	3	2	1	5	-2.9401	-2.50032	-4.39164	-4.53871
445	2	4	1	2	7	1	5	-2.29416	-5.34668	-5.76503	-5.09368
446	4	7	10	4	1	7	1	-1.82562	-3.6978	-2.68741	-1.95441
447	4	7	10	4	1	7	1	-1.82562	-3.6978	-2.68741	-1.95441
448	2	1	1	3	2	1	5	-4.63479	-3.80022	-6.32058	-7.22313
449	2	1	21	3	2	1	5	-2.9401	-2.50032	-4.39164	-4.53871
450	2	1	21	3	2	1	5	-2.9401	-2.50032	-4.39164	-4.53871
451	4	7	10	4	42	51	1	-2.92302	-4.57205	-5.04525	-3.8184
452	4	7	10	1	1	7	1	-5.26127	-8.16796	-5.93449	-6.13748
453	239	27	16	19	10	5	7	-10.6171	-6.49236	-9.14208	-10.7115
454	2	1	12	3	2	1	5	-2.63024	-2.12788	-3.55069	-4.85632
455	2	4	1	2	2	1	5	-2.77062	-3.63387	-4.12003	-4.13312
456	2	1	12	3	2	1	5	-2.63024	-2.12788	-3.55069	-4.85632
457	2	1	12	3	2	1	5	-2.63024	-2.12788	-3.55069	-4.85632
458	10	81	50	99	120	76	52	-6.73252	-6.39329	-5.24822	-5.19299
459	47	2	4	2	6	5	17	-10.4051	-10.7777	-6.07765	-8.72245
460	2	4	1	3	2	1	5	-6.8214	-8.49404	-9.86887	-9.74161
461	4	7	10	4	1	7	1	-1.82562	-3.6978	-2.68741	-1.95441
462	2	1	1	380	2	1	5	-6.16356	-5.74669	-8.1951	-8.91166
463	2	4	1	2	7	1	5	-2.29416	-5.34668	-5.76503	-5.09368
464	2	1	12	88	2	1	5	-3.96059	-3.44152	-5.78525	-5.35279
465	7	71	5	62	11	67	1	-30.4791	-28.3039	-25.0402	-26.3935
466	2	4	1	2	7	1	5	-2.29416	-5.34668	-5.76503	-5.09368
467	4	7	10	4	1	7	1	-1.82562	-3.6978	-2.68741	-1.95441
468	2	1	1	380	2	1	5	-6.16356	-5.74669	-8.1951	-8.91166
469	2	4	1	2	2	1	5	-2.77062	-3.63387	-4.12003	-4.13312
470	2	1	12	3	2	1	5	-2.63024	-2.12788	-3.55069	-4.85632
471	1	14	2	2	6	1	17	-9.82611	-6.45955	-8.13997	-6.34884
472	1	2	4	62	4	5	17	-6.13607	-4.86621	-7.42201	-8.51099
473	4	7	10	4	1	7	1	-1.82562	-3.6978	-2.68741	-1.95441
474	2	1	21	3	2	1	5	-2.9401	-2.50032	-4.39164	-4.53871
475	2	4	1	2	2	1	5	-2.77062	-3.63387	-4.12003	-4.13312
476	1	4	2	2	6	3	17	-4.75591	-2.46995	-4.51823	-5.62737
477	4	7	10	4	1	7	1	-1.82562	-3.6978	-2.68741	-1.95441
478	10	2	107	62	120	76	1	-6.85931	-9.52743	-8.45265	-6.33443
479	2	1	12	3	2	1	5	-2.63024	-2.12788	-3.55069	-4.85632
480	2	1	5	3	2	3	5	-4.2641	-3.26676	-5.58947	-4.8167
481	2	1	21	3	2	1	5	-2.9401	-2.50032	-4.39164	-4.53871
482	1	2	3	4	5	9	3	-4.73244	-2.5097	-3.52639	-5.0195
483	1	307	3	4	5	9	3	-6.83536	-6.44344	-6.01298	-8.37549
484	7	2	5	2	10	3	6	-31.9225	-27.0782	-29.708	-28.7424
485	1	2	3	4	5	9	3	-4.73244	-2.5097	-3.52639	-5.0195
486	33	39	30	82	104	173	68	-5.43186	-3.99824	-6.5688	-7.71673
487	4	7	10	4	42	7	1	-6.65201	-8.50069	-5.71065	-4.67996
488	2	1	12	88	2	1	5	-3.96059	-3.44152	-5.78525	-5.35279
489	2	4	1	2	2	1	5	-2.77062	-3.63387	-4.12003	-4.13312
490	2	1	21	3	2	1	5	-2.9401	-2.50032	-4.39164	-4.53871
491	9	2	4	62	4	5	6	-3.70526	-5.16571	-5.70416	-6.6449
492	2	1	5	3	2	3	5	-4.2641	-3.26676	-5.58947	-4.8167
493	4	7	10	4	1	7	1	-1.82562	-3.6978	-2.68741	-1.95441
494	2	1	57	26	127	29	35	-6.85492	-9.58076	-6.06288	-8.46577
495	2	1	57	26	127	29	35	-6.85492	-9.58076	-6.06288	-8.46577
496	2	4	2	4	19	3	6	-5.7852	-8.84542	-9.31288	-8.91123
497	2	1	12	3	2	1	5	-2.63024	-2.12788	-3.55069	-4.85632
498	2	4	1	2	2	1	5	-2.77062	-3.63387	-4.12003	-4.13312
499	2	4	1	2	2	1	5	-2.77062	-3.63387	-4.12003	-4.13312
500	2	1	21	3	2	1	5	-2.9401	-2.50032	-4.39164	-4.53871
501	33	39	65	79	104	43	17	-4.58494	-7.65048	-8.11446	-7.7187
502	1	14	2	2	6	1	17	-9.82611	-6.45955	-8.13997	-6.34884
503	2	1	12	3	2	1	5	-2.63024	-2.12788	-3.55069	-4.85632
504	7	21	5	62	4	61	44	-7.89321	-3.85406	-5.57507	-7.65349
505	9	2	4	62	4	5	6	-3.70526	-5.16571	-5.70416	-6.6449
506	129	66	30	82	189	47	17	-3.241	-4.81954	-5.79948	-4.16223
507	2	1	21	3	2	1	5	-2.9401	-2.50032	-4.39164	-4.53871
508	47	2	4	2	6	5	17	-10.4051	-10.7777	-6.07765	-8.72245
509	2	4	1	2	7	1	5	-2.29416	-5.34668	-5.76503	-5.09368
510	33	38	30	82	104	325	36	-14.224	-10.9913	-11.0421	-12.854
511	1	4	2	2	6	3	17	-4.75591	-2.46995	-4.51823	-5.62737
512	1	4	2	2	6	3	17	-4.75591	-2.46995	-4.51823	-5.62737
513	2	4	1	2	2	1	5	-2.77062	-3.63387	-4.12003	-4.13312
514	4	7	10	4	1	7	1	-1.82562	-3.6978	-2.68741	-1.95441
515	33	283	44	82	189	44	17	-7.50577	-3.49406	-5.37899	-6.06169
516	8	10	149	2	11	12	6	-4.89598	-3.98878	-5.57785	-7.20667
517	2	1	21	3	62	1	5	-5.78273	-8.83188	-9.31092	-8.91319
518	10	1	16	19	10	5	7	-6.713	-2.76953	-4.12091	-5.26307
519	180	194	2	68	19	231	147	-23.3174	-30.8279	-18.3037	-19.1259
520	2	4	1	2	7	1	5	-2.29416	-5.34668	-5.76503	-5.09368
521	2	4	2	2	6	1	5	-6.11539	-4.85044	-5.84297	-7.91316
522	1	2	3	4	5	9	3	-4.73244	-2.5097	-3.52639	-5.0195
523	2	1	21	3	2	1	5	-2.9401	-2.50032	-4.39164	-4.53871
524	2	1	12	3	2	1	5	-2.63024	-2.12788	-3.55069	-4.85632
525	2	1	5	3	2	3	5	-4.2641	-3.26676	-5.58947	-4.8167
526	1	307	3	4	5	9	3	-6.83536	-6.44344	-6.01298	-8.37549
527	2	4	1	2	7	1	5	-2.29416	-5.34668	-5.76503	-5.09368
528	2	1	12	3	2	1	5	-2.63024	-2.12788	-3.55069	-4.85632
529	7	21	5	62	4	61	44	-7.89321	-3.85406	-5.57507	-7.65349
530	2	1	5	3	2	3	5	-4.2641	-3.26676	-5.58947	-4.8167
531	2	1	12	88	2	1	5	-3.96059	-3.44152	-5.78525	-5.35279
532	2	1	21	3	2	1	5	-2.9401	-2.50032	-4.39164	-4.53871
533	1	4	2	2	6	3	17	-4.75591	-2.46995	-4.51823	-5.62737
534	2	4	1	2	7	1	5	-2.29416	-5.34668	-5.76503	-5.09368
535	47	2	4	2	6	5	17	-10.4051	-10.7777	-6.07765	-8.72245
536	1	4	2	2	6	3	17	-4.75591	-2.46995	-4.51823	-5.62737
537	1	2	3	4	5	9	3	-4.73244	-2.5097	-3.52639	-5.0195
538	2	4	1	2	2	1	5	-2.77062	-3.63387	-4.12003	-4.13312
539	4	7	10	4	42	7	1	-6.65201	-8.50069	-5.71065	-4.67996
540	2	4	1	9	2	1	5	-6.3632	-8.12924	-6.01796	-6.27386
541	2	1	12	3	2	1	5	-2.63024	-2.12788	-3.55069	-4.85632
542	1	4	2	9	6	3	17	-8.35643	-6.91614	-6.38897	-7.75247
543	1	2	3	4	922	9	3	-8.34018	-7.00751	-5.42602	-7.16247
544	4	7	10	4	1	7	1	-1.82562	-3.6978	-2.68741	-1.95441
545	2	1	5	3	2	3	5	-4.2641	-3.26676	-5.58947	-4.8167
546	2	4	1	2	7	1	5	-2.29416	-5.34668	-5.76503	-5.09368
547	4	7	10	4	1	7	1	-1.82562	-3.6978	-2.68741	-1.95441
548	2	4	1	2	2	1	5	-2.77062	-3.63387	-4.12003	-4.13312
549	2	1	21	3	2	1	5	-2.9401	-2.50032	-4.39164	-4.53871
550	4	7	10	4	1	7	1	-1.82562	-3.6978	-2.68741	-1.95441
551	1	4	2	2	6	3	17	-4.75591	-2.46995	-4.51823	-5.62737
552	2	1	5	3	2	5	5	-5.75028	-2.85157	-4.01098	-5.61336
553	2	1	12	3	2	1	5	-2.63024	-2.12788	-3.55069	-4.85632
554	4	936	10	4	1	7	1	-5.42789	-8.19224	-4.55413	-4.09962
555	180	194	2	68	19	231	147	-23.3174	-30.8279	-18.3037	-19.1259
556	4	7	10	4	42	51	1	-2.92302	-4.57205	-5.04525	-3.8184
557	4	7	10	4	42	25	1	-9.00889	-9.24013	-5.85471	-5.19926
558	2	1	21	3	2	1	5	-2.9401	-2.50032	-4.39164	-4.53871
559	2	1	5	3	2	3	5	-4.2641	-3.26676	-5.58947	-4.8167
560	2	1	5	3	2	3	5	-4.2641	-3.26676	-5.58947	-4.8167
561	4	7	10	4	42	51	1	-2.92302	-4.57205	-5.04525	-3.8184
562	4	7	10	4	1	7	1	-1.82562	-3.6978	-2.68741	-1.95441
563	2	4	1	2	7	1	5	-2.29416	-5.34668	-5.76503	-5.09368
564	2	1	21	3	2	1	5	-2.9401	-2.50032	-4.39164	-4.53871
565	1	4	2	2	6	3	17	-4.75591	-2.46995	-4.51823	-5.62737
566	188	313	5	2	89	5	6	-40.3486	-35.9736	-36.8195	-39.3812
567	2	1	21	3	2	1	5	-2.9401	-2.50032	-4.39164	-4.53871
568	2	1	1	3	2	1	5	-4.63479	-3.80022	-6.32058	-7.22313
569	2	1	5	3	2	3	5	-4.2641	-3.26676	-5.58947	-4.8167
570	2	4	1	2	2	1	5	-2.77062	-3.63387	-4.12003	-4.13312
571	2	1	5	3	2	3	5	-4.2641	-3.26676	-5.58947	-4.8167
572	2	1	1	3	2	1	5	-4.63479	-3.80022	-6.32058	-7.22313
573	2	1	5	3	2	3	5	-4.2641	-3.26676	-5.58947	-4.8167
574	1	4	2	2	6	3	17	-4.75591	-2.46995	-4.51823	-5.62737
575	1	4	2	2	6	3	17	-4.75591	-2.46995	-4.51823	-5.62737
576	2	1	21	3	2	1	5	-2.9401	-2.50032	-4.39164	-4.53871
577	239	27	16	19	10	5	7	-10.6171	-6.49236	-9.14208	-10.7115
578	2	4	5	2	2	5	5	-3.66087	-6.69121	-6.96962	-5.85647
579	9	2	4	62	4	5	6	-3.70526	-5.16571	-5.70416	-6.6449
580	2	1	1	3	2	1	5	-4.63479	-3.80022	-6.32058	-7.22313
581	2	1	5	3	2	3	5	-4.2641	-3.26676	-5.58947	-4.8167
582	1	4	2	2	6	3	17	-4.75591	-2.46995	-4.51823	-5.62737
583	2	4	5	2	2	5	5	-3.66087	-6.69121	-6.96962	-5.85647
584	2	4	5	2	2	5	5	-3.66087	-6.69121	-6.96962	-5.85647
585	2	1	5	3	2	3	5	-4.2641	-3.26676	-5.58947	-4.8167
586	2	1	1	380	2	1	5	-6.16356	-5.74669	-8.1951	-8.91166
587	2	7	10	4	1	7	1	-6.58951	-8.58696	-8.51152	-7.20085
588	2	1	12	3	2	1	5	-2.63024	-2.12788	-3.55069	-4.85632
589	2	4	1	2	2	1	5	-2.77062	-3.63387	-4.12003	-4.13312
590	9	2	4	62	4	5	6	-3.70526	-5.16571	-5.70416	-6.6449
591	2	4	5	2	2	5	5	-3.66087	-6.69121	-6.96962	-5.85647
592	1	4	2	2	6	3	17	-4.75591	-2.46995	-4.51823	-5.62737
593	1	4	2	2	6	5	17	-12.9772	-8.7373	-11.7646	-13.736
594	2	4	2	2	6	1	5	-6.11539	-4.85044	-5.84297	-7.91316
595	1	4	2	2	6	5	17	-12.9772	-8.7373	-11.7646	-13.736
596	2	23	21	3	2	1	5	-6.54875	-7.00271	-6.29245	-6.68329
597	7	21	5	62	4	61	44	-7.89321	-3.85406	-5.57507	-7.65349
598	2	4	1	2	2	1	5	-2.77062	-3.63387	-4.12003	-4.13312
599	1	307	3	4	5	9	3	-6.83536	-6.44344	-6.01298	-8.37549
600	1	2	3	4	5	9	3	-4.73244	-2.5097	-3.52639	-5.0195
601	9	2	4	62	4	5	6	-3.70526	-5.16571	-5.70416	-6.6449
602	2	1	12	3	2	1	5	-2.63024	-2.12788	-3.55069	-4.85632
603	1	4	2	2	6	3	17	-4.75591	-2.46995	-4.51823	-5.62737
604	10	1	16	19	10	5	7	-6.713	-2.76953	-4.12091	-5.26307
605	2	1	12	3	2	1	5	-2.63024	-2.12788	-3.55069	-4.85632
606	180	194	2	68	19	231	147	-23.3174	-30.8279	-18.3037	-19.1259
607	2	1	12	3	2	1	5	-2.63024	-2.12788	-3.55069	-4.85632
608	4	7	10	4	1	7	1	-1.82562	-3.6978	-2.68741	-1.95441
609	129	66	30	82	189	47	17	-3.241	-4.81954	-5.79948	-4.16223
610	4	7	10	4	1	7	1	-1.82562	-3.6978	-2.68741	-1.95441
611	2	1	12	3	2	1	5	-2.63024	-2.12788	-3.55069	-4.85632
612	2	1	21	3	2	1	5	-2.9401	-2.50032	-4.39164	-4.53871
613	4	7	10	4	1	7	1	-1.82562	-3.6978	-2.68741	-1.95441
614	10	1	16	19	10	5	7	-6.713	-2.76953	-4.12091	-5.26307
615	8	10	149	2	11	12	6	-4.89598	-3.98878	-5.57785	-7.20667
616	129	66	30	82	189	47	17	-3.241	-4.81954	-5.79948	-4.16223
617	2	4	1	2	2	1	5	-2.77062	-3.63387	-4.12003	-4.13312
618	180	194	2	68	19	231	147	-23.3174	-30.8279	-18.3037	-19.1259
619	2	1	5	3	2	3	5	-4.2641	-3.26676	-5.58947	-4.8167
620	2	4	1	2	2	1	5	-2.77062	-3.63387	-4.12003	-4.13312
621	1	2	3	4	5	9	3	-4.73244	-2.5097	-3.52639	-5.0195
622	180	194	2	68	19	231	147	-23.3174	-30.8279	-18.3037	-19.1259
623	33	39	65	79	104	43	17	-4.58494	-7.65048	-8.11446	-7.7187
624	2	4	5	2	2	5	5	-3.66087	-6.69121	-6.96962	-5.85647
625	2	1	5	3	2	5	5	-5.75028	-2.85157	-4.01098	-5.61336
626	2	1	12	3	2	1	5	-2.63024	-2.12788	-3.55069	-4.85632
627	180	194	2	68	19	231	147	-23.3174	-30.8279	-18.3037	-19.1259
628	2	1	21	3	2	1	5	-2.9401	-2.50032	-4.39164	-4.53871
629	2	1	5	3	2	5	5	-5.75028	-2.85157	-4.01098	-5.61336
630	2	1	21	3	2	1	5	-2.9401	-2.50032	-4.39164	-4.53871
631	1	2	3	4	5	9	3	-4.73244	-2.5097	-3.52639	-5.0195
632	2	1	21	3	2	1	5	-2.9401	-2.50032	-4.39164	-4.53871
633	8	10	2	2	11	12	6	-3.94165	-6.97017	-7.46964	-7.07502
634	2	4	1	2	7	1	5	-2.29416	-5.34668	-5.76503	-5.09368
635	2	1	5	3	2	3	5	-4.2641	-3.26676	-5.58947	-4.8167
636	1	2	3	4	5	9	3	-4.73244	-2.5097	-3.52639	-5.0195
637	9	2	4	62	4	5	6	-3.70526	-5.16571	-5.70416	-6.6449
638	2	1	21	3	2	1	5	-2.9401	-2.50032	-4.39164	-4.53871
639	8	10	149	2	11	12	6	-4.89598	-3.98878	-5.57785	-7.20667
640	2	1	12	88	2	1	5	-3.96059	-3.44152	-5.78525	-5.35279
641	2	4	1	2	2	1	5	-2.77062	-3.63387	-4.12003	-4.13312
642	2	1	5	10	10	1	5	-23.5979	-23.0876	-24.0907	-23.5801
643	1	2	3	4	5	9	3	-4.73244	-2.5097	-3.52639	-5.0195
644	2	4	1	2	7	1	5	-2.29416	-5.34668	-5.76503	-5.09368
645	2	4	1	2	2	1	5	-2.77062	-3.63387	-4.12003	-4.13312
646	1	2	3	4	5	9	3	-4.73244	-2.5097	-3.52639	-5.0195
647	2	1	12	88	2	1	5	-3.96059	-3.44152	-5.78525	-5.35279
648	4	7	10	4	1	7	1	-1.82562	-3.6978	-2.68741	-1.95441
649	2	1	21	3	2	1	5	-2.9401	-2.50032	-4.39164	-4.53871
650	2	4	1	2	7	1	5	-2.29416	-5.34668	-5.76503	-5.09368
651	33	38	30	82	118	43	17	-20.5897	-18.4578	-21.331	-22.2284
652	2	4	1	2	2	1	5	-2.77062	-3.63387	-4.12003	-4.13312
653	2	1	5	3	2	3	5	-4.2641	-3.26676	-5.58947	-4.8167
654	4	7	10	4	1	7	1	-1.82562	-3.6978	-2.68741	-1.95441
655	8	10	2	2	11	12	6	-3.94165	-6.97017	-7.46964	-7.07502
656	2	4	5	2	2	5	5	-3.66087	-6.69121	-6.96962	-5.85647
657	4	7	10	4	1	7	1	-1.82562	-3.6978	-2.68741	-1.95441
658	2	1	5	3	2	3	5	-4.2641	-3.26676	-5.58947	-4.8167
659	33	39	30	82	113	47	17	-5.7726	-5.75237	-8.09839	-8.63283
660	2	1	21	3	2	1	5	-2.9401	-2.50032	-4.39164	-4.53871
661	2	4	1	2	7	1	5	-2.29416	-5.34668	-5.76503	-5.09368
662	2	1	1	3	2	1	5	-4.63479	-3.80022	-6.32058	-7.22313
663	4	7	10	4	1	7	1	-1.82562	-3.6978	-2.68741	-1.95441
664	7	21	5	62	4	61	44	-7.89321	-3.85406	-5.57507	-7.65349
665	10	81	50	99	120	76	52	-6.73252	-6.39329	-5.24822	-5.19299
666	4	7	10	4	1	7	1	-1.82562	-3.6978	-2.68741	-1.95441
667	1	2	3	4	5	9	3	-4.73244	-2.5097	-3.52639	-5.0195
668	1	2	3	4	5	9	3	-4.73244	-2.5097	-3.52639	-5.0195
669	2	4	1	2	7	1	5	-2.29416	-5.34668	-5.76503	-5.09368
670	4	7	10	4	1	7	1	-1.82562	-3.6978	-2.68741	-1.95441
671	2	1	5	3	2	3	5	-4.2641	-3.26676	-5.58947	-4.8167
672	1	4	2	2	6	3	17	-4.75591	-2.46995	-4.51823	-5.62737
673	4	935	10	4	1	7	1	-5.42789	-8.19224	-4.55413	-4.09962
674	10	1	16	19	10	5	7	-6.713	-2.76953	-4.12091	-5.26307
675	4	7	10	4	1	7	1	-1.82562	-3.6978	-2.68741	-1.95441
676	33	39	65	79	104	43	17	-4.58494	-7.65048	-8.11446	-7.7187
677	2	4	2	2	6	1	5	-6.11539	-4.85044	-5.84297	-7.91316
678	4	7	10	4	42	25	1	-9.00889	-9.24013	-5.85471	-5.19926
679	1	4	2	2	6	3	17	-4.75591	-2.46995	-4.51823	-5.62737
680	4	7	10	4	42	25	1	-9.00889	-9.24013	-5.85471	-5.19926
681	4	7	10	4	42	25	1	-9.00889	-9.24013	-5.85471	-5.19926
682	4	7	10	4	1	7	1	-1.82562	-3.6978	-2.68741	-1.95441
683	2	4	1	2	7	1	5	-2.29416	-5.34668	-5.76503	-5.09368
684	4	7	10	4	1	7	1	-1.82562	-3.6978	-2.68741	-1.95441
685	4	7	10	4	42	7	1	-6.65201	-8.50069	-5.71065	-4.67996
686	10	27	16	19	10	5	7	-21.2742	-12.8276	-16.4193	-17.7299
687	10	81	50	99	120	76	52	-6.73252	-6.39329	-5.24822	-5.19299
688	4	7	10	4	1	7	1	-1.82562	-3.6978	-2.68741	-1.95441
689	4	7	10	4	42	51	1	-2.92302	-4.57205	-5.04525	-3.8184
690	4	7	10	4	1	7	1	-1.82562	-3.6978	-2.68741	-1.95441
691	10	81	50	99	120	76	52	-6.73252	-6.39329	-5.24822	-5.19299
692	2	4	1	2	2	1	5	-2.77062	-3.63387	-4.12003	-4.13312
693	4	7	10	4	42	51	1	-2.92302	-4.57205	-5.04525	-3.8184
694	4	7	10	4	42	51	1	-2.92302	-4.57205	-5.04525	-3.8184
695	4	7	10	4	42	51	1	-2.92302	-4.57205	-5.04525	-3.8184
696	8	10	2	2	11	12	6	-3.94165	-6.97017	-7.46964	-7.07502
697	33	38	30	82	104	43	17	-5.27796	-8.34238	-8.80694	-8.40761
698	4	7	10	4	1	7	1	-1.82562	-3.6978	-2.68741	-1.95441
699	10	81	50	99	120	76	52	-6.73252	-6.39329	-5.24822	-5.19299
700	2	4	1	2	7	1	5	-2.29416	-5.34668	-5.76503	-5.09368
701	4	7	10	4	1	7	1	-1.82562	-3.6978	-2.68741	-1.95441
702	4	7	10	4	1	7	1	-1.82562	-3.6978	-2.68741	-1.95441
703	10	81	50	99	120	76	52	-6.73252	-6.39329	-5.24822	-5.19299
704	4	7	10	4	42	51	1	-2.92302	-4.57205	-5.04525	-3.8184
705	9	2	4	62	4	5	6	-3.70526	-5.16571	-5.70416	-6.6449
706	4	7	10	4	1	7	1	-1.82562	-3.6978	-2.68741	-1.95441
707	2	1	1	3	2	1	5	-4.63479	-3.80022	-6.32058	-7.22313
708	1	14	2	2	6	1	17	-9.82611	-6.45955	-8.13997	-6.34884
709	2	4	2	2	6	1	5	-6.11539	-4.85044	-5.84297	-7.91316
710	2	4	2	2	6	1	5	-6.11539	-4.85044	-5.84297	-7.91316
711	4	7	10	4	42	51	1	-2.92302	-4.57205	-5.04525	-3.8184
712	10	2	107	62	120	76	1	-6.85931	-9.52743	-8.45265	-6.33443
713	2	1	12	3	2	1	5	-2.63024	-2.12788	-3.55069	-4.85632
714	2	4	1	2	2	1	5	-2.77062	-3.63387	-4.12003	-4.13312
715	47	2	4	2	6	5	17	-10.4051	-10.7777	-6.07765	-8.72245
716	4	7	10	4	42	5	1	-11.1193	-10.8092	-11.6227	-11.4196
717	2	1	12	3	2	1	5	-2.63024	-2.12788	-3.55069	-4.85632
718	4	7	10	4	42	51	1	-2.92302	-4.57205	-5.04525	-3.8184
719	1	307	3	4	5	9	3	-6.83536	-6.44344	-6.01298	-8.37549
720	2	1	21	3	2	1	5	-2.9401	-2.50032	-4.39164	-4.53871
721	4	7	10	4	1	7	1	-1.82562	-3.6978	-2.68741	-1.95441
722	2	4	1	2	2	1	5	-2.77062	-3.63387	-4.12003	-4.13312
723	2	1	12	3	2	1	5	-2.63024	-2.12788	-3.55069	-4.85632
724	4	7	10	4	1	7	1	-1.82562	-3.6978	-2.68741	-1.95441
725	2	1	21	3	2	1	5	-2.9401	-2.50032	-4.39164	-4.53871
726	2	1	1	3	2	1	5	-4.63479	-3.80022	-6.32058	-7.22313
727	4	7	10	4	1	7	1	-1.82562	-3.6978	-2.68741	-1.95441
728	2	1	12	3	2	1	5	-2.63024	-2.12788	-3.55069	-4.85632
729	1	4	3	2	6	3	17	-14.7519	-9.22872	-12.0276	-14.1859
730	2	1	12	3	2	1	5	-2.63024	-2.12788	-3.55069	-4.85632
731	2	1	12	88	2	1	5	-3.96059	-3.44152	-5.78525	-5.35279
732	1	4	2	2	6	3	17	-4.75591	-2.46995	-4.51823	-5.62737
733	4	7	10	4	42	51	1	-2.92302	-4.57205	-5.04525	-3.8184
734	2	1	12	3	2	1	5	-2.63024	-2.12788	-3.55069	-4.85632
735	4	7	10	4	1	7	1	-1.82562	-3.6978	-2.68741	-1.95441
736	2	1	12	88	2	1	5	-3.96059	-3.44152	-5.78525	-5.35279
737	2	1	21	3	2	1	5	-2.9401	-2.50032	-4.39164	-4.53871
738	2	4	5	2	2	5	5	-3.66087	-6.69121	-6.96962	-5.85647
739	2	4	5	2	2	5	5	-3.66087	-6.69121	-6.96962	-5.85647
740	2	1	21	3	62	1	5	-5.78273	-8.83188	-9.31092	-8.91319
741	4	7	10	4	42	25	1	-9.00889	-9.24013	-5.85471	-5.19926
742	1	2	4	62	4	5	17	-6.13607	-4.86621	-7.42201	-8.51099
743	1	2	3	4	5	9	3	-4.73244	-2.5097	-3.52639	-5.0195
744	8	10	2	2	11	12	6	-3.94165	-6.97017	-7.46964	-7.07502
745	2	1	12	88	2	1	5	-3.96059	-3.44152	-5.78525	-5.35279
746	2	4	5	2	2	5	5	-3.66087	-6.69121	-6.96962	-5.85647
747	2	1	12	3	2	1	5	-2.63024	-2.12788	-3.55069	-4.85632
748	7	21	5	62	4	61	44	-7.89321	-3.85406	-5.57507	-7.65349
749	9	2	4	62	4	5	6	-3.70526	-5.16571	-5.70416	-6.6449
750	10	1	16	19	10	5	7	-6.713	-2.76953	-4.12091	-5.26307
751	10	1	16	19	10	5	7	-6.713	-2.76953	-4.12091	-5.26307
752	8	10	2	2	11	12	6	-3.94165	-6.97017	-7.46964	-7.07502
753	1	4	2	2	6	3	17	-4.75591	-2.46995	-4.51823	-5.62737
754	2	1	12	3	2	1	5	-2.63024	-2.12788	-3.55069	-4.85632
755	2	1	12	88	2	1	5	-3.96059	-3.44152	-5.78525	-5.35279
756	2	29	4	27	10	25	57	-20.6482	-20.8092	-15.6729	-12.061
757	2	1	5	3	2	3	5	-4.2641	-3.26676	-5.58947	-4.8167
758	2	1	12	3	2	1	5	-2.63024	-2.12788	-3.55069	-4.85632
759	37	52	57	26	107	29	23	-8.82311	-9.01493	-5.80084	-4.94012
760	2	4	1	2	7	1	5	-2.29416	-5.34668	-5.76503	-5.09368
761	1	2	3	4	5	9	3	-4.73244	-2.5097	-3.52639	-5.0195
762	2	1	12	3	2	1	5	-2.63024	-2.12788	-3.55069	-4.85632
763	1	4	2	2	6	3	17	-4.75591	-2.46995	-4.51823	-5.62737
764	1	4	2	2	6	3	17	-4.75591	-2.46995	-4.51823	-5.62737
765	1	2	3	4	5	9	3	-4.73244	-2.5097	-3.52639	-5.0195
766	4	7	10	4	1	7	1	-1.82562	-3.6978	-2.68741	-1.95441
767	2	1	21	3	2	1	5	-2.9401	-2.50032	-4.39164	-4.53871
768	2	1	12	3	2	1	5	-2.63024	-2.12788	-3.55069	-4.85632
769	2	4	1	2	2	5	5	-6.82116	-6.41227	-8.80608	-9.51589
770	2	4	1	2	2	1	5	-2.77062	-3.63387	-4.12003	-4.13312
771	2	4	5	2	2	5	5	-3.66087	-6.69121	-6.96962	-5.85647
772	10	1	16	19	10	5	7	-6.713	-2.76953	-4.12091	-5.26307
773	7	21	5	62	4	61	44	-7.89321	-3.85406	-5.57507	-7.65349
774	9	2	4	62	4	5	6	-3.70526	-5.16571	-5.70416	-6.6449
775	2	1	12	3	2	1	5	-2.63024	-2.12788	-3.55069	-4.85632
776	1	4	2	2	6	3	17	-4.75591	-2.46995	-4.51823	-5.62737
777	4	7	10	4	1	7	1	-1.82562	-3.6978	-2.68741	-1.95441
778	2	1	12	3	2	1	5	-2.63024	-2.12788	-3.55069	-4.85632
779	2	1	5	3	2	5	5	-5.75028	-2.85157	-4.01098	-5.61336
780	2	23	21	3	2	1	5	-6.54875	-7.00271	-6.29245	-6.68329
781	2	4	5	2	2	5	5	-3.66087	-6.69121	-6.96962	-5.85647
782	2	4	2	2	6	1	5	-6.11539	-4.85044	-5.84297	-7.91316
783	2	1	12	3	2	1	5	-2.63024	-2.12788	-3.55069	-4.85632
784	4	7	10	4	42	51	1	-2.92302	-4.57205	-5.04525	-3.8184
785	7	17	5	2	86	232	1	-28.1459	-32.6907	-27.1555	-24.683
786	2	4	1	2	2	1	5	-2.77062	-3.63387	-4.12003	-4.13312
787	2	1	12	3	2	1	5	-2.63024	-2.12788	-3.55069	-4.85632
788	2	1	21	3	2	1	5	-2.9401	-2.50032	-4.39164	-4.53871
789	7	17	2	15	23	3	12	-6.88826	-9.95334	-10.4176	-10.0212
790	2	1	5	3	2	5	5	-5.75028	-2.85157	-4.01098	-5.61336
791	1	6	60	24	12	28	1	-27.9373	-32.4733	-16.7302	-17.6191
792	1	2	3	4	5	9	3	-4.73244	-2.5097	-3.52639	-5.0195
793	2	4	5	2	2	5	5	-3.66087	-6.69121	-6.96962	-5.85647
794	1	2	3	4	5	9	3	-4.73244	-2.5097	-3.52639	-5.0195
795	1	6	60	24	12	28	1	-27.9373	-32.4733	-16.7302	-17.6191
796	9	2	4	62	4	5	6	-3.70526	-5.16571	-5.70416	-6.6449
797	2	4	1	2	2	1	5	-2.77062	-3.63387	-4.12003	-4.13312
798	4	7	10	4	1	7	1	-1.82562	-3.6978	-2.68741	-1.95441
799	2	4	5	2	2	5	5	-3.66087	-6.69121	-6.96962	-5.85647
800	7	2	2	2	11	12	6	-4.48827	-7.55274	-8.01781	-7.62134
801	2	1	21	3	2	1	941	-6.54924	-6.98376	-6.28377	-6.68088
802	9	2	2	10	10	3	5	-30.3911	-24.9841	-27.5497	-25.4647
803	8	10	149	2	11	12	6	-4.89598	-3.98878	-5.57785	-7.20667
804	7	1	5	2	10	3	6	-32.918	-28.7446	-31.4078	-29.0407
805	2	1	21	3	2	1	5	-2.9401	-2.50032	-4.39164	-4.53871
806	33	39	30	82	113	43	17	-9.72965	-6.47523	-6.03434	-8.59601
807	1	6	60	24	12	28	1	-27.9373	-32.4733	-16.7302	-17.6191
808	1	6	60	24	12	28	1	-27.9373	-32.4733	-16.7302	-17.6191
809	7	17	2	15	23	3	12	-6.88826	-9.95334	-10.4176	-10.0212
810	1	4	2	2	6	3	17	-4.75591	-2.46995	-4.51823	-5.62737
811	1	4	2	2	6	3	17	-4.75591	-2.46995	-4.51823	-5.62737
812	7	21	5	62	4	61	44	-7.89321	-3.85406	-5.57507	-7.65349
813	239	27	16	19	10	5	7	-10.6171	-6.49236	-9.14208	-10.7115
814	9	2	4	62	4	5	6	-3.70526	-5.16571	-5.70416	-6.6449
815	10	1	16	19	10	5	7	-6.713	-2.76953	-4.12091	-5.26307
816	2	1	5	3	2	5	5	-5.75028	-2.85157	-4.01098	-5.61336
817	2	4	5	2	2	5	5	-3.66087	-6.69121	-6.96962	-5.85647
818	8	10	2	2	11	12	6	-3.94165	-6.97017	-7.46964	-7.07502
819	7	17	2	15	23	3	12	-6.88826	-9.95334	-10.4176	-10.0212
820	2	4	1	4	1	1	5	-15.6482	-17.7159	-16.5429	-14.9905
821	4	7	10	4	1	7	1	-1.82562	-3.6978	-2.68741	-1.95441
822	8	10	149	2	11	12	6	-4.89598	-3.98878	-5.57785	-7.20667
823	2	1	12	88	2	1	5	-3.96059	-3.44152	-5.78525	-5.35279
824	2	4	2	2	6	1	5	-6.11539	-4.85044	-5.84297	-7.91316
825	10	81	50	99	120	76	52	-6.73252	-6.39329	-5.24822	-5.19299
826	2	4	5	2	2	5	5	-3.66087	-6.69121	-6.96962	-5.85647
827	2	4	1	2	2	5	5	-6.82116	-6.41227	-8.80608	-9.51589
828	8	10	149	2	11	12	6	-4.89598	-3.98878	-5.57785	-7.20667
829	1	4	2	2	6	3	17	-4.75591	-2.46995	-4.51823	-5.62737
830	2	165	73	147	220	190	104	-9.33849	-9.48355	-7.50638	-5.262
831	4	7	10	4	42	25	1	-9.00889	-9.24013	-5.85471	-5.19926
832	7	2	2	2	11	12	6	-4.48827	-7.55274	-8.01781	-7.62134
833	1	6	60	24	12	28	1	-27.9373	-32.4733	-16.7302	-17.6191
834	2	1	12	3	2	1	5	-2.63024	-2.12788	-3.55069	-4.85632
835	33	39	65	79	104	77	17	-5.27789	-8.34292	-8.80768	-8.41172
836	4	7	10	4	1	7	1	-1.82562	-3.6978	-2.68741	-1.95441
837	1	2	3	4	5	9	3	-4.73244	-2.5097	-3.52639	-5.0195
838	2	1	21	3	2	1	5	-2.9401	-2.50032	-4.39164	-4.53871
839	2	1	12	3	2	1	5	-2.63024	-2.12788	-3.55069	-4.85632
840	4	7	10	4	1	7	1	-1.82562	-3.6978	-2.68741	-1.95441
841	2	4	1	2	7	1	5	-2.29416	-5.34668	-5.76503	-5.09368
842	184	39	30	82	113	43	17	-3.9416	-6.02439	-7.29989	-7.05024
843	4	7	10	4	1	7	1	-1.82562	-3.6978	-2.68741	-1.95441
844	2	4	1	2	2	1	5	-2.77062	-3.63387	-4.12003	-4.13312
845	4	7	10	4	1	7	1	-1.82562	-3.6978	-2.68741	-1.95441
846	2	1	12	88	2	1	5	-3.96059	-3.44152	-5.78525	-5.35279
847	2	1	21	3	2	1	5	-2.9401	-2.50032	-4.39164	-4.53871
848	1	2	3	4	5	9	3	-4.73244	-2.5097	-3.52639	-5.0195
849	4	7	10	4	1	7	1	-1.82562	-3.6978	-2.68741	-1.95441
850	2	1	21	3	2	1	5	-2.9401	-2.50032	-4.39164	-4.53871
851	8	10	2	2	11	12	6	-3.94165	-6.97017	-7.46964	-7.07502
852	2	4	1	2	2	1	5	-2.77062	-3.63387	-4.12003	-4.13312
853	2	4	1	2	2	1	5	-2.77062	-3.63387	-4.12003	-4.13312
854	2	4	2	2	6	1	5	-6.11539	-4.85044	-5.84297	-7.91316
855	2	4	1	2	2	1	5	-2.77062	-3.63387	-4.12003	-4.13312
856	2	4	1	2	2	1	5	-2.77062	-3.63387	-4.12003	-4.13312
857	2	4	1	2	2	1	5	-2.77062	-3.63387	-4.12003	-4.13312
858	1	2	3	4	5	9	3	-4.73244	-2.5097	-3.52639	-5.0195
859	2	4	1	2	2	1	5	-2.77062	-3.63387	-4.12003	-4.13312
860	2	4	1	2	2	1	5	-2.77062	-3.63387	-4.12003	-4.13312
861	8	10	2	2	11	12	6	-3.94165	-6.97017	-7.46964	-7.07502
862	2	1	5	3	2	3	5	-4.2641	-3.26676	-5.58947	-4.8167
863	33	39	30	82	104	173	68	-5.43186	-3.99824	-6.5688	-7.71673
864	2	4	1	2	7	1	5	-2.29416	-5.34668	-5.76503	-5.09368
865	8	10	2	2	11	12	6	-3.94165	-6.97017	-7.46964	-7.07502
866	2	4	1	2	7	1	5	-2.29416	-5.34668	-5.76503	-5.09368
867	1	2	3	4	5	9	3	-4.73244	-2.5097	-3.52639	-5.0195
868	1	2	215	4	90	24	8	-29.5868	-29.1099	-20.1098	-19.5903
869	2	1	1	3	2	1	5	-4.63479	-3.80022	-6.32058	-7.22313
870	10	81	50	99	120	76	52	-6.73252	-6.39329	-5.24822	-5.19299
871	2	4	1	2	7	1	5	-2.29416	-5.34668	-5.76503	-5.09368
872	2	1	12	3	2	1	5	-2.63024	-2.12788	-3.55069	-4.85632
873	2	4	1	2	2	1	5	-2.77062	-3.63387	-4.12003	-4.13312
874	2	4	1	2	2	1	5	-2.77062	-3.63387	-4.12003	-4.13312
875	2	4	1	2	2	1	5	-2.77062	-3.63387	-4.12003	-4.13312
876	2	1	5	3	2	3	5	-4.2641	-3.26676	-5.58947	-4.8167
877	2	4	1	2	2	1	5	-2.77062	-3.63387	-4.12003	-4.13312
878	4	7	10	4	1	7	1	-1.82562	-3.6978	-2.68741	-1.95441
879	2	4	1	2	7	1	5	-2.29416	-5.34668	-5.76503	-5.09368
880	2	4	5	2	2	5	5	-3.66087	-6.69121	-6.96962	-5.85647
881	2	4	1	2	2	1	5	-2.77062	-3.63387	-4.12003	-4.13312
882	8	10	2	2	11	12	6	-3.94165	-6.97017	-7.46964	-7.07502
883	4	7	10	4	1	7	1	-1.82562	-3.6978	-2.68741	-1.95441
884	2	4	1	2	2	1	5	-2.77062	-3.63387	-4.12003	-4.13312
885	166	2	1	10	17	3	1	-33.8594	-36.3546	-31.3196	-28.6476
886	2	4	1	2	7	1	5	-2.29416	-5.34668	-5.76503	-5.09368
887	2	4	1	2	2	1	5	-2.77062	-3.63387	-4.12003	-4.13312
888	4	7	10	4	1	7	1	-1.82562	-3.6978	-2.68741	-1.95441
889	4	7	10	4	1	7	1	-1.82562	-3.6978	-2.68741	-1.95441
890	2	4	1	2	7	1	5	-2.29416	-5.34668	-5.76503	-5.09368
891	2	4	1	2	2	1	5	-2.77062	-3.63387	-4.12003	-4.13312
892	2	1	5	3	2	3	5	-4.2641	-3.26676	-5.58947	-4.8167
893	9	25	2	10	22	3	6	-4.47162	-7.26158	-6.43172	-4.3773
894	2	1	21	3	62	1	5	-5.78273	-8.83188	-9.31092	-8.91319
895	129	66	30	82	189	47	17	-3.241	-4.81954	-5.79948	-4.16223
896	129	66	30	82	189	47	17	-3.241	-4.81954	-5.79948	-4.16223
897	4	7	10	4	1	7	1	-1.82562	-3.6978	-2.68741	-1.95441
898	2	4	1	2	2	1	5	-2.77062	-3.63387	-4.12003	-4.13312
899	4	7	10	4	42	7	1	-6.65201	-8.50069	-5.71065	-4.67996
900	2	4	1	2	7	1	5	-2.29416	-5.34668	-5.76503	-5.09368
901	1	307	3	4	5	9	3	-6.83536	-6.44344	-6.01298	-8.37549
902	2	1	21	3	2	1	5	-2.9401	-2.50032	-4.39164	-4.53871
903	4	7	10	4	1	7	1	-1.82562	-3.6978	-2.68741	-1.95441
904	2	1	21	3	2	1	5	-2.9401	-2.50032	-4.39164	-4.53871
905	2	4	1	2	2	5	5	-6.82116	-6.41227	-8.80608	-9.51589
906	2	4	1	2	7	1	5	-2.29416	-5.34668	-5.76503	-5.09368
907	2	4	1	2	7	1	5	-2.29416	-5.34668	-5.76503	-5.09368
908	2	4	1	2	7	1	5	-2.29416	-5.34668	-5.76503	-5.09368
909	4	7	10	4	1	7	1	-1.82562	-3.6978	-2.68741	-1.95441
910	8	10	2	2	11	12	6	-3.94165	-6.97017	-7.46964	-7.07502
911	7	21	5	62	4	61	44	-7.89321	-3.85406	-5.57507	-7.65349
912	2	1	12	88	2	1	5	-3.96059	-3.44152	-5.78525	-5.35279
913	2	4	1	2	2	1	5	-2.77062	-3.63387	-4.12003	-4.13312
914	1	2	3	4	5	9	3	-4.73244	-2.5097	-3.52639	-5.0195
915	2	4	1	2	7	1	5	-2.29416	-5.34668	-5.76503	-5.09368
916	2	4	1	2	2	1	5	-2.77062	-3.63387	-4.12003	-4.13312
917	2	4	1	2	2	1	5	-2.77062	-3.63387	-4.12003	-4.13312
918	2	4	1	2	7	1	5	-2.29416	-5.34668	-5.76503	-5.09368
919	4	7	10	4	1	7	1	-1.82562	-3.6978	-2.68741	-1.95441
920	2	1	5	3	2	3	5	-4.2641	-3.26676	-5.58947	-4.8167
921	2	4	1	2	7	1	5	-2.29416	-5.34668	-5.76503	-5.09368
922	2	4	1	2	2	1	5	-2.77062	-3.63387	-4.12003	-4.13312
923	8	10	2	2	11	12	6	-3.94165	-6.97017	-7.46964	-7.07502
924	2	1	12	3	2	1	5	-2.63024	-2.12788	-3.55069	-4.85632
925	48	7	10	4	183	7	1	-8.95034	-12.6003	-6.43364	-6.17992
926	7	21	5	62	4	61	44	-7.89321	-3.85406	-5.57507	-7.65349
927	4	7	10	4	1	7	1	-1.82562	-3.6978	-2.68741	-1.95441
928	9	25	2	10	22	3	6	-4.47162	-7.26158	-6.43172	-4.3773
929	2	4	1	2	2	1	5	-2.77062	-3.63387	-4.12003	-4.13312
930	2	4	1	2	7	1	5	-2.29416	-5.34668	-5.76503	-5.09368
931	2	4	1	2	2	1	5	-2.77062	-3.63387	-4.12003	-4.13312
932	2	4	1	2	2	1	5	-2.77062	-3.63387	-4.12003	-4.13312
933	9	25	2	10	22	3	6	-4.47162	-7.26158	-6.43172	-4.3773
934	2	4	1	2	2	1	5	-2.77062	-3.63387	-4.12003	-4.13312
935	2	4	1	2	2	1	5	-2.77062	-3.63387	-4.12003	-4.13312
936	2	4	1	2	7	1	5	-2.29416	-5.34668	-5.76503	-5.09368
937	2	4	1	2	7	1	5	-2.29416	-5.34668	-5.76503	-5.09368
938	2	4	1	2	2	1	5	-2.77062	-3.63387	-4.12003	-4.13312
939	2	4	1	2	2	1	5	-2.77062	-3.63387	-4.12003	-4.13312
940	4	7	10	4	1	7	1	-1.82562	-3.6978	-2.68741	-1.95441
941	2	4	1	2	2	1	5	-2.77062	-3.63387	-4.12003	-4.13312
942	4	7	10	4	1	7	1	-1.82562	-3.6978	-2.68741	-1.95441
943	2	4	1	2	7	1	5	-2.29416	-5.34668	-5.76503	-5.09368
944	2	4	1	2	2	1	5	-2.77062	-3.63387	-4.12003	-4.13312
945	4	7	10	4	1	7	1	-1.82562	-3.6978	-2.68741	-1.95441
946	9	25	2	10	22	3	6	-4.47162	-7.26158	-6.43172	-4.3773
947	10	81	50	99	120	76	52	-6.73252	-6.39329	-5.24822	-5.19299
948	2	1	21	3	2	1	5	-2.9401	-2.50032	-4.39164	-4.53871
949	4	7	10	4	1	7	1	-1.82562	-3.6978	-2.68741	-1.95441
950	2	4	1	2	7	1	5	-2.29416	-5.34668	-5.76503	-5.09368
951	4	7	10	4	1	7	1	-1.82562	-3.6978	-2.68741	-1.95441
952	4	7	10	4	1	7	1	-1.82562	-3.6978	-2.68741	-1.95441
953	8	315	2	2	11	12	6	-7.54941	-11.467	-9.36875	-9.21759
954	8	10	2	2	11	12	6	-3.94165	-6.97017	-7.46964	-7.07502
955	2	4	1	2	2	1	5	-2.77062	-3.63387	-4.12003	-4.13312
956	4	7	10	4	1	7	1	-1.82562	-3.6978	-2.68741	-1.95441
957	2	4	1	2	2	1	5	-2.77062	-3.63387	-4.12003	-4.13312
958	2	4	1	2	2	1	5	-2.77062	-3.63387	-4.12003	-4.13312
959	2	4	1	2	2	1	5	-2.77062	-3.63387	-4.12003	-4.13312
960	2	4	1	2	7	1	5	-2.29416	-5.34668	-5.76503	-5.09368
961	2	4	1	2	2	1	5	-2.77062	-3.63387	-4.12003	-4.13312
962	2	4	1	2	2	1	5	-2.77062	-3.63387	-4.12003	-4.13312
963	2	1	21	3	2	1	5	-2.9401	-2.50032	-4.39164	-4.53871
964	2	4	1	2	2	1	5	-2.77062	-3.63387	-4.12003	-4.13312
965	1	4	2	2	2	3	17	-11.3591	-7.68533	-10.9372	-12.2335
966	2	4	1	2	2	1	5	-2.77062	-3.63387	-4.12003	-4.13312
967	2	4	1	2	2	1	5	-2.77062	-3.63387	-4.12003	-4.13312
968	7	21	5	62	4	61	44	-7.89321	-3.85406	-5.57507	-7.65349
969	2	4	1	2	2	1	5	-2.77062	-3.63387	-4.12003	-4.13312
970	4	7	10	4	1	7	1	-1.82562	-3.6978	-2.68741	-1.95441
971	2	4	1	2	2	1	5	-2.77062	-3.63387	-4.12003	-4.13312
972	10	1	16	19	10	5	7	-6.713	-2.76953	-4.12091	-5.26307
973	8	10	2	2	11	12	6	-3.94165	-6.97017	-7.46964	-7.07502
974	4	7	10	4	1	7	1	-1.82562	-3.6978	-2.68741	-1.95441
975	2	4	2	2	6	1	5	-6.11539	-4.85044	-5.84297	-7.91316
976	2	4	1	2	2	1	5	-2.77062	-3.63387	-4.12003	-4.13312
977	2	4	1	2	2	1	5	-2.77062	-3.63387	-4.12003	-4.13312
978	2	1	12	3	2	1	5	-2.63024	-2.12788	-3.55069	-4.85632
979	2	1	21	3	2	1	5	-2.9401	-2.50032	-4.39164	-4.53871
980	1	4	2	2	6	3	17	-4.75591	-2.46995	-4.51823	-5.62737
981	9	2	4	62	4	5	6	-3.70526	-5.16571	-5.70416	-6.6449
982	9	2	4	62	4	5	6	-3.70526	-5.16571	-5.70416	-6.6449
983	2	4	1	2	2	1	5	-2.77062	-3.63387	-4.12003	-4.13312
984	9	25	2	10	22	3	6	-4.47162	-7.26158	-6.43172	-4.3773
985	2	1	12	3	2	1	5	-2.63024	-2.12788	-3.55069	-4.85632
986	2	4	1	2	2	1	5	-2.77062	-3.63387	-4.12003	-4.13312
987	2	4	1	2	2	1	5	-2.77062	-3.63387	-4.12003	-4.13312
988	2	4	1	2	2	1	5	-2.77062	-3.63387	-4.12003	-4.13312
989	1	4	2	2	6	3	17	-4.75591	-2.46995	-4.51823	-5.62737
990	1	4	2	2	6	3	17	-4.75591	-2.46995	-4.51823	-5.62737
991	9	25	2	10	22	3	6	-4.47162	-7.26158	-6.43172	-4.3773
992	1	4	2	2	6	3	17	-4.75591	-2.46995	-4.51823	-5.62737
993	2	4	1	2	2	1	5	-2.77062	-3.63387	-4.12003	-4.13312
994	2	4	1	2	2	1	5	-2.77062	-3.63387	-4.12003	-4.13312
995	8	10	2	2	11	12	6	-3.94165	-6.97017	-7.46964	-7.07502
996	2	4	1	2	2	1	5	-2.77062	-3.63387	-4.12003	-4.13312
997	2	1	5	3	2	5	5	-5.75028	-2.85157	-4.01098	-5.61336
998	8	10	2	2	11	12	6	-3.94165	-6.97017	-7.46964	-7.07502
999	2	4	1	2	2	1	5	-2.77062	-3.63387	-4.12003	-4.13312
1000	2	4	1	2	2	1	5	-2.77062	-3.63387	-4.12003	-4.13312
1001	2	1	21	3	2	1	5	-2.9401	-2.50032	-4.39164	-4.53871
1002	1	2	4	62	4	5	17	-6.13607	-4.86621	-7.42201	-8.51099
1003	2	1	12	3	2	1	5	-2.63024	-2.12788	-3.55069	-4.85632
1004	2	4	1	2	7	1	5	-2.29416	-5.34668	-5.76503	-5.09368
1005	1	307	3	4	5	9	3	-6.83536	-6.44344	-6.01298	-8.37549
1006	2	4	2	4	19	3	6	-5.7852	-8.84542	-9.31288	-8.91123
1007	2	4	1	2	2	1	5	-2.77062	-3.63387	-4.12003	-4.13312
1008	1	4	2	2	6	3	17	-4.75591	-2.46995	-4.51823	-5.62737
1009	9	25	2	10	22	3	6	-4.47162	-7.26158	-6.43172	-4.3773
1010	4	7	10	4	1	7	1	-1.82562	-3.6978	-2.68741	-1.95441
1011	2	4	1	2	2	1	5	-2.77062	-3.63387	-4.12003	-4.13312
1012	10	1	16	19	10	5	7	-6.713	-2.76953	-4.12091	-5.26307
1013	2	1	21	3	2	1	5	-2.9401	-2.50032	-4.39164	-4.53871
1014	4	7	10	4	1	7	1	-1.82562	-3.6978	-2.68741	-1.95441
1015	2	4	1	2	2	1	5	-2.77062	-3.63387	-4.12003	-4.13312
1016	1	2	3	4	5	9	3	-4.73244	-2.5097	-3.52639	-5.0195
1017	9	316	4	62	4	5	6	-6.86393	-6.46292	-8.89519	-9.61196
1018	9	25	2	10	22	3	6	-4.47162	-7.26158	-6.43172	-4.3773
1019	1	307	3	4	5	9	3	-6.83536	-6.44344	-6.01298	-8.37549
1020	2	4	1	2	2	1	5	-2.77062	-3.63387	-4.12003	-4.13312
1021	9	25	2	10	22	3	6	-4.47162	-7.26158	-6.43172	-4.3773
1022	2	4	1	2	2	1	5	-2.77062	-3.63387	-4.12003	-4.13312
1023	2	1	12	3	2	1	5	-2.63024	-2.12788	-3.55069	-4.85632
1024	2	1	5	3	2	5	5	-5.75028	-2.85157	-4.01098	-5.61336
1025	2	4	1	2	2	1	5	-2.77062	-3.63387	-4.12003	-4.13312
1026	2	1	12	3	2	1	5	-2.63024	-2.12788	-3.55069	-4.85632
1027	2	1	12	3	2	1	5	-2.63024	-2.12788	-3.55069	-4.85632
1028	10	1	16	19	10	5	7	-6.713	-2.76953	-4.12091	-5.26307
1029	4	7	10	4	1	7	1	-1.82562	-3.6978	-2.68741	-1.95441
1030	2	4	1	2	2	1	5	-2.77062	-3.63387	-4.12003	-4.13312
1031	2	1	12	88	2	1	5	-3.96059	-3.44152	-5.78525	-5.35279
1032	2	1	21	3	2	1	5	-2.9401	-2.50032	-4.39164	-4.53871
1033	1	2	3	4	5	9	3	-4.73244	-2.5097	-3.52639	-5.0195
1034	8	10	2	2	11	12	6	-3.94165	-6.97017	-7.46964	-7.07502
1035	2	1	12	88	2	1	5	-3.96059	-3.44152	-5.78525	-5.35279
1036	33	39	30	82	104	173	68	-5.43186	-3.99824	-6.5688	-7.71673
1037	1	2	3	4	5	9	3	-4.73244	-2.5097	-3.52639	-5.0195
1038	9	25	2	10	22	3	6	-4.47162	-7.26158	-6.43172	-4.3773
1039	2	4	1	2	2	1	5	-2.77062	-3.63387	-4.12003	-4.13312
1040	8	10	2	2	11	12	6	-3.94165	-6.97017	-7.46964	-7.07502
1041	1	2	4	62	4	5	17	-6.13607	-4.86621	-7.42201	-8.51099
1042	10	1	16	19	10	5	7	-6.713	-2.76953	-4.12091	-5.26307
1043	33	39	30	82	104	173	68	-5.43186	-3.99824	-6.5688	-7.71673
1044	2	4	1	2	2	1	5	-2.77062	-3.63387	-4.12003	-4.13312
1045	8	10	2	2	11	12	6	-3.94165	-6.97017	-7.46964	-7.07502
1046	2	1	5	3	2	5	5	-5.75028	-2.85157	-4.01098	-5.61336
1047	47	2	4	2	6	5	17	-10.4051	-10.7777	-6.07765	-8.72245
1048	1	2	3	4	5	9	3	-4.73244	-2.5097	-3.52639	-5.0195
1049	4	7	10	4	1	7	1	-1.82562	-3.6978	-2.68741	-1.95441
1050	2	1	5	3	2	3	5	-4.2641	-3.26676	-5.58947	-4.8167
1051	2	4	2	2	6	1	5	-6.11539	-4.85044	-5.84297	-7.91316
1052	2	4	1	2	2	1	5	-2.77062	-3.63387	-4.12003	-4.13312
1053	8	10	149	2	11	12	6	-4.89598	-3.98878	-5.57785	-7.20667
1054	9	25	2	10	22	3	6	-4.47162	-7.26158	-6.43172	-4.3773
1055	2	4	1	2	2	1	5	-2.77062	-3.63387	-4.12003	-4.13312
1056	1	2	3	4	5	9	3	-4.73244	-2.5097	-3.52639	-5.0195
1057	2	1	12	3	2	1	5	-2.63024	-2.12788	-3.55069	-4.85632
1058	4	7	10	4	42	51	1	-2.92302	-4.57205	-5.04525	-3.8184
1059	2	4	1	2	2	1	5	-2.77062	-3.63387	-4.12003	-4.13312
1060	2	1	1	3	2	1	5	-4.63479	-3.80022	-6.32058	-7.22313
1061	2	4	1	2	7	1	5	-2.29416	-5.34668	-5.76503	-5.09368
1062	8	10	2	2	11	12	6	-3.94165	-6.97017	-7.46964	-7.07502
1063	2	4	1	2	2	1	5	-2.77062	-3.63387	-4.12003	-4.13312
1064	9	2	4	62	4	5	6	-3.70526	-5.16571	-5.70416	-6.6449
1065	2	4	1	2	2	1	5	-2.77062	-3.63387	-4.12003	-4.13312
1066	4	7	10	4	1	7	1	-1.82562	-3.6978	-2.68741	-1.95441
1067	8	10	2	2	11	12	6	-3.94165	-6.97017	-7.46964	-7.07502
1068	2	4	2	2	6	1	5	-6.11539	-4.85044	-5.84297	-7.91316
1069	2	4	2	2	6	1	5	-6.11539	-4.85044	-5.84297	-7.91316
1070	2	4	2	2	6	1	5	-6.11539	-4.85044	-5.84297	-7.91316
1071	2	4	2	2	6	1	5	-6.11539	-4.85044	-5.84297	-7.91316
1072	2	4	1	2	2	1	5	-2.77062	-3.63387	-4.12003	-4.13312
1073	2	4	1	2	2	1	5	-2.77062	-3.63387	-4.12003	-4.13312
1074	2	1	12	3	2	1	5	-2.63024	-2.12788	-3.55069	-4.85632
1075	2	4	1	2	7	1	5	-2.29416	-5.34668	-5.76503	-5.09368
1076	4	7	10	4	42	51	1	-2.92302	-4.57205	-5.04525	-3.8184
1077	2	4	1	2	2	1	5	-2.77062	-3.63387	-4.12003	-4.13312
1078	8	10	2	2	11	12	6	-3.94165	-6.97017	-7.46964	-7.07502
1079	1	2	3	4	5	9	3	-4.73244	-2.5097	-3.52639	-5.0195
1080	1	2	3	4	5	9	3	-4.73244	-2.5097	-3.52639	-5.0195
1081	10	1	16	19	10	5	7	-6.713	-2.76953	-4.12091	-5.26307
1082	8	10	2	2	11	12	6	-3.94165	-6.97017	-7.46964	-7.07502
1083	4	7	10	4	1	7	1	-1.82562	-3.6978	-2.68741	-1.95441
1084	2	4	1	2	2	1	5	-2.77062	-3.63387	-4.12003	-4.13312
1085	2	4	1	2	7	1	5	-2.29416	-5.34668	-5.76503	-5.09368
1086	2	1	21	3	2	1	5	-2.9401	-2.50032	-4.39164	-4.53871
1087	2	1	12	3	2	1	5	-2.63024	-2.12788	-3.55069	-4.85632
1088	2	4	2	4	19	3	6	-5.7852	-8.84542	-9.31288	-8.91123
1089	8	10	149	2	11	12	6	-4.89598	-3.98878	-5.57785	-7.20667
1090	8	10	2	2	11	12	6	-3.94165	-6.97017	-7.46964	-7.07502
1091	2	1	12	3	2	1	5	-2.63024	-2.12788	-3.55069	-4.85632
1092	2	1	12	3	2	1	5	-2.63024	-2.12788	-3.55069	-4.85632
1093	2	1	5	3	2	3	5	-4.2641	-3.26676	-5.58947	-4.8167
1094	184	39	30	82	113	43	17	-3.9416	-6.02439	-7.29989	-7.05024
1095	2	1	12	3	2	1	5	-2.63024	-2.12788	-3.55069	-4.85632
1096	2	4	1	2	2	1	5	-2.77062	-3.63387	-4.12003	-4.13312
1097	4	7	10	4	1	7	1	-1.82562	-3.6978	-2.68741	-1.95441
1098	8	10	2	2	11	12	6	-3.94165	-6.97017	-7.46964	-7.07502
1099	4	7	10	4	1	7	1	-1.82562	-3.6978	-2.68741	-1.95441
1100	4	7	10	4	42	51	1	-2.92302	-4.57205	-5.04525	-3.8184
1101	9	25	2	10	22	3	6	-4.47162	-7.26158	-6.43172	-4.3773
1102	9	2	4	62	4	5	6	-3.70526	-5.16571	-5.70416	-6.6449
1103	4	7	10	4	1	7	1	-1.82562	-3.6978	-2.68741	-1.95441
1104	2	4	1	2	7	1	5	-2.29416	-5.34668	-5.76503	-5.09368
1105	4	7	10	4	1	7	1	-1.82562	-3.6978	-2.68741	-1.95441
1106	8	10	2	2	11	12	6	-3.94165	-6.97017	-7.46964	-7.07502
1107	2	4	1	2	2	1	5	-2.77062	-3.63387	-4.12003	-4.13312
1108	4	7	10	4	42	51	1	-2.92302	-4.57205	-5.04525	-3.8184
1109	1	2	3	4	5	9	3	-4.73244	-2.5097	-3.52639	-5.0195
1110	2	1	12	3	2	1	5	-2.63024	-2.12788	-3.55069	-4.85632
1111	2	4	1	2	2	1	5	-2.77062	-3.63387	-4.12003	-4.13312
1112	10	81	50	99	120	76	52	-6.73252	-6.39329	-5.24822	-5.19299
1113	2	4	1	2	2	1	5	-2.77062	-3.63387	-4.12003	-4.13312
1114	4	7	10	4	42	51	1	-2.92302	-4.57205	-5.04525	-3.8184
1115	4	7	10	4	42	51	1	-2.92302	-4.57205	-5.04525	-3.8184
1116	4	7	10	4	1	7	1	-1.82562	-3.6978	-2.68741	-1.95441
1117	3	1	5	10	11	11	6	-10.6155	-6.48939	-9.13936	-10.7083
1118	10	81	50	99	120	76	52	-6.73252	-6.39329	-5.24822	-5.19299
1119	2	4	1	2	2	1	5	-2.77062	-3.63387	-4.12003	-4.13312
1120	4	7	10	4	1	7	1	-1.82562	-3.6978	-2.68741	-1.95441
1121	4	7	10	4	1	7	1	-1.82562	-3.6978	-2.68741	-1.95441
1122	4	7	10	4	42	51	1	-2.92302	-4.57205	-5.04525	-3.8184
1123	2	1	12	3	2	1	5	-2.63024	-2.12788	-3.55069	-4.85632
1124	2	4	1	2	2	1	5	-2.77062	-3.63387	-4.12003	-4.13312
1125	2	1	1	3	2	1	5	-4.63479	-3.80022	-6.32058	-7.22313
1126	2	4	1	2	2	1	5	-2.77062	-3.63387	-4.12003	-4.13312
1127	2	4	1	2	2	1	5	-2.77062	-3.63387	-4.12003	-4.13312
1128	2	4	1	2	2	1	5	-2.77062	-3.63387	-4.12003	-4.13312
1129	2	4	1	2	2	1	5	-2.77062	-3.63387	-4.12003	-4.13312
1130	1	2	3	4	5	9	3	-4.73244	-2.5097	-3.52639	-5.0195
1131	8	10	2	2	11	12	6	-3.94165	-6.97017	-7.46964	-7.07502
1132	2	1	21	3	2	1	5	-2.9401	-2.50032	-4.39164	-4.53871
1133	2	4	1	2	2	1	5	-2.77062	-3.63387	-4.12003	-4.13312
1134	2	1	21	3	2	1	5	-2.9401	-2.50032	-4.39164	-4.53871
1135	2	1	21	3	2	1	5	-2.9401	-2.50032	-4.39164	-4.53871
1136	2	4	1	2	2	1	5	-2.77062	-3.63387	-4.12003	-4.13312
1137	1	2	3	4	5	9	3	-4.73244	-2.5097	-3.52639	-5.0195
1138	10	1	16	19	10	5	7	-6.713	-2.76953	-4.12091	-5.26307
1139	2	1	12	3	2	1	5	-2.63024	-2.12788	-3.55069	-4.85632
1140	7	21	5	62	4	61	44	-7.89321	-3.85406	-5.57507	-7.65349
1141	2	4	1	2	2	1	5	-2.77062	-3.63387	-4.12003	-4.13312
1142	2	1	12	3	2	1	5	-2.63024	-2.12788	-3.55069	-4.85632
1143	2	4	1	2	7	1	5	-2.29416	-5.34668	-5.76503	-5.09368
1144	2	1	5	3	2	3	5	-4.2641	-3.26676	-5.58947	-4.8167
1145	2	1	21	3	2	1	5	-2.9401	-2.50032	-4.39164	-4.53871
1146	2	1	21	3	2	1	5	-2.9401	-2.50032	-4.39164	-4.53871
1147	2	1	21	3	2	1	5	-2.9401	-2.50032	-4.39164	-4.53871
1148	2	1	21	3	2	1	5	-2.9401	-2.50032	-4.39164	-4.53871
1149	2	1	12	3	2	1	5	-2.63024	-2.12788	-3.55069	-4.85632
1150	8	10	2	2	11	12	6	-3.94165	-6.97017	-7.46964	-7.07502
1151	129	66	30	82	189	47	17	-3.241	-4.81954	-5.79948	-4.16223
1152	1	307	3	4	5	9	3	-6.83536	-6.44344	-6.01298	-8.37549
1153	8	10	2	2	11	12	6	-3.94165	-6.97017	-7.46964	-7.07502
1154	2	4	2	2	6	1	5	-6.11539	-4.85044	-5.84297	-7.91316
1155	1	4	2	2	6	3	17	-4.75591	-2.46995	-4.51823	-5.62737
1156	2	4	1	2	2	1	5	-2.77062	-3.63387	-4.12003	-4.13312
1157	8	10	2	2	11	12	6	-3.94165	-6.97017	-7.46964	-7.07502
1158	2	4	2	2	6	1	5	-6.11539	-4.85044	-5.84297	-7.91316
1159	2	1	21	3	2	1	5	-2.9401	-2.50032	-4.39164	-4.53871
1160	2	4	5	2	2	5	5	-3.66087	-6.69121	-6.96962	-5.85647
1161	7	21	5	62	4	61	44	-7.89321	-3.85406	-5.57507	-7.65349
1162	2	1	12	3	2	1	5	-2.63024	-2.12788	-3.55069	-4.85632
1163	10	27	16	19	10	5	7	-21.2742	-12.8276	-16.4193	-17.7299
1164	33	283	44	82	189	44	17	-7.50577	-3.49406	-5.37899	-6.06169
1165	9	25	2	10	22	3	6	-4.47162	-7.26158	-6.43172	-4.3773
1166	7	21	5	62	4	61	44	-7.89321	-3.85406	-5.57507	-7.65349
1167	2	1	5	3	2	3	5	-4.2641	-3.26676	-5.58947	-4.8167
1168	2	1	5	3	2	3	5	-4.2641	-3.26676	-5.58947	-4.8167
1169	9	25	2	10	22	3	6	-4.47162	-7.26158	-6.43172	-4.3773
1170	2	1	5	3	2	3	5	-4.2641	-3.26676	-5.58947	-4.8167
1171	2	4	1	2	2	1	5	-2.77062	-3.63387	-4.12003	-4.13312
1172	129	66	30	82	189	47	17	-3.241	-4.81954	-5.79948	-4.16223
1173	2	4	1	2	2	1	5	-2.77062	-3.63387	-4.12003	-4.13312
1174	2	1	5	3	2	3	5	-4.2641	-3.26676	-5.58947	-4.8167
1175	2	1	12	3	2	1	5	-2.63024	-2.12788	-3.55069	-4.85632
1176	2	4	1	2	2	1	5	-2.77062	-3.63387	-4.12003	-4.13312
1177	1	4	2	2	6	3	17	-4.75591	-2.46995	-4.51823	-5.62737
1178	2	1	12	3	2	1	5	-2.63024	-2.12788	-3.55069	-4.85632
1179	1	4	2	2	446	3	17	-8.35796	-6.93276	-6.39814	-7.75789
1180	2	1	5	88	2	11	5	-9.16783	-5.37054	-5.94051	-8.3718
1181	2	4	2	2	6	1	5	-6.11539	-4.85044	-5.84297	-7.91316
1182	9	25	2	10	22	3	6	-4.47162	-7.26158	-6.43172	-4.3773
1183	2	1	5	3	2	3	5	-4.2641	-3.26676	-5.58947	-4.8167
1184	7	21	5	62	4	61	44	-7.89321	-3.85406	-5.57507	-7.65349
1185	1	2	3	4	5	9	3	-4.73244	-2.5097	-3.52639	-5.0195
1186	2	4	1	2	2	1	5	-2.77062	-3.63387	-4.12003	-4.13312
1187	7	21	5	62	4	61	44	-7.89321	-3.85406	-5.57507	-7.65349
1188	33	39	30	82	104	173	68	-5.43186	-3.99824	-6.5688	-7.71673
1189	1	4	2	2	6	3	17	-4.75591	-2.46995	-4.51823	-5.62737
1190	2	1	21	3	2	1	5	-2.9401	-2.50032	-4.39164	-4.53871
1191	4	7	10	4	1	7	1	-1.82562	-3.6978	-2.68741	-1.95441
1192	2	1	5	3	2	5	5	-5.75028	-2.85157	-4.01098	-5.61336
1193	1	4	2	2	6	3	17	-4.75591	-2.46995	-4.51823	-5.62737
1194	2	4	1	2	2	1	5	-2.77062	-3.63387	-4.12003	-4.13312
1195	2	4	1	2	2	1	5	-2.77062	-3.63387	-4.12003	-4.13312
1196	2	1	12	3	2	1	5	-2.63024	-2.12788	-3.55069	-4.85632
1197	2	1	6	3	2	3	5	-6.85748	-7.72112	-7.23094	-6.51317
1198	4	7	10	4	1	7	1	-1.82562	-3.6978	-2.68741	-1.95441
1199	2	4	1	2	7	1	5	-2.29416	-5.34668	-5.76503	-5.09368
1200	2	1	1	3	2	1	5	-4.63479	-3.80022	-6.32058	-7.22313
1201	2	4	1	2	2	1	5	-2.77062	-3.63387	-4.12003	-4.13312
1202	7	2	5	2	10	3	6	-31.9225	-27.0782	-29.708	-28.7424
1203	2	1	21	3	2	1	5	-2.9401	-2.50032	-4.39164	-4.53871
1204	2	4	1	2	7	1	5	-2.29416	-5.34668	-5.76503	-5.09368
1205	4	7	10	4	1	7	1	-1.82562	-3.6978	-2.68741	-1.95441
1206	2	4	1	2	7	1	5	-2.29416	-5.34668	-5.76503	-5.09368
1207	2	4	1	2	2	1	5	-2.77062	-3.63387	-4.12003	-4.13312
1208	1	4	2	2	6	3	17	-4.75591	-2.46995	-4.51823	-5.62737
1209	2	4	1	2	2	1	5	-2.77062	-3.63387	-4.12003	-4.13312
1210	2	4	1	2	2	1	5	-2.77062	-3.63387	-4.12003	-4.13312
1211	74	10	2	2	11	12	6	-7.54942	-11.467	-9.36879	-9.21808
1212	1	2	3	4	5	9	3	-4.73244	-2.5097	-3.52639	-5.0195
1213	2	1	5	3	2	3	5	-4.2641	-3.26676	-5.58947	-4.8167
1214	4	7	10	4	1	7	1	-1.82562	-3.6978	-2.68741	-1.95441
1215	2	4	2	2	6	1	5	-6.11539	-4.85044	-5.84297	-7.91316
1216	2	1	12	3	2	1	5	-2.63024	-2.12788	-3.55069	-4.85632
1217	2	1	21	3	2	1	5	-2.9401	-2.50032	-4.39164	-4.53871
1218	2	4	1	2	2	1	5	-2.77062	-3.63387	-4.12003	-4.13312
1219	2	1	21	3	2	1	5	-2.9401	-2.50032	-4.39164	-4.53871
1220	4	7	10	4	1	7	1	-1.82562	-3.6978	-2.68741	-1.95441
1221	2	1	21	3	2	1	5	-2.9401	-2.50032	-4.39164	-4.53871
1222	2	4	1	2	2	1	5	-2.77062	-3.63387	-4.12003	-4.13312
1223	4	7	10	4	1	7	1	-1.82562	-3.6978	-2.68741	-1.95441
1224	2	4	1	2	2	1	5	-2.77062	-3.63387	-4.12003	-4.13312
1225	4	7	10	4	1	7	1	-1.82562	-3.6978	-2.68741	-1.95441
1226	4	7	10	4	42	51	1	-2.92302	-4.57205	-5.04525	-3.8184
1227	4	7	10	4	42	7	1	-6.65201	-8.50069	-5.71065	-4.67996
1228	2	4	1	2	2	1	5	-2.77062	-3.63387	-4.12003	-4.13312
1229	2	1	5	3	2	3	5	-4.2641	-3.26676	-5.58947	-4.8167
1230	10	81	50	99	120	76	52	-6.73252	-6.39329	-5.24822	-5.19299
1231	2	4	1	2	7	1	5	-2.29416	-5.34668	-5.76503	-5.09368
1232	2	4	1	2	7	1	5	-2.29416	-5.34668	-5.76503	-5.09368
1233	4	7	10	4	1	7	1	-1.82562	-3.6978	-2.68741	-1.95441
1234	1	4	2	2	6	3	17	-4.75591	-2.46995	-4.51823	-5.62737
1235	4	7	10	4	1	7	1	-1.82562	-3.6978	-2.68741	-1.95441
1236	2	4	1	2	2	1	5	-2.77062	-3.63387	-4.12003	-4.13312
1237	4	7	10	4	1	7	1	-1.82562	-3.6978	-2.68741	-1.95441
1238	4	7	10	4	42	51	1	-2.92302	-4.57205	-5.04525	-3.8184
1239	1	307	3	4	5	9	3	-6.83536	-6.44344	-6.01298	-8.37549
1240	2	4	2	2	6	1	5	-6.11539	-4.85044	-5.84297	-7.91316
1241	8	10	149	2	11	12	6	-4.89598	-3.98878	-5.57785	-7.20667
1242	2	1	12	3	2	1	5	-2.63024	-2.12788	-3.55069	-4.85632
1243	2	4	1	2	2	1	5	-2.77062	-3.63387	-4.12003	-4.13312
1244	2	4	1	2	2	1	5	-2.77062	-3.63387	-4.12003	-4.13312
1245	2	4	1	2	2	1	5	-2.77062	-3.63387	-4.12003	-4.13312
1246	4	7	10	4	42	51	1	-2.92302	-4.57205	-5.04525	-3.8184
1247	2	4	1	2	2	1	5	-2.77062	-3.63387	-4.12003	-4.13312
1248	2	4	1	2	2	1	5	-2.77062	-3.63387	-4.12003	-4.13312
1249	2	1	12	88	2	1	5	-3.96059	-3.44152	-5.78525	-5.35279
1250	1	4	2	2	6	3	17	-4.75591	-2.46995	-4.51823	-5.62737
1251	9	2	4	62	4	5	6	-3.70526	-5.16571	-5.70416	-6.6449
1252	2	4	1	2	7	1	5	-2.29416	-5.34668	-5.76503	-5.09368
1253	2	4	5	2	2	5	5	-3.66087	-6.69121	-6.96962	-5.85647
1254	2	1	21	3	2	1	5	-2.9401	-2.50032	-4.39164	-4.53871
1255	1	4	2	2	6	3	17	-4.75591	-2.46995	-4.51823	-5.62737
1256	2	1	21	3	2	1	5	-2.9401	-2.50032	-4.39164	-4.53871
1257	2	4	1	2	2	5	5	-6.82116	-6.41227	-8.80608	-9.51589
1258	2	1	12	3	2	1	5	-2.63024	-2.12788	-3.55069	-4.85632
1259	2	4	2	2	6	1	5	-6.11539	-4.85044	-5.84297	-7.91316
1260	2	4	1	2	2	1	5	-2.77062	-3.63387	-4.12003	-4.13312
1261	2	4	1	2	2	1	5	-2.77062	-3.63387	-4.12003	-4.13312
1262	1	307	3	4	5	9	3	-6.83536	-6.44344	-6.01298	-8.37549
1263	9	25	2	10	22	3	6	-4.47162	-7.26158	-6.43172	-4.3773
1264	2	1	1	380	2	1	5	-6.16356	-5.74669	-8.1951	-8.91166
1265	2	4	1	2	2	1	5	-2.77062	-3.63387	-4.12003	-4.13312
1266	2	4	1	2	2	1	5	-2.77062	-3.63387	-4.12003	-4.13312
1267	2	1	12	3	2	1	5	-2.63024	-2.12788	-3.55069	-4.85632
1268	1	2	3	4	5	9	3	-4.73244	-2.5097	-3.52639	-5.0195
1269	2	4	1	2	2	1	5	-2.77062	-3.63387	-4.12003	-4.13312
1270	2	4	1	2	2	1	5	-2.77062	-3.63387	-4.12003	-4.13312
1271	2	4	1	2	2	1	5	-2.77062	-3.63387	-4.12003	-4.13312
1272	1	2	3	4	5	9	3	-4.73244	-2.5097	-3.52639	-5.0195
1273	9	2	2	212	309	253	147	-25.4061	-28.6249	-20.042	-19.7953
1274	2	1	21	3	2	1	5	-2.9401	-2.50032	-4.39164	-4.53871
1275	47	2	4	2	6	5	17	-10.4051	-10.7777	-6.07765	-8.72245
1276	1	2	3	4	5	9	3	-4.73244	-2.5097	-3.52639	-5.0195
1277	2	4	1	2	2	1	5	-2.77062	-3.63387	-4.12003	-4.13312
1278	2	4	1	2	2	1	5	-2.77062	-3.63387	-4.12003	-4.13312
1279	9	2	4	62	4	5	6	-3.70526	-5.16571	-5.70416	-6.6449
1280	2	1	12	3	2	1	5	-2.63024	-2.12788	-3.55069	-4.85632
1281	2	4	1	2	2	1	5	-2.77062	-3.63387	-4.12003	-4.13312
1282	2	4	1	2	7	1	5	-2.29416	-5.34668	-5.76503	-5.09368
1283	7	17	2	15	23	3	12	-6.88826	-9.95334	-10.4176	-10.0212
1284	2	1	1	3	2	1	5	-4.63479	-3.80022	-6.32058	-7.22313
1285	2	1	12	3	2	1	5	-2.63024	-2.12788	-3.55069	-4.85632
1286	2	4	1	2	2	1	5	-2.77062	-3.63387	-4.12003	-4.13312
1287	2	1	5	3	2	3	5	-4.2641	-3.26676	-5.58947	-4.8167
1288	2	4	1	2	2	1	5	-2.77062	-3.63387	-4.12003	-4.13312
1289	2	4	1	2	2	1	5	-2.77062	-3.63387	-4.12003	-4.13312
1290	1	4	2	2	6	3	17	-4.75591	-2.46995	-4.51823	-5.62737
1291	2	1	2	3	2	3	5	-3.74564	-6.73059	-7.2711	-6.86996
1292	2	1	5	3	2	3	5	-4.2641	-3.26676	-5.58947	-4.8167
1293	1	2	3	3	5	9	3	-11.8346	-7.95916	-10.2222	-12.1522
1294	4	7	10	4	42	51	1	-2.92302	-4.57205	-5.04525	-3.8184
1295	1	4	2	2	6	3	17	-4.75591	-2.46995	-4.51823	-5.62737
1296	2	1	5	3	2	3	5	-4.2641	-3.26676	-5.58947	-4.8167
1297	4	7	10	4	1	7	1	-1.82562	-3.6978	-2.68741	-1.95441
1298	2	4	1	2	2	1	5	-2.77062	-3.63387	-4.12003	-4.13312
1299	4	7	10	4	1	7	1	-1.82562	-3.6978	-2.68741	-1.95441
1300	2	1	21	3	2	1	5	-2.9401	-2.50032	-4.39164	-4.53871
1301	2	4	1	2	2	1	5	-2.77062	-3.63387	-4.12003	-4.13312
1302	4	7	10	4	1	7	1	-1.82562	-3.6978	-2.68741	-1.95441
1303	2	4	1	2	2	1	5	-2.77062	-3.63387	-4.12003	-4.13312
1304	2	1	5	3	2	5	5	-5.75028	-2.85157	-4.01098	-5.61336
1305	2	4	1	2	2	1	5	-2.77062	-3.63387	-4.12003	-4.13312
1306	2	1	21	3	2	1	5	-2.9401	-2.50032	-4.39164	-4.53871
1307	2	1	5	3	2	5	5	-5.75028	-2.85157	-4.01098	-5.61336
1308	1	4	2	2	6	3	17	-4.75591	-2.46995	-4.51823	-5.62737
1309	1	4	2	2	6	3	17	-4.75591	-2.46995	-4.51823	-5.62737
1310	2	1	5	3	2	3	5	-4.2641	-3.26676	-5.58947	-4.8167
1311	1	4	2	2	6	3	17	-4.75591	-2.46995	-4.51823	-5.62737
1312	2	4	1	2	2	1	5	-2.77062	-3.63387	-4.12003	-4.13312
1313	2	1	12	88	2	1	5	-3.96059	-3.44152	-5.78525	-5.35279
1314	2	1	5	3	2	3	5	-4.2641	-3.26676	-5.58947	-4.8167
1315	2	4	5	2	2	1	5	-6.15654	-8.81072	-9.1843	-9.09407
1316	2	4	1	2	2	1	5	-2.77062	-3.63387	-4.12003	-4.13312
1317	1	4	2	2	6	3	17	-4.75591	-2.46995	-4.51823	-5.62737
1318	2	1	21	3	2	1	5	-2.9401	-2.50032	-4.39164	-4.53871
1319	4	7	10	4	1	7	1	-1.82562	-3.6978	-2.68741	-1.95441
1320	1	2	3	4	5	9	3	-4.73244	-2.5097	-3.52639	-5.0195
1321	2	4	1	2	7	1	5	-2.29416	-5.34668	-5.76503	-5.09368
1322	4	7	10	4	1	7	1	-1.82562	-3.6978	-2.68741	-1.95441
1323	4	7	10	4	1	7	1	-1.82562	-3.6978	-2.68741	-1.95441
1324	1	4	2	2	6	3	17	-4.75591	-2.46995	-4.51823	-5.62737
1325	2	4	1	2	7	1	5	-2.29416	-5.34668	-5.76503	-5.09368
1326	4	7	10	4	1	7	1	-1.82562	-3.6978	-2.68741	-1.95441
1327	8	10	2	2	11	12	6	-3.94165	-6.97017	-7.46964	-7.07502
1328	969	7	10	4	1	7	1	-5.35487	-8.17033	-4.58222	-4.0969
1329	4	7	10	4	1	7	1	-1.82562	-3.6978	-2.68741	-1.95441
1330	10	27	16	942	10	5	7	-24.8819	-17.3252	-18.3187	-19.8728
1331	10	27	16	941	10	5	7	-24.8819	-17.3252	-18.3187	-19.8728
1332	4	7	10	4	1	7	1	-1.82562	-3.6978	-2.68741	-1.95441
1333	4	7	10	4	1	7	1	-1.82562	-3.6978	-2.68741	-1.95441
1334	129	66	30	82	189	47	17	-3.241	-4.81954	-5.79948	-4.16223
1335	4	7	10	4	1	7	1	-1.82562	-3.6978	-2.68741	-1.95441
1336	4	7	10	4	1	7	1	-1.82562	-3.6978	-2.68741	-1.95441
1337	2	4	1	2	2	1	5	-2.77062	-3.63387	-4.12003	-4.13312
1338	2	1	2	3	2	3	5	-3.74564	-6.73059	-7.2711	-6.86996
1339	10	27	16	19	10	5	7	-21.2742	-12.8276	-16.4193	-17.7299
1340	2	4	1	2	2	1	5	-2.77062	-3.63387	-4.12003	-4.13312
1341	33	39	30	82	104	173	68	-5.43186	-3.99824	-6.5688	-7.71673
1342	1	4	2	2	6	3	17	-4.75591	-2.46995	-4.51823	-5.62737
1343	2	1	5	3	2	5	5	-5.75028	-2.85157	-4.01098	-5.61336
1344	2	1	12	3	2	1	5	-2.63024	-2.12788	-3.55069	-4.85632
1345	8	10	2	2	11	12	6	-3.94165	-6.97017	-7.46964	-7.07502
1346	2	1	1	3	2	1	5	-4.63479	-3.80022	-6.32058	-7.22313
1347	1	4	2	2	6	3	17	-4.75591	-2.46995	-4.51823	-5.62737
1348	7	2	2	2	11	12	6	-4.48827	-7.55274	-8.01781	-7.62134
1349	9	2	4	62	4	5	6	-3.70526	-5.16571	-5.70416	-6.6449
1350	2	1	21	3	2	1	5	-2.9401	-2.50032	-4.39164	-4.53871
1351	9	7	10	4	1	7	1	-10.2516	-12.0411	-11.8865	-10.0012
1352	2	1	12	3	920	1	5	-6.23892	-6.61686	-5.44758	-6.99749
1353	239	27	16	19	10	5	7	-10.6171	-6.49236	-9.14208	-10.7115
1354	7	17	2	15	23	3	12	-6.88826	-9.95334	-10.4176	-10.0212
1355	1	4	2	2	6	3	17	-4.75591	-2.46995	-4.51823	-5.62737
1356	1	6	60	24	12	28	1	-27.9373	-32.4733	-16.7302	-17.6191
1357	2	4	5	2	10	1	5	-6.8809	-9.93283	-10.4071	-10.0098
1358	10	81	50	99	120	76	52	-6.73252	-6.39329	-5.24822	-5.19299
1359	4	7	10	4	1	7	1	-1.82562	-3.6978	-2.68741	-1.95441
1360	2	1	5	3	2	5	5	-5.75028	-2.85157	-4.01098	-5.61336
1361	4	7	10	1	1	7	1	-5.26127	-8.16796	-5.93449	-6.13748
1362	2	4	5	2	10	1	5	-6.8809	-9.93283	-10.4071	-10.0098
1363	2	1	21	3	2	1	5	-2.9401	-2.50032	-4.39164	-4.53871
1364	2	1	21	3	2	1	5	-2.9401	-2.50032	-4.39164	-4.53871
1365	2	4	1	2	2	1	5	-2.77062	-3.63387	-4.12003	-4.13312
1366	2	4	2	2	6	1	5	-6.11539	-4.85044	-5.84297	-7.91316
1367	2	4	1	2	7	1	5	-2.29416	-5.34668	-5.76503	-5.09368
1368	2	4	1	2	2	1	5	-2.77062	-3.63387	-4.12003	-4.13312
1369	2	4	1	2	2	1	5	-2.77062	-3.63387	-4.12003	-4.13312
1370	4	7	10	4	1	7	1	-1.82562	-3.6978	-2.68741	-1.95441
1371	4	7	10	4	42	51	1	-2.92302	-4.57205	-5.04525	-3.8184
1372	2	1	5	3	2	3	5	-4.2641	-3.26676	-5.58947	-4.8167
1373	2	1	12	3	2	1	5	-2.63024	-2.12788	-3.55069	-4.85632
1374	2	1	1	3	2	1	5	-4.63479	-3.80022	-6.32058	-7.22313
1375	2	4	1	2	2	1	5	-2.77062	-3.63387	-4.12003	-4.13312
1376	4	7	10	4	1	7	1	-1.82562	-3.6978	-2.68741	-1.95441
1377	10	1	16	19	10	5	7	-6.713	-2.76953	-4.12091	-5.26307
1378	2	4	1	2	7	1	5	-2.29416	-5.34668	-5.76503	-5.09368
1379	2	4	1	2	2	1	5	-2.77062	-3.63387	-4.12003	-4.13312
1380	10	81	50	99	120	76	52	-6.73252	-6.39329	-5.24822	-5.19299
1381	2	1	12	3	2	1	5	-2.63024	-2.12788	-3.55069	-4.85632
1382	2	4	1	2	2	1	5	-2.77062	-3.63387	-4.12003	-4.13312
1383	2	4	1	2	7	1	5	-2.29416	-5.34668	-5.76503	-5.09368
1384	1	2	3	4	5	9	3	-4.73244	-2.5097	-3.52639	-5.0195
1385	8	10	2	2	11	12	6	-3.94165	-6.97017	-7.46964	-7.07502
1386	1	4	2	2	6	3	17	-4.75591	-2.46995	-4.51823	-5.62737
1387	2	4	1	2	2	1	5	-2.77062	-3.63387	-4.12003	-4.13312
1388	2	4	1	2	2	1	5	-2.77062	-3.63387	-4.12003	-4.13312
1389	10	7	10	4	1	7	1	-12.6795	-10.6647	-10.4727	-9.11126
1390	2	1	21	3	2	1	5	-2.9401	-2.50032	-4.39164	-4.53871
1391	2	1	21	3	2	1	5	-2.9401	-2.50032	-4.39164	-4.53871
1392	10	1	16	19	10	5	7	-6.713	-2.76953	-4.12091	-5.26307
1393	2	1	5	3	2	3	5	-4.2641	-3.26676	-5.58947	-4.8167
1394	2	1	5	3	2	3	5	-4.2641	-3.26676	-5.58947	-4.8167
1395	2	4	1	2	2	5	5	-6.82116	-6.41227	-8.80608	-9.51589
1396	2	4	1	2	7	1	5	-2.29416	-5.34668	-5.76503	-5.09368
1397	10	1	16	19	10	5	7	-6.713	-2.76953	-4.12091	-5.26307
1398	2	4	1	2	7	1	5	-2.29416	-5.34668	-5.76503	-5.09368
1399	2	934	1	2	2	1	5	-6.30023	-8.12105	-6.01061	-6.26334
