Isolate	Loci0	Loci1	Loci2	Loci3	Loci4	Loci5	Loci6	Source0	Source1	Source2	Source3
0	1	2	3	4	5	9	3	-4.67812	-2.47643	-3.62859	-4.80461
1	4	7	10	4	1	7	1	-1.83456	-3.88658	-2.68231	-1.97411
2	2	4	1	2	2	1	5	-2.78459	-3.68691	-4.22522	-4.1198
3	2	4	1	2	2	1	5	-2.78459	-3.68691	-4.22522	-4.1198
4	9	25	2	10	22	3	6	-4.4749	-7.96909	-6.1486	-4.41041
5	4	7	10	4	1	7	1	-1.83456	-3.88658	-2.68231	-1.97411
6	4	7	10	4	1	7	1	-1.83456	-3.88658	-2.68231	-1.97411
7	4	7	10	4	42	51	1	-2.936	-4.73227	-5.05209	-3.83638
8	2	4	1	2	2	1	5	-2.78459	-3.68691	-4.22522	-4.1198
9	10	81	50	99	120	76	52	-6.71028	-6.3532	-5.27935	-5.20912
10	2	1	21	3	2	1	5	-2.94255	-2.49181	-4.53194	-4.43184
11	2	1	21	3	2	1	5	-2.94255	-2.49181	-4.53194	-4.43184
12	9	25	2	10	22	3	6	-4.4749	-7.96909	-6.1486	-4.41041
13	2	1	21	3	2	1	5	-2.94255	-2.49181	-4.53194	-4.43184
14	10	27	16	19	10	5	7	-20.4161	-12.917	-16.4365	-16.7353
15	2	4	1	2	2	1	5	-2.78459	-3.68691	-4.22522	-4.1198
16	2	4	1	2	2	1	5	-2.78459	-3.68691	-4.22522	-4.1198
17	9	2	4	62	4	5	6	-3.72438	-5.29476	-5.92866	-6.55196
18	9	53	2	53	11	3	3	-28.9637	-27.6738	-25.736	-24.7939
19	2	4	1	2	2	1	5	-2.78459	-3.68691	-4.22522	-4.1198
20	2	4	1	2	2	1	5	-2.78459	-3.68691	-4.22522	-4.1198
21	4	7	10	4	1	7	1	-1.83456	-3.88658	-2.68231	-1.97411
22	2	4	1	2	2	1	5	-2.78459	-3.68691	-4.22522	-4.1198
23	1	4	2	2	6	3	17	-4.67859	-2.43894	-4.63954	-5.29502
24	4	7	10	4	1	7	1	-1.83456	-3.88658	-2.68231	-1.97411
25	2	1	21	3	2	1	5	-2.94255	-2.49181	-4.53194	-4.43184
26	8	10	2	2	11	12	6	-3.96166	-8.30747	-8.30802	-7.05923
27	2	4	2	2	6	1	5	-6.10897	-4.82567	-5.96183	-7.54326
28	2	1	12	3	2	1	5	-2.63508	-2.1178	-3.69615	-4.60894
29	2	4	1	2	2	1	5	-2.78459	-3.68691	-4.22522	-4.1198
30	4	7	10	4	1	7	1	-1.83456	-3.88658	-2.68231	-1.97411
31	10	1	16	19	10	5	7	-6.32961	-2.73388	-4.2162	-5.07183
32	1	2	3	4	5	9	3	-4.67812	-2.47643	-3.62859	-4.80461
33	2	4	1	2	2	1	5	-2.78459	-3.68691	-4.22522	-4.1198
34	2	4	1	2	2	1	5	-2.78459	-3.68691	-4.22522	-4.1198
35	2	4	1	2	2	1	5	-2.78459	-3.68691	-4.22522	-4.1198
36	4	7	10	4	1	7	1	-1.83456	-3.88658	-2.68231	-1.97411
37	129	66	30	82	189	47	17	-3.25379	-4.96772	-5.76318	-4.18485
38	2	1	12	3	357	1	5	-6.03267	-6.1287	-6.11813	-7.30984
39	9	2	4	62	4	5	6	-3.72438	-5.29476	-5.92866	-6.55196
40	2	1	1	3	2	1	5	-4.62962	-3.7858	-6.54318	-6.80987
41	2	1	12	3	357	1	5	-6.03267	-6.1287	-6.11813	-7.30984
42	2	1	5	3	2	3	5	-4.24827	-3.24789	-5.63243	-4.7671
43	2	1	5	3	2	3	5	-4.24827	-3.24789	-5.63243	-4.7671
44	2	4	1	2	2	1	5	-2.78459	-3.68691	-4.22522	-4.1198
45	2	4	1	2	2	1	5	-2.78459	-3.68691	-4.22522	-4.1198
46	2	4	2	2	6	1	5	-6.10897	-4.82567	-5.96183	-7.54326
47	1	4	2	2	6	3	17	-4.67859	-2.43894	-4.63954	-5.29502
48	2	1	21	3	2	1	5	-2.94255	-2.49181	-4.53194	-4.43184
49	2	1	2	3	2	3	5	-3.76511	-8.0161	-8.10835	-6.85009
50	2	1	21	3	2	1	5	-2.94255	-2.49181	-4.53194	-4.43184
51	7	17	2	15	23	3	12	-6.90847	-11.383	-11.2588	-10.0062
52	2	4	1	2	7	1	5	-2.31326	-6.75676	-6.46315	-5.0902
53	9	2	4	62	4	5	6	-3.72438	-5.29476	-5.92866	-6.55196
54	2	4	1	2	7	1	5	-2.31326	-6.75676	-6.46315	-5.0902
55	9	2	4	62	4	5	6	-3.72438	-5.29476	-5.92866	-6.55196
56	2	1	12	88	2	1	5	-3.96006	-3.43109	-5.92161	-5.26805
57	2	1	5	3	2	3	5	-4.24827	-3.24789	-5.63243	-4.7671
58	2	4	1	2	2	1	5	-2.78459	-3.68691	-4.22522	-4.1198
59	9	2	4	62	4	5	6	-3.72438	-5.29476	-5.92866	-6.55196
60	2	1	5	3	2	3	5	-4.24827	-3.24789	-5.63243	-4.7671
61	2	4	1	2	2	1	5	-2.78459	-3.68691	-4.22522	-4.1198
62	2	4	1	2	2	1	5	-2.78459	-3.68691	-4.22522	-4.1198
63	2	4	1	2	2	1	5	-2.78459	-3.68691	-4.22522	-4.1198
64	2	4	1	2	2	1	5	-2.78459	-3.68691	-4.22522	-4.1198
65	2	4	1	2	2	1	5	-2.78459	-3.68691	-4.22522	-4.1198
66	2	4	1	2	2	1	5	-2.78459	-3.68691	-4.22522	-4.1198
67	1	2	215	4	90	24	8	-28.1486	-27.5918	-21.1688	-20.9401
68	2	4	1	2	2	1	5	-2.78459	-3.68691	-4.22522	-4.1198
69	1	2	3	4	5	9	3	-4.67812	-2.47643	-3.62859	-4.80461
70	2	4	1	2	2	1	5	-2.78459	-3.68691	-4.22522	-4.1198
71	2	4	1	2	2	1	5	-2.78459	-3.68691	-4.22522	-4.1198
72	9	25	2	10	22	3	6	-4.4749	-7.96909	-6.1486	-4.41041
73	2	15	4	48	360	25	23	-6.69983	-8.65837	-5.73253	-4.96187
74	2	4	1	2	2	1	5	-2.78459	-3.68691	-4.22522	-4.1198
75	2	1	12	88	2	1	5	-3.96006	-3.43109	-5.92161	-5.26805
76	2	4	2	2	6	1	5	-6.10897	-4.82567	-5.96183	-7.54326
77	10	1	16	19	10	5	7	-6.32961	-2.73388	-4.2162	-5.07183
78	2	4	1	2	2	1	5	-2.78459	-3.68691	-4.22522	-4.1198
79	2	1	12	3	2	1	5	-2.63508	-2.1178	-3.69615	-4.60894
80	2	4	1	2	2	1	5	-2.78459	-3.68691	-4.22522	-4.1198
81	2	4	1	2	2	1	5	-2.78459	-3.68691	-4.22522	-4.1198
82	1	4	2	2	6	3	17	-4.67859	-2.43894	-4.63954	-5.29502
83	10	1	16	19	10	5	7	-6.32961	-2.73388	-4.2162	-5.07183
84	8	10	149	2	11	12	6	-4.8933	-3.96687	-5.72269	-6.82688
85	2	4	1	2	2	1	5	-2.78459	-3.68691	-4.22522	-4.1198
86	2	4	1	2	7	1	5	-2.31326	-6.75676	-6.46315	-5.0902
87	32	39	30	82	104	324	17	-8.33472	-4.66544	-7.49489	-8.15888
88	1	2	3	4	5	9	3	-4.67812	-2.47643	-3.62859	-4.80461
89	2	1	5	3	2	3	5	-4.24827	-3.24789	-5.63243	-4.7671
90	2	4	1	2	2	1	5	-2.78459	-3.68691	-4.22522	-4.1198
91	2	4	1	2	7	1	5	-2.31326	-6.75676	-6.46315	-5.0902
92	4	7	10	4	1	7	1	-1.83456	-3.88658	-2.68231	-1.97411
93	2	1	2	3	2	3	5	-3.76511	-8.0161	-8.10835	-6.85009
94	2	1	12	3	2	1	5	-2.63508	-2.1178	-3.69615	-4.60894
95	2	1	21	3	2	1	5	-2.94255	-2.49181	-4.53194	-4.43184
96	2	1	21	3	2	1	5	-2.94255	-2.49181	-4.53194	-4.43184
97	9	2	5	2	11	3	1	-29.1111	-32.4165	-29.4909	-25.547
98	4	7	10	4	1	7	1	-1.83456	-3.88658	-2.68231	-1.97411
99	2	1	2	3	2	3	5	-3.76511	-8.0161	-8.10835	-6.85009
100	2	1	21	3	2	1	5	-2.94255	-2.49181	-4.53194	-4.43184
101	4	7	10	4	1	7	1	-1.83456	-3.88658	-2.68231	-1.97411
102	2	1	21	3	2	1	5	-2.94255	-2.49181	-4.53194	-4.43184
103	1	4	2	2	6	3	17	-4.67859	-2.43894	-4.63954	-5.29502
104	2	4	5	2	10	1	5	-6.9004	-11.3632	-11.2467	-9.99168
105	2	1	12	88	2	1	5	-3.96006	-3.43109	-5.92161	-5.26805
106	9	2	4	62	4	5	6	-3.72438	-5.29476	-5.92866	-6.55196
107	2	165	73	147	220	190	104	-8.69205	-9.26931	-7.0631	-5.29667
108	2	1	21	3	2	1	5	-2.94255	-2.49181	-4.53194	-4.43184
109	2	4	1	2	2	1	5	-2.78459	-3.68691	-4.22522	-4.1198
110	2	1	12	3	11	1	6	-18.7648	-17.9008	-21.229	-20.2354
111	2	1	2	3	2	3	5	-3.76511	-8.0161	-8.10835	-6.85009
112	2	4	1	2	7	1	5	-2.31326	-6.75676	-6.46315	-5.0902
113	2	1	2	3	2	3	5	-3.76511	-8.0161	-8.10835	-6.85009
114	2	1	21	3	2	1	5	-2.94255	-2.49181	-4.53194	-4.43184
115	2	4	1	2	7	1	5	-2.31326	-6.75676	-6.46315	-5.0902
116	33	39	30	82	113	43	17	-9.87683	-6.43171	-6.13653	-8.3216
117	2	4	1	2	2	1	5	-2.78459	-3.68691	-4.22522	-4.1198
118	2	4	1	2	2	1	5	-2.78459	-3.68691	-4.22522	-4.1198
119	2	4	1	2	2	1	5	-2.78459	-3.68691	-4.22522	-4.1198
120	2	4	1	2	7	1	5	-2.31326	-6.75676	-6.46315	-5.0902
121	4	7	10	1	1	7	1	-5.28017	-8.99012	-6.01249	-6.14401
122	2	1	12	3	2	1	5	-2.63508	-2.1178	-3.69615	-4.60894
123	2	4	1	2	2	1	5	-2.78459	-3.68691	-4.22522	-4.1198
124	2	4	1	2	2	1	5	-2.78459	-3.68691	-4.22522	-4.1198
125	2	4	1	2	7	1	5	-2.31326	-6.75676	-6.46315	-5.0902
126	2	4	1	2	2	1	5	-2.78459	-3.68691	-4.22522	-4.1198
127	2	4	1	2	2	1	5	-2.78459	-3.68691	-4.22522	-4.1198
128	2	1	12	88	2	1	5	-3.96006	-3.43109	-5.92161	-5.26805
129	2	1	12	3	2	1	5	-2.63508	-2.1178	-3.69615	-4.60894
130	2	1	12	3	2	1	5	-2.63508	-2.1178	-3.69615	-4.60894
131	2	4	1	2	7	1	5	-2.31326	-6.75676	-6.46315	-5.0902
132	2	1	21	3	2	1	5	-2.94255	-2.49181	-4.53194	-4.43184
133	2	1	21	3	2	1	5	-2.94255	-2.49181	-4.53194	-4.43184
134	2	4	5	2	2	5	5	-3.67928	-8.03477	-7.3957	-5.86903
135	2	1	21	3	2	1	5	-2.94255	-2.49181	-4.53194	-4.43184
136	1	4	2	2	6	3	1	-11.383	-10.2145	-10.8512	-10.5823
137	2	1	5	3	2	3	5	-4.24827	-3.24789	-5.63243	-4.7671
138	2	1	5	3	2	3	5	-4.24827	-3.24789	-5.63243	-4.7671
139	4	7	10	4	1	7	1	-1.83456	-3.88658	-2.68231	-1.97411
140	8	10	2	2	11	12	6	-3.96166	-8.30747	-8.30802	-7.05923
141	2	1	2	3	2	3	5	-3.76511	-8.0161	-8.10835	-6.85009
142	2	1	5	3	2	3	5	-4.24827	-3.24789	-5.63243	-4.7671
143	2	1	2	3	2	3	5	-3.76511	-8.0161	-8.10835	-6.85009
144	129	66	30	82	189	47	17	-3.25379	-4.96772	-5.76318	-4.18485
145	2	4	1	2	2	1	5	-2.78459	-3.68691	-4.22522	-4.1198
146	2	4	1	2	2	1	5	-2.78459	-3.68691	-4.22522	-4.1198
147	7	21	5	62	4	61	44	-7.47735	-3.818	-5.6923	-7.05569
148	2	4	1	2	2	1	5	-2.78459	-3.68691	-4.22522	-4.1198
149	2	937	1	2	2	1	5	-6.10368	-7.70377	-6.6457	-6.81148
150	1	14	2	2	6	1	17	-9.24799	-6.42356	-7.87589	-6.3678
151	1	4	2	2	6	3	17	-4.67859	-2.43894	-4.63954	-5.29502
152	8	10	149	2	11	12	6	-4.8933	-3.96687	-5.72269	-6.82688
153	2	1	12	3	2	1	5	-2.63508	-2.1178	-3.69615	-4.60894
154	9	30	2	2	89	59	6	-4.9608	-9.43674	-9.31222	-8.0589
155	1	2	3	4	5	9	3	-4.67812	-2.47643	-3.62859	-4.80461
156	2	4	1	2	2	1	5	-2.78459	-3.68691	-4.22522	-4.1198
157	2	4	1	2	2	1	5	-2.78459	-3.68691	-4.22522	-4.1198
158	180	194	2	68	19	231	147	-22.2825	-29.8722	-21.7701	-21.917
159	2	4	1	2	2	1	5	-2.78459	-3.68691	-4.22522	-4.1198
160	2	4	1	2	2	1	5	-2.78459	-3.68691	-4.22522	-4.1198
161	2	4	1	2	2	1	5	-2.78459	-3.68691	-4.22522	-4.1198
162	4	7	10	4	1	7	1	-1.83456	-3.88658	-2.68231	-1.97411
163	2	4	1	2	2	1	5	-2.78459	-3.68691	-4.22522	-4.1198
164	2	1	21	3	2	1	5	-2.94255	-2.49181	-4.53194	-4.43184
165	2	4	1	2	7	1	5	-2.31326	-6.75676	-6.46315	-5.0902
166	2	4	1	2	2	1	5	-2.78459	-3.68691	-4.22522	-4.1198
167	10	1	16	19	10	5	7	-6.32961	-2.73388	-4.2162	-5.07183
168	104	7	10	4	1	7	1	-4.41693	-8.89854	-8.75986	-7.49007
169	2	4	1	2	2	1	5	-2.78459	-3.68691	-4.22522	-4.1198
170	10	27	16	19	10	5	7	-20.4161	-12.917	-16.4365	-16.7353
171	2	4	1	2	2	1	5	-2.78459	-3.68691	-4.22522	-4.1198
172	2	1	1	3	2	1	5	-4.62962	-3.7858	-6.54318	-6.80987
173	7	21	5	62	4	61	44	-7.47735	-3.818	-5.6923	-7.05569
174	2	1	1	3	2	1	5	-4.62962	-3.7858	-6.54318	-6.80987
175	10	1	16	19	10	5	7	-6.32961	-2.73388	-4.2162	-5.07183
176	2	4	1	2	2	1	5	-2.78459	-3.68691	-4.22522	-4.1198
177	2	4	1	2	2	1	5	-2.78459	-3.68691	-4.22522	-4.1198
178	2	1	12	3	2	1	5	-2.63508	-2.1178	-3.69615	-4.60894
179	2	4	1	2	2	1	5	-2.78459	-3.68691	-4.22522	-4.1198
180	2	4	1	2	2	1	5	-2.78459	-3.68691	-4.22522	-4.1198
181	1	4	2	2	6	3	17	-4.67859	-2.43894	-4.63954	-5.29502
182	2	1	12	3	2	1	5	-2.63508	-2.1178	-3.69615	-4.60894
183	4	7	10	4	1	7	1	-1.83456	-3.88658	-2.68231	-1.97411
184	2	4	1	2	2	1	5	-2.78459	-3.68691	-4.22522	-4.1198
185	2	4	1	2	2	1	5	-2.78459	-3.68691	-4.22522	-4.1198
186	2	1	21	3	2	1	5	-2.94255	-2.49181	-4.53194	-4.43184
187	4	7	10	4	1	7	1	-1.83456	-3.88658	-2.68231	-1.97411
188	4	7	10	4	42	51	1	-2.936	-4.73227	-5.05209	-3.83638
189	2	1	5	3	2	3	5	-4.24827	-3.24789	-5.63243	-4.7671
190	1	2	4	62	4	5	17	-6.11923	-4.8412	-7.61737	-8.01523
191	4	7	10	4	1	7	1	-1.83456	-3.88658	-2.68231	-1.97411
192	4	7	10	4	42	51	1	-2.936	-4.73227	-5.05209	-3.83638
193	2	1	21	3	2	1	5	-2.94255	-2.49181	-4.53194	-4.43184
194	4	7	10	4	42	51	1	-2.936	-4.73227	-5.05209	-3.83638
195	2	4	1	2	7	1	5	-2.31326	-6.75676	-6.46315	-5.0902
196	2	4	1	2	2	1	5	-2.78459	-3.68691	-4.22522	-4.1198
197	1	2	3	4	5	9	3	-4.67812	-2.47643	-3.62859	-4.80461
198	1	2	4	62	4	5	17	-6.11923	-4.8412	-7.61737	-8.01523
199	2	250	4	281	358	25	57	-27.8843	-29.2219	-19.0486	-18.6174
200	9	2	4	62	4	5	6	-3.72438	-5.29476	-5.92866	-6.55196
201	1	2	3	4	5	9	3	-4.67812	-2.47643	-3.62859	-4.80461
202	4	7	10	4	1	7	1	-1.83456	-3.88658	-2.68231	-1.97411
203	2	4	2	4	19	3	6	-5.80497	-10.2766	-10.1533	-8.89364
204	4	7	10	4	1	7	1	-1.83456	-3.88658	-2.68231	-1.97411
205	4	7	10	4	42	51	1	-2.936	-4.73227	-5.05209	-3.83638
206	2	1	12	3	2	1	5	-2.63508	-2.1178	-3.69615	-4.60894
207	4	7	10	4	1	7	1	-1.83456	-3.88658	-2.68231	-1.97411
208	2	1	12	3	2	1	5	-2.63508	-2.1178	-3.69615	-4.60894
209	1	2	4	62	4	5	17	-6.11923	-4.8412	-7.61737	-8.01523
210	4	7	10	4	42	51	1	-2.936	-4.73227	-5.05209	-3.83638
211	2	4	1	2	2	1	5	-2.78459	-3.68691	-4.22522	-4.1198
212	4	7	10	4	1	7	1	-1.83456	-3.88658	-2.68231	-1.97411
213	2	1	21	3	2	1	5	-2.94255	-2.49181	-4.53194	-4.43184
214	47	2	4	2	6	5	17	-11.9835	-10.2138	-6.17756	-8.53737
215	2	1	21	3	2	1	5	-2.94255	-2.49181	-4.53194	-4.43184
216	2	1	21	3	2	1	5	-2.94255	-2.49181	-4.53194	-4.43184
217	2	4	1	2	2	1	5	-2.78459	-3.68691	-4.22522	-4.1198
218	2	4	1	2	2	1	5	-2.78459	-3.68691	-4.22522	-4.1198
219	10	81	50	99	120	76	52	-6.71028	-6.3532	-5.27935	-5.20912
220	2	4	1	2	2	1	5	-2.78459	-3.68691	-4.22522	-4.1198
221	2	4	1	2	2	1	5	-2.78459	-3.68691	-4.22522	-4.1198
222	1	4	2	2	6	3	17	-4.67859	-2.43894	-4.63954	-5.29502
223	1	2	4	62	4	5	17	-6.11923	-4.8412	-7.61737	-8.01523
224	4	7	10	4	1	7	1	-1.83456	-3.88658	-2.68231	-1.97411
225	4	7	10	4	1	7	1	-1.83456	-3.88658	-2.68231	-1.97411
226	10	1	16	19	10	5	7	-6.32961	-2.73388	-4.2162	-5.07183
227	2	4	1	2	2	1	5	-2.78459	-3.68691	-4.22522	-4.1198
228	2	4	1	2	7	1	5	-2.31326	-6.75676	-6.46315	-5.0902
229	1	4	2	348	6	3	17	-9.02692	-5.35122	-8.18341	-8.8483
230	1	2	4	62	4	5	17	-6.11923	-4.8412	-7.61737	-8.01523
231	10	27	16	19	10	5	7	-20.4161	-12.917	-16.4365	-16.7353
232	1	4	2	2	6	3	17	-4.67859	-2.43894	-4.63954	-5.29502
233	4	7	10	4	42	51	1	-2.936	-4.73227	-5.05209	-3.83638
234	2	4	1	2	2	1	5	-2.78459	-3.68691	-4.22522	-4.1198
235	2	1	12	3	2	1	5	-2.63508	-2.1178	-3.69615	-4.60894
236	2	1	12	88	2	1	5	-3.96006	-3.43109	-5.92161	-5.26805
237	2	4	1	2	7	1	5	-2.31326	-6.75676	-6.46315	-5.0902
238	2	1	12	3	2	1	5	-2.63508	-2.1178	-3.69615	-4.60894
239	1	4	2	2	6	3	17	-4.67859	-2.43894	-4.63954	-5.29502
240	2	1	4	28	58	25	58	-5.66638	-8.03541	-5.42364	-4.28254
241	2	1	5	3	2	3	5	-4.24827	-3.24789	-5.63243	-4.7671
242	2	1	12	3	2	1	5	-2.63508	-2.1178	-3.69615	-4.60894
243	2	4	1	2	2	1	5	-2.78459	-3.68691	-4.22522	-4.1198
244	2	1	5	10	11	1	5	-27.1812	-22.7184	-25.1162	-24.7685
245	2	1	12	3	2	1	5	-2.63508	-2.1178	-3.69615	-4.60894
246	2	1	12	88	2	1	5	-3.96006	-3.43109	-5.92161	-5.26805
247	2	1	12	3	2	1	5	-2.63508	-2.1178	-3.69615	-4.60894
248	2	1	12	3	2	1	5	-2.63508	-2.1178	-3.69615	-4.60894
249	1	4	2	2	6	3	17	-4.67859	-2.43894	-4.63954	-5.29502
250	9	2	4	62	4	5	6	-3.72438	-5.29476	-5.92866	-6.55196
251	2	1	12	3	2	1	5	-2.63508	-2.1178	-3.69615	-4.60894
252	8	10	149	2	11	12	6	-4.8933	-3.96687	-5.72269	-6.82688
253	2	1	21	3	2	1	5	-2.94255	-2.49181	-4.53194	-4.43184
254	1	2	3	4	5	9	3	-4.67812	-2.47643	-3.62859	-4.80461
255	2	1	5	3	2	3	5	-4.24827	-3.24789	-5.63243	-4.7671
256	1	307	3	4	5	9	3	-6.86258	-6.42293	-6.12061	-8.14519
257	1	4	2	2	6	3	17	-4.67859	-2.43894	-4.63954	-5.29502
258	2	4	1	2	7	1	5	-2.31326	-6.75676	-6.46315	-5.0902
259	2	4	1	2	2	1	5	-2.78459	-3.68691	-4.22522	-4.1198
260	2	61	4	64	126	7	23	-6.01086	-8.20107	-6.0648	-4.29359
261	7	21	5	62	4	61	44	-7.47735	-3.818	-5.6923	-7.05569
262	2	1	12	3	2	1	5	-2.63508	-2.1178	-3.69615	-4.60894
263	2	4	1	2	2	1	5	-2.78459	-3.68691	-4.22522	-4.1198
264	2	1	12	3	2	1	5	-2.63508	-2.1178	-3.69615	-4.60894
265	2	1	21	3	2	1	5	-2.94255	-2.49181	-4.53194	-4.43184
266	2	1	21	3	2	1	5	-2.94255	-2.49181	-4.53194	-4.43184
267	2	4	1	2	2	1	5	-2.78459	-3.68691	-4.22522	-4.1198
268	2	4	1	2	2	1	5	-2.78459	-3.68691	-4.22522	-4.1198
269	2	4	1	2	7	1	5	-2.31326	-6.75676	-6.46315	-5.0902
270	4	7	10	4	1	7	1	-1.83456	-3.88658	-2.68231	-1.97411
271	1	2	4	62	4	5	17	-6.11923	-4.8412	-7.61737	-8.01523
272	4	1	21	3	2	1	5	-9.72664	-10.3626	-10.8713	-9.79473
273	10	1	16	19	10	5	7	-6.32961	-2.73388	-4.2162	-5.07183
274	33	283	44	82	189	44	17	-7.05627	-3.45843	-5.47051	-5.87403
275	2	1	12	3	2	1	5	-2.63508	-2.1178	-3.69615	-4.60894
276	10	81	50	99	120	76	52	-6.71028	-6.3532	-5.27935	-5.20912
277	4	7	10	4	42	25	1	-8.62724	-8.94142	-5.82191	-5.22048
278	2	4	1	2	2	1	5	-2.78459	-3.68691	-4.22522	-4.1198
279	2	4	5	2	10	1	5	-6.9004	-11.3632	-11.2467	-9.99168
280	2	4	1	2	2	1	5	-2.78459	-3.68691	-4.22522	-4.1198
281	9	2	4	62	4	5	6	-3.72438	-5.29476	-5.92866	-6.55196
282	4	7	10	4	1	7	1	-1.83456	-3.88658	-2.68231	-1.97411
283	2	1	12	3	2	1	5	-2.63508	-2.1178	-3.69615	-4.60894
284	9	2	4	62	4	5	6	-3.72438	-5.29476	-5.92866	-6.55196
285	9	2	4	62	4	5	6	-3.72438	-5.29476	-5.92866	-6.55196
286	2	4	1	2	2	1	5	-2.78459	-3.68691	-4.22522	-4.1198
287	2	1	12	88	2	1	5	-3.96006	-3.43109	-5.92161	-5.26805
288	2	1	21	3	2	1	5	-2.94255	-2.49181	-4.53194	-4.43184
289	33	39	30	79	113	44	17	-25.9985	-25.2627	-26.0852	-26.224
290	1	2	3	4	5	9	3	-4.67812	-2.47643	-3.62859	-4.80461
291	1	4	2	2	6	3	17	-4.67859	-2.43894	-4.63954	-5.29502
292	9	2	4	62	4	5	6	-3.72438	-5.29476	-5.92866	-6.55196
293	2	1	12	3	2	1	5	-2.63508	-2.1178	-3.69615	-4.60894
294	2	1	5	3	2	5	5	-5.62635	-2.81969	-4.11428	-5.34902
295	2	1	5	3	2	5	5	-5.62635	-2.81969	-4.11428	-5.34902
296	2	4	1	2	2	1	5	-2.78459	-3.68691	-4.22522	-4.1198
297	2	4	1	2	2	1	5	-2.78459	-3.68691	-4.22522	-4.1198
298	2	1	21	3	2	1	5	-2.94255	-2.49181	-4.53194	-4.43184
299	32	39	30	82	104	324	17	-8.33472	-4.66544	-7.49489	-8.15888
300	2	1	12	3	2	1	5	-2.63508	-2.1178	-3.69615	-4.60894
301	4	7	10	4	1	7	1	-1.83456	-3.88658	-2.68231	-1.97411
302	1	4	2	2	6	3	5	-8.87442	-5.26544	-8.12235	-8.77709
303	2	1	21	3	2	1	5	-2.94255	-2.49181	-4.53194	-4.43184
304	4	7	10	4	42	51	1	-2.936	-4.73227	-5.05209	-3.83638
305	2	4	1	2	7	1	5	-2.31326	-6.75676	-6.46315	-5.0902
306	7	21	5	62	4	61	44	-7.47735	-3.818	-5.6923	-7.05569
307	104	7	10	4	1	7	1	-4.41693	-8.89854	-8.75986	-7.49007
308	9	25	2	10	22	3	6	-4.4749	-7.96909	-6.1486	-4.41041
309	2	4	2	2	6	3	17	-10.7923	-7.79263	-10.5082	-10.3892
310	2	4	1	2	7	1	5	-2.31326	-6.75676	-6.46315	-5.0902
311	129	66	30	82	189	47	17	-3.25379	-4.96772	-5.76318	-4.18485
312	33	39	30	82	104	173	68	-5.40832	-3.971	-6.75669	-7.19211
313	2	1	12	3	2	1	5	-2.63508	-2.1178	-3.69615	-4.60894
314	2	1	1	3	2	1	5	-4.62962	-3.7858	-6.54318	-6.80987
315	7	21	5	62	4	61	44	-7.47735	-3.818	-5.6923	-7.05569
316	2	1	21	3	2	1	5	-2.94255	-2.49181	-4.53194	-4.43184
317	4	7	10	4	1	7	1	-1.83456	-3.88658	-2.68231	-1.97411
318	10	2	107	62	120	76	1	-6.85334	-10.0603	-8.11638	-6.36772
319	4	7	10	4	1	7	1	-1.83456	-3.88658	-2.68231	-1.97411
320	2	1	12	3	2	1	5	-2.63508	-2.1178	-3.69615	-4.60894
321	2	1	5	3	2	3	5	-4.24827	-3.24789	-5.63243	-4.7671
322	4	7	10	4	1	7	1	-1.83456	-3.88658	-2.68231	-1.97411
323	2	1	12	88	2	1	5	-3.96006	-3.43109	-5.92161	-5.26805
324	4	7	10	4	42	7	1	-6.57938	-8.46842	-5.62607	-4.70053
325	4	7	10	4	42	51	1	-2.936	-4.73227	-5.05209	-3.83638
326	2	1	21	3	2	1	5	-2.94255	-2.49181	-4.53194	-4.43184
327	2	1	12	3	2	1	5	-2.63508	-2.1178	-3.69615	-4.60894
328	4	7	10	4	1	7	1	-1.83456	-3.88658	-2.68231	-1.97411
329	2	4	1	2	7	1	5	-2.31326	-6.75676	-6.46315	-5.0902
330	4	7	10	4	1	7	1	-1.83456	-3.88658	-2.68231	-1.97411
331	2	1	12	3	2	1	5	-2.63508	-2.1178	-3.69615	-4.60894
332	4	7	10	4	1	7	1	-1.83456	-3.88658	-2.68231	-1.97411
333	4	7	10	4	1	7	1	-1.83456	-3.88658	-2.68231	-1.97411
334	1	4	2	2	6	3	17	-4.67859	-2.43894	-4.63954	-5.29502
335	2	4	1	2	2	1	5	-2.78459	-3.68691	-4.22522	-4.1198
336	4	7	10	4	1	7	1	-1.83456	-3.88658	-2.68231	-1.97411
337	7	17	2	15	23	3	12	-6.90847	-11.383	-11.2588	-10.0062
338	2	1	5	3	2	3	5	-4.24827	-3.24789	-5.63243	-4.7671
339	4	7	10	4	1	7	1	-1.83456	-3.88658	-2.68231	-1.97411
340	4	7	10	4	1	7	1	-1.83456	-3.88658	-2.68231	-1.97411
341	4	7	10	4	42	51	1	-2.936	-4.73227	-5.05209	-3.83638
342	2	4	1	2	2	1	5	-2.78459	-3.68691	-4.22522	-4.1198
343	2	1	12	88	2	1	5	-3.96006	-3.43109	-5.92161	-5.26805
344	2	1	1	3	2	1	5	-4.62962	-3.7858	-6.54318	-6.80987
345	1	2	3	4	5	9	3	-4.67812	-2.47643	-3.62859	-4.80461
346	2	1	12	88	2	1	5	-3.96006	-3.43109	-5.92161	-5.26805
347	2	1	1	3	2	1	5	-4.62962	-3.7858	-6.54318	-6.80987
348	24	17	2	10	23	68	5	-9.4324	-5.76239	-8.59278	-9.25673
349	4	7	10	4	1	7	1	-1.83456	-3.88658	-2.68231	-1.97411
350	2	1	21	3	2	1	5	-2.94255	-2.49181	-4.53194	-4.43184
351	1	4	2	2	6	3	17	-4.67859	-2.43894	-4.63954	-5.29502
352	2	1	5	3	2	3	5	-4.24827	-3.24789	-5.63243	-4.7671
353	4	7	10	4	1	7	1	-1.83456	-3.88658	-2.68231	-1.97411
354	2	1	1	3	2	1	5	-4.62962	-3.7858	-6.54318	-6.80987
355	2	1	12	3	2	1	5	-2.63508	-2.1178	-3.69615	-4.60894
356	8	10	149	2	11	12	6	-4.8933	-3.96687	-5.72269	-6.82688
357	2	4	1	2	2	5	5	-6.82222	-6.4096	-9.04868	-9.18224
358	10	1	16	19	10	5	7	-6.32961	-2.73388	-4.2162	-5.07183
359	24	17	2	10	23	68	5	-9.4324	-5.76239	-8.59278	-9.25673
360	1	2	4	62	4	5	17	-6.11923	-4.8412	-7.61737	-8.01523
361	2	4	1	2	7	1	5	-2.31326	-6.75676	-6.46315	-5.0902
362	7	71	5	62	11	67	6	-27.9133	-27.5894	-27.5158	-27.4193
363	7	17	5	2	10	3	6	-25.5236	-24.6806	-24.6561	-22.2568
364	2	1	5	3	2	3	5	-4.24827	-3.24789	-5.63243	-4.7671
365	9	2	4	62	4	5	6	-3.72438	-5.29476	-5.92866	-6.55196
366	33	38	30	82	104	325	36	-13.5237	-10.4788	-11.7113	-12.6553
367	2	4	1	2	7	1	5	-2.31326	-6.75676	-6.46315	-5.0902
368	47	2	4	2	6	5	17	-11.9835	-10.2138	-6.17756	-8.53737
369	2	1	12	88	2	1	5	-3.96006	-3.43109	-5.92161	-5.26805
370	2	1	12	88	2	1	5	-3.96006	-3.43109	-5.92161	-5.26805
371	2	1	12	88	2	1	5	-3.96006	-3.43109	-5.92161	-5.26805
372	2	1	12	88	2	1	5	-3.96006	-3.43109	-5.92161	-5.26805
373	2	4	1	2	2	1	5	-2.78459	-3.68691	-4.22522	-4.1198
374	2	1	12	88	2	1	5	-3.96006	-3.43109	-5.92161	-5.26805
375	1	1	2	2	6	3	17	-9.90056	-6.18794	-9.06351	-9.70449
376	2	1	12	88	2	1	5	-3.96006	-3.43109	-5.92161	-5.26805
377	2	1	12	88	2	1	5	-3.96006	-3.43109	-5.92161	-5.26805
378	2	4	1	2	2	1	5	-2.78459	-3.68691	-4.22522	-4.1198
379	2	1	12	88	2	1	5	-3.96006	-3.43109	-5.92161	-5.26805
380	2	1	5	3	2	3	5	-4.24827	-3.24789	-5.63243	-4.7671
381	4	7	10	4	1	7	1	-1.83456	-3.88658	-2.68231	-1.97411
382	2	1	12	3	2	1	5	-2.63508	-2.1178	-3.69615	-4.60894
383	1	2	4	62	4	5	17	-6.11923	-4.8412	-7.61737	-8.01523
384	1	4	2	2	6	3	17	-4.67859	-2.43894	-4.63954	-5.29502
385	2	1	12	3	2	1	5	-2.63508	-2.1178	-3.69615	-4.60894
386	2	1	12	88	2	1	5	-3.96006	-3.43109	-5.92161	-5.26805
387	9	2	4	62	4	5	6	-3.72438	-5.29476	-5.92866	-6.55196
388	2	4	1	2	7	1	5	-2.31326	-6.75676	-6.46315	-5.0902
389	2	1	5	3	2	3	5	-4.24827	-3.24789	-5.63243	-4.7671
390	7	21	5	62	4	61	44	-7.47735	-3.818	-5.6923	-7.05569
391	1	2	215	4	90	24	8	-28.1486	-27.5918	-21.1688	-20.9401
392	2	1	21	3	2	1	5	-2.94255	-2.49181	-4.53194	-4.43184
393	1	4	2	2	6	3	17	-4.67859	-2.43894	-4.63954	-5.29502
394	2	4	1	2	2	1	5	-2.78459	-3.68691	-4.22522	-4.1198
395	2	1	12	3	2	1	5	-2.63508	-2.1178	-3.69615	-4.60894
396	1	2	3	4	5	9	3	-4.67812	-2.47643	-3.62859	-4.80461
397	2	1	5	3	2	3	5	-4.24827	-3.24789	-5.63243	-4.7671
398	10	1	16	19	10	5	7	-6.32961	-2.73388	-4.2162	-5.07183
399	2	1	2	3	2	959	5	-7.15941	-11.1779	-10.461	-9.53804
400	10	1	16	19	10	5	7	-6.32961	-2.73388	-4.2162	-5.07183
401	2	4	1	2	7	1	5	-2.31326	-6.75676	-6.46315	-5.0902
402	2	1	12	3	2	1	5	-2.63508	-2.1178	-3.69615	-4.60894
403	8	10	149	2	11	12	6	-4.8933	-3.96687	-5.72269	-6.82688
404	2	4	1	2	7	1	5	-2.31326	-6.75676	-6.46315	-5.0902
405	4	7	10	4	1	7	1	-1.83456	-3.88658	-2.68231	-1.97411
406	4	7	10	4	1	7	1	-1.83456	-3.88658	-2.68231	-1.97411
407	2	4	5	2	2	5	5	-3.67928	-8.03477	-7.3957	-5.86903
408	2	1	12	3	2	1	5	-2.63508	-2.1178	-3.69615	-4.60894
409	166	2	27	10	151	3	1	-29.5812	-32.8859	-26.3672	-24.5387
410	33	39	30	79	113	44	17	-25.9985	-25.2627	-26.0852	-26.224
411	7	17	2	15	23	3	12	-6.90847	-11.383	-11.2588	-10.0062
412	1	2	3	4	5	9	3	-4.67812	-2.47643	-3.62859	-4.80461
413	2	4	1	2	7	1	5	-2.31326	-6.75676	-6.46315	-5.0902
414	7	21	5	62	4	61	44	-7.47735	-3.818	-5.6923	-7.05569
415	2	1	12	3	2	1	5	-2.63508	-2.1178	-3.69615	-4.60894
416	1	2	3	4	5	9	3	-4.67812	-2.47643	-3.62859	-4.80461
417	2	1	5	88	2	11	5	-8.97171	-5.3349	-6.04534	-7.98028
418	2	4	1	2	7	1	5	-2.31326	-6.75676	-6.46315	-5.0902
419	2	1	21	3	2	1	5	-2.94255	-2.49181	-4.53194	-4.43184
420	7	17	2	15	23	3	12	-6.90847	-11.383	-11.2588	-10.0062
421	2	1	5	88	2	11	5	-8.97171	-5.3349	-6.04534	-7.98028
422	47	2	4	2	6	5	17	-11.9835	-10.2138	-6.17756	-8.53737
423	1	2	3	4	5	9	3	-4.67812	-2.47643	-3.62859	-4.80461
424	7	17	2	15	23	3	12	-6.90847	-11.383	-11.2588	-10.0062
425	2	4	1	2	2	1	5	-2.78459	-3.68691	-4.22522	-4.1198
426	2	4	1	2	2	1	5	-2.78459	-3.68691	-4.22522	-4.1198
427	2	4	1	2	2	1	5	-2.78459	-3.68691	-4.22522	-4.1198
428	2	1	12	3	2	1	5	-2.63508	-2.1178	-3.69615	-4.60894
429	2	4	5	2	2	5	5	-3.67928	-8.03477	-7.3957	-5.86903
430	2	1	21	3	2	1	5	-2.94255	-2.49181	-4.53194	-4.43184
431	4	7	10	4	42	25	1	-8.62724	-8.94142	-5.82191	-5.22048
432	1	4	2	2	6	3	17	-4.67859	-2.43894	-4.63954	-5.29502
433	1	2	215	4	923	24	8	-28.1486	-27.5918	-21.1688	-20.9401
434	1	2	3	4	5	9	3	-4.67812	-2.47643	-3.62859	-4.80461
435	2	1	1	3	2	1	5	-4.62962	-3.7858	-6.54318	-6.80987
436	1	4	2	2	6	3	17	-4.67859	-2.43894	-4.63954	-5.29502
437	2	4	1	2	2	1	5	-2.78459	-3.68691	-4.22522	-4.1198
438	2	1	5	3	2	5	5	-5.62635	-2.81969	-4.11428	-5.34902
439	4	7	10	4	42	51	1	-2.936	-4.73227	-5.05209	-3.83638
440	4	7	10	4	1	7	1	-1.83456	-3.88658	-2.68231	-1.97411
441	4	7	10	4	1	7	1	-1.83456	-3.88658	-2.68231	-1.97411
442	4	7	10	4	1	7	1	-1.83456	-3.88658	-2.68231	-1.97411
443	2	1	21	3	2	1	5	-2.94255	-2.49181	-4.53194	-4.43184
444	2	1	21	3	2	1	5	-2.94255	-2.49181	-4.53194	-4.43184
445	2	4	1	2	7	1	5	-2.31326	-6.75676	-6.46315	-5.0902
446	4	7	10	4	1	7	1	-1.83456	-3.88658	-2.68231	-1.97411
447	4	7	10	4	1	7	1	-1.83456	-3.88658	-2.68231	-1.97411
448	2	1	1	3	2	1	5	-4.62962	-3.7858	-6.54318	-6.80987
449	2	1	21	3	2	1	5	-2.94255	-2.49181	-4.53194	-4.43184
450	2	1	21	3	2	1	5	-2.94255	-2.49181	-4.53194	-4.43184
451	4	7	10	4	42	51	1	-2.936	-4.73227	-5.05209	-3.83638
452	4	7	10	1	1	7	1	-5.28017	-8.99012	-6.01249	-6.14401
453	239	27	16	19	10	5	7	-10.1279	-6.45716	-9.28613	-9.95153
454	2	1	12	3	2	1	5	-2.63508	-2.1178	-3.69615	-4.60894
455	2	4	1	2	2	1	5	-2.78459	-3.68691	-4.22522	-4.1198
456	2	1	12	3	2	1	5	-2.63508	-2.1178	-3.69615	-4.60894
457	2	1	12	3	2	1	5	-2.63508	-2.1178	-3.69615	-4.60894
458	10	81	50	99	120	76	52	-6.71028	-6.3532	-5.27935	-5.20912
459	47	2	4	2	6	5	17	-11.9835	-10.2138	-6.17756	-8.53737
460	2	4	1	3	2	1	5	-6.83445	-8.86825	-10.3137	-9.6271
461	4	7	10	4	1	7	1	-1.83456	-3.88658	-2.68231	-1.97411
462	2	1	1	380	2	1	5	-6.16753	-5.73848	-8.45489	-8.57937
463	2	4	1	2	7	1	5	-2.31326	-6.75676	-6.46315	-5.0902
464	2	1	12	88	2	1	5	-3.96006	-3.43109	-5.92161	-5.26805
465	7	71	5	62	11	67	1	-29.4652	-27.8245	-26.0576	-26.4799
466	2	4	1	2	7	1	5	-2.31326	-6.75676	-6.46315	-5.0902
467	4	7	10	4	1	7	1	-1.83456	-3.88658	-2.68231	-1.97411
468	2	1	1	380	2	1	5	-6.16753	-5.73848	-8.45489	-8.57937
469	2	4	1	2	2	1	5	-2.78459	-3.68691	-4.22522	-4.1198
470	2	1	12	3	2	1	5	-2.63508	-2.1178	-3.69615	-4.60894
471	1	14	2	2	6	1	17	-9.24799	-6.42356	-7.87589	-6.3678
472	1	2	4	62	4	5	17	-6.11923	-4.8412	-7.61737	-8.01523
473	4	7	10	4	1	7	1	-1.83456	-3.88658	-2.68231	-1.97411
474	2	1	21	3	2	1	5	-2.94255	-2.49181	-4.53194	-4.43184
475	2	4	1	2	2	1	5	-2.78459	-3.68691	-4.22522	-4.1198
476	1	4	2	2	6	3	17	-4.67859	-2.43894	-4.63954	-5.29502
477	4	7	10	4	1	7	1	-1.83456	-3.88658	-2.68231	-1.97411
478	10	2	107	62	120	76	1	-6.85334	-10.0603	-8.11638	-6.36772
479	2	1	12	3	2	1	5	-2.63508	-2.1178	-3.69615	-4.60894
480	2	1	5	3	2	3	5	-4.24827	-3.24789	-5.63243	-4.7671
481	2	1	21	3	2	1	5	-2.94255	-2.49181	-4.53194	-4.43184
482	1	2	3	4	5	9	3	-4.67812	-2.47643	-3.62859	-4.80461
483	1	307	3	4	5	9	3	-6.86258	-6.42293	-6.12061	-8.14519
484	7	2	5	2	10	3	6	-31.3692	-28.8697	-30.0558	-28.0022
485	1	2	3	4	5	9	3	-4.67812	-2.47643	-3.62859	-4.80461
486	33	39	30	82	104	173	68	-5.40832	-3.971	-6.75669	-7.19211
487	4	7	10	4	42	7	1	-6.57938	-8.46842	-5.62607	-4.70053
488	2	1	12	88	2	1	5	-3.96006	-3.43109	-5.92161	-5.26805
489	2	4	1	2	2	1	5	-2.78459	-3.68691	-4.22522	-4.1198
490	2	1	21	3	2	1	5	-2.94255	-2.49181	-4.53194	-4.43184
491	9	2	4	62	4	5	6	-3.72438	-5.29476	-5.92866	-6.55196
492	2	1	5	3	2	3	5	-4.24827	-3.24789	-5.63243	-4.7671
493	4	7	10	4	1	7	1	-1.83456	-3.88658	-2.68231	-1.97411
494	2	1	57	26	127	29	35	-6.89763	-9.93993	-6.16886	-8.31275
495	2	1	57	26	127	29	35	-6.89763	-9.93993	-6.16886	-8.31275
496	2	4	2	4	19	3	6	-5.80497	-10.2766	-10.1533	-8.89364
497	2	1	12	3	2	1	5	-2.63508	-2.1178	-3.69615	-4.60894
498	2	4	1	2	2	1	5	-2.78459	-3.68691	-4.22522	-4.1198
499	2	4	1	2	2	1	5	-2.78459	-3.68691	-4.22522	-4.1198
500	2	1	21	3	2	1	5	-2.94255	-2.49181	-4.53194	-4.43184
501	33	39	65	79	104	43	17	-4.60508	-9.08028	-8.95567	-7.70362
502	1	14	2	2	6	1	17	-9.24799	-6.42356	-7.87589	-6.3678
503	2	1	12	3	2	1	5	-2.63508	-2.1178	-3.69615	-4.60894
504	7	21	5	62	4	61	44	-7.47735	-3.818	-5.6923	-7.05569
505	9	2	4	62	4	5	6	-3.72438	-5.29476	-5.92866	-6.55196
506	129	66	30	82	189	47	17	-3.25379	-4.96772	-5.76318	-4.18485
507	2	1	21	3	2	1	5	-2.94255	-2.49181	-4.53194	-4.43184
508	47	2	4	2	6	5	17	-11.9835	-10.2138	-6.17756	-8.53737
509	2	4	1	2	7	1	5	-2.31326	-6.75676	-6.46315	-5.0902
510	33	38	30	82	104	325	36	-13.5237	-10.4788	-11.7113	-12.6553
511	1	4	2	2	6	3	17	-4.67859	-2.43894	-4.63954	-5.29502
512	1	4	2	2	6	3	17	-4.67859	-2.43894	-4.63954	-5.29502
513	2	4	1	2	2	1	5	-2.78459	-3.68691	-4.22522	-4.1198
514	4	7	10	4	1	7	1	-1.83456	-3.88658	-2.68231	-1.97411
515	33	283	44	82	189	44	17	-7.05627	-3.45843	-5.47051	-5.87403
516	8	10	149	2	11	12	6	-4.8933	-3.96687	-5.72269	-6.82688
517	2	1	21	3	62	1	5	-5.80225	-10.2649	-10.1516	-8.89544
518	10	1	16	19	10	5	7	-6.32961	-2.73388	-4.2162	-5.07183
519	180	194	2	68	19	231	147	-22.2825	-29.8722	-21.7701	-21.917
520	2	4	1	2	7	1	5	-2.31326	-6.75676	-6.46315	-5.0902
521	2	4	2	2	6	1	5	-6.10897	-4.82567	-5.96183	-7.54326
522	1	2	3	4	5	9	3	-4.67812	-2.47643	-3.62859	-4.80461
523	2	1	21	3	2	1	5	-2.94255	-2.49181	-4.53194	-4.43184
524	2	1	12	3	2	1	5	-2.63508	-2.1178	-3.69615	-4.60894
525	2	1	5	3	2	3	5	-4.24827	-3.24789	-5.63243	-4.7671
526	1	307	3	4	5	9	3	-6.86258	-6.42293	-6.12061	-8.14519
527	2	4	1	2	7	1	5	-2.31326	-6.75676	-6.46315	-5.0902
528	2	1	12	3	2	1	5	-2.63508	-2.1178	-3.69615	-4.60894
529	7	21	5	62	4	61	44	-7.47735	-3.818	-5.6923	-7.05569
530	2	1	5	3	2	3	5	-4.24827	-3.24789	-5.63243	-4.7671
531	2	1	12	88	2	1	5	-3.96006	-3.43109	-5.92161	-5.26805
532	2	1	21	3	2	1	5	-2.94255	-2.49181	-4.53194	-4.43184
533	1	4	2	2	6	3	17	-4.67859	-2.43894	-4.63954	-5.29502
534	2	4	1	2	7	1	5	-2.31326	-6.75676	-6.46315	-5.0902
535	47	2	4	2	6	5	17	-11.9835	-10.2138	-6.17756	-8.53737
536	1	4	2	2	6	3	17	-4.67859	-2.43894	-4.63954	-5.29502
537	1	2	3	4	5	9	3	-4.67812	-2.47643	-3.62859	-4.80461
538	2	4	1	2	2	1	5	-2.78459	-3.68691	-4.22522	-4.1198
539	4	7	10	4	42	7	1	-6.57938	-8.46842	-5.62607	-4.70053
540	2	4	1	9	2	1	5	-6.16635	-7.70638	-6.64916	-6.82195
541	2	1	12	3	2	1	5	-2.63508	-2.1178	-3.69615	-4.60894
542	1	4	2	9	6	3	17	-8.0639	-6.40752	-7.03595	-7.97183
543	1	2	3	4	922	9	3	-8.07486	-6.49703	-6.0533	-7.50889
544	4	7	10	4	1	7	1	-1.83456	-3.88658	-2.68231	-1.97411
545	2	1	5	3	2	3	5	-4.24827	-3.24789	-5.63243	-4.7671
546	2	4	1	2	7	1	5	-2.31326	-6.75676	-6.46315	-5.0902
547	4	7	10	4	1	7	1	-1.83456	-3.88658	-2.68231	-1.97411
548	2	4	1	2	2	1	5	-2.78459	-3.68691	-4.22522	-4.1198
549	2	1	21	3	2	1	5	-2.94255	-2.49181	-4.53194	-4.43184
550	4	7	10	4	1	7	1	-1.83456	-3.88658	-2.68231	-1.97411
551	1	4	2	2	6	3	17	-4.67859	-2.43894	-4.63954	-5.29502
552	2	1	5	3	2	5	5	-5.62635	-2.81969	-4.11428	-5.34902
553	2	1	12	3	2	1	5	-2.63508	-2.1178	-3.69615	-4.60894
554	4	936	10	4	1	7	1	-5.22614	-7.90422	-5.07781	-4.68102
555	180	194	2	68	19	231	147	-22.2825	-29.8722	-21.7701	-21.917
556	4	7	10	4	42	51	1	-2.936	-4.73227	-5.05209	-3.83638
557	4	7	10	4	42	25	1	-8.62724	-8.94142	-5.82191	-5.22048
558	2	1	21	3	2	1	5	-2.94255	-2.49181	-4.53194	-4.43184
559	2	1	5	3	2	3	5	-4.24827	-3.24789	-5.63243	-4.7671
560	2	1	5	3	2	3	5	-4.24827	-3.24789	-5.63243	-4.7671
561	4	7	10	4	42	51	1	-2.936	-4.73227	-5.05209	-3.83638
562	4	7	10	4	1	7	1	-1.83456	-3.88658	-2.68231	-1.97411
563	2	4	1	2	7	1	5	-2.31326	-6.75676	-6.46315	-5.0902
564	2	1	21	3	2	1	5	-2.94255	-2.49181	-4.53194	-4.43184
565	1	4	2	2	6	3	17	-4.67859	-2.43894	-4.63954	-5.29502
566	188	313	5	2	89	5	6	-39.3803	-37.3311	-38.023	-38.3717
567	2	1	21	3	2	1	5	-2.94255	-2.49181	-4.53194	-4.43184
568	2	1	1	3	2	1	5	-4.62962	-3.7858	-6.54318	-6.80987
569	2	1	5	3	2	3	5	-4.24827	-3.24789	-5.63243	-4.7671
570	2	4	1	2	2	1	5	-2.78459	-3.68691	-4.22522	-4.1198
571	2	1	5	3	2	3	5	-4.24827	-3.24789	-5.63243	-4.7671
572	2	1	1	3	2	1	5	-4.62962	-3.7858	-6.54318	-6.80987
573	2	1	5	3	2	3	5	-4.24827	-3.24789	-5.63243	-4.7671
574	1	4	2	2	6	3	17	-4.67859	-2.43894	-4.63954	-5.29502
575	1	4	2	2	6	3	17	-4.67859	-2.43894	-4.63954	-5.29502
576	2	1	21	3	2	1	5	-2.94255	-2.49181	-4.53194	-4.43184
577	239	27	16	19	10	5	7	-10.1279	-6.45716	-9.28613	-9.95153
578	2	4	5	2	2	5	5	-3.67928	-8.03477	-7.3957	-5.86903
579	9	2	4	62	4	5	6	-3.72438	-5.29476	-5.92866	-6.55196
580	2	1	1	3	2	1	5	-4.62962	-3.7858	-6.54318	-6.80987
581	2	1	5	3	2	3	5	-4.24827	-3.24789	-5.63243	-4.7671
582	1	4	2	2	6	3	17	-4.67859	-2.43894	-4.63954	-5.29502
583	2	4	5	2	2	5	5	-3.67928	-8.03477	-7.3957	-5.86903
584	2	4	5	2	2	5	5	-3.67928	-8.03477	-7.3957	-5.86903
585	2	1	5	3	2	3	5	-4.24827	-3.24789	-5.63243	-4.7671
586	2	1	1	380	2	1	5	-6.16753	-5.73848	-8.45489	-8.57937
587	2	7	10	4	1	7	1	-6.58121	-9.13716	-8.49064	-7.02285
588	2	1	12	3	2	1	5	-2.63508	-2.1178	-3.69615	-4.60894
589	2	4	1	2	2	1	5	-2.78459	-3.68691	-4.22522	-4.1198
590	9	2	4	62	4	5	6	-3.72438	-5.29476	-5.92866	-6.55196
591	2	4	5	2	2	5	5	-3.67928	-8.03477	-7.3957	-5.86903
592	1	4	2	2	6	3	17	-4.67859	-2.43894	-4.63954	-5.29502
593	1	4	2	2	6	5	17	-12.7964	-8.84488	-11.8333	-13.0285
594	2	4	2	2	6	1	5	-6.10897	-4.82567	-5.96183	-7.54326
595	1	4	2	2	6	5	17	-12.7964	-8.84488	-11.8333	-13.0285
596	2	23	21	3	2	1	5	-6.3403	-6.51638	-6.95792	-7.1382
597	7	21	5	62	4	61	44	-7.47735	-3.818	-5.6923	-7.05569
598	2	4	1	2	2	1	5	-2.78459	-3.68691	-4.22522	-4.1198
599	1	307	3	4	5	9	3	-6.86258	-6.42293	-6.12061	-8.14519
600	1	2	3	4	5	9	3	-4.67812	-2.47643	-3.62859	-4.80461
601	9	2	4	62	4	5	6	-3.72438	-5.29476	-5.92866	-6.55196
602	2	1	12	3	2	1	5	-2.63508	-2.1178	-3.69615	-4.60894
603	1	4	2	2	6	3	17	-4.67859	-2.43894	-4.63954	-5.29502
604	10	1	16	19	10	5	7	-6.32961	-2.73388	-4.2162	-5.07183
605	2	1	12	3	2	1	5	-2.63508	-2.1178	-3.69615	-4.60894
606	180	194	2	68	19	231	147	-22.2825	-29.8722	-21.7701	-21.917
607	2	1	12	3	2	1	5	-2.63508	-2.1178	-3.69615	-4.60894
608	4	7	10	4	1	7	1	-1.83456	-3.88658	-2.68231	-1.97411
609	129	66	30	82	189	47	17	-3.25379	-4.96772	-5.76318	-4.18485
610	4	7	10	4	1	7	1	-1.83456	-3.88658	-2.68231	-1.97411
611	2	1	12	3	2	1	5	-2.63508	-2.1178	-3.69615	-4.60894
612	2	1	21	3	2	1	5	-2.94255	-2.49181	-4.53194	-4.43184
613	4	7	10	4	1	7	1	-1.83456	-3.88658	-2.68231	-1.97411
614	10	1	16	19	10	5	7	-6.32961	-2.73388	-4.2162	-5.07183
615	8	10	149	2	11	12	6	-4.8933	-3.96687	-5.72269	-6.82688
616	129	66	30	82	189	47	17	-3.25379	-4.96772	-5.76318	-4.18485
617	2	4	1	2	2	1	5	-2.78459	-3.68691	-4.22522	-4.1198
618	180	194	2	68	19	231	147	-22.2825	-29.8722	-21.7701	-21.917
619	2	1	5	3	2	3	5	-4.24827	-3.24789	-5.63243	-4.7671
620	2	4	1	2	2	1	5	-2.78459	-3.68691	-4.22522	-4.1198
621	1	2	3	4	5	9	3	-4.67812	-2.47643	-3.62859	-4.80461
622	180	194	2	68	19	231	147	-22.2825	-29.8722	-21.7701	-21.917
623	33	39	65	79	104	43	17	-4.60508	-9.08028	-8.95567	-7.70362
624	2	4	5	2	2	5	5	-3.67928	-8.03477	-7.3957	-5.86903
625	2	1	5	3	2	5	5	-5.62635	-2.81969	-4.11428	-5.34902
626	2	1	12	3	2	1	5	-2.63508	-2.1178	-3.69615	-4.60894
627	180	194	2	68	19	231	147	-22.2825	-29.8722	-21.7701	-21.917
628	2	1	21	3	2	1	5	-2.94255	-2.49181	-4.53194	-4.43184
629	2	1	5	3	2	5	5	-5.62635	-2.81969	-4.11428	-5.34902
630	2	1	21	3	2	1	5	-2.94255	-2.49181	-4.53194	-4.43184
631	1	2	3	4	5	9	3	-4.67812	-2.47643	-3.62859	-4.80461
632	2	1	21	3	2	1	5	-2.94255	-2.49181	-4.53194	-4.43184
633	8	10	2	2	11	12	6	-3.96166	-8.30747	-8.30802	-7.05923
634	2	4	1	2	7	1	5	-2.31326	-6.75676	-6.46315	-5.0902
635	2	1	5	3	2	3	5	-4.24827	-3.24789	-5.63243	-4.7671
636	1	2	3	4	5	9	3	-4.67812	-2.47643	-3.62859	-4.80461
637	9	2	4	62	4	5	6	-3.72438	-5.29476	-5.92866	-6.55196
638	2	1	21	3	2	1	5	-2.94255	-2.49181	-4.53194	-4.43184
639	8	10	149	2	11	12	6	-4.8933	-3.96687	-5.72269	-6.82688
640	2	1	12	88	2	1	5	-3.96006	-3.43109	-5.92161	-5.26805
641	2	4	1	2	2	1	5	-2.78459	-3.68691	-4.22522	-4.1198
642	2	1	5	10	10	1	5	-23.4082	-23.7276	-23.6997	-23.016
643	1	2	3	4	5	9	3	-4.67812	-2.47643	-3.62859	-4.80461
644	2	4	1	2	7	1	5	-2.31326	-6.75676	-6.46315	-5.0902
645	2	4	1	2	2	1	5	-2.78459	-3.68691	-4.22522	-4.1198
646	1	2	3	4	5	9	3	-4.67812	-2.47643	-3.62859	-4.80461
647	2	1	12	88	2	1	5	-3.96006	-3.43109	-5.92161	-5.26805
648	4	7	10	4	1	7	1	-1.83456	-3.88658	-2.68231	-1.97411
649	2	1	21	3	2	1	5	-2.94255	-2.49181	-4.53194	-4.43184
650	2	4	1	2	7	1	5	-2.31326	-6.75676	-6.46315	-5.0902
651	33	38	30	82	118	43	17	-20.0187	-20.013	-22.1441	-21.2507
652	2	4	1	2	2	1	5	-2.78459	-3.68691	-4.22522	-4.1198
653	2	1	5	3	2	3	5	-4.24827	-3.24789	-5.63243	-4.7671
654	4	7	10	4	1	7	1	-1.83456	-3.88658	-2.68231	-1.97411
655	8	10	2	2	11	12	6	-3.96166	-8.30747	-8.30802	-7.05923
656	2	4	5	2	2	5	5	-3.67928	-8.03477	-7.3957	-5.86903
657	4	7	10	4	1	7	1	-1.83456	-3.88658	-2.68231	-1.97411
658	2	1	5	3	2	3	5	-4.24827	-3.24789	-5.63243	-4.7671
659	33	39	30	82	113	47	17	-5.78228	-5.75266	-8.40283	-8.37276
660	2	1	21	3	2	1	5	-2.94255	-2.49181	-4.53194	-4.43184
661	2	4	1	2	7	1	5	-2.31326	-6.75676	-6.46315	-5.0902
662	2	1	1	3	2	1	5	-4.62962	-3.7858	-6.54318	-6.80987
663	4	7	10	4	1	7	1	-1.83456	-3.88658	-2.68231	-1.97411
664	7	21	5	62	4	61	44	-7.47735	-3.818	-5.6923	-7.05569
665	10	81	50	99	120	76	52	-6.71028	-6.3532	-5.27935	-5.20912
666	4	7	10	4	1	7	1	-1.83456	-3.88658	-2.68231	-1.97411
667	1	2	3	4	5	9	3	-4.67812	-2.47643	-3.62859	-4.80461
668	1	2	3	4	5	9	3	-4.67812	-2.47643	-3.62859	-4.80461
669	2	4	1	2	7	1	5	-2.31326	-6.75676	-6.46315	-5.0902
670	4	7	10	4	1	7	1	-1.83456	-3.88658	-2.68231	-1.97411
671	2	1	5	3	2	3	5	-4.24827	-3.24789	-5.63243	-4.7671
672	1	4	2	2	6	3	17	-4.67859	-2.43894	-4.63954	-5.29502
673	4	935	10	4	1	7	1	-5.22614	-7.90422	-5.07781	-4.68102
674	10	1	16	19	10	5	7	-6.32961	-2.73388	-4.2162	-5.07183
675	4	7	10	4	1	7	1	-1.83456	-3.88658	-2.68231	-1.97411
676	33	39	65	79	104	43	17	-4.60508	-9.08028	-8.95567	-7.70362
677	2	4	2	2	6	1	5	-6.10897	-4.82567	-5.96183	-7.54326
678	4	7	10	4	42	25	1	-8.62724	-8.94142	-5.82191	-5.22048
679	1	4	2	2	6	3	17	-4.67859	-2.43894	-4.63954	-5.29502
680	4	7	10	4	42	25	1	-8.62724	-8.94142	-5.82191	-5.22048
681	4	7	10	4	42	25	1	-8.62724	-8.94142	-5.82191	-5.22048
682	4	7	10	4	1	7	1	-1.83456	-3.88658	-2.68231	-1.97411
683	2	4	1	2	7	1	5	-2.31326	-6.75676	-6.46315	-5.0902
684	4	7	10	4	1	7	1	-1.83456	-3.88658	-2.68231	-1.97411
685	4	7	10	4	42	7	1	-6.57938	-8.46842	-5.62607	-4.70053
686	10	27	16	19	10	5	7	-20.4161	-12.917	-16.4365	-16.7353
687	10	81	50	99	120	76	52	-6.71028	-6.3532	-5.27935	-5.20912
688	4	7	10	4	1	7	1	-1.83456	-3.88658	-2.68231	-1.97411
689	4	7	10	4	42	51	1	-2.936	-4.73227	-5.05209	-3.83638
690	4	7	10	4	1	7	1	-1.83456	-3.88658	-2.68231	-1.97411
691	10	81	50	99	120	76	52	-6.71028	-6.3532	-5.27935	-5.20912
692	2	4	1	2	2	1	5	-2.78459	-3.68691	-4.22522	-4.1198
693	4	7	10	4	42	51	1	-2.936	-4.73227	-5.05209	-3.83638
694	4	7	10	4	42	51	1	-2.936	-4.73227	-5.05209	-3.83638
695	4	7	10	4	42	51	1	-2.936	-4.73227	-5.05209	-3.83638
696	8	10	2	2	11	12	6	-3.96166	-8.30747	-8.30802	-7.05923
697	33	38	30	82	104	43	17	-5.29808	-9.77191	-9.64714	-8.39159
698	4	7	10	4	1	7	1	-1.83456	-3.88658	-2.68231	-1.97411
699	10	81	50	99	120	76	52	-6.71028	-6.3532	-5.27935	-5.20912
700	2	4	1	2	7	1	5	-2.31326	-6.75676	-6.46315	-5.0902
701	4	7	10	4	1	7	1	-1.83456	-3.88658	-2.68231	-1.97411
702	4	7	10	4	1	7	1	-1.83456	-3.88658	-2.68231	-1.97411
703	10	81	50	99	120	76	52	-6.71028	-6.3532	-5.27935	-5.20912
704	4	7	10	4	42	51	1	-2.936	-4.73227	-5.05209	-3.83638
705	9	2	4	62	4	5	6	-3.72438	-5.29476	-5.92866	-6.55196
706	4	7	10	4	1	7	1	-1.83456	-3.88658	-2.68231	-1.97411
707	2	1	1	3	2	1	5	-4.62962	-3.7858	-6.54318	-6.80987
708	1	14	2	2	6	1	17	-9.24799	-6.42356	-7.87589	-6.3678
709	2	4	2	2	6	1	5	-6.10897	-4.82567	-5.96183	-7.54326
710	2	4	2	2	6	1	5	-6.10897	-4.82567	-5.96183	-7.54326
711	4	7	10	4	42	51	1	-2.936	-4.73227	-5.05209	-3.83638
712	10	2	107	62	120	76	1	-6.85334	-10.0603	-8.11638	-6.36772
713	2	1	12	3	2	1	5	-2.63508	-2.1178	-3.69615	-4.60894
714	2	4	1	2	2	1	5	-2.78459	-3.68691	-4.22522	-4.1198
715	47	2	4	2	6	5	17	-11.9835	-10.2138	-6.17756	-8.53737
716	4	7	10	4	42	5	1	-11.0256	-11.0988	-11.5439	-11.0649
717	2	1	12	3	2	1	5	-2.63508	-2.1178	-3.69615	-4.60894
718	4	7	10	4	42	51	1	-2.936	-4.73227	-5.05209	-3.83638
719	1	307	3	4	5	9	3	-6.86258	-6.42293	-6.12061	-8.14519
720	2	1	21	3	2	1	5	-2.94255	-2.49181	-4.53194	-4.43184
721	4	7	10	4	1	7	1	-1.83456	-3.88658	-2.68231	-1.97411
722	2	4	1	2	2	1	5	-2.78459	-3.68691	-4.22522	-4.1198
723	2	1	12	3	2	1	5	-2.63508	-2.1178	-3.69615	-4.60894
724	4	7	10	4	1	7	1	-1.83456	-3.88658	-2.68231	-1.97411
725	2	1	21	3	2	1	5	-2.94255	-2.49181	-4.53194	-4.43184
726	2	1	1	3	2	1	5	-4.62962	-3.7858	-6.54318	-6.80987
727	4	7	10	4	1	7	1	-1.83456	-3.88658	-2.68231	-1.97411
728	2	1	12	3	2	1	5	-2.63508	-2.1178	-3.69615	-4.60894
729	1	4	3	2	6	3	17	-14.5204	-9.32489	-12.0779	-13.4765
730	2	1	12	3	2	1	5	-2.63508	-2.1178	-3.69615	-4.60894
731	2	1	12	88	2	1	5	-3.96006	-3.43109	-5.92161	-5.26805
732	1	4	2	2	6	3	17	-4.67859	-2.43894	-4.63954	-5.29502
733	4	7	10	4	42	51	1	-2.936	-4.73227	-5.05209	-3.83638
734	2	1	12	3	2	1	5	-2.63508	-2.1178	-3.69615	-4.60894
735	4	7	10	4	1	7	1	-1.83456	-3.88658	-2.68231	-1.97411
736	2	1	12	88	2	1	5	-3.96006	-3.43109	-5.92161	-5.26805
737	2	1	21	3	2	1	5	-2.94255	-2.49181	-4.53194	-4.43184
738	2	4	5	2	2	5	5	-3.67928	-8.03477	-7.3957	-5.86903
739	2	4	5	2	2	5	5	-3.67928	-8.03477	-7.3957	-5.86903
740	2	1	21	3	62	1	5	-5.80225	-10.2649	-10.1516	-8.89544
741	4	7	10	4	42	25	1	-8.62724	-8.94142	-5.82191	-5.22048
742	1	2	4	62	4	5	17	-6.11923	-4.8412	-7.61737	-8.01523
743	1	2	3	4	5	9	3	-4.67812	-2.47643	-3.62859	-4.80461
744	8	10	2	2	11	12	6	-3.96166	-8.30747	-8.30802	-7.05923
745	2	1	12	88	2	1	5	-3.96006	-3.43109	-5.92161	-5.26805
746	2	4	5	2	2	5	5	-3.67928	-8.03477	-7.3957	-5.86903
747	2	1	12	3	2	1	5	-2.63508	-2.1178	-3.69615	-4.60894
748	7	21	5	62	4	61	44	-7.47735	-3.818	-5.6923	-7.05569
749	9	2	4	62	4	5	6	-3.72438	-5.29476	-5.92866	-6.55196
750	10	1	16	19	10	5	7	-6.32961	-2.73388	-4.2162	-5.07183
751	10	1	16	19	10	5	7	-6.32961	-2.73388	-4.2162	-5.07183
752	8	10	2	2	11	12	6	-3.96166	-8.30747	-8.30802	-7.05923
753	1	4	2	2	6	3	17	-4.67859	-2.43894	-4.63954	-5.29502
754	2	1	12	3	2	1	5	-2.63508	-2.1178	-3.69615	-4.60894
755	2	1	12	88	2	1	5	-3.96006	-3.43109	-5.92161	-5.26805
756	2	29	4	27	10	25	57	-19.6978	-20.565	-14.9571	-11.9241
757	2	1	5	3	2	3	5	-4.24827	-3.24789	-5.63243	-4.7671
758	2	1	12	3	2	1	5	-2.63508	-2.1178	-3.69615	-4.60894
759	37	52	57	26	107	29	23	-8.37881	-8.73104	-5.73866	-4.96737
760	2	4	1	2	7	1	5	-2.31326	-6.75676	-6.46315	-5.0902
761	1	2	3	4	5	9	3	-4.67812	-2.47643	-3.62859	-4.80461
762	2	1	12	3	2	1	5	-2.63508	-2.1178	-3.69615	-4.60894
763	1	4	2	2	6	3	17	-4.67859	-2.43894	-4.63954	-5.29502
764	1	4	2	2	6	3	17	-4.67859	-2.43894	-4.63954	-5.29502
765	1	2	3	4	5	9	3	-4.67812	-2.47643	-3.62859	-4.80461
766	4	7	10	4	1	7	1	-1.83456	-3.88658	-2.68231	-1.97411
767	2	1	21	3	2	1	5	-2.94255	-2.49181	-4.53194	-4.43184
768	2	1	12	3	2	1	5	-2.63508	-2.1178	-3.69615	-4.60894
769	2	4	1	2	2	5	5	-6.82222	-6.4096	-9.04868	-9.18224
770	2	4	1	2	2	1	5	-2.78459	-3.68691	-4.22522	-4.1198
771	2	4	5	2	2	5	5	-3.67928	-8.03477	-7.3957	-5.86903
772	10	1	16	19	10	5	7	-6.32961	-2.73388	-4.2162	-5.07183
773	7	21	5	62	4	61	44	-7.47735	-3.818	-5.6923	-7.05569
774	9	2	4	62	4	5	6	-3.72438	-5.29476	-5.92866	-6.55196
775	2	1	12	3	2	1	5	-2.63508	-2.1178	-3.69615	-4.60894
776	1	4	2	2	6	3	17	-4.67859	-2.43894	-4.63954	-5.29502
777	4	7	10	4	1	7	1	-1.83456	-3.88658	-2.68231	-1.97411
778	2	1	12	3	2	1	5	-2.63508	-2.1178	-3.69615	-4.60894
779	2	1	5	3	2	5	5	-5.62635	-2.81969	-4.11428	-5.34902
780	2	23	21	3	2	1	5	-6.3403	-6.51638	-6.95792	-7.1382
781	2	4	5	2	2	5	5	-3.67928	-8.03477	-7.3957	-5.86903
782	2	4	2	2	6	1	5	-6.10897	-4.82567	-5.96183	-7.54326
783	2	1	12	3	2	1	5	-2.63508	-2.1178	-3.69615	-4.60894
784	4	7	10	4	42	51	1	-2.936	-4.73227	-5.05209	-3.83638
785	7	17	5	2	86	232	1	-27.5478	-33.1042	-27.8425	-25.3743
786	2	4	1	2	2	1	5	-2.78459	-3.68691	-4.22522	-4.1198
787	2	1	12	3	2	1	5	-2.63508	-2.1178	-3.69615	-4.60894
788	2	1	21	3	2	1	5	-2.94255	-2.49181	-4.53194	-4.43184
789	7	17	2	15	23	3	12	-6.90847	-11.383	-11.2588	-10.0062
790	2	1	5	3	2	5	5	-5.62635	-2.81969	-4.11428	-5.34902
791	1	6	60	24	12	28	1	-27.2563	-30.4521	-18.7407	-19.6829
792	1	2	3	4	5	9	3	-4.67812	-2.47643	-3.62859	-4.80461
793	2	4	5	2	2	5	5	-3.67928	-8.03477	-7.3957	-5.86903
794	1	2	3	4	5	9	3	-4.67812	-2.47643	-3.62859	-4.80461
795	1	6	60	24	12	28	1	-27.2563	-30.4521	-18.7407	-19.6829
796	9	2	4	62	4	5	6	-3.72438	-5.29476	-5.92866	-6.55196
797	2	4	1	2	2	1	5	-2.78459	-3.68691	-4.22522	-4.1198
798	4	7	10	4	1	7	1	-1.83456	-3.88658	-2.68231	-1.97411
799	2	4	5	2	2	5	5	-3.67928	-8.03477	-7.3957	-5.86903
800	7	2	2	2	11	12	6	-4.50829	-8.98294	-8.85892	-7.60577
801	2	1	21	3	2	1	941	-6.34057	-6.49693	-6.94918	-7.13379
802	9	2	2	10	10	3	5	-29.8291	-25.5566	-27.0337	-24.7499
803	8	10	149	2	11	12	6	-4.8933	-3.96687	-5.72269	-6.82688
804	7	1	5	2	10	3	6	-32.3556	-29.8738	-30.9347	-28.276
805	2	1	21	3	2	1	5	-2.94255	-2.49181	-4.53194	-4.43184
806	33	39	30	82	113	43	17	-9.87683	-6.43171	-6.13653	-8.3216
807	1	6	60	24	12	28	1	-27.2563	-30.4521	-18.7407	-19.6829
808	1	6	60	24	12	28	1	-27.2563	-30.4521	-18.7407	-19.6829
809	7	17	2	15	23	3	12	-6.90847	-11.383	-11.2588	-10.0062
810	1	4	2	2	6	3	17	-4.67859	-2.43894	-4.63954	-5.29502
811	1	4	2	2	6	3	17	-4.67859	-2.43894	-4.63954	-5.29502
812	7	21	5	62	4	61	44	-7.47735	-3.818	-5.6923	-7.05569
813	239	27	16	19	10	5	7	-10.1279	-6.45716	-9.28613	-9.95153
814	9	2	4	62	4	5	6	-3.72438	-5.29476	-5.92866	-6.55196
815	10	1	16	19	10	5	7	-6.32961	-2.73388	-4.2162	-5.07183
816	2	1	5	3	2	5	5	-5.62635	-2.81969	-4.11428	-5.34902
817	2	4	5	2	2	5	5	-3.67928	-8.03477	-7.3957	-5.86903
818	8	10	2	2	11	12	6	-3.96166	-8.30747	-8.30802	-7.05923
819	7	17	2	15	23	3	12	-6.90847	-11.383	-11.2588	-10.0062
820	2	4	1	4	1	1	5	-15.4818	-18.4412	-16.4338	-14.6126
821	4	7	10	4	1	7	1	-1.83456	-3.88658	-2.68231	-1.97411
822	8	10	149	2	11	12	6	-4.8933	-3.96687	-5.72269	-6.82688
823	2	1	12	88	2	1	5	-3.96006	-3.43109	-5.92161	-5.26805
824	2	4	2	2	6	1	5	-6.10897	-4.82567	-5.96183	-7.54326
825	10	81	50	99	120	76	52	-6.71028	-6.3532	-5.27935	-5.20912
826	2	4	5	2	2	5	5	-3.67928	-8.03477	-7.3957	-5.86903
827	2	4	1	2	2	5	5	-6.82222	-6.4096	-9.04868	-9.18224
828	8	10	149	2	11	12	6	-4.8933	-3.96687	-5.72269	-6.82688
829	1	4	2	2	6	3	17	-4.67859	-2.43894	-4.63954	-5.29502
830	2	165	73	147	220	190	104	-8.69205	-9.26931	-7.0631	-5.29667
831	4	7	10	4	42	25	1	-8.62724	-8.94142	-5.82191	-5.22048
832	7	2	2	2	11	12	6	-4.50829	-8.98294	-8.85892	-7.60577
833	1	6	60	24	12	28	1	-27.2563	-30.4521	-18.7407	-19.6829
834	2	1	12	3	2	1	5	-2.63508	-2.1178	-3.69615	-4.60894
835	33	39	65	79	104	77	17	-5.29801	-9.77282	-9.64891	-8.3966
836	4	7	10	4	1	7	1	-1.83456	-3.88658	-2.68231	-1.97411
837	1	2	3	4	5	9	3	-4.67812	-2.47643	-3.62859	-4.80461
838	2	1	21	3	2	1	5	-2.94255	-2.49181	-4.53194	-4.43184
839	2	1	12	3	2	1	5	-2.63508	-2.1178	-3.69615	-4.60894
840	4	7	10	4	1	7	1	-1.83456	-3.88658	-2.68231	-1.97411
841	2	4	1	2	7	1	5	-2.31326	-6.75676	-6.46315	-5.0902
842	184	39	30	82	113	43	17	-3.96088	-6.3283	-7.99295	-7.00698
843	4	7	10	4	1	7	1	-1.83456	-3.88658	-2.68231	-1.97411
844	2	4	1	2	2	1	5	-2.78459	-3.68691	-4.22522	-4.1198
845	4	7	10	4	1	7	1	-1.83456	-3.88658	-2.68231	-1.97411
846	2	1	12	88	2	1	5	-3.96006	-3.43109	-5.92161	-5.26805
847	2	1	21	3	2	1	5	-2.94255	-2.49181	-4.53194	-4.43184
848	1	2	3	4	5	9	3	-4.67812	-2.47643	-3.62859	-4.80461
849	4	7	10	4	1	7	1	-1.83456	-3.88658	-2.68231	-1.97411
850	2	1	21	3	2	1	5	-2.94255	-2.49181	-4.53194	-4.43184
851	8	10	2	2	11	12	6	-3.96166	-8.30747	-8.30802	-7.05923
852	2	4	1	2	2	1	5	-2.78459	-3.68691	-4.22522	-4.1198
853	2	4	1	2	2	1	5	-2.78459	-3.68691	-4.22522	-4.1198
854	2	4	2	2	6	1	5	-6.10897	-4.82567	-5.96183	-7.54326
855	2	4	1	2	2	1	5	-2.78459	-3.68691	-4.22522	-4.1198
856	2	4	1	2	2	1	5	-2.78459	-3.68691	-4.22522	-4.1198
857	2	4	1	2	2	1	5	-2.78459	-3.68691	-4.22522	-4.1198
858	1	2	3	4	5	9	3	-4.67812	-2.47643	-3.62859	-4.80461
859	2	4	1	2	2	1	5	-2.78459	-3.68691	-4.22522	-4.1198
860	2	4	1	2	2	1	5	-2.78459	-3.68691	-4.22522	-4.1198
861	8	10	2	2	11	12	6	-3.96166	-8.30747	-8.30802	-7.05923
862	2	1	5	3	2	3	5	-4.24827	-3.24789	-5.63243	-4.7671
863	33	39	30	82	104	173	68	-5.40832	-3.971	-6.75669	-7.19211
864	2	4	1	2	7	1	5	-2.31326	-6.75676	-6.46315	-5.0902
865	8	10	2	2	11	12	6	-3.96166	-8.30747	-8.30802	-7.05923
866	2	4	1	2	7	1	5	-2.31326	-6.75676	-6.46315	-5.0902
867	1	2	3	4	5	9	3	-4.67812	-2.47643	-3.62859	-4.80461
868	1	2	215	4	90	24	8	-28.1486	-27.5918	-21.1688	-20.9401
869	2	1	1	3	2	1	5	-4.62962	-3.7858	-6.54318	-6.80987
870	10	81	50	99	120	76	52	-6.71028	-6.3532	-5.27935	-5.20912
871	2	4	1	2	7	1	5	-2.31326	-6.75676	-6.46315	-5.0902
872	2	1	12	3	2	1	5	-2.63508	-2.1178	-3.69615	-4.60894
873	2	4	1	2	2	1	5	-2.78459	-3.68691	-4.22522	-4.1198
874	2	4	1	2	2	1	5	-2.78459	-3.68691	-4.22522	-4.1198
875	2	4	1	2	2	1	5	-2.78459	-3.68691	-4.22522	-4.1198
876	2	1	5	3	2	3	5	-4.24827	-3.24789	-5.63243	-4.7671
877	2	4	1	2	2	1	5	-2.78459	-3.68691	-4.22522	-4.1198
878	4	7	10	4	1	7	1	-1.83456	-3.88658	-2.68231	-1.97411
879	2	4	1	2	7	1	5	-2.31326	-6.75676	-6.46315	-5.0902
880	2	4	5	2	2	5	5	-3.67928	-8.03477	-7.3957	-5.86903
881	2	4	1	2	2	1	5	-2.78459	-3.68691	-4.22522	-4.1198
882	8	10	2	2	11	12	6	-3.96166	-8.30747	-8.30802	-7.05923
883	4	7	10	4	1	7	1	-1.83456	-3.88658	-2.68231	-1.97411
884	2	4	1	2	2	1	5	-2.78459	-3.68691	-4.22522	-4.1198
885	166	2	1	10	17	3	1	-33.1608	-36.275	-31.8698	-29.1671
886	2	4	1	2	7	1	5	-2.31326	-6.75676	-6.46315	-5.0902
887	2	4	1	2	2	1	5	-2.78459	-3.68691	-4.22522	-4.1198
888	4	7	10	4	1	7	1	-1.83456	-3.88658	-2.68231	-1.97411
889	4	7	10	4	1	7	1	-1.83456	-3.88658	-2.68231	-1.97411
890	2	4	1	2	7	1	5	-2.31326	-6.75676	-6.46315	-5.0902
891	2	4	1	2	2	1	5	-2.78459	-3.68691	-4.22522	-4.1198
892	2	1	5	3	2	3	5	-4.24827	-3.24789	-5.63243	-4.7671
893	9	25	2	10	22	3	6	-4.4749	-7.96909	-6.1486	-4.41041
894	2	1	21	3	62	1	5	-5.80225	-10.2649	-10.1516	-8.89544
895	129	66	30	82	189	47	17	-3.25379	-4.96772	-5.76318	-4.18485
896	129	66	30	82	189	47	17	-3.25379	-4.96772	-5.76318	-4.18485
897	4	7	10	4	1	7	1	-1.83456	-3.88658	-2.68231	-1.97411
898	2	4	1	2	2	1	5	-2.78459	-3.68691	-4.22522	-4.1198
899	4	7	10	4	42	7	1	-6.57938	-8.46842	-5.62607	-4.70053
900	2	4	1	2	7	1	5	-2.31326	-6.75676	-6.46315	-5.0902
901	1	307	3	4	5	9	3	-6.86258	-6.42293	-6.12061	-8.14519
902	2	1	21	3	2	1	5	-2.94255	-2.49181	-4.53194	-4.43184
903	4	7	10	4	1	7	1	-1.83456	-3.88658	-2.68231	-1.97411
904	2	1	21	3	2	1	5	-2.94255	-2.49181	-4.53194	-4.43184
905	2	4	1	2	2	5	5	-6.82222	-6.4096	-9.04868	-9.18224
906	2	4	1	2	7	1	5	-2.31326	-6.75676	-6.46315	-5.0902
907	2	4	1	2	7	1	5	-2.31326	-6.75676	-6.46315	-5.0902
908	2	4	1	2	7	1	5	-2.31326	-6.75676	-6.46315	-5.0902
909	4	7	10	4	1	7	1	-1.83456	-3.88658	-2.68231	-1.97411
910	8	10	2	2	11	12	6	-3.96166	-8.30747	-8.30802	-7.05923
911	7	21	5	62	4	61	44	-7.47735	-3.818	-5.6923	-7.05569
912	2	1	12	88	2	1	5	-3.96006	-3.43109	-5.92161	-5.26805
913	2	4	1	2	2	1	5	-2.78459	-3.68691	-4.22522	-4.1198
914	1	2	3	4	5	9	3	-4.67812	-2.47643	-3.62859	-4.80461
915	2	4	1	2	7	1	5	-2.31326	-6.75676	-6.46315	-5.0902
916	2	4	1	2	2	1	5	-2.78459	-3.68691	-4.22522	-4.1198
917	2	4	1	2	2	1	5	-2.78459	-3.68691	-4.22522	-4.1198
918	2	4	1	2	7	1	5	-2.31326	-6.75676	-6.46315	-5.0902
919	4	7	10	4	1	7	1	-1.83456	-3.88658	-2.68231	-1.97411
920	2	1	5	3	2	3	5	-4.24827	-3.24789	-5.63243	-4.7671
921	2	4	1	2	7	1	5	-2.31326	-6.75676	-6.46315	-5.0902
922	2	4	1	2	2	1	5	-2.78459	-3.68691	-4.22522	-4.1198
923	8	10	2	2	11	12	6	-3.96166	-8.30747	-8.30802	-7.05923
924	2	1	12	3	2	1	5	-2.63508	-2.1178	-3.69615	-4.60894
925	48	7	10	4	183	7	1	-8.53762	-11.8363	-7.4789	-7.32328
926	7	21	5	62	4	61	44	-7.47735	-3.818	-5.6923	-7.05569
927	4	7	10	4	1	7	1	-1.83456	-3.88658	-2.68231	-1.97411
928	9	25	2	10	22	3	6	-4.4749	-7.96909	-6.1486	-4.41041
929	2	4	1	2	2	1	5	-2.78459	-3.68691	-4.22522	-4.1198
930	2	4	1	2	7	1	5	-2.31326	-6.75676	-6.46315	-5.0902
931	2	4	1	2	2	1	5	-2.78459	-3.68691	-4.22522	-4.1198
932	2	4	1	2	2	1	5	-2.78459	-3.68691	-4.22522	-4.1198
933	9	25	2	10	22	3	6	-4.4749	-7.96909	-6.1486	-4.41041
934	2	4	1	2	2	1	5	-2.78459	-3.68691	-4.22522	-4.1198
935	2	4	1	2	2	1	5	-2.78459	-3.68691	-4.22522	-4.1198
936	2	4	1	2	7	1	5	-2.31326	-6.75676	-6.46315	-5.0902
937	2	4	1	2	7	1	5	-2.31326	-6.75676	-6.46315	-5.0902
938	2	4	1	2	2	1	5	-2.78459	-3.68691	-4.22522	-4.1198
939	2	4	1	2	2	1	5	-2.78459	-3.68691	-4.22522	-4.1198
940	4	7	10	4	1	7	1	-1.83456	-3.88658	-2.68231	-1.97411
941	2	4	1	2	2	1	5	-2.78459	-3.68691	-4.22522	-4.1198
942	4	7	10	4	1	7	1	-1.83456	-3.88658	-2.68231	-1.97411
943	2	4	1	2	7	1	5	-2.31326	-6.75676	-6.46315	-5.0902
944	2	4	1	2	2	1	5	-2.78459	-3.68691	-4.22522	-4.1198
945	4	7	10	4	1	7	1	-1.83456	-3.88658	-2.68231	-1.97411
946	9	25	2	10	22	3	6	-4.4749	-7.96909	-6.1486	-4.41041
947	10	81	50	99	120	76	52	-6.71028	-6.3532	-5.27935	-5.20912
948	2	1	21	3	2	1	5	-2.94255	-2.49181	-4.53194	-4.43184
949	4	7	10	4	1	7	1	-1.83456	-3.88658	-2.68231	-1.97411
950	2	4	1	2	7	1	5	-2.31326	-6.75676	-6.46315	-5.0902
951	4	7	10	4	1	7	1	-1.83456	-3.88658	-2.68231	-1.97411
952	4	7	10	4	1	7	1	-1.83456	-3.88658	-2.68231	-1.97411
953	8	315	2	2	11	12	6	-7.35841	-12.3272	-10.7322	-9.76299
954	8	10	2	2	11	12	6	-3.96166	-8.30747	-8.30802	-7.05923
955	2	4	1	2	2	1	5	-2.78459	-3.68691	-4.22522	-4.1198
956	4	7	10	4	1	7	1	-1.83456	-3.88658	-2.68231	-1.97411
957	2	4	1	2	2	1	5	-2.78459	-3.68691	-4.22522	-4.1198
958	2	4	1	2	2	1	5	-2.78459	-3.68691	-4.22522	-4.1198
959	2	4	1	2	2	1	5	-2.78459	-3.68691	-4.22522	-4.1198
960	2	4	1	2	7	1	5	-2.31326	-6.75676	-6.46315	-5.0902
961	2	4	1	2	2	1	5	-2.78459	-3.68691	-4.22522	-4.1198
962	2	4	1	2	2	1	5	-2.78459	-3.68691	-4.22522	-4.1198
963	2	1	21	3	2	1	5	-2.94255	-2.49181	-4.53194	-4.43184
964	2	4	1	2	2	1	5	-2.78459	-3.68691	-4.22522	-4.1198
965	1	4	2	2	2	3	17	-11.1834	-7.80554	-11.0168	-11.5974
966	2	4	1	2	2	1	5	-2.78459	-3.68691	-4.22522	-4.1198
967	2	4	1	2	2	1	5	-2.78459	-3.68691	-4.22522	-4.1198
968	7	21	5	62	4	61	44	-7.47735	-3.818	-5.6923	-7.05569
969	2	4	1	2	2	1	5	-2.78459	-3.68691	-4.22522	-4.1198
970	4	7	10	4	1	7	1	-1.83456	-3.88658	-2.68231	-1.97411
971	2	4	1	2	2	1	5	-2.78459	-3.68691	-4.22522	-4.1198
972	10	1	16	19	10	5	7	-6.32961	-2.73388	-4.2162	-5.07183
973	8	10	2	2	11	12	6	-3.96166	-8.30747	-8.30802	-7.05923
974	4	7	10	4	1	7	1	-1.83456	-3.88658	-2.68231	-1.97411
975	2	4	2	2	6	1	5	-6.10897	-4.82567	-5.96183	-7.54326
976	2	4	1	2	2	1	5	-2.78459	-3.68691	-4.22522	-4.1198
977	2	4	1	2	2	1	5	-2.78459	-3.68691	-4.22522	-4.1198
978	2	1	12	3	2	1	5	-2.63508	-2.1178	-3.69615	-4.60894
979	2	1	21	3	2	1	5	-2.94255	-2.49181	-4.53194	-4.43184
980	1	4	2	2	6	3	17	-4.67859	-2.43894	-4.63954	-5.29502
981	9	2	4	62	4	5	6	-3.72438	-5.29476	-5.92866	-6.55196
982	9	2	4	62	4	5	6	-3.72438	-5.29476	-5.92866	-6.55196
983	2	4	1	2	2	1	5	-2.78459	-3.68691	-4.22522	-4.1198
984	9	25	2	10	22	3	6	-4.4749	-7.96909	-6.1486	-4.41041
985	2	1	12	3	2	1	5	-2.63508	-2.1178	-3.69615	-4.60894
986	2	4	1	2	2	1	5	-2.78459	-3.68691	-4.22522	-4.1198
987	2	4	1	2	2	1	5	-2.78459	-3.68691	-4.22522	-4.1198
988	2	4	1	2	2	1	5	-2.78459	-3.68691	-4.22522	-4.1198
989	1	4	2	2	6	3	17	-4.67859	-2.43894	-4.63954	-5.29502
990	1	4	2	2	6	3	17	-4.67859	-2.43894	-4.63954	-5.29502
991	9	25	2	10	22	3	6	-4.4749	-7.96909	-6.1486	-4.41041
992	1	4	2	2	6	3	17	-4.67859	-2.43894	-4.63954	-5.29502
993	2	4	1	2	2	1	5	-2.78459	-3.68691	-4.22522	-4.1198
994	2	4	1	2	2	1	5	-2.78459	-3.68691	-4.22522	-4.1198
995	8	10	2	2	11	12	6	-3.96166	-8.30747	-8.30802	-7.05923
996	2	4	1	2	2	1	5	-2.78459	-3.68691	-4.22522	-4.1198
997	2	1	5	3	2	5	5	-5.62635	-2.81969	-4.11428	-5.34902
998	8	10	2	2	11	12	6	-3.96166	-8.30747	-8.30802	-7.05923
999	2	4	1	2	2	1	5	-2.78459	-3.68691	-4.22522	-4.1198
1000	2	4	1	2	2	1	5	-2.78459	-3.68691	-4.22522	-4.1198
1001	2	1	21	3	2	1	5	-2.94255	-2.49181	-4.53194	-4.43184
1002	1	2	4	62	4	5	17	-6.11923	-4.8412	-7.61737	-8.01523
1003	2	1	12	3	2	1	5	-2.63508	-2.1178	-3.69615	-4.60894
1004	2	4	1	2	7	1	5	-2.31326	-6.75676	-6.46315	-5.0902
1005	1	307	3	4	5	9	3	-6.86258	-6.42293	-6.12061	-8.14519
1006	2	4	2	4	19	3	6	-5.80497	-10.2766	-10.1533	-8.89364
1007	2	4	1	2	2	1	5	-2.78459	-3.68691	-4.22522	-4.1198
1008	1	4	2	2	6	3	17	-4.67859	-2.43894	-4.63954	-5.29502
1009	9	25	2	10	22	3	6	-4.4749	-7.96909	-6.1486	-4.41041
1010	4	7	10	4	1	7	1	-1.83456	-3.88658	-2.68231	-1.97411
1011	2	4	1	2	2	1	5	-2.78459	-3.68691	-4.22522	-4.1198
1012	10	1	16	19	10	5	7	-6.32961	-2.73388	-4.2162	-5.07183
1013	2	1	21	3	2	1	5	-2.94255	-2.49181	-4.53194	-4.43184
1014	4	7	10	4	1	7	1	-1.83456	-3.88658	-2.68231	-1.97411
1015	2	4	1	2	2	1	5	-2.78459	-3.68691	-4.22522	-4.1198
1016	1	2	3	4	5	9	3	-4.67812	-2.47643	-3.62859	-4.80461
1017	9	316	4	62	4	5	6	-6.86861	-6.45136	-9.15527	-9.28194
1018	9	25	2	10	22	3	6	-4.4749	-7.96909	-6.1486	-4.41041
1019	1	307	3	4	5	9	3	-6.86258	-6.42293	-6.12061	-8.14519
1020	2	4	1	2	2	1	5	-2.78459	-3.68691	-4.22522	-4.1198
1021	9	25	2	10	22	3	6	-4.4749	-7.96909	-6.1486	-4.41041
1022	2	4	1	2	2	1	5	-2.78459	-3.68691	-4.22522	-4.1198
1023	2	1	12	3	2	1	5	-2.63508	-2.1178	-3.69615	-4.60894
1024	2	1	5	3	2	5	5	-5.62635	-2.81969	-4.11428	-5.34902
1025	2	4	1	2	2	1	5	-2.78459	-3.68691	-4.22522	-4.1198
1026	2	1	12	3	2	1	5	-2.63508	-2.1178	-3.69615	-4.60894
1027	2	1	12	3	2	1	5	-2.63508	-2.1178	-3.69615	-4.60894
1028	10	1	16	19	10	5	7	-6.32961	-2.73388	-4.2162	-5.07183
1029	4	7	10	4	1	7	1	-1.83456	-3.88658	-2.68231	-1.97411
1030	2	4	1	2	2	1	5	-2.78459	-3.68691	-4.22522	-4.1198
1031	2	1	12	88	2	1	5	-3.96006	-3.43109	-5.92161	-5.26805
1032	2	1	21	3	2	1	5	-2.94255	-2.49181	-4.53194	-4.43184
1033	1	2	3	4	5	9	3	-4.67812	-2.47643	-3.62859	-4.80461
1034	8	10	2	2	11	12	6	-3.96166	-8.30747	-8.30802	-7.05923
1035	2	1	12	88	2	1	5	-3.96006	-3.43109	-5.92161	-5.26805
1036	33	39	30	82	104	173	68	-5.40832	-3.971	-6.75669	-7.19211
1037	1	2	3	4	5	9	3	-4.67812	-2.47643	-3.62859	-4.80461
1038	9	25	2	10	22	3	6	-4.4749	-7.96909	-6.1486	-4.41041
1039	2	4	1	2	2	1	5	-2.78459	-3.68691	-4.22522	-4.1198
1040	8	10	2	2	11	12	6	-3.96166	-8.30747	-8.30802	-7.05923
1041	1	2	4	62	4	5	17	-6.11923	-4.8412	-7.61737	-8.01523
1042	10	1	16	19	10	5	7	-6.32961	-2.73388	-4.2162	-5.07183
1043	33	39	30	82	104	173	68	-5.40832	-3.971	-6.75669	-7.19211
1044	2	4	1	2	2	1	5	-2.78459	-3.68691	-4.22522	-4.1198
1045	8	10	2	2	11	12	6	-3.96166	-8.30747	-8.30802	-7.05923
1046	2	1	5	3	2	5	5	-5.62635	-2.81969	-4.11428	-5.34902
1047	47	2	4	2	6	5	17	-11.9835	-10.2138	-6.17756	-8.53737
1048	1	2	3	4	5	9	3	-4.67812	-2.47643	-3.62859	-4.80461
1049	4	7	10	4	1	7	1	-1.83456	-3.88658	-2.68231	-1.97411
1050	2	1	5	3	2	3	5	-4.24827	-3.24789	-5.63243	-4.7671
1051	2	4	2	2	6	1	5	-6.10897	-4.82567	-5.96183	-7.54326
1052	2	4	1	2	2	1	5	-2.78459	-3.68691	-4.22522	-4.1198
1053	8	10	149	2	11	12	6	-4.8933	-3.96687	-5.72269	-6.82688
1054	9	25	2	10	22	3	6	-4.4749	-7.96909	-6.1486	-4.41041
1055	2	4	1	2	2	1	5	-2.78459	-3.68691	-4.22522	-4.1198
1056	1	2	3	4	5	9	3	-4.67812	-2.47643	-3.62859	-4.80461
1057	2	1	12	3	2	1	5	-2.63508	-2.1178	-3.69615	-4.60894
1058	4	7	10	4	42	51	1	-2.936	-4.73227	-5.05209	-3.83638
1059	2	4	1	2	2	1	5	-2.78459	-3.68691	-4.22522	-4.1198
1060	2	1	1	3	2	1	5	-4.62962	-3.7858	-6.54318	-6.80987
1061	2	4	1	2	7	1	5	-2.31326	-6.75676	-6.46315	-5.0902
1062	8	10	2	2	11	12	6	-3.96166	-8.30747	-8.30802	-7.05923
1063	2	4	1	2	2	1	5	-2.78459	-3.68691	-4.22522	-4.1198
1064	9	2	4	62	4	5	6	-3.72438	-5.29476	-5.92866	-6.55196
1065	2	4	1	2	2	1	5	-2.78459	-3.68691	-4.22522	-4.1198
1066	4	7	10	4	1	7	1	-1.83456	-3.88658	-2.68231	-1.97411
1067	8	10	2	2	11	12	6	-3.96166	-8.30747	-8.30802	-7.05923
1068	2	4	2	2	6	1	5	-6.10897	-4.82567	-5.96183	-7.54326
1069	2	4	2	2	6	1	5	-6.10897	-4.82567	-5.96183	-7.54326
1070	2	4	2	2	6	1	5	-6.10897	-4.82567	-5.96183	-7.54326
1071	2	4	2	2	6	1	5	-6.10897	-4.82567	-5.96183	-7.54326
1072	2	4	1	2	2	1	5	-2.78459	-3.68691	-4.22522	-4.1198
1073	2	4	1	2	2	1	5	-2.78459	-3.68691	-4.22522	-4.1198
1074	2	1	12	3	2	1	5	-2.63508	-2.1178	-3.69615	-4.60894
1075	2	4	1	2	7	1	5	-2.31326	-6.75676	-6.46315	-5.0902
1076	4	7	10	4	42	51	1	-2.936	-4.73227	-5.05209	-3.83638
1077	2	4	1	2	2	1	5	-2.78459	-3.68691	-4.22522	-4.1198
1078	8	10	2	2	11	12	6	-3.96166	-8.30747	-8.30802	-7.05923
1079	1	2	3	4	5	9	3	-4.67812	-2.47643	-3.62859	-4.80461
1080	1	2	3	4	5	9	3	-4.67812	-2.47643	-3.62859	-4.80461
1081	10	1	16	19	10	5	7	-6.32961	-2.73388	-4.2162	-5.07183
1082	8	10	2	2	11	12	6	-3.96166	-8.30747	-8.30802	-7.05923
1083	4	7	10	4	1	7	1	-1.83456	-3.88658	-2.68231	-1.97411
1084	2	4	1	2	2	1	5	-2.78459	-3.68691	-4.22522	-4.1198
1085	2	4	1	2	7	1	5	-2.31326	-6.75676	-6.46315	-5.0902
1086	2	1	21	3	2	1	5	-2.94255	-2.49181	-4.53194	-4.43184
1087	2	1	12	3	2	1	5	-2.63508	-2.1178	-3.69615	-4.60894
1088	2	4	2	4	19	3	6	-5.80497	-10.2766	-10.1533	-8.89364
1089	8	10	149	2	11	12	6	-4.8933	-3.96687	-5.72269	-6.82688
1090	8	10	2	2	11	12	6	-3.96166	-8.30747	-8.30802	-7.05923
1091	2	1	12	3	2	1	5	-2.63508	-2.1178	-3.69615	-4.60894
1092	2	1	12	3	2	1	5	-2.63508	-2.1178	-3.69615	-4.60894
1093	2	1	5	3	2	3	5	-4.24827	-3.24789	-5.63243	-4.7671
1094	184	39	30	82	113	43	17	-3.96088	-6.3283	-7.99295	-7.00698
1095	2	1	12	3	2	1	5	-2.63508	-2.1178	-3.69615	-4.60894
1096	2	4	1	2	2	1	5	-2.78459	-3.68691	-4.22522	-4.1198
1097	4	7	10	4	1	7	1	-1.83456	-3.88658	-2.68231	-1.97411
1098	8	10	2	2	11	12	6	-3.96166	-8.30747	-8.30802	-7.05923
1099	4	7	10	4	1	7	1	-1.83456	-3.88658	-2.68231	-1.97411
1100	4	7	10	4	42	51	1	-2.936	-4.73227	-5.05209	-3.83638
1101	9	25	2	10	22	3	6	-4.4749	-7.96909	-6.1486	-4.41041
1102	9	2	4	62	4	5	6	-3.72438	-5.29476	-5.92866	-6.55196
1103	4	7	10	4	1	7	1	-1.83456	-3.88658	-2.68231	-1.97411
1104	2	4	1	2	7	1	5	-2.31326	-6.75676	-6.46315	-5.0902
1105	4	7	10	4	1	7	1	-1.83456	-3.88658	-2.68231	-1.97411
1106	8	10	2	2	11	12	6	-3.96166	-8.30747	-8.30802	-7.05923
1107	2	4	1	2	2	1	5	-2.78459	-3.68691	-4.22522	-4.1198
1108	4	7	10	4	42	51	1	-2.936	-4.73227	-5.05209	-3.83638
1109	1	2	3	4	5	9	3	-4.67812	-2.47643	-3.62859	-4.80461
1110	2	1	12	3	2	1	5	-2.63508	-2.1178	-3.69615	-4.60894
1111	2	4	1	2	2	1	5	-2.78459	-3.68691	-4.22522	-4.1198
1112	10	81	50	99	120	76	52	-6.71028	-6.3532	-5.27935	-5.20912
1113	2	4	1	2	2	1	5	-2.78459	-3.68691	-4.22522	-4.1198
1114	4	7	10	4	42	51	1	-2.936	-4.73227	-5.05209	-3.83638
1115	4	7	10	4	42	51	1	-2.936	-4.73227	-5.05209	-3.83638
1116	4	7	10	4	1	7	1	-1.83456	-3.88658	-2.68231	-1.97411
1117	3	1	5	10	11	11	6	-10.1261	-6.45467	-9.28315	-9.94761
1118	10	81	50	99	120	76	52	-6.71028	-6.3532	-5.27935	-5.20912
1119	2	4	1	2	2	1	5	-2.78459	-3.68691	-4.22522	-4.1198
1120	4	7	10	4	1	7	1	-1.83456	-3.88658	-2.68231	-1.97411
1121	4	7	10	4	1	7	1	-1.83456	-3.88658	-2.68231	-1.97411
1122	4	7	10	4	42	51	1	-2.936	-4.73227	-5.05209	-3.83638
1123	2	1	12	3	2	1	5	-2.63508	-2.1178	-3.69615	-4.60894
1124	2	4	1	2	2	1	5	-2.78459	-3.68691	-4.22522	-4.1198
1125	2	1	1	3	2	1	5	-4.62962	-3.7858	-6.54318	-6.80987
1126	2	4	1	2	2	1	5	-2.78459	-3.68691	-4.22522	-4.1198
1127	2	4	1	2	2	1	5	-2.78459	-3.68691	-4.22522	-4.1198
1128	2	4	1	2	2	1	5	-2.78459	-3.68691	-4.22522	-4.1198
1129	2	4	1	2	2	1	5	-2.78459	-3.68691	-4.22522	-4.1198
1130	1	2	3	4	5	9	3	-4.67812	-2.47643	-3.62859	-4.80461
1131	8	10	2	2	11	12	6	-3.96166	-8.30747	-8.30802	-7.05923
1132	2	1	21	3	2	1	5	-2.94255	-2.49181	-4.53194	-4.43184
1133	2	4	1	2	2	1	5	-2.78459	-3.68691	-4.22522	-4.1198
1134	2	1	21	3	2	1	5	-2.94255	-2.49181	-4.53194	-4.43184
1135	2	1	21	3	2	1	5	-2.94255	-2.49181	-4.53194	-4.43184
1136	2	4	1	2	2	1	5	-2.78459	-3.68691	-4.22522	-4.1198
1137	1	2	3	4	5	9	3	-4.67812	-2.47643	-3.62859	-4.80461
1138	10	1	16	19	10	5	7	-6.32961	-2.73388	-4.2162	-5.07183
1139	2	1	12	3	2	1	5	-2.63508	-2.1178	-3.69615	-4.60894
1140	7	21	5	62	4	61	44	-7.47735	-3.818	-5.6923	-7.05569
1141	2	4	1	2	2	1	5	-2.78459	-3.68691	-4.22522	-4.1198
1142	2	1	12	3	2	1	5	-2.63508	-2.1178	-3.69615	-4.60894
1143	2	4	1	2	7	1	5	-2.31326	-6.75676	-6.46315	-5.0902
1144	2	1	5	3	2	3	5	-4.24827	-3.24789	-5.63243	-4.7671
1145	2	1	21	3	2	1	5	-2.94255	-2.49181	-4.53194	-4.43184
1146	2	1	21	3	2	1	5	-2.94255	-2.49181	-4.53194	-4.43184
1147	2	1	21	3	2	1	5	-2.94255	-2.49181	-4.53194	-4.43184
1148	2	1	21	3	2	1	5	-2.94255	-2.49181	-4.53194	-4.43184
1149	2	1	12	3	2	1	5	-2.63508	-2.1178	-3.69615	-4.60894
1150	8	10	2	2	11	12	6	-3.96166	-8.30747	-8.30802	-7.05923
1151	129	66	30	82	189	47	17	-3.25379	-4.96772	-5.76318	-4.18485
1152	1	307	3	4	5	9	3	-6.86258	-6.42293	-6.12061	-8.14519
1153	8	10	2	2	11	12	6	-3.96166	-8.30747	-8.30802	-7.05923
1154	2	4	2	2	6	1	5	-6.10897	-4.82567	-5.96183	-7.54326
1155	1	4	2	2	6	3	17	-4.67859	-2.43894	-4.63954	-5.29502
1156	2	4	1	2	2	1	5	-2.78459	-3.68691	-4.22522	-4.1198
1157	8	10	2	2	11	12	6	-3.96166	-8.30747	-8.30802	-7.05923
1158	2	4	2	2	6	1	5	-6.10897	-4.82567	-5.96183	-7.54326
1159	2	1	21	3	2	1	5	-2.94255	-2.49181	-4.53194	-4.43184
1160	2	4	5	2	2	5	5	-3.67928	-8.03477	-7.3957	-5.86903
1161	7	21	5	62	4	61	44	-7.47735	-3.818	-5.6923	-7.05569
1162	2	1	12	3	2	1	5	-2.63508	-2.1178	-3.69615	-4.60894
1163	10	27	16	19	10	5	7	-20.4161	-12.917	-16.4365	-16.7353
1164	33	283	44	82	189	44	17	-7.05627	-3.45843	-5.47051	-5.87403
1165	9	25	2	10	22	3	6	-4.4749	-7.96909	-6.1486	-4.41041
1166	7	21	5	62	4	61	44	-7.47735	-3.818	-5.6923	-7.05569
1167	2	1	5	3	2	3	5	-4.24827	-3.24789	-5.63243	-4.7671
1168	2	1	5	3	2	3	5	-4.24827	-3.24789	-5.63243	-4.7671
1169	9	25	2	10	22	3	6	-4.4749	-7.96909	-6.1486	-4.41041
1170	2	1	5	3	2	3	5	-4.24827	-3.24789	-5.63243	-4.7671
1171	2	4	1	2	2	1	5	-2.78459	-3.68691	-4.22522	-4.1198
1172	129	66	30	82	189	47	17	-3.25379	-4.96772	-5.76318	-4.18485
1173	2	4	1	2	2	1	5	-2.78459	-3.68691	-4.22522	-4.1198
1174	2	1	5	3	2	3	5	-4.24827	-3.24789	-5.63243	-4.7671
1175	2	1	12	3	2	1	5	-2.63508	-2.1178	-3.69615	-4.60894
1176	2	4	1	2	2	1	5	-2.78459	-3.68691	-4.22522	-4.1198
1177	1	4	2	2	6	3	17	-4.67859	-2.43894	-4.63954	-5.29502
1178	2	1	12	3	2	1	5	-2.63508	-2.1178	-3.69615	-4.60894
1179	1	4	2	2	446	3	17	-8.06675	-6.42438	-7.04495	-7.98028
1180	2	1	5	88	2	11	5	-8.97171	-5.3349	-6.04534	-7.98028
1181	2	4	2	2	6	1	5	-6.10897	-4.82567	-5.96183	-7.54326
1182	9	25	2	10	22	3	6	-4.4749	-7.96909	-6.1486	-4.41041
1183	2	1	5	3	2	3	5	-4.24827	-3.24789	-5.63243	-4.7671
1184	7	21	5	62	4	61	44	-7.47735	-3.818	-5.6923	-7.05569
1185	1	2	3	4	5	9	3	-4.67812	-2.47643	-3.62859	-4.80461
1186	2	4	1	2	2	1	5	-2.78459	-3.68691	-4.22522	-4.1198
1187	7	21	5	62	4	61	44	-7.47735	-3.818	-5.6923	-7.05569
1188	33	39	30	82	104	173	68	-5.40832	-3.971	-6.75669	-7.19211
1189	1	4	2	2	6	3	17	-4.67859	-2.43894	-4.63954	-5.29502
1190	2	1	21	3	2	1	5	-2.94255	-2.49181	-4.53194	-4.43184
1191	4	7	10	4	1	7	1	-1.83456	-3.88658	-2.68231	-1.97411
1192	2	1	5	3	2	5	5	-5.62635	-2.81969	-4.11428	-5.34902
1193	1	4	2	2	6	3	17	-4.67859	-2.43894	-4.63954	-5.29502
1194	2	4	1	2	2	1	5	-2.78459	-3.68691	-4.22522	-4.1198
1195	2	4	1	2	2	1	5	-2.78459	-3.68691	-4.22522	-4.1198
1196	2	1	12	3	2	1	5	-2.63508	-2.1178	-3.69615	-4.60894
1197	2	1	6	3	2	3	5	-6.65151	-7.24915	-7.83413	-7.04922
1198	4	7	10	4	1	7	1	-1.83456	-3.88658	-2.68231	-1.97411
1199	2	4	1	2	7	1	5	-2.31326	-6.75676	-6.46315	-5.0902
1200	2	1	1	3	2	1	5	-4.62962	-3.7858	-6.54318	-6.80987
1201	2	4	1	2	2	1	5	-2.78459	-3.68691	-4.22522	-4.1198
1202	7	2	5	2	10	3	6	-31.3692	-28.8697	-30.0558	-28.0022
1203	2	1	21	3	2	1	5	-2.94255	-2.49181	-4.53194	-4.43184
1204	2	4	1	2	7	1	5	-2.31326	-6.75676	-6.46315	-5.0902
1205	4	7	10	4	1	7	1	-1.83456	-3.88658	-2.68231	-1.97411
1206	2	4	1	2	7	1	5	-2.31326	-6.75676	-6.46315	-5.0902
1207	2	4	1	2	2	1	5	-2.78459	-3.68691	-4.22522	-4.1198
1208	1	4	2	2	6	3	17	-4.67859	-2.43894	-4.63954	-5.29502
1209	2	4	1	2	2	1	5	-2.78459	-3.68691	-4.22522	-4.1198
1210	2	4	1	2	2	1	5	-2.78459	-3.68691	-4.22522	-4.1198
1211	74	10	2	2	11	12	6	-7.35843	-12.3272	-10.7322	-9.76357
1212	1	2	3	4	5	9	3	-4.67812	-2.47643	-3.62859	-4.80461
1213	2	1	5	3	2	3	5	-4.24827	-3.24789	-5.63243	-4.7671
1214	4	7	10	4	1	7	1	-1.83456	-3.88658	-2.68231	-1.97411
1215	2	4	2	2	6	1	5	-6.10897	-4.82567	-5.96183	-7.54326
1216	2	1	12	3	2	1	5	-2.63508	-2.1178	-3.69615	-4.60894
1217	2	1	21	3	2	1	5	-2.94255	-2.49181	-4.53194	-4.43184
1218	2	4	1	2	2	1	5	-2.78459	-3.68691	-4.22522	-4.1198
1219	2	1	21	3	2	1	5	-2.94255	-2.49181	-4.53194	-4.43184
1220	4	7	10	4	1	7	1	-1.83456	-3.88658	-2.68231	-1.97411
1221	2	1	21	3	2	1	5	-2.94255	-2.49181	-4.53194	-4.43184
1222	2	4	1	2	2	1	5	-2.78459	-3.68691	-4.22522	-4.1198
1223	4	7	10	4	1	7	1	-1.83456	-3.88658	-2.68231	-1.97411
1224	2	4	1	2	2	1	5	-2.78459	-3.68691	-4.22522	-4.1198
1225	4	7	10	4	1	7	1	-1.83456	-3.88658	-2.68231	-1.97411
1226	4	7	10	4	42	51	1	-2.936	-4.73227	-5.05209	-3.83638
1227	4	7	10	4	42	7	1	-6.57938	-8.46842	-5.62607	-4.70053
1228	2	4	1	2	2	1	5	-2.78459	-3.68691	-4.22522	-4.1198
1229	2	1	5	3	2	3	5	-4.24827	-3.24789	-5.63243	-4.7671
1230	10	81	50	99	120	76	52	-6.71028	-6.3532	-5.27935	-5.20912
1231	2	4	1	2	7	1	5	-2.31326	-6.75676	-6.46315	-5.0902
1232	2	4	1	2	7	1	5	-2.31326	-6.75676	-6.46315	-5.0902
1233	4	7	10	4	1	7	1	-1.83456	-3.88658	-2.68231	-1.97411
1234	1	4	2	2	6	3	17	-4.67859	-2.43894	-4.63954	-5.29502
1235	4	7	10	4	1	7	1	-1.83456	-3.88658	-2.68231	-1.97411
1236	2	4	1	2	2	1	5	-2.78459	-3.68691	-4.22522	-4.1198
1237	4	7	10	4	1	7	1	-1.83456	-3.88658	-2.68231	-1.97411
1238	4	7	10	4	42	51	1	-2.936	-4.73227	-5.05209	-3.83638
1239	1	307	3	4	5	9	3	-6.86258	-6.42293	-6.12061	-8.14519
1240	2	4	2	2	6	1	5	-6.10897	-4.82567	-5.96183	-7.54326
1241	8	10	149	2	11	12	6	-4.8933	-3.96687	-5.72269	-6.82688
1242	2	1	12	3	2	1	5	-2.63508	-2.1178	-3.69615	-4.60894
1243	2	4	1	2	2	1	5	-2.78459	-3.68691	-4.22522	-4.1198
1244	2	4	1	2	2	1	5	-2.78459	-3.68691	-4.22522	-4.1198
1245	2	4	1	2	2	1	5	-2.78459	-3.68691	-4.22522	-4.1198
1246	4	7	10	4	42	51	1	-2.936	-4.73227	-5.05209	-3.83638
1247	2	4	1	2	2	1	5	-2.78459	-3.68691	-4.22522	-4.1198
1248	2	4	1	2	2	1	5	-2.78459	-3.68691	-4.22522	-4.1198
1249	2	1	12	88	2	1	5	-3.96006	-3.43109	-5.92161	-5.26805
1250	1	4	2	2	6	3	17	-4.67859	-2.43894	-4.63954	-5.29502
1251	9	2	4	62	4	5	6	-3.72438	-5.29476	-5.92866	-6.55196
1252	2	4	1	2	7	1	5	-2.31326	-6.75676	-6.46315	-5.0902
1253	2	4	5	2	2	5	5	-3.67928	-8.03477	-7.3957	-5.86903
1254	2	1	21	3	2	1	5	-2.94255	-2.49181	-4.53194	-4.43184
1255	1	4	2	2	6	3	17	-4.67859	-2.43894	-4.63954	-5.29502
1256	2	1	21	3	2	1	5	-2.94255	-2.49181	-4.53194	-4.43184
1257	2	4	1	2	2	5	5	-6.82222	-6.4096	-9.04868	-9.18224
1258	2	1	12	3	2	1	5	-2.63508	-2.1178	-3.69615	-4.60894
1259	2	4	2	2	6	1	5	-6.10897	-4.82567	-5.96183	-7.54326
1260	2	4	1	2	2	1	5	-2.78459	-3.68691	-4.22522	-4.1198
1261	2	4	1	2	2	1	5	-2.78459	-3.68691	-4.22522	-4.1198
1262	1	307	3	4	5	9	3	-6.86258	-6.42293	-6.12061	-8.14519
1263	9	25	2	10	22	3	6	-4.4749	-7.96909	-6.1486	-4.41041
1264	2	1	1	380	2	1	5	-6.16753	-5.73848	-8.45489	-8.57937
1265	2	4	1	2	2	1	5	-2.78459	-3.68691	-4.22522	-4.1198
1266	2	4	1	2	2	1	5	-2.78459	-3.68691	-4.22522	-4.1198
1267	2	1	12	3	2	1	5	-2.63508	-2.1178	-3.69615	-4.60894
1268	1	2	3	4	5	9	3	-4.67812	-2.47643	-3.62859	-4.80461
1269	2	4	1	2	2	1	5	-2.78459	-3.68691	-4.22522	-4.1198
1270	2	4	1	2	2	1	5	-2.78459	-3.68691	-4.22522	-4.1198
1271	2	4	1	2	2	1	5	-2.78459	-3.68691	-4.22522	-4.1198
1272	1	2	3	4	5	9	3	-4.67812	-2.47643	-3.62859	-4.80461
1273	9	2	2	212	309	253	147	-24.479	-26.9358	-22.0421	-21.8245
1274	2	1	21	3	2	1	5	-2.94255	-2.49181	-4.53194	-4.43184
1275	47	2	4	2	6	5	17	-11.9835	-10.2138	-6.17756	-8.53737
1276	1	2	3	4	5	9	3	-4.67812	-2.47643	-3.62859	-4.80461
1277	2	4	1	2	2	1	5	-2.78459	-3.68691	-4.22522	-4.1198
1278	2	4	1	2	2	1	5	-2.78459	-3.68691	-4.22522	-4.1198
1279	9	2	4	62	4	5	6	-3.72438	-5.29476	-5.92866	-6.55196
1280	2	1	12	3	2	1	5	-2.63508	-2.1178	-3.69615	-4.60894
1281	2	4	1	2	2	1	5	-2.78459	-3.68691	-4.22522	-4.1198
1282	2	4	1	2	7	1	5	-2.31326	-6.75676	-6.46315	-5.0902
1283	7	17	2	15	23	3	12	-6.90847	-11.383	-11.2588	-10.0062
1284	2	1	1	3	2	1	5	-4.62962	-3.7858	-6.54318	-6.80987
1285	2	1	12	3	2	1	5	-2.63508	-2.1178	-3.69615	-4.60894
1286	2	4	1	2	2	1	5	-2.78459	-3.68691	-4.22522	-4.1198
1287	2	1	5	3	2	3	5	-4.24827	-3.24789	-5.63243	-4.7671
1288	2	4	1	2	2	1	5	-2.78459	-3.68691	-4.22522	-4.1198
1289	2	4	1	2	2	1	5	-2.78459	-3.68691	-4.22522	-4.1198
1290	1	4	2	2	6	3	17	-4.67859	-2.43894	-4.63954	-5.29502
1291	2	1	2	3	2	3	5	-3.76511	-8.0161	-8.10835	-6.85009
1292	2	1	5	3	2	3	5	-4.24827	-3.24789	-5.63243	-4.7671
1293	1	2	3	3	5	9	3	-11.6808	-8.07024	-10.2824	-11.5996
1294	4	7	10	4	42	51	1	-2.936	-4.73227	-5.05209	-3.83638
1295	1	4	2	2	6	3	17	-4.67859	-2.43894	-4.63954	-5.29502
1296	2	1	5	3	2	3	5	-4.24827	-3.24789	-5.63243	-4.7671
1297	4	7	10	4	1	7	1	-1.83456	-3.88658	-2.68231	-1.97411
1298	2	4	1	2	2	1	5	-2.78459	-3.68691	-4.22522	-4.1198
1299	4	7	10	4	1	7	1	-1.83456	-3.88658	-2.68231	-1.97411
1300	2	1	21	3	2	1	5	-2.94255	-2.49181	-4.53194	-4.43184
1301	2	4	1	2	2	1	5	-2.78459	-3.68691	-4.22522	-4.1198
1302	4	7	10	4	1	7	1	-1.83456	-3.88658	-2.68231	-1.97411
1303	2	4	1	2	2	1	5	-2.78459	-3.68691	-4.22522	-4.1198
1304	2	1	5	3	2	5	5	-5.62635	-2.81969	-4.11428	-5.34902
1305	2	4	1	2	2	1	5	-2.78459	-3.68691	-4.22522	-4.1198
1306	2	1	21	3	2	1	5	-2.94255	-2.49181	-4.53194	-4.43184
1307	2	1	5	3	2	5	5	-5.62635	-2.81969	-4.11428	-5.34902
1308	1	4	2	2	6	3	17	-4.67859	-2.43894	-4.63954	-5.29502
1309	1	4	2	2	6	3	17	-4.67859	-2.43894	-4.63954	-5.29502
1310	2	1	5	3	2	3	5	-4.24827	-3.24789	-5.63243	-4.7671
1311	1	4	2	2	6	3	17	-4.67859	-2.43894	-4.63954	-5.29502
1312	2	4	1	2	2	1	5	-2.78459	-3.68691	-4.22522	-4.1198
1313	2	1	12	88	2	1	5	-3.96006	-3.43109	-5.92161	-5.26805
1314	2	1	5	3	2	3	5	-4.24827	-3.24789	-5.63243	-4.7671
1315	2	4	5	2	2	1	5	-6.17306	-9.67195	-9.6126	-9.02133
1316	2	4	1	2	2	1	5	-2.78459	-3.68691	-4.22522	-4.1198
1317	1	4	2	2	6	3	17	-4.67859	-2.43894	-4.63954	-5.29502
1318	2	1	21	3	2	1	5	-2.94255	-2.49181	-4.53194	-4.43184
1319	4	7	10	4	1	7	1	-1.83456	-3.88658	-2.68231	-1.97411
1320	1	2	3	4	5	9	3	-4.67812	-2.47643	-3.62859	-4.80461
1321	2	4	1	2	7	1	5	-2.31326	-6.75676	-6.46315	-5.0902
1322	4	7	10	4	1	7	1	-1.83456	-3.88658	-2.68231	-1.97411
1323	4	7	10	4	1	7	1	-1.83456	-3.88658	-2.68231	-1.97411
1324	1	4	2	2	6	3	17	-4.67859	-2.43894	-4.63954	-5.29502
1325	2	4	1	2	7	1	5	-2.31326	-6.75676	-6.46315	-5.0902
1326	4	7	10	4	1	7	1	-1.83456	-3.88658	-2.68231	-1.97411
1327	8	10	2	2	11	12	6	-3.96166	-8.30747	-8.30802	-7.05923
1328	969	7	10	4	1	7	1	-5.15372	-7.89936	-5.1057	-4.67841
1329	4	7	10	4	1	7	1	-1.83456	-3.88658	-2.68231	-1.97411
1330	10	27	16	942	10	5	7	-23.8128	-16.9374	-18.8609	-19.4394
1331	10	27	16	941	10	5	7	-23.8128	-16.9374	-18.8609	-19.4394
1332	4	7	10	4	1	7	1	-1.83456	-3.88658	-2.68231	-1.97411
1333	4	7	10	4	1	7	1	-1.83456	-3.88658	-2.68231	-1.97411
1334	129	66	30	82	189	47	17	-3.25379	-4.96772	-5.76318	-4.18485
1335	4	7	10	4	1	7	1	-1.83456	-3.88658	-2.68231	-1.97411
1336	4	7	10	4	1	7	1	-1.83456	-3.88658	-2.68231	-1.97411
1337	2	4	1	2	2	1	5	-2.78459	-3.68691	-4.22522	-4.1198
1338	2	1	2	3	2	3	5	-3.76511	-8.0161	-8.10835	-6.85009
1339	10	27	16	19	10	5	7	-20.4161	-12.917	-16.4365	-16.7353
1340	2	4	1	2	2	1	5	-2.78459	-3.68691	-4.22522	-4.1198
1341	33	39	30	82	104	173	68	-5.40832	-3.971	-6.75669	-7.19211
1342	1	4	2	2	6	3	17	-4.67859	-2.43894	-4.63954	-5.29502
1343	2	1	5	3	2	5	5	-5.62635	-2.81969	-4.11428	-5.34902
1344	2	1	12	3	2	1	5	-2.63508	-2.1178	-3.69615	-4.60894
1345	8	10	2	2	11	12	6	-3.96166	-8.30747	-8.30802	-7.05923
1346	2	1	1	3	2	1	5	-4.62962	-3.7858	-6.54318	-6.80987
1347	1	4	2	2	6	3	17	-4.67859	-2.43894	-4.63954	-5.29502
1348	7	2	2	2	11	12	6	-4.50829	-8.98294	-8.85892	-7.60577
1349	9	2	4	62	4	5	6	-3.72438	-5.29476	-5.92866	-6.55196
1350	2	1	21	3	2	1	5	-2.94255	-2.49181	-4.53194	-4.43184
1351	9	7	10	4	1	7	1	-10.1722	-12.465	-11.7802	-9.8271
1352	2	1	12	3	920	1	5	-6.03267	-6.1287	-6.11813	-7.30984
1353	239	27	16	19	10	5	7	-10.1279	-6.45716	-9.28613	-9.95153
1354	7	17	2	15	23	3	12	-6.90847	-11.383	-11.2588	-10.0062
1355	1	4	2	2	6	3	17	-4.67859	-2.43894	-4.63954	-5.29502
1356	1	6	60	24	12	28	1	-27.2563	-30.4521	-18.7407	-19.6829
1357	2	4	5	2	10	1	5	-6.9004	-11.3632	-11.2467	-9.99168
1358	10	81	50	99	120	76	52	-6.71028	-6.3532	-5.27935	-5.20912
1359	4	7	10	4	1	7	1	-1.83456	-3.88658	-2.68231	-1.97411
1360	2	1	5	3	2	5	5	-5.62635	-2.81969	-4.11428	-5.34902
1361	4	7	10	1	1	7	1	-5.28017	-8.99012	-6.01249	-6.14401
1362	2	4	5	2	10	1	5	-6.9004	-11.3632	-11.2467	-9.99168
1363	2	1	21	3	2	1	5	-2.94255	-2.49181	-4.53194	-4.43184
1364	2	1	21	3	2	1	5	-2.94255	-2.49181	-4.53194	-4.43184
1365	2	4	1	2	2	1	5	-2.78459	-3.68691	-4.22522	-4.1198
1366	2	4	2	2	6	1	5	-6.10897	-4.82567	-5.96183	-7.54326
1367	2	4	1	2	7	1	5	-2.31326	-6.75676	-6.46315	-5.0902
1368	2	4	1	2	2	1	5	-2.78459	-3.68691	-4.22522	-4.1198
1369	2	4	1	2	2	1	5	-2.78459	-3.68691	-4.22522	-4.1198
1370	4	7	10	4	1	7	1	-1.83456	-3.88658	-2.68231	-1.97411
1371	4	7	10	4	42	51	1	-2.936	-4.73227	-5.05209	-3.83638
1372	2	1	5	3	2	3	5	-4.24827	-3.24789	-5.63243	-4.7671
1373	2	1	12	3	2	1	5	-2.63508	-2.1178	-3.69615	-4.60894
1374	2	1	1	3	2	1	5	-4.62962	-3.7858	-6.54318	-6.80987
1375	2	4	1	2	2	1	5	-2.78459	-3.68691	-4.22522	-4.1198
1376	4	7	10	4	1	7	1	-1.83456	-3.88658	-2.68231	-1.97411
1377	10	1	16	19	10	5	7	-6.32961	-2.73388	-4.2162	-5.07183
1378	2	4	1	2	7	1	5	-2.31326	-6.75676	-6.46315	-5.0902
1379	2	4	1	2	2	1	5	-2.78459	-3.68691	-4.22522	-4.1198
1380	10	81	50	99	120	76	52	-6.71028	-6.3532	-5.27935	-5.20912
1381	2	1	12	3	2	1	5	-2.63508	-2.1178	-3.69615	-4.60894
1382	2	4	1	2	2	1	5	-2.78459	-3.68691	-4.22522	-4.1198
1383	2	4	1	2	7	1	5	-2.31326	-6.75676	-6.46315	-5.0902
1384	1	2	3	4	5	9	3	-4.67812	-2.47643	-3.62859	-4.80461
1385	8	10	2	2	11	12	6	-3.96166	-8.30747	-8.30802	-7.05923
1386	1	4	2	2	6	3	17	-4.67859	-2.43894	-4.63954	-5.29502
1387	2	4	1	2	2	1	5	-2.78459	-3.68691	-4.22522	-4.1198
1388	2	4	1	2	2	1	5	-2.78459	-3.68691	-4.22522	-4.1198
1389	10	7	10	4	1	7	1	-12.3612	-10.9951	-10.3112	-8.92319
1390	2	1	21	3	2	1	5	-2.94255	-2.49181	-4.53194	-4.43184
1391	2	1	21	3	2	1	5	-2.94255	-2.49181	-4.53194	-4.43184
1392	10	1	16	19	10	5	7	-6.32961	-2.73388	-4.2162	-5.07183
1393	2	1	5	3	2	3	5	-4.24827	-3.24789	-5.63243	-4.7671
1394	2	1	5	3	2	3	5	-4.24827	-3.24789	-5.63243	-4.7671
1395	2	4	1	2	2	5	5	-6.82222	-6.4096	-9.04868	-9.18224
1396	2	4	1	2	7	1	5	-2.31326	-6.75676	-6.46315	-5.0902
1397	10	1	16	19	10	5	7	-6.32961	-2.73388	-4.2162	-5.07183
1398	2	4	1	2	7	1	5	-2.31326	-6.75676	-6.46315	-5.0902
1399	2	934	1	2	2	1	5	-6.10368	-7.70377	-6.6457	-6.81148
