Isolate	Loci0	Loci1	Loci2	Loci3	Loci4	Loci5	Loci6	Source0	Source1	Source2	Source3
0	1	2	3	4	5	9	3	-4.69919	-2.49449	-3.67701	-4.86746
1	4	7	10	4	1	7	1	-1.82912	-3.7653	-2.65407	-1.93333
2	2	4	1	2	2	1	5	-2.7838	-3.62664	-4.13625	-4.11763
3	2	4	1	2	2	1	5	-2.7838	-3.62664	-4.13625	-4.11763
4	9	25	2	10	22	3	6	-4.47128	-7.53602	-6.02019	-4.36233
5	4	7	10	4	1	7	1	-1.82912	-3.7653	-2.65407	-1.93333
6	4	7	10	4	1	7	1	-1.82912	-3.7653	-2.65407	-1.93333
7	4	7	10	4	42	51	1	-2.93416	-4.59236	-4.8334	-3.81109
8	2	4	1	2	2	1	5	-2.7838	-3.62664	-4.13625	-4.11763
9	10	81	50	99	120	76	52	-6.66658	-6.42002	-5.33657	-5.1546
10	2	1	21	3	2	1	5	-2.94939	-2.48314	-4.41662	-4.49889
11	2	1	21	3	2	1	5	-2.94939	-2.48314	-4.41662	-4.49889
12	9	25	2	10	22	3	6	-4.47128	-7.53602	-6.02019	-4.36233
13	2	1	21	3	2	1	5	-2.94939	-2.48314	-4.41662	-4.49889
14	10	27	16	19	10	5	7	-20.9314	-12.6631	-16.1699	-17.3006
15	2	4	1	2	2	1	5	-2.7838	-3.62664	-4.13625	-4.11763
16	2	4	1	2	2	1	5	-2.7838	-3.62664	-4.13625	-4.11763
17	9	2	4	62	4	5	6	-3.72175	-5.16019	-5.6971	-6.71611
18	9	53	2	53	11	3	3	-31.2563	-30.0151	-25.8928	-25.2728
19	2	4	1	2	2	1	5	-2.7838	-3.62664	-4.13625	-4.11763
20	2	4	1	2	2	1	5	-2.7838	-3.62664	-4.13625	-4.11763
21	4	7	10	4	1	7	1	-1.82912	-3.7653	-2.65407	-1.93333
22	2	4	1	2	2	1	5	-2.7838	-3.62664	-4.13625	-4.11763
23	1	4	2	2	6	3	17	-4.72727	-2.45354	-4.66214	-5.45863
24	4	7	10	4	1	7	1	-1.82912	-3.7653	-2.65407	-1.93333
25	2	1	21	3	2	1	5	-2.94939	-2.48314	-4.41662	-4.49889
26	8	10	2	2	11	12	6	-3.95929	-6.99596	-7.00145	-7.24856
27	2	4	2	2	6	1	5	-6.11635	-4.83312	-5.99166	-7.69696
28	2	1	12	3	2	1	5	-2.64063	-2.10938	-3.65082	-4.76639
29	2	4	1	2	2	1	5	-2.7838	-3.62664	-4.13625	-4.11763
30	4	7	10	4	1	7	1	-1.82912	-3.7653	-2.65407	-1.93333
31	10	1	16	19	10	5	7	-6.47378	-2.75394	-4.27518	-5.12737
32	1	2	3	4	5	9	3	-4.69919	-2.49449	-3.67701	-4.86746
33	2	4	1	2	2	1	5	-2.7838	-3.62664	-4.13625	-4.11763
34	2	4	1	2	2	1	5	-2.7838	-3.62664	-4.13625	-4.11763
35	2	4	1	2	2	1	5	-2.7838	-3.62664	-4.13625	-4.11763
36	4	7	10	4	1	7	1	-1.82912	-3.7653	-2.65407	-1.93333
37	129	66	30	82	189	47	17	-3.25187	-4.8371	-5.43776	-4.15728
38	2	1	12	3	357	1	5	-7.04037	-7.58996	-6.64489	-7.5129
39	9	2	4	62	4	5	6	-3.72175	-5.16019	-5.6971	-6.71611
40	2	1	1	3	2	1	5	-4.64419	-3.78073	-6.36067	-7.11581
41	2	1	12	3	357	1	5	-7.04037	-7.58996	-6.64489	-7.5129
42	2	1	5	3	2	3	5	-4.26243	-3.25021	-5.5399	-4.77837
43	2	1	5	3	2	3	5	-4.26243	-3.25021	-5.5399	-4.77837
44	2	4	1	2	2	1	5	-2.7838	-3.62664	-4.13625	-4.11763
45	2	4	1	2	2	1	5	-2.7838	-3.62664	-4.13625	-4.11763
46	2	4	2	2	6	1	5	-6.11635	-4.83312	-5.99166	-7.69696
47	1	4	2	2	6	3	17	-4.72727	-2.45354	-4.66214	-5.45863
48	2	1	21	3	2	1	5	-2.94939	-2.48314	-4.41662	-4.49889
49	2	1	2	3	2	3	5	-3.76368	-6.74755	-6.79774	-7.04191
50	2	1	21	3	2	1	5	-2.94939	-2.48314	-4.41662	-4.49889
51	7	17	2	15	23	3	12	-6.9057	-9.98731	-9.94993	-10.1949
52	2	4	1	2	7	1	5	-2.31209	-5.38269	-5.29653	-5.20792
53	9	2	4	62	4	5	6	-3.72175	-5.16019	-5.6971	-6.71611
54	2	4	1	2	7	1	5	-2.31209	-5.38269	-5.29653	-5.20792
55	9	2	4	62	4	5	6	-3.72175	-5.16019	-5.6971	-6.71611
56	2	1	12	88	2	1	5	-3.96857	-3.42492	-5.73453	-5.31983
57	2	1	5	3	2	3	5	-4.26243	-3.25021	-5.5399	-4.77837
58	2	4	1	2	2	1	5	-2.7838	-3.62664	-4.13625	-4.11763
59	9	2	4	62	4	5	6	-3.72175	-5.16019	-5.6971	-6.71611
60	2	1	5	3	2	3	5	-4.26243	-3.25021	-5.5399	-4.77837
61	2	4	1	2	2	1	5	-2.7838	-3.62664	-4.13625	-4.11763
62	2	4	1	2	2	1	5	-2.7838	-3.62664	-4.13625	-4.11763
63	2	4	1	2	2	1	5	-2.7838	-3.62664	-4.13625	-4.11763
64	2	4	1	2	2	1	5	-2.7838	-3.62664	-4.13625	-4.11763
65	2	4	1	2	2	1	5	-2.7838	-3.62664	-4.13625	-4.11763
66	2	4	1	2	2	1	5	-2.7838	-3.62664	-4.13625	-4.11763
67	1	2	215	4	90	24	8	-31.3292	-33.8388	-22.6149	-21.2687
68	2	4	1	2	2	1	5	-2.7838	-3.62664	-4.13625	-4.11763
69	1	2	3	4	5	9	3	-4.69919	-2.49449	-3.67701	-4.86746
70	2	4	1	2	2	1	5	-2.7838	-3.62664	-4.13625	-4.11763
71	2	4	1	2	2	1	5	-2.7838	-3.62664	-4.13625	-4.11763
72	9	25	2	10	22	3	6	-4.47128	-7.53602	-6.02019	-4.36233
73	2	15	4	48	360	25	23	-6.67002	-9.41006	-5.77937	-4.90755
74	2	4	1	2	2	1	5	-2.7838	-3.62664	-4.13625	-4.11763
75	2	1	12	88	2	1	5	-3.96857	-3.42492	-5.73453	-5.31983
76	2	4	2	2	6	1	5	-6.11635	-4.83312	-5.99166	-7.69696
77	10	1	16	19	10	5	7	-6.47378	-2.75394	-4.27518	-5.12737
78	2	4	1	2	2	1	5	-2.7838	-3.62664	-4.13625	-4.11763
79	2	1	12	3	2	1	5	-2.64063	-2.10938	-3.65082	-4.76639
80	2	4	1	2	2	1	5	-2.7838	-3.62664	-4.13625	-4.11763
81	2	4	1	2	2	1	5	-2.7838	-3.62664	-4.13625	-4.11763
82	1	4	2	2	6	3	17	-4.72727	-2.45354	-4.66214	-5.45863
83	10	1	16	19	10	5	7	-6.47378	-2.75394	-4.27518	-5.12737
84	8	10	149	2	11	12	6	-4.9023	-3.97456	-5.70285	-7.05137
85	2	4	1	2	2	1	5	-2.7838	-3.62664	-4.13625	-4.11763
86	2	4	1	2	7	1	5	-2.31209	-5.38269	-5.29653	-5.20792
87	32	39	30	82	104	324	17	-8.5999	-4.68528	-7.53401	-8.53743
88	1	2	3	4	5	9	3	-4.69919	-2.49449	-3.67701	-4.86746
89	2	1	5	3	2	3	5	-4.26243	-3.25021	-5.5399	-4.77837
90	2	4	1	2	2	1	5	-2.7838	-3.62664	-4.13625	-4.11763
91	2	4	1	2	7	1	5	-2.31209	-5.38269	-5.29653	-5.20792
92	4	7	10	4	1	7	1	-1.82912	-3.7653	-2.65407	-1.93333
93	2	1	2	3	2	3	5	-3.76368	-6.74755	-6.79774	-7.04191
94	2	1	12	3	2	1	5	-2.64063	-2.10938	-3.65082	-4.76639
95	2	1	21	3	2	1	5	-2.94939	-2.48314	-4.41662	-4.49889
96	2	1	21	3	2	1	5	-2.94939	-2.48314	-4.41662	-4.49889
97	9	2	5	2	11	3	1	-29.6471	-30.9435	-28.0826	-26.0433
98	4	7	10	4	1	7	1	-1.82912	-3.7653	-2.65407	-1.93333
99	2	1	2	3	2	3	5	-3.76368	-6.74755	-6.79774	-7.04191
100	2	1	21	3	2	1	5	-2.94939	-2.48314	-4.41662	-4.49889
101	4	7	10	4	1	7	1	-1.82912	-3.7653	-2.65407	-1.93333
102	2	1	21	3	2	1	5	-2.94939	-2.48314	-4.41662	-4.49889
103	1	4	2	2	6	3	17	-4.72727	-2.45354	-4.66214	-5.45863
104	2	4	5	2	10	1	5	-6.89897	-9.96325	-9.93309	-10.1832
105	2	1	12	88	2	1	5	-3.96857	-3.42492	-5.73453	-5.31983
106	9	2	4	62	4	5	6	-3.72175	-5.16019	-5.6971	-6.71611
107	2	165	73	147	220	190	104	-8.66171	-11.392	-7.10906	-5.24003
108	2	1	21	3	2	1	5	-2.94939	-2.48314	-4.41662	-4.49889
109	2	4	1	2	2	1	5	-2.7838	-3.62664	-4.13625	-4.11763
110	2	1	12	3	11	1	6	-19.1363	-17.2217	-20.0467	-20.8512
111	2	1	2	3	2	3	5	-3.76368	-6.74755	-6.79774	-7.04191
112	2	4	1	2	7	1	5	-2.31209	-5.38269	-5.29653	-5.20792
113	2	1	2	3	2	3	5	-3.76368	-6.74755	-6.79774	-7.04191
114	2	1	21	3	2	1	5	-2.94939	-2.48314	-4.41662	-4.49889
115	2	4	1	2	7	1	5	-2.31209	-5.38269	-5.29653	-5.20792
116	33	39	30	82	113	43	17	-9.58152	-6.45968	-6.20323	-8.31397
117	2	4	1	2	2	1	5	-2.7838	-3.62664	-4.13625	-4.11763
118	2	4	1	2	2	1	5	-2.7838	-3.62664	-4.13625	-4.11763
119	2	4	1	2	2	1	5	-2.7838	-3.62664	-4.13625	-4.11763
120	2	4	1	2	7	1	5	-2.31209	-5.38269	-5.29653	-5.20792
121	4	7	10	1	1	7	1	-5.27267	-8.27812	-5.99694	-6.11249
122	2	1	12	3	2	1	5	-2.64063	-2.10938	-3.65082	-4.76639
123	2	4	1	2	2	1	5	-2.7838	-3.62664	-4.13625	-4.11763
124	2	4	1	2	2	1	5	-2.7838	-3.62664	-4.13625	-4.11763
125	2	4	1	2	7	1	5	-2.31209	-5.38269	-5.29653	-5.20792
126	2	4	1	2	2	1	5	-2.7838	-3.62664	-4.13625	-4.11763
127	2	4	1	2	2	1	5	-2.7838	-3.62664	-4.13625	-4.11763
128	2	1	12	88	2	1	5	-3.96857	-3.42492	-5.73453	-5.31983
129	2	1	12	3	2	1	5	-2.64063	-2.10938	-3.65082	-4.76639
130	2	1	12	3	2	1	5	-2.64063	-2.10938	-3.65082	-4.76639
131	2	4	1	2	7	1	5	-2.31209	-5.38269	-5.29653	-5.20792
132	2	1	21	3	2	1	5	-2.94939	-2.48314	-4.41662	-4.49889
133	2	1	21	3	2	1	5	-2.94939	-2.48314	-4.41662	-4.49889
134	2	4	5	2	2	5	5	-3.6778	-6.73923	-6.50966	-5.90656
135	2	1	21	3	2	1	5	-2.94939	-2.48314	-4.41662	-4.49889
136	1	4	2	2	6	3	1	-11.6113	-9.81537	-10.4857	-10.9167
137	2	1	5	3	2	3	5	-4.26243	-3.25021	-5.5399	-4.77837
138	2	1	5	3	2	3	5	-4.26243	-3.25021	-5.5399	-4.77837
139	4	7	10	4	1	7	1	-1.82912	-3.7653	-2.65407	-1.93333
140	8	10	2	2	11	12	6	-3.95929	-6.99596	-7.00145	-7.24856
141	2	1	2	3	2	3	5	-3.76368	-6.74755	-6.79774	-7.04191
142	2	1	5	3	2	3	5	-4.26243	-3.25021	-5.5399	-4.77837
143	2	1	2	3	2	3	5	-3.76368	-6.74755	-6.79774	-7.04191
144	129	66	30	82	189	47	17	-3.25187	-4.8371	-5.43776	-4.15728
145	2	4	1	2	2	1	5	-2.7838	-3.62664	-4.13625	-4.11763
146	2	4	1	2	2	1	5	-2.7838	-3.62664	-4.13625	-4.11763
147	7	21	5	62	4	61	44	-7.67715	-3.83914	-5.74891	-7.30933
148	2	4	1	2	2	1	5	-2.7838	-3.62664	-4.13625	-4.11763
149	2	937	1	2	2	1	5	-7.10498	-9.10484	-7.11755	-6.8565
150	1	14	2	2	6	1	17	-9.33116	-6.45579	-7.91796	-6.32126
151	1	4	2	2	6	3	17	-4.72727	-2.45354	-4.66214	-5.45863
152	8	10	149	2	11	12	6	-4.9023	-3.97456	-5.70285	-7.05137
153	2	1	12	3	2	1	5	-2.64063	-2.10938	-3.65082	-4.76639
154	9	30	2	2	89	59	6	-4.95832	-8.0407	-8.00278	-8.24794
155	1	2	3	4	5	9	3	-4.69919	-2.49449	-3.67701	-4.86746
156	2	4	1	2	2	1	5	-2.7838	-3.62664	-4.13625	-4.11763
157	2	4	1	2	2	1	5	-2.7838	-3.62664	-4.13625	-4.11763
158	180	194	2	68	19	231	147	-27.2911	-35.8158	-23.3159	-22.3309
159	2	4	1	2	2	1	5	-2.7838	-3.62664	-4.13625	-4.11763
160	2	4	1	2	2	1	5	-2.7838	-3.62664	-4.13625	-4.11763
161	2	4	1	2	2	1	5	-2.7838	-3.62664	-4.13625	-4.11763
162	4	7	10	4	1	7	1	-1.82912	-3.7653	-2.65407	-1.93333
163	2	4	1	2	2	1	5	-2.7838	-3.62664	-4.13625	-4.11763
164	2	1	21	3	2	1	5	-2.94939	-2.48314	-4.41662	-4.49889
165	2	4	1	2	7	1	5	-2.31209	-5.38269	-5.29653	-5.20792
166	2	4	1	2	2	1	5	-2.7838	-3.62664	-4.13625	-4.11763
167	10	1	16	19	10	5	7	-6.47378	-2.75394	-4.27518	-5.12737
168	104	7	10	4	1	7	1	-4.41522	-7.50256	-7.4448	-7.68346
169	2	4	1	2	2	1	5	-2.7838	-3.62664	-4.13625	-4.11763
170	10	27	16	19	10	5	7	-20.9314	-12.6631	-16.1699	-17.3006
171	2	4	1	2	2	1	5	-2.7838	-3.62664	-4.13625	-4.11763
172	2	1	1	3	2	1	5	-4.64419	-3.78073	-6.36067	-7.11581
173	7	21	5	62	4	61	44	-7.67715	-3.83914	-5.74891	-7.30933
174	2	1	1	3	2	1	5	-4.64419	-3.78073	-6.36067	-7.11581
175	10	1	16	19	10	5	7	-6.47378	-2.75394	-4.27518	-5.12737
176	2	4	1	2	2	1	5	-2.7838	-3.62664	-4.13625	-4.11763
177	2	4	1	2	2	1	5	-2.7838	-3.62664	-4.13625	-4.11763
178	2	1	12	3	2	1	5	-2.64063	-2.10938	-3.65082	-4.76639
179	2	4	1	2	2	1	5	-2.7838	-3.62664	-4.13625	-4.11763
180	2	4	1	2	2	1	5	-2.7838	-3.62664	-4.13625	-4.11763
181	1	4	2	2	6	3	17	-4.72727	-2.45354	-4.66214	-5.45863
182	2	1	12	3	2	1	5	-2.64063	-2.10938	-3.65082	-4.76639
183	4	7	10	4	1	7	1	-1.82912	-3.7653	-2.65407	-1.93333
184	2	4	1	2	2	1	5	-2.7838	-3.62664	-4.13625	-4.11763
185	2	4	1	2	2	1	5	-2.7838	-3.62664	-4.13625	-4.11763
186	2	1	21	3	2	1	5	-2.94939	-2.48314	-4.41662	-4.49889
187	4	7	10	4	1	7	1	-1.82912	-3.7653	-2.65407	-1.93333
188	4	7	10	4	42	51	1	-2.93416	-4.59236	-4.8334	-3.81109
189	2	1	5	3	2	3	5	-4.26243	-3.25021	-5.5399	-4.77837
190	1	2	4	62	4	5	17	-6.13817	-4.85093	-7.51442	-8.33877
191	4	7	10	4	1	7	1	-1.82912	-3.7653	-2.65407	-1.93333
192	4	7	10	4	42	51	1	-2.93416	-4.59236	-4.8334	-3.81109
193	2	1	21	3	2	1	5	-2.94939	-2.48314	-4.41662	-4.49889
194	4	7	10	4	42	51	1	-2.93416	-4.59236	-4.8334	-3.81109
195	2	4	1	2	7	1	5	-2.31209	-5.38269	-5.29653	-5.20792
196	2	4	1	2	2	1	5	-2.7838	-3.62664	-4.13625	-4.11763
197	1	2	3	4	5	9	3	-4.69919	-2.49449	-3.67701	-4.86746
198	1	2	4	62	4	5	17	-6.13817	-4.85093	-7.51442	-8.33877
199	2	250	4	281	358	25	57	-29.6176	-34.2439	-19.9482	-18.8009
200	9	2	4	62	4	5	6	-3.72175	-5.16019	-5.6971	-6.71611
201	1	2	3	4	5	9	3	-4.69919	-2.49449	-3.67701	-4.86746
202	4	7	10	4	1	7	1	-1.82912	-3.7653	-2.65407	-1.93333
203	2	4	2	4	19	3	6	-5.80301	-8.87797	-8.84108	-9.08473
204	4	7	10	4	1	7	1	-1.82912	-3.7653	-2.65407	-1.93333
205	4	7	10	4	42	51	1	-2.93416	-4.59236	-4.8334	-3.81109
206	2	1	12	3	2	1	5	-2.64063	-2.10938	-3.65082	-4.76639
207	4	7	10	4	1	7	1	-1.82912	-3.7653	-2.65407	-1.93333
208	2	1	12	3	2	1	5	-2.64063	-2.10938	-3.65082	-4.76639
209	1	2	4	62	4	5	17	-6.13817	-4.85093	-7.51442	-8.33877
210	4	7	10	4	42	51	1	-2.93416	-4.59236	-4.8334	-3.81109
211	2	4	1	2	2	1	5	-2.7838	-3.62664	-4.13625	-4.11763
212	4	7	10	4	1	7	1	-1.82912	-3.7653	-2.65407	-1.93333
213	2	1	21	3	2	1	5	-2.94939	-2.48314	-4.41662	-4.49889
214	47	2	4	2	6	5	17	-10.2864	-10.7759	-6.24459	-8.45441
215	2	1	21	3	2	1	5	-2.94939	-2.48314	-4.41662	-4.49889
216	2	1	21	3	2	1	5	-2.94939	-2.48314	-4.41662	-4.49889
217	2	4	1	2	2	1	5	-2.7838	-3.62664	-4.13625	-4.11763
218	2	4	1	2	2	1	5	-2.7838	-3.62664	-4.13625	-4.11763
219	10	81	50	99	120	76	52	-6.66658	-6.42002	-5.33657	-5.1546
220	2	4	1	2	2	1	5	-2.7838	-3.62664	-4.13625	-4.11763
221	2	4	1	2	2	1	5	-2.7838	-3.62664	-4.13625	-4.11763
222	1	4	2	2	6	3	17	-4.72727	-2.45354	-4.66214	-5.45863
223	1	2	4	62	4	5	17	-6.13817	-4.85093	-7.51442	-8.33877
224	4	7	10	4	1	7	1	-1.82912	-3.7653	-2.65407	-1.93333
225	4	7	10	4	1	7	1	-1.82912	-3.7653	-2.65407	-1.93333
226	10	1	16	19	10	5	7	-6.47378	-2.75394	-4.27518	-5.12737
227	2	4	1	2	2	1	5	-2.7838	-3.62664	-4.13625	-4.11763
228	2	4	1	2	7	1	5	-2.31209	-5.38269	-5.29653	-5.20792
229	1	4	2	348	6	3	17	-9.29227	-5.36865	-8.22074	-9.22757
230	1	2	4	62	4	5	17	-6.13817	-4.85093	-7.51442	-8.33877
231	10	27	16	19	10	5	7	-20.9314	-12.6631	-16.1699	-17.3006
232	1	4	2	2	6	3	17	-4.72727	-2.45354	-4.66214	-5.45863
233	4	7	10	4	42	51	1	-2.93416	-4.59236	-4.8334	-3.81109
234	2	4	1	2	2	1	5	-2.7838	-3.62664	-4.13625	-4.11763
235	2	1	12	3	2	1	5	-2.64063	-2.10938	-3.65082	-4.76639
236	2	1	12	88	2	1	5	-3.96857	-3.42492	-5.73453	-5.31983
237	2	4	1	2	7	1	5	-2.31209	-5.38269	-5.29653	-5.20792
238	2	1	12	3	2	1	5	-2.64063	-2.10938	-3.65082	-4.76639
239	1	4	2	2	6	3	17	-4.72727	-2.45354	-4.66214	-5.45863
240	2	1	4	28	58	25	58	-5.65244	-8.5669	-5.45282	-4.22909
241	2	1	5	3	2	3	5	-4.26243	-3.25021	-5.5399	-4.77837
242	2	1	12	3	2	1	5	-2.64063	-2.10938	-3.65082	-4.76639
243	2	4	1	2	2	1	5	-2.7838	-3.62664	-4.13625	-4.11763
244	2	1	5	10	11	1	5	-27.5149	-21.8064	-24.0736	-25.2245
245	2	1	12	3	2	1	5	-2.64063	-2.10938	-3.65082	-4.76639
246	2	1	12	88	2	1	5	-3.96857	-3.42492	-5.73453	-5.31983
247	2	1	12	3	2	1	5	-2.64063	-2.10938	-3.65082	-4.76639
248	2	1	12	3	2	1	5	-2.64063	-2.10938	-3.65082	-4.76639
249	1	4	2	2	6	3	17	-4.72727	-2.45354	-4.66214	-5.45863
250	9	2	4	62	4	5	6	-3.72175	-5.16019	-5.6971	-6.71611
251	2	1	12	3	2	1	5	-2.64063	-2.10938	-3.65082	-4.76639
252	8	10	149	2	11	12	6	-4.9023	-3.97456	-5.70285	-7.05137
253	2	1	21	3	2	1	5	-2.94939	-2.48314	-4.41662	-4.49889
254	1	2	3	4	5	9	3	-4.69919	-2.49449	-3.67701	-4.86746
255	2	1	5	3	2	3	5	-4.26243	-3.25021	-5.5399	-4.77837
256	1	307	3	4	5	9	3	-6.84254	-6.42911	-6.16675	-8.16651
257	1	4	2	2	6	3	17	-4.72727	-2.45354	-4.66214	-5.45863
258	2	4	1	2	7	1	5	-2.31209	-5.38269	-5.29653	-5.20792
259	2	4	1	2	2	1	5	-2.7838	-3.62664	-4.13625	-4.11763
260	2	61	4	64	126	7	23	-6.00336	-9.00938	-6.07663	-4.24066
261	7	21	5	62	4	61	44	-7.67715	-3.83914	-5.74891	-7.30933
262	2	1	12	3	2	1	5	-2.64063	-2.10938	-3.65082	-4.76639
263	2	4	1	2	2	1	5	-2.7838	-3.62664	-4.13625	-4.11763
264	2	1	12	3	2	1	5	-2.64063	-2.10938	-3.65082	-4.76639
265	2	1	21	3	2	1	5	-2.94939	-2.48314	-4.41662	-4.49889
266	2	1	21	3	2	1	5	-2.94939	-2.48314	-4.41662	-4.49889
267	2	4	1	2	2	1	5	-2.7838	-3.62664	-4.13625	-4.11763
268	2	4	1	2	2	1	5	-2.7838	-3.62664	-4.13625	-4.11763
269	2	4	1	2	7	1	5	-2.31209	-5.38269	-5.29653	-5.20792
270	4	7	10	4	1	7	1	-1.82912	-3.7653	-2.65407	-1.93333
271	1	2	4	62	4	5	17	-6.13817	-4.85093	-7.51442	-8.33877
272	4	1	21	3	2	1	5	-9.91083	-9.94321	-10.3661	-10.0273
273	10	1	16	19	10	5	7	-6.47378	-2.75394	-4.27518	-5.12737
274	33	283	44	82	189	44	17	-7.25692	-3.4794	-5.52426	-5.94237
275	2	1	12	3	2	1	5	-2.64063	-2.10938	-3.65082	-4.76639
276	10	81	50	99	120	76	52	-6.66658	-6.42002	-5.33657	-5.1546
277	4	7	10	4	42	25	1	-8.46093	-10.3441	-5.87744	-5.16858
278	2	4	1	2	2	1	5	-2.7838	-3.62664	-4.13625	-4.11763
279	2	4	5	2	10	1	5	-6.89897	-9.96325	-9.93309	-10.1832
280	2	4	1	2	2	1	5	-2.7838	-3.62664	-4.13625	-4.11763
281	9	2	4	62	4	5	6	-3.72175	-5.16019	-5.6971	-6.71611
282	4	7	10	4	1	7	1	-1.82912	-3.7653	-2.65407	-1.93333
283	2	1	12	3	2	1	5	-2.64063	-2.10938	-3.65082	-4.76639
284	9	2	4	62	4	5	6	-3.72175	-5.16019	-5.6971	-6.71611
285	9	2	4	62	4	5	6	-3.72175	-5.16019	-5.6971	-6.71611
286	2	4	1	2	2	1	5	-2.7838	-3.62664	-4.13625	-4.11763
287	2	1	12	88	2	1	5	-3.96857	-3.42492	-5.73453	-5.31983
288	2	1	21	3	2	1	5	-2.94939	-2.48314	-4.41662	-4.49889
289	33	39	30	79	113	44	17	-26.5341	-23.3421	-24.4299	-26.9089
290	1	2	3	4	5	9	3	-4.69919	-2.49449	-3.67701	-4.86746
291	1	4	2	2	6	3	17	-4.72727	-2.45354	-4.66214	-5.45863
292	9	2	4	62	4	5	6	-3.72175	-5.16019	-5.6971	-6.71611
293	2	1	12	3	2	1	5	-2.64063	-2.10938	-3.65082	-4.76639
294	2	1	5	3	2	5	5	-5.67662	-2.83277	-4.16592	-5.43429
295	2	1	5	3	2	5	5	-5.67662	-2.83277	-4.16592	-5.43429
296	2	4	1	2	2	1	5	-2.7838	-3.62664	-4.13625	-4.11763
297	2	4	1	2	2	1	5	-2.7838	-3.62664	-4.13625	-4.11763
298	2	1	21	3	2	1	5	-2.94939	-2.48314	-4.41662	-4.49889
299	32	39	30	82	104	324	17	-8.5999	-4.68528	-7.53401	-8.53743
300	2	1	12	3	2	1	5	-2.64063	-2.10938	-3.65082	-4.76639
301	4	7	10	4	1	7	1	-1.82912	-3.7653	-2.65407	-1.93333
302	1	4	2	2	6	3	5	-9.13571	-5.25303	-8.12384	-9.16019
303	2	1	21	3	2	1	5	-2.94939	-2.48314	-4.41662	-4.49889
304	4	7	10	4	42	51	1	-2.93416	-4.59236	-4.8334	-3.81109
305	2	4	1	2	7	1	5	-2.31209	-5.38269	-5.29653	-5.20792
306	7	21	5	62	4	61	44	-7.67715	-3.83914	-5.74891	-7.30933
307	104	7	10	4	1	7	1	-4.41522	-7.50256	-7.4448	-7.68346
308	9	25	2	10	22	3	6	-4.47128	-7.53602	-6.02019	-4.36233
309	2	4	2	2	6	3	17	-11.0254	-7.50211	-10.1198	-10.744
310	2	4	1	2	7	1	5	-2.31209	-5.38269	-5.29653	-5.20792
311	129	66	30	82	189	47	17	-3.25187	-4.8371	-5.43776	-4.15728
312	33	39	30	82	104	173	68	-5.43113	-3.98372	-6.6769	-7.52167
313	2	1	12	3	2	1	5	-2.64063	-2.10938	-3.65082	-4.76639
314	2	1	1	3	2	1	5	-4.64419	-3.78073	-6.36067	-7.11581
315	7	21	5	62	4	61	44	-7.67715	-3.83914	-5.74891	-7.30933
316	2	1	21	3	2	1	5	-2.94939	-2.48314	-4.41662	-4.49889
317	4	7	10	4	1	7	1	-1.82912	-3.7653	-2.65407	-1.93333
318	10	2	107	62	120	76	1	-6.84919	-9.91008	-8.04455	-6.31692
319	4	7	10	4	1	7	1	-1.82912	-3.7653	-2.65407	-1.93333
320	2	1	12	3	2	1	5	-2.64063	-2.10938	-3.65082	-4.76639
321	2	1	5	3	2	3	5	-4.26243	-3.25021	-5.5399	-4.77837
322	4	7	10	4	1	7	1	-1.82912	-3.7653	-2.65407	-1.93333
323	2	1	12	88	2	1	5	-3.96857	-3.42492	-5.73453	-5.31983
324	4	7	10	4	42	7	1	-6.56285	-9.27088	-5.65953	-4.65332
325	4	7	10	4	42	51	1	-2.93416	-4.59236	-4.8334	-3.81109
326	2	1	21	3	2	1	5	-2.94939	-2.48314	-4.41662	-4.49889
327	2	1	12	3	2	1	5	-2.64063	-2.10938	-3.65082	-4.76639
328	4	7	10	4	1	7	1	-1.82912	-3.7653	-2.65407	-1.93333
329	2	4	1	2	7	1	5	-2.31209	-5.38269	-5.29653	-5.20792
330	4	7	10	4	1	7	1	-1.82912	-3.7653	-2.65407	-1.93333
331	2	1	12	3	2	1	5	-2.64063	-2.10938	-3.65082	-4.76639
332	4	7	10	4	1	7	1	-1.82912	-3.7653	-2.65407	-1.93333
333	4	7	10	4	1	7	1	-1.82912	-3.7653	-2.65407	-1.93333
334	1	4	2	2	6	3	17	-4.72727	-2.45354	-4.66214	-5.45863
335	2	4	1	2	2	1	5	-2.7838	-3.62664	-4.13625	-4.11763
336	4	7	10	4	1	7	1	-1.82912	-3.7653	-2.65407	-1.93333
337	7	17	2	15	23	3	12	-6.9057	-9.98731	-9.94993	-10.1949
338	2	1	5	3	2	3	5	-4.26243	-3.25021	-5.5399	-4.77837
339	4	7	10	4	1	7	1	-1.82912	-3.7653	-2.65407	-1.93333
340	4	7	10	4	1	7	1	-1.82912	-3.7653	-2.65407	-1.93333
341	4	7	10	4	42	51	1	-2.93416	-4.59236	-4.8334	-3.81109
342	2	4	1	2	2	1	5	-2.7838	-3.62664	-4.13625	-4.11763
343	2	1	12	88	2	1	5	-3.96857	-3.42492	-5.73453	-5.31983
344	2	1	1	3	2	1	5	-4.64419	-3.78073	-6.36067	-7.11581
345	1	2	3	4	5	9	3	-4.69919	-2.49449	-3.67701	-4.86746
346	2	1	12	88	2	1	5	-3.96857	-3.42492	-5.73453	-5.31983
347	2	1	1	3	2	1	5	-4.64419	-3.78073	-6.36067	-7.11581
348	24	17	2	10	23	68	5	-9.69775	-5.78161	-8.63147	-9.63547
349	4	7	10	4	1	7	1	-1.82912	-3.7653	-2.65407	-1.93333
350	2	1	21	3	2	1	5	-2.94939	-2.48314	-4.41662	-4.49889
351	1	4	2	2	6	3	17	-4.72727	-2.45354	-4.66214	-5.45863
352	2	1	5	3	2	3	5	-4.26243	-3.25021	-5.5399	-4.77837
353	4	7	10	4	1	7	1	-1.82912	-3.7653	-2.65407	-1.93333
354	2	1	1	3	2	1	5	-4.64419	-3.78073	-6.36067	-7.11581
355	2	1	12	3	2	1	5	-2.64063	-2.10938	-3.65082	-4.76639
356	8	10	149	2	11	12	6	-4.9023	-3.97456	-5.70285	-7.05137
357	2	4	1	2	2	5	5	-6.83607	-6.39108	-8.76183	-9.46644
358	10	1	16	19	10	5	7	-6.47378	-2.75394	-4.27518	-5.12737
359	24	17	2	10	23	68	5	-9.69775	-5.78161	-8.63147	-9.63547
360	1	2	4	62	4	5	17	-6.13817	-4.85093	-7.51442	-8.33877
361	2	4	1	2	7	1	5	-2.31209	-5.38269	-5.29653	-5.20792
362	7	71	5	62	11	67	6	-30.2873	-29.8096	-27.084	-28.1856
363	7	17	5	2	10	3	6	-25.9527	-23.6771	-23.6744	-22.6915
364	2	1	5	3	2	3	5	-4.26243	-3.25021	-5.5399	-4.77837
365	9	2	4	62	4	5	6	-3.72175	-5.16019	-5.6971	-6.71611
366	33	38	30	82	104	325	36	-14.7911	-11.9672	-12.3216	-13.0788
367	2	4	1	2	7	1	5	-2.31209	-5.38269	-5.29653	-5.20792
368	47	2	4	2	6	5	17	-10.2864	-10.7759	-6.24459	-8.45441
369	2	1	12	88	2	1	5	-3.96857	-3.42492	-5.73453	-5.31983
370	2	1	12	88	2	1	5	-3.96857	-3.42492	-5.73453	-5.31983
371	2	1	12	88	2	1	5	-3.96857	-3.42492	-5.73453	-5.31983
372	2	1	12	88	2	1	5	-3.96857	-3.42492	-5.73453	-5.31983
373	2	4	1	2	2	1	5	-2.7838	-3.62664	-4.13625	-4.11763
374	2	1	12	88	2	1	5	-3.96857	-3.42492	-5.73453	-5.31983
375	1	1	2	2	6	3	17	-10.1606	-6.12972	-9.01159	-10.0859
376	2	1	12	88	2	1	5	-3.96857	-3.42492	-5.73453	-5.31983
377	2	1	12	88	2	1	5	-3.96857	-3.42492	-5.73453	-5.31983
378	2	4	1	2	2	1	5	-2.7838	-3.62664	-4.13625	-4.11763
379	2	1	12	88	2	1	5	-3.96857	-3.42492	-5.73453	-5.31983
380	2	1	5	3	2	3	5	-4.26243	-3.25021	-5.5399	-4.77837
381	4	7	10	4	1	7	1	-1.82912	-3.7653	-2.65407	-1.93333
382	2	1	12	3	2	1	5	-2.64063	-2.10938	-3.65082	-4.76639
383	1	2	4	62	4	5	17	-6.13817	-4.85093	-7.51442	-8.33877
384	1	4	2	2	6	3	17	-4.72727	-2.45354	-4.66214	-5.45863
385	2	1	12	3	2	1	5	-2.64063	-2.10938	-3.65082	-4.76639
386	2	1	12	88	2	1	5	-3.96857	-3.42492	-5.73453	-5.31983
387	9	2	4	62	4	5	6	-3.72175	-5.16019	-5.6971	-6.71611
388	2	4	1	2	7	1	5	-2.31209	-5.38269	-5.29653	-5.20792
389	2	1	5	3	2	3	5	-4.26243	-3.25021	-5.5399	-4.77837
390	7	21	5	62	4	61	44	-7.67715	-3.83914	-5.74891	-7.30933
391	1	2	215	4	90	24	8	-31.3292	-33.8388	-22.6149	-21.2687
392	2	1	21	3	2	1	5	-2.94939	-2.48314	-4.41662	-4.49889
393	1	4	2	2	6	3	17	-4.72727	-2.45354	-4.66214	-5.45863
394	2	4	1	2	2	1	5	-2.7838	-3.62664	-4.13625	-4.11763
395	2	1	12	3	2	1	5	-2.64063	-2.10938	-3.65082	-4.76639
396	1	2	3	4	5	9	3	-4.69919	-2.49449	-3.67701	-4.86746
397	2	1	5	3	2	3	5	-4.26243	-3.25021	-5.5399	-4.77837
398	10	1	16	19	10	5	7	-6.47378	-2.75394	-4.27518	-5.12737
399	2	1	2	3	2	959	5	-8.16067	-11.8206	-9.76115	-9.77736
400	10	1	16	19	10	5	7	-6.47378	-2.75394	-4.27518	-5.12737
401	2	4	1	2	7	1	5	-2.31209	-5.38269	-5.29653	-5.20792
402	2	1	12	3	2	1	5	-2.64063	-2.10938	-3.65082	-4.76639
403	8	10	149	2	11	12	6	-4.9023	-3.97456	-5.70285	-7.05137
404	2	4	1	2	7	1	5	-2.31209	-5.38269	-5.29653	-5.20792
405	4	7	10	4	1	7	1	-1.82912	-3.7653	-2.65407	-1.93333
406	4	7	10	4	1	7	1	-1.82912	-3.7653	-2.65407	-1.93333
407	2	4	5	2	2	5	5	-3.6778	-6.73923	-6.50966	-5.90656
408	2	1	12	3	2	1	5	-2.64063	-2.10938	-3.65082	-4.76639
409	166	2	27	10	151	3	1	-32.9425	-36.5043	-27.2369	-24.9781
410	33	39	30	79	113	44	17	-26.5341	-23.3421	-24.4299	-26.9089
411	7	17	2	15	23	3	12	-6.9057	-9.98731	-9.94993	-10.1949
412	1	2	3	4	5	9	3	-4.69919	-2.49449	-3.67701	-4.86746
413	2	4	1	2	7	1	5	-2.31209	-5.38269	-5.29653	-5.20792
414	7	21	5	62	4	61	44	-7.67715	-3.83914	-5.74891	-7.30933
415	2	1	12	3	2	1	5	-2.64063	-2.10938	-3.65082	-4.76639
416	1	2	3	4	5	9	3	-4.69919	-2.49449	-3.67701	-4.86746
417	2	1	5	88	2	11	5	-8.97371	-5.35242	-6.10584	-8.06907
418	2	4	1	2	7	1	5	-2.31209	-5.38269	-5.29653	-5.20792
419	2	1	21	3	2	1	5	-2.94939	-2.48314	-4.41662	-4.49889
420	7	17	2	15	23	3	12	-6.9057	-9.98731	-9.94993	-10.1949
421	2	1	5	88	2	11	5	-8.97371	-5.35242	-6.10584	-8.06907
422	47	2	4	2	6	5	17	-10.2864	-10.7759	-6.24459	-8.45441
423	1	2	3	4	5	9	3	-4.69919	-2.49449	-3.67701	-4.86746
424	7	17	2	15	23	3	12	-6.9057	-9.98731	-9.94993	-10.1949
425	2	4	1	2	2	1	5	-2.7838	-3.62664	-4.13625	-4.11763
426	2	4	1	2	2	1	5	-2.7838	-3.62664	-4.13625	-4.11763
427	2	4	1	2	2	1	5	-2.7838	-3.62664	-4.13625	-4.11763
428	2	1	12	3	2	1	5	-2.64063	-2.10938	-3.65082	-4.76639
429	2	4	5	2	2	5	5	-3.6778	-6.73923	-6.50966	-5.90656
430	2	1	21	3	2	1	5	-2.94939	-2.48314	-4.41662	-4.49889
431	4	7	10	4	42	25	1	-8.46093	-10.3441	-5.87744	-5.16858
432	1	4	2	2	6	3	17	-4.72727	-2.45354	-4.66214	-5.45863
433	1	2	215	4	923	24	8	-31.3292	-33.8388	-22.6149	-21.2687
434	1	2	3	4	5	9	3	-4.69919	-2.49449	-3.67701	-4.86746
435	2	1	1	3	2	1	5	-4.64419	-3.78073	-6.36067	-7.11581
436	1	4	2	2	6	3	17	-4.72727	-2.45354	-4.66214	-5.45863
437	2	4	1	2	2	1	5	-2.7838	-3.62664	-4.13625	-4.11763
438	2	1	5	3	2	5	5	-5.67662	-2.83277	-4.16592	-5.43429
439	4	7	10	4	42	51	1	-2.93416	-4.59236	-4.8334	-3.81109
440	4	7	10	4	1	7	1	-1.82912	-3.7653	-2.65407	-1.93333
441	4	7	10	4	1	7	1	-1.82912	-3.7653	-2.65407	-1.93333
442	4	7	10	4	1	7	1	-1.82912	-3.7653	-2.65407	-1.93333
443	2	1	21	3	2	1	5	-2.94939	-2.48314	-4.41662	-4.49889
444	2	1	21	3	2	1	5	-2.94939	-2.48314	-4.41662	-4.49889
445	2	4	1	2	7	1	5	-2.31209	-5.38269	-5.29653	-5.20792
446	4	7	10	4	1	7	1	-1.82912	-3.7653	-2.65407	-1.93333
447	4	7	10	4	1	7	1	-1.82912	-3.7653	-2.65407	-1.93333
448	2	1	1	3	2	1	5	-4.64419	-3.78073	-6.36067	-7.11581
449	2	1	21	3	2	1	5	-2.94939	-2.48314	-4.41662	-4.49889
450	2	1	21	3	2	1	5	-2.94939	-2.48314	-4.41662	-4.49889
451	4	7	10	4	42	51	1	-2.93416	-4.59236	-4.8334	-3.81109
452	4	7	10	1	1	7	1	-5.27267	-8.27812	-5.99694	-6.11249
453	239	27	16	19	10	5	7	-10.3929	-6.47714	-9.32538	-10.3299
454	2	1	12	3	2	1	5	-2.64063	-2.10938	-3.65082	-4.76639
455	2	4	1	2	2	1	5	-2.7838	-3.62664	-4.13625	-4.11763
456	2	1	12	3	2	1	5	-2.64063	-2.10938	-3.65082	-4.76639
457	2	1	12	3	2	1	5	-2.64063	-2.10938	-3.65082	-4.76639
458	10	81	50	99	120	76	52	-6.66658	-6.42002	-5.33657	-5.1546
459	47	2	4	2	6	5	17	-10.2864	-10.7759	-6.24459	-8.45441
460	2	4	1	3	2	1	5	-6.84416	-8.37681	-9.41266	-9.85085
461	4	7	10	4	1	7	1	-1.82912	-3.7653	-2.65407	-1.93333
462	2	1	1	380	2	1	5	-6.17528	-5.72951	-8.19059	-8.86363
463	2	4	1	2	7	1	5	-2.31209	-5.38269	-5.29653	-5.20792
464	2	1	12	88	2	1	5	-3.96857	-3.42492	-5.73453	-5.31983
465	7	71	5	62	11	67	1	-32.0303	-30.0367	-26.278	-27.2558
466	2	4	1	2	7	1	5	-2.31209	-5.38269	-5.29653	-5.20792
467	4	7	10	4	1	7	1	-1.82912	-3.7653	-2.65407	-1.93333
468	2	1	1	380	2	1	5	-6.17528	-5.72951	-8.19059	-8.86363
469	2	4	1	2	2	1	5	-2.7838	-3.62664	-4.13625	-4.11763
470	2	1	12	3	2	1	5	-2.64063	-2.10938	-3.65082	-4.76639
471	1	14	2	2	6	1	17	-9.33116	-6.45579	-7.91796	-6.32126
472	1	2	4	62	4	5	17	-6.13817	-4.85093	-7.51442	-8.33877
473	4	7	10	4	1	7	1	-1.82912	-3.7653	-2.65407	-1.93333
474	2	1	21	3	2	1	5	-2.94939	-2.48314	-4.41662	-4.49889
475	2	4	1	2	2	1	5	-2.7838	-3.62664	-4.13625	-4.11763
476	1	4	2	2	6	3	17	-4.72727	-2.45354	-4.66214	-5.45863
477	4	7	10	4	1	7	1	-1.82912	-3.7653	-2.65407	-1.93333
478	10	2	107	62	120	76	1	-6.84919	-9.91008	-8.04455	-6.31692
479	2	1	12	3	2	1	5	-2.64063	-2.10938	-3.65082	-4.76639
480	2	1	5	3	2	3	5	-4.26243	-3.25021	-5.5399	-4.77837
481	2	1	21	3	2	1	5	-2.94939	-2.48314	-4.41662	-4.49889
482	1	2	3	4	5	9	3	-4.69919	-2.49449	-3.67701	-4.86746
483	1	307	3	4	5	9	3	-6.84254	-6.42911	-6.16675	-8.16651
484	7	2	5	2	10	3	6	-31.9769	-26.6745	-27.8921	-28.7175
485	1	2	3	4	5	9	3	-4.69919	-2.49449	-3.67701	-4.86746
486	33	39	30	82	104	173	68	-5.43113	-3.98372	-6.6769	-7.52167
487	4	7	10	4	42	7	1	-6.56285	-9.27088	-5.65953	-4.65332
488	2	1	12	88	2	1	5	-3.96857	-3.42492	-5.73453	-5.31983
489	2	4	1	2	2	1	5	-2.7838	-3.62664	-4.13625	-4.11763
490	2	1	21	3	2	1	5	-2.94939	-2.48314	-4.41662	-4.49889
491	9	2	4	62	4	5	6	-3.72175	-5.16019	-5.6971	-6.71611
492	2	1	5	3	2	3	5	-4.26243	-3.25021	-5.5399	-4.77837
493	4	7	10	4	1	7	1	-1.82912	-3.7653	-2.65407	-1.93333
494	2	1	57	26	127	29	35	-6.86849	-9.60247	-6.21662	-8.27822
495	2	1	57	26	127	29	35	-6.86849	-9.60247	-6.21662	-8.27822
496	2	4	2	4	19	3	6	-5.80301	-8.87797	-8.84108	-9.08473
497	2	1	12	3	2	1	5	-2.64063	-2.10938	-3.65082	-4.76639
498	2	4	1	2	2	1	5	-2.7838	-3.62664	-4.13625	-4.11763
499	2	4	1	2	2	1	5	-2.7838	-3.62664	-4.13625	-4.11763
500	2	1	21	3	2	1	5	-2.94939	-2.48314	-4.41662	-4.49889
501	33	39	65	79	104	43	17	-4.60244	-7.6844	-7.64648	-7.89241
502	1	14	2	2	6	1	17	-9.33116	-6.45579	-7.91796	-6.32126
503	2	1	12	3	2	1	5	-2.64063	-2.10938	-3.65082	-4.76639
504	7	21	5	62	4	61	44	-7.67715	-3.83914	-5.74891	-7.30933
505	9	2	4	62	4	5	6	-3.72175	-5.16019	-5.6971	-6.71611
506	129	66	30	82	189	47	17	-3.25187	-4.8371	-5.43776	-4.15728
507	2	1	21	3	2	1	5	-2.94939	-2.48314	-4.41662	-4.49889
508	47	2	4	2	6	5	17	-10.2864	-10.7759	-6.24459	-8.45441
509	2	4	1	2	7	1	5	-2.31209	-5.38269	-5.29653	-5.20792
510	33	38	30	82	104	325	36	-14.7911	-11.9672	-12.3216	-13.0788
511	1	4	2	2	6	3	17	-4.72727	-2.45354	-4.66214	-5.45863
512	1	4	2	2	6	3	17	-4.72727	-2.45354	-4.66214	-5.45863
513	2	4	1	2	2	1	5	-2.7838	-3.62664	-4.13625	-4.11763
514	4	7	10	4	1	7	1	-1.82912	-3.7653	-2.65407	-1.93333
515	33	283	44	82	189	44	17	-7.25692	-3.4794	-5.52426	-5.94237
516	8	10	149	2	11	12	6	-4.9023	-3.97456	-5.70285	-7.05137
517	2	1	21	3	62	1	5	-5.80077	-8.8622	-8.8382	-9.08665
518	10	1	16	19	10	5	7	-6.47378	-2.75394	-4.27518	-5.12737
519	180	194	2	68	19	231	147	-27.2911	-35.8158	-23.3159	-22.3309
520	2	4	1	2	7	1	5	-2.31209	-5.38269	-5.29653	-5.20792
521	2	4	2	2	6	1	5	-6.11635	-4.83312	-5.99166	-7.69696
522	1	2	3	4	5	9	3	-4.69919	-2.49449	-3.67701	-4.86746
523	2	1	21	3	2	1	5	-2.94939	-2.48314	-4.41662	-4.49889
524	2	1	12	3	2	1	5	-2.64063	-2.10938	-3.65082	-4.76639
525	2	1	5	3	2	3	5	-4.26243	-3.25021	-5.5399	-4.77837
526	1	307	3	4	5	9	3	-6.84254	-6.42911	-6.16675	-8.16651
527	2	4	1	2	7	1	5	-2.31209	-5.38269	-5.29653	-5.20792
528	2	1	12	3	2	1	5	-2.64063	-2.10938	-3.65082	-4.76639
529	7	21	5	62	4	61	44	-7.67715	-3.83914	-5.74891	-7.30933
530	2	1	5	3	2	3	5	-4.26243	-3.25021	-5.5399	-4.77837
531	2	1	12	88	2	1	5	-3.96857	-3.42492	-5.73453	-5.31983
532	2	1	21	3	2	1	5	-2.94939	-2.48314	-4.41662	-4.49889
533	1	4	2	2	6	3	17	-4.72727	-2.45354	-4.66214	-5.45863
534	2	4	1	2	7	1	5	-2.31209	-5.38269	-5.29653	-5.20792
535	47	2	4	2	6	5	17	-10.2864	-10.7759	-6.24459	-8.45441
536	1	4	2	2	6	3	17	-4.72727	-2.45354	-4.66214	-5.45863
537	1	2	3	4	5	9	3	-4.69919	-2.49449	-3.67701	-4.86746
538	2	4	1	2	2	1	5	-2.7838	-3.62664	-4.13625	-4.11763
539	4	7	10	4	42	7	1	-6.56285	-9.27088	-5.65953	-4.65332
540	2	4	1	9	2	1	5	-7.16761	-9.11291	-7.1295	-6.8651
541	2	1	12	3	2	1	5	-2.64063	-2.10938	-3.65082	-4.76639
542	1	4	2	9	6	3	17	-9.11709	-7.89085	-7.63046	-8.18564
543	1	2	3	4	922	9	3	-9.09819	-7.98324	-6.67286	-7.61671
544	4	7	10	4	1	7	1	-1.82912	-3.7653	-2.65407	-1.93333
545	2	1	5	3	2	3	5	-4.26243	-3.25021	-5.5399	-4.77837
546	2	4	1	2	7	1	5	-2.31209	-5.38269	-5.29653	-5.20792
547	4	7	10	4	1	7	1	-1.82912	-3.7653	-2.65407	-1.93333
548	2	4	1	2	2	1	5	-2.7838	-3.62664	-4.13625	-4.11763
549	2	1	21	3	2	1	5	-2.94939	-2.48314	-4.41662	-4.49889
550	4	7	10	4	1	7	1	-1.82912	-3.7653	-2.65407	-1.93333
551	1	4	2	2	6	3	17	-4.72727	-2.45354	-4.66214	-5.45863
552	2	1	5	3	2	5	5	-5.67662	-2.83277	-4.16592	-5.43429
553	2	1	12	3	2	1	5	-2.64063	-2.10938	-3.65082	-4.76639
554	4	936	10	4	1	7	1	-6.22262	-9.25043	-5.62346	-4.68458
555	180	194	2	68	19	231	147	-27.2911	-35.8158	-23.3159	-22.3309
556	4	7	10	4	42	51	1	-2.93416	-4.59236	-4.8334	-3.81109
557	4	7	10	4	42	25	1	-8.46093	-10.3441	-5.87744	-5.16858
558	2	1	21	3	2	1	5	-2.94939	-2.48314	-4.41662	-4.49889
559	2	1	5	3	2	3	5	-4.26243	-3.25021	-5.5399	-4.77837
560	2	1	5	3	2	3	5	-4.26243	-3.25021	-5.5399	-4.77837
561	4	7	10	4	42	51	1	-2.93416	-4.59236	-4.8334	-3.81109
562	4	7	10	4	1	7	1	-1.82912	-3.7653	-2.65407	-1.93333
563	2	4	1	2	7	1	5	-2.31209	-5.38269	-5.29653	-5.20792
564	2	1	21	3	2	1	5	-2.94939	-2.48314	-4.41662	-4.49889
565	1	4	2	2	6	3	17	-4.72727	-2.45354	-4.66214	-5.45863
566	188	313	5	2	89	5	6	-41.1882	-36.5477	-36.2862	-39.6575
567	2	1	21	3	2	1	5	-2.94939	-2.48314	-4.41662	-4.49889
568	2	1	1	3	2	1	5	-4.64419	-3.78073	-6.36067	-7.11581
569	2	1	5	3	2	3	5	-4.26243	-3.25021	-5.5399	-4.77837
570	2	4	1	2	2	1	5	-2.7838	-3.62664	-4.13625	-4.11763
571	2	1	5	3	2	3	5	-4.26243	-3.25021	-5.5399	-4.77837
572	2	1	1	3	2	1	5	-4.64419	-3.78073	-6.36067	-7.11581
573	2	1	5	3	2	3	5	-4.26243	-3.25021	-5.5399	-4.77837
574	1	4	2	2	6	3	17	-4.72727	-2.45354	-4.66214	-5.45863
575	1	4	2	2	6	3	17	-4.72727	-2.45354	-4.66214	-5.45863
576	2	1	21	3	2	1	5	-2.94939	-2.48314	-4.41662	-4.49889
577	239	27	16	19	10	5	7	-10.3929	-6.47714	-9.32538	-10.3299
578	2	4	5	2	2	5	5	-3.6778	-6.73923	-6.50966	-5.90656
579	9	2	4	62	4	5	6	-3.72175	-5.16019	-5.6971	-6.71611
580	2	1	1	3	2	1	5	-4.64419	-3.78073	-6.36067	-7.11581
581	2	1	5	3	2	3	5	-4.26243	-3.25021	-5.5399	-4.77837
582	1	4	2	2	6	3	17	-4.72727	-2.45354	-4.66214	-5.45863
583	2	4	5	2	2	5	5	-3.6778	-6.73923	-6.50966	-5.90656
584	2	4	5	2	2	5	5	-3.6778	-6.73923	-6.50966	-5.90656
585	2	1	5	3	2	3	5	-4.26243	-3.25021	-5.5399	-4.77837
586	2	1	1	380	2	1	5	-6.17528	-5.72951	-8.19059	-8.86363
587	2	7	10	4	1	7	1	-6.62571	-8.5366	-7.95974	-7.17416
588	2	1	12	3	2	1	5	-2.64063	-2.10938	-3.65082	-4.76639
589	2	4	1	2	2	1	5	-2.7838	-3.62664	-4.13625	-4.11763
590	9	2	4	62	4	5	6	-3.72175	-5.16019	-5.6971	-6.71611
591	2	4	5	2	2	5	5	-3.6778	-6.73923	-6.50966	-5.90656
592	1	4	2	2	6	3	17	-4.72727	-2.45354	-4.66214	-5.45863
593	1	4	2	2	6	5	17	-13.0343	-8.57003	-11.4998	-13.4787
594	2	4	2	2	6	1	5	-6.11635	-4.83312	-5.99166	-7.69696
595	1	4	2	2	6	5	17	-13.0343	-8.57003	-11.4998	-13.4787
596	2	23	21	3	2	1	5	-7.34922	-7.97722	-7.4144	-7.24982
597	7	21	5	62	4	61	44	-7.67715	-3.83914	-5.74891	-7.30933
598	2	4	1	2	2	1	5	-2.7838	-3.62664	-4.13625	-4.11763
599	1	307	3	4	5	9	3	-6.84254	-6.42911	-6.16675	-8.16651
600	1	2	3	4	5	9	3	-4.69919	-2.49449	-3.67701	-4.86746
601	9	2	4	62	4	5	6	-3.72175	-5.16019	-5.6971	-6.71611
602	2	1	12	3	2	1	5	-2.64063	-2.10938	-3.65082	-4.76639
603	1	4	2	2	6	3	17	-4.72727	-2.45354	-4.66214	-5.45863
604	10	1	16	19	10	5	7	-6.47378	-2.75394	-4.27518	-5.12737
605	2	1	12	3	2	1	5	-2.64063	-2.10938	-3.65082	-4.76639
606	180	194	2	68	19	231	147	-27.2911	-35.8158	-23.3159	-22.3309
607	2	1	12	3	2	1	5	-2.64063	-2.10938	-3.65082	-4.76639
608	4	7	10	4	1	7	1	-1.82912	-3.7653	-2.65407	-1.93333
609	129	66	30	82	189	47	17	-3.25187	-4.8371	-5.43776	-4.15728
610	4	7	10	4	1	7	1	-1.82912	-3.7653	-2.65407	-1.93333
611	2	1	12	3	2	1	5	-2.64063	-2.10938	-3.65082	-4.76639
612	2	1	21	3	2	1	5	-2.94939	-2.48314	-4.41662	-4.49889
613	4	7	10	4	1	7	1	-1.82912	-3.7653	-2.65407	-1.93333
614	10	1	16	19	10	5	7	-6.47378	-2.75394	-4.27518	-5.12737
615	8	10	149	2	11	12	6	-4.9023	-3.97456	-5.70285	-7.05137
616	129	66	30	82	189	47	17	-3.25187	-4.8371	-5.43776	-4.15728
617	2	4	1	2	2	1	5	-2.7838	-3.62664	-4.13625	-4.11763
618	180	194	2	68	19	231	147	-27.2911	-35.8158	-23.3159	-22.3309
619	2	1	5	3	2	3	5	-4.26243	-3.25021	-5.5399	-4.77837
620	2	4	1	2	2	1	5	-2.7838	-3.62664	-4.13625	-4.11763
621	1	2	3	4	5	9	3	-4.69919	-2.49449	-3.67701	-4.86746
622	180	194	2	68	19	231	147	-27.2911	-35.8158	-23.3159	-22.3309
623	33	39	65	79	104	43	17	-4.60244	-7.6844	-7.64648	-7.89241
624	2	4	5	2	2	5	5	-3.6778	-6.73923	-6.50966	-5.90656
625	2	1	5	3	2	5	5	-5.67662	-2.83277	-4.16592	-5.43429
626	2	1	12	3	2	1	5	-2.64063	-2.10938	-3.65082	-4.76639
627	180	194	2	68	19	231	147	-27.2911	-35.8158	-23.3159	-22.3309
628	2	1	21	3	2	1	5	-2.94939	-2.48314	-4.41662	-4.49889
629	2	1	5	3	2	5	5	-5.67662	-2.83277	-4.16592	-5.43429
630	2	1	21	3	2	1	5	-2.94939	-2.48314	-4.41662	-4.49889
631	1	2	3	4	5	9	3	-4.69919	-2.49449	-3.67701	-4.86746
632	2	1	21	3	2	1	5	-2.94939	-2.48314	-4.41662	-4.49889
633	8	10	2	2	11	12	6	-3.95929	-6.99596	-7.00145	-7.24856
634	2	4	1	2	7	1	5	-2.31209	-5.38269	-5.29653	-5.20792
635	2	1	5	3	2	3	5	-4.26243	-3.25021	-5.5399	-4.77837
636	1	2	3	4	5	9	3	-4.69919	-2.49449	-3.67701	-4.86746
637	9	2	4	62	4	5	6	-3.72175	-5.16019	-5.6971	-6.71611
638	2	1	21	3	2	1	5	-2.94939	-2.48314	-4.41662	-4.49889
639	8	10	149	2	11	12	6	-4.9023	-3.97456	-5.70285	-7.05137
640	2	1	12	88	2	1	5	-3.96857	-3.42492	-5.73453	-5.31983
641	2	4	1	2	2	1	5	-2.7838	-3.62664	-4.13625	-4.11763
642	2	1	5	10	10	1	5	-23.7786	-22.7029	-22.8759	-23.4566
643	1	2	3	4	5	9	3	-4.69919	-2.49449	-3.67701	-4.86746
644	2	4	1	2	7	1	5	-2.31209	-5.38269	-5.29653	-5.20792
645	2	4	1	2	2	1	5	-2.7838	-3.62664	-4.13625	-4.11763
646	1	2	3	4	5	9	3	-4.69919	-2.49449	-3.67701	-4.86746
647	2	1	12	88	2	1	5	-3.96857	-3.42492	-5.73453	-5.31983
648	4	7	10	4	1	7	1	-1.82912	-3.7653	-2.65407	-1.93333
649	2	1	21	3	2	1	5	-2.94939	-2.48314	-4.41662	-4.49889
650	2	4	1	2	7	1	5	-2.31209	-5.38269	-5.29653	-5.20792
651	33	38	30	82	118	43	17	-20.4647	-18.3389	-20.5121	-22.0274
652	2	4	1	2	2	1	5	-2.7838	-3.62664	-4.13625	-4.11763
653	2	1	5	3	2	3	5	-4.26243	-3.25021	-5.5399	-4.77837
654	4	7	10	4	1	7	1	-1.82912	-3.7653	-2.65407	-1.93333
655	8	10	2	2	11	12	6	-3.95929	-6.99596	-7.00145	-7.24856
656	2	4	5	2	2	5	5	-3.6778	-6.73923	-6.50966	-5.90656
657	4	7	10	4	1	7	1	-1.82912	-3.7653	-2.65407	-1.93333
658	2	1	5	3	2	3	5	-4.26243	-3.25021	-5.5399	-4.77837
659	33	39	30	82	113	47	17	-5.78584	-5.7392	-8.04101	-8.6358
660	2	1	21	3	2	1	5	-2.94939	-2.48314	-4.41662	-4.49889
661	2	4	1	2	7	1	5	-2.31209	-5.38269	-5.29653	-5.20792
662	2	1	1	3	2	1	5	-4.64419	-3.78073	-6.36067	-7.11581
663	4	7	10	4	1	7	1	-1.82912	-3.7653	-2.65407	-1.93333
664	7	21	5	62	4	61	44	-7.67715	-3.83914	-5.74891	-7.30933
665	10	81	50	99	120	76	52	-6.66658	-6.42002	-5.33657	-5.1546
666	4	7	10	4	1	7	1	-1.82912	-3.7653	-2.65407	-1.93333
667	1	2	3	4	5	9	3	-4.69919	-2.49449	-3.67701	-4.86746
668	1	2	3	4	5	9	3	-4.69919	-2.49449	-3.67701	-4.86746
669	2	4	1	2	7	1	5	-2.31209	-5.38269	-5.29653	-5.20792
670	4	7	10	4	1	7	1	-1.82912	-3.7653	-2.65407	-1.93333
671	2	1	5	3	2	3	5	-4.26243	-3.25021	-5.5399	-4.77837
672	1	4	2	2	6	3	17	-4.72727	-2.45354	-4.66214	-5.45863
673	4	935	10	4	1	7	1	-6.22262	-9.25043	-5.62346	-4.68458
674	10	1	16	19	10	5	7	-6.47378	-2.75394	-4.27518	-5.12737
675	4	7	10	4	1	7	1	-1.82912	-3.7653	-2.65407	-1.93333
676	33	39	65	79	104	43	17	-4.60244	-7.6844	-7.64648	-7.89241
677	2	4	2	2	6	1	5	-6.11635	-4.83312	-5.99166	-7.69696
678	4	7	10	4	42	25	1	-8.46093	-10.3441	-5.87744	-5.16858
679	1	4	2	2	6	3	17	-4.72727	-2.45354	-4.66214	-5.45863
680	4	7	10	4	42	25	1	-8.46093	-10.3441	-5.87744	-5.16858
681	4	7	10	4	42	25	1	-8.46093	-10.3441	-5.87744	-5.16858
682	4	7	10	4	1	7	1	-1.82912	-3.7653	-2.65407	-1.93333
683	2	4	1	2	7	1	5	-2.31209	-5.38269	-5.29653	-5.20792
684	4	7	10	4	1	7	1	-1.82912	-3.7653	-2.65407	-1.93333
685	4	7	10	4	42	7	1	-6.56285	-9.27088	-5.65953	-4.65332
686	10	27	16	19	10	5	7	-20.9314	-12.6631	-16.1699	-17.3006
687	10	81	50	99	120	76	52	-6.66658	-6.42002	-5.33657	-5.1546
688	4	7	10	4	1	7	1	-1.82912	-3.7653	-2.65407	-1.93333
689	4	7	10	4	42	51	1	-2.93416	-4.59236	-4.8334	-3.81109
690	4	7	10	4	1	7	1	-1.82912	-3.7653	-2.65407	-1.93333
691	10	81	50	99	120	76	52	-6.66658	-6.42002	-5.33657	-5.1546
692	2	4	1	2	2	1	5	-2.7838	-3.62664	-4.13625	-4.11763
693	4	7	10	4	42	51	1	-2.93416	-4.59236	-4.8334	-3.81109
694	4	7	10	4	42	51	1	-2.93416	-4.59236	-4.8334	-3.81109
695	4	7	10	4	42	51	1	-2.93416	-4.59236	-4.8334	-3.81109
696	8	10	2	2	11	12	6	-3.95929	-6.99596	-7.00145	-7.24856
697	33	38	30	82	104	43	17	-5.29547	-8.37623	-8.33855	-8.58046
698	4	7	10	4	1	7	1	-1.82912	-3.7653	-2.65407	-1.93333
699	10	81	50	99	120	76	52	-6.66658	-6.42002	-5.33657	-5.1546
700	2	4	1	2	7	1	5	-2.31209	-5.38269	-5.29653	-5.20792
701	4	7	10	4	1	7	1	-1.82912	-3.7653	-2.65407	-1.93333
702	4	7	10	4	1	7	1	-1.82912	-3.7653	-2.65407	-1.93333
703	10	81	50	99	120	76	52	-6.66658	-6.42002	-5.33657	-5.1546
704	4	7	10	4	42	51	1	-2.93416	-4.59236	-4.8334	-3.81109
705	9	2	4	62	4	5	6	-3.72175	-5.16019	-5.6971	-6.71611
706	4	7	10	4	1	7	1	-1.82912	-3.7653	-2.65407	-1.93333
707	2	1	1	3	2	1	5	-4.64419	-3.78073	-6.36067	-7.11581
708	1	14	2	2	6	1	17	-9.33116	-6.45579	-7.91796	-6.32126
709	2	4	2	2	6	1	5	-6.11635	-4.83312	-5.99166	-7.69696
710	2	4	2	2	6	1	5	-6.11635	-4.83312	-5.99166	-7.69696
711	4	7	10	4	42	51	1	-2.93416	-4.59236	-4.8334	-3.81109
712	10	2	107	62	120	76	1	-6.84919	-9.91008	-8.04455	-6.31692
713	2	1	12	3	2	1	5	-2.64063	-2.10938	-3.65082	-4.76639
714	2	4	1	2	2	1	5	-2.7838	-3.62664	-4.13625	-4.11763
715	47	2	4	2	6	5	17	-10.2864	-10.7759	-6.24459	-8.45441
716	4	7	10	4	42	5	1	-11.212	-10.6946	-11.095	-11.3154
717	2	1	12	3	2	1	5	-2.64063	-2.10938	-3.65082	-4.76639
718	4	7	10	4	42	51	1	-2.93416	-4.59236	-4.8334	-3.81109
719	1	307	3	4	5	9	3	-6.84254	-6.42911	-6.16675	-8.16651
720	2	1	21	3	2	1	5	-2.94939	-2.48314	-4.41662	-4.49889
721	4	7	10	4	1	7	1	-1.82912	-3.7653	-2.65407	-1.93333
722	2	4	1	2	2	1	5	-2.7838	-3.62664	-4.13625	-4.11763
723	2	1	12	3	2	1	5	-2.64063	-2.10938	-3.65082	-4.76639
724	4	7	10	4	1	7	1	-1.82912	-3.7653	-2.65407	-1.93333
725	2	1	21	3	2	1	5	-2.94939	-2.48314	-4.41662	-4.49889
726	2	1	1	3	2	1	5	-4.64419	-3.78073	-6.36067	-7.11581
727	4	7	10	4	1	7	1	-1.82912	-3.7653	-2.65407	-1.93333
728	2	1	12	3	2	1	5	-2.64063	-2.10938	-3.65082	-4.76639
729	1	4	3	2	6	3	17	-14.7715	-9.06089	-11.7901	-13.8936
730	2	1	12	3	2	1	5	-2.64063	-2.10938	-3.65082	-4.76639
731	2	1	12	88	2	1	5	-3.96857	-3.42492	-5.73453	-5.31983
732	1	4	2	2	6	3	17	-4.72727	-2.45354	-4.66214	-5.45863
733	4	7	10	4	42	51	1	-2.93416	-4.59236	-4.8334	-3.81109
734	2	1	12	3	2	1	5	-2.64063	-2.10938	-3.65082	-4.76639
735	4	7	10	4	1	7	1	-1.82912	-3.7653	-2.65407	-1.93333
736	2	1	12	88	2	1	5	-3.96857	-3.42492	-5.73453	-5.31983
737	2	1	21	3	2	1	5	-2.94939	-2.48314	-4.41662	-4.49889
738	2	4	5	2	2	5	5	-3.6778	-6.73923	-6.50966	-5.90656
739	2	4	5	2	2	5	5	-3.6778	-6.73923	-6.50966	-5.90656
740	2	1	21	3	62	1	5	-5.80077	-8.8622	-8.8382	-9.08665
741	4	7	10	4	42	25	1	-8.46093	-10.3441	-5.87744	-5.16858
742	1	2	4	62	4	5	17	-6.13817	-4.85093	-7.51442	-8.33877
743	1	2	3	4	5	9	3	-4.69919	-2.49449	-3.67701	-4.86746
744	8	10	2	2	11	12	6	-3.95929	-6.99596	-7.00145	-7.24856
745	2	1	12	88	2	1	5	-3.96857	-3.42492	-5.73453	-5.31983
746	2	4	5	2	2	5	5	-3.6778	-6.73923	-6.50966	-5.90656
747	2	1	12	3	2	1	5	-2.64063	-2.10938	-3.65082	-4.76639
748	7	21	5	62	4	61	44	-7.67715	-3.83914	-5.74891	-7.30933
749	9	2	4	62	4	5	6	-3.72175	-5.16019	-5.6971	-6.71611
750	10	1	16	19	10	5	7	-6.47378	-2.75394	-4.27518	-5.12737
751	10	1	16	19	10	5	7	-6.47378	-2.75394	-4.27518	-5.12737
752	8	10	2	2	11	12	6	-3.95929	-6.99596	-7.00145	-7.24856
753	1	4	2	2	6	3	17	-4.72727	-2.45354	-4.66214	-5.45863
754	2	1	12	3	2	1	5	-2.64063	-2.10938	-3.65082	-4.76639
755	2	1	12	88	2	1	5	-3.96857	-3.42492	-5.73453	-5.31983
756	2	29	4	27	10	25	57	-19.794	-23.7241	-14.6946	-12.0204
757	2	1	5	3	2	3	5	-4.26243	-3.25021	-5.5399	-4.77837
758	2	1	12	3	2	1	5	-2.64063	-2.10938	-3.65082	-4.76639
759	37	52	57	26	107	29	23	-8.23792	-10.2428	-5.7984	-4.91157
760	2	4	1	2	7	1	5	-2.31209	-5.38269	-5.29653	-5.20792
761	1	2	3	4	5	9	3	-4.69919	-2.49449	-3.67701	-4.86746
762	2	1	12	3	2	1	5	-2.64063	-2.10938	-3.65082	-4.76639
763	1	4	2	2	6	3	17	-4.72727	-2.45354	-4.66214	-5.45863
764	1	4	2	2	6	3	17	-4.72727	-2.45354	-4.66214	-5.45863
765	1	2	3	4	5	9	3	-4.69919	-2.49449	-3.67701	-4.86746
766	4	7	10	4	1	7	1	-1.82912	-3.7653	-2.65407	-1.93333
767	2	1	21	3	2	1	5	-2.94939	-2.48314	-4.41662	-4.49889
768	2	1	12	3	2	1	5	-2.64063	-2.10938	-3.65082	-4.76639
769	2	4	1	2	2	5	5	-6.83607	-6.39108	-8.76183	-9.46644
770	2	4	1	2	2	1	5	-2.7838	-3.62664	-4.13625	-4.11763
771	2	4	5	2	2	5	5	-3.6778	-6.73923	-6.50966	-5.90656
772	10	1	16	19	10	5	7	-6.47378	-2.75394	-4.27518	-5.12737
773	7	21	5	62	4	61	44	-7.67715	-3.83914	-5.74891	-7.30933
774	9	2	4	62	4	5	6	-3.72175	-5.16019	-5.6971	-6.71611
775	2	1	12	3	2	1	5	-2.64063	-2.10938	-3.65082	-4.76639
776	1	4	2	2	6	3	17	-4.72727	-2.45354	-4.66214	-5.45863
777	4	7	10	4	1	7	1	-1.82912	-3.7653	-2.65407	-1.93333
778	2	1	12	3	2	1	5	-2.64063	-2.10938	-3.65082	-4.76639
779	2	1	5	3	2	5	5	-5.67662	-2.83277	-4.16592	-5.43429
780	2	23	21	3	2	1	5	-7.34922	-7.97722	-7.4144	-7.24982
781	2	4	5	2	2	5	5	-3.6778	-6.73923	-6.50966	-5.90656
782	2	4	2	2	6	1	5	-6.11635	-4.83312	-5.99166	-7.69696
783	2	1	12	3	2	1	5	-2.64063	-2.10938	-3.65082	-4.76639
784	4	7	10	4	42	51	1	-2.93416	-4.59236	-4.8334	-3.81109
785	7	17	5	2	86	232	1	-29.9109	-34.6215	-27.8014	-25.8959
786	2	4	1	2	2	1	5	-2.7838	-3.62664	-4.13625	-4.11763
787	2	1	12	3	2	1	5	-2.64063	-2.10938	-3.65082	-4.76639
788	2	1	21	3	2	1	5	-2.94939	-2.48314	-4.41662	-4.49889
789	7	17	2	15	23	3	12	-6.9057	-9.98731	-9.94993	-10.1949
790	2	1	5	3	2	5	5	-5.67662	-2.83277	-4.16592	-5.43429
791	1	6	60	24	12	28	1	-30.8467	-36.749	-20.6985	-19.9671
792	1	2	3	4	5	9	3	-4.69919	-2.49449	-3.67701	-4.86746
793	2	4	5	2	2	5	5	-3.6778	-6.73923	-6.50966	-5.90656
794	1	2	3	4	5	9	3	-4.69919	-2.49449	-3.67701	-4.86746
795	1	6	60	24	12	28	1	-30.8467	-36.749	-20.6985	-19.9671
796	9	2	4	62	4	5	6	-3.72175	-5.16019	-5.6971	-6.71611
797	2	4	1	2	2	1	5	-2.7838	-3.62664	-4.13625	-4.11763
798	4	7	10	4	1	7	1	-1.82912	-3.7653	-2.65407	-1.93333
799	2	4	5	2	2	5	5	-3.6778	-6.73923	-6.50966	-5.90656
800	7	2	2	2	11	12	6	-4.5059	-7.58628	-7.54892	-7.79503
801	2	1	21	3	2	1	941	-7.34949	-7.9582	-7.40704	-7.2465
802	9	2	2	10	10	3	5	-30.4395	-24.6069	-25.8101	-25.3403
803	8	10	149	2	11	12	6	-4.9023	-3.97456	-5.70285	-7.05137
804	7	1	5	2	10	3	6	-32.9765	-28.5308	-29.5567	-28.9399
805	2	1	21	3	2	1	5	-2.94939	-2.48314	-4.41662	-4.49889
806	33	39	30	82	113	43	17	-9.58152	-6.45968	-6.20323	-8.31397
807	1	6	60	24	12	28	1	-30.8467	-36.749	-20.6985	-19.9671
808	1	6	60	24	12	28	1	-30.8467	-36.749	-20.6985	-19.9671
809	7	17	2	15	23	3	12	-6.9057	-9.98731	-9.94993	-10.1949
810	1	4	2	2	6	3	17	-4.72727	-2.45354	-4.66214	-5.45863
811	1	4	2	2	6	3	17	-4.72727	-2.45354	-4.66214	-5.45863
812	7	21	5	62	4	61	44	-7.67715	-3.83914	-5.74891	-7.30933
813	239	27	16	19	10	5	7	-10.3929	-6.47714	-9.32538	-10.3299
814	9	2	4	62	4	5	6	-3.72175	-5.16019	-5.6971	-6.71611
815	10	1	16	19	10	5	7	-6.47378	-2.75394	-4.27518	-5.12737
816	2	1	5	3	2	5	5	-5.67662	-2.83277	-4.16592	-5.43429
817	2	4	5	2	2	5	5	-3.6778	-6.73923	-6.50966	-5.90656
818	8	10	2	2	11	12	6	-3.95929	-6.99596	-7.00145	-7.24856
819	7	17	2	15	23	3	12	-6.9057	-9.98731	-9.94993	-10.1949
820	2	4	1	4	1	1	5	-15.8345	-17.5086	-15.4249	-14.9764
821	4	7	10	4	1	7	1	-1.82912	-3.7653	-2.65407	-1.93333
822	8	10	149	2	11	12	6	-4.9023	-3.97456	-5.70285	-7.05137
823	2	1	12	88	2	1	5	-3.96857	-3.42492	-5.73453	-5.31983
824	2	4	2	2	6	1	5	-6.11635	-4.83312	-5.99166	-7.69696
825	10	81	50	99	120	76	52	-6.66658	-6.42002	-5.33657	-5.1546
826	2	4	5	2	2	5	5	-3.6778	-6.73923	-6.50966	-5.90656
827	2	4	1	2	2	5	5	-6.83607	-6.39108	-8.76183	-9.46644
828	8	10	149	2	11	12	6	-4.9023	-3.97456	-5.70285	-7.05137
829	1	4	2	2	6	3	17	-4.72727	-2.45354	-4.66214	-5.45863
830	2	165	73	147	220	190	104	-8.66171	-11.392	-7.10906	-5.24003
831	4	7	10	4	42	25	1	-8.46093	-10.3441	-5.87744	-5.16858
832	7	2	2	2	11	12	6	-4.5059	-7.58628	-7.54892	-7.79503
833	1	6	60	24	12	28	1	-30.8467	-36.749	-20.6985	-19.9671
834	2	1	12	3	2	1	5	-2.64063	-2.10938	-3.65082	-4.76639
835	33	39	65	79	104	77	17	-5.29541	-8.37672	-8.3397	-8.58544
836	4	7	10	4	1	7	1	-1.82912	-3.7653	-2.65407	-1.93333
837	1	2	3	4	5	9	3	-4.69919	-2.49449	-3.67701	-4.86746
838	2	1	21	3	2	1	5	-2.94939	-2.48314	-4.41662	-4.49889
839	2	1	12	3	2	1	5	-2.64063	-2.10938	-3.65082	-4.76639
840	4	7	10	4	1	7	1	-1.82912	-3.7653	-2.65407	-1.93333
841	2	4	1	2	7	1	5	-2.31209	-5.38269	-5.29653	-5.20792
842	184	39	30	82	113	43	17	-3.95878	-6.02728	-6.91061	-7.20503
843	4	7	10	4	1	7	1	-1.82912	-3.7653	-2.65407	-1.93333
844	2	4	1	2	2	1	5	-2.7838	-3.62664	-4.13625	-4.11763
845	4	7	10	4	1	7	1	-1.82912	-3.7653	-2.65407	-1.93333
846	2	1	12	88	2	1	5	-3.96857	-3.42492	-5.73453	-5.31983
847	2	1	21	3	2	1	5	-2.94939	-2.48314	-4.41662	-4.49889
848	1	2	3	4	5	9	3	-4.69919	-2.49449	-3.67701	-4.86746
849	4	7	10	4	1	7	1	-1.82912	-3.7653	-2.65407	-1.93333
850	2	1	21	3	2	1	5	-2.94939	-2.48314	-4.41662	-4.49889
851	8	10	2	2	11	12	6	-3.95929	-6.99596	-7.00145	-7.24856
852	2	4	1	2	2	1	5	-2.7838	-3.62664	-4.13625	-4.11763
853	2	4	1	2	2	1	5	-2.7838	-3.62664	-4.13625	-4.11763
854	2	4	2	2	6	1	5	-6.11635	-4.83312	-5.99166	-7.69696
855	2	4	1	2	2	1	5	-2.7838	-3.62664	-4.13625	-4.11763
856	2	4	1	2	2	1	5	-2.7838	-3.62664	-4.13625	-4.11763
857	2	4	1	2	2	1	5	-2.7838	-3.62664	-4.13625	-4.11763
858	1	2	3	4	5	9	3	-4.69919	-2.49449	-3.67701	-4.86746
859	2	4	1	2	2	1	5	-2.7838	-3.62664	-4.13625	-4.11763
860	2	4	1	2	2	1	5	-2.7838	-3.62664	-4.13625	-4.11763
861	8	10	2	2	11	12	6	-3.95929	-6.99596	-7.00145	-7.24856
862	2	1	5	3	2	3	5	-4.26243	-3.25021	-5.5399	-4.77837
863	33	39	30	82	104	173	68	-5.43113	-3.98372	-6.6769	-7.52167
864	2	4	1	2	7	1	5	-2.31209	-5.38269	-5.29653	-5.20792
865	8	10	2	2	11	12	6	-3.95929	-6.99596	-7.00145	-7.24856
866	2	4	1	2	7	1	5	-2.31209	-5.38269	-5.29653	-5.20792
867	1	2	3	4	5	9	3	-4.69919	-2.49449	-3.67701	-4.86746
868	1	2	215	4	90	24	8	-31.3292	-33.8388	-22.6149	-21.2687
869	2	1	1	3	2	1	5	-4.64419	-3.78073	-6.36067	-7.11581
870	10	81	50	99	120	76	52	-6.66658	-6.42002	-5.33657	-5.1546
871	2	4	1	2	7	1	5	-2.31209	-5.38269	-5.29653	-5.20792
872	2	1	12	3	2	1	5	-2.64063	-2.10938	-3.65082	-4.76639
873	2	4	1	2	2	1	5	-2.7838	-3.62664	-4.13625	-4.11763
874	2	4	1	2	2	1	5	-2.7838	-3.62664	-4.13625	-4.11763
875	2	4	1	2	2	1	5	-2.7838	-3.62664	-4.13625	-4.11763
876	2	1	5	3	2	3	5	-4.26243	-3.25021	-5.5399	-4.77837
877	2	4	1	2	2	1	5	-2.7838	-3.62664	-4.13625	-4.11763
878	4	7	10	4	1	7	1	-1.82912	-3.7653	-2.65407	-1.93333
879	2	4	1	2	7	1	5	-2.31209	-5.38269	-5.29653	-5.20792
880	2	4	5	2	2	5	5	-3.6778	-6.73923	-6.50966	-5.90656
881	2	4	1	2	2	1	5	-2.7838	-3.62664	-4.13625	-4.11763
882	8	10	2	2	11	12	6	-3.95929	-6.99596	-7.00145	-7.24856
883	4	7	10	4	1	7	1	-1.82912	-3.7653	-2.65407	-1.93333
884	2	4	1	2	2	1	5	-2.7838	-3.62664	-4.13625	-4.11763
885	166	2	1	10	17	3	1	-35.7021	-38.0235	-31.545	-29.8145
886	2	4	1	2	7	1	5	-2.31209	-5.38269	-5.29653	-5.20792
887	2	4	1	2	2	1	5	-2.7838	-3.62664	-4.13625	-4.11763
888	4	7	10	4	1	7	1	-1.82912	-3.7653	-2.65407	-1.93333
889	4	7	10	4	1	7	1	-1.82912	-3.7653	-2.65407	-1.93333
890	2	4	1	2	7	1	5	-2.31209	-5.38269	-5.29653	-5.20792
891	2	4	1	2	2	1	5	-2.7838	-3.62664	-4.13625	-4.11763
892	2	1	5	3	2	3	5	-4.26243	-3.25021	-5.5399	-4.77837
893	9	25	2	10	22	3	6	-4.47128	-7.53602	-6.02019	-4.36233
894	2	1	21	3	62	1	5	-5.80077	-8.8622	-8.8382	-9.08665
895	129	66	30	82	189	47	17	-3.25187	-4.8371	-5.43776	-4.15728
896	129	66	30	82	189	47	17	-3.25187	-4.8371	-5.43776	-4.15728
897	4	7	10	4	1	7	1	-1.82912	-3.7653	-2.65407	-1.93333
898	2	4	1	2	2	1	5	-2.7838	-3.62664	-4.13625	-4.11763
899	4	7	10	4	42	7	1	-6.56285	-9.27088	-5.65953	-4.65332
900	2	4	1	2	7	1	5	-2.31209	-5.38269	-5.29653	-5.20792
901	1	307	3	4	5	9	3	-6.84254	-6.42911	-6.16675	-8.16651
902	2	1	21	3	2	1	5	-2.94939	-2.48314	-4.41662	-4.49889
903	4	7	10	4	1	7	1	-1.82912	-3.7653	-2.65407	-1.93333
904	2	1	21	3	2	1	5	-2.94939	-2.48314	-4.41662	-4.49889
905	2	4	1	2	2	5	5	-6.83607	-6.39108	-8.76183	-9.46644
906	2	4	1	2	7	1	5	-2.31209	-5.38269	-5.29653	-5.20792
907	2	4	1	2	7	1	5	-2.31209	-5.38269	-5.29653	-5.20792
908	2	4	1	2	7	1	5	-2.31209	-5.38269	-5.29653	-5.20792
909	4	7	10	4	1	7	1	-1.82912	-3.7653	-2.65407	-1.93333
910	8	10	2	2	11	12	6	-3.95929	-6.99596	-7.00145	-7.24856
911	7	21	5	62	4	61	44	-7.67715	-3.83914	-5.74891	-7.30933
912	2	1	12	88	2	1	5	-3.96857	-3.42492	-5.73453	-5.31983
913	2	4	1	2	2	1	5	-2.7838	-3.62664	-4.13625	-4.11763
914	1	2	3	4	5	9	3	-4.69919	-2.49449	-3.67701	-4.86746
915	2	4	1	2	7	1	5	-2.31209	-5.38269	-5.29653	-5.20792
916	2	4	1	2	2	1	5	-2.7838	-3.62664	-4.13625	-4.11763
917	2	4	1	2	2	1	5	-2.7838	-3.62664	-4.13625	-4.11763
918	2	4	1	2	7	1	5	-2.31209	-5.38269	-5.29653	-5.20792
919	4	7	10	4	1	7	1	-1.82912	-3.7653	-2.65407	-1.93333
920	2	1	5	3	2	3	5	-4.26243	-3.25021	-5.5399	-4.77837
921	2	4	1	2	7	1	5	-2.31209	-5.38269	-5.29653	-5.20792
922	2	4	1	2	2	1	5	-2.7838	-3.62664	-4.13625	-4.11763
923	8	10	2	2	11	12	6	-3.95929	-6.99596	-7.00145	-7.24856
924	2	1	12	3	2	1	5	-2.64063	-2.10938	-3.65082	-4.76639
925	48	7	10	4	183	7	1	-10.5366	-14.6476	-8.59066	-7.3718
926	7	21	5	62	4	61	44	-7.67715	-3.83914	-5.74891	-7.30933
927	4	7	10	4	1	7	1	-1.82912	-3.7653	-2.65407	-1.93333
928	9	25	2	10	22	3	6	-4.47128	-7.53602	-6.02019	-4.36233
929	2	4	1	2	2	1	5	-2.7838	-3.62664	-4.13625	-4.11763
930	2	4	1	2	7	1	5	-2.31209	-5.38269	-5.29653	-5.20792
931	2	4	1	2	2	1	5	-2.7838	-3.62664	-4.13625	-4.11763
932	2	4	1	2	2	1	5	-2.7838	-3.62664	-4.13625	-4.11763
933	9	25	2	10	22	3	6	-4.47128	-7.53602	-6.02019	-4.36233
934	2	4	1	2	2	1	5	-2.7838	-3.62664	-4.13625	-4.11763
935	2	4	1	2	2	1	5	-2.7838	-3.62664	-4.13625	-4.11763
936	2	4	1	2	7	1	5	-2.31209	-5.38269	-5.29653	-5.20792
937	2	4	1	2	7	1	5	-2.31209	-5.38269	-5.29653	-5.20792
938	2	4	1	2	2	1	5	-2.7838	-3.62664	-4.13625	-4.11763
939	2	4	1	2	2	1	5	-2.7838	-3.62664	-4.13625	-4.11763
940	4	7	10	4	1	7	1	-1.82912	-3.7653	-2.65407	-1.93333
941	2	4	1	2	2	1	5	-2.7838	-3.62664	-4.13625	-4.11763
942	4	7	10	4	1	7	1	-1.82912	-3.7653	-2.65407	-1.93333
943	2	4	1	2	7	1	5	-2.31209	-5.38269	-5.29653	-5.20792
944	2	4	1	2	2	1	5	-2.7838	-3.62664	-4.13625	-4.11763
945	4	7	10	4	1	7	1	-1.82912	-3.7653	-2.65407	-1.93333
946	9	25	2	10	22	3	6	-4.47128	-7.53602	-6.02019	-4.36233
947	10	81	50	99	120	76	52	-6.66658	-6.42002	-5.33657	-5.1546
948	2	1	21	3	2	1	5	-2.94939	-2.48314	-4.41662	-4.49889
949	4	7	10	4	1	7	1	-1.82912	-3.7653	-2.65407	-1.93333
950	2	4	1	2	7	1	5	-2.31209	-5.38269	-5.29653	-5.20792
951	4	7	10	4	1	7	1	-1.82912	-3.7653	-2.65407	-1.93333
952	4	7	10	4	1	7	1	-1.82912	-3.7653	-2.65407	-1.93333
953	8	315	2	2	11	12	6	-8.3583	-12.4836	-9.99652	-9.99739
954	8	10	2	2	11	12	6	-3.95929	-6.99596	-7.00145	-7.24856
955	2	4	1	2	2	1	5	-2.7838	-3.62664	-4.13625	-4.11763
956	4	7	10	4	1	7	1	-1.82912	-3.7653	-2.65407	-1.93333
957	2	4	1	2	2	1	5	-2.7838	-3.62664	-4.13625	-4.11763
958	2	4	1	2	2	1	5	-2.7838	-3.62664	-4.13625	-4.11763
959	2	4	1	2	2	1	5	-2.7838	-3.62664	-4.13625	-4.11763
960	2	4	1	2	7	1	5	-2.31209	-5.38269	-5.29653	-5.20792
961	2	4	1	2	2	1	5	-2.7838	-3.62664	-4.13625	-4.11763
962	2	4	1	2	2	1	5	-2.7838	-3.62664	-4.13625	-4.11763
963	2	1	21	3	2	1	5	-2.94939	-2.48314	-4.41662	-4.49889
964	2	4	1	2	2	1	5	-2.7838	-3.62664	-4.13625	-4.11763
965	1	4	2	2	2	3	17	-11.4202	-7.51932	-10.6141	-12.0266
966	2	4	1	2	2	1	5	-2.7838	-3.62664	-4.13625	-4.11763
967	2	4	1	2	2	1	5	-2.7838	-3.62664	-4.13625	-4.11763
968	7	21	5	62	4	61	44	-7.67715	-3.83914	-5.74891	-7.30933
969	2	4	1	2	2	1	5	-2.7838	-3.62664	-4.13625	-4.11763
970	4	7	10	4	1	7	1	-1.82912	-3.7653	-2.65407	-1.93333
971	2	4	1	2	2	1	5	-2.7838	-3.62664	-4.13625	-4.11763
972	10	1	16	19	10	5	7	-6.47378	-2.75394	-4.27518	-5.12737
973	8	10	2	2	11	12	6	-3.95929	-6.99596	-7.00145	-7.24856
974	4	7	10	4	1	7	1	-1.82912	-3.7653	-2.65407	-1.93333
975	2	4	2	2	6	1	5	-6.11635	-4.83312	-5.99166	-7.69696
976	2	4	1	2	2	1	5	-2.7838	-3.62664	-4.13625	-4.11763
977	2	4	1	2	2	1	5	-2.7838	-3.62664	-4.13625	-4.11763
978	2	1	12	3	2	1	5	-2.64063	-2.10938	-3.65082	-4.76639
979	2	1	21	3	2	1	5	-2.94939	-2.48314	-4.41662	-4.49889
980	1	4	2	2	6	3	17	-4.72727	-2.45354	-4.66214	-5.45863
981	9	2	4	62	4	5	6	-3.72175	-5.16019	-5.6971	-6.71611
982	9	2	4	62	4	5	6	-3.72175	-5.16019	-5.6971	-6.71611
983	2	4	1	2	2	1	5	-2.7838	-3.62664	-4.13625	-4.11763
984	9	25	2	10	22	3	6	-4.47128	-7.53602	-6.02019	-4.36233
985	2	1	12	3	2	1	5	-2.64063	-2.10938	-3.65082	-4.76639
986	2	4	1	2	2	1	5	-2.7838	-3.62664	-4.13625	-4.11763
987	2	4	1	2	2	1	5	-2.7838	-3.62664	-4.13625	-4.11763
988	2	4	1	2	2	1	5	-2.7838	-3.62664	-4.13625	-4.11763
989	1	4	2	2	6	3	17	-4.72727	-2.45354	-4.66214	-5.45863
990	1	4	2	2	6	3	17	-4.72727	-2.45354	-4.66214	-5.45863
991	9	25	2	10	22	3	6	-4.47128	-7.53602	-6.02019	-4.36233
992	1	4	2	2	6	3	17	-4.72727	-2.45354	-4.66214	-5.45863
993	2	4	1	2	2	1	5	-2.7838	-3.62664	-4.13625	-4.11763
994	2	4	1	2	2	1	5	-2.7838	-3.62664	-4.13625	-4.11763
995	8	10	2	2	11	12	6	-3.95929	-6.99596	-7.00145	-7.24856
996	2	4	1	2	2	1	5	-2.7838	-3.62664	-4.13625	-4.11763
997	2	1	5	3	2	5	5	-5.67662	-2.83277	-4.16592	-5.43429
998	8	10	2	2	11	12	6	-3.95929	-6.99596	-7.00145	-7.24856
999	2	4	1	2	2	1	5	-2.7838	-3.62664	-4.13625	-4.11763
1000	2	4	1	2	2	1	5	-2.7838	-3.62664	-4.13625	-4.11763
1001	2	1	21	3	2	1	5	-2.94939	-2.48314	-4.41662	-4.49889
1002	1	2	4	62	4	5	17	-6.13817	-4.85093	-7.51442	-8.33877
1003	2	1	12	3	2	1	5	-2.64063	-2.10938	-3.65082	-4.76639
1004	2	4	1	2	7	1	5	-2.31209	-5.38269	-5.29653	-5.20792
1005	1	307	3	4	5	9	3	-6.84254	-6.42911	-6.16675	-8.16651
1006	2	4	2	4	19	3	6	-5.80301	-8.87797	-8.84108	-9.08473
1007	2	4	1	2	2	1	5	-2.7838	-3.62664	-4.13625	-4.11763
1008	1	4	2	2	6	3	17	-4.72727	-2.45354	-4.66214	-5.45863
1009	9	25	2	10	22	3	6	-4.47128	-7.53602	-6.02019	-4.36233
1010	4	7	10	4	1	7	1	-1.82912	-3.7653	-2.65407	-1.93333
1011	2	4	1	2	2	1	5	-2.7838	-3.62664	-4.13625	-4.11763
1012	10	1	16	19	10	5	7	-6.47378	-2.75394	-4.27518	-5.12737
1013	2	1	21	3	2	1	5	-2.94939	-2.48314	-4.41662	-4.49889
1014	4	7	10	4	1	7	1	-1.82912	-3.7653	-2.65407	-1.93333
1015	2	4	1	2	2	1	5	-2.7838	-3.62664	-4.13625	-4.11763
1016	1	2	3	4	5	9	3	-4.69919	-2.49449	-3.67701	-4.86746
1017	9	316	4	62	4	5	6	-6.87502	-6.44944	-8.89511	-9.5641
1018	9	25	2	10	22	3	6	-4.47128	-7.53602	-6.02019	-4.36233
1019	1	307	3	4	5	9	3	-6.84254	-6.42911	-6.16675	-8.16651
1020	2	4	1	2	2	1	5	-2.7838	-3.62664	-4.13625	-4.11763
1021	9	25	2	10	22	3	6	-4.47128	-7.53602	-6.02019	-4.36233
1022	2	4	1	2	2	1	5	-2.7838	-3.62664	-4.13625	-4.11763
1023	2	1	12	3	2	1	5	-2.64063	-2.10938	-3.65082	-4.76639
1024	2	1	5	3	2	5	5	-5.67662	-2.83277	-4.16592	-5.43429
1025	2	4	1	2	2	1	5	-2.7838	-3.62664	-4.13625	-4.11763
1026	2	1	12	3	2	1	5	-2.64063	-2.10938	-3.65082	-4.76639
1027	2	1	12	3	2	1	5	-2.64063	-2.10938	-3.65082	-4.76639
1028	10	1	16	19	10	5	7	-6.47378	-2.75394	-4.27518	-5.12737
1029	4	7	10	4	1	7	1	-1.82912	-3.7653	-2.65407	-1.93333
1030	2	4	1	2	2	1	5	-2.7838	-3.62664	-4.13625	-4.11763
1031	2	1	12	88	2	1	5	-3.96857	-3.42492	-5.73453	-5.31983
1032	2	1	21	3	2	1	5	-2.94939	-2.48314	-4.41662	-4.49889
1033	1	2	3	4	5	9	3	-4.69919	-2.49449	-3.67701	-4.86746
1034	8	10	2	2	11	12	6	-3.95929	-6.99596	-7.00145	-7.24856
1035	2	1	12	88	2	1	5	-3.96857	-3.42492	-5.73453	-5.31983
1036	33	39	30	82	104	173	68	-5.43113	-3.98372	-6.6769	-7.52167
1037	1	2	3	4	5	9	3	-4.69919	-2.49449	-3.67701	-4.86746
1038	9	25	2	10	22	3	6	-4.47128	-7.53602	-6.02019	-4.36233
1039	2	4	1	2	2	1	5	-2.7838	-3.62664	-4.13625	-4.11763
1040	8	10	2	2	11	12	6	-3.95929	-6.99596	-7.00145	-7.24856
1041	1	2	4	62	4	5	17	-6.13817	-4.85093	-7.51442	-8.33877
1042	10	1	16	19	10	5	7	-6.47378	-2.75394	-4.27518	-5.12737
1043	33	39	30	82	104	173	68	-5.43113	-3.98372	-6.6769	-7.52167
1044	2	4	1	2	2	1	5	-2.7838	-3.62664	-4.13625	-4.11763
1045	8	10	2	2	11	12	6	-3.95929	-6.99596	-7.00145	-7.24856
1046	2	1	5	3	2	5	5	-5.67662	-2.83277	-4.16592	-5.43429
1047	47	2	4	2	6	5	17	-10.2864	-10.7759	-6.24459	-8.45441
1048	1	2	3	4	5	9	3	-4.69919	-2.49449	-3.67701	-4.86746
1049	4	7	10	4	1	7	1	-1.82912	-3.7653	-2.65407	-1.93333
1050	2	1	5	3	2	3	5	-4.26243	-3.25021	-5.5399	-4.77837
1051	2	4	2	2	6	1	5	-6.11635	-4.83312	-5.99166	-7.69696
1052	2	4	1	2	2	1	5	-2.7838	-3.62664	-4.13625	-4.11763
1053	8	10	149	2	11	12	6	-4.9023	-3.97456	-5.70285	-7.05137
1054	9	25	2	10	22	3	6	-4.47128	-7.53602	-6.02019	-4.36233
1055	2	4	1	2	2	1	5	-2.7838	-3.62664	-4.13625	-4.11763
1056	1	2	3	4	5	9	3	-4.69919	-2.49449	-3.67701	-4.86746
1057	2	1	12	3	2	1	5	-2.64063	-2.10938	-3.65082	-4.76639
1058	4	7	10	4	42	51	1	-2.93416	-4.59236	-4.8334	-3.81109
1059	2	4	1	2	2	1	5	-2.7838	-3.62664	-4.13625	-4.11763
1060	2	1	1	3	2	1	5	-4.64419	-3.78073	-6.36067	-7.11581
1061	2	4	1	2	7	1	5	-2.31209	-5.38269	-5.29653	-5.20792
1062	8	10	2	2	11	12	6	-3.95929	-6.99596	-7.00145	-7.24856
1063	2	4	1	2	2	1	5	-2.7838	-3.62664	-4.13625	-4.11763
1064	9	2	4	62	4	5	6	-3.72175	-5.16019	-5.6971	-6.71611
1065	2	4	1	2	2	1	5	-2.7838	-3.62664	-4.13625	-4.11763
1066	4	7	10	4	1	7	1	-1.82912	-3.7653	-2.65407	-1.93333
1067	8	10	2	2	11	12	6	-3.95929	-6.99596	-7.00145	-7.24856
1068	2	4	2	2	6	1	5	-6.11635	-4.83312	-5.99166	-7.69696
1069	2	4	2	2	6	1	5	-6.11635	-4.83312	-5.99166	-7.69696
1070	2	4	2	2	6	1	5	-6.11635	-4.83312	-5.99166	-7.69696
1071	2	4	2	2	6	1	5	-6.11635	-4.83312	-5.99166	-7.69696
1072	2	4	1	2	2	1	5	-2.7838	-3.62664	-4.13625	-4.11763
1073	2	4	1	2	2	1	5	-2.7838	-3.62664	-4.13625	-4.11763
1074	2	1	12	3	2	1	5	-2.64063	-2.10938	-3.65082	-4.76639
1075	2	4	1	2	7	1	5	-2.31209	-5.38269	-5.29653	-5.20792
1076	4	7	10	4	42	51	1	-2.93416	-4.59236	-4.8334	-3.81109
1077	2	4	1	2	2	1	5	-2.7838	-3.62664	-4.13625	-4.11763
1078	8	10	2	2	11	12	6	-3.95929	-6.99596	-7.00145	-7.24856
1079	1	2	3	4	5	9	3	-4.69919	-2.49449	-3.67701	-4.86746
1080	1	2	3	4	5	9	3	-4.69919	-2.49449	-3.67701	-4.86746
1081	10	1	16	19	10	5	7	-6.47378	-2.75394	-4.27518	-5.12737
1082	8	10	2	2	11	12	6	-3.95929	-6.99596	-7.00145	-7.24856
1083	4	7	10	4	1	7	1	-1.82912	-3.7653	-2.65407	-1.93333
1084	2	4	1	2	2	1	5	-2.7838	-3.62664	-4.13625	-4.11763
1085	2	4	1	2	7	1	5	-2.31209	-5.38269	-5.29653	-5.20792
1086	2	1	21	3	2	1	5	-2.94939	-2.48314	-4.41662	-4.49889
1087	2	1	12	3	2	1	5	-2.64063	-2.10938	-3.65082	-4.76639
1088	2	4	2	4	19	3	6	-5.80301	-8.87797	-8.84108	-9.08473
1089	8	10	149	2	11	12	6	-4.9023	-3.97456	-5.70285	-7.05137
1090	8	10	2	2	11	12	6	-3.95929	-6.99596	-7.00145	-7.24856
1091	2	1	12	3	2	1	5	-2.64063	-2.10938	-3.65082	-4.76639
1092	2	1	12	3	2	1	5	-2.64063	-2.10938	-3.65082	-4.76639
1093	2	1	5	3	2	3	5	-4.26243	-3.25021	-5.5399	-4.77837
1094	184	39	30	82	113	43	17	-3.95878	-6.02728	-6.91061	-7.20503
1095	2	1	12	3	2	1	5	-2.64063	-2.10938	-3.65082	-4.76639
1096	2	4	1	2	2	1	5	-2.7838	-3.62664	-4.13625	-4.11763
1097	4	7	10	4	1	7	1	-1.82912	-3.7653	-2.65407	-1.93333
1098	8	10	2	2	11	12	6	-3.95929	-6.99596	-7.00145	-7.24856
1099	4	7	10	4	1	7	1	-1.82912	-3.7653	-2.65407	-1.93333
1100	4	7	10	4	42	51	1	-2.93416	-4.59236	-4.8334	-3.81109
1101	9	25	2	10	22	3	6	-4.47128	-7.53602	-6.02019	-4.36233
1102	9	2	4	62	4	5	6	-3.72175	-5.16019	-5.6971	-6.71611
1103	4	7	10	4	1	7	1	-1.82912	-3.7653	-2.65407	-1.93333
1104	2	4	1	2	7	1	5	-2.31209	-5.38269	-5.29653	-5.20792
1105	4	7	10	4	1	7	1	-1.82912	-3.7653	-2.65407	-1.93333
1106	8	10	2	2	11	12	6	-3.95929	-6.99596	-7.00145	-7.24856
1107	2	4	1	2	2	1	5	-2.7838	-3.62664	-4.13625	-4.11763
1108	4	7	10	4	42	51	1	-2.93416	-4.59236	-4.8334	-3.81109
1109	1	2	3	4	5	9	3	-4.69919	-2.49449	-3.67701	-4.86746
1110	2	1	12	3	2	1	5	-2.64063	-2.10938	-3.65082	-4.76639
1111	2	4	1	2	2	1	5	-2.7838	-3.62664	-4.13625	-4.11763
1112	10	81	50	99	120	76	52	-6.66658	-6.42002	-5.33657	-5.1546
1113	2	4	1	2	2	1	5	-2.7838	-3.62664	-4.13625	-4.11763
1114	4	7	10	4	42	51	1	-2.93416	-4.59236	-4.8334	-3.81109
1115	4	7	10	4	42	51	1	-2.93416	-4.59236	-4.8334	-3.81109
1116	4	7	10	4	1	7	1	-1.82912	-3.7653	-2.65407	-1.93333
1117	3	1	5	10	11	11	6	-10.3914	-6.47371	-9.321	-10.3267
1118	10	81	50	99	120	76	52	-6.66658	-6.42002	-5.33657	-5.1546
1119	2	4	1	2	2	1	5	-2.7838	-3.62664	-4.13625	-4.11763
1120	4	7	10	4	1	7	1	-1.82912	-3.7653	-2.65407	-1.93333
1121	4	7	10	4	1	7	1	-1.82912	-3.7653	-2.65407	-1.93333
1122	4	7	10	4	42	51	1	-2.93416	-4.59236	-4.8334	-3.81109
1123	2	1	12	3	2	1	5	-2.64063	-2.10938	-3.65082	-4.76639
1124	2	4	1	2	2	1	5	-2.7838	-3.62664	-4.13625	-4.11763
1125	2	1	1	3	2	1	5	-4.64419	-3.78073	-6.36067	-7.11581
1126	2	4	1	2	2	1	5	-2.7838	-3.62664	-4.13625	-4.11763
1127	2	4	1	2	2	1	5	-2.7838	-3.62664	-4.13625	-4.11763
1128	2	4	1	2	2	1	5	-2.7838	-3.62664	-4.13625	-4.11763
1129	2	4	1	2	2	1	5	-2.7838	-3.62664	-4.13625	-4.11763
1130	1	2	3	4	5	9	3	-4.69919	-2.49449	-3.67701	-4.86746
1131	8	10	2	2	11	12	6	-3.95929	-6.99596	-7.00145	-7.24856
1132	2	1	21	3	2	1	5	-2.94939	-2.48314	-4.41662	-4.49889
1133	2	4	1	2	2	1	5	-2.7838	-3.62664	-4.13625	-4.11763
1134	2	1	21	3	2	1	5	-2.94939	-2.48314	-4.41662	-4.49889
1135	2	1	21	3	2	1	5	-2.94939	-2.48314	-4.41662	-4.49889
1136	2	4	1	2	2	1	5	-2.7838	-3.62664	-4.13625	-4.11763
1137	1	2	3	4	5	9	3	-4.69919	-2.49449	-3.67701	-4.86746
1138	10	1	16	19	10	5	7	-6.47378	-2.75394	-4.27518	-5.12737
1139	2	1	12	3	2	1	5	-2.64063	-2.10938	-3.65082	-4.76639
1140	7	21	5	62	4	61	44	-7.67715	-3.83914	-5.74891	-7.30933
1141	2	4	1	2	2	1	5	-2.7838	-3.62664	-4.13625	-4.11763
1142	2	1	12	3	2	1	5	-2.64063	-2.10938	-3.65082	-4.76639
1143	2	4	1	2	7	1	5	-2.31209	-5.38269	-5.29653	-5.20792
1144	2	1	5	3	2	3	5	-4.26243	-3.25021	-5.5399	-4.77837
1145	2	1	21	3	2	1	5	-2.94939	-2.48314	-4.41662	-4.49889
1146	2	1	21	3	2	1	5	-2.94939	-2.48314	-4.41662	-4.49889
1147	2	1	21	3	2	1	5	-2.94939	-2.48314	-4.41662	-4.49889
1148	2	1	21	3	2	1	5	-2.94939	-2.48314	-4.41662	-4.49889
1149	2	1	12	3	2	1	5	-2.64063	-2.10938	-3.65082	-4.76639
1150	8	10	2	2	11	12	6	-3.95929	-6.99596	-7.00145	-7.24856
1151	129	66	30	82	189	47	17	-3.25187	-4.8371	-5.43776	-4.15728
1152	1	307	3	4	5	9	3	-6.84254	-6.42911	-6.16675	-8.16651
1153	8	10	2	2	11	12	6	-3.95929	-6.99596	-7.00145	-7.24856
1154	2	4	2	2	6	1	5	-6.11635	-4.83312	-5.99166	-7.69696
1155	1	4	2	2	6	3	17	-4.72727	-2.45354	-4.66214	-5.45863
1156	2	4	1	2	2	1	5	-2.7838	-3.62664	-4.13625	-4.11763
1157	8	10	2	2	11	12	6	-3.95929	-6.99596	-7.00145	-7.24856
1158	2	4	2	2	6	1	5	-6.11635	-4.83312	-5.99166	-7.69696
1159	2	1	21	3	2	1	5	-2.94939	-2.48314	-4.41662	-4.49889
1160	2	4	5	2	2	5	5	-3.6778	-6.73923	-6.50966	-5.90656
1161	7	21	5	62	4	61	44	-7.67715	-3.83914	-5.74891	-7.30933
1162	2	1	12	3	2	1	5	-2.64063	-2.10938	-3.65082	-4.76639
1163	10	27	16	19	10	5	7	-20.9314	-12.6631	-16.1699	-17.3006
1164	33	283	44	82	189	44	17	-7.25692	-3.4794	-5.52426	-5.94237
1165	9	25	2	10	22	3	6	-4.47128	-7.53602	-6.02019	-4.36233
1166	7	21	5	62	4	61	44	-7.67715	-3.83914	-5.74891	-7.30933
1167	2	1	5	3	2	3	5	-4.26243	-3.25021	-5.5399	-4.77837
1168	2	1	5	3	2	3	5	-4.26243	-3.25021	-5.5399	-4.77837
1169	9	25	2	10	22	3	6	-4.47128	-7.53602	-6.02019	-4.36233
1170	2	1	5	3	2	3	5	-4.26243	-3.25021	-5.5399	-4.77837
1171	2	4	1	2	2	1	5	-2.7838	-3.62664	-4.13625	-4.11763
1172	129	66	30	82	189	47	17	-3.25187	-4.8371	-5.43776	-4.15728
1173	2	4	1	2	2	1	5	-2.7838	-3.62664	-4.13625	-4.11763
1174	2	1	5	3	2	3	5	-4.26243	-3.25021	-5.5399	-4.77837
1175	2	1	12	3	2	1	5	-2.64063	-2.10938	-3.65082	-4.76639
1176	2	4	1	2	2	1	5	-2.7838	-3.62664	-4.13625	-4.11763
1177	1	4	2	2	6	3	17	-4.72727	-2.45354	-4.66214	-5.45863
1178	2	1	12	3	2	1	5	-2.64063	-2.10938	-3.65082	-4.76639
1179	1	4	2	2	446	3	17	-9.11935	-7.90738	-7.63889	-8.19252
1180	2	1	5	88	2	11	5	-8.97371	-5.35242	-6.10584	-8.06907
1181	2	4	2	2	6	1	5	-6.11635	-4.83312	-5.99166	-7.69696
1182	9	25	2	10	22	3	6	-4.47128	-7.53602	-6.02019	-4.36233
1183	2	1	5	3	2	3	5	-4.26243	-3.25021	-5.5399	-4.77837
1184	7	21	5	62	4	61	44	-7.67715	-3.83914	-5.74891	-7.30933
1185	1	2	3	4	5	9	3	-4.69919	-2.49449	-3.67701	-4.86746
1186	2	4	1	2	2	1	5	-2.7838	-3.62664	-4.13625	-4.11763
1187	7	21	5	62	4	61	44	-7.67715	-3.83914	-5.74891	-7.30933
1188	33	39	30	82	104	173	68	-5.43113	-3.98372	-6.6769	-7.52167
1189	1	4	2	2	6	3	17	-4.72727	-2.45354	-4.66214	-5.45863
1190	2	1	21	3	2	1	5	-2.94939	-2.48314	-4.41662	-4.49889
1191	4	7	10	4	1	7	1	-1.82912	-3.7653	-2.65407	-1.93333
1192	2	1	5	3	2	5	5	-5.67662	-2.83277	-4.16592	-5.43429
1193	1	4	2	2	6	3	17	-4.72727	-2.45354	-4.66214	-5.45863
1194	2	4	1	2	2	1	5	-2.7838	-3.62664	-4.13625	-4.11763
1195	2	4	1	2	2	1	5	-2.7838	-3.62664	-4.13625	-4.11763
1196	2	1	12	3	2	1	5	-2.64063	-2.10938	-3.65082	-4.76639
1197	2	1	6	3	2	3	5	-7.65809	-8.69605	-8.17201	-7.10196
1198	4	7	10	4	1	7	1	-1.82912	-3.7653	-2.65407	-1.93333
1199	2	4	1	2	7	1	5	-2.31209	-5.38269	-5.29653	-5.20792
1200	2	1	1	3	2	1	5	-4.64419	-3.78073	-6.36067	-7.11581
1201	2	4	1	2	2	1	5	-2.7838	-3.62664	-4.13625	-4.11763
1202	7	2	5	2	10	3	6	-31.9769	-26.6745	-27.8921	-28.7175
1203	2	1	21	3	2	1	5	-2.94939	-2.48314	-4.41662	-4.49889
1204	2	4	1	2	7	1	5	-2.31209	-5.38269	-5.29653	-5.20792
1205	4	7	10	4	1	7	1	-1.82912	-3.7653	-2.65407	-1.93333
1206	2	4	1	2	7	1	5	-2.31209	-5.38269	-5.29653	-5.20792
1207	2	4	1	2	2	1	5	-2.7838	-3.62664	-4.13625	-4.11763
1208	1	4	2	2	6	3	17	-4.72727	-2.45354	-4.66214	-5.45863
1209	2	4	1	2	2	1	5	-2.7838	-3.62664	-4.13625	-4.11763
1210	2	4	1	2	2	1	5	-2.7838	-3.62664	-4.13625	-4.11763
1211	74	10	2	2	11	12	6	-8.35831	-12.4836	-9.99662	-9.99789
1212	1	2	3	4	5	9	3	-4.69919	-2.49449	-3.67701	-4.86746
1213	2	1	5	3	2	3	5	-4.26243	-3.25021	-5.5399	-4.77837
1214	4	7	10	4	1	7	1	-1.82912	-3.7653	-2.65407	-1.93333
1215	2	4	2	2	6	1	5	-6.11635	-4.83312	-5.99166	-7.69696
1216	2	1	12	3	2	1	5	-2.64063	-2.10938	-3.65082	-4.76639
1217	2	1	21	3	2	1	5	-2.94939	-2.48314	-4.41662	-4.49889
1218	2	4	1	2	2	1	5	-2.7838	-3.62664	-4.13625	-4.11763
1219	2	1	21	3	2	1	5	-2.94939	-2.48314	-4.41662	-4.49889
1220	4	7	10	4	1	7	1	-1.82912	-3.7653	-2.65407	-1.93333
1221	2	1	21	3	2	1	5	-2.94939	-2.48314	-4.41662	-4.49889
1222	2	4	1	2	2	1	5	-2.7838	-3.62664	-4.13625	-4.11763
1223	4	7	10	4	1	7	1	-1.82912	-3.7653	-2.65407	-1.93333
1224	2	4	1	2	2	1	5	-2.7838	-3.62664	-4.13625	-4.11763
1225	4	7	10	4	1	7	1	-1.82912	-3.7653	-2.65407	-1.93333
1226	4	7	10	4	42	51	1	-2.93416	-4.59236	-4.8334	-3.81109
1227	4	7	10	4	42	7	1	-6.56285	-9.27088	-5.65953	-4.65332
1228	2	4	1	2	2	1	5	-2.7838	-3.62664	-4.13625	-4.11763
1229	2	1	5	3	2	3	5	-4.26243	-3.25021	-5.5399	-4.77837
1230	10	81	50	99	120	76	52	-6.66658	-6.42002	-5.33657	-5.1546
1231	2	4	1	2	7	1	5	-2.31209	-5.38269	-5.29653	-5.20792
1232	2	4	1	2	7	1	5	-2.31209	-5.38269	-5.29653	-5.20792
1233	4	7	10	4	1	7	1	-1.82912	-3.7653	-2.65407	-1.93333
1234	1	4	2	2	6	3	17	-4.72727	-2.45354	-4.66214	-5.45863
1235	4	7	10	4	1	7	1	-1.82912	-3.7653	-2.65407	-1.93333
1236	2	4	1	2	2	1	5	-2.7838	-3.62664	-4.13625	-4.11763
1237	4	7	10	4	1	7	1	-1.82912	-3.7653	-2.65407	-1.93333
1238	4	7	10	4	42	51	1	-2.93416	-4.59236	-4.8334	-3.81109
1239	1	307	3	4	5	9	3	-6.84254	-6.42911	-6.16675	-8.16651
1240	2	4	2	2	6	1	5	-6.11635	-4.83312	-5.99166	-7.69696
1241	8	10	149	2	11	12	6	-4.9023	-3.97456	-5.70285	-7.05137
1242	2	1	12	3	2	1	5	-2.64063	-2.10938	-3.65082	-4.76639
1243	2	4	1	2	2	1	5	-2.7838	-3.62664	-4.13625	-4.11763
1244	2	4	1	2	2	1	5	-2.7838	-3.62664	-4.13625	-4.11763
1245	2	4	1	2	2	1	5	-2.7838	-3.62664	-4.13625	-4.11763
1246	4	7	10	4	42	51	1	-2.93416	-4.59236	-4.8334	-3.81109
1247	2	4	1	2	2	1	5	-2.7838	-3.62664	-4.13625	-4.11763
1248	2	4	1	2	2	1	5	-2.7838	-3.62664	-4.13625	-4.11763
1249	2	1	12	88	2	1	5	-3.96857	-3.42492	-5.73453	-5.31983
1250	1	4	2	2	6	3	17	-4.72727	-2.45354	-4.66214	-5.45863
1251	9	2	4	62	4	5	6	-3.72175	-5.16019	-5.6971	-6.71611
1252	2	4	1	2	7	1	5	-2.31209	-5.38269	-5.29653	-5.20792
1253	2	4	5	2	2	5	5	-3.6778	-6.73923	-6.50966	-5.90656
1254	2	1	21	3	2	1	5	-2.94939	-2.48314	-4.41662	-4.49889
1255	1	4	2	2	6	3	17	-4.72727	-2.45354	-4.66214	-5.45863
1256	2	1	21	3	2	1	5	-2.94939	-2.48314	-4.41662	-4.49889
1257	2	4	1	2	2	5	5	-6.83607	-6.39108	-8.76183	-9.46644
1258	2	1	12	3	2	1	5	-2.64063	-2.10938	-3.65082	-4.76639
1259	2	4	2	2	6	1	5	-6.11635	-4.83312	-5.99166	-7.69696
1260	2	4	1	2	2	1	5	-2.7838	-3.62664	-4.13625	-4.11763
1261	2	4	1	2	2	1	5	-2.7838	-3.62664	-4.13625	-4.11763
1262	1	307	3	4	5	9	3	-6.84254	-6.42911	-6.16675	-8.16651
1263	9	25	2	10	22	3	6	-4.47128	-7.53602	-6.02019	-4.36233
1264	2	1	1	380	2	1	5	-6.17528	-5.72951	-8.19059	-8.86363
1265	2	4	1	2	2	1	5	-2.7838	-3.62664	-4.13625	-4.11763
1266	2	4	1	2	2	1	5	-2.7838	-3.62664	-4.13625	-4.11763
1267	2	1	12	3	2	1	5	-2.64063	-2.10938	-3.65082	-4.76639
1268	1	2	3	4	5	9	3	-4.69919	-2.49449	-3.67701	-4.86746
1269	2	4	1	2	2	1	5	-2.7838	-3.62664	-4.13625	-4.11763
1270	2	4	1	2	2	1	5	-2.7838	-3.62664	-4.13625	-4.11763
1271	2	4	1	2	2	1	5	-2.7838	-3.62664	-4.13625	-4.11763
1272	1	2	3	4	5	9	3	-4.69919	-2.49449	-3.67701	-4.86746
1273	9	2	2	212	309	253	147	-28.6714	-32.4398	-23.7634	-22.1701
1274	2	1	21	3	2	1	5	-2.94939	-2.48314	-4.41662	-4.49889
1275	47	2	4	2	6	5	17	-10.2864	-10.7759	-6.24459	-8.45441
1276	1	2	3	4	5	9	3	-4.69919	-2.49449	-3.67701	-4.86746
1277	2	4	1	2	2	1	5	-2.7838	-3.62664	-4.13625	-4.11763
1278	2	4	1	2	2	1	5	-2.7838	-3.62664	-4.13625	-4.11763
1279	9	2	4	62	4	5	6	-3.72175	-5.16019	-5.6971	-6.71611
1280	2	1	12	3	2	1	5	-2.64063	-2.10938	-3.65082	-4.76639
1281	2	4	1	2	2	1	5	-2.7838	-3.62664	-4.13625	-4.11763
1282	2	4	1	2	7	1	5	-2.31209	-5.38269	-5.29653	-5.20792
1283	7	17	2	15	23	3	12	-6.9057	-9.98731	-9.94993	-10.1949
1284	2	1	1	3	2	1	5	-4.64419	-3.78073	-6.36067	-7.11581
1285	2	1	12	3	2	1	5	-2.64063	-2.10938	-3.65082	-4.76639
1286	2	4	1	2	2	1	5	-2.7838	-3.62664	-4.13625	-4.11763
1287	2	1	5	3	2	3	5	-4.26243	-3.25021	-5.5399	-4.77837
1288	2	4	1	2	2	1	5	-2.7838	-3.62664	-4.13625	-4.11763
1289	2	4	1	2	2	1	5	-2.7838	-3.62664	-4.13625	-4.11763
1290	1	4	2	2	6	3	17	-4.72727	-2.45354	-4.66214	-5.45863
1291	2	1	2	3	2	3	5	-3.76368	-6.74755	-6.79774	-7.04191
1292	2	1	5	3	2	3	5	-4.26243	-3.25021	-5.5399	-4.77837
1293	1	2	3	3	5	9	3	-11.8903	-7.79349	-9.93154	-11.9449
1294	4	7	10	4	42	51	1	-2.93416	-4.59236	-4.8334	-3.81109
1295	1	4	2	2	6	3	17	-4.72727	-2.45354	-4.66214	-5.45863
1296	2	1	5	3	2	3	5	-4.26243	-3.25021	-5.5399	-4.77837
1297	4	7	10	4	1	7	1	-1.82912	-3.7653	-2.65407	-1.93333
1298	2	4	1	2	2	1	5	-2.7838	-3.62664	-4.13625	-4.11763
1299	4	7	10	4	1	7	1	-1.82912	-3.7653	-2.65407	-1.93333
1300	2	1	21	3	2	1	5	-2.94939	-2.48314	-4.41662	-4.49889
1301	2	4	1	2	2	1	5	-2.7838	-3.62664	-4.13625	-4.11763
1302	4	7	10	4	1	7	1	-1.82912	-3.7653	-2.65407	-1.93333
1303	2	4	1	2	2	1	5	-2.7838	-3.62664	-4.13625	-4.11763
1304	2	1	5	3	2	5	5	-5.67662	-2.83277	-4.16592	-5.43429
1305	2	4	1	2	2	1	5	-2.7838	-3.62664	-4.13625	-4.11763
1306	2	1	21	3	2	1	5	-2.94939	-2.48314	-4.41662	-4.49889
1307	2	1	5	3	2	5	5	-5.67662	-2.83277	-4.16592	-5.43429
1308	1	4	2	2	6	3	17	-4.72727	-2.45354	-4.66214	-5.45863
1309	1	4	2	2	6	3	17	-4.72727	-2.45354	-4.66214	-5.45863
1310	2	1	5	3	2	3	5	-4.26243	-3.25021	-5.5399	-4.77837
1311	1	4	2	2	6	3	17	-4.72727	-2.45354	-4.66214	-5.45863
1312	2	4	1	2	2	1	5	-2.7838	-3.62664	-4.13625	-4.11763
1313	2	1	12	88	2	1	5	-3.96857	-3.42492	-5.73453	-5.31983
1314	2	1	5	3	2	3	5	-4.26243	-3.25021	-5.5399	-4.77837
1315	2	4	5	2	2	1	5	-6.17718	-8.77468	-8.73867	-9.21486
1316	2	4	1	2	2	1	5	-2.7838	-3.62664	-4.13625	-4.11763
1317	1	4	2	2	6	3	17	-4.72727	-2.45354	-4.66214	-5.45863
1318	2	1	21	3	2	1	5	-2.94939	-2.48314	-4.41662	-4.49889
1319	4	7	10	4	1	7	1	-1.82912	-3.7653	-2.65407	-1.93333
1320	1	2	3	4	5	9	3	-4.69919	-2.49449	-3.67701	-4.86746
1321	2	4	1	2	7	1	5	-2.31209	-5.38269	-5.29653	-5.20792
1322	4	7	10	4	1	7	1	-1.82912	-3.7653	-2.65407	-1.93333
1323	4	7	10	4	1	7	1	-1.82912	-3.7653	-2.65407	-1.93333
1324	1	4	2	2	6	3	17	-4.72727	-2.45354	-4.66214	-5.45863
1325	2	4	1	2	7	1	5	-2.31209	-5.38269	-5.29653	-5.20792
1326	4	7	10	4	1	7	1	-1.82912	-3.7653	-2.65407	-1.93333
1327	8	10	2	2	11	12	6	-3.95929	-6.99596	-7.00145	-7.24856
1328	969	7	10	4	1	7	1	-6.15063	-9.22782	-5.64277	-4.68287
1329	4	7	10	4	1	7	1	-1.82912	-3.7653	-2.65407	-1.93333
1330	10	27	16	942	10	5	7	-25.3304	-18.1516	-19.1654	-20.0498
1331	10	27	16	941	10	5	7	-25.3304	-18.1516	-19.1654	-20.0498
1332	4	7	10	4	1	7	1	-1.82912	-3.7653	-2.65407	-1.93333
1333	4	7	10	4	1	7	1	-1.82912	-3.7653	-2.65407	-1.93333
1334	129	66	30	82	189	47	17	-3.25187	-4.8371	-5.43776	-4.15728
1335	4	7	10	4	1	7	1	-1.82912	-3.7653	-2.65407	-1.93333
1336	4	7	10	4	1	7	1	-1.82912	-3.7653	-2.65407	-1.93333
1337	2	4	1	2	2	1	5	-2.7838	-3.62664	-4.13625	-4.11763
1338	2	1	2	3	2	3	5	-3.76368	-6.74755	-6.79774	-7.04191
1339	10	27	16	19	10	5	7	-20.9314	-12.6631	-16.1699	-17.3006
1340	2	4	1	2	2	1	5	-2.7838	-3.62664	-4.13625	-4.11763
1341	33	39	30	82	104	173	68	-5.43113	-3.98372	-6.6769	-7.52167
1342	1	4	2	2	6	3	17	-4.72727	-2.45354	-4.66214	-5.45863
1343	2	1	5	3	2	5	5	-5.67662	-2.83277	-4.16592	-5.43429
1344	2	1	12	3	2	1	5	-2.64063	-2.10938	-3.65082	-4.76639
1345	8	10	2	2	11	12	6	-3.95929	-6.99596	-7.00145	-7.24856
1346	2	1	1	3	2	1	5	-4.64419	-3.78073	-6.36067	-7.11581
1347	1	4	2	2	6	3	17	-4.72727	-2.45354	-4.66214	-5.45863
1348	7	2	2	2	11	12	6	-4.5059	-7.58628	-7.54892	-7.79503
1349	9	2	4	62	4	5	6	-3.72175	-5.16019	-5.6971	-6.71611
1350	2	1	21	3	2	1	5	-2.94939	-2.48314	-4.41662	-4.49889
1351	9	7	10	4	1	7	1	-10.349	-11.9695	-11.1822	-9.9806
1352	2	1	12	3	920	1	5	-7.04037	-7.58996	-6.64489	-7.5129
1353	239	27	16	19	10	5	7	-10.3929	-6.47714	-9.32538	-10.3299
1354	7	17	2	15	23	3	12	-6.9057	-9.98731	-9.94993	-10.1949
1355	1	4	2	2	6	3	17	-4.72727	-2.45354	-4.66214	-5.45863
1356	1	6	60	24	12	28	1	-30.8467	-36.749	-20.6985	-19.9671
1357	2	4	5	2	10	1	5	-6.89897	-9.96325	-9.93309	-10.1832
1358	10	81	50	99	120	76	52	-6.66658	-6.42002	-5.33657	-5.1546
1359	4	7	10	4	1	7	1	-1.82912	-3.7653	-2.65407	-1.93333
1360	2	1	5	3	2	5	5	-5.67662	-2.83277	-4.16592	-5.43429
1361	4	7	10	1	1	7	1	-5.27267	-8.27812	-5.99694	-6.11249
1362	2	4	5	2	10	1	5	-6.89897	-9.96325	-9.93309	-10.1832
1363	2	1	21	3	2	1	5	-2.94939	-2.48314	-4.41662	-4.49889
1364	2	1	21	3	2	1	5	-2.94939	-2.48314	-4.41662	-4.49889
1365	2	4	1	2	2	1	5	-2.7838	-3.62664	-4.13625	-4.11763
1366	2	4	2	2	6	1	5	-6.11635	-4.83312	-5.99166	-7.69696
1367	2	4	1	2	7	1	5	-2.31209	-5.38269	-5.29653	-5.20792
1368	2	4	1	2	2	1	5	-2.7838	-3.62664	-4.13625	-4.11763
1369	2	4	1	2	2	1	5	-2.7838	-3.62664	-4.13625	-4.11763
1370	4	7	10	4	1	7	1	-1.82912	-3.7653	-2.65407	-1.93333
1371	4	7	10	4	42	51	1	-2.93416	-4.59236	-4.8334	-3.81109
1372	2	1	5	3	2	3	5	-4.26243	-3.25021	-5.5399	-4.77837
1373	2	1	12	3	2	1	5	-2.64063	-2.10938	-3.65082	-4.76639
1374	2	1	1	3	2	1	5	-4.64419	-3.78073	-6.36067	-7.11581
1375	2	4	1	2	2	1	5	-2.7838	-3.62664	-4.13625	-4.11763
1376	4	7	10	4	1	7	1	-1.82912	-3.7653	-2.65407	-1.93333
1377	10	1	16	19	10	5	7	-6.47378	-2.75394	-4.27518	-5.12737
1378	2	4	1	2	7	1	5	-2.31209	-5.38269	-5.29653	-5.20792
1379	2	4	1	2	2	1	5	-2.7838	-3.62664	-4.13625	-4.11763
1380	10	81	50	99	120	76	52	-6.66658	-6.42002	-5.33657	-5.1546
1381	2	1	12	3	2	1	5	-2.64063	-2.10938	-3.65082	-4.76639
1382	2	4	1	2	2	1	5	-2.7838	-3.62664	-4.13625	-4.11763
1383	2	4	1	2	7	1	5	-2.31209	-5.38269	-5.29653	-5.20792
1384	1	2	3	4	5	9	3	-4.69919	-2.49449	-3.67701	-4.86746
1385	8	10	2	2	11	12	6	-3.95929	-6.99596	-7.00145	-7.24856
1386	1	4	2	2	6	3	17	-4.72727	-2.45354	-4.66214	-5.45863
1387	2	4	1	2	2	1	5	-2.7838	-3.62664	-4.13625	-4.11763
1388	2	4	1	2	2	1	5	-2.7838	-3.62664	-4.13625	-4.11763
1389	10	7	10	4	1	7	1	-12.5781	-10.5848	-9.96979	-9.05592
1390	2	1	21	3	2	1	5	-2.94939	-2.48314	-4.41662	-4.49889
1391	2	1	21	3	2	1	5	-2.94939	-2.48314	-4.41662	-4.49889
1392	10	1	16	19	10	5	7	-6.47378	-2.75394	-4.27518	-5.12737
1393	2	1	5	3	2	3	5	-4.26243	-3.25021	-5.5399	-4.77837
1394	2	1	5	3	2	3	5	-4.26243	-3.25021	-5.5399	-4.77837
1395	2	4	1	2	2	5	5	-6.83607	-6.39108	-8.76183	-9.46644
1396	2	4	1	2	7	1	5	-2.31209	-5.38269	-5.29653	-5.20792
1397	10	1	16	19	10	5	7	-6.47378	-2.75394	-4.27518	-5.12737
1398	2	4	1	2	7	1	5	-2.31209	-5.38269	-5.29653	-5.20792
1399	2	934	1	2	2	1	5	-7.10498	-9.10484	-7.11755	-6.8565
