Isolate	Loci0	Loci1	Loci2	Loci3	Loci4	Loci5	Loci6	Source0	Source1	Source2	Source3
0	1	2	3	4	5	9	3	-4.6378	-2.50268	-3.61997	-4.94248
1	4	7	10	4	1	7	1	-1.81631	-3.66931	-2.60164	-1.93531
2	2	4	1	2	2	1	5	-2.76463	-3.60488	-4.1458	-4.08867
3	2	4	1	2	2	1	5	-2.76463	-3.60488	-4.1458	-4.08867
4	9	25	2	10	22	3	6	-4.45595	-7.25314	-5.93087	-4.36409
5	4	7	10	4	1	7	1	-1.81631	-3.66931	-2.60164	-1.93531
6	4	7	10	4	1	7	1	-1.81631	-3.66931	-2.60164	-1.93531
7	4	7	10	4	42	51	1	-2.91466	-4.51769	-4.85989	-3.79636
8	2	4	1	2	2	1	5	-2.76463	-3.60488	-4.1458	-4.08867
9	10	81	50	99	120	76	52	-6.70407	-6.41737	-5.25942	-5.16516
10	2	1	21	3	2	1	5	-2.91897	-2.49182	-4.42478	-4.50246
11	2	1	21	3	2	1	5	-2.91897	-2.49182	-4.42478	-4.50246
12	9	25	2	10	22	3	6	-4.45595	-7.25314	-5.93087	-4.36409
13	2	1	21	3	2	1	5	-2.91897	-2.49182	-4.42478	-4.50246
14	10	27	16	19	10	5	7	-20.8346	-13.1189	-16.1528	-17.9672
15	2	4	1	2	2	1	5	-2.76463	-3.60488	-4.1458	-4.08867
16	2	4	1	2	2	1	5	-2.76463	-3.60488	-4.1458	-4.08867
17	9	2	4	62	4	5	6	-3.6989	-5.10057	-5.80907	-6.49643
18	9	53	2	53	11	3	3	-32.976	-30.2318	-25.4919	-27.0687
19	2	4	1	2	2	1	5	-2.76463	-3.60488	-4.1458	-4.08867
20	2	4	1	2	2	1	5	-2.76463	-3.60488	-4.1458	-4.08867
21	4	7	10	4	1	7	1	-1.81631	-3.66931	-2.60164	-1.93531
22	2	4	1	2	2	1	5	-2.76463	-3.60488	-4.1458	-4.08867
23	1	4	2	2	6	3	17	-4.63903	-2.46382	-4.59691	-5.60771
24	4	7	10	4	1	7	1	-1.81631	-3.66931	-2.60164	-1.93531
25	2	1	21	3	2	1	5	-2.91897	-2.49182	-4.42478	-4.50246
26	8	10	2	2	11	12	6	-3.93724	-6.71848	-7.54825	-6.93685
27	2	4	2	2	6	1	5	-6.07989	-4.84338	-5.95047	-7.76239
28	2	1	12	3	2	1	5	-2.61073	-2.11961	-3.64524	-4.76206
29	2	4	1	2	2	1	5	-2.76463	-3.60488	-4.1458	-4.08867
30	4	7	10	4	1	7	1	-1.81631	-3.66931	-2.60164	-1.93531
31	10	1	16	19	10	5	7	-6.249	-2.76427	-4.20436	-5.21966
32	1	2	3	4	5	9	3	-4.6378	-2.50268	-3.61997	-4.94248
33	2	4	1	2	2	1	5	-2.76463	-3.60488	-4.1458	-4.08867
34	2	4	1	2	2	1	5	-2.76463	-3.60488	-4.1458	-4.08867
35	2	4	1	2	2	1	5	-2.76463	-3.60488	-4.1458	-4.08867
36	4	7	10	4	1	7	1	-1.81631	-3.66931	-2.60164	-1.93531
37	129	66	30	82	189	47	17	-3.23069	-4.76812	-5.48868	-4.13987
38	2	1	12	3	357	1	5	-7.50573	-7.27661	-6.30546	-8.2579
39	9	2	4	62	4	5	6	-3.6989	-5.10057	-5.80907	-6.49643
40	2	1	1	3	2	1	5	-4.60881	-3.7946	-6.39642	-7.17832
41	2	1	12	3	357	1	5	-7.50573	-7.27661	-6.30546	-8.2579
42	2	1	5	3	2	3	5	-4.22432	-3.26337	-5.48744	-4.80586
43	2	1	5	3	2	3	5	-4.22432	-3.26337	-5.48744	-4.80586
44	2	4	1	2	2	1	5	-2.76463	-3.60488	-4.1458	-4.08867
45	2	4	1	2	2	1	5	-2.76463	-3.60488	-4.1458	-4.08867
46	2	4	2	2	6	1	5	-6.07989	-4.84338	-5.95047	-7.76239
47	1	4	2	2	6	3	17	-4.63903	-2.46382	-4.59691	-5.60771
48	2	1	21	3	2	1	5	-2.91897	-2.49182	-4.42478	-4.50246
49	2	1	2	3	2	3	5	-3.7429	-6.49515	-7.34582	-6.73418
50	2	1	21	3	2	1	5	-2.91897	-2.49182	-4.42478	-4.50246
51	7	17	2	15	23	3	12	-6.88309	-9.68596	-10.4975	-9.88285
52	2	4	1	2	7	1	5	-2.29189	-5.08811	-5.78564	-4.99168
53	9	2	4	62	4	5	6	-3.6989	-5.10057	-5.80907	-6.49643
54	2	4	1	2	7	1	5	-2.29189	-5.08811	-5.78564	-4.99168
55	9	2	4	62	4	5	6	-3.6989	-5.10057	-5.80907	-6.49643
56	2	1	12	88	2	1	5	-3.93631	-3.43337	-5.7515	-5.3306
57	2	1	5	3	2	3	5	-4.22432	-3.26337	-5.48744	-4.80586
58	2	4	1	2	2	1	5	-2.76463	-3.60488	-4.1458	-4.08867
59	9	2	4	62	4	5	6	-3.6989	-5.10057	-5.80907	-6.49643
60	2	1	5	3	2	3	5	-4.22432	-3.26337	-5.48744	-4.80586
61	2	4	1	2	2	1	5	-2.76463	-3.60488	-4.1458	-4.08867
62	2	4	1	2	2	1	5	-2.76463	-3.60488	-4.1458	-4.08867
63	2	4	1	2	2	1	5	-2.76463	-3.60488	-4.1458	-4.08867
64	2	4	1	2	2	1	5	-2.76463	-3.60488	-4.1458	-4.08867
65	2	4	1	2	2	1	5	-2.76463	-3.60488	-4.1458	-4.08867
66	2	4	1	2	2	1	5	-2.76463	-3.60488	-4.1458	-4.08867
67	1	2	215	4	90	24	8	-33.318	-33.4452	-21.5147	-23.757
68	2	4	1	2	2	1	5	-2.76463	-3.60488	-4.1458	-4.08867
69	1	2	3	4	5	9	3	-4.6378	-2.50268	-3.61997	-4.94248
70	2	4	1	2	2	1	5	-2.76463	-3.60488	-4.1458	-4.08867
71	2	4	1	2	2	1	5	-2.76463	-3.60488	-4.1458	-4.08867
72	9	25	2	10	22	3	6	-4.45595	-7.25314	-5.93087	-4.36409
73	2	15	4	48	360	25	23	-6.70659	-9.25937	-5.67538	-4.92055
74	2	4	1	2	2	1	5	-2.76463	-3.60488	-4.1458	-4.08867
75	2	1	12	88	2	1	5	-3.93631	-3.43337	-5.7515	-5.3306
76	2	4	2	2	6	1	5	-6.07989	-4.84338	-5.95047	-7.76239
77	10	1	16	19	10	5	7	-6.249	-2.76427	-4.20436	-5.21966
78	2	4	1	2	2	1	5	-2.76463	-3.60488	-4.1458	-4.08867
79	2	1	12	3	2	1	5	-2.61073	-2.11961	-3.64524	-4.76206
80	2	4	1	2	2	1	5	-2.76463	-3.60488	-4.1458	-4.08867
81	2	4	1	2	2	1	5	-2.76463	-3.60488	-4.1458	-4.08867
82	1	4	2	2	6	3	17	-4.63903	-2.46382	-4.59691	-5.60771
83	10	1	16	19	10	5	7	-6.249	-2.76427	-4.20436	-5.21966
84	8	10	149	2	11	12	6	-4.86414	-3.97552	-5.68131	-7.10417
85	2	4	1	2	2	1	5	-2.76463	-3.60488	-4.1458	-4.08867
86	2	4	1	2	7	1	5	-2.29189	-5.08811	-5.78564	-4.99168
87	32	39	30	82	104	324	17	-8.24324	-4.6927	-7.43401	-9.00188
88	1	2	3	4	5	9	3	-4.6378	-2.50268	-3.61997	-4.94248
89	2	1	5	3	2	3	5	-4.22432	-3.26337	-5.48744	-4.80586
90	2	4	1	2	2	1	5	-2.76463	-3.60488	-4.1458	-4.08867
91	2	4	1	2	7	1	5	-2.29189	-5.08811	-5.78564	-4.99168
92	4	7	10	4	1	7	1	-1.81631	-3.66931	-2.60164	-1.93531
93	2	1	2	3	2	3	5	-3.7429	-6.49515	-7.34582	-6.73418
94	2	1	12	3	2	1	5	-2.61073	-2.11961	-3.64524	-4.76206
95	2	1	21	3	2	1	5	-2.91897	-2.49182	-4.42478	-4.50246
96	2	1	21	3	2	1	5	-2.91897	-2.49182	-4.42478	-4.50246
97	9	2	5	2	11	3	1	-30.652	-31.8716	-28.4301	-26.5315
98	4	7	10	4	1	7	1	-1.81631	-3.66931	-2.60164	-1.93531
99	2	1	2	3	2	3	5	-3.7429	-6.49515	-7.34582	-6.73418
100	2	1	21	3	2	1	5	-2.91897	-2.49182	-4.42478	-4.50246
101	4	7	10	4	1	7	1	-1.81631	-3.66931	-2.60164	-1.93531
102	2	1	21	3	2	1	5	-2.91897	-2.49182	-4.42478	-4.50246
103	1	4	2	2	6	3	17	-4.63903	-2.46382	-4.59691	-5.60771
104	2	4	5	2	10	1	5	-6.87828	-9.6709	-10.4826	-9.87292
105	2	1	12	88	2	1	5	-3.93631	-3.43337	-5.7515	-5.3306
106	9	2	4	62	4	5	6	-3.6989	-5.10057	-5.80907	-6.49643
107	2	165	73	147	220	190	104	-8.86361	-11.5156	-6.89772	-5.25453
108	2	1	21	3	2	1	5	-2.91897	-2.49182	-4.42478	-4.50246
109	2	4	1	2	2	1	5	-2.76463	-3.60488	-4.1458	-4.08867
110	2	1	12	3	11	1	6	-19.7755	-18.0644	-20.4739	-21.1169
111	2	1	2	3	2	3	5	-3.7429	-6.49515	-7.34582	-6.73418
112	2	4	1	2	7	1	5	-2.29189	-5.08811	-5.78564	-4.99168
113	2	1	2	3	2	3	5	-3.7429	-6.49515	-7.34582	-6.73418
114	2	1	21	3	2	1	5	-2.91897	-2.49182	-4.42478	-4.50246
115	2	4	1	2	7	1	5	-2.29189	-5.08811	-5.78564	-4.99168
116	33	39	30	82	113	43	17	-9.80467	-6.46893	-6.14993	-8.34223
117	2	4	1	2	2	1	5	-2.76463	-3.60488	-4.1458	-4.08867
118	2	4	1	2	2	1	5	-2.76463	-3.60488	-4.1458	-4.08867
119	2	4	1	2	2	1	5	-2.76463	-3.60488	-4.1458	-4.08867
120	2	4	1	2	7	1	5	-2.29189	-5.08811	-5.78564	-4.99168
121	4	7	10	1	1	7	1	-5.25905	-8.00593	-5.9725	-6.09371
122	2	1	12	3	2	1	5	-2.61073	-2.11961	-3.64524	-4.76206
123	2	4	1	2	2	1	5	-2.76463	-3.60488	-4.1458	-4.08867
124	2	4	1	2	2	1	5	-2.76463	-3.60488	-4.1458	-4.08867
125	2	4	1	2	7	1	5	-2.29189	-5.08811	-5.78564	-4.99168
126	2	4	1	2	2	1	5	-2.76463	-3.60488	-4.1458	-4.08867
127	2	4	1	2	2	1	5	-2.76463	-3.60488	-4.1458	-4.08867
128	2	1	12	88	2	1	5	-3.93631	-3.43337	-5.7515	-5.3306
129	2	1	12	3	2	1	5	-2.61073	-2.11961	-3.64524	-4.76206
130	2	1	12	3	2	1	5	-2.61073	-2.11961	-3.64524	-4.76206
131	2	4	1	2	7	1	5	-2.29189	-5.08811	-5.78564	-4.99168
132	2	1	21	3	2	1	5	-2.91897	-2.49182	-4.42478	-4.50246
133	2	1	21	3	2	1	5	-2.91897	-2.49182	-4.42478	-4.50246
134	2	4	5	2	2	5	5	-3.65756	-6.44867	-6.86814	-5.79648
135	2	1	21	3	2	1	5	-2.91897	-2.49182	-4.42478	-4.50246
136	1	4	2	2	6	3	1	-11.8642	-10.1808	-10.5412	-11.2346
137	2	1	5	3	2	3	5	-4.22432	-3.26337	-5.48744	-4.80586
138	2	1	5	3	2	3	5	-4.22432	-3.26337	-5.48744	-4.80586
139	4	7	10	4	1	7	1	-1.81631	-3.66931	-2.60164	-1.93531
140	8	10	2	2	11	12	6	-3.93724	-6.71848	-7.54825	-6.93685
141	2	1	2	3	2	3	5	-3.7429	-6.49515	-7.34582	-6.73418
142	2	1	5	3	2	3	5	-4.22432	-3.26337	-5.48744	-4.80586
143	2	1	2	3	2	3	5	-3.7429	-6.49515	-7.34582	-6.73418
144	129	66	30	82	189	47	17	-3.23069	-4.76812	-5.48868	-4.13987
145	2	4	1	2	2	1	5	-2.76463	-3.60488	-4.1458	-4.08867
146	2	4	1	2	2	1	5	-2.76463	-3.60488	-4.1458	-4.08867
147	7	21	5	62	4	61	44	-7.38323	-3.84587	-5.67835	-7.59147
148	2	4	1	2	2	1	5	-2.76463	-3.60488	-4.1458	-4.08867
149	2	937	1	2	2	1	5	-7.58127	-8.75903	-6.80001	-7.57172
150	1	14	2	2	6	1	17	-9.30266	-6.47011	-7.73405	-6.34221
151	1	4	2	2	6	3	17	-4.63903	-2.46382	-4.59691	-5.60771
152	8	10	149	2	11	12	6	-4.86414	-3.97552	-5.68131	-7.10417
153	2	1	12	3	2	1	5	-2.61073	-2.11961	-3.64524	-4.76206
154	9	30	2	2	89	59	6	-4.93613	-7.73955	-8.55067	-7.93594
155	1	2	3	4	5	9	3	-4.6378	-2.50268	-3.61997	-4.94248
156	2	4	1	2	2	1	5	-2.76463	-3.60488	-4.1458	-4.08867
157	2	4	1	2	2	1	5	-2.76463	-3.60488	-4.1458	-4.08867
158	180	194	2	68	19	231	147	-29.7473	-33.9066	-22.1978	-25.7592
159	2	4	1	2	2	1	5	-2.76463	-3.60488	-4.1458	-4.08867
160	2	4	1	2	2	1	5	-2.76463	-3.60488	-4.1458	-4.08867
161	2	4	1	2	2	1	5	-2.76463	-3.60488	-4.1458	-4.08867
162	4	7	10	4	1	7	1	-1.81631	-3.66931	-2.60164	-1.93531
163	2	4	1	2	2	1	5	-2.76463	-3.60488	-4.1458	-4.08867
164	2	1	21	3	2	1	5	-2.91897	-2.49182	-4.42478	-4.50246
165	2	4	1	2	7	1	5	-2.29189	-5.08811	-5.78564	-4.99168
166	2	4	1	2	2	1	5	-2.76463	-3.60488	-4.1458	-4.08867
167	10	1	16	19	10	5	7	-6.249	-2.76427	-4.20436	-5.21966
168	104	7	10	4	1	7	1	-4.39425	-7.20095	-7.99459	-7.37537
169	2	4	1	2	2	1	5	-2.76463	-3.60488	-4.1458	-4.08867
170	10	27	16	19	10	5	7	-20.8346	-13.1189	-16.1528	-17.9672
171	2	4	1	2	2	1	5	-2.76463	-3.60488	-4.1458	-4.08867
172	2	1	1	3	2	1	5	-4.60881	-3.7946	-6.39642	-7.17832
173	7	21	5	62	4	61	44	-7.38323	-3.84587	-5.67835	-7.59147
174	2	1	1	3	2	1	5	-4.60881	-3.7946	-6.39642	-7.17832
175	10	1	16	19	10	5	7	-6.249	-2.76427	-4.20436	-5.21966
176	2	4	1	2	2	1	5	-2.76463	-3.60488	-4.1458	-4.08867
177	2	4	1	2	2	1	5	-2.76463	-3.60488	-4.1458	-4.08867
178	2	1	12	3	2	1	5	-2.61073	-2.11961	-3.64524	-4.76206
179	2	4	1	2	2	1	5	-2.76463	-3.60488	-4.1458	-4.08867
180	2	4	1	2	2	1	5	-2.76463	-3.60488	-4.1458	-4.08867
181	1	4	2	2	6	3	17	-4.63903	-2.46382	-4.59691	-5.60771
182	2	1	12	3	2	1	5	-2.61073	-2.11961	-3.64524	-4.76206
183	4	7	10	4	1	7	1	-1.81631	-3.66931	-2.60164	-1.93531
184	2	4	1	2	2	1	5	-2.76463	-3.60488	-4.1458	-4.08867
185	2	4	1	2	2	1	5	-2.76463	-3.60488	-4.1458	-4.08867
186	2	1	21	3	2	1	5	-2.91897	-2.49182	-4.42478	-4.50246
187	4	7	10	4	1	7	1	-1.81631	-3.66931	-2.60164	-1.93531
188	4	7	10	4	42	51	1	-2.91466	-4.51769	-4.85989	-3.79636
189	2	1	5	3	2	3	5	-4.22432	-3.26337	-5.48744	-4.80586
190	1	2	4	62	4	5	17	-6.08794	-4.85582	-7.50309	-8.49017
191	4	7	10	4	1	7	1	-1.81631	-3.66931	-2.60164	-1.93531
192	4	7	10	4	42	51	1	-2.91466	-4.51769	-4.85989	-3.79636
193	2	1	21	3	2	1	5	-2.91897	-2.49182	-4.42478	-4.50246
194	4	7	10	4	42	51	1	-2.91466	-4.51769	-4.85989	-3.79636
195	2	4	1	2	7	1	5	-2.29189	-5.08811	-5.78564	-4.99168
196	2	4	1	2	2	1	5	-2.76463	-3.60488	-4.1458	-4.08867
197	1	2	3	4	5	9	3	-4.6378	-2.50268	-3.61997	-4.94248
198	1	2	4	62	4	5	17	-6.08794	-4.85582	-7.50309	-8.49017
199	2	250	4	281	358	25	57	-31.6115	-34.0941	-19.2591	-20.4879
200	9	2	4	62	4	5	6	-3.6989	-5.10057	-5.80907	-6.49643
201	1	2	3	4	5	9	3	-4.6378	-2.50268	-3.61997	-4.94248
202	4	7	10	4	1	7	1	-1.81631	-3.66931	-2.60164	-1.93531
203	2	4	2	4	19	3	6	-5.78157	-8.58034	-9.38996	-8.77439
204	4	7	10	4	1	7	1	-1.81631	-3.66931	-2.60164	-1.93531
205	4	7	10	4	42	51	1	-2.91466	-4.51769	-4.85989	-3.79636
206	2	1	12	3	2	1	5	-2.61073	-2.11961	-3.64524	-4.76206
207	4	7	10	4	1	7	1	-1.81631	-3.66931	-2.60164	-1.93531
208	2	1	12	3	2	1	5	-2.61073	-2.11961	-3.64524	-4.76206
209	1	2	4	62	4	5	17	-6.08794	-4.85582	-7.50309	-8.49017
210	4	7	10	4	42	51	1	-2.91466	-4.51769	-4.85989	-3.79636
211	2	4	1	2	2	1	5	-2.76463	-3.60488	-4.1458	-4.08867
212	4	7	10	4	1	7	1	-1.81631	-3.66931	-2.60164	-1.93531
213	2	1	21	3	2	1	5	-2.91897	-2.49182	-4.42478	-4.50246
214	47	2	4	2	6	5	17	-11.7074	-10.8317	-6.19376	-8.43031
215	2	1	21	3	2	1	5	-2.91897	-2.49182	-4.42478	-4.50246
216	2	1	21	3	2	1	5	-2.91897	-2.49182	-4.42478	-4.50246
217	2	4	1	2	2	1	5	-2.76463	-3.60488	-4.1458	-4.08867
218	2	4	1	2	2	1	5	-2.76463	-3.60488	-4.1458	-4.08867
219	10	81	50	99	120	76	52	-6.70407	-6.41737	-5.25942	-5.16516
220	2	4	1	2	2	1	5	-2.76463	-3.60488	-4.1458	-4.08867
221	2	4	1	2	2	1	5	-2.76463	-3.60488	-4.1458	-4.08867
222	1	4	2	2	6	3	17	-4.63903	-2.46382	-4.59691	-5.60771
223	1	2	4	62	4	5	17	-6.08794	-4.85582	-7.50309	-8.49017
224	4	7	10	4	1	7	1	-1.81631	-3.66931	-2.60164	-1.93531
225	4	7	10	4	1	7	1	-1.81631	-3.66931	-2.60164	-1.93531
226	10	1	16	19	10	5	7	-6.249	-2.76427	-4.20436	-5.21966
227	2	4	1	2	2	1	5	-2.76463	-3.60488	-4.1458	-4.08867
228	2	4	1	2	7	1	5	-2.29189	-5.08811	-5.78564	-4.99168
229	1	4	2	348	6	3	17	-8.93582	-5.37958	-8.12143	-9.69255
230	1	2	4	62	4	5	17	-6.08794	-4.85582	-7.50309	-8.49017
231	10	27	16	19	10	5	7	-20.8346	-13.1189	-16.1528	-17.9672
232	1	4	2	2	6	3	17	-4.63903	-2.46382	-4.59691	-5.60771
233	4	7	10	4	42	51	1	-2.91466	-4.51769	-4.85989	-3.79636
234	2	4	1	2	2	1	5	-2.76463	-3.60488	-4.1458	-4.08867
235	2	1	12	3	2	1	5	-2.61073	-2.11961	-3.64524	-4.76206
236	2	1	12	88	2	1	5	-3.93631	-3.43337	-5.7515	-5.3306
237	2	4	1	2	7	1	5	-2.29189	-5.08811	-5.78564	-4.99168
238	2	1	12	3	2	1	5	-2.61073	-2.11961	-3.64524	-4.76206
239	1	4	2	2	6	3	17	-4.63903	-2.46382	-4.59691	-5.60771
240	2	1	4	28	58	25	58	-5.66492	-8.36046	-5.33105	-4.24121
241	2	1	5	3	2	3	5	-4.22432	-3.26337	-5.48744	-4.80586
242	2	1	12	3	2	1	5	-2.61073	-2.11961	-3.64524	-4.76206
243	2	4	1	2	2	1	5	-2.76463	-3.60488	-4.1458	-4.08867
244	2	1	5	10	11	1	5	-28.6395	-23.106	-24.3693	-25.5329
245	2	1	12	3	2	1	5	-2.61073	-2.11961	-3.64524	-4.76206
246	2	1	12	88	2	1	5	-3.93631	-3.43337	-5.7515	-5.3306
247	2	1	12	3	2	1	5	-2.61073	-2.11961	-3.64524	-4.76206
248	2	1	12	3	2	1	5	-2.61073	-2.11961	-3.64524	-4.76206
249	1	4	2	2	6	3	17	-4.63903	-2.46382	-4.59691	-5.60771
250	9	2	4	62	4	5	6	-3.6989	-5.10057	-5.80907	-6.49643
251	2	1	12	3	2	1	5	-2.61073	-2.11961	-3.64524	-4.76206
252	8	10	149	2	11	12	6	-4.86414	-3.97552	-5.68131	-7.10417
253	2	1	21	3	2	1	5	-2.91897	-2.49182	-4.42478	-4.50246
254	1	2	3	4	5	9	3	-4.6378	-2.50268	-3.61997	-4.94248
255	2	1	5	3	2	3	5	-4.22432	-3.26337	-5.48744	-4.80586
256	1	307	3	4	5	9	3	-6.83316	-6.42878	-6.12506	-8.14358
257	1	4	2	2	6	3	17	-4.63903	-2.46382	-4.59691	-5.60771
258	2	4	1	2	7	1	5	-2.29189	-5.08811	-5.78564	-4.99168
259	2	4	1	2	2	1	5	-2.76463	-3.60488	-4.1458	-4.08867
260	2	61	4	64	126	7	23	-6.01967	-8.79773	-5.88861	-4.25523
261	7	21	5	62	4	61	44	-7.38323	-3.84587	-5.67835	-7.59147
262	2	1	12	3	2	1	5	-2.61073	-2.11961	-3.64524	-4.76206
263	2	4	1	2	2	1	5	-2.76463	-3.60488	-4.1458	-4.08867
264	2	1	12	3	2	1	5	-2.61073	-2.11961	-3.64524	-4.76206
265	2	1	21	3	2	1	5	-2.91897	-2.49182	-4.42478	-4.50246
266	2	1	21	3	2	1	5	-2.91897	-2.49182	-4.42478	-4.50246
267	2	4	1	2	2	1	5	-2.76463	-3.60488	-4.1458	-4.08867
268	2	4	1	2	2	1	5	-2.76463	-3.60488	-4.1458	-4.08867
269	2	4	1	2	7	1	5	-2.29189	-5.08811	-5.78564	-4.99168
270	4	7	10	4	1	7	1	-1.81631	-3.66931	-2.60164	-1.93531
271	1	2	4	62	4	5	17	-6.08794	-4.85582	-7.50309	-8.49017
272	4	1	21	3	2	1	5	-10.2239	-10.3065	-10.4935	-10.1944
273	10	1	16	19	10	5	7	-6.249	-2.76427	-4.20436	-5.21966
274	33	283	44	82	189	44	17	-6.97826	-3.48728	-5.43941	-6.04741
275	2	1	12	3	2	1	5	-2.61073	-2.11961	-3.64524	-4.76206
276	10	81	50	99	120	76	52	-6.70407	-6.41737	-5.25942	-5.16516
277	4	7	10	4	42	25	1	-8.78806	-10.4219	-5.77795	-5.1863
278	2	4	1	2	2	1	5	-2.76463	-3.60488	-4.1458	-4.08867
279	2	4	5	2	10	1	5	-6.87828	-9.6709	-10.4826	-9.87292
280	2	4	1	2	2	1	5	-2.76463	-3.60488	-4.1458	-4.08867
281	9	2	4	62	4	5	6	-3.6989	-5.10057	-5.80907	-6.49643
282	4	7	10	4	1	7	1	-1.81631	-3.66931	-2.60164	-1.93531
283	2	1	12	3	2	1	5	-2.61073	-2.11961	-3.64524	-4.76206
284	9	2	4	62	4	5	6	-3.6989	-5.10057	-5.80907	-6.49643
285	9	2	4	62	4	5	6	-3.6989	-5.10057	-5.80907	-6.49643
286	2	4	1	2	2	1	5	-2.76463	-3.60488	-4.1458	-4.08867
287	2	1	12	88	2	1	5	-3.93631	-3.43337	-5.7515	-5.3306
288	2	1	21	3	2	1	5	-2.91897	-2.49182	-4.42478	-4.50246
289	33	39	30	79	113	44	17	-26.9527	-23.922	-25.0875	-27.138
290	1	2	3	4	5	9	3	-4.6378	-2.50268	-3.61997	-4.94248
291	1	4	2	2	6	3	17	-4.63903	-2.46382	-4.59691	-5.60771
292	9	2	4	62	4	5	6	-3.6989	-5.10057	-5.80907	-6.49643
293	2	1	12	3	2	1	5	-2.61073	-2.11961	-3.64524	-4.76206
294	2	1	5	3	2	5	5	-5.5762	-2.85015	-4.10581	-5.53683
295	2	1	5	3	2	5	5	-5.5762	-2.85015	-4.10581	-5.53683
296	2	4	1	2	2	1	5	-2.76463	-3.60488	-4.1458	-4.08867
297	2	4	1	2	2	1	5	-2.76463	-3.60488	-4.1458	-4.08867
298	2	1	21	3	2	1	5	-2.91897	-2.49182	-4.42478	-4.50246
299	32	39	30	82	104	324	17	-8.24324	-4.6927	-7.43401	-9.00188
300	2	1	12	3	2	1	5	-2.61073	-2.11961	-3.64524	-4.76206
301	4	7	10	4	1	7	1	-1.81631	-3.66931	-2.60164	-1.93531
302	1	4	2	2	6	3	5	-8.84651	-5.30289	-8.04299	-9.61315
303	2	1	21	3	2	1	5	-2.91897	-2.49182	-4.42478	-4.50246
304	4	7	10	4	42	51	1	-2.91466	-4.51769	-4.85989	-3.79636
305	2	4	1	2	7	1	5	-2.29189	-5.08811	-5.78564	-4.99168
306	7	21	5	62	4	61	44	-7.38323	-3.84587	-5.67835	-7.59147
307	104	7	10	4	1	7	1	-4.39425	-7.20095	-7.99459	-7.37537
308	9	25	2	10	22	3	6	-4.45595	-7.25314	-5.93087	-4.36409
309	2	4	2	2	6	3	17	-11.2713	-7.94303	-10.1907	-11.061
310	2	4	1	2	7	1	5	-2.29189	-5.08811	-5.78564	-4.99168
311	129	66	30	82	189	47	17	-3.23069	-4.76812	-5.48868	-4.13987
312	33	39	30	82	104	173	68	-5.37582	-3.98705	-6.65188	-7.70531
313	2	1	12	3	2	1	5	-2.61073	-2.11961	-3.64524	-4.76206
314	2	1	1	3	2	1	5	-4.60881	-3.7946	-6.39642	-7.17832
315	7	21	5	62	4	61	44	-7.38323	-3.84587	-5.67835	-7.59147
316	2	1	21	3	2	1	5	-2.91897	-2.49182	-4.42478	-4.50246
317	4	7	10	4	1	7	1	-1.81631	-3.66931	-2.60164	-1.93531
318	10	2	107	62	120	76	1	-6.83774	-9.63471	-7.9161	-6.32355
319	4	7	10	4	1	7	1	-1.81631	-3.66931	-2.60164	-1.93531
320	2	1	12	3	2	1	5	-2.61073	-2.11961	-3.64524	-4.76206
321	2	1	5	3	2	3	5	-4.22432	-3.26337	-5.48744	-4.80586
322	4	7	10	4	1	7	1	-1.81631	-3.66931	-2.60164	-1.93531
323	2	1	12	88	2	1	5	-3.93631	-3.43337	-5.7515	-5.3306
324	4	7	10	4	42	7	1	-6.62158	-9.16192	-5.55228	-4.67204
325	4	7	10	4	42	51	1	-2.91466	-4.51769	-4.85989	-3.79636
326	2	1	21	3	2	1	5	-2.91897	-2.49182	-4.42478	-4.50246
327	2	1	12	3	2	1	5	-2.61073	-2.11961	-3.64524	-4.76206
328	4	7	10	4	1	7	1	-1.81631	-3.66931	-2.60164	-1.93531
329	2	4	1	2	7	1	5	-2.29189	-5.08811	-5.78564	-4.99168
330	4	7	10	4	1	7	1	-1.81631	-3.66931	-2.60164	-1.93531
331	2	1	12	3	2	1	5	-2.61073	-2.11961	-3.64524	-4.76206
332	4	7	10	4	1	7	1	-1.81631	-3.66931	-2.60164	-1.93531
333	4	7	10	4	1	7	1	-1.81631	-3.66931	-2.60164	-1.93531
334	1	4	2	2	6	3	17	-4.63903	-2.46382	-4.59691	-5.60771
335	2	4	1	2	2	1	5	-2.76463	-3.60488	-4.1458	-4.08867
336	4	7	10	4	1	7	1	-1.81631	-3.66931	-2.60164	-1.93531
337	7	17	2	15	23	3	12	-6.88309	-9.68596	-10.4975	-9.88285
338	2	1	5	3	2	3	5	-4.22432	-3.26337	-5.48744	-4.80586
339	4	7	10	4	1	7	1	-1.81631	-3.66931	-2.60164	-1.93531
340	4	7	10	4	1	7	1	-1.81631	-3.66931	-2.60164	-1.93531
341	4	7	10	4	42	51	1	-2.91466	-4.51769	-4.85989	-3.79636
342	2	4	1	2	2	1	5	-2.76463	-3.60488	-4.1458	-4.08867
343	2	1	12	88	2	1	5	-3.93631	-3.43337	-5.7515	-5.3306
344	2	1	1	3	2	1	5	-4.60881	-3.7946	-6.39642	-7.17832
345	1	2	3	4	5	9	3	-4.6378	-2.50268	-3.61997	-4.94248
346	2	1	12	88	2	1	5	-3.93631	-3.43337	-5.7515	-5.3306
347	2	1	1	3	2	1	5	-4.60881	-3.7946	-6.39642	-7.17832
348	24	17	2	10	23	68	5	-9.3413	-5.78982	-8.53167	-10.1
349	4	7	10	4	1	7	1	-1.81631	-3.66931	-2.60164	-1.93531
350	2	1	21	3	2	1	5	-2.91897	-2.49182	-4.42478	-4.50246
351	1	4	2	2	6	3	17	-4.63903	-2.46382	-4.59691	-5.60771
352	2	1	5	3	2	3	5	-4.22432	-3.26337	-5.48744	-4.80586
353	4	7	10	4	1	7	1	-1.81631	-3.66931	-2.60164	-1.93531
354	2	1	1	3	2	1	5	-4.60881	-3.7946	-6.39642	-7.17832
355	2	1	12	3	2	1	5	-2.61073	-2.11961	-3.64524	-4.76206
356	8	10	149	2	11	12	6	-4.86414	-3.97552	-5.68131	-7.10417
357	2	4	1	2	2	5	5	-6.81306	-6.40712	-8.85475	-9.45752
358	10	1	16	19	10	5	7	-6.249	-2.76427	-4.20436	-5.21966
359	24	17	2	10	23	68	5	-9.3413	-5.78982	-8.53167	-10.1
360	1	2	4	62	4	5	17	-6.08794	-4.85582	-7.50309	-8.49017
361	2	4	1	2	7	1	5	-2.29189	-5.08811	-5.78564	-4.99168
362	7	71	5	62	11	67	6	-31.9123	-29.9845	-27.0491	-29.9683
363	7	17	5	2	10	3	6	-26.5348	-24.2699	-23.8979	-23.001
364	2	1	5	3	2	3	5	-4.22432	-3.26337	-5.48744	-4.80586
365	9	2	4	62	4	5	6	-3.6989	-5.10057	-5.80907	-6.49643
366	33	38	30	82	104	325	36	-14.9301	-11.6521	-11.8884	-14.2912
367	2	4	1	2	7	1	5	-2.29189	-5.08811	-5.78564	-4.99168
368	47	2	4	2	6	5	17	-11.7074	-10.8317	-6.19376	-8.43031
369	2	1	12	88	2	1	5	-3.93631	-3.43337	-5.7515	-5.3306
370	2	1	12	88	2	1	5	-3.93631	-3.43337	-5.7515	-5.3306
371	2	1	12	88	2	1	5	-3.93631	-3.43337	-5.7515	-5.3306
372	2	1	12	88	2	1	5	-3.93631	-3.43337	-5.7515	-5.3306
373	2	4	1	2	2	1	5	-2.76463	-3.60488	-4.1458	-4.08867
374	2	1	12	88	2	1	5	-3.93631	-3.43337	-5.7515	-5.3306
375	1	1	2	2	6	3	17	-9.90053	-6.24812	-8.95394	-10.521
376	2	1	12	88	2	1	5	-3.93631	-3.43337	-5.7515	-5.3306
377	2	1	12	88	2	1	5	-3.93631	-3.43337	-5.7515	-5.3306
378	2	4	1	2	2	1	5	-2.76463	-3.60488	-4.1458	-4.08867
379	2	1	12	88	2	1	5	-3.93631	-3.43337	-5.7515	-5.3306
380	2	1	5	3	2	3	5	-4.22432	-3.26337	-5.48744	-4.80586
381	4	7	10	4	1	7	1	-1.81631	-3.66931	-2.60164	-1.93531
382	2	1	12	3	2	1	5	-2.61073	-2.11961	-3.64524	-4.76206
383	1	2	4	62	4	5	17	-6.08794	-4.85582	-7.50309	-8.49017
384	1	4	2	2	6	3	17	-4.63903	-2.46382	-4.59691	-5.60771
385	2	1	12	3	2	1	5	-2.61073	-2.11961	-3.64524	-4.76206
386	2	1	12	88	2	1	5	-3.93631	-3.43337	-5.7515	-5.3306
387	9	2	4	62	4	5	6	-3.6989	-5.10057	-5.80907	-6.49643
388	2	4	1	2	7	1	5	-2.29189	-5.08811	-5.78564	-4.99168
389	2	1	5	3	2	3	5	-4.22432	-3.26337	-5.48744	-4.80586
390	7	21	5	62	4	61	44	-7.38323	-3.84587	-5.67835	-7.59147
391	1	2	215	4	90	24	8	-33.318	-33.4452	-21.5147	-23.757
392	2	1	21	3	2	1	5	-2.91897	-2.49182	-4.42478	-4.50246
393	1	4	2	2	6	3	17	-4.63903	-2.46382	-4.59691	-5.60771
394	2	4	1	2	2	1	5	-2.76463	-3.60488	-4.1458	-4.08867
395	2	1	12	3	2	1	5	-2.61073	-2.11961	-3.64524	-4.76206
396	1	2	3	4	5	9	3	-4.6378	-2.50268	-3.61997	-4.94248
397	2	1	5	3	2	3	5	-4.22432	-3.26337	-5.48744	-4.80586
398	10	1	16	19	10	5	7	-6.249	-2.76427	-4.20436	-5.21966
399	2	1	2	3	2	959	5	-8.6362	-11.4339	-9.96055	-10.2232
400	10	1	16	19	10	5	7	-6.249	-2.76427	-4.20436	-5.21966
401	2	4	1	2	7	1	5	-2.29189	-5.08811	-5.78564	-4.99168
402	2	1	12	3	2	1	5	-2.61073	-2.11961	-3.64524	-4.76206
403	8	10	149	2	11	12	6	-4.86414	-3.97552	-5.68131	-7.10417
404	2	4	1	2	7	1	5	-2.29189	-5.08811	-5.78564	-4.99168
405	4	7	10	4	1	7	1	-1.81631	-3.66931	-2.60164	-1.93531
406	4	7	10	4	1	7	1	-1.81631	-3.66931	-2.60164	-1.93531
407	2	4	5	2	2	5	5	-3.65756	-6.44867	-6.86814	-5.79648
408	2	1	12	3	2	1	5	-2.61073	-2.11961	-3.64524	-4.76206
409	166	2	27	10	151	3	1	-35.0957	-36.2697	-26.3847	-27.5654
410	33	39	30	79	113	44	17	-26.9527	-23.922	-25.0875	-27.138
411	7	17	2	15	23	3	12	-6.88309	-9.68596	-10.4975	-9.88285
412	1	2	3	4	5	9	3	-4.6378	-2.50268	-3.61997	-4.94248
413	2	4	1	2	7	1	5	-2.29189	-5.08811	-5.78564	-4.99168
414	7	21	5	62	4	61	44	-7.38323	-3.84587	-5.67835	-7.59147
415	2	1	12	3	2	1	5	-2.61073	-2.11961	-3.64524	-4.76206
416	1	2	3	4	5	9	3	-4.6378	-2.50268	-3.61997	-4.94248
417	2	1	5	88	2	11	5	-8.87245	-5.36764	-6.05025	-8.17618
418	2	4	1	2	7	1	5	-2.29189	-5.08811	-5.78564	-4.99168
419	2	1	21	3	2	1	5	-2.91897	-2.49182	-4.42478	-4.50246
420	7	17	2	15	23	3	12	-6.88309	-9.68596	-10.4975	-9.88285
421	2	1	5	88	2	11	5	-8.87245	-5.36764	-6.05025	-8.17618
422	47	2	4	2	6	5	17	-11.7074	-10.8317	-6.19376	-8.43031
423	1	2	3	4	5	9	3	-4.6378	-2.50268	-3.61997	-4.94248
424	7	17	2	15	23	3	12	-6.88309	-9.68596	-10.4975	-9.88285
425	2	4	1	2	2	1	5	-2.76463	-3.60488	-4.1458	-4.08867
426	2	4	1	2	2	1	5	-2.76463	-3.60488	-4.1458	-4.08867
427	2	4	1	2	2	1	5	-2.76463	-3.60488	-4.1458	-4.08867
428	2	1	12	3	2	1	5	-2.61073	-2.11961	-3.64524	-4.76206
429	2	4	5	2	2	5	5	-3.65756	-6.44867	-6.86814	-5.79648
430	2	1	21	3	2	1	5	-2.91897	-2.49182	-4.42478	-4.50246
431	4	7	10	4	42	25	1	-8.78806	-10.4219	-5.77795	-5.1863
432	1	4	2	2	6	3	17	-4.63903	-2.46382	-4.59691	-5.60771
433	1	2	215	4	923	24	8	-33.318	-33.4452	-21.5147	-23.757
434	1	2	3	4	5	9	3	-4.6378	-2.50268	-3.61997	-4.94248
435	2	1	1	3	2	1	5	-4.60881	-3.7946	-6.39642	-7.17832
436	1	4	2	2	6	3	17	-4.63903	-2.46382	-4.59691	-5.60771
437	2	4	1	2	2	1	5	-2.76463	-3.60488	-4.1458	-4.08867
438	2	1	5	3	2	5	5	-5.5762	-2.85015	-4.10581	-5.53683
439	4	7	10	4	42	51	1	-2.91466	-4.51769	-4.85989	-3.79636
440	4	7	10	4	1	7	1	-1.81631	-3.66931	-2.60164	-1.93531
441	4	7	10	4	1	7	1	-1.81631	-3.66931	-2.60164	-1.93531
442	4	7	10	4	1	7	1	-1.81631	-3.66931	-2.60164	-1.93531
443	2	1	21	3	2	1	5	-2.91897	-2.49182	-4.42478	-4.50246
444	2	1	21	3	2	1	5	-2.91897	-2.49182	-4.42478	-4.50246
445	2	4	1	2	7	1	5	-2.29189	-5.08811	-5.78564	-4.99168
446	4	7	10	4	1	7	1	-1.81631	-3.66931	-2.60164	-1.93531
447	4	7	10	4	1	7	1	-1.81631	-3.66931	-2.60164	-1.93531
448	2	1	1	3	2	1	5	-4.60881	-3.7946	-6.39642	-7.17832
449	2	1	21	3	2	1	5	-2.91897	-2.49182	-4.42478	-4.50246
450	2	1	21	3	2	1	5	-2.91897	-2.49182	-4.42478	-4.50246
451	4	7	10	4	42	51	1	-2.91466	-4.51769	-4.85989	-3.79636
452	4	7	10	1	1	7	1	-5.25905	-8.00593	-5.9725	-6.09371
453	239	27	16	19	10	5	7	-10.0359	-6.48457	-9.22527	-10.7943
454	2	1	12	3	2	1	5	-2.61073	-2.11961	-3.64524	-4.76206
455	2	4	1	2	2	1	5	-2.76463	-3.60488	-4.1458	-4.08867
456	2	1	12	3	2	1	5	-2.61073	-2.11961	-3.64524	-4.76206
457	2	1	12	3	2	1	5	-2.61073	-2.11961	-3.64524	-4.76206
458	10	81	50	99	120	76	52	-6.70407	-6.41737	-5.25942	-5.16516
459	47	2	4	2	6	5	17	-11.7074	-10.8317	-6.19376	-8.43031
460	2	4	1	3	2	1	5	-6.83844	-8.60495	-9.78777	-9.6512
461	4	7	10	4	1	7	1	-1.81631	-3.66931	-2.60164	-1.93531
462	2	1	1	380	2	1	5	-6.14297	-5.73523	-8.27452	-8.84312
463	2	4	1	2	7	1	5	-2.29189	-5.08811	-5.78564	-4.99168
464	2	1	12	88	2	1	5	-3.93631	-3.43337	-5.7515	-5.3306
465	7	71	5	62	11	67	1	-33.4104	-30.1797	-25.9095	-29.3108
466	2	4	1	2	7	1	5	-2.29189	-5.08811	-5.78564	-4.99168
467	4	7	10	4	1	7	1	-1.81631	-3.66931	-2.60164	-1.93531
468	2	1	1	380	2	1	5	-6.14297	-5.73523	-8.27452	-8.84312
469	2	4	1	2	2	1	5	-2.76463	-3.60488	-4.1458	-4.08867
470	2	1	12	3	2	1	5	-2.61073	-2.11961	-3.64524	-4.76206
471	1	14	2	2	6	1	17	-9.30266	-6.47011	-7.73405	-6.34221
472	1	2	4	62	4	5	17	-6.08794	-4.85582	-7.50309	-8.49017
473	4	7	10	4	1	7	1	-1.81631	-3.66931	-2.60164	-1.93531
474	2	1	21	3	2	1	5	-2.91897	-2.49182	-4.42478	-4.50246
475	2	4	1	2	2	1	5	-2.76463	-3.60488	-4.1458	-4.08867
476	1	4	2	2	6	3	17	-4.63903	-2.46382	-4.59691	-5.60771
477	4	7	10	4	1	7	1	-1.81631	-3.66931	-2.60164	-1.93531
478	10	2	107	62	120	76	1	-6.83774	-9.63471	-7.9161	-6.32355
479	2	1	12	3	2	1	5	-2.61073	-2.11961	-3.64524	-4.76206
480	2	1	5	3	2	3	5	-4.22432	-3.26337	-5.48744	-4.80586
481	2	1	21	3	2	1	5	-2.91897	-2.49182	-4.42478	-4.50246
482	1	2	3	4	5	9	3	-4.6378	-2.50268	-3.61997	-4.94248
483	1	307	3	4	5	9	3	-6.83316	-6.42878	-6.12506	-8.14358
484	7	2	5	2	10	3	6	-32.8906	-27.7048	-28.6885	-29.0613
485	1	2	3	4	5	9	3	-4.6378	-2.50268	-3.61997	-4.94248
486	33	39	30	82	104	173	68	-5.37582	-3.98705	-6.65188	-7.70531
487	4	7	10	4	42	7	1	-6.62158	-9.16192	-5.55228	-4.67204
488	2	1	12	88	2	1	5	-3.93631	-3.43337	-5.7515	-5.3306
489	2	4	1	2	2	1	5	-2.76463	-3.60488	-4.1458	-4.08867
490	2	1	21	3	2	1	5	-2.91897	-2.49182	-4.42478	-4.50246
491	9	2	4	62	4	5	6	-3.6989	-5.10057	-5.80907	-6.49643
492	2	1	5	3	2	3	5	-4.22432	-3.26337	-5.48744	-4.80586
493	4	7	10	4	1	7	1	-1.81631	-3.66931	-2.60164	-1.93531
494	2	1	57	26	127	29	35	-6.87235	-9.40265	-6.17689	-8.2078
495	2	1	57	26	127	29	35	-6.87235	-9.40265	-6.17689	-8.2078
496	2	4	2	4	19	3	6	-5.78157	-8.58034	-9.38996	-8.77439
497	2	1	12	3	2	1	5	-2.61073	-2.11961	-3.64524	-4.76206
498	2	4	1	2	2	1	5	-2.76463	-3.60488	-4.1458	-4.08867
499	2	4	1	2	2	1	5	-2.76463	-3.60488	-4.1458	-4.08867
500	2	1	21	3	2	1	5	-2.91897	-2.49182	-4.42478	-4.50246
501	33	39	65	79	104	43	17	-4.58003	-7.38314	-8.19425	-7.58027
502	1	14	2	2	6	1	17	-9.30266	-6.47011	-7.73405	-6.34221
503	2	1	12	3	2	1	5	-2.61073	-2.11961	-3.64524	-4.76206
504	7	21	5	62	4	61	44	-7.38323	-3.84587	-5.67835	-7.59147
505	9	2	4	62	4	5	6	-3.6989	-5.10057	-5.80907	-6.49643
506	129	66	30	82	189	47	17	-3.23069	-4.76812	-5.48868	-4.13987
507	2	1	21	3	2	1	5	-2.91897	-2.49182	-4.42478	-4.50246
508	47	2	4	2	6	5	17	-11.7074	-10.8317	-6.19376	-8.43031
509	2	4	1	2	7	1	5	-2.29189	-5.08811	-5.78564	-4.99168
510	33	38	30	82	104	325	36	-14.9301	-11.6521	-11.8884	-14.2912
511	1	4	2	2	6	3	17	-4.63903	-2.46382	-4.59691	-5.60771
512	1	4	2	2	6	3	17	-4.63903	-2.46382	-4.59691	-5.60771
513	2	4	1	2	2	1	5	-2.76463	-3.60488	-4.1458	-4.08867
514	4	7	10	4	1	7	1	-1.81631	-3.66931	-2.60164	-1.93531
515	33	283	44	82	189	44	17	-6.97826	-3.48728	-5.43941	-6.04741
516	8	10	149	2	11	12	6	-4.86414	-3.97552	-5.68131	-7.10417
517	2	1	21	3	62	1	5	-5.77994	-8.57017	-9.38771	-8.776
518	10	1	16	19	10	5	7	-6.249	-2.76427	-4.20436	-5.21966
519	180	194	2	68	19	231	147	-29.7473	-33.9066	-22.1978	-25.7592
520	2	4	1	2	7	1	5	-2.29189	-5.08811	-5.78564	-4.99168
521	2	4	2	2	6	1	5	-6.07989	-4.84338	-5.95047	-7.76239
522	1	2	3	4	5	9	3	-4.6378	-2.50268	-3.61997	-4.94248
523	2	1	21	3	2	1	5	-2.91897	-2.49182	-4.42478	-4.50246
524	2	1	12	3	2	1	5	-2.61073	-2.11961	-3.64524	-4.76206
525	2	1	5	3	2	3	5	-4.22432	-3.26337	-5.48744	-4.80586
526	1	307	3	4	5	9	3	-6.83316	-6.42878	-6.12506	-8.14358
527	2	4	1	2	7	1	5	-2.29189	-5.08811	-5.78564	-4.99168
528	2	1	12	3	2	1	5	-2.61073	-2.11961	-3.64524	-4.76206
529	7	21	5	62	4	61	44	-7.38323	-3.84587	-5.67835	-7.59147
530	2	1	5	3	2	3	5	-4.22432	-3.26337	-5.48744	-4.80586
531	2	1	12	88	2	1	5	-3.93631	-3.43337	-5.7515	-5.3306
532	2	1	21	3	2	1	5	-2.91897	-2.49182	-4.42478	-4.50246
533	1	4	2	2	6	3	17	-4.63903	-2.46382	-4.59691	-5.60771
534	2	4	1	2	7	1	5	-2.29189	-5.08811	-5.78564	-4.99168
535	47	2	4	2	6	5	17	-11.7074	-10.8317	-6.19376	-8.43031
536	1	4	2	2	6	3	17	-4.63903	-2.46382	-4.59691	-5.60771
537	1	2	3	4	5	9	3	-4.6378	-2.50268	-3.61997	-4.94248
538	2	4	1	2	2	1	5	-2.76463	-3.60488	-4.1458	-4.08867
539	4	7	10	4	42	7	1	-6.62158	-9.16192	-5.55228	-4.67204
540	2	4	1	9	2	1	5	-7.64389	-8.76892	-6.80692	-7.58341
541	2	1	12	3	2	1	5	-2.61073	-2.11961	-3.64524	-4.76206
542	1	4	2	9	6	3	17	-9.52111	-7.57872	-7.23086	-9.08888
543	1	2	3	4	922	9	3	-9.53256	-7.66943	-6.28261	-8.43978
544	4	7	10	4	1	7	1	-1.81631	-3.66931	-2.60164	-1.93531
545	2	1	5	3	2	3	5	-4.22432	-3.26337	-5.48744	-4.80586
546	2	4	1	2	7	1	5	-2.29189	-5.08811	-5.78564	-4.99168
547	4	7	10	4	1	7	1	-1.81631	-3.66931	-2.60164	-1.93531
548	2	4	1	2	2	1	5	-2.76463	-3.60488	-4.1458	-4.08867
549	2	1	21	3	2	1	5	-2.91897	-2.49182	-4.42478	-4.50246
550	4	7	10	4	1	7	1	-1.81631	-3.66931	-2.60164	-1.93531
551	1	4	2	2	6	3	17	-4.63903	-2.46382	-4.59691	-5.60771
552	2	1	5	3	2	5	5	-5.5762	-2.85015	-4.10581	-5.53683
553	2	1	12	3	2	1	5	-2.61073	-2.11961	-3.64524	-4.76206
554	4	936	10	4	1	7	1	-6.7054	-8.83242	-5.23799	-5.43393
555	180	194	2	68	19	231	147	-29.7473	-33.9066	-22.1978	-25.7592
556	4	7	10	4	42	51	1	-2.91466	-4.51769	-4.85989	-3.79636
557	4	7	10	4	42	25	1	-8.78806	-10.4219	-5.77795	-5.1863
558	2	1	21	3	2	1	5	-2.91897	-2.49182	-4.42478	-4.50246
559	2	1	5	3	2	3	5	-4.22432	-3.26337	-5.48744	-4.80586
560	2	1	5	3	2	3	5	-4.22432	-3.26337	-5.48744	-4.80586
561	4	7	10	4	42	51	1	-2.91466	-4.51769	-4.85989	-3.79636
562	4	7	10	4	1	7	1	-1.81631	-3.66931	-2.60164	-1.93531
563	2	4	1	2	7	1	5	-2.29189	-5.08811	-5.78564	-4.99168
564	2	1	21	3	2	1	5	-2.91897	-2.49182	-4.42478	-4.50246
565	1	4	2	2	6	3	17	-4.63903	-2.46382	-4.59691	-5.60771
566	188	313	5	2	89	5	6	-42.3388	-37.2541	-36.8249	-41.0744
567	2	1	21	3	2	1	5	-2.91897	-2.49182	-4.42478	-4.50246
568	2	1	1	3	2	1	5	-4.60881	-3.7946	-6.39642	-7.17832
569	2	1	5	3	2	3	5	-4.22432	-3.26337	-5.48744	-4.80586
570	2	4	1	2	2	1	5	-2.76463	-3.60488	-4.1458	-4.08867
571	2	1	5	3	2	3	5	-4.22432	-3.26337	-5.48744	-4.80586
572	2	1	1	3	2	1	5	-4.60881	-3.7946	-6.39642	-7.17832
573	2	1	5	3	2	3	5	-4.22432	-3.26337	-5.48744	-4.80586
574	1	4	2	2	6	3	17	-4.63903	-2.46382	-4.59691	-5.60771
575	1	4	2	2	6	3	17	-4.63903	-2.46382	-4.59691	-5.60771
576	2	1	21	3	2	1	5	-2.91897	-2.49182	-4.42478	-4.50246
577	239	27	16	19	10	5	7	-10.0359	-6.48457	-9.22527	-10.7943
578	2	4	5	2	2	5	5	-3.65756	-6.44867	-6.86814	-5.79648
579	9	2	4	62	4	5	6	-3.6989	-5.10057	-5.80907	-6.49643
580	2	1	1	3	2	1	5	-4.60881	-3.7946	-6.39642	-7.17832
581	2	1	5	3	2	3	5	-4.22432	-3.26337	-5.48744	-4.80586
582	1	4	2	2	6	3	17	-4.63903	-2.46382	-4.59691	-5.60771
583	2	4	5	2	2	5	5	-3.65756	-6.44867	-6.86814	-5.79648
584	2	4	5	2	2	5	5	-3.65756	-6.44867	-6.86814	-5.79648
585	2	1	5	3	2	3	5	-4.22432	-3.26337	-5.48744	-4.80586
586	2	1	1	380	2	1	5	-6.14297	-5.73523	-8.27452	-8.84312
587	2	7	10	4	1	7	1	-6.67689	-8.67889	-8.10109	-7.31044
588	2	1	12	3	2	1	5	-2.61073	-2.11961	-3.64524	-4.76206
589	2	4	1	2	2	1	5	-2.76463	-3.60488	-4.1458	-4.08867
590	9	2	4	62	4	5	6	-3.6989	-5.10057	-5.80907	-6.49643
591	2	4	5	2	2	5	5	-3.65756	-6.44867	-6.86814	-5.79648
592	1	4	2	2	6	3	17	-4.63903	-2.46382	-4.59691	-5.60771
593	1	4	2	2	6	5	17	-13.2708	-9.02151	-11.5691	-13.8212
594	2	4	2	2	6	1	5	-6.07989	-4.84338	-5.95047	-7.76239
595	1	4	2	2	6	5	17	-13.2708	-9.02151	-11.5691	-13.8212
596	2	23	21	3	2	1	5	-7.81433	-7.66201	-7.08909	-8.00115
597	7	21	5	62	4	61	44	-7.38323	-3.84587	-5.67835	-7.59147
598	2	4	1	2	2	1	5	-2.76463	-3.60488	-4.1458	-4.08867
599	1	307	3	4	5	9	3	-6.83316	-6.42878	-6.12506	-8.14358
600	1	2	3	4	5	9	3	-4.6378	-2.50268	-3.61997	-4.94248
601	9	2	4	62	4	5	6	-3.6989	-5.10057	-5.80907	-6.49643
602	2	1	12	3	2	1	5	-2.61073	-2.11961	-3.64524	-4.76206
603	1	4	2	2	6	3	17	-4.63903	-2.46382	-4.59691	-5.60771
604	10	1	16	19	10	5	7	-6.249	-2.76427	-4.20436	-5.21966
605	2	1	12	3	2	1	5	-2.61073	-2.11961	-3.64524	-4.76206
606	180	194	2	68	19	231	147	-29.7473	-33.9066	-22.1978	-25.7592
607	2	1	12	3	2	1	5	-2.61073	-2.11961	-3.64524	-4.76206
608	4	7	10	4	1	7	1	-1.81631	-3.66931	-2.60164	-1.93531
609	129	66	30	82	189	47	17	-3.23069	-4.76812	-5.48868	-4.13987
610	4	7	10	4	1	7	1	-1.81631	-3.66931	-2.60164	-1.93531
611	2	1	12	3	2	1	5	-2.61073	-2.11961	-3.64524	-4.76206
612	2	1	21	3	2	1	5	-2.91897	-2.49182	-4.42478	-4.50246
613	4	7	10	4	1	7	1	-1.81631	-3.66931	-2.60164	-1.93531
614	10	1	16	19	10	5	7	-6.249	-2.76427	-4.20436	-5.21966
615	8	10	149	2	11	12	6	-4.86414	-3.97552	-5.68131	-7.10417
616	129	66	30	82	189	47	17	-3.23069	-4.76812	-5.48868	-4.13987
617	2	4	1	2	2	1	5	-2.76463	-3.60488	-4.1458	-4.08867
618	180	194	2	68	19	231	147	-29.7473	-33.9066	-22.1978	-25.7592
619	2	1	5	3	2	3	5	-4.22432	-3.26337	-5.48744	-4.80586
620	2	4	1	2	2	1	5	-2.76463	-3.60488	-4.1458	-4.08867
621	1	2	3	4	5	9	3	-4.6378	-2.50268	-3.61997	-4.94248
622	180	194	2	68	19	231	147	-29.7473	-33.9066	-22.1978	-25.7592
623	33	39	65	79	104	43	17	-4.58003	-7.38314	-8.19425	-7.58027
624	2	4	5	2	2	5	5	-3.65756	-6.44867	-6.86814	-5.79648
625	2	1	5	3	2	5	5	-5.5762	-2.85015	-4.10581	-5.53683
626	2	1	12	3	2	1	5	-2.61073	-2.11961	-3.64524	-4.76206
627	180	194	2	68	19	231	147	-29.7473	-33.9066	-22.1978	-25.7592
628	2	1	21	3	2	1	5	-2.91897	-2.49182	-4.42478	-4.50246
629	2	1	5	3	2	5	5	-5.5762	-2.85015	-4.10581	-5.53683
630	2	1	21	3	2	1	5	-2.91897	-2.49182	-4.42478	-4.50246
631	1	2	3	4	5	9	3	-4.6378	-2.50268	-3.61997	-4.94248
632	2	1	21	3	2	1	5	-2.91897	-2.49182	-4.42478	-4.50246
633	8	10	2	2	11	12	6	-3.93724	-6.71848	-7.54825	-6.93685
634	2	4	1	2	7	1	5	-2.29189	-5.08811	-5.78564	-4.99168
635	2	1	5	3	2	3	5	-4.22432	-3.26337	-5.48744	-4.80586
636	1	2	3	4	5	9	3	-4.6378	-2.50268	-3.61997	-4.94248
637	9	2	4	62	4	5	6	-3.6989	-5.10057	-5.80907	-6.49643
638	2	1	21	3	2	1	5	-2.91897	-2.49182	-4.42478	-4.50246
639	8	10	149	2	11	12	6	-4.86414	-3.97552	-5.68131	-7.10417
640	2	1	12	88	2	1	5	-3.93631	-3.43337	-5.7515	-5.3306
641	2	4	1	2	2	1	5	-2.76463	-3.60488	-4.1458	-4.08867
642	2	1	5	10	10	1	5	-24.425	-23.7784	-23.0485	-23.7036
643	1	2	3	4	5	9	3	-4.6378	-2.50268	-3.61997	-4.94248
644	2	4	1	2	7	1	5	-2.29189	-5.08811	-5.78564	-4.99168
645	2	4	1	2	2	1	5	-2.76463	-3.60488	-4.1458	-4.08867
646	1	2	3	4	5	9	3	-4.6378	-2.50268	-3.61997	-4.94248
647	2	1	12	88	2	1	5	-3.93631	-3.43337	-5.7515	-5.3306
648	4	7	10	4	1	7	1	-1.81631	-3.66931	-2.60164	-1.93531
649	2	1	21	3	2	1	5	-2.91897	-2.49182	-4.42478	-4.50246
650	2	4	1	2	7	1	5	-2.29189	-5.08811	-5.78564	-4.99168
651	33	38	30	82	118	43	17	-20.4453	-18.4864	-21.1294	-22.3482
652	2	4	1	2	2	1	5	-2.76463	-3.60488	-4.1458	-4.08867
653	2	1	5	3	2	3	5	-4.22432	-3.26337	-5.48744	-4.80586
654	4	7	10	4	1	7	1	-1.81631	-3.66931	-2.60164	-1.93531
655	8	10	2	2	11	12	6	-3.93724	-6.71848	-7.54825	-6.93685
656	2	4	5	2	2	5	5	-3.65756	-6.44867	-6.86814	-5.79648
657	4	7	10	4	1	7	1	-1.81631	-3.66931	-2.60164	-1.93531
658	2	1	5	3	2	3	5	-4.22432	-3.26337	-5.48744	-4.80586
659	33	39	30	82	113	47	17	-5.75563	-5.73149	-8.18009	-8.54556
660	2	1	21	3	2	1	5	-2.91897	-2.49182	-4.42478	-4.50246
661	2	4	1	2	7	1	5	-2.29189	-5.08811	-5.78564	-4.99168
662	2	1	1	3	2	1	5	-4.60881	-3.7946	-6.39642	-7.17832
663	4	7	10	4	1	7	1	-1.81631	-3.66931	-2.60164	-1.93531
664	7	21	5	62	4	61	44	-7.38323	-3.84587	-5.67835	-7.59147
665	10	81	50	99	120	76	52	-6.70407	-6.41737	-5.25942	-5.16516
666	4	7	10	4	1	7	1	-1.81631	-3.66931	-2.60164	-1.93531
667	1	2	3	4	5	9	3	-4.6378	-2.50268	-3.61997	-4.94248
668	1	2	3	4	5	9	3	-4.6378	-2.50268	-3.61997	-4.94248
669	2	4	1	2	7	1	5	-2.29189	-5.08811	-5.78564	-4.99168
670	4	7	10	4	1	7	1	-1.81631	-3.66931	-2.60164	-1.93531
671	2	1	5	3	2	3	5	-4.22432	-3.26337	-5.48744	-4.80586
672	1	4	2	2	6	3	17	-4.63903	-2.46382	-4.59691	-5.60771
673	4	935	10	4	1	7	1	-6.7054	-8.83242	-5.23799	-5.43393
674	10	1	16	19	10	5	7	-6.249	-2.76427	-4.20436	-5.21966
675	4	7	10	4	1	7	1	-1.81631	-3.66931	-2.60164	-1.93531
676	33	39	65	79	104	43	17	-4.58003	-7.38314	-8.19425	-7.58027
677	2	4	2	2	6	1	5	-6.07989	-4.84338	-5.95047	-7.76239
678	4	7	10	4	42	25	1	-8.78806	-10.4219	-5.77795	-5.1863
679	1	4	2	2	6	3	17	-4.63903	-2.46382	-4.59691	-5.60771
680	4	7	10	4	42	25	1	-8.78806	-10.4219	-5.77795	-5.1863
681	4	7	10	4	42	25	1	-8.78806	-10.4219	-5.77795	-5.1863
682	4	7	10	4	1	7	1	-1.81631	-3.66931	-2.60164	-1.93531
683	2	4	1	2	7	1	5	-2.29189	-5.08811	-5.78564	-4.99168
684	4	7	10	4	1	7	1	-1.81631	-3.66931	-2.60164	-1.93531
685	4	7	10	4	42	7	1	-6.62158	-9.16192	-5.55228	-4.67204
686	10	27	16	19	10	5	7	-20.8346	-13.1189	-16.1528	-17.9672
687	10	81	50	99	120	76	52	-6.70407	-6.41737	-5.25942	-5.16516
688	4	7	10	4	1	7	1	-1.81631	-3.66931	-2.60164	-1.93531
689	4	7	10	4	42	51	1	-2.91466	-4.51769	-4.85989	-3.79636
690	4	7	10	4	1	7	1	-1.81631	-3.66931	-2.60164	-1.93531
691	10	81	50	99	120	76	52	-6.70407	-6.41737	-5.25942	-5.16516
692	2	4	1	2	2	1	5	-2.76463	-3.60488	-4.1458	-4.08867
693	4	7	10	4	42	51	1	-2.91466	-4.51769	-4.85989	-3.79636
694	4	7	10	4	42	51	1	-2.91466	-4.51769	-4.85989	-3.79636
695	4	7	10	4	42	51	1	-2.91466	-4.51769	-4.85989	-3.79636
696	8	10	2	2	11	12	6	-3.93724	-6.71848	-7.54825	-6.93685
697	33	38	30	82	104	43	17	-5.27309	-8.07545	-8.88594	-8.27013
698	4	7	10	4	1	7	1	-1.81631	-3.66931	-2.60164	-1.93531
699	10	81	50	99	120	76	52	-6.70407	-6.41737	-5.25942	-5.16516
700	2	4	1	2	7	1	5	-2.29189	-5.08811	-5.78564	-4.99168
701	4	7	10	4	1	7	1	-1.81631	-3.66931	-2.60164	-1.93531
702	4	7	10	4	1	7	1	-1.81631	-3.66931	-2.60164	-1.93531
703	10	81	50	99	120	76	52	-6.70407	-6.41737	-5.25942	-5.16516
704	4	7	10	4	42	51	1	-2.91466	-4.51769	-4.85989	-3.79636
705	9	2	4	62	4	5	6	-3.6989	-5.10057	-5.80907	-6.49643
706	4	7	10	4	1	7	1	-1.81631	-3.66931	-2.60164	-1.93531
707	2	1	1	3	2	1	5	-4.60881	-3.7946	-6.39642	-7.17832
708	1	14	2	2	6	1	17	-9.30266	-6.47011	-7.73405	-6.34221
709	2	4	2	2	6	1	5	-6.07989	-4.84338	-5.95047	-7.76239
710	2	4	2	2	6	1	5	-6.07989	-4.84338	-5.95047	-7.76239
711	4	7	10	4	42	51	1	-2.91466	-4.51769	-4.85989	-3.79636
712	10	2	107	62	120	76	1	-6.83774	-9.63471	-7.9161	-6.32355
713	2	1	12	3	2	1	5	-2.61073	-2.11961	-3.64524	-4.76206
714	2	4	1	2	2	1	5	-2.76463	-3.60488	-4.1458	-4.08867
715	47	2	4	2	6	5	17	-11.7074	-10.8317	-6.19376	-8.43031
716	4	7	10	4	42	5	1	-11.52	-11.0619	-11.1958	-11.5063
717	2	1	12	3	2	1	5	-2.61073	-2.11961	-3.64524	-4.76206
718	4	7	10	4	42	51	1	-2.91466	-4.51769	-4.85989	-3.79636
719	1	307	3	4	5	9	3	-6.83316	-6.42878	-6.12506	-8.14358
720	2	1	21	3	2	1	5	-2.91897	-2.49182	-4.42478	-4.50246
721	4	7	10	4	1	7	1	-1.81631	-3.66931	-2.60164	-1.93531
722	2	4	1	2	2	1	5	-2.76463	-3.60488	-4.1458	-4.08867
723	2	1	12	3	2	1	5	-2.61073	-2.11961	-3.64524	-4.76206
724	4	7	10	4	1	7	1	-1.81631	-3.66931	-2.60164	-1.93531
725	2	1	21	3	2	1	5	-2.91897	-2.49182	-4.42478	-4.50246
726	2	1	1	3	2	1	5	-4.60881	-3.7946	-6.39642	-7.17832
727	4	7	10	4	1	7	1	-1.81631	-3.66931	-2.60164	-1.93531
728	2	1	12	3	2	1	5	-2.61073	-2.11961	-3.64524	-4.76206
729	1	4	3	2	6	3	17	-14.9849	-9.51733	-11.8352	-14.2733
730	2	1	12	3	2	1	5	-2.61073	-2.11961	-3.64524	-4.76206
731	2	1	12	88	2	1	5	-3.93631	-3.43337	-5.7515	-5.3306
732	1	4	2	2	6	3	17	-4.63903	-2.46382	-4.59691	-5.60771
733	4	7	10	4	42	51	1	-2.91466	-4.51769	-4.85989	-3.79636
734	2	1	12	3	2	1	5	-2.61073	-2.11961	-3.64524	-4.76206
735	4	7	10	4	1	7	1	-1.81631	-3.66931	-2.60164	-1.93531
736	2	1	12	88	2	1	5	-3.93631	-3.43337	-5.7515	-5.3306
737	2	1	21	3	2	1	5	-2.91897	-2.49182	-4.42478	-4.50246
738	2	4	5	2	2	5	5	-3.65756	-6.44867	-6.86814	-5.79648
739	2	4	5	2	2	5	5	-3.65756	-6.44867	-6.86814	-5.79648
740	2	1	21	3	62	1	5	-5.77994	-8.57017	-9.38771	-8.776
741	4	7	10	4	42	25	1	-8.78806	-10.4219	-5.77795	-5.1863
742	1	2	4	62	4	5	17	-6.08794	-4.85582	-7.50309	-8.49017
743	1	2	3	4	5	9	3	-4.6378	-2.50268	-3.61997	-4.94248
744	8	10	2	2	11	12	6	-3.93724	-6.71848	-7.54825	-6.93685
745	2	1	12	88	2	1	5	-3.93631	-3.43337	-5.7515	-5.3306
746	2	4	5	2	2	5	5	-3.65756	-6.44867	-6.86814	-5.79648
747	2	1	12	3	2	1	5	-2.61073	-2.11961	-3.64524	-4.76206
748	7	21	5	62	4	61	44	-7.38323	-3.84587	-5.67835	-7.59147
749	9	2	4	62	4	5	6	-3.6989	-5.10057	-5.80907	-6.49643
750	10	1	16	19	10	5	7	-6.249	-2.76427	-4.20436	-5.21966
751	10	1	16	19	10	5	7	-6.249	-2.76427	-4.20436	-5.21966
752	8	10	2	2	11	12	6	-3.93724	-6.71848	-7.54825	-6.93685
753	1	4	2	2	6	3	17	-4.63903	-2.46382	-4.59691	-5.60771
754	2	1	12	3	2	1	5	-2.61073	-2.11961	-3.64524	-4.76206
755	2	1	12	88	2	1	5	-3.93631	-3.43337	-5.7515	-5.3306
756	2	29	4	27	10	25	57	-20.4746	-24.2579	-14.5302	-12.2153
757	2	1	5	3	2	3	5	-4.22432	-3.26337	-5.48744	-4.80586
758	2	1	12	3	2	1	5	-2.61073	-2.11961	-3.64524	-4.76206
759	37	52	57	26	107	29	23	-8.53438	-10.3232	-5.6862	-4.92679
760	2	4	1	2	7	1	5	-2.29189	-5.08811	-5.78564	-4.99168
761	1	2	3	4	5	9	3	-4.6378	-2.50268	-3.61997	-4.94248
762	2	1	12	3	2	1	5	-2.61073	-2.11961	-3.64524	-4.76206
763	1	4	2	2	6	3	17	-4.63903	-2.46382	-4.59691	-5.60771
764	1	4	2	2	6	3	17	-4.63903	-2.46382	-4.59691	-5.60771
765	1	2	3	4	5	9	3	-4.6378	-2.50268	-3.61997	-4.94248
766	4	7	10	4	1	7	1	-1.81631	-3.66931	-2.60164	-1.93531
767	2	1	21	3	2	1	5	-2.91897	-2.49182	-4.42478	-4.50246
768	2	1	12	3	2	1	5	-2.61073	-2.11961	-3.64524	-4.76206
769	2	4	1	2	2	5	5	-6.81306	-6.40712	-8.85475	-9.45752
770	2	4	1	2	2	1	5	-2.76463	-3.60488	-4.1458	-4.08867
771	2	4	5	2	2	5	5	-3.65756	-6.44867	-6.86814	-5.79648
772	10	1	16	19	10	5	7	-6.249	-2.76427	-4.20436	-5.21966
773	7	21	5	62	4	61	44	-7.38323	-3.84587	-5.67835	-7.59147
774	9	2	4	62	4	5	6	-3.6989	-5.10057	-5.80907	-6.49643
775	2	1	12	3	2	1	5	-2.61073	-2.11961	-3.64524	-4.76206
776	1	4	2	2	6	3	17	-4.63903	-2.46382	-4.59691	-5.60771
777	4	7	10	4	1	7	1	-1.81631	-3.66931	-2.60164	-1.93531
778	2	1	12	3	2	1	5	-2.61073	-2.11961	-3.64524	-4.76206
779	2	1	5	3	2	5	5	-5.5762	-2.85015	-4.10581	-5.53683
780	2	23	21	3	2	1	5	-7.81433	-7.66201	-7.08909	-8.00115
781	2	4	5	2	2	5	5	-3.65756	-6.44867	-6.86814	-5.79648
782	2	4	2	2	6	1	5	-6.07989	-4.84338	-5.95047	-7.76239
783	2	1	12	3	2	1	5	-2.61073	-2.11961	-3.64524	-4.76206
784	4	7	10	4	42	51	1	-2.91466	-4.51769	-4.85989	-3.79636
785	7	17	5	2	86	232	1	-31.5636	-34.4902	-27.4667	-27.6245
786	2	4	1	2	2	1	5	-2.76463	-3.60488	-4.1458	-4.08867
787	2	1	12	3	2	1	5	-2.61073	-2.11961	-3.64524	-4.76206
788	2	1	21	3	2	1	5	-2.91897	-2.49182	-4.42478	-4.50246
789	7	17	2	15	23	3	12	-6.88309	-9.68596	-10.4975	-9.88285
790	2	1	5	3	2	5	5	-5.5762	-2.85015	-4.10581	-5.53683
791	1	6	60	24	12	28	1	-33.8457	-35.8809	-19.4263	-23.1293
792	1	2	3	4	5	9	3	-4.6378	-2.50268	-3.61997	-4.94248
793	2	4	5	2	2	5	5	-3.65756	-6.44867	-6.86814	-5.79648
794	1	2	3	4	5	9	3	-4.6378	-2.50268	-3.61997	-4.94248
795	1	6	60	24	12	28	1	-33.8457	-35.8809	-19.4263	-23.1293
796	9	2	4	62	4	5	6	-3.6989	-5.10057	-5.80907	-6.49643
797	2	4	1	2	2	1	5	-2.76463	-3.60488	-4.1458	-4.08867
798	4	7	10	4	1	7	1	-1.81631	-3.66931	-2.60164	-1.93531
799	2	4	5	2	2	5	5	-3.65756	-6.44867	-6.86814	-5.79648
800	7	2	2	2	11	12	6	-4.48383	-7.28599	-8.09704	-7.48318
801	2	1	21	3	2	1	941	-7.81413	-7.64327	-7.08076	-7.99905
802	9	2	2	10	10	3	5	-31.3569	-25.8518	-26.104	-25.8613
803	8	10	149	2	11	12	6	-4.86414	-3.97552	-5.68131	-7.10417
804	7	1	5	2	10	3	6	-33.8884	-29.6284	-29.9212	-29.4326
805	2	1	21	3	2	1	5	-2.91897	-2.49182	-4.42478	-4.50246
806	33	39	30	82	113	43	17	-9.80467	-6.46893	-6.14993	-8.34223
807	1	6	60	24	12	28	1	-33.8457	-35.8809	-19.4263	-23.1293
808	1	6	60	24	12	28	1	-33.8457	-35.8809	-19.4263	-23.1293
809	7	17	2	15	23	3	12	-6.88309	-9.68596	-10.4975	-9.88285
810	1	4	2	2	6	3	17	-4.63903	-2.46382	-4.59691	-5.60771
811	1	4	2	2	6	3	17	-4.63903	-2.46382	-4.59691	-5.60771
812	7	21	5	62	4	61	44	-7.38323	-3.84587	-5.67835	-7.59147
813	239	27	16	19	10	5	7	-10.0359	-6.48457	-9.22527	-10.7943
814	9	2	4	62	4	5	6	-3.6989	-5.10057	-5.80907	-6.49643
815	10	1	16	19	10	5	7	-6.249	-2.76427	-4.20436	-5.21966
816	2	1	5	3	2	5	5	-5.5762	-2.85015	-4.10581	-5.53683
817	2	4	5	2	2	5	5	-3.65756	-6.44867	-6.86814	-5.79648
818	8	10	2	2	11	12	6	-3.93724	-6.71848	-7.54825	-6.93685
819	7	17	2	15	23	3	12	-6.88309	-9.68596	-10.4975	-9.88285
820	2	4	1	4	1	1	5	-16.5023	-18.1986	-15.7707	-15.2248
821	4	7	10	4	1	7	1	-1.81631	-3.66931	-2.60164	-1.93531
822	8	10	149	2	11	12	6	-4.86414	-3.97552	-5.68131	-7.10417
823	2	1	12	88	2	1	5	-3.93631	-3.43337	-5.7515	-5.3306
824	2	4	2	2	6	1	5	-6.07989	-4.84338	-5.95047	-7.76239
825	10	81	50	99	120	76	52	-6.70407	-6.41737	-5.25942	-5.16516
826	2	4	5	2	2	5	5	-3.65756	-6.44867	-6.86814	-5.79648
827	2	4	1	2	2	5	5	-6.81306	-6.40712	-8.85475	-9.45752
828	8	10	149	2	11	12	6	-4.86414	-3.97552	-5.68131	-7.10417
829	1	4	2	2	6	3	17	-4.63903	-2.46382	-4.59691	-5.60771
830	2	165	73	147	220	190	104	-8.86361	-11.5156	-6.89772	-5.25453
831	4	7	10	4	42	25	1	-8.78806	-10.4219	-5.77795	-5.1863
832	7	2	2	2	11	12	6	-4.48383	-7.28599	-8.09704	-7.48318
833	1	6	60	24	12	28	1	-33.8457	-35.8809	-19.4263	-23.1293
834	2	1	12	3	2	1	5	-2.61073	-2.11961	-3.64524	-4.76206
835	33	39	65	79	104	77	17	-5.27304	-8.07576	-8.88748	-8.27332
836	4	7	10	4	1	7	1	-1.81631	-3.66931	-2.60164	-1.93531
837	1	2	3	4	5	9	3	-4.6378	-2.50268	-3.61997	-4.94248
838	2	1	21	3	2	1	5	-2.91897	-2.49182	-4.42478	-4.50246
839	2	1	12	3	2	1	5	-2.61073	-2.11961	-3.64524	-4.76206
840	4	7	10	4	1	7	1	-1.81631	-3.66931	-2.60164	-1.93531
841	2	4	1	2	7	1	5	-2.29189	-5.08811	-5.78564	-4.99168
842	184	39	30	82	113	43	17	-3.93578	-5.9115	-7.38013	-6.91701
843	4	7	10	4	1	7	1	-1.81631	-3.66931	-2.60164	-1.93531
844	2	4	1	2	2	1	5	-2.76463	-3.60488	-4.1458	-4.08867
845	4	7	10	4	1	7	1	-1.81631	-3.66931	-2.60164	-1.93531
846	2	1	12	88	2	1	5	-3.93631	-3.43337	-5.7515	-5.3306
847	2	1	21	3	2	1	5	-2.91897	-2.49182	-4.42478	-4.50246
848	1	2	3	4	5	9	3	-4.6378	-2.50268	-3.61997	-4.94248
849	4	7	10	4	1	7	1	-1.81631	-3.66931	-2.60164	-1.93531
850	2	1	21	3	2	1	5	-2.91897	-2.49182	-4.42478	-4.50246
851	8	10	2	2	11	12	6	-3.93724	-6.71848	-7.54825	-6.93685
852	2	4	1	2	2	1	5	-2.76463	-3.60488	-4.1458	-4.08867
853	2	4	1	2	2	1	5	-2.76463	-3.60488	-4.1458	-4.08867
854	2	4	2	2	6	1	5	-6.07989	-4.84338	-5.95047	-7.76239
855	2	4	1	2	2	1	5	-2.76463	-3.60488	-4.1458	-4.08867
856	2	4	1	2	2	1	5	-2.76463	-3.60488	-4.1458	-4.08867
857	2	4	1	2	2	1	5	-2.76463	-3.60488	-4.1458	-4.08867
858	1	2	3	4	5	9	3	-4.6378	-2.50268	-3.61997	-4.94248
859	2	4	1	2	2	1	5	-2.76463	-3.60488	-4.1458	-4.08867
860	2	4	1	2	2	1	5	-2.76463	-3.60488	-4.1458	-4.08867
861	8	10	2	2	11	12	6	-3.93724	-6.71848	-7.54825	-6.93685
862	2	1	5	3	2	3	5	-4.22432	-3.26337	-5.48744	-4.80586
863	33	39	30	82	104	173	68	-5.37582	-3.98705	-6.65188	-7.70531
864	2	4	1	2	7	1	5	-2.29189	-5.08811	-5.78564	-4.99168
865	8	10	2	2	11	12	6	-3.93724	-6.71848	-7.54825	-6.93685
866	2	4	1	2	7	1	5	-2.29189	-5.08811	-5.78564	-4.99168
867	1	2	3	4	5	9	3	-4.6378	-2.50268	-3.61997	-4.94248
868	1	2	215	4	90	24	8	-33.318	-33.4452	-21.5147	-23.757
869	2	1	1	3	2	1	5	-4.60881	-3.7946	-6.39642	-7.17832
870	10	81	50	99	120	76	52	-6.70407	-6.41737	-5.25942	-5.16516
871	2	4	1	2	7	1	5	-2.29189	-5.08811	-5.78564	-4.99168
872	2	1	12	3	2	1	5	-2.61073	-2.11961	-3.64524	-4.76206
873	2	4	1	2	2	1	5	-2.76463	-3.60488	-4.1458	-4.08867
874	2	4	1	2	2	1	5	-2.76463	-3.60488	-4.1458	-4.08867
875	2	4	1	2	2	1	5	-2.76463	-3.60488	-4.1458	-4.08867
876	2	1	5	3	2	3	5	-4.22432	-3.26337	-5.48744	-4.80586
877	2	4	1	2	2	1	5	-2.76463	-3.60488	-4.1458	-4.08867
878	4	7	10	4	1	7	1	-1.81631	-3.66931	-2.60164	-1.93531
879	2	4	1	2	7	1	5	-2.29189	-5.08811	-5.78564	-4.99168
880	2	4	5	2	2	5	5	-3.65756	-6.44867	-6.86814	-5.79648
881	2	4	1	2	2	1	5	-2.76463	-3.60488	-4.1458	-4.08867
882	8	10	2	2	11	12	6	-3.93724	-6.71848	-7.54825	-6.93685
883	4	7	10	4	1	7	1	-1.81631	-3.66931	-2.60164	-1.93531
884	2	4	1	2	2	1	5	-2.76463	-3.60488	-4.1458	-4.08867
885	166	2	1	10	17	3	1	-37.6953	-38.5073	-31.2992	-31.7407
886	2	4	1	2	7	1	5	-2.29189	-5.08811	-5.78564	-4.99168
887	2	4	1	2	2	1	5	-2.76463	-3.60488	-4.1458	-4.08867
888	4	7	10	4	1	7	1	-1.81631	-3.66931	-2.60164	-1.93531
889	4	7	10	4	1	7	1	-1.81631	-3.66931	-2.60164	-1.93531
890	2	4	1	2	7	1	5	-2.29189	-5.08811	-5.78564	-4.99168
891	2	4	1	2	2	1	5	-2.76463	-3.60488	-4.1458	-4.08867
892	2	1	5	3	2	3	5	-4.22432	-3.26337	-5.48744	-4.80586
893	9	25	2	10	22	3	6	-4.45595	-7.25314	-5.93087	-4.36409
894	2	1	21	3	62	1	5	-5.77994	-8.57017	-9.38771	-8.776
895	129	66	30	82	189	47	17	-3.23069	-4.76812	-5.48868	-4.13987
896	129	66	30	82	189	47	17	-3.23069	-4.76812	-5.48868	-4.13987
897	4	7	10	4	1	7	1	-1.81631	-3.66931	-2.60164	-1.93531
898	2	4	1	2	2	1	5	-2.76463	-3.60488	-4.1458	-4.08867
899	4	7	10	4	42	7	1	-6.62158	-9.16192	-5.55228	-4.67204
900	2	4	1	2	7	1	5	-2.29189	-5.08811	-5.78564	-4.99168
901	1	307	3	4	5	9	3	-6.83316	-6.42878	-6.12506	-8.14358
902	2	1	21	3	2	1	5	-2.91897	-2.49182	-4.42478	-4.50246
903	4	7	10	4	1	7	1	-1.81631	-3.66931	-2.60164	-1.93531
904	2	1	21	3	2	1	5	-2.91897	-2.49182	-4.42478	-4.50246
905	2	4	1	2	2	5	5	-6.81306	-6.40712	-8.85475	-9.45752
906	2	4	1	2	7	1	5	-2.29189	-5.08811	-5.78564	-4.99168
907	2	4	1	2	7	1	5	-2.29189	-5.08811	-5.78564	-4.99168
908	2	4	1	2	7	1	5	-2.29189	-5.08811	-5.78564	-4.99168
909	4	7	10	4	1	7	1	-1.81631	-3.66931	-2.60164	-1.93531
910	8	10	2	2	11	12	6	-3.93724	-6.71848	-7.54825	-6.93685
911	7	21	5	62	4	61	44	-7.38323	-3.84587	-5.67835	-7.59147
912	2	1	12	88	2	1	5	-3.93631	-3.43337	-5.7515	-5.3306
913	2	4	1	2	2	1	5	-2.76463	-3.60488	-4.1458	-4.08867
914	1	2	3	4	5	9	3	-4.6378	-2.50268	-3.61997	-4.94248
915	2	4	1	2	7	1	5	-2.29189	-5.08811	-5.78564	-4.99168
916	2	4	1	2	2	1	5	-2.76463	-3.60488	-4.1458	-4.08867
917	2	4	1	2	2	1	5	-2.76463	-3.60488	-4.1458	-4.08867
918	2	4	1	2	7	1	5	-2.29189	-5.08811	-5.78564	-4.99168
919	4	7	10	4	1	7	1	-1.81631	-3.66931	-2.60164	-1.93531
920	2	1	5	3	2	3	5	-4.22432	-3.26337	-5.48744	-4.80586
921	2	4	1	2	7	1	5	-2.29189	-5.08811	-5.78564	-4.99168
922	2	4	1	2	2	1	5	-2.76463	-3.60488	-4.1458	-4.08867
923	8	10	2	2	11	12	6	-3.93724	-6.71848	-7.54825	-6.93685
924	2	1	12	3	2	1	5	-2.61073	-2.11961	-3.64524	-4.76206
925	48	7	10	4	183	7	1	-11.5146	-13.9083	-7.8728	-8.86863
926	7	21	5	62	4	61	44	-7.38323	-3.84587	-5.67835	-7.59147
927	4	7	10	4	1	7	1	-1.81631	-3.66931	-2.60164	-1.93531
928	9	25	2	10	22	3	6	-4.45595	-7.25314	-5.93087	-4.36409
929	2	4	1	2	2	1	5	-2.76463	-3.60488	-4.1458	-4.08867
930	2	4	1	2	7	1	5	-2.29189	-5.08811	-5.78564	-4.99168
931	2	4	1	2	2	1	5	-2.76463	-3.60488	-4.1458	-4.08867
932	2	4	1	2	2	1	5	-2.76463	-3.60488	-4.1458	-4.08867
933	9	25	2	10	22	3	6	-4.45595	-7.25314	-5.93087	-4.36409
934	2	4	1	2	2	1	5	-2.76463	-3.60488	-4.1458	-4.08867
935	2	4	1	2	2	1	5	-2.76463	-3.60488	-4.1458	-4.08867
936	2	4	1	2	7	1	5	-2.29189	-5.08811	-5.78564	-4.99168
937	2	4	1	2	7	1	5	-2.29189	-5.08811	-5.78564	-4.99168
938	2	4	1	2	2	1	5	-2.76463	-3.60488	-4.1458	-4.08867
939	2	4	1	2	2	1	5	-2.76463	-3.60488	-4.1458	-4.08867
940	4	7	10	4	1	7	1	-1.81631	-3.66931	-2.60164	-1.93531
941	2	4	1	2	2	1	5	-2.76463	-3.60488	-4.1458	-4.08867
942	4	7	10	4	1	7	1	-1.81631	-3.66931	-2.60164	-1.93531
943	2	4	1	2	7	1	5	-2.29189	-5.08811	-5.78564	-4.99168
944	2	4	1	2	2	1	5	-2.76463	-3.60488	-4.1458	-4.08867
945	4	7	10	4	1	7	1	-1.81631	-3.66931	-2.60164	-1.93531
946	9	25	2	10	22	3	6	-4.45595	-7.25314	-5.93087	-4.36409
947	10	81	50	99	120	76	52	-6.70407	-6.41737	-5.25942	-5.16516
948	2	1	21	3	2	1	5	-2.91897	-2.49182	-4.42478	-4.50246
949	4	7	10	4	1	7	1	-1.81631	-3.66931	-2.60164	-1.93531
950	2	4	1	2	7	1	5	-2.29189	-5.08811	-5.78564	-4.99168
951	4	7	10	4	1	7	1	-1.81631	-3.66931	-2.60164	-1.93531
952	4	7	10	4	1	7	1	-1.81631	-3.66931	-2.60164	-1.93531
953	8	315	2	2	11	12	6	-8.832	-11.8845	-10.2102	-10.4338
954	8	10	2	2	11	12	6	-3.93724	-6.71848	-7.54825	-6.93685
955	2	4	1	2	2	1	5	-2.76463	-3.60488	-4.1458	-4.08867
956	4	7	10	4	1	7	1	-1.81631	-3.66931	-2.60164	-1.93531
957	2	4	1	2	2	1	5	-2.76463	-3.60488	-4.1458	-4.08867
958	2	4	1	2	2	1	5	-2.76463	-3.60488	-4.1458	-4.08867
959	2	4	1	2	2	1	5	-2.76463	-3.60488	-4.1458	-4.08867
960	2	4	1	2	7	1	5	-2.29189	-5.08811	-5.78564	-4.99168
961	2	4	1	2	2	1	5	-2.76463	-3.60488	-4.1458	-4.08867
962	2	4	1	2	2	1	5	-2.76463	-3.60488	-4.1458	-4.08867
963	2	1	21	3	2	1	5	-2.91897	-2.49182	-4.42478	-4.50246
964	2	4	1	2	2	1	5	-2.76463	-3.60488	-4.1458	-4.08867
965	1	4	2	2	2	3	17	-11.6596	-7.96562	-10.7124	-12.3398
966	2	4	1	2	2	1	5	-2.76463	-3.60488	-4.1458	-4.08867
967	2	4	1	2	2	1	5	-2.76463	-3.60488	-4.1458	-4.08867
968	7	21	5	62	4	61	44	-7.38323	-3.84587	-5.67835	-7.59147
969	2	4	1	2	2	1	5	-2.76463	-3.60488	-4.1458	-4.08867
970	4	7	10	4	1	7	1	-1.81631	-3.66931	-2.60164	-1.93531
971	2	4	1	2	2	1	5	-2.76463	-3.60488	-4.1458	-4.08867
972	10	1	16	19	10	5	7	-6.249	-2.76427	-4.20436	-5.21966
973	8	10	2	2	11	12	6	-3.93724	-6.71848	-7.54825	-6.93685
974	4	7	10	4	1	7	1	-1.81631	-3.66931	-2.60164	-1.93531
975	2	4	2	2	6	1	5	-6.07989	-4.84338	-5.95047	-7.76239
976	2	4	1	2	2	1	5	-2.76463	-3.60488	-4.1458	-4.08867
977	2	4	1	2	2	1	5	-2.76463	-3.60488	-4.1458	-4.08867
978	2	1	12	3	2	1	5	-2.61073	-2.11961	-3.64524	-4.76206
979	2	1	21	3	2	1	5	-2.91897	-2.49182	-4.42478	-4.50246
980	1	4	2	2	6	3	17	-4.63903	-2.46382	-4.59691	-5.60771
981	9	2	4	62	4	5	6	-3.6989	-5.10057	-5.80907	-6.49643
982	9	2	4	62	4	5	6	-3.6989	-5.10057	-5.80907	-6.49643
983	2	4	1	2	2	1	5	-2.76463	-3.60488	-4.1458	-4.08867
984	9	25	2	10	22	3	6	-4.45595	-7.25314	-5.93087	-4.36409
985	2	1	12	3	2	1	5	-2.61073	-2.11961	-3.64524	-4.76206
986	2	4	1	2	2	1	5	-2.76463	-3.60488	-4.1458	-4.08867
987	2	4	1	2	2	1	5	-2.76463	-3.60488	-4.1458	-4.08867
988	2	4	1	2	2	1	5	-2.76463	-3.60488	-4.1458	-4.08867
989	1	4	2	2	6	3	17	-4.63903	-2.46382	-4.59691	-5.60771
990	1	4	2	2	6	3	17	-4.63903	-2.46382	-4.59691	-5.60771
991	9	25	2	10	22	3	6	-4.45595	-7.25314	-5.93087	-4.36409
992	1	4	2	2	6	3	17	-4.63903	-2.46382	-4.59691	-5.60771
993	2	4	1	2	2	1	5	-2.76463	-3.60488	-4.1458	-4.08867
994	2	4	1	2	2	1	5	-2.76463	-3.60488	-4.1458	-4.08867
995	8	10	2	2	11	12	6	-3.93724	-6.71848	-7.54825	-6.93685
996	2	4	1	2	2	1	5	-2.76463	-3.60488	-4.1458	-4.08867
997	2	1	5	3	2	5	5	-5.5762	-2.85015	-4.10581	-5.53683
998	8	10	2	2	11	12	6	-3.93724	-6.71848	-7.54825	-6.93685
999	2	4	1	2	2	1	5	-2.76463	-3.60488	-4.1458	-4.08867
1000	2	4	1	2	2	1	5	-2.76463	-3.60488	-4.1458	-4.08867
1001	2	1	21	3	2	1	5	-2.91897	-2.49182	-4.42478	-4.50246
1002	1	2	4	62	4	5	17	-6.08794	-4.85582	-7.50309	-8.49017
1003	2	1	12	3	2	1	5	-2.61073	-2.11961	-3.64524	-4.76206
1004	2	4	1	2	7	1	5	-2.29189	-5.08811	-5.78564	-4.99168
1005	1	307	3	4	5	9	3	-6.83316	-6.42878	-6.12506	-8.14358
1006	2	4	2	4	19	3	6	-5.78157	-8.58034	-9.38996	-8.77439
1007	2	4	1	2	2	1	5	-2.76463	-3.60488	-4.1458	-4.08867
1008	1	4	2	2	6	3	17	-4.63903	-2.46382	-4.59691	-5.60771
1009	9	25	2	10	22	3	6	-4.45595	-7.25314	-5.93087	-4.36409
1010	4	7	10	4	1	7	1	-1.81631	-3.66931	-2.60164	-1.93531
1011	2	4	1	2	2	1	5	-2.76463	-3.60488	-4.1458	-4.08867
1012	10	1	16	19	10	5	7	-6.249	-2.76427	-4.20436	-5.21966
1013	2	1	21	3	2	1	5	-2.91897	-2.49182	-4.42478	-4.50246
1014	4	7	10	4	1	7	1	-1.81631	-3.66931	-2.60164	-1.93531
1015	2	4	1	2	2	1	5	-2.76463	-3.60488	-4.1458	-4.08867
1016	1	2	3	4	5	9	3	-4.6378	-2.50268	-3.61997	-4.94248
1017	9	316	4	62	4	5	6	-6.84085	-6.44575	-8.9772	-9.54256
1018	9	25	2	10	22	3	6	-4.45595	-7.25314	-5.93087	-4.36409
1019	1	307	3	4	5	9	3	-6.83316	-6.42878	-6.12506	-8.14358
1020	2	4	1	2	2	1	5	-2.76463	-3.60488	-4.1458	-4.08867
1021	9	25	2	10	22	3	6	-4.45595	-7.25314	-5.93087	-4.36409
1022	2	4	1	2	2	1	5	-2.76463	-3.60488	-4.1458	-4.08867
1023	2	1	12	3	2	1	5	-2.61073	-2.11961	-3.64524	-4.76206
1024	2	1	5	3	2	5	5	-5.5762	-2.85015	-4.10581	-5.53683
1025	2	4	1	2	2	1	5	-2.76463	-3.60488	-4.1458	-4.08867
1026	2	1	12	3	2	1	5	-2.61073	-2.11961	-3.64524	-4.76206
1027	2	1	12	3	2	1	5	-2.61073	-2.11961	-3.64524	-4.76206
1028	10	1	16	19	10	5	7	-6.249	-2.76427	-4.20436	-5.21966
1029	4	7	10	4	1	7	1	-1.81631	-3.66931	-2.60164	-1.93531
1030	2	4	1	2	2	1	5	-2.76463	-3.60488	-4.1458	-4.08867
1031	2	1	12	88	2	1	5	-3.93631	-3.43337	-5.7515	-5.3306
1032	2	1	21	3	2	1	5	-2.91897	-2.49182	-4.42478	-4.50246
1033	1	2	3	4	5	9	3	-4.6378	-2.50268	-3.61997	-4.94248
1034	8	10	2	2	11	12	6	-3.93724	-6.71848	-7.54825	-6.93685
1035	2	1	12	88	2	1	5	-3.93631	-3.43337	-5.7515	-5.3306
1036	33	39	30	82	104	173	68	-5.37582	-3.98705	-6.65188	-7.70531
1037	1	2	3	4	5	9	3	-4.6378	-2.50268	-3.61997	-4.94248
1038	9	25	2	10	22	3	6	-4.45595	-7.25314	-5.93087	-4.36409
1039	2	4	1	2	2	1	5	-2.76463	-3.60488	-4.1458	-4.08867
1040	8	10	2	2	11	12	6	-3.93724	-6.71848	-7.54825	-6.93685
1041	1	2	4	62	4	5	17	-6.08794	-4.85582	-7.50309	-8.49017
1042	10	1	16	19	10	5	7	-6.249	-2.76427	-4.20436	-5.21966
1043	33	39	30	82	104	173	68	-5.37582	-3.98705	-6.65188	-7.70531
1044	2	4	1	2	2	1	5	-2.76463	-3.60488	-4.1458	-4.08867
1045	8	10	2	2	11	12	6	-3.93724	-6.71848	-7.54825	-6.93685
1046	2	1	5	3	2	5	5	-5.5762	-2.85015	-4.10581	-5.53683
1047	47	2	4	2	6	5	17	-11.7074	-10.8317	-6.19376	-8.43031
1048	1	2	3	4	5	9	3	-4.6378	-2.50268	-3.61997	-4.94248
1049	4	7	10	4	1	7	1	-1.81631	-3.66931	-2.60164	-1.93531
1050	2	1	5	3	2	3	5	-4.22432	-3.26337	-5.48744	-4.80586
1051	2	4	2	2	6	1	5	-6.07989	-4.84338	-5.95047	-7.76239
1052	2	4	1	2	2	1	5	-2.76463	-3.60488	-4.1458	-4.08867
1053	8	10	149	2	11	12	6	-4.86414	-3.97552	-5.68131	-7.10417
1054	9	25	2	10	22	3	6	-4.45595	-7.25314	-5.93087	-4.36409
1055	2	4	1	2	2	1	5	-2.76463	-3.60488	-4.1458	-4.08867
1056	1	2	3	4	5	9	3	-4.6378	-2.50268	-3.61997	-4.94248
1057	2	1	12	3	2	1	5	-2.61073	-2.11961	-3.64524	-4.76206
1058	4	7	10	4	42	51	1	-2.91466	-4.51769	-4.85989	-3.79636
1059	2	4	1	2	2	1	5	-2.76463	-3.60488	-4.1458	-4.08867
1060	2	1	1	3	2	1	5	-4.60881	-3.7946	-6.39642	-7.17832
1061	2	4	1	2	7	1	5	-2.29189	-5.08811	-5.78564	-4.99168
1062	8	10	2	2	11	12	6	-3.93724	-6.71848	-7.54825	-6.93685
1063	2	4	1	2	2	1	5	-2.76463	-3.60488	-4.1458	-4.08867
1064	9	2	4	62	4	5	6	-3.6989	-5.10057	-5.80907	-6.49643
1065	2	4	1	2	2	1	5	-2.76463	-3.60488	-4.1458	-4.08867
1066	4	7	10	4	1	7	1	-1.81631	-3.66931	-2.60164	-1.93531
1067	8	10	2	2	11	12	6	-3.93724	-6.71848	-7.54825	-6.93685
1068	2	4	2	2	6	1	5	-6.07989	-4.84338	-5.95047	-7.76239
1069	2	4	2	2	6	1	5	-6.07989	-4.84338	-5.95047	-7.76239
1070	2	4	2	2	6	1	5	-6.07989	-4.84338	-5.95047	-7.76239
1071	2	4	2	2	6	1	5	-6.07989	-4.84338	-5.95047	-7.76239
1072	2	4	1	2	2	1	5	-2.76463	-3.60488	-4.1458	-4.08867
1073	2	4	1	2	2	1	5	-2.76463	-3.60488	-4.1458	-4.08867
1074	2	1	12	3	2	1	5	-2.61073	-2.11961	-3.64524	-4.76206
1075	2	4	1	2	7	1	5	-2.29189	-5.08811	-5.78564	-4.99168
1076	4	7	10	4	42	51	1	-2.91466	-4.51769	-4.85989	-3.79636
1077	2	4	1	2	2	1	5	-2.76463	-3.60488	-4.1458	-4.08867
1078	8	10	2	2	11	12	6	-3.93724	-6.71848	-7.54825	-6.93685
1079	1	2	3	4	5	9	3	-4.6378	-2.50268	-3.61997	-4.94248
1080	1	2	3	4	5	9	3	-4.6378	-2.50268	-3.61997	-4.94248
1081	10	1	16	19	10	5	7	-6.249	-2.76427	-4.20436	-5.21966
1082	8	10	2	2	11	12	6	-3.93724	-6.71848	-7.54825	-6.93685
1083	4	7	10	4	1	7	1	-1.81631	-3.66931	-2.60164	-1.93531
1084	2	4	1	2	2	1	5	-2.76463	-3.60488	-4.1458	-4.08867
1085	2	4	1	2	7	1	5	-2.29189	-5.08811	-5.78564	-4.99168
1086	2	1	21	3	2	1	5	-2.91897	-2.49182	-4.42478	-4.50246
1087	2	1	12	3	2	1	5	-2.61073	-2.11961	-3.64524	-4.76206
1088	2	4	2	4	19	3	6	-5.78157	-8.58034	-9.38996	-8.77439
1089	8	10	149	2	11	12	6	-4.86414	-3.97552	-5.68131	-7.10417
1090	8	10	2	2	11	12	6	-3.93724	-6.71848	-7.54825	-6.93685
1091	2	1	12	3	2	1	5	-2.61073	-2.11961	-3.64524	-4.76206
1092	2	1	12	3	2	1	5	-2.61073	-2.11961	-3.64524	-4.76206
1093	2	1	5	3	2	3	5	-4.22432	-3.26337	-5.48744	-4.80586
1094	184	39	30	82	113	43	17	-3.93578	-5.9115	-7.38013	-6.91701
1095	2	1	12	3	2	1	5	-2.61073	-2.11961	-3.64524	-4.76206
1096	2	4	1	2	2	1	5	-2.76463	-3.60488	-4.1458	-4.08867
1097	4	7	10	4	1	7	1	-1.81631	-3.66931	-2.60164	-1.93531
1098	8	10	2	2	11	12	6	-3.93724	-6.71848	-7.54825	-6.93685
1099	4	7	10	4	1	7	1	-1.81631	-3.66931	-2.60164	-1.93531
1100	4	7	10	4	42	51	1	-2.91466	-4.51769	-4.85989	-3.79636
1101	9	25	2	10	22	3	6	-4.45595	-7.25314	-5.93087	-4.36409
1102	9	2	4	62	4	5	6	-3.6989	-5.10057	-5.80907	-6.49643
1103	4	7	10	4	1	7	1	-1.81631	-3.66931	-2.60164	-1.93531
1104	2	4	1	2	7	1	5	-2.29189	-5.08811	-5.78564	-4.99168
1105	4	7	10	4	1	7	1	-1.81631	-3.66931	-2.60164	-1.93531
1106	8	10	2	2	11	12	6	-3.93724	-6.71848	-7.54825	-6.93685
1107	2	4	1	2	2	1	5	-2.76463	-3.60488	-4.1458	-4.08867
1108	4	7	10	4	42	51	1	-2.91466	-4.51769	-4.85989	-3.79636
1109	1	2	3	4	5	9	3	-4.6378	-2.50268	-3.61997	-4.94248
1110	2	1	12	3	2	1	5	-2.61073	-2.11961	-3.64524	-4.76206
1111	2	4	1	2	2	1	5	-2.76463	-3.60488	-4.1458	-4.08867
1112	10	81	50	99	120	76	52	-6.70407	-6.41737	-5.25942	-5.16516
1113	2	4	1	2	2	1	5	-2.76463	-3.60488	-4.1458	-4.08867
1114	4	7	10	4	42	51	1	-2.91466	-4.51769	-4.85989	-3.79636
1115	4	7	10	4	42	51	1	-2.91466	-4.51769	-4.85989	-3.79636
1116	4	7	10	4	1	7	1	-1.81631	-3.66931	-2.60164	-1.93531
1117	3	1	5	10	11	11	6	-10.0348	-6.48232	-9.22148	-10.7915
1118	10	81	50	99	120	76	52	-6.70407	-6.41737	-5.25942	-5.16516
1119	2	4	1	2	2	1	5	-2.76463	-3.60488	-4.1458	-4.08867
1120	4	7	10	4	1	7	1	-1.81631	-3.66931	-2.60164	-1.93531
1121	4	7	10	4	1	7	1	-1.81631	-3.66931	-2.60164	-1.93531
1122	4	7	10	4	42	51	1	-2.91466	-4.51769	-4.85989	-3.79636
1123	2	1	12	3	2	1	5	-2.61073	-2.11961	-3.64524	-4.76206
1124	2	4	1	2	2	1	5	-2.76463	-3.60488	-4.1458	-4.08867
1125	2	1	1	3	2	1	5	-4.60881	-3.7946	-6.39642	-7.17832
1126	2	4	1	2	2	1	5	-2.76463	-3.60488	-4.1458	-4.08867
1127	2	4	1	2	2	1	5	-2.76463	-3.60488	-4.1458	-4.08867
1128	2	4	1	2	2	1	5	-2.76463	-3.60488	-4.1458	-4.08867
1129	2	4	1	2	2	1	5	-2.76463	-3.60488	-4.1458	-4.08867
1130	1	2	3	4	5	9	3	-4.6378	-2.50268	-3.61997	-4.94248
1131	8	10	2	2	11	12	6	-3.93724	-6.71848	-7.54825	-6.93685
1132	2	1	21	3	2	1	5	-2.91897	-2.49182	-4.42478	-4.50246
1133	2	4	1	2	2	1	5	-2.76463	-3.60488	-4.1458	-4.08867
1134	2	1	21	3	2	1	5	-2.91897	-2.49182	-4.42478	-4.50246
1135	2	1	21	3	2	1	5	-2.91897	-2.49182	-4.42478	-4.50246
1136	2	4	1	2	2	1	5	-2.76463	-3.60488	-4.1458	-4.08867
1137	1	2	3	4	5	9	3	-4.6378	-2.50268	-3.61997	-4.94248
1138	10	1	16	19	10	5	7	-6.249	-2.76427	-4.20436	-5.21966
1139	2	1	12	3	2	1	5	-2.61073	-2.11961	-3.64524	-4.76206
1140	7	21	5	62	4	61	44	-7.38323	-3.84587	-5.67835	-7.59147
1141	2	4	1	2	2	1	5	-2.76463	-3.60488	-4.1458	-4.08867
1142	2	1	12	3	2	1	5	-2.61073	-2.11961	-3.64524	-4.76206
1143	2	4	1	2	7	1	5	-2.29189	-5.08811	-5.78564	-4.99168
1144	2	1	5	3	2	3	5	-4.22432	-3.26337	-5.48744	-4.80586
1145	2	1	21	3	2	1	5	-2.91897	-2.49182	-4.42478	-4.50246
1146	2	1	21	3	2	1	5	-2.91897	-2.49182	-4.42478	-4.50246
1147	2	1	21	3	2	1	5	-2.91897	-2.49182	-4.42478	-4.50246
1148	2	1	21	3	2	1	5	-2.91897	-2.49182	-4.42478	-4.50246
1149	2	1	12	3	2	1	5	-2.61073	-2.11961	-3.64524	-4.76206
1150	8	10	2	2	11	12	6	-3.93724	-6.71848	-7.54825	-6.93685
1151	129	66	30	82	189	47	17	-3.23069	-4.76812	-5.48868	-4.13987
1152	1	307	3	4	5	9	3	-6.83316	-6.42878	-6.12506	-8.14358
1153	8	10	2	2	11	12	6	-3.93724	-6.71848	-7.54825	-6.93685
1154	2	4	2	2	6	1	5	-6.07989	-4.84338	-5.95047	-7.76239
1155	1	4	2	2	6	3	17	-4.63903	-2.46382	-4.59691	-5.60771
1156	2	4	1	2	2	1	5	-2.76463	-3.60488	-4.1458	-4.08867
1157	8	10	2	2	11	12	6	-3.93724	-6.71848	-7.54825	-6.93685
1158	2	4	2	2	6	1	5	-6.07989	-4.84338	-5.95047	-7.76239
1159	2	1	21	3	2	1	5	-2.91897	-2.49182	-4.42478	-4.50246
1160	2	4	5	2	2	5	5	-3.65756	-6.44867	-6.86814	-5.79648
1161	7	21	5	62	4	61	44	-7.38323	-3.84587	-5.67835	-7.59147
1162	2	1	12	3	2	1	5	-2.61073	-2.11961	-3.64524	-4.76206
1163	10	27	16	19	10	5	7	-20.8346	-13.1189	-16.1528	-17.9672
1164	33	283	44	82	189	44	17	-6.97826	-3.48728	-5.43941	-6.04741
1165	9	25	2	10	22	3	6	-4.45595	-7.25314	-5.93087	-4.36409
1166	7	21	5	62	4	61	44	-7.38323	-3.84587	-5.67835	-7.59147
1167	2	1	5	3	2	3	5	-4.22432	-3.26337	-5.48744	-4.80586
1168	2	1	5	3	2	3	5	-4.22432	-3.26337	-5.48744	-4.80586
1169	9	25	2	10	22	3	6	-4.45595	-7.25314	-5.93087	-4.36409
1170	2	1	5	3	2	3	5	-4.22432	-3.26337	-5.48744	-4.80586
1171	2	4	1	2	2	1	5	-2.76463	-3.60488	-4.1458	-4.08867
1172	129	66	30	82	189	47	17	-3.23069	-4.76812	-5.48868	-4.13987
1173	2	4	1	2	2	1	5	-2.76463	-3.60488	-4.1458	-4.08867
1174	2	1	5	3	2	3	5	-4.22432	-3.26337	-5.48744	-4.80586
1175	2	1	12	3	2	1	5	-2.61073	-2.11961	-3.64524	-4.76206
1176	2	4	1	2	2	1	5	-2.76463	-3.60488	-4.1458	-4.08867
1177	1	4	2	2	6	3	17	-4.63903	-2.46382	-4.59691	-5.60771
1178	2	1	12	3	2	1	5	-2.61073	-2.11961	-3.64524	-4.76206
1179	1	4	2	2	446	3	17	-9.52476	-7.59547	-7.23983	-9.09377
1180	2	1	5	88	2	11	5	-8.87245	-5.36764	-6.05025	-8.17618
1181	2	4	2	2	6	1	5	-6.07989	-4.84338	-5.95047	-7.76239
1182	9	25	2	10	22	3	6	-4.45595	-7.25314	-5.93087	-4.36409
1183	2	1	5	3	2	3	5	-4.22432	-3.26337	-5.48744	-4.80586
1184	7	21	5	62	4	61	44	-7.38323	-3.84587	-5.67835	-7.59147
1185	1	2	3	4	5	9	3	-4.6378	-2.50268	-3.61997	-4.94248
1186	2	4	1	2	2	1	5	-2.76463	-3.60488	-4.1458	-4.08867
1187	7	21	5	62	4	61	44	-7.38323	-3.84587	-5.67835	-7.59147
1188	33	39	30	82	104	173	68	-5.37582	-3.98705	-6.65188	-7.70531
1189	1	4	2	2	6	3	17	-4.63903	-2.46382	-4.59691	-5.60771
1190	2	1	21	3	2	1	5	-2.91897	-2.49182	-4.42478	-4.50246
1191	4	7	10	4	1	7	1	-1.81631	-3.66931	-2.60164	-1.93531
1192	2	1	5	3	2	5	5	-5.5762	-2.85015	-4.10581	-5.53683
1193	1	4	2	2	6	3	17	-4.63903	-2.46382	-4.59691	-5.60771
1194	2	4	1	2	2	1	5	-2.76463	-3.60488	-4.1458	-4.08867
1195	2	4	1	2	2	1	5	-2.76463	-3.60488	-4.1458	-4.08867
1196	2	1	12	3	2	1	5	-2.61073	-2.11961	-3.64524	-4.76206
1197	2	1	6	3	2	3	5	-8.12736	-8.38213	-7.86598	-7.84638
1198	4	7	10	4	1	7	1	-1.81631	-3.66931	-2.60164	-1.93531
1199	2	4	1	2	7	1	5	-2.29189	-5.08811	-5.78564	-4.99168
1200	2	1	1	3	2	1	5	-4.60881	-3.7946	-6.39642	-7.17832
1201	2	4	1	2	2	1	5	-2.76463	-3.60488	-4.1458	-4.08867
1202	7	2	5	2	10	3	6	-32.8906	-27.7048	-28.6885	-29.0613
1203	2	1	21	3	2	1	5	-2.91897	-2.49182	-4.42478	-4.50246
1204	2	4	1	2	7	1	5	-2.29189	-5.08811	-5.78564	-4.99168
1205	4	7	10	4	1	7	1	-1.81631	-3.66931	-2.60164	-1.93531
1206	2	4	1	2	7	1	5	-2.29189	-5.08811	-5.78564	-4.99168
1207	2	4	1	2	2	1	5	-2.76463	-3.60488	-4.1458	-4.08867
1208	1	4	2	2	6	3	17	-4.63903	-2.46382	-4.59691	-5.60771
1209	2	4	1	2	2	1	5	-2.76463	-3.60488	-4.1458	-4.08867
1210	2	4	1	2	2	1	5	-2.76463	-3.60488	-4.1458	-4.08867
1211	74	10	2	2	11	12	6	-8.83201	-11.8845	-10.2103	-10.4342
1212	1	2	3	4	5	9	3	-4.6378	-2.50268	-3.61997	-4.94248
1213	2	1	5	3	2	3	5	-4.22432	-3.26337	-5.48744	-4.80586
1214	4	7	10	4	1	7	1	-1.81631	-3.66931	-2.60164	-1.93531
1215	2	4	2	2	6	1	5	-6.07989	-4.84338	-5.95047	-7.76239
1216	2	1	12	3	2	1	5	-2.61073	-2.11961	-3.64524	-4.76206
1217	2	1	21	3	2	1	5	-2.91897	-2.49182	-4.42478	-4.50246
1218	2	4	1	2	2	1	5	-2.76463	-3.60488	-4.1458	-4.08867
1219	2	1	21	3	2	1	5	-2.91897	-2.49182	-4.42478	-4.50246
1220	4	7	10	4	1	7	1	-1.81631	-3.66931	-2.60164	-1.93531
1221	2	1	21	3	2	1	5	-2.91897	-2.49182	-4.42478	-4.50246
1222	2	4	1	2	2	1	5	-2.76463	-3.60488	-4.1458	-4.08867
1223	4	7	10	4	1	7	1	-1.81631	-3.66931	-2.60164	-1.93531
1224	2	4	1	2	2	1	5	-2.76463	-3.60488	-4.1458	-4.08867
1225	4	7	10	4	1	7	1	-1.81631	-3.66931	-2.60164	-1.93531
1226	4	7	10	4	42	51	1	-2.91466	-4.51769	-4.85989	-3.79636
1227	4	7	10	4	42	7	1	-6.62158	-9.16192	-5.55228	-4.67204
1228	2	4	1	2	2	1	5	-2.76463	-3.60488	-4.1458	-4.08867
1229	2	1	5	3	2	3	5	-4.22432	-3.26337	-5.48744	-4.80586
1230	10	81	50	99	120	76	52	-6.70407	-6.41737	-5.25942	-5.16516
1231	2	4	1	2	7	1	5	-2.29189	-5.08811	-5.78564	-4.99168
1232	2	4	1	2	7	1	5	-2.29189	-5.08811	-5.78564	-4.99168
1233	4	7	10	4	1	7	1	-1.81631	-3.66931	-2.60164	-1.93531
1234	1	4	2	2	6	3	17	-4.63903	-2.46382	-4.59691	-5.60771
1235	4	7	10	4	1	7	1	-1.81631	-3.66931	-2.60164	-1.93531
1236	2	4	1	2	2	1	5	-2.76463	-3.60488	-4.1458	-4.08867
1237	4	7	10	4	1	7	1	-1.81631	-3.66931	-2.60164	-1.93531
1238	4	7	10	4	42	51	1	-2.91466	-4.51769	-4.85989	-3.79636
1239	1	307	3	4	5	9	3	-6.83316	-6.42878	-6.12506	-8.14358
1240	2	4	2	2	6	1	5	-6.07989	-4.84338	-5.95047	-7.76239
1241	8	10	149	2	11	12	6	-4.86414	-3.97552	-5.68131	-7.10417
1242	2	1	12	3	2	1	5	-2.61073	-2.11961	-3.64524	-4.76206
1243	2	4	1	2	2	1	5	-2.76463	-3.60488	-4.1458	-4.08867
1244	2	4	1	2	2	1	5	-2.76463	-3.60488	-4.1458	-4.08867
1245	2	4	1	2	2	1	5	-2.76463	-3.60488	-4.1458	-4.08867
1246	4	7	10	4	42	51	1	-2.91466	-4.51769	-4.85989	-3.79636
1247	2	4	1	2	2	1	5	-2.76463	-3.60488	-4.1458	-4.08867
1248	2	4	1	2	2	1	5	-2.76463	-3.60488	-4.1458	-4.08867
1249	2	1	12	88	2	1	5	-3.93631	-3.43337	-5.7515	-5.3306
1250	1	4	2	2	6	3	17	-4.63903	-2.46382	-4.59691	-5.60771
1251	9	2	4	62	4	5	6	-3.6989	-5.10057	-5.80907	-6.49643
1252	2	4	1	2	7	1	5	-2.29189	-5.08811	-5.78564	-4.99168
1253	2	4	5	2	2	5	5	-3.65756	-6.44867	-6.86814	-5.79648
1254	2	1	21	3	2	1	5	-2.91897	-2.49182	-4.42478	-4.50246
1255	1	4	2	2	6	3	17	-4.63903	-2.46382	-4.59691	-5.60771
1256	2	1	21	3	2	1	5	-2.91897	-2.49182	-4.42478	-4.50246
1257	2	4	1	2	2	5	5	-6.81306	-6.40712	-8.85475	-9.45752
1258	2	1	12	3	2	1	5	-2.61073	-2.11961	-3.64524	-4.76206
1259	2	4	2	2	6	1	5	-6.07989	-4.84338	-5.95047	-7.76239
1260	2	4	1	2	2	1	5	-2.76463	-3.60488	-4.1458	-4.08867
1261	2	4	1	2	2	1	5	-2.76463	-3.60488	-4.1458	-4.08867
1262	1	307	3	4	5	9	3	-6.83316	-6.42878	-6.12506	-8.14358
1263	9	25	2	10	22	3	6	-4.45595	-7.25314	-5.93087	-4.36409
1264	2	1	1	380	2	1	5	-6.14297	-5.73523	-8.27452	-8.84312
1265	2	4	1	2	2	1	5	-2.76463	-3.60488	-4.1458	-4.08867
1266	2	4	1	2	2	1	5	-2.76463	-3.60488	-4.1458	-4.08867
1267	2	1	12	3	2	1	5	-2.61073	-2.11961	-3.64524	-4.76206
1268	1	2	3	4	5	9	3	-4.6378	-2.50268	-3.61997	-4.94248
1269	2	4	1	2	2	1	5	-2.76463	-3.60488	-4.1458	-4.08867
1270	2	4	1	2	2	1	5	-2.76463	-3.60488	-4.1458	-4.08867
1271	2	4	1	2	2	1	5	-2.76463	-3.60488	-4.1458	-4.08867
1272	1	2	3	4	5	9	3	-4.6378	-2.50268	-3.61997	-4.94248
1273	9	2	2	212	309	253	147	-30.9634	-31.5527	-22.565	-25.3246
1274	2	1	21	3	2	1	5	-2.91897	-2.49182	-4.42478	-4.50246
1275	47	2	4	2	6	5	17	-11.7074	-10.8317	-6.19376	-8.43031
1276	1	2	3	4	5	9	3	-4.6378	-2.50268	-3.61997	-4.94248
1277	2	4	1	2	2	1	5	-2.76463	-3.60488	-4.1458	-4.08867
1278	2	4	1	2	2	1	5	-2.76463	-3.60488	-4.1458	-4.08867
1279	9	2	4	62	4	5	6	-3.6989	-5.10057	-5.80907	-6.49643
1280	2	1	12	3	2	1	5	-2.61073	-2.11961	-3.64524	-4.76206
1281	2	4	1	2	2	1	5	-2.76463	-3.60488	-4.1458	-4.08867
1282	2	4	1	2	7	1	5	-2.29189	-5.08811	-5.78564	-4.99168
1283	7	17	2	15	23	3	12	-6.88309	-9.68596	-10.4975	-9.88285
1284	2	1	1	3	2	1	5	-4.60881	-3.7946	-6.39642	-7.17832
1285	2	1	12	3	2	1	5	-2.61073	-2.11961	-3.64524	-4.76206
1286	2	4	1	2	2	1	5	-2.76463	-3.60488	-4.1458	-4.08867
1287	2	1	5	3	2	3	5	-4.22432	-3.26337	-5.48744	-4.80586
1288	2	4	1	2	2	1	5	-2.76463	-3.60488	-4.1458	-4.08867
1289	2	4	1	2	2	1	5	-2.76463	-3.60488	-4.1458	-4.08867
1290	1	4	2	2	6	3	17	-4.63903	-2.46382	-4.59691	-5.60771
1291	2	1	2	3	2	3	5	-3.7429	-6.49515	-7.34582	-6.73418
1292	2	1	5	3	2	3	5	-4.22432	-3.26337	-5.48744	-4.80586
1293	1	2	3	3	5	9	3	-12.1553	-8.24072	-10.0262	-12.1955
1294	4	7	10	4	42	51	1	-2.91466	-4.51769	-4.85989	-3.79636
1295	1	4	2	2	6	3	17	-4.63903	-2.46382	-4.59691	-5.60771
1296	2	1	5	3	2	3	5	-4.22432	-3.26337	-5.48744	-4.80586
1297	4	7	10	4	1	7	1	-1.81631	-3.66931	-2.60164	-1.93531
1298	2	4	1	2	2	1	5	-2.76463	-3.60488	-4.1458	-4.08867
1299	4	7	10	4	1	7	1	-1.81631	-3.66931	-2.60164	-1.93531
1300	2	1	21	3	2	1	5	-2.91897	-2.49182	-4.42478	-4.50246
1301	2	4	1	2	2	1	5	-2.76463	-3.60488	-4.1458	-4.08867
1302	4	7	10	4	1	7	1	-1.81631	-3.66931	-2.60164	-1.93531
1303	2	4	1	2	2	1	5	-2.76463	-3.60488	-4.1458	-4.08867
1304	2	1	5	3	2	5	5	-5.5762	-2.85015	-4.10581	-5.53683
1305	2	4	1	2	2	1	5	-2.76463	-3.60488	-4.1458	-4.08867
1306	2	1	21	3	2	1	5	-2.91897	-2.49182	-4.42478	-4.50246
1307	2	1	5	3	2	5	5	-5.5762	-2.85015	-4.10581	-5.53683
1308	1	4	2	2	6	3	17	-4.63903	-2.46382	-4.59691	-5.60771
1309	1	4	2	2	6	3	17	-4.63903	-2.46382	-4.59691	-5.60771
1310	2	1	5	3	2	3	5	-4.22432	-3.26337	-5.48744	-4.80586
1311	1	4	2	2	6	3	17	-4.63903	-2.46382	-4.59691	-5.60771
1312	2	4	1	2	2	1	5	-2.76463	-3.60488	-4.1458	-4.08867
1313	2	1	12	88	2	1	5	-3.93631	-3.43337	-5.7515	-5.3306
1314	2	1	5	3	2	3	5	-4.22432	-3.26337	-5.48744	-4.80586
1315	2	4	5	2	2	1	5	-6.16461	-8.6963	-9.10966	-8.99345
1316	2	4	1	2	2	1	5	-2.76463	-3.60488	-4.1458	-4.08867
1317	1	4	2	2	6	3	17	-4.63903	-2.46382	-4.59691	-5.60771
1318	2	1	21	3	2	1	5	-2.91897	-2.49182	-4.42478	-4.50246
1319	4	7	10	4	1	7	1	-1.81631	-3.66931	-2.60164	-1.93531
1320	1	2	3	4	5	9	3	-4.6378	-2.50268	-3.61997	-4.94248
1321	2	4	1	2	7	1	5	-2.29189	-5.08811	-5.78564	-4.99168
1322	4	7	10	4	1	7	1	-1.81631	-3.66931	-2.60164	-1.93531
1323	4	7	10	4	1	7	1	-1.81631	-3.66931	-2.60164	-1.93531
1324	1	4	2	2	6	3	17	-4.63903	-2.46382	-4.59691	-5.60771
1325	2	4	1	2	7	1	5	-2.29189	-5.08811	-5.78564	-4.99168
1326	4	7	10	4	1	7	1	-1.81631	-3.66931	-2.60164	-1.93531
1327	8	10	2	2	11	12	6	-3.93724	-6.71848	-7.54825	-6.93685
1328	969	7	10	4	1	7	1	-6.63269	-8.80441	-5.26095	-5.4311
1329	4	7	10	4	1	7	1	-1.81631	-3.66931	-2.60164	-1.93531
1330	10	27	16	942	10	5	7	-25.7293	-18.2855	-18.815	-21.4644
1331	10	27	16	941	10	5	7	-25.7293	-18.2855	-18.815	-21.4644
1332	4	7	10	4	1	7	1	-1.81631	-3.66931	-2.60164	-1.93531
1333	4	7	10	4	1	7	1	-1.81631	-3.66931	-2.60164	-1.93531
1334	129	66	30	82	189	47	17	-3.23069	-4.76812	-5.48868	-4.13987
1335	4	7	10	4	1	7	1	-1.81631	-3.66931	-2.60164	-1.93531
1336	4	7	10	4	1	7	1	-1.81631	-3.66931	-2.60164	-1.93531
1337	2	4	1	2	2	1	5	-2.76463	-3.60488	-4.1458	-4.08867
1338	2	1	2	3	2	3	5	-3.7429	-6.49515	-7.34582	-6.73418
1339	10	27	16	19	10	5	7	-20.8346	-13.1189	-16.1528	-17.9672
1340	2	4	1	2	2	1	5	-2.76463	-3.60488	-4.1458	-4.08867
1341	33	39	30	82	104	173	68	-5.37582	-3.98705	-6.65188	-7.70531
1342	1	4	2	2	6	3	17	-4.63903	-2.46382	-4.59691	-5.60771
1343	2	1	5	3	2	5	5	-5.5762	-2.85015	-4.10581	-5.53683
1344	2	1	12	3	2	1	5	-2.61073	-2.11961	-3.64524	-4.76206
1345	8	10	2	2	11	12	6	-3.93724	-6.71848	-7.54825	-6.93685
1346	2	1	1	3	2	1	5	-4.60881	-3.7946	-6.39642	-7.17832
1347	1	4	2	2	6	3	17	-4.63903	-2.46382	-4.59691	-5.60771
1348	7	2	2	2	11	12	6	-4.48383	-7.28599	-8.09704	-7.48318
1349	9	2	4	62	4	5	6	-3.6989	-5.10057	-5.80907	-6.49643
1350	2	1	21	3	2	1	5	-2.91897	-2.49182	-4.42478	-4.50246
1351	9	7	10	4	1	7	1	-10.6721	-12.2759	-11.3369	-10.1268
1352	2	1	12	3	920	1	5	-7.50573	-7.27661	-6.30546	-8.2579
1353	239	27	16	19	10	5	7	-10.0359	-6.48457	-9.22527	-10.7943
1354	7	17	2	15	23	3	12	-6.88309	-9.68596	-10.4975	-9.88285
1355	1	4	2	2	6	3	17	-4.63903	-2.46382	-4.59691	-5.60771
1356	1	6	60	24	12	28	1	-33.8457	-35.8809	-19.4263	-23.1293
1357	2	4	5	2	10	1	5	-6.87828	-9.6709	-10.4826	-9.87292
1358	10	81	50	99	120	76	52	-6.70407	-6.41737	-5.25942	-5.16516
1359	4	7	10	4	1	7	1	-1.81631	-3.66931	-2.60164	-1.93531
1360	2	1	5	3	2	5	5	-5.5762	-2.85015	-4.10581	-5.53683
1361	4	7	10	1	1	7	1	-5.25905	-8.00593	-5.9725	-6.09371
1362	2	4	5	2	10	1	5	-6.87828	-9.6709	-10.4826	-9.87292
1363	2	1	21	3	2	1	5	-2.91897	-2.49182	-4.42478	-4.50246
1364	2	1	21	3	2	1	5	-2.91897	-2.49182	-4.42478	-4.50246
1365	2	4	1	2	2	1	5	-2.76463	-3.60488	-4.1458	-4.08867
1366	2	4	2	2	6	1	5	-6.07989	-4.84338	-5.95047	-7.76239
1367	2	4	1	2	7	1	5	-2.29189	-5.08811	-5.78564	-4.99168
1368	2	4	1	2	2	1	5	-2.76463	-3.60488	-4.1458	-4.08867
1369	2	4	1	2	2	1	5	-2.76463	-3.60488	-4.1458	-4.08867
1370	4	7	10	4	1	7	1	-1.81631	-3.66931	-2.60164	-1.93531
1371	4	7	10	4	42	51	1	-2.91466	-4.51769	-4.85989	-3.79636
1372	2	1	5	3	2	3	5	-4.22432	-3.26337	-5.48744	-4.80586
1373	2	1	12	3	2	1	5	-2.61073	-2.11961	-3.64524	-4.76206
1374	2	1	1	3	2	1	5	-4.60881	-3.7946	-6.39642	-7.17832
1375	2	4	1	2	2	1	5	-2.76463	-3.60488	-4.1458	-4.08867
1376	4	7	10	4	1	7	1	-1.81631	-3.66931	-2.60164	-1.93531
1377	10	1	16	19	10	5	7	-6.249	-2.76427	-4.20436	-5.21966
1378	2	4	1	2	7	1	5	-2.29189	-5.08811	-5.78564	-4.99168
1379	2	4	1	2	2	1	5	-2.76463	-3.60488	-4.1458	-4.08867
1380	10	81	50	99	120	76	52	-6.70407	-6.41737	-5.25942	-5.16516
1381	2	1	12	3	2	1	5	-2.61073	-2.11961	-3.64524	-4.76206
1382	2	4	1	2	2	1	5	-2.76463	-3.60488	-4.1458	-4.08867
1383	2	4	1	2	7	1	5	-2.29189	-5.08811	-5.78564	-4.99168
1384	1	2	3	4	5	9	3	-4.6378	-2.50268	-3.61997	-4.94248
1385	8	10	2	2	11	12	6	-3.93724	-6.71848	-7.54825	-6.93685
1386	1	4	2	2	6	3	17	-4.63903	-2.46382	-4.59691	-5.60771
1387	2	4	1	2	2	1	5	-2.76463	-3.60488	-4.1458	-4.08867
1388	2	4	1	2	2	1	5	-2.76463	-3.60488	-4.1458	-4.08867
1389	10	7	10	4	1	7	1	-12.8711	-10.9309	-9.99454	-9.24901
1390	2	1	21	3	2	1	5	-2.91897	-2.49182	-4.42478	-4.50246
1391	2	1	21	3	2	1	5	-2.91897	-2.49182	-4.42478	-4.50246
1392	10	1	16	19	10	5	7	-6.249	-2.76427	-4.20436	-5.21966
1393	2	1	5	3	2	3	5	-4.22432	-3.26337	-5.48744	-4.80586
1394	2	1	5	3	2	3	5	-4.22432	-3.26337	-5.48744	-4.80586
1395	2	4	1	2	2	5	5	-6.81306	-6.40712	-8.85475	-9.45752
1396	2	4	1	2	7	1	5	-2.29189	-5.08811	-5.78564	-4.99168
1397	10	1	16	19	10	5	7	-6.249	-2.76427	-4.20436	-5.21966
1398	2	4	1	2	7	1	5	-2.29189	-5.08811	-5.78564	-4.99168
1399	2	934	1	2	2	1	5	-7.58127	-8.75903	-6.80001	-7.57172
