Isolate	Loci0	Loci1	Loci2	Loci3	Loci4	Loci5	Loci6	Source0	Source1	Source2	Source3
0	1	2	3	4	5	9	3	-4.62997	-2.47967	-3.51495	-4.88565
1	4	7	10	4	1	7	1	-1.82288	-3.85283	-2.6772	-1.97855
2	2	4	1	2	2	1	5	-2.77996	-3.65574	-4.14263	-4.20393
3	2	4	1	2	2	1	5	-2.77996	-3.65574	-4.14263	-4.20393
4	9	25	2	10	22	3	6	-4.46083	-7.89762	-6.33739	-4.4067
5	4	7	10	4	1	7	1	-1.82288	-3.85283	-2.6772	-1.97855
6	4	7	10	4	1	7	1	-1.82288	-3.85283	-2.6772	-1.97855
7	4	7	10	4	42	51	1	-2.92974	-4.66638	-5.0607	-3.87815
8	2	4	1	2	2	1	5	-2.77996	-3.65574	-4.14263	-4.20393
9	10	81	50	99	120	76	52	-6.6437	-6.39608	-5.23878	-5.18517
10	2	1	21	3	2	1	5	-2.93419	-2.48472	-4.37562	-4.58982
11	2	1	21	3	2	1	5	-2.93419	-2.48472	-4.37562	-4.58982
12	9	25	2	10	22	3	6	-4.46083	-7.89762	-6.33739	-4.4067
13	2	1	21	3	2	1	5	-2.93419	-2.48472	-4.37562	-4.58982
14	10	27	16	19	10	5	7	-20.3374	-12.8883	-16.2247	-17.1773
15	2	4	1	2	2	1	5	-2.77996	-3.65574	-4.14263	-4.20393
16	2	4	1	2	2	1	5	-2.77996	-3.65574	-4.14263	-4.20393
17	9	2	4	62	4	5	6	-3.72088	-5.22039	-5.78523	-7.10406
18	9	53	2	53	11	3	3	-31.2998	-27.0053	-28.2769	-24.0552
19	2	4	1	2	2	1	5	-2.77996	-3.65574	-4.14263	-4.20393
20	2	4	1	2	2	1	5	-2.77996	-3.65574	-4.14263	-4.20393
21	4	7	10	4	1	7	1	-1.82288	-3.85283	-2.6772	-1.97855
22	2	4	1	2	2	1	5	-2.77996	-3.65574	-4.14263	-4.20393
23	1	4	2	2	6	3	17	-4.63872	-2.44092	-4.46485	-5.47971
24	4	7	10	4	1	7	1	-1.82288	-3.85283	-2.6772	-1.97855
25	2	1	21	3	2	1	5	-2.93419	-2.48472	-4.37562	-4.58982
26	8	10	2	2	11	12	6	-3.95954	-7.4636	-7.92132	-7.82474
27	2	4	2	2	6	1	5	-6.09083	-4.82482	-5.8406	-7.75454
28	2	1	12	3	2	1	5	-2.62695	-2.11067	-3.55181	-4.90052
29	2	4	1	2	2	1	5	-2.77996	-3.65574	-4.14263	-4.20393
30	4	7	10	4	1	7	1	-1.82288	-3.85283	-2.6772	-1.97855
31	10	1	16	19	10	5	7	-6.16144	-2.73833	-4.09491	-5.13507
32	1	2	3	4	5	9	3	-4.62997	-2.47967	-3.51495	-4.88565
33	2	4	1	2	2	1	5	-2.77996	-3.65574	-4.14263	-4.20393
34	2	4	1	2	2	1	5	-2.77996	-3.65574	-4.14263	-4.20393
35	2	4	1	2	2	1	5	-2.77996	-3.65574	-4.14263	-4.20393
36	4	7	10	4	1	7	1	-1.82288	-3.85283	-2.6772	-1.97855
37	129	66	30	82	189	47	17	-3.24692	-4.90592	-5.81426	-4.22633
38	2	1	12	3	357	1	5	-7.03999	-5.83028	-7.19108	-7.03999
39	9	2	4	62	4	5	6	-3.72088	-5.22039	-5.78523	-7.10406
40	2	1	1	3	2	1	5	-4.62235	-3.78054	-6.27635	-7.29054
41	2	1	12	3	357	1	5	-7.03999	-5.83028	-7.19108	-7.03999
42	2	1	5	3	2	3	5	-4.23199	-3.2467	-5.50503	-4.82624
43	2	1	5	3	2	3	5	-4.23199	-3.2467	-5.50503	-4.82624
44	2	4	1	2	2	1	5	-2.77996	-3.65574	-4.14263	-4.20393
45	2	4	1	2	2	1	5	-2.77996	-3.65574	-4.14263	-4.20393
46	2	4	2	2	6	1	5	-6.09083	-4.82482	-5.8406	-7.75454
47	1	4	2	2	6	3	17	-4.63872	-2.44092	-4.46485	-5.47971
48	2	1	21	3	2	1	5	-2.93419	-2.48472	-4.37562	-4.58982
49	2	1	2	3	2	3	5	-3.76394	-7.21443	-7.72214	-7.6129
50	2	1	21	3	2	1	5	-2.93419	-2.48472	-4.37562	-4.58982
51	7	17	2	15	23	3	12	-6.90592	-10.466	-10.871	-10.7714
52	2	4	1	2	7	1	5	-2.31224	-5.86374	-6.16583	-5.5728
53	9	2	4	62	4	5	6	-3.72088	-5.22039	-5.78523	-7.10406
54	2	4	1	2	7	1	5	-2.31224	-5.86374	-6.16583	-5.5728
55	9	2	4	62	4	5	6	-3.72088	-5.22039	-5.78523	-7.10406
56	2	1	12	88	2	1	5	-3.95087	-3.42509	-5.74047	-5.39968
57	2	1	5	3	2	3	5	-4.23199	-3.2467	-5.50503	-4.82624
58	2	4	1	2	2	1	5	-2.77996	-3.65574	-4.14263	-4.20393
59	9	2	4	62	4	5	6	-3.72088	-5.22039	-5.78523	-7.10406
60	2	1	5	3	2	3	5	-4.23199	-3.2467	-5.50503	-4.82624
61	2	4	1	2	2	1	5	-2.77996	-3.65574	-4.14263	-4.20393
62	2	4	1	2	2	1	5	-2.77996	-3.65574	-4.14263	-4.20393
63	2	4	1	2	2	1	5	-2.77996	-3.65574	-4.14263	-4.20393
64	2	4	1	2	2	1	5	-2.77996	-3.65574	-4.14263	-4.20393
65	2	4	1	2	2	1	5	-2.77996	-3.65574	-4.14263	-4.20393
66	2	4	1	2	2	1	5	-2.77996	-3.65574	-4.14263	-4.20393
67	1	2	215	4	90	24	8	-31.0534	-28.0264	-25.0823	-19.3958
68	2	4	1	2	2	1	5	-2.77996	-3.65574	-4.14263	-4.20393
69	1	2	3	4	5	9	3	-4.62997	-2.47967	-3.51495	-4.88565
70	2	4	1	2	2	1	5	-2.77996	-3.65574	-4.14263	-4.20393
71	2	4	1	2	2	1	5	-2.77996	-3.65574	-4.14263	-4.20393
72	9	25	2	10	22	3	6	-4.46083	-7.89762	-6.33739	-4.4067
73	2	15	4	48	360	25	23	-6.63073	-9.31346	-5.75204	-4.93852
74	2	4	1	2	2	1	5	-2.77996	-3.65574	-4.14263	-4.20393
75	2	1	12	88	2	1	5	-3.95087	-3.42509	-5.74047	-5.39968
76	2	4	2	2	6	1	5	-6.09083	-4.82482	-5.8406	-7.75454
77	10	1	16	19	10	5	7	-6.16144	-2.73833	-4.09491	-5.13507
78	2	4	1	2	2	1	5	-2.77996	-3.65574	-4.14263	-4.20393
79	2	1	12	3	2	1	5	-2.62695	-2.11067	-3.55181	-4.90052
80	2	4	1	2	2	1	5	-2.77996	-3.65574	-4.14263	-4.20393
81	2	4	1	2	2	1	5	-2.77996	-3.65574	-4.14263	-4.20393
82	1	4	2	2	6	3	17	-4.63872	-2.44092	-4.46485	-5.47971
83	10	1	16	19	10	5	7	-6.16144	-2.73833	-4.09491	-5.13507
84	8	10	149	2	11	12	6	-4.88066	-3.96423	-5.5672	-7.17056
85	2	4	1	2	2	1	5	-2.77996	-3.65574	-4.14263	-4.20393
86	2	4	1	2	7	1	5	-2.31224	-5.86374	-6.16583	-5.5728
87	32	39	30	82	104	324	17	-8.19596	-4.66876	-7.23837	-8.49495
88	1	2	3	4	5	9	3	-4.62997	-2.47967	-3.51495	-4.88565
89	2	1	5	3	2	3	5	-4.23199	-3.2467	-5.50503	-4.82624
90	2	4	1	2	2	1	5	-2.77996	-3.65574	-4.14263	-4.20393
91	2	4	1	2	7	1	5	-2.31224	-5.86374	-6.16583	-5.5728
92	4	7	10	4	1	7	1	-1.82288	-3.85283	-2.6772	-1.97855
93	2	1	2	3	2	3	5	-3.76394	-7.21443	-7.72214	-7.6129
94	2	1	12	3	2	1	5	-2.62695	-2.11067	-3.55181	-4.90052
95	2	1	21	3	2	1	5	-2.93419	-2.48472	-4.37562	-4.58982
96	2	1	21	3	2	1	5	-2.93419	-2.48472	-4.37562	-4.58982
97	9	2	5	2	11	3	1	-29.6671	-32.1765	-29.9141	-25.9381
98	4	7	10	4	1	7	1	-1.82288	-3.85283	-2.6772	-1.97855
99	2	1	2	3	2	3	5	-3.76394	-7.21443	-7.72214	-7.6129
100	2	1	21	3	2	1	5	-2.93419	-2.48472	-4.37562	-4.58982
101	4	7	10	4	1	7	1	-1.82288	-3.85283	-2.6772	-1.97855
102	2	1	21	3	2	1	5	-2.93419	-2.48472	-4.37562	-4.58982
103	1	4	2	2	6	3	17	-4.63872	-2.44092	-4.46485	-5.47971
104	2	4	5	2	10	1	5	-6.89927	-10.4472	-10.8597	-10.759
105	2	1	12	88	2	1	5	-3.95087	-3.42509	-5.74047	-5.39968
106	9	2	4	62	4	5	6	-3.72088	-5.22039	-5.78523	-7.10406
107	2	165	73	147	220	190	104	-8.39643	-10.6145	-7.3091	-5.27057
108	2	1	21	3	2	1	5	-2.93419	-2.48472	-4.37562	-4.58982
109	2	4	1	2	2	1	5	-2.77996	-3.65574	-4.14263	-4.20393
110	2	1	12	3	11	1	6	-19.1482	-17.7698	-21.1482	-20.9798
111	2	1	2	3	2	3	5	-3.76394	-7.21443	-7.72214	-7.6129
112	2	4	1	2	7	1	5	-2.31224	-5.86374	-6.16583	-5.5728
113	2	1	2	3	2	3	5	-3.76394	-7.21443	-7.72214	-7.6129
114	2	1	21	3	2	1	5	-2.93419	-2.48472	-4.37562	-4.58982
115	2	4	1	2	7	1	5	-2.31224	-5.86374	-6.16583	-5.5728
116	33	39	30	82	113	43	17	-9.63827	-6.43938	-6.04402	-8.30691
117	2	4	1	2	2	1	5	-2.77996	-3.65574	-4.14263	-4.20393
118	2	4	1	2	2	1	5	-2.77996	-3.65574	-4.14263	-4.20393
119	2	4	1	2	2	1	5	-2.77996	-3.65574	-4.14263	-4.20393
120	2	4	1	2	7	1	5	-2.31224	-5.86374	-6.16583	-5.5728
121	4	7	10	1	1	7	1	-5.27328	-8.62673	-5.95339	-6.17542
122	2	1	12	3	2	1	5	-2.62695	-2.11067	-3.55181	-4.90052
123	2	4	1	2	2	1	5	-2.77996	-3.65574	-4.14263	-4.20393
124	2	4	1	2	2	1	5	-2.77996	-3.65574	-4.14263	-4.20393
125	2	4	1	2	7	1	5	-2.31224	-5.86374	-6.16583	-5.5728
126	2	4	1	2	2	1	5	-2.77996	-3.65574	-4.14263	-4.20393
127	2	4	1	2	2	1	5	-2.77996	-3.65574	-4.14263	-4.20393
128	2	1	12	88	2	1	5	-3.95087	-3.42509	-5.74047	-5.39968
129	2	1	12	3	2	1	5	-2.62695	-2.11067	-3.55181	-4.90052
130	2	1	12	3	2	1	5	-2.62695	-2.11067	-3.55181	-4.90052
131	2	4	1	2	7	1	5	-2.31224	-5.86374	-6.16583	-5.5728
132	2	1	21	3	2	1	5	-2.93419	-2.48472	-4.37562	-4.58982
133	2	1	21	3	2	1	5	-2.93419	-2.48472	-4.37562	-4.58982
134	2	4	5	2	2	5	5	-3.6774	-7.21436	-7.25682	-6.0947
135	2	1	21	3	2	1	5	-2.93419	-2.48472	-4.37562	-4.58982
136	1	4	2	2	6	3	1	-11.5329	-10.1387	-10.784	-10.8801
137	2	1	5	3	2	3	5	-4.23199	-3.2467	-5.50503	-4.82624
138	2	1	5	3	2	3	5	-4.23199	-3.2467	-5.50503	-4.82624
139	4	7	10	4	1	7	1	-1.82288	-3.85283	-2.6772	-1.97855
140	8	10	2	2	11	12	6	-3.95954	-7.4636	-7.92132	-7.82474
141	2	1	2	3	2	3	5	-3.76394	-7.21443	-7.72214	-7.6129
142	2	1	5	3	2	3	5	-4.23199	-3.2467	-5.50503	-4.82624
143	2	1	2	3	2	3	5	-3.76394	-7.21443	-7.72214	-7.6129
144	129	66	30	82	189	47	17	-3.24692	-4.90592	-5.81426	-4.22633
145	2	4	1	2	2	1	5	-2.77996	-3.65574	-4.14263	-4.20393
146	2	4	1	2	2	1	5	-2.77996	-3.65574	-4.14263	-4.20393
147	7	21	5	62	4	61	44	-7.32645	-3.82177	-5.53807	-7.2795
148	2	4	1	2	2	1	5	-2.77996	-3.65574	-4.14263	-4.20393
149	2	937	1	2	2	1	5	-7.11496	-7.37772	-7.7792	-6.34097
150	1	14	2	2	6	1	17	-9.01548	-6.44074	-7.97305	-6.35061
151	1	4	2	2	6	3	17	-4.63872	-2.44092	-4.46485	-5.47971
152	8	10	149	2	11	12	6	-4.88066	-3.96423	-5.5672	-7.17056
153	2	1	12	3	2	1	5	-2.62695	-2.11067	-3.55181	-4.90052
154	9	30	2	2	89	59	6	-4.95857	-8.51964	-8.92449	-8.82449
155	1	2	3	4	5	9	3	-4.62997	-2.47967	-3.51495	-4.88565
156	2	4	1	2	2	1	5	-2.77996	-3.65574	-4.14263	-4.20393
157	2	4	1	2	2	1	5	-2.77996	-3.65574	-4.14263	-4.20393
158	180	194	2	68	19	231	147	-27.3589	-27.4971	-27.4709	-19.8759
159	2	4	1	2	2	1	5	-2.77996	-3.65574	-4.14263	-4.20393
160	2	4	1	2	2	1	5	-2.77996	-3.65574	-4.14263	-4.20393
161	2	4	1	2	2	1	5	-2.77996	-3.65574	-4.14263	-4.20393
162	4	7	10	4	1	7	1	-1.82288	-3.85283	-2.6772	-1.97855
163	2	4	1	2	2	1	5	-2.77996	-3.65574	-4.14263	-4.20393
164	2	1	21	3	2	1	5	-2.93419	-2.48472	-4.37562	-4.58982
165	2	4	1	2	7	1	5	-2.31224	-5.86374	-6.16583	-5.5728
166	2	4	1	2	2	1	5	-2.77996	-3.65574	-4.14263	-4.20393
167	10	1	16	19	10	5	7	-6.16144	-2.73833	-4.09491	-5.13507
168	104	7	10	4	1	7	1	-4.41553	-7.98146	-8.37354	-8.25836
169	2	4	1	2	2	1	5	-2.77996	-3.65574	-4.14263	-4.20393
170	10	27	16	19	10	5	7	-20.3374	-12.8883	-16.2247	-17.1773
171	2	4	1	2	2	1	5	-2.77996	-3.65574	-4.14263	-4.20393
172	2	1	1	3	2	1	5	-4.62235	-3.78054	-6.27635	-7.29054
173	7	21	5	62	4	61	44	-7.32645	-3.82177	-5.53807	-7.2795
174	2	1	1	3	2	1	5	-4.62235	-3.78054	-6.27635	-7.29054
175	10	1	16	19	10	5	7	-6.16144	-2.73833	-4.09491	-5.13507
176	2	4	1	2	2	1	5	-2.77996	-3.65574	-4.14263	-4.20393
177	2	4	1	2	2	1	5	-2.77996	-3.65574	-4.14263	-4.20393
178	2	1	12	3	2	1	5	-2.62695	-2.11067	-3.55181	-4.90052
179	2	4	1	2	2	1	5	-2.77996	-3.65574	-4.14263	-4.20393
180	2	4	1	2	2	1	5	-2.77996	-3.65574	-4.14263	-4.20393
181	1	4	2	2	6	3	17	-4.63872	-2.44092	-4.46485	-5.47971
182	2	1	12	3	2	1	5	-2.62695	-2.11067	-3.55181	-4.90052
183	4	7	10	4	1	7	1	-1.82288	-3.85283	-2.6772	-1.97855
184	2	4	1	2	2	1	5	-2.77996	-3.65574	-4.14263	-4.20393
185	2	4	1	2	2	1	5	-2.77996	-3.65574	-4.14263	-4.20393
186	2	1	21	3	2	1	5	-2.93419	-2.48472	-4.37562	-4.58982
187	4	7	10	4	1	7	1	-1.82288	-3.85283	-2.6772	-1.97855
188	4	7	10	4	42	51	1	-2.92974	-4.66638	-5.0607	-3.87815
189	2	1	5	3	2	3	5	-4.23199	-3.2467	-5.50503	-4.82624
190	1	2	4	62	4	5	17	-6.10361	-4.84006	-7.35377	-8.45248
191	4	7	10	4	1	7	1	-1.82288	-3.85283	-2.6772	-1.97855
192	4	7	10	4	42	51	1	-2.92974	-4.66638	-5.0607	-3.87815
193	2	1	21	3	2	1	5	-2.93419	-2.48472	-4.37562	-4.58982
194	4	7	10	4	42	51	1	-2.92974	-4.66638	-5.0607	-3.87815
195	2	4	1	2	7	1	5	-2.31224	-5.86374	-6.16583	-5.5728
196	2	4	1	2	2	1	5	-2.77996	-3.65574	-4.14263	-4.20393
197	1	2	3	4	5	9	3	-4.62997	-2.47967	-3.51495	-4.88565
198	1	2	4	62	4	5	17	-6.10361	-4.84006	-7.35377	-8.45248
199	2	250	4	281	358	25	57	-29.5642	-30.1539	-21.6005	-17.54
200	9	2	4	62	4	5	6	-3.72088	-5.22039	-5.78523	-7.10406
201	1	2	3	4	5	9	3	-4.62997	-2.47967	-3.51495	-4.88565
202	4	7	10	4	1	7	1	-1.82288	-3.85283	-2.6772	-1.97855
203	2	4	2	4	19	3	6	-5.80328	-9.35917	-9.76601	-9.66065
204	4	7	10	4	1	7	1	-1.82288	-3.85283	-2.6772	-1.97855
205	4	7	10	4	42	51	1	-2.92974	-4.66638	-5.0607	-3.87815
206	2	1	12	3	2	1	5	-2.62695	-2.11067	-3.55181	-4.90052
207	4	7	10	4	1	7	1	-1.82288	-3.85283	-2.6772	-1.97855
208	2	1	12	3	2	1	5	-2.62695	-2.11067	-3.55181	-4.90052
209	1	2	4	62	4	5	17	-6.10361	-4.84006	-7.35377	-8.45248
210	4	7	10	4	42	51	1	-2.92974	-4.66638	-5.0607	-3.87815
211	2	4	1	2	2	1	5	-2.77996	-3.65574	-4.14263	-4.20393
212	4	7	10	4	1	7	1	-1.82288	-3.85283	-2.6772	-1.97855
213	2	1	21	3	2	1	5	-2.93419	-2.48472	-4.37562	-4.58982
214	47	2	4	2	6	5	17	-11.1067	-10.4469	-6.09325	-8.45236
215	2	1	21	3	2	1	5	-2.93419	-2.48472	-4.37562	-4.58982
216	2	1	21	3	2	1	5	-2.93419	-2.48472	-4.37562	-4.58982
217	2	4	1	2	2	1	5	-2.77996	-3.65574	-4.14263	-4.20393
218	2	4	1	2	2	1	5	-2.77996	-3.65574	-4.14263	-4.20393
219	10	81	50	99	120	76	52	-6.6437	-6.39608	-5.23878	-5.18517
220	2	4	1	2	2	1	5	-2.77996	-3.65574	-4.14263	-4.20393
221	2	4	1	2	2	1	5	-2.77996	-3.65574	-4.14263	-4.20393
222	1	4	2	2	6	3	17	-4.63872	-2.44092	-4.46485	-5.47971
223	1	2	4	62	4	5	17	-6.10361	-4.84006	-7.35377	-8.45248
224	4	7	10	4	1	7	1	-1.82288	-3.85283	-2.6772	-1.97855
225	4	7	10	4	1	7	1	-1.82288	-3.85283	-2.6772	-1.97855
226	10	1	16	19	10	5	7	-6.16144	-2.73833	-4.09491	-5.13507
227	2	4	1	2	2	1	5	-2.77996	-3.65574	-4.14263	-4.20393
228	2	4	1	2	7	1	5	-2.31224	-5.86374	-6.16583	-5.5728
229	1	4	2	348	6	3	17	-8.88832	-5.35427	-7.92701	-9.18488
230	1	2	4	62	4	5	17	-6.10361	-4.84006	-7.35377	-8.45248
231	10	27	16	19	10	5	7	-20.3374	-12.8883	-16.2247	-17.1773
232	1	4	2	2	6	3	17	-4.63872	-2.44092	-4.46485	-5.47971
233	4	7	10	4	42	51	1	-2.92974	-4.66638	-5.0607	-3.87815
234	2	4	1	2	2	1	5	-2.77996	-3.65574	-4.14263	-4.20393
235	2	1	12	3	2	1	5	-2.62695	-2.11067	-3.55181	-4.90052
236	2	1	12	88	2	1	5	-3.95087	-3.42509	-5.74047	-5.39968
237	2	4	1	2	7	1	5	-2.31224	-5.86374	-6.16583	-5.5728
238	2	1	12	3	2	1	5	-2.62695	-2.11067	-3.55181	-4.90052
239	1	4	2	2	6	3	17	-4.63872	-2.44092	-4.46485	-5.47971
240	2	1	4	28	58	25	58	-5.61865	-8.61743	-5.49403	-4.26191
241	2	1	5	3	2	3	5	-4.23199	-3.2467	-5.50503	-4.82624
242	2	1	12	3	2	1	5	-2.62695	-2.11067	-3.55181	-4.90052
243	2	4	1	2	2	1	5	-2.77996	-3.65574	-4.14263	-4.20393
244	2	1	5	10	11	1	5	-27.6206	-22.5723	-25.2314	-25.2001
245	2	1	12	3	2	1	5	-2.62695	-2.11067	-3.55181	-4.90052
246	2	1	12	88	2	1	5	-3.95087	-3.42509	-5.74047	-5.39968
247	2	1	12	3	2	1	5	-2.62695	-2.11067	-3.55181	-4.90052
248	2	1	12	3	2	1	5	-2.62695	-2.11067	-3.55181	-4.90052
249	1	4	2	2	6	3	17	-4.63872	-2.44092	-4.46485	-5.47971
250	9	2	4	62	4	5	6	-3.72088	-5.22039	-5.78523	-7.10406
251	2	1	12	3	2	1	5	-2.62695	-2.11067	-3.55181	-4.90052
252	8	10	149	2	11	12	6	-4.88066	-3.96423	-5.5672	-7.17056
253	2	1	21	3	2	1	5	-2.93419	-2.48472	-4.37562	-4.58982
254	1	2	3	4	5	9	3	-4.62997	-2.47967	-3.51495	-4.88565
255	2	1	5	3	2	3	5	-4.23199	-3.2467	-5.50503	-4.82624
256	1	307	3	4	5	9	3	-6.84631	-6.42018	-6.02662	-8.21898
257	1	4	2	2	6	3	17	-4.63872	-2.44092	-4.46485	-5.47971
258	2	4	1	2	7	1	5	-2.31224	-5.86374	-6.16583	-5.5728
259	2	4	1	2	2	1	5	-2.77996	-3.65574	-4.14263	-4.20393
260	2	61	4	64	126	7	23	-5.94828	-9.0067	-6.30167	-4.27247
261	7	21	5	62	4	61	44	-7.32645	-3.82177	-5.53807	-7.2795
262	2	1	12	3	2	1	5	-2.62695	-2.11067	-3.55181	-4.90052
263	2	4	1	2	2	1	5	-2.77996	-3.65574	-4.14263	-4.20393
264	2	1	12	3	2	1	5	-2.62695	-2.11067	-3.55181	-4.90052
265	2	1	21	3	2	1	5	-2.93419	-2.48472	-4.37562	-4.58982
266	2	1	21	3	2	1	5	-2.93419	-2.48472	-4.37562	-4.58982
267	2	4	1	2	2	1	5	-2.77996	-3.65574	-4.14263	-4.20393
268	2	4	1	2	2	1	5	-2.77996	-3.65574	-4.14263	-4.20393
269	2	4	1	2	7	1	5	-2.31224	-5.86374	-6.16583	-5.5728
270	4	7	10	4	1	7	1	-1.82288	-3.85283	-2.6772	-1.97855
271	1	2	4	62	4	5	17	-6.10361	-4.84006	-7.35377	-8.45248
272	4	1	21	3	2	1	5	-9.90893	-10.2794	-10.8289	-10.0615
273	10	1	16	19	10	5	7	-6.16144	-2.73833	-4.09491	-5.13507
274	33	283	44	82	189	44	17	-6.89869	-3.46272	-5.32436	-5.95176
275	2	1	12	3	2	1	5	-2.62695	-2.11067	-3.55181	-4.90052
276	10	81	50	99	120	76	52	-6.6437	-6.39608	-5.23878	-5.18517
277	4	7	10	4	42	25	1	-8.31293	-9.83518	-5.82493	-5.19607
278	2	4	1	2	2	1	5	-2.77996	-3.65574	-4.14263	-4.20393
279	2	4	5	2	10	1	5	-6.89927	-10.4472	-10.8597	-10.759
280	2	4	1	2	2	1	5	-2.77996	-3.65574	-4.14263	-4.20393
281	9	2	4	62	4	5	6	-3.72088	-5.22039	-5.78523	-7.10406
282	4	7	10	4	1	7	1	-1.82288	-3.85283	-2.6772	-1.97855
283	2	1	12	3	2	1	5	-2.62695	-2.11067	-3.55181	-4.90052
284	9	2	4	62	4	5	6	-3.72088	-5.22039	-5.78523	-7.10406
285	9	2	4	62	4	5	6	-3.72088	-5.22039	-5.78523	-7.10406
286	2	4	1	2	2	1	5	-2.77996	-3.65574	-4.14263	-4.20393
287	2	1	12	88	2	1	5	-3.95087	-3.42509	-5.74047	-5.39968
288	2	1	21	3	2	1	5	-2.93419	-2.48472	-4.37562	-4.58982
289	33	39	30	79	113	44	17	-26.233	-24.3188	-25.8982	-27.0973
290	1	2	3	4	5	9	3	-4.62997	-2.47967	-3.51495	-4.88565
291	1	4	2	2	6	3	17	-4.63872	-2.44092	-4.46485	-5.47971
292	9	2	4	62	4	5	6	-3.72088	-5.22039	-5.78523	-7.10406
293	2	1	12	3	2	1	5	-2.62695	-2.11067	-3.55181	-4.90052
294	2	1	5	3	2	5	5	-5.54795	-2.82261	-3.99522	-5.44115
295	2	1	5	3	2	5	5	-5.54795	-2.82261	-3.99522	-5.44115
296	2	4	1	2	2	1	5	-2.77996	-3.65574	-4.14263	-4.20393
297	2	4	1	2	2	1	5	-2.77996	-3.65574	-4.14263	-4.20393
298	2	1	21	3	2	1	5	-2.93419	-2.48472	-4.37562	-4.58982
299	32	39	30	82	104	324	17	-8.19596	-4.66876	-7.23837	-8.49495
300	2	1	12	3	2	1	5	-2.62695	-2.11067	-3.55181	-4.90052
301	4	7	10	4	1	7	1	-1.82288	-3.85283	-2.6772	-1.97855
302	1	4	2	2	6	3	5	-8.77231	-5.26407	-7.87001	-9.12187
303	2	1	21	3	2	1	5	-2.93419	-2.48472	-4.37562	-4.58982
304	4	7	10	4	42	51	1	-2.92974	-4.66638	-5.0607	-3.87815
305	2	4	1	2	7	1	5	-2.31224	-5.86374	-6.16583	-5.5728
306	7	21	5	62	4	61	44	-7.32645	-3.82177	-5.53807	-7.2795
307	104	7	10	4	1	7	1	-4.41553	-7.98146	-8.37354	-8.25836
308	9	25	2	10	22	3	6	-4.46083	-7.89762	-6.33739	-4.4067
309	2	4	2	2	6	3	17	-10.9436	-7.74813	-10.3916	-10.7156
310	2	4	1	2	7	1	5	-2.31224	-5.86374	-6.16583	-5.5728
311	129	66	30	82	189	47	17	-3.24692	-4.90592	-5.81426	-4.22633
312	33	39	30	82	104	173	68	-5.39034	-3.97074	-6.49396	-7.61552
313	2	1	12	3	2	1	5	-2.62695	-2.11067	-3.55181	-4.90052
314	2	1	1	3	2	1	5	-4.62235	-3.78054	-6.27635	-7.29054
315	7	21	5	62	4	61	44	-7.32645	-3.82177	-5.53807	-7.2795
316	2	1	21	3	2	1	5	-2.93419	-2.48472	-4.37562	-4.58982
317	4	7	10	4	1	7	1	-1.82288	-3.85283	-2.6772	-1.97855
318	10	2	107	62	120	76	1	-6.83302	-10.2147	-8.32491	-6.35614
319	4	7	10	4	1	7	1	-1.82288	-3.85283	-2.6772	-1.97855
320	2	1	12	3	2	1	5	-2.62695	-2.11067	-3.55181	-4.90052
321	2	1	5	3	2	3	5	-4.23199	-3.2467	-5.50503	-4.82624
322	4	7	10	4	1	7	1	-1.82288	-3.85283	-2.6772	-1.97855
323	2	1	12	88	2	1	5	-3.95087	-3.42509	-5.74047	-5.39968
324	4	7	10	4	42	7	1	-6.51592	-9.17099	-5.66383	-4.68257
325	4	7	10	4	42	51	1	-2.92974	-4.66638	-5.0607	-3.87815
326	2	1	21	3	2	1	5	-2.93419	-2.48472	-4.37562	-4.58982
327	2	1	12	3	2	1	5	-2.62695	-2.11067	-3.55181	-4.90052
328	4	7	10	4	1	7	1	-1.82288	-3.85283	-2.6772	-1.97855
329	2	4	1	2	7	1	5	-2.31224	-5.86374	-6.16583	-5.5728
330	4	7	10	4	1	7	1	-1.82288	-3.85283	-2.6772	-1.97855
331	2	1	12	3	2	1	5	-2.62695	-2.11067	-3.55181	-4.90052
332	4	7	10	4	1	7	1	-1.82288	-3.85283	-2.6772	-1.97855
333	4	7	10	4	1	7	1	-1.82288	-3.85283	-2.6772	-1.97855
334	1	4	2	2	6	3	17	-4.63872	-2.44092	-4.46485	-5.47971
335	2	4	1	2	2	1	5	-2.77996	-3.65574	-4.14263	-4.20393
336	4	7	10	4	1	7	1	-1.82288	-3.85283	-2.6772	-1.97855
337	7	17	2	15	23	3	12	-6.90592	-10.466	-10.871	-10.7714
338	2	1	5	3	2	3	5	-4.23199	-3.2467	-5.50503	-4.82624
339	4	7	10	4	1	7	1	-1.82288	-3.85283	-2.6772	-1.97855
340	4	7	10	4	1	7	1	-1.82288	-3.85283	-2.6772	-1.97855
341	4	7	10	4	42	51	1	-2.92974	-4.66638	-5.0607	-3.87815
342	2	4	1	2	2	1	5	-2.77996	-3.65574	-4.14263	-4.20393
343	2	1	12	88	2	1	5	-3.95087	-3.42509	-5.74047	-5.39968
344	2	1	1	3	2	1	5	-4.62235	-3.78054	-6.27635	-7.29054
345	1	2	3	4	5	9	3	-4.62997	-2.47967	-3.51495	-4.88565
346	2	1	12	88	2	1	5	-3.95087	-3.42509	-5.74047	-5.39968
347	2	1	1	3	2	1	5	-4.62235	-3.78054	-6.27635	-7.29054
348	24	17	2	10	23	68	5	-9.29381	-5.76562	-8.33625	-9.593
349	4	7	10	4	1	7	1	-1.82288	-3.85283	-2.6772	-1.97855
350	2	1	21	3	2	1	5	-2.93419	-2.48472	-4.37562	-4.58982
351	1	4	2	2	6	3	17	-4.63872	-2.44092	-4.46485	-5.47971
352	2	1	5	3	2	3	5	-4.23199	-3.2467	-5.50503	-4.82624
353	4	7	10	4	1	7	1	-1.82288	-3.85283	-2.6772	-1.97855
354	2	1	1	3	2	1	5	-4.62235	-3.78054	-6.27635	-7.29054
355	2	1	12	3	2	1	5	-2.62695	-2.11067	-3.55181	-4.90052
356	8	10	149	2	11	12	6	-4.88066	-3.96423	-5.5672	-7.17056
357	2	4	1	2	2	5	5	-6.82236	-6.39948	-8.79195	-9.69201
358	10	1	16	19	10	5	7	-6.16144	-2.73833	-4.09491	-5.13507
359	24	17	2	10	23	68	5	-9.29381	-5.76562	-8.33625	-9.593
360	1	2	4	62	4	5	17	-6.10361	-4.84006	-7.35377	-8.45248
361	2	4	1	2	7	1	5	-2.31224	-5.86374	-6.16583	-5.5728
362	7	71	5	62	11	67	6	-30.3059	-26.8537	-29.7552	-27.1238
363	7	17	5	2	10	3	6	-25.7651	-24.5422	-24.8632	-22.7094
364	2	1	5	3	2	3	5	-4.23199	-3.2467	-5.50503	-4.82624
365	9	2	4	62	4	5	6	-3.72088	-5.22039	-5.78523	-7.10406
366	33	38	30	82	104	325	36	-14.4006	-10.1906	-12.6725	-12.43
367	2	4	1	2	7	1	5	-2.31224	-5.86374	-6.16583	-5.5728
368	47	2	4	2	6	5	17	-11.1067	-10.4469	-6.09325	-8.45236
369	2	1	12	88	2	1	5	-3.95087	-3.42509	-5.74047	-5.39968
370	2	1	12	88	2	1	5	-3.95087	-3.42509	-5.74047	-5.39968
371	2	1	12	88	2	1	5	-3.95087	-3.42509	-5.74047	-5.39968
372	2	1	12	88	2	1	5	-3.95087	-3.42509	-5.74047	-5.39968
373	2	4	1	2	2	1	5	-2.77996	-3.65574	-4.14263	-4.20393
374	2	1	12	88	2	1	5	-3.95087	-3.42509	-5.74047	-5.39968
375	1	1	2	2	6	3	17	-9.81304	-6.1811	-8.82677	-10.0458
376	2	1	12	88	2	1	5	-3.95087	-3.42509	-5.74047	-5.39968
377	2	1	12	88	2	1	5	-3.95087	-3.42509	-5.74047	-5.39968
378	2	4	1	2	2	1	5	-2.77996	-3.65574	-4.14263	-4.20393
379	2	1	12	88	2	1	5	-3.95087	-3.42509	-5.74047	-5.39968
380	2	1	5	3	2	3	5	-4.23199	-3.2467	-5.50503	-4.82624
381	4	7	10	4	1	7	1	-1.82288	-3.85283	-2.6772	-1.97855
382	2	1	12	3	2	1	5	-2.62695	-2.11067	-3.55181	-4.90052
383	1	2	4	62	4	5	17	-6.10361	-4.84006	-7.35377	-8.45248
384	1	4	2	2	6	3	17	-4.63872	-2.44092	-4.46485	-5.47971
385	2	1	12	3	2	1	5	-2.62695	-2.11067	-3.55181	-4.90052
386	2	1	12	88	2	1	5	-3.95087	-3.42509	-5.74047	-5.39968
387	9	2	4	62	4	5	6	-3.72088	-5.22039	-5.78523	-7.10406
388	2	4	1	2	7	1	5	-2.31224	-5.86374	-6.16583	-5.5728
389	2	1	5	3	2	3	5	-4.23199	-3.2467	-5.50503	-4.82624
390	7	21	5	62	4	61	44	-7.32645	-3.82177	-5.53807	-7.2795
391	1	2	215	4	90	24	8	-31.0534	-28.0264	-25.0823	-19.3958
392	2	1	21	3	2	1	5	-2.93419	-2.48472	-4.37562	-4.58982
393	1	4	2	2	6	3	17	-4.63872	-2.44092	-4.46485	-5.47971
394	2	4	1	2	2	1	5	-2.77996	-3.65574	-4.14263	-4.20393
395	2	1	12	3	2	1	5	-2.62695	-2.11067	-3.55181	-4.90052
396	1	2	3	4	5	9	3	-4.62997	-2.47967	-3.51495	-4.88565
397	2	1	5	3	2	3	5	-4.23199	-3.2467	-5.50503	-4.82624
398	10	1	16	19	10	5	7	-6.16144	-2.73833	-4.09491	-5.13507
399	2	1	2	3	2	959	5	-8.17443	-10.4484	-11.3068	-9.73283
400	10	1	16	19	10	5	7	-6.16144	-2.73833	-4.09491	-5.13507
401	2	4	1	2	7	1	5	-2.31224	-5.86374	-6.16583	-5.5728
402	2	1	12	3	2	1	5	-2.62695	-2.11067	-3.55181	-4.90052
403	8	10	149	2	11	12	6	-4.88066	-3.96423	-5.5672	-7.17056
404	2	4	1	2	7	1	5	-2.31224	-5.86374	-6.16583	-5.5728
405	4	7	10	4	1	7	1	-1.82288	-3.85283	-2.6772	-1.97855
406	4	7	10	4	1	7	1	-1.82288	-3.85283	-2.6772	-1.97855
407	2	4	5	2	2	5	5	-3.6774	-7.21436	-7.25682	-6.0947
408	2	1	12	3	2	1	5	-2.62695	-2.11067	-3.55181	-4.90052
409	166	2	27	10	151	3	1	-32.9881	-31.8851	-30.3427	-23.0831
410	33	39	30	79	113	44	17	-26.233	-24.3188	-25.8982	-27.0973
411	7	17	2	15	23	3	12	-6.90592	-10.466	-10.871	-10.7714
412	1	2	3	4	5	9	3	-4.62997	-2.47967	-3.51495	-4.88565
413	2	4	1	2	7	1	5	-2.31224	-5.86374	-6.16583	-5.5728
414	7	21	5	62	4	61	44	-7.32645	-3.82177	-5.53807	-7.2795
415	2	1	12	3	2	1	5	-2.62695	-2.11067	-3.55181	-4.90052
416	1	2	3	4	5	9	3	-4.62997	-2.47967	-3.51495	-4.88565
417	2	1	5	88	2	11	5	-8.78134	-5.33908	-5.93914	-8.05381
418	2	4	1	2	7	1	5	-2.31224	-5.86374	-6.16583	-5.5728
419	2	1	21	3	2	1	5	-2.93419	-2.48472	-4.37562	-4.58982
420	7	17	2	15	23	3	12	-6.90592	-10.466	-10.871	-10.7714
421	2	1	5	88	2	11	5	-8.78134	-5.33908	-5.93914	-8.05381
422	47	2	4	2	6	5	17	-11.1067	-10.4469	-6.09325	-8.45236
423	1	2	3	4	5	9	3	-4.62997	-2.47967	-3.51495	-4.88565
424	7	17	2	15	23	3	12	-6.90592	-10.466	-10.871	-10.7714
425	2	4	1	2	2	1	5	-2.77996	-3.65574	-4.14263	-4.20393
426	2	4	1	2	2	1	5	-2.77996	-3.65574	-4.14263	-4.20393
427	2	4	1	2	2	1	5	-2.77996	-3.65574	-4.14263	-4.20393
428	2	1	12	3	2	1	5	-2.62695	-2.11067	-3.55181	-4.90052
429	2	4	5	2	2	5	5	-3.6774	-7.21436	-7.25682	-6.0947
430	2	1	21	3	2	1	5	-2.93419	-2.48472	-4.37562	-4.58982
431	4	7	10	4	42	25	1	-8.31293	-9.83518	-5.82493	-5.19607
432	1	4	2	2	6	3	17	-4.63872	-2.44092	-4.46485	-5.47971
433	1	2	215	4	923	24	8	-31.0534	-28.0264	-25.0823	-19.3958
434	1	2	3	4	5	9	3	-4.62997	-2.47967	-3.51495	-4.88565
435	2	1	1	3	2	1	5	-4.62235	-3.78054	-6.27635	-7.29054
436	1	4	2	2	6	3	17	-4.63872	-2.44092	-4.46485	-5.47971
437	2	4	1	2	2	1	5	-2.77996	-3.65574	-4.14263	-4.20393
438	2	1	5	3	2	5	5	-5.54795	-2.82261	-3.99522	-5.44115
439	4	7	10	4	42	51	1	-2.92974	-4.66638	-5.0607	-3.87815
440	4	7	10	4	1	7	1	-1.82288	-3.85283	-2.6772	-1.97855
441	4	7	10	4	1	7	1	-1.82288	-3.85283	-2.6772	-1.97855
442	4	7	10	4	1	7	1	-1.82288	-3.85283	-2.6772	-1.97855
443	2	1	21	3	2	1	5	-2.93419	-2.48472	-4.37562	-4.58982
444	2	1	21	3	2	1	5	-2.93419	-2.48472	-4.37562	-4.58982
445	2	4	1	2	7	1	5	-2.31224	-5.86374	-6.16583	-5.5728
446	4	7	10	4	1	7	1	-1.82288	-3.85283	-2.6772	-1.97855
447	4	7	10	4	1	7	1	-1.82288	-3.85283	-2.6772	-1.97855
448	2	1	1	3	2	1	5	-4.62235	-3.78054	-6.27635	-7.29054
449	2	1	21	3	2	1	5	-2.93419	-2.48472	-4.37562	-4.58982
450	2	1	21	3	2	1	5	-2.93419	-2.48472	-4.37562	-4.58982
451	4	7	10	4	42	51	1	-2.92974	-4.66638	-5.0607	-3.87815
452	4	7	10	1	1	7	1	-5.27328	-8.62673	-5.95339	-6.17542
453	239	27	16	19	10	5	7	-9.98891	-6.46054	-9.02963	-10.2874
454	2	1	12	3	2	1	5	-2.62695	-2.11067	-3.55181	-4.90052
455	2	4	1	2	2	1	5	-2.77996	-3.65574	-4.14263	-4.20393
456	2	1	12	3	2	1	5	-2.62695	-2.11067	-3.55181	-4.90052
457	2	1	12	3	2	1	5	-2.62695	-2.11067	-3.55181	-4.90052
458	10	81	50	99	120	76	52	-6.6437	-6.39608	-5.23878	-5.18517
459	47	2	4	2	6	5	17	-11.1067	-10.4469	-6.09325	-8.45236
460	2	4	1	3	2	1	5	-6.84434	-8.69273	-10.0891	-10.2569
461	4	7	10	4	1	7	1	-1.82288	-3.85283	-2.6772	-1.97855
462	2	1	1	380	2	1	5	-6.1609	-5.73007	-8.18152	-9.10362
463	2	4	1	2	7	1	5	-2.31224	-5.86374	-6.16583	-5.5728
464	2	1	12	88	2	1	5	-3.95087	-3.42509	-5.74047	-5.39968
465	7	71	5	62	11	67	1	-31.7369	-27.1066	-28.4263	-25.9898
466	2	4	1	2	7	1	5	-2.31224	-5.86374	-6.16583	-5.5728
467	4	7	10	4	1	7	1	-1.82288	-3.85283	-2.6772	-1.97855
468	2	1	1	380	2	1	5	-6.1609	-5.73007	-8.18152	-9.10362
469	2	4	1	2	2	1	5	-2.77996	-3.65574	-4.14263	-4.20393
470	2	1	12	3	2	1	5	-2.62695	-2.11067	-3.55181	-4.90052
471	1	14	2	2	6	1	17	-9.01548	-6.44074	-7.97305	-6.35061
472	1	2	4	62	4	5	17	-6.10361	-4.84006	-7.35377	-8.45248
473	4	7	10	4	1	7	1	-1.82288	-3.85283	-2.6772	-1.97855
474	2	1	21	3	2	1	5	-2.93419	-2.48472	-4.37562	-4.58982
475	2	4	1	2	2	1	5	-2.77996	-3.65574	-4.14263	-4.20393
476	1	4	2	2	6	3	17	-4.63872	-2.44092	-4.46485	-5.47971
477	4	7	10	4	1	7	1	-1.82288	-3.85283	-2.6772	-1.97855
478	10	2	107	62	120	76	1	-6.83302	-10.2147	-8.32491	-6.35614
479	2	1	12	3	2	1	5	-2.62695	-2.11067	-3.55181	-4.90052
480	2	1	5	3	2	3	5	-4.23199	-3.2467	-5.50503	-4.82624
481	2	1	21	3	2	1	5	-2.93419	-2.48472	-4.37562	-4.58982
482	1	2	3	4	5	9	3	-4.62997	-2.47967	-3.51495	-4.88565
483	1	307	3	4	5	9	3	-6.84631	-6.42018	-6.02662	-8.21898
484	7	2	5	2	10	3	6	-31.7924	-27.8883	-29.8751	-28.8942
485	1	2	3	4	5	9	3	-4.62997	-2.47967	-3.51495	-4.88565
486	33	39	30	82	104	173	68	-5.39034	-3.97074	-6.49396	-7.61552
487	4	7	10	4	42	7	1	-6.51592	-9.17099	-5.66383	-4.68257
488	2	1	12	88	2	1	5	-3.95087	-3.42509	-5.74047	-5.39968
489	2	4	1	2	2	1	5	-2.77996	-3.65574	-4.14263	-4.20393
490	2	1	21	3	2	1	5	-2.93419	-2.48472	-4.37562	-4.58982
491	9	2	4	62	4	5	6	-3.72088	-5.22039	-5.78523	-7.10406
492	2	1	5	3	2	3	5	-4.23199	-3.2467	-5.50503	-4.82624
493	4	7	10	4	1	7	1	-1.82288	-3.85283	-2.6772	-1.97855
494	2	1	57	26	127	29	35	-6.88725	-9.75724	-6.08283	-8.34337
495	2	1	57	26	127	29	35	-6.88725	-9.75724	-6.08283	-8.34337
496	2	4	2	4	19	3	6	-5.80328	-9.35917	-9.76601	-9.66065
497	2	1	12	3	2	1	5	-2.62695	-2.11067	-3.55181	-4.90052
498	2	4	1	2	2	1	5	-2.77996	-3.65574	-4.14263	-4.20393
499	2	4	1	2	2	1	5	-2.77996	-3.65574	-4.14263	-4.20393
500	2	1	21	3	2	1	5	-2.93419	-2.48472	-4.37562	-4.58982
501	33	39	65	79	104	43	17	-4.60269	-8.16321	-8.56792	-8.46898
502	1	14	2	2	6	1	17	-9.01548	-6.44074	-7.97305	-6.35061
503	2	1	12	3	2	1	5	-2.62695	-2.11067	-3.55181	-4.90052
504	7	21	5	62	4	61	44	-7.32645	-3.82177	-5.53807	-7.2795
505	9	2	4	62	4	5	6	-3.72088	-5.22039	-5.78523	-7.10406
506	129	66	30	82	189	47	17	-3.24692	-4.90592	-5.81426	-4.22633
507	2	1	21	3	2	1	5	-2.93419	-2.48472	-4.37562	-4.58982
508	47	2	4	2	6	5	17	-11.1067	-10.4469	-6.09325	-8.45236
509	2	4	1	2	7	1	5	-2.31224	-5.86374	-6.16583	-5.5728
510	33	38	30	82	104	325	36	-14.4006	-10.1906	-12.6725	-12.43
511	1	4	2	2	6	3	17	-4.63872	-2.44092	-4.46485	-5.47971
512	1	4	2	2	6	3	17	-4.63872	-2.44092	-4.46485	-5.47971
513	2	4	1	2	2	1	5	-2.77996	-3.65574	-4.14263	-4.20393
514	4	7	10	4	1	7	1	-1.82288	-3.85283	-2.6772	-1.97855
515	33	283	44	82	189	44	17	-6.89869	-3.46272	-5.32436	-5.95176
516	8	10	149	2	11	12	6	-4.88066	-3.96423	-5.5672	-7.17056
517	2	1	21	3	62	1	5	-5.80105	-9.3469	-9.76397	-9.66287
518	10	1	16	19	10	5	7	-6.16144	-2.73833	-4.09491	-5.13507
519	180	194	2	68	19	231	147	-27.3589	-27.4971	-27.4709	-19.8759
520	2	4	1	2	7	1	5	-2.31224	-5.86374	-6.16583	-5.5728
521	2	4	2	2	6	1	5	-6.09083	-4.82482	-5.8406	-7.75454
522	1	2	3	4	5	9	3	-4.62997	-2.47967	-3.51495	-4.88565
523	2	1	21	3	2	1	5	-2.93419	-2.48472	-4.37562	-4.58982
524	2	1	12	3	2	1	5	-2.62695	-2.11067	-3.55181	-4.90052
525	2	1	5	3	2	3	5	-4.23199	-3.2467	-5.50503	-4.82624
526	1	307	3	4	5	9	3	-6.84631	-6.42018	-6.02662	-8.21898
527	2	4	1	2	7	1	5	-2.31224	-5.86374	-6.16583	-5.5728
528	2	1	12	3	2	1	5	-2.62695	-2.11067	-3.55181	-4.90052
529	7	21	5	62	4	61	44	-7.32645	-3.82177	-5.53807	-7.2795
530	2	1	5	3	2	3	5	-4.23199	-3.2467	-5.50503	-4.82624
531	2	1	12	88	2	1	5	-3.95087	-3.42509	-5.74047	-5.39968
532	2	1	21	3	2	1	5	-2.93419	-2.48472	-4.37562	-4.58982
533	1	4	2	2	6	3	17	-4.63872	-2.44092	-4.46485	-5.47971
534	2	4	1	2	7	1	5	-2.31224	-5.86374	-6.16583	-5.5728
535	47	2	4	2	6	5	17	-11.1067	-10.4469	-6.09325	-8.45236
536	1	4	2	2	6	3	17	-4.63872	-2.44092	-4.46485	-5.47971
537	1	2	3	4	5	9	3	-4.62997	-2.47967	-3.51495	-4.88565
538	2	4	1	2	2	1	5	-2.77996	-3.65574	-4.14263	-4.20393
539	4	7	10	4	42	7	1	-6.51592	-9.17099	-5.66383	-4.68257
540	2	4	1	9	2	1	5	-7.17734	-7.383	-7.78396	-6.34596
541	2	1	12	3	2	1	5	-2.62695	-2.11067	-3.55181	-4.90052
542	1	4	2	9	6	3	17	-9.03823	-6.11805	-8.07661	-7.5989
543	1	2	3	4	922	9	3	-9.0425	-6.20868	-7.15737	-7.02861
544	4	7	10	4	1	7	1	-1.82288	-3.85283	-2.6772	-1.97855
545	2	1	5	3	2	3	5	-4.23199	-3.2467	-5.50503	-4.82624
546	2	4	1	2	7	1	5	-2.31224	-5.86374	-6.16583	-5.5728
547	4	7	10	4	1	7	1	-1.82288	-3.85283	-2.6772	-1.97855
548	2	4	1	2	2	1	5	-2.77996	-3.65574	-4.14263	-4.20393
549	2	1	21	3	2	1	5	-2.93419	-2.48472	-4.37562	-4.58982
550	4	7	10	4	1	7	1	-1.82288	-3.85283	-2.6772	-1.97855
551	1	4	2	2	6	3	17	-4.63872	-2.44092	-4.46485	-5.47971
552	2	1	5	3	2	5	5	-5.54795	-2.82261	-3.99522	-5.44115
553	2	1	12	3	2	1	5	-2.62695	-2.11067	-3.55181	-4.90052
554	4	936	10	4	1	7	1	-6.23005	-7.57851	-6.28775	-4.12375
555	180	194	2	68	19	231	147	-27.3589	-27.4971	-27.4709	-19.8759
556	4	7	10	4	42	51	1	-2.92974	-4.66638	-5.0607	-3.87815
557	4	7	10	4	42	25	1	-8.31293	-9.83518	-5.82493	-5.19607
558	2	1	21	3	2	1	5	-2.93419	-2.48472	-4.37562	-4.58982
559	2	1	5	3	2	3	5	-4.23199	-3.2467	-5.50503	-4.82624
560	2	1	5	3	2	3	5	-4.23199	-3.2467	-5.50503	-4.82624
561	4	7	10	4	42	51	1	-2.92974	-4.66638	-5.0607	-3.87815
562	4	7	10	4	1	7	1	-1.82288	-3.85283	-2.6772	-1.97855
563	2	4	1	2	7	1	5	-2.31224	-5.86374	-6.16583	-5.5728
564	2	1	21	3	2	1	5	-2.93419	-2.48472	-4.37562	-4.58982
565	1	4	2	2	6	3	17	-4.63872	-2.44092	-4.46485	-5.47971
566	188	313	5	2	89	5	6	-40.8362	-36.0074	-38.7648	-39.3892
567	2	1	21	3	2	1	5	-2.93419	-2.48472	-4.37562	-4.58982
568	2	1	1	3	2	1	5	-4.62235	-3.78054	-6.27635	-7.29054
569	2	1	5	3	2	3	5	-4.23199	-3.2467	-5.50503	-4.82624
570	2	4	1	2	2	1	5	-2.77996	-3.65574	-4.14263	-4.20393
571	2	1	5	3	2	3	5	-4.23199	-3.2467	-5.50503	-4.82624
572	2	1	1	3	2	1	5	-4.62235	-3.78054	-6.27635	-7.29054
573	2	1	5	3	2	3	5	-4.23199	-3.2467	-5.50503	-4.82624
574	1	4	2	2	6	3	17	-4.63872	-2.44092	-4.46485	-5.47971
575	1	4	2	2	6	3	17	-4.63872	-2.44092	-4.46485	-5.47971
576	2	1	21	3	2	1	5	-2.93419	-2.48472	-4.37562	-4.58982
577	239	27	16	19	10	5	7	-9.98891	-6.46054	-9.02963	-10.2874
578	2	4	5	2	2	5	5	-3.6774	-7.21436	-7.25682	-6.0947
579	9	2	4	62	4	5	6	-3.72088	-5.22039	-5.78523	-7.10406
580	2	1	1	3	2	1	5	-4.62235	-3.78054	-6.27635	-7.29054
581	2	1	5	3	2	3	5	-4.23199	-3.2467	-5.50503	-4.82624
582	1	4	2	2	6	3	17	-4.63872	-2.44092	-4.46485	-5.47971
583	2	4	5	2	2	5	5	-3.6774	-7.21436	-7.25682	-6.0947
584	2	4	5	2	2	5	5	-3.6774	-7.21436	-7.25682	-6.0947
585	2	1	5	3	2	3	5	-4.23199	-3.2467	-5.50503	-4.82624
586	2	1	1	380	2	1	5	-6.1609	-5.73007	-8.18152	-9.10362
587	2	7	10	4	1	7	1	-6.62651	-8.91921	-8.50866	-7.19415
588	2	1	12	3	2	1	5	-2.62695	-2.11067	-3.55181	-4.90052
589	2	4	1	2	2	1	5	-2.77996	-3.65574	-4.14263	-4.20393
590	9	2	4	62	4	5	6	-3.72088	-5.22039	-5.78523	-7.10406
591	2	4	5	2	2	5	5	-3.6774	-7.21436	-7.25682	-6.0947
592	1	4	2	2	6	3	17	-4.63872	-2.44092	-4.46485	-5.47971
593	1	4	2	2	6	5	17	-12.9448	-8.80573	-11.6589	-13.4627
594	2	4	2	2	6	1	5	-6.09083	-4.82482	-5.8406	-7.75454
595	1	4	2	2	6	5	17	-12.9448	-8.80573	-11.6589	-13.4627
596	2	23	21	3	2	1	5	-7.34754	-6.21788	-8.0193	-6.73452
597	7	21	5	62	4	61	44	-7.32645	-3.82177	-5.53807	-7.2795
598	2	4	1	2	2	1	5	-2.77996	-3.65574	-4.14263	-4.20393
599	1	307	3	4	5	9	3	-6.84631	-6.42018	-6.02662	-8.21898
600	1	2	3	4	5	9	3	-4.62997	-2.47967	-3.51495	-4.88565
601	9	2	4	62	4	5	6	-3.72088	-5.22039	-5.78523	-7.10406
602	2	1	12	3	2	1	5	-2.62695	-2.11067	-3.55181	-4.90052
603	1	4	2	2	6	3	17	-4.63872	-2.44092	-4.46485	-5.47971
604	10	1	16	19	10	5	7	-6.16144	-2.73833	-4.09491	-5.13507
605	2	1	12	3	2	1	5	-2.62695	-2.11067	-3.55181	-4.90052
606	180	194	2	68	19	231	147	-27.3589	-27.4971	-27.4709	-19.8759
607	2	1	12	3	2	1	5	-2.62695	-2.11067	-3.55181	-4.90052
608	4	7	10	4	1	7	1	-1.82288	-3.85283	-2.6772	-1.97855
609	129	66	30	82	189	47	17	-3.24692	-4.90592	-5.81426	-4.22633
610	4	7	10	4	1	7	1	-1.82288	-3.85283	-2.6772	-1.97855
611	2	1	12	3	2	1	5	-2.62695	-2.11067	-3.55181	-4.90052
612	2	1	21	3	2	1	5	-2.93419	-2.48472	-4.37562	-4.58982
613	4	7	10	4	1	7	1	-1.82288	-3.85283	-2.6772	-1.97855
614	10	1	16	19	10	5	7	-6.16144	-2.73833	-4.09491	-5.13507
615	8	10	149	2	11	12	6	-4.88066	-3.96423	-5.5672	-7.17056
616	129	66	30	82	189	47	17	-3.24692	-4.90592	-5.81426	-4.22633
617	2	4	1	2	2	1	5	-2.77996	-3.65574	-4.14263	-4.20393
618	180	194	2	68	19	231	147	-27.3589	-27.4971	-27.4709	-19.8759
619	2	1	5	3	2	3	5	-4.23199	-3.2467	-5.50503	-4.82624
620	2	4	1	2	2	1	5	-2.77996	-3.65574	-4.14263	-4.20393
621	1	2	3	4	5	9	3	-4.62997	-2.47967	-3.51495	-4.88565
622	180	194	2	68	19	231	147	-27.3589	-27.4971	-27.4709	-19.8759
623	33	39	65	79	104	43	17	-4.60269	-8.16321	-8.56792	-8.46898
624	2	4	5	2	2	5	5	-3.6774	-7.21436	-7.25682	-6.0947
625	2	1	5	3	2	5	5	-5.54795	-2.82261	-3.99522	-5.44115
626	2	1	12	3	2	1	5	-2.62695	-2.11067	-3.55181	-4.90052
627	180	194	2	68	19	231	147	-27.3589	-27.4971	-27.4709	-19.8759
628	2	1	21	3	2	1	5	-2.93419	-2.48472	-4.37562	-4.58982
629	2	1	5	3	2	5	5	-5.54795	-2.82261	-3.99522	-5.44115
630	2	1	21	3	2	1	5	-2.93419	-2.48472	-4.37562	-4.58982
631	1	2	3	4	5	9	3	-4.62997	-2.47967	-3.51495	-4.88565
632	2	1	21	3	2	1	5	-2.93419	-2.48472	-4.37562	-4.58982
633	8	10	2	2	11	12	6	-3.95954	-7.4636	-7.92132	-7.82474
634	2	4	1	2	7	1	5	-2.31224	-5.86374	-6.16583	-5.5728
635	2	1	5	3	2	3	5	-4.23199	-3.2467	-5.50503	-4.82624
636	1	2	3	4	5	9	3	-4.62997	-2.47967	-3.51495	-4.88565
637	9	2	4	62	4	5	6	-3.72088	-5.22039	-5.78523	-7.10406
638	2	1	21	3	2	1	5	-2.93419	-2.48472	-4.37562	-4.58982
639	8	10	149	2	11	12	6	-4.88066	-3.96423	-5.5672	-7.17056
640	2	1	12	88	2	1	5	-3.95087	-3.42509	-5.74047	-5.39968
641	2	4	1	2	2	1	5	-2.77996	-3.65574	-4.14263	-4.20393
642	2	1	5	10	10	1	5	-23.7818	-23.5019	-23.8939	-23.4991
643	1	2	3	4	5	9	3	-4.62997	-2.47967	-3.51495	-4.88565
644	2	4	1	2	7	1	5	-2.31224	-5.86374	-6.16583	-5.5728
645	2	4	1	2	2	1	5	-2.77996	-3.65574	-4.14263	-4.20393
646	1	2	3	4	5	9	3	-4.62997	-2.47967	-3.51495	-4.88565
647	2	1	12	88	2	1	5	-3.95087	-3.42509	-5.74047	-5.39968
648	4	7	10	4	1	7	1	-1.82288	-3.85283	-2.6772	-1.97855
649	2	1	21	3	2	1	5	-2.93419	-2.48472	-4.37562	-4.58982
650	2	4	1	2	7	1	5	-2.31224	-5.86374	-6.16583	-5.5728
651	33	38	30	82	118	43	17	-20.0805	-19.0606	-21.6256	-22.4528
652	2	4	1	2	2	1	5	-2.77996	-3.65574	-4.14263	-4.20393
653	2	1	5	3	2	3	5	-4.23199	-3.2467	-5.50503	-4.82624
654	4	7	10	4	1	7	1	-1.82288	-3.85283	-2.6772	-1.97855
655	8	10	2	2	11	12	6	-3.95954	-7.4636	-7.92132	-7.82474
656	2	4	5	2	2	5	5	-3.6774	-7.21436	-7.25682	-6.0947
657	4	7	10	4	1	7	1	-1.82288	-3.85283	-2.6772	-1.97855
658	2	1	5	3	2	3	5	-4.23199	-3.2467	-5.50503	-4.82624
659	33	39	30	82	113	47	17	-5.77617	-5.7398	-8.12256	-8.93788
660	2	1	21	3	2	1	5	-2.93419	-2.48472	-4.37562	-4.58982
661	2	4	1	2	7	1	5	-2.31224	-5.86374	-6.16583	-5.5728
662	2	1	1	3	2	1	5	-4.62235	-3.78054	-6.27635	-7.29054
663	4	7	10	4	1	7	1	-1.82288	-3.85283	-2.6772	-1.97855
664	7	21	5	62	4	61	44	-7.32645	-3.82177	-5.53807	-7.2795
665	10	81	50	99	120	76	52	-6.6437	-6.39608	-5.23878	-5.18517
666	4	7	10	4	1	7	1	-1.82288	-3.85283	-2.6772	-1.97855
667	1	2	3	4	5	9	3	-4.62997	-2.47967	-3.51495	-4.88565
668	1	2	3	4	5	9	3	-4.62997	-2.47967	-3.51495	-4.88565
669	2	4	1	2	7	1	5	-2.31224	-5.86374	-6.16583	-5.5728
670	4	7	10	4	1	7	1	-1.82288	-3.85283	-2.6772	-1.97855
671	2	1	5	3	2	3	5	-4.23199	-3.2467	-5.50503	-4.82624
672	1	4	2	2	6	3	17	-4.63872	-2.44092	-4.46485	-5.47971
673	4	935	10	4	1	7	1	-6.23005	-7.57851	-6.28775	-4.12375
674	10	1	16	19	10	5	7	-6.16144	-2.73833	-4.09491	-5.13507
675	4	7	10	4	1	7	1	-1.82288	-3.85283	-2.6772	-1.97855
676	33	39	65	79	104	43	17	-4.60269	-8.16321	-8.56792	-8.46898
677	2	4	2	2	6	1	5	-6.09083	-4.82482	-5.8406	-7.75454
678	4	7	10	4	42	25	1	-8.31293	-9.83518	-5.82493	-5.19607
679	1	4	2	2	6	3	17	-4.63872	-2.44092	-4.46485	-5.47971
680	4	7	10	4	42	25	1	-8.31293	-9.83518	-5.82493	-5.19607
681	4	7	10	4	42	25	1	-8.31293	-9.83518	-5.82493	-5.19607
682	4	7	10	4	1	7	1	-1.82288	-3.85283	-2.6772	-1.97855
683	2	4	1	2	7	1	5	-2.31224	-5.86374	-6.16583	-5.5728
684	4	7	10	4	1	7	1	-1.82288	-3.85283	-2.6772	-1.97855
685	4	7	10	4	42	7	1	-6.51592	-9.17099	-5.66383	-4.68257
686	10	27	16	19	10	5	7	-20.3374	-12.8883	-16.2247	-17.1773
687	10	81	50	99	120	76	52	-6.6437	-6.39608	-5.23878	-5.18517
688	4	7	10	4	1	7	1	-1.82288	-3.85283	-2.6772	-1.97855
689	4	7	10	4	42	51	1	-2.92974	-4.66638	-5.0607	-3.87815
690	4	7	10	4	1	7	1	-1.82288	-3.85283	-2.6772	-1.97855
691	10	81	50	99	120	76	52	-6.6437	-6.39608	-5.23878	-5.18517
692	2	4	1	2	2	1	5	-2.77996	-3.65574	-4.14263	-4.20393
693	4	7	10	4	42	51	1	-2.92974	-4.66638	-5.0607	-3.87815
694	4	7	10	4	42	51	1	-2.92974	-4.66638	-5.0607	-3.87815
695	4	7	10	4	42	51	1	-2.92974	-4.66638	-5.0607	-3.87815
696	8	10	2	2	11	12	6	-3.95954	-7.4636	-7.92132	-7.82474
697	33	38	30	82	104	43	17	-5.29571	-8.85529	-9.26002	-9.15363
698	4	7	10	4	1	7	1	-1.82288	-3.85283	-2.6772	-1.97855
699	10	81	50	99	120	76	52	-6.6437	-6.39608	-5.23878	-5.18517
700	2	4	1	2	7	1	5	-2.31224	-5.86374	-6.16583	-5.5728
701	4	7	10	4	1	7	1	-1.82288	-3.85283	-2.6772	-1.97855
702	4	7	10	4	1	7	1	-1.82288	-3.85283	-2.6772	-1.97855
703	10	81	50	99	120	76	52	-6.6437	-6.39608	-5.23878	-5.18517
704	4	7	10	4	42	51	1	-2.92974	-4.66638	-5.0607	-3.87815
705	9	2	4	62	4	5	6	-3.72088	-5.22039	-5.78523	-7.10406
706	4	7	10	4	1	7	1	-1.82288	-3.85283	-2.6772	-1.97855
707	2	1	1	3	2	1	5	-4.62235	-3.78054	-6.27635	-7.29054
708	1	14	2	2	6	1	17	-9.01548	-6.44074	-7.97305	-6.35061
709	2	4	2	2	6	1	5	-6.09083	-4.82482	-5.8406	-7.75454
710	2	4	2	2	6	1	5	-6.09083	-4.82482	-5.8406	-7.75454
711	4	7	10	4	42	51	1	-2.92974	-4.66638	-5.0607	-3.87815
712	10	2	107	62	120	76	1	-6.83302	-10.2147	-8.32491	-6.35614
713	2	1	12	3	2	1	5	-2.62695	-2.11067	-3.55181	-4.90052
714	2	4	1	2	2	1	5	-2.77996	-3.65574	-4.14263	-4.20393
715	47	2	4	2	6	5	17	-11.1067	-10.4469	-6.09325	-8.45236
716	4	7	10	4	42	5	1	-11.2048	-11.0131	-11.5591	-11.3301
717	2	1	12	3	2	1	5	-2.62695	-2.11067	-3.55181	-4.90052
718	4	7	10	4	42	51	1	-2.92974	-4.66638	-5.0607	-3.87815
719	1	307	3	4	5	9	3	-6.84631	-6.42018	-6.02662	-8.21898
720	2	1	21	3	2	1	5	-2.93419	-2.48472	-4.37562	-4.58982
721	4	7	10	4	1	7	1	-1.82288	-3.85283	-2.6772	-1.97855
722	2	4	1	2	2	1	5	-2.77996	-3.65574	-4.14263	-4.20393
723	2	1	12	3	2	1	5	-2.62695	-2.11067	-3.55181	-4.90052
724	4	7	10	4	1	7	1	-1.82288	-3.85283	-2.6772	-1.97855
725	2	1	21	3	2	1	5	-2.93419	-2.48472	-4.37562	-4.58982
726	2	1	1	3	2	1	5	-4.62235	-3.78054	-6.27635	-7.29054
727	4	7	10	4	1	7	1	-1.82288	-3.85283	-2.6772	-1.97855
728	2	1	12	3	2	1	5	-2.62695	-2.11067	-3.55181	-4.90052
729	1	4	3	2	6	3	17	-14.6357	-9.2911	-11.9166	-13.8304
730	2	1	12	3	2	1	5	-2.62695	-2.11067	-3.55181	-4.90052
731	2	1	12	88	2	1	5	-3.95087	-3.42509	-5.74047	-5.39968
732	1	4	2	2	6	3	17	-4.63872	-2.44092	-4.46485	-5.47971
733	4	7	10	4	42	51	1	-2.92974	-4.66638	-5.0607	-3.87815
734	2	1	12	3	2	1	5	-2.62695	-2.11067	-3.55181	-4.90052
735	4	7	10	4	1	7	1	-1.82288	-3.85283	-2.6772	-1.97855
736	2	1	12	88	2	1	5	-3.95087	-3.42509	-5.74047	-5.39968
737	2	1	21	3	2	1	5	-2.93419	-2.48472	-4.37562	-4.58982
738	2	4	5	2	2	5	5	-3.6774	-7.21436	-7.25682	-6.0947
739	2	4	5	2	2	5	5	-3.6774	-7.21436	-7.25682	-6.0947
740	2	1	21	3	62	1	5	-5.80105	-9.3469	-9.76397	-9.66287
741	4	7	10	4	42	25	1	-8.31293	-9.83518	-5.82493	-5.19607
742	1	2	4	62	4	5	17	-6.10361	-4.84006	-7.35377	-8.45248
743	1	2	3	4	5	9	3	-4.62997	-2.47967	-3.51495	-4.88565
744	8	10	2	2	11	12	6	-3.95954	-7.4636	-7.92132	-7.82474
745	2	1	12	88	2	1	5	-3.95087	-3.42509	-5.74047	-5.39968
746	2	4	5	2	2	5	5	-3.6774	-7.21436	-7.25682	-6.0947
747	2	1	12	3	2	1	5	-2.62695	-2.11067	-3.55181	-4.90052
748	7	21	5	62	4	61	44	-7.32645	-3.82177	-5.53807	-7.2795
749	9	2	4	62	4	5	6	-3.72088	-5.22039	-5.78523	-7.10406
750	10	1	16	19	10	5	7	-6.16144	-2.73833	-4.09491	-5.13507
751	10	1	16	19	10	5	7	-6.16144	-2.73833	-4.09491	-5.13507
752	8	10	2	2	11	12	6	-3.95954	-7.4636	-7.92132	-7.82474
753	1	4	2	2	6	3	17	-4.63872	-2.44092	-4.46485	-5.47971
754	2	1	12	3	2	1	5	-2.62695	-2.11067	-3.55181	-4.90052
755	2	1	12	88	2	1	5	-3.95087	-3.42509	-5.74047	-5.39968
756	2	29	4	27	10	25	57	-19.4391	-22.8167	-15.375	-11.9758
757	2	1	5	3	2	3	5	-4.23199	-3.2467	-5.50503	-4.82624
758	2	1	12	3	2	1	5	-2.62695	-2.11067	-3.55181	-4.90052
759	37	52	57	26	107	29	23	-8.06166	-9.6986	-5.76031	-4.94014
760	2	4	1	2	7	1	5	-2.31224	-5.86374	-6.16583	-5.5728
761	1	2	3	4	5	9	3	-4.62997	-2.47967	-3.51495	-4.88565
762	2	1	12	3	2	1	5	-2.62695	-2.11067	-3.55181	-4.90052
763	1	4	2	2	6	3	17	-4.63872	-2.44092	-4.46485	-5.47971
764	1	4	2	2	6	3	17	-4.63872	-2.44092	-4.46485	-5.47971
765	1	2	3	4	5	9	3	-4.62997	-2.47967	-3.51495	-4.88565
766	4	7	10	4	1	7	1	-1.82288	-3.85283	-2.6772	-1.97855
767	2	1	21	3	2	1	5	-2.93419	-2.48472	-4.37562	-4.58982
768	2	1	12	3	2	1	5	-2.62695	-2.11067	-3.55181	-4.90052
769	2	4	1	2	2	5	5	-6.82236	-6.39948	-8.79195	-9.69201
770	2	4	1	2	2	1	5	-2.77996	-3.65574	-4.14263	-4.20393
771	2	4	5	2	2	5	5	-3.6774	-7.21436	-7.25682	-6.0947
772	10	1	16	19	10	5	7	-6.16144	-2.73833	-4.09491	-5.13507
773	7	21	5	62	4	61	44	-7.32645	-3.82177	-5.53807	-7.2795
774	9	2	4	62	4	5	6	-3.72088	-5.22039	-5.78523	-7.10406
775	2	1	12	3	2	1	5	-2.62695	-2.11067	-3.55181	-4.90052
776	1	4	2	2	6	3	17	-4.63872	-2.44092	-4.46485	-5.47971
777	4	7	10	4	1	7	1	-1.82288	-3.85283	-2.6772	-1.97855
778	2	1	12	3	2	1	5	-2.62695	-2.11067	-3.55181	-4.90052
779	2	1	5	3	2	5	5	-5.54795	-2.82261	-3.99522	-5.44115
780	2	23	21	3	2	1	5	-7.34754	-6.21788	-8.0193	-6.73452
781	2	4	5	2	2	5	5	-3.6774	-7.21436	-7.25682	-6.0947
782	2	4	2	2	6	1	5	-6.09083	-4.82482	-5.8406	-7.75454
783	2	1	12	3	2	1	5	-2.62695	-2.11067	-3.55181	-4.90052
784	4	7	10	4	42	51	1	-2.92974	-4.66638	-5.0607	-3.87815
785	7	17	5	2	86	232	1	-29.9548	-32.1037	-30.5214	-24.7745
786	2	4	1	2	2	1	5	-2.77996	-3.65574	-4.14263	-4.20393
787	2	1	12	3	2	1	5	-2.62695	-2.11067	-3.55181	-4.90052
788	2	1	21	3	2	1	5	-2.93419	-2.48472	-4.37562	-4.58982
789	7	17	2	15	23	3	12	-6.90592	-10.466	-10.871	-10.7714
790	2	1	5	3	2	5	5	-5.54795	-2.82261	-3.99522	-5.44115
791	1	6	60	24	12	28	1	-31.0842	-29.6722	-23.6562	-17.5099
792	1	2	3	4	5	9	3	-4.62997	-2.47967	-3.51495	-4.88565
793	2	4	5	2	2	5	5	-3.6774	-7.21436	-7.25682	-6.0947
794	1	2	3	4	5	9	3	-4.62997	-2.47967	-3.51495	-4.88565
795	1	6	60	24	12	28	1	-31.0842	-29.6722	-23.6562	-17.5099
796	9	2	4	62	4	5	6	-3.72088	-5.22039	-5.78523	-7.10406
797	2	4	1	2	2	1	5	-2.77996	-3.65574	-4.14263	-4.20393
798	4	7	10	4	1	7	1	-1.82288	-3.85283	-2.6772	-1.97855
799	2	4	5	2	2	5	5	-3.6774	-7.21436	-7.25682	-6.0947
800	7	2	2	2	11	12	6	-4.50615	-8.06576	-8.47123	-8.37153
801	2	1	21	3	2	1	941	-7.34752	-6.19865	-8.00969	-6.73068
802	9	2	2	10	10	3	5	-30.2516	-25.4252	-27.2848	-25.2463
803	8	10	149	2	11	12	6	-4.88066	-3.96423	-5.5672	-7.17056
804	7	1	5	2	10	3	6	-32.7885	-29.6623	-31.1501	-28.9103
805	2	1	21	3	2	1	5	-2.93419	-2.48472	-4.37562	-4.58982
806	33	39	30	82	113	43	17	-9.63827	-6.43938	-6.04402	-8.30691
807	1	6	60	24	12	28	1	-31.0842	-29.6722	-23.6562	-17.5099
808	1	6	60	24	12	28	1	-31.0842	-29.6722	-23.6562	-17.5099
809	7	17	2	15	23	3	12	-6.90592	-10.466	-10.871	-10.7714
810	1	4	2	2	6	3	17	-4.63872	-2.44092	-4.46485	-5.47971
811	1	4	2	2	6	3	17	-4.63872	-2.44092	-4.46485	-5.47971
812	7	21	5	62	4	61	44	-7.32645	-3.82177	-5.53807	-7.2795
813	239	27	16	19	10	5	7	-9.98891	-6.46054	-9.02963	-10.2874
814	9	2	4	62	4	5	6	-3.72088	-5.22039	-5.78523	-7.10406
815	10	1	16	19	10	5	7	-6.16144	-2.73833	-4.09491	-5.13507
816	2	1	5	3	2	5	5	-5.54795	-2.82261	-3.99522	-5.44115
817	2	4	5	2	2	5	5	-3.6774	-7.21436	-7.25682	-6.0947
818	8	10	2	2	11	12	6	-3.95954	-7.4636	-7.92132	-7.82474
819	7	17	2	15	23	3	12	-6.90592	-10.466	-10.871	-10.7714
820	2	4	1	4	1	1	5	-15.8592	-18.2161	-16.5185	-15.0118
821	4	7	10	4	1	7	1	-1.82288	-3.85283	-2.6772	-1.97855
822	8	10	149	2	11	12	6	-4.88066	-3.96423	-5.5672	-7.17056
823	2	1	12	88	2	1	5	-3.95087	-3.42509	-5.74047	-5.39968
824	2	4	2	2	6	1	5	-6.09083	-4.82482	-5.8406	-7.75454
825	10	81	50	99	120	76	52	-6.6437	-6.39608	-5.23878	-5.18517
826	2	4	5	2	2	5	5	-3.6774	-7.21436	-7.25682	-6.0947
827	2	4	1	2	2	5	5	-6.82236	-6.39948	-8.79195	-9.69201
828	8	10	149	2	11	12	6	-4.88066	-3.96423	-5.5672	-7.17056
829	1	4	2	2	6	3	17	-4.63872	-2.44092	-4.46485	-5.47971
830	2	165	73	147	220	190	104	-8.39643	-10.6145	-7.3091	-5.27057
831	4	7	10	4	42	25	1	-8.31293	-9.83518	-5.82493	-5.19607
832	7	2	2	2	11	12	6	-4.50615	-8.06576	-8.47123	-8.37153
833	1	6	60	24	12	28	1	-31.0842	-29.6722	-23.6562	-17.5099
834	2	1	12	3	2	1	5	-2.62695	-2.11067	-3.55181	-4.90052
835	33	39	65	79	104	77	17	-5.29565	-8.85572	-9.26114	-9.16201
836	4	7	10	4	1	7	1	-1.82288	-3.85283	-2.6772	-1.97855
837	1	2	3	4	5	9	3	-4.62997	-2.47967	-3.51495	-4.88565
838	2	1	21	3	2	1	5	-2.93419	-2.48472	-4.37562	-4.58982
839	2	1	12	3	2	1	5	-2.62695	-2.11067	-3.55181	-4.90052
840	4	7	10	4	1	7	1	-1.82288	-3.85283	-2.6772	-1.97855
841	2	4	1	2	7	1	5	-2.31224	-5.86374	-6.16583	-5.5728
842	184	39	30	82	113	43	17	-3.95822	-6.16343	-7.63952	-7.74458
843	4	7	10	4	1	7	1	-1.82288	-3.85283	-2.6772	-1.97855
844	2	4	1	2	2	1	5	-2.77996	-3.65574	-4.14263	-4.20393
845	4	7	10	4	1	7	1	-1.82288	-3.85283	-2.6772	-1.97855
846	2	1	12	88	2	1	5	-3.95087	-3.42509	-5.74047	-5.39968
847	2	1	21	3	2	1	5	-2.93419	-2.48472	-4.37562	-4.58982
848	1	2	3	4	5	9	3	-4.62997	-2.47967	-3.51495	-4.88565
849	4	7	10	4	1	7	1	-1.82288	-3.85283	-2.6772	-1.97855
850	2	1	21	3	2	1	5	-2.93419	-2.48472	-4.37562	-4.58982
851	8	10	2	2	11	12	6	-3.95954	-7.4636	-7.92132	-7.82474
852	2	4	1	2	2	1	5	-2.77996	-3.65574	-4.14263	-4.20393
853	2	4	1	2	2	1	5	-2.77996	-3.65574	-4.14263	-4.20393
854	2	4	2	2	6	1	5	-6.09083	-4.82482	-5.8406	-7.75454
855	2	4	1	2	2	1	5	-2.77996	-3.65574	-4.14263	-4.20393
856	2	4	1	2	2	1	5	-2.77996	-3.65574	-4.14263	-4.20393
857	2	4	1	2	2	1	5	-2.77996	-3.65574	-4.14263	-4.20393
858	1	2	3	4	5	9	3	-4.62997	-2.47967	-3.51495	-4.88565
859	2	4	1	2	2	1	5	-2.77996	-3.65574	-4.14263	-4.20393
860	2	4	1	2	2	1	5	-2.77996	-3.65574	-4.14263	-4.20393
861	8	10	2	2	11	12	6	-3.95954	-7.4636	-7.92132	-7.82474
862	2	1	5	3	2	3	5	-4.23199	-3.2467	-5.50503	-4.82624
863	33	39	30	82	104	173	68	-5.39034	-3.97074	-6.49396	-7.61552
864	2	4	1	2	7	1	5	-2.31224	-5.86374	-6.16583	-5.5728
865	8	10	2	2	11	12	6	-3.95954	-7.4636	-7.92132	-7.82474
866	2	4	1	2	7	1	5	-2.31224	-5.86374	-6.16583	-5.5728
867	1	2	3	4	5	9	3	-4.62997	-2.47967	-3.51495	-4.88565
868	1	2	215	4	90	24	8	-31.0534	-28.0264	-25.0823	-19.3958
869	2	1	1	3	2	1	5	-4.62235	-3.78054	-6.27635	-7.29054
870	10	81	50	99	120	76	52	-6.6437	-6.39608	-5.23878	-5.18517
871	2	4	1	2	7	1	5	-2.31224	-5.86374	-6.16583	-5.5728
872	2	1	12	3	2	1	5	-2.62695	-2.11067	-3.55181	-4.90052
873	2	4	1	2	2	1	5	-2.77996	-3.65574	-4.14263	-4.20393
874	2	4	1	2	2	1	5	-2.77996	-3.65574	-4.14263	-4.20393
875	2	4	1	2	2	1	5	-2.77996	-3.65574	-4.14263	-4.20393
876	2	1	5	3	2	3	5	-4.23199	-3.2467	-5.50503	-4.82624
877	2	4	1	2	2	1	5	-2.77996	-3.65574	-4.14263	-4.20393
878	4	7	10	4	1	7	1	-1.82288	-3.85283	-2.6772	-1.97855
879	2	4	1	2	7	1	5	-2.31224	-5.86374	-6.16583	-5.5728
880	2	4	5	2	2	5	5	-3.6774	-7.21436	-7.25682	-6.0947
881	2	4	1	2	2	1	5	-2.77996	-3.65574	-4.14263	-4.20393
882	8	10	2	2	11	12	6	-3.95954	-7.4636	-7.92132	-7.82474
883	4	7	10	4	1	7	1	-1.82288	-3.85283	-2.6772	-1.97855
884	2	4	1	2	2	1	5	-2.77996	-3.65574	-4.14263	-4.20393
885	166	2	1	10	17	3	1	-35.7505	-35.4696	-34.6279	-28.5777
886	2	4	1	2	7	1	5	-2.31224	-5.86374	-6.16583	-5.5728
887	2	4	1	2	2	1	5	-2.77996	-3.65574	-4.14263	-4.20393
888	4	7	10	4	1	7	1	-1.82288	-3.85283	-2.6772	-1.97855
889	4	7	10	4	1	7	1	-1.82288	-3.85283	-2.6772	-1.97855
890	2	4	1	2	7	1	5	-2.31224	-5.86374	-6.16583	-5.5728
891	2	4	1	2	2	1	5	-2.77996	-3.65574	-4.14263	-4.20393
892	2	1	5	3	2	3	5	-4.23199	-3.2467	-5.50503	-4.82624
893	9	25	2	10	22	3	6	-4.46083	-7.89762	-6.33739	-4.4067
894	2	1	21	3	62	1	5	-5.80105	-9.3469	-9.76397	-9.66287
895	129	66	30	82	189	47	17	-3.24692	-4.90592	-5.81426	-4.22633
896	129	66	30	82	189	47	17	-3.24692	-4.90592	-5.81426	-4.22633
897	4	7	10	4	1	7	1	-1.82288	-3.85283	-2.6772	-1.97855
898	2	4	1	2	2	1	5	-2.77996	-3.65574	-4.14263	-4.20393
899	4	7	10	4	42	7	1	-6.51592	-9.17099	-5.66383	-4.68257
900	2	4	1	2	7	1	5	-2.31224	-5.86374	-6.16583	-5.5728
901	1	307	3	4	5	9	3	-6.84631	-6.42018	-6.02662	-8.21898
902	2	1	21	3	2	1	5	-2.93419	-2.48472	-4.37562	-4.58982
903	4	7	10	4	1	7	1	-1.82288	-3.85283	-2.6772	-1.97855
904	2	1	21	3	2	1	5	-2.93419	-2.48472	-4.37562	-4.58982
905	2	4	1	2	2	5	5	-6.82236	-6.39948	-8.79195	-9.69201
906	2	4	1	2	7	1	5	-2.31224	-5.86374	-6.16583	-5.5728
907	2	4	1	2	7	1	5	-2.31224	-5.86374	-6.16583	-5.5728
908	2	4	1	2	7	1	5	-2.31224	-5.86374	-6.16583	-5.5728
909	4	7	10	4	1	7	1	-1.82288	-3.85283	-2.6772	-1.97855
910	8	10	2	2	11	12	6	-3.95954	-7.4636	-7.92132	-7.82474
911	7	21	5	62	4	61	44	-7.32645	-3.82177	-5.53807	-7.2795
912	2	1	12	88	2	1	5	-3.95087	-3.42509	-5.74047	-5.39968
913	2	4	1	2	2	1	5	-2.77996	-3.65574	-4.14263	-4.20393
914	1	2	3	4	5	9	3	-4.62997	-2.47967	-3.51495	-4.88565
915	2	4	1	2	7	1	5	-2.31224	-5.86374	-6.16583	-5.5728
916	2	4	1	2	2	1	5	-2.77996	-3.65574	-4.14263	-4.20393
917	2	4	1	2	2	1	5	-2.77996	-3.65574	-4.14263	-4.20393
918	2	4	1	2	7	1	5	-2.31224	-5.86374	-6.16583	-5.5728
919	4	7	10	4	1	7	1	-1.82288	-3.85283	-2.6772	-1.97855
920	2	1	5	3	2	3	5	-4.23199	-3.2467	-5.50503	-4.82624
921	2	4	1	2	7	1	5	-2.31224	-5.86374	-6.16583	-5.5728
922	2	4	1	2	2	1	5	-2.77996	-3.65574	-4.14263	-4.20393
923	8	10	2	2	11	12	6	-3.95954	-7.4636	-7.92132	-7.82474
924	2	1	12	3	2	1	5	-2.62695	-2.11067	-3.55181	-4.90052
925	48	7	10	4	183	7	1	-10.5575	-11.2167	-9.9094	-6.20526
926	7	21	5	62	4	61	44	-7.32645	-3.82177	-5.53807	-7.2795
927	4	7	10	4	1	7	1	-1.82288	-3.85283	-2.6772	-1.97855
928	9	25	2	10	22	3	6	-4.46083	-7.89762	-6.33739	-4.4067
929	2	4	1	2	2	1	5	-2.77996	-3.65574	-4.14263	-4.20393
930	2	4	1	2	7	1	5	-2.31224	-5.86374	-6.16583	-5.5728
931	2	4	1	2	2	1	5	-2.77996	-3.65574	-4.14263	-4.20393
932	2	4	1	2	2	1	5	-2.77996	-3.65574	-4.14263	-4.20393
933	9	25	2	10	22	3	6	-4.46083	-7.89762	-6.33739	-4.4067
934	2	4	1	2	2	1	5	-2.77996	-3.65574	-4.14263	-4.20393
935	2	4	1	2	2	1	5	-2.77996	-3.65574	-4.14263	-4.20393
936	2	4	1	2	7	1	5	-2.31224	-5.86374	-6.16583	-5.5728
937	2	4	1	2	7	1	5	-2.31224	-5.86374	-6.16583	-5.5728
938	2	4	1	2	2	1	5	-2.77996	-3.65574	-4.14263	-4.20393
939	2	4	1	2	2	1	5	-2.77996	-3.65574	-4.14263	-4.20393
940	4	7	10	4	1	7	1	-1.82288	-3.85283	-2.6772	-1.97855
941	2	4	1	2	2	1	5	-2.77996	-3.65574	-4.14263	-4.20393
942	4	7	10	4	1	7	1	-1.82288	-3.85283	-2.6772	-1.97855
943	2	4	1	2	7	1	5	-2.31224	-5.86374	-6.16583	-5.5728
944	2	4	1	2	2	1	5	-2.77996	-3.65574	-4.14263	-4.20393
945	4	7	10	4	1	7	1	-1.82288	-3.85283	-2.6772	-1.97855
946	9	25	2	10	22	3	6	-4.46083	-7.89762	-6.33739	-4.4067
947	10	81	50	99	120	76	52	-6.6437	-6.39608	-5.23878	-5.18517
948	2	1	21	3	2	1	5	-2.93419	-2.48472	-4.37562	-4.58982
949	4	7	10	4	1	7	1	-1.82288	-3.85283	-2.6772	-1.97855
950	2	4	1	2	7	1	5	-2.31224	-5.86374	-6.16583	-5.5728
951	4	7	10	4	1	7	1	-1.82288	-3.85283	-2.6772	-1.97855
952	4	7	10	4	1	7	1	-1.82288	-3.85283	-2.6772	-1.97855
953	8	315	2	2	11	12	6	-8.37207	-11.1917	-11.5632	-9.96724
954	8	10	2	2	11	12	6	-3.95954	-7.4636	-7.92132	-7.82474
955	2	4	1	2	2	1	5	-2.77996	-3.65574	-4.14263	-4.20393
956	4	7	10	4	1	7	1	-1.82288	-3.85283	-2.6772	-1.97855
957	2	4	1	2	2	1	5	-2.77996	-3.65574	-4.14263	-4.20393
958	2	4	1	2	2	1	5	-2.77996	-3.65574	-4.14263	-4.20393
959	2	4	1	2	2	1	5	-2.77996	-3.65574	-4.14263	-4.20393
960	2	4	1	2	7	1	5	-2.31224	-5.86374	-6.16583	-5.5728
961	2	4	1	2	2	1	5	-2.77996	-3.65574	-4.14263	-4.20393
962	2	4	1	2	2	1	5	-2.77996	-3.65574	-4.14263	-4.20393
963	2	1	21	3	2	1	5	-2.93419	-2.48472	-4.37562	-4.58982
964	2	4	1	2	2	1	5	-2.77996	-3.65574	-4.14263	-4.20393
965	1	4	2	2	2	3	17	-11.3361	-7.76115	-10.8353	-12.0323
966	2	4	1	2	2	1	5	-2.77996	-3.65574	-4.14263	-4.20393
967	2	4	1	2	2	1	5	-2.77996	-3.65574	-4.14263	-4.20393
968	7	21	5	62	4	61	44	-7.32645	-3.82177	-5.53807	-7.2795
969	2	4	1	2	2	1	5	-2.77996	-3.65574	-4.14263	-4.20393
970	4	7	10	4	1	7	1	-1.82288	-3.85283	-2.6772	-1.97855
971	2	4	1	2	2	1	5	-2.77996	-3.65574	-4.14263	-4.20393
972	10	1	16	19	10	5	7	-6.16144	-2.73833	-4.09491	-5.13507
973	8	10	2	2	11	12	6	-3.95954	-7.4636	-7.92132	-7.82474
974	4	7	10	4	1	7	1	-1.82288	-3.85283	-2.6772	-1.97855
975	2	4	2	2	6	1	5	-6.09083	-4.82482	-5.8406	-7.75454
976	2	4	1	2	2	1	5	-2.77996	-3.65574	-4.14263	-4.20393
977	2	4	1	2	2	1	5	-2.77996	-3.65574	-4.14263	-4.20393
978	2	1	12	3	2	1	5	-2.62695	-2.11067	-3.55181	-4.90052
979	2	1	21	3	2	1	5	-2.93419	-2.48472	-4.37562	-4.58982
980	1	4	2	2	6	3	17	-4.63872	-2.44092	-4.46485	-5.47971
981	9	2	4	62	4	5	6	-3.72088	-5.22039	-5.78523	-7.10406
982	9	2	4	62	4	5	6	-3.72088	-5.22039	-5.78523	-7.10406
983	2	4	1	2	2	1	5	-2.77996	-3.65574	-4.14263	-4.20393
984	9	25	2	10	22	3	6	-4.46083	-7.89762	-6.33739	-4.4067
985	2	1	12	3	2	1	5	-2.62695	-2.11067	-3.55181	-4.90052
986	2	4	1	2	2	1	5	-2.77996	-3.65574	-4.14263	-4.20393
987	2	4	1	2	2	1	5	-2.77996	-3.65574	-4.14263	-4.20393
988	2	4	1	2	2	1	5	-2.77996	-3.65574	-4.14263	-4.20393
989	1	4	2	2	6	3	17	-4.63872	-2.44092	-4.46485	-5.47971
990	1	4	2	2	6	3	17	-4.63872	-2.44092	-4.46485	-5.47971
991	9	25	2	10	22	3	6	-4.46083	-7.89762	-6.33739	-4.4067
992	1	4	2	2	6	3	17	-4.63872	-2.44092	-4.46485	-5.47971
993	2	4	1	2	2	1	5	-2.77996	-3.65574	-4.14263	-4.20393
994	2	4	1	2	2	1	5	-2.77996	-3.65574	-4.14263	-4.20393
995	8	10	2	2	11	12	6	-3.95954	-7.4636	-7.92132	-7.82474
996	2	4	1	2	2	1	5	-2.77996	-3.65574	-4.14263	-4.20393
997	2	1	5	3	2	5	5	-5.54795	-2.82261	-3.99522	-5.44115
998	8	10	2	2	11	12	6	-3.95954	-7.4636	-7.92132	-7.82474
999	2	4	1	2	2	1	5	-2.77996	-3.65574	-4.14263	-4.20393
1000	2	4	1	2	2	1	5	-2.77996	-3.65574	-4.14263	-4.20393
1001	2	1	21	3	2	1	5	-2.93419	-2.48472	-4.37562	-4.58982
1002	1	2	4	62	4	5	17	-6.10361	-4.84006	-7.35377	-8.45248
1003	2	1	12	3	2	1	5	-2.62695	-2.11067	-3.55181	-4.90052
1004	2	4	1	2	7	1	5	-2.31224	-5.86374	-6.16583	-5.5728
1005	1	307	3	4	5	9	3	-6.84631	-6.42018	-6.02662	-8.21898
1006	2	4	2	4	19	3	6	-5.80328	-9.35917	-9.76601	-9.66065
1007	2	4	1	2	2	1	5	-2.77996	-3.65574	-4.14263	-4.20393
1008	1	4	2	2	6	3	17	-4.63872	-2.44092	-4.46485	-5.47971
1009	9	25	2	10	22	3	6	-4.46083	-7.89762	-6.33739	-4.4067
1010	4	7	10	4	1	7	1	-1.82288	-3.85283	-2.6772	-1.97855
1011	2	4	1	2	2	1	5	-2.77996	-3.65574	-4.14263	-4.20393
1012	10	1	16	19	10	5	7	-6.16144	-2.73833	-4.09491	-5.13507
1013	2	1	21	3	2	1	5	-2.93419	-2.48472	-4.37562	-4.58982
1014	4	7	10	4	1	7	1	-1.82288	-3.85283	-2.6772	-1.97855
1015	2	4	1	2	2	1	5	-2.77996	-3.65574	-4.14263	-4.20393
1016	1	2	3	4	5	9	3	-4.62997	-2.47967	-3.51495	-4.88565
1017	9	316	4	62	4	5	6	-6.86058	-6.44393	-8.88192	-9.80417
1018	9	25	2	10	22	3	6	-4.46083	-7.89762	-6.33739	-4.4067
1019	1	307	3	4	5	9	3	-6.84631	-6.42018	-6.02662	-8.21898
1020	2	4	1	2	2	1	5	-2.77996	-3.65574	-4.14263	-4.20393
1021	9	25	2	10	22	3	6	-4.46083	-7.89762	-6.33739	-4.4067
1022	2	4	1	2	2	1	5	-2.77996	-3.65574	-4.14263	-4.20393
1023	2	1	12	3	2	1	5	-2.62695	-2.11067	-3.55181	-4.90052
1024	2	1	5	3	2	5	5	-5.54795	-2.82261	-3.99522	-5.44115
1025	2	4	1	2	2	1	5	-2.77996	-3.65574	-4.14263	-4.20393
1026	2	1	12	3	2	1	5	-2.62695	-2.11067	-3.55181	-4.90052
1027	2	1	12	3	2	1	5	-2.62695	-2.11067	-3.55181	-4.90052
1028	10	1	16	19	10	5	7	-6.16144	-2.73833	-4.09491	-5.13507
1029	4	7	10	4	1	7	1	-1.82288	-3.85283	-2.6772	-1.97855
1030	2	4	1	2	2	1	5	-2.77996	-3.65574	-4.14263	-4.20393
1031	2	1	12	88	2	1	5	-3.95087	-3.42509	-5.74047	-5.39968
1032	2	1	21	3	2	1	5	-2.93419	-2.48472	-4.37562	-4.58982
1033	1	2	3	4	5	9	3	-4.62997	-2.47967	-3.51495	-4.88565
1034	8	10	2	2	11	12	6	-3.95954	-7.4636	-7.92132	-7.82474
1035	2	1	12	88	2	1	5	-3.95087	-3.42509	-5.74047	-5.39968
1036	33	39	30	82	104	173	68	-5.39034	-3.97074	-6.49396	-7.61552
1037	1	2	3	4	5	9	3	-4.62997	-2.47967	-3.51495	-4.88565
1038	9	25	2	10	22	3	6	-4.46083	-7.89762	-6.33739	-4.4067
1039	2	4	1	2	2	1	5	-2.77996	-3.65574	-4.14263	-4.20393
1040	8	10	2	2	11	12	6	-3.95954	-7.4636	-7.92132	-7.82474
1041	1	2	4	62	4	5	17	-6.10361	-4.84006	-7.35377	-8.45248
1042	10	1	16	19	10	5	7	-6.16144	-2.73833	-4.09491	-5.13507
1043	33	39	30	82	104	173	68	-5.39034	-3.97074	-6.49396	-7.61552
1044	2	4	1	2	2	1	5	-2.77996	-3.65574	-4.14263	-4.20393
1045	8	10	2	2	11	12	6	-3.95954	-7.4636	-7.92132	-7.82474
1046	2	1	5	3	2	5	5	-5.54795	-2.82261	-3.99522	-5.44115
1047	47	2	4	2	6	5	17	-11.1067	-10.4469	-6.09325	-8.45236
1048	1	2	3	4	5	9	3	-4.62997	-2.47967	-3.51495	-4.88565
1049	4	7	10	4	1	7	1	-1.82288	-3.85283	-2.6772	-1.97855
1050	2	1	5	3	2	3	5	-4.23199	-3.2467	-5.50503	-4.82624
1051	2	4	2	2	6	1	5	-6.09083	-4.82482	-5.8406	-7.75454
1052	2	4	1	2	2	1	5	-2.77996	-3.65574	-4.14263	-4.20393
1053	8	10	149	2	11	12	6	-4.88066	-3.96423	-5.5672	-7.17056
1054	9	25	2	10	22	3	6	-4.46083	-7.89762	-6.33739	-4.4067
1055	2	4	1	2	2	1	5	-2.77996	-3.65574	-4.14263	-4.20393
1056	1	2	3	4	5	9	3	-4.62997	-2.47967	-3.51495	-4.88565
1057	2	1	12	3	2	1	5	-2.62695	-2.11067	-3.55181	-4.90052
1058	4	7	10	4	42	51	1	-2.92974	-4.66638	-5.0607	-3.87815
1059	2	4	1	2	2	1	5	-2.77996	-3.65574	-4.14263	-4.20393
1060	2	1	1	3	2	1	5	-4.62235	-3.78054	-6.27635	-7.29054
1061	2	4	1	2	7	1	5	-2.31224	-5.86374	-6.16583	-5.5728
1062	8	10	2	2	11	12	6	-3.95954	-7.4636	-7.92132	-7.82474
1063	2	4	1	2	2	1	5	-2.77996	-3.65574	-4.14263	-4.20393
1064	9	2	4	62	4	5	6	-3.72088	-5.22039	-5.78523	-7.10406
1065	2	4	1	2	2	1	5	-2.77996	-3.65574	-4.14263	-4.20393
1066	4	7	10	4	1	7	1	-1.82288	-3.85283	-2.6772	-1.97855
1067	8	10	2	2	11	12	6	-3.95954	-7.4636	-7.92132	-7.82474
1068	2	4	2	2	6	1	5	-6.09083	-4.82482	-5.8406	-7.75454
1069	2	4	2	2	6	1	5	-6.09083	-4.82482	-5.8406	-7.75454
1070	2	4	2	2	6	1	5	-6.09083	-4.82482	-5.8406	-7.75454
1071	2	4	2	2	6	1	5	-6.09083	-4.82482	-5.8406	-7.75454
1072	2	4	1	2	2	1	5	-2.77996	-3.65574	-4.14263	-4.20393
1073	2	4	1	2	2	1	5	-2.77996	-3.65574	-4.14263	-4.20393
1074	2	1	12	3	2	1	5	-2.62695	-2.11067	-3.55181	-4.90052
1075	2	4	1	2	7	1	5	-2.31224	-5.86374	-6.16583	-5.5728
1076	4	7	10	4	42	51	1	-2.92974	-4.66638	-5.0607	-3.87815
1077	2	4	1	2	2	1	5	-2.77996	-3.65574	-4.14263	-4.20393
1078	8	10	2	2	11	12	6	-3.95954	-7.4636	-7.92132	-7.82474
1079	1	2	3	4	5	9	3	-4.62997	-2.47967	-3.51495	-4.88565
1080	1	2	3	4	5	9	3	-4.62997	-2.47967	-3.51495	-4.88565
1081	10	1	16	19	10	5	7	-6.16144	-2.73833	-4.09491	-5.13507
1082	8	10	2	2	11	12	6	-3.95954	-7.4636	-7.92132	-7.82474
1083	4	7	10	4	1	7	1	-1.82288	-3.85283	-2.6772	-1.97855
1084	2	4	1	2	2	1	5	-2.77996	-3.65574	-4.14263	-4.20393
1085	2	4	1	2	7	1	5	-2.31224	-5.86374	-6.16583	-5.5728
1086	2	1	21	3	2	1	5	-2.93419	-2.48472	-4.37562	-4.58982
1087	2	1	12	3	2	1	5	-2.62695	-2.11067	-3.55181	-4.90052
1088	2	4	2	4	19	3	6	-5.80328	-9.35917	-9.76601	-9.66065
1089	8	10	149	2	11	12	6	-4.88066	-3.96423	-5.5672	-7.17056
1090	8	10	2	2	11	12	6	-3.95954	-7.4636	-7.92132	-7.82474
1091	2	1	12	3	2	1	5	-2.62695	-2.11067	-3.55181	-4.90052
1092	2	1	12	3	2	1	5	-2.62695	-2.11067	-3.55181	-4.90052
1093	2	1	5	3	2	3	5	-4.23199	-3.2467	-5.50503	-4.82624
1094	184	39	30	82	113	43	17	-3.95822	-6.16343	-7.63952	-7.74458
1095	2	1	12	3	2	1	5	-2.62695	-2.11067	-3.55181	-4.90052
1096	2	4	1	2	2	1	5	-2.77996	-3.65574	-4.14263	-4.20393
1097	4	7	10	4	1	7	1	-1.82288	-3.85283	-2.6772	-1.97855
1098	8	10	2	2	11	12	6	-3.95954	-7.4636	-7.92132	-7.82474
1099	4	7	10	4	1	7	1	-1.82288	-3.85283	-2.6772	-1.97855
1100	4	7	10	4	42	51	1	-2.92974	-4.66638	-5.0607	-3.87815
1101	9	25	2	10	22	3	6	-4.46083	-7.89762	-6.33739	-4.4067
1102	9	2	4	62	4	5	6	-3.72088	-5.22039	-5.78523	-7.10406
1103	4	7	10	4	1	7	1	-1.82288	-3.85283	-2.6772	-1.97855
1104	2	4	1	2	7	1	5	-2.31224	-5.86374	-6.16583	-5.5728
1105	4	7	10	4	1	7	1	-1.82288	-3.85283	-2.6772	-1.97855
1106	8	10	2	2	11	12	6	-3.95954	-7.4636	-7.92132	-7.82474
1107	2	4	1	2	2	1	5	-2.77996	-3.65574	-4.14263	-4.20393
1108	4	7	10	4	42	51	1	-2.92974	-4.66638	-5.0607	-3.87815
1109	1	2	3	4	5	9	3	-4.62997	-2.47967	-3.51495	-4.88565
1110	2	1	12	3	2	1	5	-2.62695	-2.11067	-3.55181	-4.90052
1111	2	4	1	2	2	1	5	-2.77996	-3.65574	-4.14263	-4.20393
1112	10	81	50	99	120	76	52	-6.6437	-6.39608	-5.23878	-5.18517
1113	2	4	1	2	2	1	5	-2.77996	-3.65574	-4.14263	-4.20393
1114	4	7	10	4	42	51	1	-2.92974	-4.66638	-5.0607	-3.87815
1115	4	7	10	4	42	51	1	-2.92974	-4.66638	-5.0607	-3.87815
1116	4	7	10	4	1	7	1	-1.82288	-3.85283	-2.6772	-1.97855
1117	3	1	5	10	11	11	6	-9.98743	-6.45791	-9.0268	-10.284
1118	10	81	50	99	120	76	52	-6.6437	-6.39608	-5.23878	-5.18517
1119	2	4	1	2	2	1	5	-2.77996	-3.65574	-4.14263	-4.20393
1120	4	7	10	4	1	7	1	-1.82288	-3.85283	-2.6772	-1.97855
1121	4	7	10	4	1	7	1	-1.82288	-3.85283	-2.6772	-1.97855
1122	4	7	10	4	42	51	1	-2.92974	-4.66638	-5.0607	-3.87815
1123	2	1	12	3	2	1	5	-2.62695	-2.11067	-3.55181	-4.90052
1124	2	4	1	2	2	1	5	-2.77996	-3.65574	-4.14263	-4.20393
1125	2	1	1	3	2	1	5	-4.62235	-3.78054	-6.27635	-7.29054
1126	2	4	1	2	2	1	5	-2.77996	-3.65574	-4.14263	-4.20393
1127	2	4	1	2	2	1	5	-2.77996	-3.65574	-4.14263	-4.20393
1128	2	4	1	2	2	1	5	-2.77996	-3.65574	-4.14263	-4.20393
1129	2	4	1	2	2	1	5	-2.77996	-3.65574	-4.14263	-4.20393
1130	1	2	3	4	5	9	3	-4.62997	-2.47967	-3.51495	-4.88565
1131	8	10	2	2	11	12	6	-3.95954	-7.4636	-7.92132	-7.82474
1132	2	1	21	3	2	1	5	-2.93419	-2.48472	-4.37562	-4.58982
1133	2	4	1	2	2	1	5	-2.77996	-3.65574	-4.14263	-4.20393
1134	2	1	21	3	2	1	5	-2.93419	-2.48472	-4.37562	-4.58982
1135	2	1	21	3	2	1	5	-2.93419	-2.48472	-4.37562	-4.58982
1136	2	4	1	2	2	1	5	-2.77996	-3.65574	-4.14263	-4.20393
1137	1	2	3	4	5	9	3	-4.62997	-2.47967	-3.51495	-4.88565
1138	10	1	16	19	10	5	7	-6.16144	-2.73833	-4.09491	-5.13507
1139	2	1	12	3	2	1	5	-2.62695	-2.11067	-3.55181	-4.90052
1140	7	21	5	62	4	61	44	-7.32645	-3.82177	-5.53807	-7.2795
1141	2	4	1	2	2	1	5	-2.77996	-3.65574	-4.14263	-4.20393
1142	2	1	12	3	2	1	5	-2.62695	-2.11067	-3.55181	-4.90052
1143	2	4	1	2	7	1	5	-2.31224	-5.86374	-6.16583	-5.5728
1144	2	1	5	3	2	3	5	-4.23199	-3.2467	-5.50503	-4.82624
1145	2	1	21	3	2	1	5	-2.93419	-2.48472	-4.37562	-4.58982
1146	2	1	21	3	2	1	5	-2.93419	-2.48472	-4.37562	-4.58982
1147	2	1	21	3	2	1	5	-2.93419	-2.48472	-4.37562	-4.58982
1148	2	1	21	3	2	1	5	-2.93419	-2.48472	-4.37562	-4.58982
1149	2	1	12	3	2	1	5	-2.62695	-2.11067	-3.55181	-4.90052
1150	8	10	2	2	11	12	6	-3.95954	-7.4636	-7.92132	-7.82474
1151	129	66	30	82	189	47	17	-3.24692	-4.90592	-5.81426	-4.22633
1152	1	307	3	4	5	9	3	-6.84631	-6.42018	-6.02662	-8.21898
1153	8	10	2	2	11	12	6	-3.95954	-7.4636	-7.92132	-7.82474
1154	2	4	2	2	6	1	5	-6.09083	-4.82482	-5.8406	-7.75454
1155	1	4	2	2	6	3	17	-4.63872	-2.44092	-4.46485	-5.47971
1156	2	4	1	2	2	1	5	-2.77996	-3.65574	-4.14263	-4.20393
1157	8	10	2	2	11	12	6	-3.95954	-7.4636	-7.92132	-7.82474
1158	2	4	2	2	6	1	5	-6.09083	-4.82482	-5.8406	-7.75454
1159	2	1	21	3	2	1	5	-2.93419	-2.48472	-4.37562	-4.58982
1160	2	4	5	2	2	5	5	-3.6774	-7.21436	-7.25682	-6.0947
1161	7	21	5	62	4	61	44	-7.32645	-3.82177	-5.53807	-7.2795
1162	2	1	12	3	2	1	5	-2.62695	-2.11067	-3.55181	-4.90052
1163	10	27	16	19	10	5	7	-20.3374	-12.8883	-16.2247	-17.1773
1164	33	283	44	82	189	44	17	-6.89869	-3.46272	-5.32436	-5.95176
1165	9	25	2	10	22	3	6	-4.46083	-7.89762	-6.33739	-4.4067
1166	7	21	5	62	4	61	44	-7.32645	-3.82177	-5.53807	-7.2795
1167	2	1	5	3	2	3	5	-4.23199	-3.2467	-5.50503	-4.82624
1168	2	1	5	3	2	3	5	-4.23199	-3.2467	-5.50503	-4.82624
1169	9	25	2	10	22	3	6	-4.46083	-7.89762	-6.33739	-4.4067
1170	2	1	5	3	2	3	5	-4.23199	-3.2467	-5.50503	-4.82624
1171	2	4	1	2	2	1	5	-2.77996	-3.65574	-4.14263	-4.20393
1172	129	66	30	82	189	47	17	-3.24692	-4.90592	-5.81426	-4.22633
1173	2	4	1	2	2	1	5	-2.77996	-3.65574	-4.14263	-4.20393
1174	2	1	5	3	2	3	5	-4.23199	-3.2467	-5.50503	-4.82624
1175	2	1	12	3	2	1	5	-2.62695	-2.11067	-3.55181	-4.90052
1176	2	4	1	2	2	1	5	-2.77996	-3.65574	-4.14263	-4.20393
1177	1	4	2	2	6	3	17	-4.63872	-2.44092	-4.46485	-5.47971
1178	2	1	12	3	2	1	5	-2.62695	-2.11067	-3.55181	-4.90052
1179	1	4	2	2	446	3	17	-9.04177	-6.13483	-8.08638	-7.60631
1180	2	1	5	88	2	11	5	-8.78134	-5.33908	-5.93914	-8.05381
1181	2	4	2	2	6	1	5	-6.09083	-4.82482	-5.8406	-7.75454
1182	9	25	2	10	22	3	6	-4.46083	-7.89762	-6.33739	-4.4067
1183	2	1	5	3	2	3	5	-4.23199	-3.2467	-5.50503	-4.82624
1184	7	21	5	62	4	61	44	-7.32645	-3.82177	-5.53807	-7.2795
1185	1	2	3	4	5	9	3	-4.62997	-2.47967	-3.51495	-4.88565
1186	2	4	1	2	2	1	5	-2.77996	-3.65574	-4.14263	-4.20393
1187	7	21	5	62	4	61	44	-7.32645	-3.82177	-5.53807	-7.2795
1188	33	39	30	82	104	173	68	-5.39034	-3.97074	-6.49396	-7.61552
1189	1	4	2	2	6	3	17	-4.63872	-2.44092	-4.46485	-5.47971
1190	2	1	21	3	2	1	5	-2.93419	-2.48472	-4.37562	-4.58982
1191	4	7	10	4	1	7	1	-1.82288	-3.85283	-2.6772	-1.97855
1192	2	1	5	3	2	5	5	-5.54795	-2.82261	-3.99522	-5.44115
1193	1	4	2	2	6	3	17	-4.63872	-2.44092	-4.46485	-5.47971
1194	2	4	1	2	2	1	5	-2.77996	-3.65574	-4.14263	-4.20393
1195	2	4	1	2	2	1	5	-2.77996	-3.65574	-4.14263	-4.20393
1196	2	1	12	3	2	1	5	-2.62695	-2.11067	-3.55181	-4.90052
1197	2	1	6	3	2	3	5	-7.65957	-6.94656	-8.94369	-6.5679
1198	4	7	10	4	1	7	1	-1.82288	-3.85283	-2.6772	-1.97855
1199	2	4	1	2	7	1	5	-2.31224	-5.86374	-6.16583	-5.5728
1200	2	1	1	3	2	1	5	-4.62235	-3.78054	-6.27635	-7.29054
1201	2	4	1	2	2	1	5	-2.77996	-3.65574	-4.14263	-4.20393
1202	7	2	5	2	10	3	6	-31.7924	-27.8883	-29.8751	-28.8942
1203	2	1	21	3	2	1	5	-2.93419	-2.48472	-4.37562	-4.58982
1204	2	4	1	2	7	1	5	-2.31224	-5.86374	-6.16583	-5.5728
1205	4	7	10	4	1	7	1	-1.82288	-3.85283	-2.6772	-1.97855
1206	2	4	1	2	7	1	5	-2.31224	-5.86374	-6.16583	-5.5728
1207	2	4	1	2	2	1	5	-2.77996	-3.65574	-4.14263	-4.20393
1208	1	4	2	2	6	3	17	-4.63872	-2.44092	-4.46485	-5.47971
1209	2	4	1	2	2	1	5	-2.77996	-3.65574	-4.14263	-4.20393
1210	2	4	1	2	2	1	5	-2.77996	-3.65574	-4.14263	-4.20393
1211	74	10	2	2	11	12	6	-8.37208	-11.1917	-11.5632	-9.96777
1212	1	2	3	4	5	9	3	-4.62997	-2.47967	-3.51495	-4.88565
1213	2	1	5	3	2	3	5	-4.23199	-3.2467	-5.50503	-4.82624
1214	4	7	10	4	1	7	1	-1.82288	-3.85283	-2.6772	-1.97855
1215	2	4	2	2	6	1	5	-6.09083	-4.82482	-5.8406	-7.75454
1216	2	1	12	3	2	1	5	-2.62695	-2.11067	-3.55181	-4.90052
1217	2	1	21	3	2	1	5	-2.93419	-2.48472	-4.37562	-4.58982
1218	2	4	1	2	2	1	5	-2.77996	-3.65574	-4.14263	-4.20393
1219	2	1	21	3	2	1	5	-2.93419	-2.48472	-4.37562	-4.58982
1220	4	7	10	4	1	7	1	-1.82288	-3.85283	-2.6772	-1.97855
1221	2	1	21	3	2	1	5	-2.93419	-2.48472	-4.37562	-4.58982
1222	2	4	1	2	2	1	5	-2.77996	-3.65574	-4.14263	-4.20393
1223	4	7	10	4	1	7	1	-1.82288	-3.85283	-2.6772	-1.97855
1224	2	4	1	2	2	1	5	-2.77996	-3.65574	-4.14263	-4.20393
1225	4	7	10	4	1	7	1	-1.82288	-3.85283	-2.6772	-1.97855
1226	4	7	10	4	42	51	1	-2.92974	-4.66638	-5.0607	-3.87815
1227	4	7	10	4	42	7	1	-6.51592	-9.17099	-5.66383	-4.68257
1228	2	4	1	2	2	1	5	-2.77996	-3.65574	-4.14263	-4.20393
1229	2	1	5	3	2	3	5	-4.23199	-3.2467	-5.50503	-4.82624
1230	10	81	50	99	120	76	52	-6.6437	-6.39608	-5.23878	-5.18517
1231	2	4	1	2	7	1	5	-2.31224	-5.86374	-6.16583	-5.5728
1232	2	4	1	2	7	1	5	-2.31224	-5.86374	-6.16583	-5.5728
1233	4	7	10	4	1	7	1	-1.82288	-3.85283	-2.6772	-1.97855
1234	1	4	2	2	6	3	17	-4.63872	-2.44092	-4.46485	-5.47971
1235	4	7	10	4	1	7	1	-1.82288	-3.85283	-2.6772	-1.97855
1236	2	4	1	2	2	1	5	-2.77996	-3.65574	-4.14263	-4.20393
1237	4	7	10	4	1	7	1	-1.82288	-3.85283	-2.6772	-1.97855
1238	4	7	10	4	42	51	1	-2.92974	-4.66638	-5.0607	-3.87815
1239	1	307	3	4	5	9	3	-6.84631	-6.42018	-6.02662	-8.21898
1240	2	4	2	2	6	1	5	-6.09083	-4.82482	-5.8406	-7.75454
1241	8	10	149	2	11	12	6	-4.88066	-3.96423	-5.5672	-7.17056
1242	2	1	12	3	2	1	5	-2.62695	-2.11067	-3.55181	-4.90052
1243	2	4	1	2	2	1	5	-2.77996	-3.65574	-4.14263	-4.20393
1244	2	4	1	2	2	1	5	-2.77996	-3.65574	-4.14263	-4.20393
1245	2	4	1	2	2	1	5	-2.77996	-3.65574	-4.14263	-4.20393
1246	4	7	10	4	42	51	1	-2.92974	-4.66638	-5.0607	-3.87815
1247	2	4	1	2	2	1	5	-2.77996	-3.65574	-4.14263	-4.20393
1248	2	4	1	2	2	1	5	-2.77996	-3.65574	-4.14263	-4.20393
1249	2	1	12	88	2	1	5	-3.95087	-3.42509	-5.74047	-5.39968
1250	1	4	2	2	6	3	17	-4.63872	-2.44092	-4.46485	-5.47971
1251	9	2	4	62	4	5	6	-3.72088	-5.22039	-5.78523	-7.10406
1252	2	4	1	2	7	1	5	-2.31224	-5.86374	-6.16583	-5.5728
1253	2	4	5	2	2	5	5	-3.6774	-7.21436	-7.25682	-6.0947
1254	2	1	21	3	2	1	5	-2.93419	-2.48472	-4.37562	-4.58982
1255	1	4	2	2	6	3	17	-4.63872	-2.44092	-4.46485	-5.47971
1256	2	1	21	3	2	1	5	-2.93419	-2.48472	-4.37562	-4.58982
1257	2	4	1	2	2	5	5	-6.82236	-6.39948	-8.79195	-9.69201
1258	2	1	12	3	2	1	5	-2.62695	-2.11067	-3.55181	-4.90052
1259	2	4	2	2	6	1	5	-6.09083	-4.82482	-5.8406	-7.75454
1260	2	4	1	2	2	1	5	-2.77996	-3.65574	-4.14263	-4.20393
1261	2	4	1	2	2	1	5	-2.77996	-3.65574	-4.14263	-4.20393
1262	1	307	3	4	5	9	3	-6.84631	-6.42018	-6.02662	-8.21898
1263	9	25	2	10	22	3	6	-4.46083	-7.89762	-6.33739	-4.4067
1264	2	1	1	380	2	1	5	-6.1609	-5.73007	-8.18152	-9.10362
1265	2	4	1	2	2	1	5	-2.77996	-3.65574	-4.14263	-4.20393
1266	2	4	1	2	2	1	5	-2.77996	-3.65574	-4.14263	-4.20393
1267	2	1	12	3	2	1	5	-2.62695	-2.11067	-3.55181	-4.90052
1268	1	2	3	4	5	9	3	-4.62997	-2.47967	-3.51495	-4.88565
1269	2	4	1	2	2	1	5	-2.77996	-3.65574	-4.14263	-4.20393
1270	2	4	1	2	2	1	5	-2.77996	-3.65574	-4.14263	-4.20393
1271	2	4	1	2	2	1	5	-2.77996	-3.65574	-4.14263	-4.20393
1272	1	2	3	4	5	9	3	-4.62997	-2.47967	-3.51495	-4.88565
1273	9	2	2	212	309	253	147	-28.727	-25.6885	-26.9445	-19.7501
1274	2	1	21	3	2	1	5	-2.93419	-2.48472	-4.37562	-4.58982
1275	47	2	4	2	6	5	17	-11.1067	-10.4469	-6.09325	-8.45236
1276	1	2	3	4	5	9	3	-4.62997	-2.47967	-3.51495	-4.88565
1277	2	4	1	2	2	1	5	-2.77996	-3.65574	-4.14263	-4.20393
1278	2	4	1	2	2	1	5	-2.77996	-3.65574	-4.14263	-4.20393
1279	9	2	4	62	4	5	6	-3.72088	-5.22039	-5.78523	-7.10406
1280	2	1	12	3	2	1	5	-2.62695	-2.11067	-3.55181	-4.90052
1281	2	4	1	2	2	1	5	-2.77996	-3.65574	-4.14263	-4.20393
1282	2	4	1	2	7	1	5	-2.31224	-5.86374	-6.16583	-5.5728
1283	7	17	2	15	23	3	12	-6.90592	-10.466	-10.871	-10.7714
1284	2	1	1	3	2	1	5	-4.62235	-3.78054	-6.27635	-7.29054
1285	2	1	12	3	2	1	5	-2.62695	-2.11067	-3.55181	-4.90052
1286	2	4	1	2	2	1	5	-2.77996	-3.65574	-4.14263	-4.20393
1287	2	1	5	3	2	3	5	-4.23199	-3.2467	-5.50503	-4.82624
1288	2	4	1	2	2	1	5	-2.77996	-3.65574	-4.14263	-4.20393
1289	2	4	1	2	2	1	5	-2.77996	-3.65574	-4.14263	-4.20393
1290	1	4	2	2	6	3	17	-4.63872	-2.44092	-4.46485	-5.47971
1291	2	1	2	3	2	3	5	-3.76394	-7.21443	-7.72214	-7.6129
1292	2	1	5	3	2	3	5	-4.23199	-3.2467	-5.50503	-4.82624
1293	1	2	3	3	5	9	3	-11.8241	-8.02986	-10.1571	-11.9437
1294	4	7	10	4	42	51	1	-2.92974	-4.66638	-5.0607	-3.87815
1295	1	4	2	2	6	3	17	-4.63872	-2.44092	-4.46485	-5.47971
1296	2	1	5	3	2	3	5	-4.23199	-3.2467	-5.50503	-4.82624
1297	4	7	10	4	1	7	1	-1.82288	-3.85283	-2.6772	-1.97855
1298	2	4	1	2	2	1	5	-2.77996	-3.65574	-4.14263	-4.20393
1299	4	7	10	4	1	7	1	-1.82288	-3.85283	-2.6772	-1.97855
1300	2	1	21	3	2	1	5	-2.93419	-2.48472	-4.37562	-4.58982
1301	2	4	1	2	2	1	5	-2.77996	-3.65574	-4.14263	-4.20393
1302	4	7	10	4	1	7	1	-1.82288	-3.85283	-2.6772	-1.97855
1303	2	4	1	2	2	1	5	-2.77996	-3.65574	-4.14263	-4.20393
1304	2	1	5	3	2	5	5	-5.54795	-2.82261	-3.99522	-5.44115
1305	2	4	1	2	2	1	5	-2.77996	-3.65574	-4.14263	-4.20393
1306	2	1	21	3	2	1	5	-2.93419	-2.48472	-4.37562	-4.58982
1307	2	1	5	3	2	5	5	-5.54795	-2.82261	-3.99522	-5.44115
1308	1	4	2	2	6	3	17	-4.63872	-2.44092	-4.46485	-5.47971
1309	1	4	2	2	6	3	17	-4.63872	-2.44092	-4.46485	-5.47971
1310	2	1	5	3	2	3	5	-4.23199	-3.2467	-5.50503	-4.82624
1311	1	4	2	2	6	3	17	-4.63872	-2.44092	-4.46485	-5.47971
1312	2	4	1	2	2	1	5	-2.77996	-3.65574	-4.14263	-4.20393
1313	2	1	12	88	2	1	5	-3.95087	-3.42509	-5.74047	-5.39968
1314	2	1	5	3	2	3	5	-4.23199	-3.2467	-5.50503	-4.82624
1315	2	4	5	2	2	1	5	-6.17776	-9.18823	-9.42002	-9.63414
1316	2	4	1	2	2	1	5	-2.77996	-3.65574	-4.14263	-4.20393
1317	1	4	2	2	6	3	17	-4.63872	-2.44092	-4.46485	-5.47971
1318	2	1	21	3	2	1	5	-2.93419	-2.48472	-4.37562	-4.58982
1319	4	7	10	4	1	7	1	-1.82288	-3.85283	-2.6772	-1.97855
1320	1	2	3	4	5	9	3	-4.62997	-2.47967	-3.51495	-4.88565
1321	2	4	1	2	7	1	5	-2.31224	-5.86374	-6.16583	-5.5728
1322	4	7	10	4	1	7	1	-1.82288	-3.85283	-2.6772	-1.97855
1323	4	7	10	4	1	7	1	-1.82288	-3.85283	-2.6772	-1.97855
1324	1	4	2	2	6	3	17	-4.63872	-2.44092	-4.46485	-5.47971
1325	2	4	1	2	7	1	5	-2.31224	-5.86374	-6.16583	-5.5728
1326	4	7	10	4	1	7	1	-1.82288	-3.85283	-2.6772	-1.97855
1327	8	10	2	2	11	12	6	-3.95954	-7.4636	-7.92132	-7.82474
1328	969	7	10	4	1	7	1	-6.1584	-7.56391	-6.31698	-4.12341
1329	4	7	10	4	1	7	1	-1.82288	-3.85283	-2.6772	-1.97855
1330	10	27	16	942	10	5	7	-24.7499	-16.6171	-19.8669	-19.3202
1331	10	27	16	941	10	5	7	-24.7499	-16.6171	-19.8669	-19.3202
1332	4	7	10	4	1	7	1	-1.82288	-3.85283	-2.6772	-1.97855
1333	4	7	10	4	1	7	1	-1.82288	-3.85283	-2.6772	-1.97855
1334	129	66	30	82	189	47	17	-3.24692	-4.90592	-5.81426	-4.22633
1335	4	7	10	4	1	7	1	-1.82288	-3.85283	-2.6772	-1.97855
1336	4	7	10	4	1	7	1	-1.82288	-3.85283	-2.6772	-1.97855
1337	2	4	1	2	2	1	5	-2.77996	-3.65574	-4.14263	-4.20393
1338	2	1	2	3	2	3	5	-3.76394	-7.21443	-7.72214	-7.6129
1339	10	27	16	19	10	5	7	-20.3374	-12.8883	-16.2247	-17.1773
1340	2	4	1	2	2	1	5	-2.77996	-3.65574	-4.14263	-4.20393
1341	33	39	30	82	104	173	68	-5.39034	-3.97074	-6.49396	-7.61552
1342	1	4	2	2	6	3	17	-4.63872	-2.44092	-4.46485	-5.47971
1343	2	1	5	3	2	5	5	-5.54795	-2.82261	-3.99522	-5.44115
1344	2	1	12	3	2	1	5	-2.62695	-2.11067	-3.55181	-4.90052
1345	8	10	2	2	11	12	6	-3.95954	-7.4636	-7.92132	-7.82474
1346	2	1	1	3	2	1	5	-4.62235	-3.78054	-6.27635	-7.29054
1347	1	4	2	2	6	3	17	-4.63872	-2.44092	-4.46485	-5.47971
1348	7	2	2	2	11	12	6	-4.50615	-8.06576	-8.47123	-8.37153
1349	9	2	4	62	4	5	6	-3.72088	-5.22039	-5.78523	-7.10406
1350	2	1	21	3	2	1	5	-2.93419	-2.48472	-4.37562	-4.58982
1351	9	7	10	4	1	7	1	-10.3571	-12.3511	-11.8492	-9.99857
1352	2	1	12	3	920	1	5	-7.03999	-5.83028	-7.19108	-7.03999
1353	239	27	16	19	10	5	7	-9.98891	-6.46054	-9.02963	-10.2874
1354	7	17	2	15	23	3	12	-6.90592	-10.466	-10.871	-10.7714
1355	1	4	2	2	6	3	17	-4.63872	-2.44092	-4.46485	-5.47971
1356	1	6	60	24	12	28	1	-31.0842	-29.6722	-23.6562	-17.5099
1357	2	4	5	2	10	1	5	-6.89927	-10.4472	-10.8597	-10.759
1358	10	81	50	99	120	76	52	-6.6437	-6.39608	-5.23878	-5.18517
1359	4	7	10	4	1	7	1	-1.82288	-3.85283	-2.6772	-1.97855
1360	2	1	5	3	2	5	5	-5.54795	-2.82261	-3.99522	-5.44115
1361	4	7	10	1	1	7	1	-5.27328	-8.62673	-5.95339	-6.17542
1362	2	4	5	2	10	1	5	-6.89927	-10.4472	-10.8597	-10.759
1363	2	1	21	3	2	1	5	-2.93419	-2.48472	-4.37562	-4.58982
1364	2	1	21	3	2	1	5	-2.93419	-2.48472	-4.37562	-4.58982
1365	2	4	1	2	2	1	5	-2.77996	-3.65574	-4.14263	-4.20393
1366	2	4	2	2	6	1	5	-6.09083	-4.82482	-5.8406	-7.75454
1367	2	4	1	2	7	1	5	-2.31224	-5.86374	-6.16583	-5.5728
1368	2	4	1	2	2	1	5	-2.77996	-3.65574	-4.14263	-4.20393
1369	2	4	1	2	2	1	5	-2.77996	-3.65574	-4.14263	-4.20393
1370	4	7	10	4	1	7	1	-1.82288	-3.85283	-2.6772	-1.97855
1371	4	7	10	4	42	51	1	-2.92974	-4.66638	-5.0607	-3.87815
1372	2	1	5	3	2	3	5	-4.23199	-3.2467	-5.50503	-4.82624
1373	2	1	12	3	2	1	5	-2.62695	-2.11067	-3.55181	-4.90052
1374	2	1	1	3	2	1	5	-4.62235	-3.78054	-6.27635	-7.29054
1375	2	4	1	2	2	1	5	-2.77996	-3.65574	-4.14263	-4.20393
1376	4	7	10	4	1	7	1	-1.82288	-3.85283	-2.6772	-1.97855
1377	10	1	16	19	10	5	7	-6.16144	-2.73833	-4.09491	-5.13507
1378	2	4	1	2	7	1	5	-2.31224	-5.86374	-6.16583	-5.5728
1379	2	4	1	2	2	1	5	-2.77996	-3.65574	-4.14263	-4.20393
1380	10	81	50	99	120	76	52	-6.6437	-6.39608	-5.23878	-5.18517
1381	2	1	12	3	2	1	5	-2.62695	-2.11067	-3.55181	-4.90052
1382	2	4	1	2	2	1	5	-2.77996	-3.65574	-4.14263	-4.20393
1383	2	4	1	2	7	1	5	-2.31224	-5.86374	-6.16583	-5.5728
1384	1	2	3	4	5	9	3	-4.62997	-2.47967	-3.51495	-4.88565
1385	8	10	2	2	11	12	6	-3.95954	-7.4636	-7.92132	-7.82474
1386	1	4	2	2	6	3	17	-4.63872	-2.44092	-4.46485	-5.47971
1387	2	4	1	2	2	1	5	-2.77996	-3.65574	-4.14263	-4.20393
1388	2	4	1	2	2	1	5	-2.77996	-3.65574	-4.14263	-4.20393
1389	10	7	10	4	1	7	1	-12.4198	-10.9217	-10.3761	-9.0248
1390	2	1	21	3	2	1	5	-2.93419	-2.48472	-4.37562	-4.58982
1391	2	1	21	3	2	1	5	-2.93419	-2.48472	-4.37562	-4.58982
1392	10	1	16	19	10	5	7	-6.16144	-2.73833	-4.09491	-5.13507
1393	2	1	5	3	2	3	5	-4.23199	-3.2467	-5.50503	-4.82624
1394	2	1	5	3	2	3	5	-4.23199	-3.2467	-5.50503	-4.82624
1395	2	4	1	2	2	5	5	-6.82236	-6.39948	-8.79195	-9.69201
1396	2	4	1	2	7	1	5	-2.31224	-5.86374	-6.16583	-5.5728
1397	10	1	16	19	10	5	7	-6.16144	-2.73833	-4.09491	-5.13507
1398	2	4	1	2	7	1	5	-2.31224	-5.86374	-6.16583	-5.5728
1399	2	934	1	2	2	1	5	-7.11496	-7.37772	-7.7792	-6.34097
