Isolate	Loci0	Loci1	Loci2	Loci3	Loci4	Loci5	Loci6	Source0	Source1	Source2	Source3
0	1	2	3	4	5	9	3	-4.78157	-2.47735	-3.57049	-4.88631
1	4	7	10	4	1	7	1	-1.83378	-3.8391	-2.70924	-1.91261
2	2	4	1	2	2	1	5	-2.78963	-3.65941	-4.19931	-4.05307
3	2	4	1	2	2	1	5	-2.78963	-3.65941	-4.19931	-4.05307
4	9	25	2	10	22	3	6	-4.47723	-7.9617	-6.23681	-4.34203
5	4	7	10	4	1	7	1	-1.83378	-3.8391	-2.70924	-1.91261
6	4	7	10	4	1	7	1	-1.83378	-3.8391	-2.70924	-1.91261
7	4	7	10	4	42	51	1	-2.94117	-4.67914	-5.05696	-3.76451
8	2	4	1	2	2	1	5	-2.78963	-3.65941	-4.19931	-4.05307
9	10	81	50	99	120	76	52	-6.67869	-6.3581	-5.30014	-5.15497
10	2	1	21	3	2	1	5	-2.96546	-2.48942	-4.38138	-4.42326
11	2	1	21	3	2	1	5	-2.96546	-2.48942	-4.38138	-4.42326
12	9	25	2	10	22	3	6	-4.47723	-7.9617	-6.23681	-4.34203
13	2	1	21	3	2	1	5	-2.96546	-2.48942	-4.38138	-4.42326
14	10	27	16	19	10	5	7	-21.0413	-13.0034	-15.8555	-17.3933
15	2	4	1	2	2	1	5	-2.78963	-3.65941	-4.19931	-4.05307
16	2	4	1	2	2	1	5	-2.78963	-3.65941	-4.19931	-4.05307
17	9	2	4	62	4	5	6	-3.73331	-5.22939	-5.87545	-6.41084
18	9	53	2	53	11	3	3	-30.1728	-27.3977	-25.4361	-25.8563
19	2	4	1	2	2	1	5	-2.78963	-3.65941	-4.19931	-4.05307
20	2	4	1	2	2	1	5	-2.78963	-3.65941	-4.19931	-4.05307
21	4	7	10	4	1	7	1	-1.83378	-3.8391	-2.70924	-1.91261
22	2	4	1	2	2	1	5	-2.78963	-3.65941	-4.19931	-4.05307
23	1	4	2	2	6	3	17	-4.80933	-2.44227	-4.46701	-5.45492
24	4	7	10	4	1	7	1	-1.83378	-3.8391	-2.70924	-1.91261
25	2	1	21	3	2	1	5	-2.96546	-2.48942	-4.38138	-4.42326
26	8	10	2	2	11	12	6	-3.96836	-7.58178	-8.10875	-6.83727
27	2	4	2	2	6	1	5	-6.15068	-4.82417	-5.90287	-7.67543
28	2	1	12	3	2	1	5	-2.65803	-2.11417	-3.59737	-4.65154
29	2	4	1	2	2	1	5	-2.78963	-3.65941	-4.19931	-4.05307
30	4	7	10	4	1	7	1	-1.83378	-3.8391	-2.70924	-1.91261
31	10	1	16	19	10	5	7	-6.85223	-2.73731	-4.13715	-5.15332
32	1	2	3	4	5	9	3	-4.78157	-2.47735	-3.57049	-4.88631
33	2	4	1	2	2	1	5	-2.78963	-3.65941	-4.19931	-4.05307
34	2	4	1	2	2	1	5	-2.78963	-3.65941	-4.19931	-4.05307
35	2	4	1	2	2	1	5	-2.78963	-3.65941	-4.19931	-4.05307
36	4	7	10	4	1	7	1	-1.83378	-3.8391	-2.70924	-1.91261
37	129	66	30	82	189	47	17	-3.26136	-4.92118	-5.76314	-4.10879
38	2	1	12	3	357	1	5	-7.00535	-5.92164	-6.14927	-7.71129
39	9	2	4	62	4	5	6	-3.73331	-5.22939	-5.87545	-6.41084
40	2	1	1	3	2	1	5	-4.65957	-3.78594	-6.23801	-6.94236
41	2	1	12	3	357	1	5	-7.00535	-5.92164	-6.14927	-7.71129
42	2	1	5	3	2	3	5	-4.28603	-3.25119	-5.44205	-4.7498
43	2	1	5	3	2	3	5	-4.28603	-3.25119	-5.44205	-4.7498
44	2	4	1	2	2	1	5	-2.78963	-3.65941	-4.19931	-4.05307
45	2	4	1	2	2	1	5	-2.78963	-3.65941	-4.19931	-4.05307
46	2	4	2	2	6	1	5	-6.15068	-4.82417	-5.90287	-7.67543
47	1	4	2	2	6	3	17	-4.80933	-2.44227	-4.46701	-5.45492
48	2	1	21	3	2	1	5	-2.96546	-2.48942	-4.38138	-4.42326
49	2	1	2	3	2	3	5	-3.76977	-7.33526	-7.90582	-6.63261
50	2	1	21	3	2	1	5	-2.96546	-2.48942	-4.38138	-4.42326
51	7	17	2	15	23	3	12	-6.91608	-10.584	-11.0615	-9.78361
52	2	4	1	2	7	1	5	-2.31703	-5.98228	-6.31365	-4.91115
53	9	2	4	62	4	5	6	-3.73331	-5.22939	-5.87545	-6.41084
54	2	4	1	2	7	1	5	-2.31703	-5.98228	-6.31365	-4.91115
55	9	2	4	62	4	5	6	-3.73331	-5.22939	-5.87545	-6.41084
56	2	1	12	88	2	1	5	-3.98563	-3.43015	-5.69547	-5.25436
57	2	1	5	3	2	3	5	-4.28603	-3.25119	-5.44205	-4.7498
58	2	4	1	2	2	1	5	-2.78963	-3.65941	-4.19931	-4.05307
59	9	2	4	62	4	5	6	-3.73331	-5.22939	-5.87545	-6.41084
60	2	1	5	3	2	3	5	-4.28603	-3.25119	-5.44205	-4.7498
61	2	4	1	2	2	1	5	-2.78963	-3.65941	-4.19931	-4.05307
62	2	4	1	2	2	1	5	-2.78963	-3.65941	-4.19931	-4.05307
63	2	4	1	2	2	1	5	-2.78963	-3.65941	-4.19931	-4.05307
64	2	4	1	2	2	1	5	-2.78963	-3.65941	-4.19931	-4.05307
65	2	4	1	2	2	1	5	-2.78963	-3.65941	-4.19931	-4.05307
66	2	4	1	2	2	1	5	-2.78963	-3.65941	-4.19931	-4.05307
67	1	2	215	4	90	24	8	-30.6257	-28.2159	-21.395	-22.2575
68	2	4	1	2	2	1	5	-2.78963	-3.65941	-4.19931	-4.05307
69	1	2	3	4	5	9	3	-4.78157	-2.47735	-3.57049	-4.88631
70	2	4	1	2	2	1	5	-2.78963	-3.65941	-4.19931	-4.05307
71	2	4	1	2	2	1	5	-2.78963	-3.65941	-4.19931	-4.05307
72	9	25	2	10	22	3	6	-4.47723	-7.9617	-6.23681	-4.34203
73	2	15	4	48	360	25	23	-6.66272	-8.98272	-5.77674	-4.90415
74	2	4	1	2	2	1	5	-2.78963	-3.65941	-4.19931	-4.05307
75	2	1	12	88	2	1	5	-3.98563	-3.43015	-5.69547	-5.25436
76	2	4	2	2	6	1	5	-6.15068	-4.82417	-5.90287	-7.67543
77	10	1	16	19	10	5	7	-6.85223	-2.73731	-4.13715	-5.15332
78	2	4	1	2	2	1	5	-2.78963	-3.65941	-4.19931	-4.05307
79	2	1	12	3	2	1	5	-2.65803	-2.11417	-3.59737	-4.65154
80	2	4	1	2	2	1	5	-2.78963	-3.65941	-4.19931	-4.05307
81	2	4	1	2	2	1	5	-2.78963	-3.65941	-4.19931	-4.05307
82	1	4	2	2	6	3	17	-4.80933	-2.44227	-4.46701	-5.45492
83	10	1	16	19	10	5	7	-6.85223	-2.73731	-4.13715	-5.15332
84	8	10	149	2	11	12	6	-4.93065	-3.9645	-5.60768	-6.94799
85	2	4	1	2	2	1	5	-2.78963	-3.65941	-4.19931	-4.05307
86	2	4	1	2	7	1	5	-2.31703	-5.98228	-6.31365	-4.91115
87	32	39	30	82	104	324	17	-9.06941	-4.66961	-7.1852	-8.5849
88	1	2	3	4	5	9	3	-4.78157	-2.47735	-3.57049	-4.88631
89	2	1	5	3	2	3	5	-4.28603	-3.25119	-5.44205	-4.7498
90	2	4	1	2	2	1	5	-2.78963	-3.65941	-4.19931	-4.05307
91	2	4	1	2	7	1	5	-2.31703	-5.98228	-6.31365	-4.91115
92	4	7	10	4	1	7	1	-1.83378	-3.8391	-2.70924	-1.91261
93	2	1	2	3	2	3	5	-3.76977	-7.33526	-7.90582	-6.63261
94	2	1	12	3	2	1	5	-2.65803	-2.11417	-3.59737	-4.65154
95	2	1	21	3	2	1	5	-2.96546	-2.48942	-4.38138	-4.42326
96	2	1	21	3	2	1	5	-2.96546	-2.48942	-4.38138	-4.42326
97	9	2	5	2	11	3	1	-28.1176	-32.5801	-28.8844	-26.054
98	4	7	10	4	1	7	1	-1.83378	-3.8391	-2.70924	-1.91261
99	2	1	2	3	2	3	5	-3.76977	-7.33526	-7.90582	-6.63261
100	2	1	21	3	2	1	5	-2.96546	-2.48942	-4.38138	-4.42326
101	4	7	10	4	1	7	1	-1.83378	-3.8391	-2.70924	-1.91261
102	2	1	21	3	2	1	5	-2.96546	-2.48942	-4.38138	-4.42326
103	1	4	2	2	6	3	17	-4.80933	-2.44227	-4.46701	-5.45492
104	2	4	5	2	10	1	5	-6.9049	-10.5673	-11.0455	-9.77188
105	2	1	12	88	2	1	5	-3.98563	-3.43015	-5.69547	-5.25436
106	9	2	4	62	4	5	6	-3.73331	-5.22939	-5.87545	-6.41084
107	2	165	73	147	220	190	104	-8.56273	-10.4252	-7.17478	-5.23589
108	2	1	21	3	2	1	5	-2.96546	-2.48942	-4.38138	-4.42326
109	2	4	1	2	2	1	5	-2.78963	-3.65941	-4.19931	-4.05307
110	2	1	12	3	11	1	6	-18.1307	-18.0149	-20.5326	-20.6511
111	2	1	2	3	2	3	5	-3.76977	-7.33526	-7.90582	-6.63261
112	2	4	1	2	7	1	5	-2.31703	-5.98228	-6.31365	-4.91115
113	2	1	2	3	2	3	5	-3.76977	-7.33526	-7.90582	-6.63261
114	2	1	21	3	2	1	5	-2.96546	-2.48942	-4.38138	-4.42326
115	2	4	1	2	7	1	5	-2.31703	-5.98228	-6.31365	-4.91115
116	33	39	30	82	113	43	17	-9.811	-6.42087	-6.13218	-8.40885
117	2	4	1	2	2	1	5	-2.78963	-3.65941	-4.19931	-4.05307
118	2	4	1	2	2	1	5	-2.78963	-3.65941	-4.19931	-4.05307
119	2	4	1	2	2	1	5	-2.78963	-3.65941	-4.19931	-4.05307
120	2	4	1	2	7	1	5	-2.31703	-5.98228	-6.31365	-4.91115
121	4	7	10	1	1	7	1	-5.27903	-8.53332	-6.0271	-6.07585
122	2	1	12	3	2	1	5	-2.65803	-2.11417	-3.59737	-4.65154
123	2	4	1	2	2	1	5	-2.78963	-3.65941	-4.19931	-4.05307
124	2	4	1	2	2	1	5	-2.78963	-3.65941	-4.19931	-4.05307
125	2	4	1	2	7	1	5	-2.31703	-5.98228	-6.31365	-4.91115
126	2	4	1	2	2	1	5	-2.78963	-3.65941	-4.19931	-4.05307
127	2	4	1	2	2	1	5	-2.78963	-3.65941	-4.19931	-4.05307
128	2	1	12	88	2	1	5	-3.98563	-3.43015	-5.69547	-5.25436
129	2	1	12	3	2	1	5	-2.65803	-2.11417	-3.59737	-4.65154
130	2	1	12	3	2	1	5	-2.65803	-2.11417	-3.59737	-4.65154
131	2	4	1	2	7	1	5	-2.31703	-5.98228	-6.31365	-4.91115
132	2	1	21	3	2	1	5	-2.96546	-2.48942	-4.38138	-4.42326
133	2	1	21	3	2	1	5	-2.96546	-2.48942	-4.38138	-4.42326
134	2	4	5	2	2	5	5	-3.68346	-7.33023	-7.3282	-5.74157
135	2	1	21	3	2	1	5	-2.96546	-2.48942	-4.38138	-4.42326
136	1	4	2	2	6	3	1	-11.1801	-10.2457	-10.4795	-10.9313
137	2	1	5	3	2	3	5	-4.28603	-3.25119	-5.44205	-4.7498
138	2	1	5	3	2	3	5	-4.28603	-3.25119	-5.44205	-4.7498
139	4	7	10	4	1	7	1	-1.83378	-3.8391	-2.70924	-1.91261
140	8	10	2	2	11	12	6	-3.96836	-7.58178	-8.10875	-6.83727
141	2	1	2	3	2	3	5	-3.76977	-7.33526	-7.90582	-6.63261
142	2	1	5	3	2	3	5	-4.28603	-3.25119	-5.44205	-4.7498
143	2	1	2	3	2	3	5	-3.76977	-7.33526	-7.90582	-6.63261
144	129	66	30	82	189	47	17	-3.26136	-4.92118	-5.76314	-4.10879
145	2	4	1	2	2	1	5	-2.78963	-3.65941	-4.19931	-4.05307
146	2	4	1	2	2	1	5	-2.78963	-3.65941	-4.19931	-4.05307
147	7	21	5	62	4	61	44	-8.12196	-3.82097	-5.56746	-7.37413
148	2	4	1	2	2	1	5	-2.78963	-3.65941	-4.19931	-4.05307
149	2	937	1	2	2	1	5	-7.0579	-7.47045	-6.74937	-7.09984
150	1	14	2	2	6	1	17	-9.39404	-6.44211	-7.86476	-6.31787
151	1	4	2	2	6	3	17	-4.80933	-2.44227	-4.46701	-5.45492
152	8	10	149	2	11	12	6	-4.93065	-3.9645	-5.60768	-6.94799
153	2	1	12	3	2	1	5	-2.65803	-2.11417	-3.59737	-4.65154
154	9	30	2	2	89	59	6	-4.96772	-8.63768	-9.11473	-7.83652
155	1	2	3	4	5	9	3	-4.78157	-2.47735	-3.57049	-4.88631
156	2	4	1	2	2	1	5	-2.78963	-3.65941	-4.19931	-4.05307
157	2	4	1	2	2	1	5	-2.78963	-3.65941	-4.19931	-4.05307
158	180	194	2	68	19	231	147	-27.0347	-28.057	-22.2239	-23.4827
159	2	4	1	2	2	1	5	-2.78963	-3.65941	-4.19931	-4.05307
160	2	4	1	2	2	1	5	-2.78963	-3.65941	-4.19931	-4.05307
161	2	4	1	2	2	1	5	-2.78963	-3.65941	-4.19931	-4.05307
162	4	7	10	4	1	7	1	-1.83378	-3.8391	-2.70924	-1.91261
163	2	4	1	2	2	1	5	-2.78963	-3.65941	-4.19931	-4.05307
164	2	1	21	3	2	1	5	-2.96546	-2.48942	-4.38138	-4.42326
165	2	4	1	2	7	1	5	-2.31703	-5.98228	-6.31365	-4.91115
166	2	4	1	2	2	1	5	-2.78963	-3.65941	-4.19931	-4.05307
167	10	1	16	19	10	5	7	-6.85223	-2.73731	-4.13715	-5.15332
168	104	7	10	4	1	7	1	-4.42182	-8.09935	-8.55967	-7.27268
169	2	4	1	2	2	1	5	-2.78963	-3.65941	-4.19931	-4.05307
170	10	27	16	19	10	5	7	-21.0413	-13.0034	-15.8555	-17.3933
171	2	4	1	2	2	1	5	-2.78963	-3.65941	-4.19931	-4.05307
172	2	1	1	3	2	1	5	-4.65957	-3.78594	-6.23801	-6.94236
173	7	21	5	62	4	61	44	-8.12196	-3.82097	-5.56746	-7.37413
174	2	1	1	3	2	1	5	-4.65957	-3.78594	-6.23801	-6.94236
175	10	1	16	19	10	5	7	-6.85223	-2.73731	-4.13715	-5.15332
176	2	4	1	2	2	1	5	-2.78963	-3.65941	-4.19931	-4.05307
177	2	4	1	2	2	1	5	-2.78963	-3.65941	-4.19931	-4.05307
178	2	1	12	3	2	1	5	-2.65803	-2.11417	-3.59737	-4.65154
179	2	4	1	2	2	1	5	-2.78963	-3.65941	-4.19931	-4.05307
180	2	4	1	2	2	1	5	-2.78963	-3.65941	-4.19931	-4.05307
181	1	4	2	2	6	3	17	-4.80933	-2.44227	-4.46701	-5.45492
182	2	1	12	3	2	1	5	-2.65803	-2.11417	-3.59737	-4.65154
183	4	7	10	4	1	7	1	-1.83378	-3.8391	-2.70924	-1.91261
184	2	4	1	2	2	1	5	-2.78963	-3.65941	-4.19931	-4.05307
185	2	4	1	2	2	1	5	-2.78963	-3.65941	-4.19931	-4.05307
186	2	1	21	3	2	1	5	-2.96546	-2.48942	-4.38138	-4.42326
187	4	7	10	4	1	7	1	-1.83378	-3.8391	-2.70924	-1.91261
188	4	7	10	4	42	51	1	-2.94117	-4.67914	-5.05696	-3.76451
189	2	1	5	3	2	3	5	-4.28603	-3.25119	-5.44205	-4.7498
190	1	2	4	62	4	5	17	-6.17468	-4.84209	-7.31187	-8.21855
191	4	7	10	4	1	7	1	-1.83378	-3.8391	-2.70924	-1.91261
192	4	7	10	4	42	51	1	-2.94117	-4.67914	-5.05696	-3.76451
193	2	1	21	3	2	1	5	-2.96546	-2.48942	-4.38138	-4.42326
194	4	7	10	4	42	51	1	-2.94117	-4.67914	-5.05696	-3.76451
195	2	4	1	2	7	1	5	-2.31703	-5.98228	-6.31365	-4.91115
196	2	4	1	2	2	1	5	-2.78963	-3.65941	-4.19931	-4.05307
197	1	2	3	4	5	9	3	-4.78157	-2.47735	-3.57049	-4.88631
198	1	2	4	62	4	5	17	-6.17468	-4.84209	-7.31187	-8.21855
199	2	250	4	281	358	25	57	-28.9383	-29.3966	-19.1632	-19.4715
200	9	2	4	62	4	5	6	-3.73331	-5.22939	-5.87545	-6.41084
201	1	2	3	4	5	9	3	-4.78157	-2.47735	-3.57049	-4.88631
202	4	7	10	4	1	7	1	-1.83378	-3.8391	-2.70924	-1.91261
203	2	4	2	4	19	3	6	-5.81067	-9.47805	-9.95415	-8.6735
204	4	7	10	4	1	7	1	-1.83378	-3.8391	-2.70924	-1.91261
205	4	7	10	4	42	51	1	-2.94117	-4.67914	-5.05696	-3.76451
206	2	1	12	3	2	1	5	-2.65803	-2.11417	-3.59737	-4.65154
207	4	7	10	4	1	7	1	-1.83378	-3.8391	-2.70924	-1.91261
208	2	1	12	3	2	1	5	-2.65803	-2.11417	-3.59737	-4.65154
209	1	2	4	62	4	5	17	-6.17468	-4.84209	-7.31187	-8.21855
210	4	7	10	4	42	51	1	-2.94117	-4.67914	-5.05696	-3.76451
211	2	4	1	2	2	1	5	-2.78963	-3.65941	-4.19931	-4.05307
212	4	7	10	4	1	7	1	-1.83378	-3.8391	-2.70924	-1.91261
213	2	1	21	3	2	1	5	-2.96546	-2.48942	-4.38138	-4.42326
214	47	2	4	2	6	5	17	-10.4565	-9.70717	-6.18862	-8.55746
215	2	1	21	3	2	1	5	-2.96546	-2.48942	-4.38138	-4.42326
216	2	1	21	3	2	1	5	-2.96546	-2.48942	-4.38138	-4.42326
217	2	4	1	2	2	1	5	-2.78963	-3.65941	-4.19931	-4.05307
218	2	4	1	2	2	1	5	-2.78963	-3.65941	-4.19931	-4.05307
219	10	81	50	99	120	76	52	-6.67869	-6.3581	-5.30014	-5.15497
220	2	4	1	2	2	1	5	-2.78963	-3.65941	-4.19931	-4.05307
221	2	4	1	2	2	1	5	-2.78963	-3.65941	-4.19931	-4.05307
222	1	4	2	2	6	3	17	-4.80933	-2.44227	-4.46701	-5.45492
223	1	2	4	62	4	5	17	-6.17468	-4.84209	-7.31187	-8.21855
224	4	7	10	4	1	7	1	-1.83378	-3.8391	-2.70924	-1.91261
225	4	7	10	4	1	7	1	-1.83378	-3.8391	-2.70924	-1.91261
226	10	1	16	19	10	5	7	-6.85223	-2.73731	-4.13715	-5.15332
227	2	4	1	2	2	1	5	-2.78963	-3.65941	-4.19931	-4.05307
228	2	4	1	2	7	1	5	-2.31703	-5.98228	-6.31365	-4.91115
229	1	4	2	348	6	3	17	-9.76128	-5.35594	-7.87231	-9.27513
230	1	2	4	62	4	5	17	-6.17468	-4.84209	-7.31187	-8.21855
231	10	27	16	19	10	5	7	-21.0413	-13.0034	-15.8555	-17.3933
232	1	4	2	2	6	3	17	-4.80933	-2.44227	-4.46701	-5.45492
233	4	7	10	4	42	51	1	-2.94117	-4.67914	-5.05696	-3.76451
234	2	4	1	2	2	1	5	-2.78963	-3.65941	-4.19931	-4.05307
235	2	1	12	3	2	1	5	-2.65803	-2.11417	-3.59737	-4.65154
236	2	1	12	88	2	1	5	-3.98563	-3.43015	-5.69547	-5.25436
237	2	4	1	2	7	1	5	-2.31703	-5.98228	-6.31365	-4.91115
238	2	1	12	3	2	1	5	-2.65803	-2.11417	-3.59737	-4.65154
239	1	4	2	2	6	3	17	-4.80933	-2.44227	-4.46701	-5.45492
240	2	1	4	28	58	25	58	-5.64779	-8.43647	-5.4828	-4.22273
241	2	1	5	3	2	3	5	-4.28603	-3.25119	-5.44205	-4.7498
242	2	1	12	3	2	1	5	-2.65803	-2.11417	-3.59737	-4.65154
243	2	4	1	2	2	1	5	-2.78963	-3.65941	-4.19931	-4.05307
244	2	1	5	10	11	1	5	-26.2071	-22.9212	-24.5238	-25.236
245	2	1	12	3	2	1	5	-2.65803	-2.11417	-3.59737	-4.65154
246	2	1	12	88	2	1	5	-3.98563	-3.43015	-5.69547	-5.25436
247	2	1	12	3	2	1	5	-2.65803	-2.11417	-3.59737	-4.65154
248	2	1	12	3	2	1	5	-2.65803	-2.11417	-3.59737	-4.65154
249	1	4	2	2	6	3	17	-4.80933	-2.44227	-4.46701	-5.45492
250	9	2	4	62	4	5	6	-3.73331	-5.22939	-5.87545	-6.41084
251	2	1	12	3	2	1	5	-2.65803	-2.11417	-3.59737	-4.65154
252	8	10	149	2	11	12	6	-4.93065	-3.9645	-5.60768	-6.94799
253	2	1	21	3	2	1	5	-2.96546	-2.48942	-4.38138	-4.42326
254	1	2	3	4	5	9	3	-4.78157	-2.47735	-3.57049	-4.88631
255	2	1	5	3	2	3	5	-4.28603	-3.25119	-5.44205	-4.7498
256	1	307	3	4	5	9	3	-6.86801	-6.40394	-6.11264	-8.17846
257	1	4	2	2	6	3	17	-4.80933	-2.44227	-4.46701	-5.45492
258	2	4	1	2	7	1	5	-2.31703	-5.98228	-6.31365	-4.91115
259	2	4	1	2	2	1	5	-2.78963	-3.65941	-4.19931	-4.05307
260	2	61	4	64	126	7	23	-5.99106	-8.9489	-6.17118	-4.23429
261	7	21	5	62	4	61	44	-8.12196	-3.82097	-5.56746	-7.37413
262	2	1	12	3	2	1	5	-2.65803	-2.11417	-3.59737	-4.65154
263	2	4	1	2	2	1	5	-2.78963	-3.65941	-4.19931	-4.05307
264	2	1	12	3	2	1	5	-2.65803	-2.11417	-3.59737	-4.65154
265	2	1	21	3	2	1	5	-2.96546	-2.48942	-4.38138	-4.42326
266	2	1	21	3	2	1	5	-2.96546	-2.48942	-4.38138	-4.42326
267	2	4	1	2	2	1	5	-2.78963	-3.65941	-4.19931	-4.05307
268	2	4	1	2	2	1	5	-2.78963	-3.65941	-4.19931	-4.05307
269	2	4	1	2	7	1	5	-2.31703	-5.98228	-6.31365	-4.91115
270	4	7	10	4	1	7	1	-1.83378	-3.8391	-2.70924	-1.91261
271	1	2	4	62	4	5	17	-6.17468	-4.84209	-7.31187	-8.21855
272	4	1	21	3	2	1	5	-9.41129	-10.3912	-10.5261	-9.96921
273	10	1	16	19	10	5	7	-6.85223	-2.73731	-4.13715	-5.15332
274	33	283	44	82	189	44	17	-7.65025	-3.46259	-5.33331	-5.95913
275	2	1	12	3	2	1	5	-2.65803	-2.11417	-3.59737	-4.65154
276	10	81	50	99	120	76	52	-6.67869	-6.3581	-5.30014	-5.15497
277	4	7	10	4	42	25	1	-8.38882	-9.31182	-5.85953	-5.1688
278	2	4	1	2	2	1	5	-2.78963	-3.65941	-4.19931	-4.05307
279	2	4	5	2	10	1	5	-6.9049	-10.5673	-11.0455	-9.77188
280	2	4	1	2	2	1	5	-2.78963	-3.65941	-4.19931	-4.05307
281	9	2	4	62	4	5	6	-3.73331	-5.22939	-5.87545	-6.41084
282	4	7	10	4	1	7	1	-1.83378	-3.8391	-2.70924	-1.91261
283	2	1	12	3	2	1	5	-2.65803	-2.11417	-3.59737	-4.65154
284	9	2	4	62	4	5	6	-3.73331	-5.22939	-5.87545	-6.41084
285	9	2	4	62	4	5	6	-3.73331	-5.22939	-5.87545	-6.41084
286	2	4	1	2	2	1	5	-2.78963	-3.65941	-4.19931	-4.05307
287	2	1	12	88	2	1	5	-3.98563	-3.43015	-5.69547	-5.25436
288	2	1	21	3	2	1	5	-2.96546	-2.48942	-4.38138	-4.42326
289	33	39	30	79	113	44	17	-25.9001	-24.6645	-25.4132	-26.6781
290	1	2	3	4	5	9	3	-4.78157	-2.47735	-3.57049	-4.88631
291	1	4	2	2	6	3	17	-4.80933	-2.44227	-4.46701	-5.45492
292	9	2	4	62	4	5	6	-3.73331	-5.22939	-5.87545	-6.41084
293	2	1	12	3	2	1	5	-2.65803	-2.11417	-3.59737	-4.65154
294	2	1	5	3	2	5	5	-5.82123	-2.82277	-4.04632	-5.46603
295	2	1	5	3	2	5	5	-5.82123	-2.82277	-4.04632	-5.46603
296	2	4	1	2	2	1	5	-2.78963	-3.65941	-4.19931	-4.05307
297	2	4	1	2	2	1	5	-2.78963	-3.65941	-4.19931	-4.05307
298	2	1	21	3	2	1	5	-2.96546	-2.48942	-4.38138	-4.42326
299	32	39	30	82	104	324	17	-9.06941	-4.66961	-7.1852	-8.5849
300	2	1	12	3	2	1	5	-2.65803	-2.11417	-3.59737	-4.65154
301	4	7	10	4	1	7	1	-1.83378	-3.8391	-2.70924	-1.91261
302	1	4	2	2	6	3	5	-9.41557	-5.27537	-7.79977	-9.20069
303	2	1	21	3	2	1	5	-2.96546	-2.48942	-4.38138	-4.42326
304	4	7	10	4	42	51	1	-2.94117	-4.67914	-5.05696	-3.76451
305	2	4	1	2	7	1	5	-2.31703	-5.98228	-6.31365	-4.91115
306	7	21	5	62	4	61	44	-8.12196	-3.82097	-5.56746	-7.37413
307	104	7	10	4	1	7	1	-4.42182	-8.09935	-8.55967	-7.27268
308	9	25	2	10	22	3	6	-4.47723	-7.9617	-6.23681	-4.34203
309	2	4	2	2	6	3	17	-10.5982	-7.86626	-10.0756	-10.7483
310	2	4	1	2	7	1	5	-2.31703	-5.98228	-6.31365	-4.91115
311	129	66	30	82	189	47	17	-3.26136	-4.92118	-5.76314	-4.10879
312	33	39	30	82	104	173	68	-5.4727	-3.97213	-6.45184	-7.42007
313	2	1	12	3	2	1	5	-2.65803	-2.11417	-3.59737	-4.65154
314	2	1	1	3	2	1	5	-4.65957	-3.78594	-6.23801	-6.94236
315	7	21	5	62	4	61	44	-8.12196	-3.82097	-5.56746	-7.37413
316	2	1	21	3	2	1	5	-2.96546	-2.48942	-4.38138	-4.42326
317	4	7	10	4	1	7	1	-1.83378	-3.8391	-2.70924	-1.91261
318	10	2	107	62	120	76	1	-6.85294	-10.2553	-8.21234	-6.30245
319	4	7	10	4	1	7	1	-1.83378	-3.8391	-2.70924	-1.91261
320	2	1	12	3	2	1	5	-2.65803	-2.11417	-3.59737	-4.65154
321	2	1	5	3	2	3	5	-4.28603	-3.25119	-5.44205	-4.7498
322	4	7	10	4	1	7	1	-1.83378	-3.8391	-2.70924	-1.91261
323	2	1	12	88	2	1	5	-3.98563	-3.43015	-5.69547	-5.25436
324	4	7	10	4	42	7	1	-6.51266	-8.86969	-5.67044	-4.64976
325	4	7	10	4	42	51	1	-2.94117	-4.67914	-5.05696	-3.76451
326	2	1	21	3	2	1	5	-2.96546	-2.48942	-4.38138	-4.42326
327	2	1	12	3	2	1	5	-2.65803	-2.11417	-3.59737	-4.65154
328	4	7	10	4	1	7	1	-1.83378	-3.8391	-2.70924	-1.91261
329	2	4	1	2	7	1	5	-2.31703	-5.98228	-6.31365	-4.91115
330	4	7	10	4	1	7	1	-1.83378	-3.8391	-2.70924	-1.91261
331	2	1	12	3	2	1	5	-2.65803	-2.11417	-3.59737	-4.65154
332	4	7	10	4	1	7	1	-1.83378	-3.8391	-2.70924	-1.91261
333	4	7	10	4	1	7	1	-1.83378	-3.8391	-2.70924	-1.91261
334	1	4	2	2	6	3	17	-4.80933	-2.44227	-4.46701	-5.45492
335	2	4	1	2	2	1	5	-2.78963	-3.65941	-4.19931	-4.05307
336	4	7	10	4	1	7	1	-1.83378	-3.8391	-2.70924	-1.91261
337	7	17	2	15	23	3	12	-6.91608	-10.584	-11.0615	-9.78361
338	2	1	5	3	2	3	5	-4.28603	-3.25119	-5.44205	-4.7498
339	4	7	10	4	1	7	1	-1.83378	-3.8391	-2.70924	-1.91261
340	4	7	10	4	1	7	1	-1.83378	-3.8391	-2.70924	-1.91261
341	4	7	10	4	42	51	1	-2.94117	-4.67914	-5.05696	-3.76451
342	2	4	1	2	2	1	5	-2.78963	-3.65941	-4.19931	-4.05307
343	2	1	12	88	2	1	5	-3.98563	-3.43015	-5.69547	-5.25436
344	2	1	1	3	2	1	5	-4.65957	-3.78594	-6.23801	-6.94236
345	1	2	3	4	5	9	3	-4.78157	-2.47735	-3.57049	-4.88631
346	2	1	12	88	2	1	5	-3.98563	-3.43015	-5.69547	-5.25436
347	2	1	1	3	2	1	5	-4.65957	-3.78594	-6.23801	-6.94236
348	24	17	2	10	23	68	5	-10.1667	-5.76666	-8.28283	-9.68289
349	4	7	10	4	1	7	1	-1.83378	-3.8391	-2.70924	-1.91261
350	2	1	21	3	2	1	5	-2.96546	-2.48942	-4.38138	-4.42326
351	1	4	2	2	6	3	17	-4.80933	-2.44227	-4.46701	-5.45492
352	2	1	5	3	2	3	5	-4.28603	-3.25119	-5.44205	-4.7498
353	4	7	10	4	1	7	1	-1.83378	-3.8391	-2.70924	-1.91261
354	2	1	1	3	2	1	5	-4.65957	-3.78594	-6.23801	-6.94236
355	2	1	12	3	2	1	5	-2.65803	-2.11417	-3.59737	-4.65154
356	8	10	149	2	11	12	6	-4.93065	-3.9645	-5.60768	-6.94799
357	2	4	1	2	2	5	5	-6.8314	-6.40699	-8.74762	-9.25253
358	10	1	16	19	10	5	7	-6.85223	-2.73731	-4.13715	-5.15332
359	24	17	2	10	23	68	5	-10.1667	-5.76666	-8.28283	-9.68289
360	1	2	4	62	4	5	17	-6.17468	-4.84209	-7.31187	-8.21855
361	2	4	1	2	7	1	5	-2.31703	-5.98228	-6.31365	-4.91115
362	7	71	5	62	11	67	6	-29.2057	-27.2774	-27.0483	-28.603
363	7	17	5	2	10	3	6	-25.0828	-24.8383	-24.1374	-22.6167
364	2	1	5	3	2	3	5	-4.28603	-3.25119	-5.44205	-4.7498
365	9	2	4	62	4	5	6	-3.73331	-5.22939	-5.87545	-6.41084
366	33	38	30	82	104	325	36	-15.2075	-10.2796	-11.532	-13.4389
367	2	4	1	2	7	1	5	-2.31703	-5.98228	-6.31365	-4.91115
368	47	2	4	2	6	5	17	-10.4565	-9.70717	-6.18862	-8.55746
369	2	1	12	88	2	1	5	-3.98563	-3.43015	-5.69547	-5.25436
370	2	1	12	88	2	1	5	-3.98563	-3.43015	-5.69547	-5.25436
371	2	1	12	88	2	1	5	-3.98563	-3.43015	-5.69547	-5.25436
372	2	1	12	88	2	1	5	-3.98563	-3.43015	-5.69547	-5.25436
373	2	4	1	2	2	1	5	-2.78963	-3.65941	-4.19931	-4.05307
374	2	1	12	88	2	1	5	-3.98563	-3.43015	-5.69547	-5.25436
375	1	1	2	2	6	3	17	-10.3743	-6.20914	-8.7227	-10.125
376	2	1	12	88	2	1	5	-3.98563	-3.43015	-5.69547	-5.25436
377	2	1	12	88	2	1	5	-3.98563	-3.43015	-5.69547	-5.25436
378	2	4	1	2	2	1	5	-2.78963	-3.65941	-4.19931	-4.05307
379	2	1	12	88	2	1	5	-3.98563	-3.43015	-5.69547	-5.25436
380	2	1	5	3	2	3	5	-4.28603	-3.25119	-5.44205	-4.7498
381	4	7	10	4	1	7	1	-1.83378	-3.8391	-2.70924	-1.91261
382	2	1	12	3	2	1	5	-2.65803	-2.11417	-3.59737	-4.65154
383	1	2	4	62	4	5	17	-6.17468	-4.84209	-7.31187	-8.21855
384	1	4	2	2	6	3	17	-4.80933	-2.44227	-4.46701	-5.45492
385	2	1	12	3	2	1	5	-2.65803	-2.11417	-3.59737	-4.65154
386	2	1	12	88	2	1	5	-3.98563	-3.43015	-5.69547	-5.25436
387	9	2	4	62	4	5	6	-3.73331	-5.22939	-5.87545	-6.41084
388	2	4	1	2	7	1	5	-2.31703	-5.98228	-6.31365	-4.91115
389	2	1	5	3	2	3	5	-4.28603	-3.25119	-5.44205	-4.7498
390	7	21	5	62	4	61	44	-8.12196	-3.82097	-5.56746	-7.37413
391	1	2	215	4	90	24	8	-30.6257	-28.2159	-21.395	-22.2575
392	2	1	21	3	2	1	5	-2.96546	-2.48942	-4.38138	-4.42326
393	1	4	2	2	6	3	17	-4.80933	-2.44227	-4.46701	-5.45492
394	2	4	1	2	2	1	5	-2.78963	-3.65941	-4.19931	-4.05307
395	2	1	12	3	2	1	5	-2.65803	-2.11417	-3.59737	-4.65154
396	1	2	3	4	5	9	3	-4.78157	-2.47735	-3.57049	-4.88631
397	2	1	5	3	2	3	5	-4.28603	-3.25119	-5.44205	-4.7498
398	10	1	16	19	10	5	7	-6.85223	-2.73731	-4.13715	-5.15332
399	2	1	2	3	2	959	5	-8.11216	-10.6573	-10.3693	-9.6845
400	10	1	16	19	10	5	7	-6.85223	-2.73731	-4.13715	-5.15332
401	2	4	1	2	7	1	5	-2.31703	-5.98228	-6.31365	-4.91115
402	2	1	12	3	2	1	5	-2.65803	-2.11417	-3.59737	-4.65154
403	8	10	149	2	11	12	6	-4.93065	-3.9645	-5.60768	-6.94799
404	2	4	1	2	7	1	5	-2.31703	-5.98228	-6.31365	-4.91115
405	4	7	10	4	1	7	1	-1.83378	-3.8391	-2.70924	-1.91261
406	4	7	10	4	1	7	1	-1.83378	-3.8391	-2.70924	-1.91261
407	2	4	5	2	2	5	5	-3.68346	-7.33023	-7.3282	-5.74157
408	2	1	12	3	2	1	5	-2.65803	-2.11417	-3.59737	-4.65154
409	166	2	27	10	151	3	1	-31.7695	-32.3827	-26.3906	-25.9415
410	33	39	30	79	113	44	17	-25.9001	-24.6645	-25.4132	-26.6781
411	7	17	2	15	23	3	12	-6.91608	-10.584	-11.0615	-9.78361
412	1	2	3	4	5	9	3	-4.78157	-2.47735	-3.57049	-4.88631
413	2	4	1	2	7	1	5	-2.31703	-5.98228	-6.31365	-4.91115
414	7	21	5	62	4	61	44	-8.12196	-3.82097	-5.56746	-7.37413
415	2	1	12	3	2	1	5	-2.65803	-2.11417	-3.59737	-4.65154
416	1	2	3	4	5	9	3	-4.78157	-2.47735	-3.57049	-4.88631
417	2	1	5	88	2	11	5	-9.35033	-5.33505	-6.01044	-8.15419
418	2	4	1	2	7	1	5	-2.31703	-5.98228	-6.31365	-4.91115
419	2	1	21	3	2	1	5	-2.96546	-2.48942	-4.38138	-4.42326
420	7	17	2	15	23	3	12	-6.91608	-10.584	-11.0615	-9.78361
421	2	1	5	88	2	11	5	-9.35033	-5.33505	-6.01044	-8.15419
422	47	2	4	2	6	5	17	-10.4565	-9.70717	-6.18862	-8.55746
423	1	2	3	4	5	9	3	-4.78157	-2.47735	-3.57049	-4.88631
424	7	17	2	15	23	3	12	-6.91608	-10.584	-11.0615	-9.78361
425	2	4	1	2	2	1	5	-2.78963	-3.65941	-4.19931	-4.05307
426	2	4	1	2	2	1	5	-2.78963	-3.65941	-4.19931	-4.05307
427	2	4	1	2	2	1	5	-2.78963	-3.65941	-4.19931	-4.05307
428	2	1	12	3	2	1	5	-2.65803	-2.11417	-3.59737	-4.65154
429	2	4	5	2	2	5	5	-3.68346	-7.33023	-7.3282	-5.74157
430	2	1	21	3	2	1	5	-2.96546	-2.48942	-4.38138	-4.42326
431	4	7	10	4	42	25	1	-8.38882	-9.31182	-5.85953	-5.1688
432	1	4	2	2	6	3	17	-4.80933	-2.44227	-4.46701	-5.45492
433	1	2	215	4	923	24	8	-30.6257	-28.2159	-21.395	-22.2575
434	1	2	3	4	5	9	3	-4.78157	-2.47735	-3.57049	-4.88631
435	2	1	1	3	2	1	5	-4.65957	-3.78594	-6.23801	-6.94236
436	1	4	2	2	6	3	17	-4.80933	-2.44227	-4.46701	-5.45492
437	2	4	1	2	2	1	5	-2.78963	-3.65941	-4.19931	-4.05307
438	2	1	5	3	2	5	5	-5.82123	-2.82277	-4.04632	-5.46603
439	4	7	10	4	42	51	1	-2.94117	-4.67914	-5.05696	-3.76451
440	4	7	10	4	1	7	1	-1.83378	-3.8391	-2.70924	-1.91261
441	4	7	10	4	1	7	1	-1.83378	-3.8391	-2.70924	-1.91261
442	4	7	10	4	1	7	1	-1.83378	-3.8391	-2.70924	-1.91261
443	2	1	21	3	2	1	5	-2.96546	-2.48942	-4.38138	-4.42326
444	2	1	21	3	2	1	5	-2.96546	-2.48942	-4.38138	-4.42326
445	2	4	1	2	7	1	5	-2.31703	-5.98228	-6.31365	-4.91115
446	4	7	10	4	1	7	1	-1.83378	-3.8391	-2.70924	-1.91261
447	4	7	10	4	1	7	1	-1.83378	-3.8391	-2.70924	-1.91261
448	2	1	1	3	2	1	5	-4.65957	-3.78594	-6.23801	-6.94236
449	2	1	21	3	2	1	5	-2.96546	-2.48942	-4.38138	-4.42326
450	2	1	21	3	2	1	5	-2.96546	-2.48942	-4.38138	-4.42326
451	4	7	10	4	42	51	1	-2.94117	-4.67914	-5.05696	-3.76451
452	4	7	10	1	1	7	1	-5.27903	-8.53332	-6.0271	-6.07585
453	239	27	16	19	10	5	7	-10.8632	-6.46137	-8.97633	-10.3775
454	2	1	12	3	2	1	5	-2.65803	-2.11417	-3.59737	-4.65154
455	2	4	1	2	2	1	5	-2.78963	-3.65941	-4.19931	-4.05307
456	2	1	12	3	2	1	5	-2.65803	-2.11417	-3.59737	-4.65154
457	2	1	12	3	2	1	5	-2.65803	-2.11417	-3.59737	-4.65154
458	10	81	50	99	120	76	52	-6.67869	-6.3581	-5.30014	-5.15497
459	47	2	4	2	6	5	17	-10.4565	-9.70717	-6.18862	-8.55746
460	2	4	1	3	2	1	5	-6.8159	-8.81389	-10.0125	-9.51856
461	4	7	10	4	1	7	1	-1.83378	-3.8391	-2.70924	-1.91261
462	2	1	1	380	2	1	5	-6.19195	-5.73503	-8.15547	-8.64038
463	2	4	1	2	7	1	5	-2.31703	-5.98228	-6.31365	-4.91115
464	2	1	12	88	2	1	5	-3.98563	-3.43015	-5.69547	-5.25436
465	7	71	5	62	11	67	1	-31.3252	-27.509	-25.6619	-27.8837
466	2	4	1	2	7	1	5	-2.31703	-5.98228	-6.31365	-4.91115
467	4	7	10	4	1	7	1	-1.83378	-3.8391	-2.70924	-1.91261
468	2	1	1	380	2	1	5	-6.19195	-5.73503	-8.15547	-8.64038
469	2	4	1	2	2	1	5	-2.78963	-3.65941	-4.19931	-4.05307
470	2	1	12	3	2	1	5	-2.65803	-2.11417	-3.59737	-4.65154
471	1	14	2	2	6	1	17	-9.39404	-6.44211	-7.86476	-6.31787
472	1	2	4	62	4	5	17	-6.17468	-4.84209	-7.31187	-8.21855
473	4	7	10	4	1	7	1	-1.83378	-3.8391	-2.70924	-1.91261
474	2	1	21	3	2	1	5	-2.96546	-2.48942	-4.38138	-4.42326
475	2	4	1	2	2	1	5	-2.78963	-3.65941	-4.19931	-4.05307
476	1	4	2	2	6	3	17	-4.80933	-2.44227	-4.46701	-5.45492
477	4	7	10	4	1	7	1	-1.83378	-3.8391	-2.70924	-1.91261
478	10	2	107	62	120	76	1	-6.85294	-10.2553	-8.21234	-6.30245
479	2	1	12	3	2	1	5	-2.65803	-2.11417	-3.59737	-4.65154
480	2	1	5	3	2	3	5	-4.28603	-3.25119	-5.44205	-4.7498
481	2	1	21	3	2	1	5	-2.96546	-2.48942	-4.38138	-4.42326
482	1	2	3	4	5	9	3	-4.78157	-2.47735	-3.57049	-4.88631
483	1	307	3	4	5	9	3	-6.86801	-6.40394	-6.11264	-8.17846
484	7	2	5	2	10	3	6	-30.6204	-28.3407	-29.0712	-28.5051
485	1	2	3	4	5	9	3	-4.78157	-2.47735	-3.57049	-4.88631
486	33	39	30	82	104	173	68	-5.4727	-3.97213	-6.45184	-7.42007
487	4	7	10	4	42	7	1	-6.51266	-8.86969	-5.67044	-4.64976
488	2	1	12	88	2	1	5	-3.98563	-3.43015	-5.69547	-5.25436
489	2	4	1	2	2	1	5	-2.78963	-3.65941	-4.19931	-4.05307
490	2	1	21	3	2	1	5	-2.96546	-2.48942	-4.38138	-4.42326
491	9	2	4	62	4	5	6	-3.73331	-5.22939	-5.87545	-6.41084
492	2	1	5	3	2	3	5	-4.28603	-3.25119	-5.44205	-4.7498
493	4	7	10	4	1	7	1	-1.83378	-3.8391	-2.70924	-1.91261
494	2	1	57	26	127	29	35	-6.88122	-9.35567	-6.17802	-8.28534
495	2	1	57	26	127	29	35	-6.88122	-9.35567	-6.17802	-8.28534
496	2	4	2	4	19	3	6	-5.81067	-9.47805	-9.95415	-8.6735
497	2	1	12	3	2	1	5	-2.65803	-2.11417	-3.59737	-4.65154
498	2	4	1	2	2	1	5	-2.78963	-3.65941	-4.19931	-4.05307
499	2	4	1	2	2	1	5	-2.78963	-3.65941	-4.19931	-4.05307
500	2	1	21	3	2	1	5	-2.96546	-2.48942	-4.38138	-4.42326
501	33	39	65	79	104	43	17	-4.61238	-8.28122	-8.75822	-7.48102
502	1	14	2	2	6	1	17	-9.39404	-6.44211	-7.86476	-6.31787
503	2	1	12	3	2	1	5	-2.65803	-2.11417	-3.59737	-4.65154
504	7	21	5	62	4	61	44	-8.12196	-3.82097	-5.56746	-7.37413
505	9	2	4	62	4	5	6	-3.73331	-5.22939	-5.87545	-6.41084
506	129	66	30	82	189	47	17	-3.26136	-4.92118	-5.76314	-4.10879
507	2	1	21	3	2	1	5	-2.96546	-2.48942	-4.38138	-4.42326
508	47	2	4	2	6	5	17	-10.4565	-9.70717	-6.18862	-8.55746
509	2	4	1	2	7	1	5	-2.31703	-5.98228	-6.31365	-4.91115
510	33	38	30	82	104	325	36	-15.2075	-10.2796	-11.532	-13.4389
511	1	4	2	2	6	3	17	-4.80933	-2.44227	-4.46701	-5.45492
512	1	4	2	2	6	3	17	-4.80933	-2.44227	-4.46701	-5.45492
513	2	4	1	2	2	1	5	-2.78963	-3.65941	-4.19931	-4.05307
514	4	7	10	4	1	7	1	-1.83378	-3.8391	-2.70924	-1.91261
515	33	283	44	82	189	44	17	-7.65025	-3.46259	-5.33331	-5.95913
516	8	10	149	2	11	12	6	-4.93065	-3.9645	-5.60768	-6.94799
517	2	1	21	3	62	1	5	-5.80698	-9.46715	-9.95137	-8.67519
518	10	1	16	19	10	5	7	-6.85223	-2.73731	-4.13715	-5.15332
519	180	194	2	68	19	231	147	-27.0347	-28.057	-22.2239	-23.4827
520	2	4	1	2	7	1	5	-2.31703	-5.98228	-6.31365	-4.91115
521	2	4	2	2	6	1	5	-6.15068	-4.82417	-5.90287	-7.67543
522	1	2	3	4	5	9	3	-4.78157	-2.47735	-3.57049	-4.88631
523	2	1	21	3	2	1	5	-2.96546	-2.48942	-4.38138	-4.42326
524	2	1	12	3	2	1	5	-2.65803	-2.11417	-3.59737	-4.65154
525	2	1	5	3	2	3	5	-4.28603	-3.25119	-5.44205	-4.7498
526	1	307	3	4	5	9	3	-6.86801	-6.40394	-6.11264	-8.17846
527	2	4	1	2	7	1	5	-2.31703	-5.98228	-6.31365	-4.91115
528	2	1	12	3	2	1	5	-2.65803	-2.11417	-3.59737	-4.65154
529	7	21	5	62	4	61	44	-8.12196	-3.82097	-5.56746	-7.37413
530	2	1	5	3	2	3	5	-4.28603	-3.25119	-5.44205	-4.7498
531	2	1	12	88	2	1	5	-3.98563	-3.43015	-5.69547	-5.25436
532	2	1	21	3	2	1	5	-2.96546	-2.48942	-4.38138	-4.42326
533	1	4	2	2	6	3	17	-4.80933	-2.44227	-4.46701	-5.45492
534	2	4	1	2	7	1	5	-2.31703	-5.98228	-6.31365	-4.91115
535	47	2	4	2	6	5	17	-10.4565	-9.70717	-6.18862	-8.55746
536	1	4	2	2	6	3	17	-4.80933	-2.44227	-4.46701	-5.45492
537	1	2	3	4	5	9	3	-4.78157	-2.47735	-3.57049	-4.88631
538	2	4	1	2	2	1	5	-2.78963	-3.65941	-4.19931	-4.05307
539	4	7	10	4	42	7	1	-6.51266	-8.86969	-5.67044	-4.64976
540	2	4	1	9	2	1	5	-7.12078	-7.47514	-6.75352	-7.11227
541	2	1	12	3	2	1	5	-2.65803	-2.11417	-3.59737	-4.65154
542	1	4	2	9	6	3	17	-9.14991	-6.20758	-6.98975	-8.49576
543	1	2	3	4	922	9	3	-9.12722	-6.29465	-6.1256	-7.94817
544	4	7	10	4	1	7	1	-1.83378	-3.8391	-2.70924	-1.91261
545	2	1	5	3	2	3	5	-4.28603	-3.25119	-5.44205	-4.7498
546	2	4	1	2	7	1	5	-2.31703	-5.98228	-6.31365	-4.91115
547	4	7	10	4	1	7	1	-1.83378	-3.8391	-2.70924	-1.91261
548	2	4	1	2	2	1	5	-2.78963	-3.65941	-4.19931	-4.05307
549	2	1	21	3	2	1	5	-2.96546	-2.48942	-4.38138	-4.42326
550	4	7	10	4	1	7	1	-1.83378	-3.8391	-2.70924	-1.91261
551	1	4	2	2	6	3	17	-4.80933	-2.44227	-4.46701	-5.45492
552	2	1	5	3	2	5	5	-5.82123	-2.82277	-4.04632	-5.46603
553	2	1	12	3	2	1	5	-2.65803	-2.11417	-3.59737	-4.65154
554	4	936	10	4	1	7	1	-6.17464	-7.65185	-5.23476	-4.97647
555	180	194	2	68	19	231	147	-27.0347	-28.057	-22.2239	-23.4827
556	4	7	10	4	42	51	1	-2.94117	-4.67914	-5.05696	-3.76451
557	4	7	10	4	42	25	1	-8.38882	-9.31182	-5.85953	-5.1688
558	2	1	21	3	2	1	5	-2.96546	-2.48942	-4.38138	-4.42326
559	2	1	5	3	2	3	5	-4.28603	-3.25119	-5.44205	-4.7498
560	2	1	5	3	2	3	5	-4.28603	-3.25119	-5.44205	-4.7498
561	4	7	10	4	42	51	1	-2.94117	-4.67914	-5.05696	-3.76451
562	4	7	10	4	1	7	1	-1.83378	-3.8391	-2.70924	-1.91261
563	2	4	1	2	7	1	5	-2.31703	-5.98228	-6.31365	-4.91115
564	2	1	21	3	2	1	5	-2.96546	-2.48942	-4.38138	-4.42326
565	1	4	2	2	6	3	17	-4.80933	-2.44227	-4.46701	-5.45492
566	188	313	5	2	89	5	6	-40.078	-36.5507	-36.9058	-39.6652
567	2	1	21	3	2	1	5	-2.96546	-2.48942	-4.38138	-4.42326
568	2	1	1	3	2	1	5	-4.65957	-3.78594	-6.23801	-6.94236
569	2	1	5	3	2	3	5	-4.28603	-3.25119	-5.44205	-4.7498
570	2	4	1	2	2	1	5	-2.78963	-3.65941	-4.19931	-4.05307
571	2	1	5	3	2	3	5	-4.28603	-3.25119	-5.44205	-4.7498
572	2	1	1	3	2	1	5	-4.65957	-3.78594	-6.23801	-6.94236
573	2	1	5	3	2	3	5	-4.28603	-3.25119	-5.44205	-4.7498
574	1	4	2	2	6	3	17	-4.80933	-2.44227	-4.46701	-5.45492
575	1	4	2	2	6	3	17	-4.80933	-2.44227	-4.46701	-5.45492
576	2	1	21	3	2	1	5	-2.96546	-2.48942	-4.38138	-4.42326
577	239	27	16	19	10	5	7	-10.8632	-6.46137	-8.97633	-10.3775
578	2	4	5	2	2	5	5	-3.68346	-7.33023	-7.3282	-5.74157
579	9	2	4	62	4	5	6	-3.73331	-5.22939	-5.87545	-6.41084
580	2	1	1	3	2	1	5	-4.65957	-3.78594	-6.23801	-6.94236
581	2	1	5	3	2	3	5	-4.28603	-3.25119	-5.44205	-4.7498
582	1	4	2	2	6	3	17	-4.80933	-2.44227	-4.46701	-5.45492
583	2	4	5	2	2	5	5	-3.68346	-7.33023	-7.3282	-5.74157
584	2	4	5	2	2	5	5	-3.68346	-7.33023	-7.3282	-5.74157
585	2	1	5	3	2	3	5	-4.28603	-3.25119	-5.44205	-4.7498
586	2	1	1	380	2	1	5	-6.19195	-5.73503	-8.15547	-8.64038
587	2	7	10	4	1	7	1	-6.48368	-9.02725	-8.25986	-7.13539
588	2	1	12	3	2	1	5	-2.65803	-2.11417	-3.59737	-4.65154
589	2	4	1	2	2	1	5	-2.78963	-3.65941	-4.19931	-4.05307
590	9	2	4	62	4	5	6	-3.73331	-5.22939	-5.87545	-6.41084
591	2	4	5	2	2	5	5	-3.68346	-7.33023	-7.3282	-5.74157
592	1	4	2	2	6	3	17	-4.80933	-2.44227	-4.46701	-5.45492
593	1	4	2	2	6	5	17	-12.6194	-8.92239	-11.3673	-13.4718
594	2	4	2	2	6	1	5	-6.15068	-4.82417	-5.90287	-7.67543
595	1	4	2	2	6	5	17	-12.6194	-8.92239	-11.3673	-13.4718
596	2	23	21	3	2	1	5	-7.31249	-6.3104	-6.93824	-7.48679
597	7	21	5	62	4	61	44	-8.12196	-3.82097	-5.56746	-7.37413
598	2	4	1	2	2	1	5	-2.78963	-3.65941	-4.19931	-4.05307
599	1	307	3	4	5	9	3	-6.86801	-6.40394	-6.11264	-8.17846
600	1	2	3	4	5	9	3	-4.78157	-2.47735	-3.57049	-4.88631
601	9	2	4	62	4	5	6	-3.73331	-5.22939	-5.87545	-6.41084
602	2	1	12	3	2	1	5	-2.65803	-2.11417	-3.59737	-4.65154
603	1	4	2	2	6	3	17	-4.80933	-2.44227	-4.46701	-5.45492
604	10	1	16	19	10	5	7	-6.85223	-2.73731	-4.13715	-5.15332
605	2	1	12	3	2	1	5	-2.65803	-2.11417	-3.59737	-4.65154
606	180	194	2	68	19	231	147	-27.0347	-28.057	-22.2239	-23.4827
607	2	1	12	3	2	1	5	-2.65803	-2.11417	-3.59737	-4.65154
608	4	7	10	4	1	7	1	-1.83378	-3.8391	-2.70924	-1.91261
609	129	66	30	82	189	47	17	-3.26136	-4.92118	-5.76314	-4.10879
610	4	7	10	4	1	7	1	-1.83378	-3.8391	-2.70924	-1.91261
611	2	1	12	3	2	1	5	-2.65803	-2.11417	-3.59737	-4.65154
612	2	1	21	3	2	1	5	-2.96546	-2.48942	-4.38138	-4.42326
613	4	7	10	4	1	7	1	-1.83378	-3.8391	-2.70924	-1.91261
614	10	1	16	19	10	5	7	-6.85223	-2.73731	-4.13715	-5.15332
615	8	10	149	2	11	12	6	-4.93065	-3.9645	-5.60768	-6.94799
616	129	66	30	82	189	47	17	-3.26136	-4.92118	-5.76314	-4.10879
617	2	4	1	2	2	1	5	-2.78963	-3.65941	-4.19931	-4.05307
618	180	194	2	68	19	231	147	-27.0347	-28.057	-22.2239	-23.4827
619	2	1	5	3	2	3	5	-4.28603	-3.25119	-5.44205	-4.7498
620	2	4	1	2	2	1	5	-2.78963	-3.65941	-4.19931	-4.05307
621	1	2	3	4	5	9	3	-4.78157	-2.47735	-3.57049	-4.88631
622	180	194	2	68	19	231	147	-27.0347	-28.057	-22.2239	-23.4827
623	33	39	65	79	104	43	17	-4.61238	-8.28122	-8.75822	-7.48102
624	2	4	5	2	2	5	5	-3.68346	-7.33023	-7.3282	-5.74157
625	2	1	5	3	2	5	5	-5.82123	-2.82277	-4.04632	-5.46603
626	2	1	12	3	2	1	5	-2.65803	-2.11417	-3.59737	-4.65154
627	180	194	2	68	19	231	147	-27.0347	-28.057	-22.2239	-23.4827
628	2	1	21	3	2	1	5	-2.96546	-2.48942	-4.38138	-4.42326
629	2	1	5	3	2	5	5	-5.82123	-2.82277	-4.04632	-5.46603
630	2	1	21	3	2	1	5	-2.96546	-2.48942	-4.38138	-4.42326
631	1	2	3	4	5	9	3	-4.78157	-2.47735	-3.57049	-4.88631
632	2	1	21	3	2	1	5	-2.96546	-2.48942	-4.38138	-4.42326
633	8	10	2	2	11	12	6	-3.96836	-7.58178	-8.10875	-6.83727
634	2	4	1	2	7	1	5	-2.31703	-5.98228	-6.31365	-4.91115
635	2	1	5	3	2	3	5	-4.28603	-3.25119	-5.44205	-4.7498
636	1	2	3	4	5	9	3	-4.78157	-2.47735	-3.57049	-4.88631
637	9	2	4	62	4	5	6	-3.73331	-5.22939	-5.87545	-6.41084
638	2	1	21	3	2	1	5	-2.96546	-2.48942	-4.38138	-4.42326
639	8	10	149	2	11	12	6	-4.93065	-3.9645	-5.60768	-6.94799
640	2	1	12	88	2	1	5	-3.98563	-3.43015	-5.69547	-5.25436
641	2	4	1	2	2	1	5	-2.78963	-3.65941	-4.19931	-4.05307
642	2	1	5	10	10	1	5	-22.7681	-23.8125	-23.2108	-23.3729
643	1	2	3	4	5	9	3	-4.78157	-2.47735	-3.57049	-4.88631
644	2	4	1	2	7	1	5	-2.31703	-5.98228	-6.31365	-4.91115
645	2	4	1	2	2	1	5	-2.78963	-3.65941	-4.19931	-4.05307
646	1	2	3	4	5	9	3	-4.78157	-2.47735	-3.57049	-4.88631
647	2	1	12	88	2	1	5	-3.98563	-3.43015	-5.69547	-5.25436
648	4	7	10	4	1	7	1	-1.83378	-3.8391	-2.70924	-1.91261
649	2	1	21	3	2	1	5	-2.96546	-2.48942	-4.38138	-4.42326
650	2	4	1	2	7	1	5	-2.31703	-5.98228	-6.31365	-4.91115
651	33	38	30	82	118	43	17	-20.4185	-19.2959	-21.4159	-21.7056
652	2	4	1	2	2	1	5	-2.78963	-3.65941	-4.19931	-4.05307
653	2	1	5	3	2	3	5	-4.28603	-3.25119	-5.44205	-4.7498
654	4	7	10	4	1	7	1	-1.83378	-3.8391	-2.70924	-1.91261
655	8	10	2	2	11	12	6	-3.96836	-7.58178	-8.10875	-6.83727
656	2	4	5	2	2	5	5	-3.68346	-7.33023	-7.3282	-5.74157
657	4	7	10	4	1	7	1	-1.83378	-3.8391	-2.70924	-1.91261
658	2	1	5	3	2	3	5	-4.28603	-3.25119	-5.44205	-4.7498
659	33	39	30	82	113	47	17	-5.80292	-5.74367	-8.11157	-8.37012
660	2	1	21	3	2	1	5	-2.96546	-2.48942	-4.38138	-4.42326
661	2	4	1	2	7	1	5	-2.31703	-5.98228	-6.31365	-4.91115
662	2	1	1	3	2	1	5	-4.65957	-3.78594	-6.23801	-6.94236
663	4	7	10	4	1	7	1	-1.83378	-3.8391	-2.70924	-1.91261
664	7	21	5	62	4	61	44	-8.12196	-3.82097	-5.56746	-7.37413
665	10	81	50	99	120	76	52	-6.67869	-6.3581	-5.30014	-5.15497
666	4	7	10	4	1	7	1	-1.83378	-3.8391	-2.70924	-1.91261
667	1	2	3	4	5	9	3	-4.78157	-2.47735	-3.57049	-4.88631
668	1	2	3	4	5	9	3	-4.78157	-2.47735	-3.57049	-4.88631
669	2	4	1	2	7	1	5	-2.31703	-5.98228	-6.31365	-4.91115
670	4	7	10	4	1	7	1	-1.83378	-3.8391	-2.70924	-1.91261
671	2	1	5	3	2	3	5	-4.28603	-3.25119	-5.44205	-4.7498
672	1	4	2	2	6	3	17	-4.80933	-2.44227	-4.46701	-5.45492
673	4	935	10	4	1	7	1	-6.17464	-7.65185	-5.23476	-4.97647
674	10	1	16	19	10	5	7	-6.85223	-2.73731	-4.13715	-5.15332
675	4	7	10	4	1	7	1	-1.83378	-3.8391	-2.70924	-1.91261
676	33	39	65	79	104	43	17	-4.61238	-8.28122	-8.75822	-7.48102
677	2	4	2	2	6	1	5	-6.15068	-4.82417	-5.90287	-7.67543
678	4	7	10	4	42	25	1	-8.38882	-9.31182	-5.85953	-5.1688
679	1	4	2	2	6	3	17	-4.80933	-2.44227	-4.46701	-5.45492
680	4	7	10	4	42	25	1	-8.38882	-9.31182	-5.85953	-5.1688
681	4	7	10	4	42	25	1	-8.38882	-9.31182	-5.85953	-5.1688
682	4	7	10	4	1	7	1	-1.83378	-3.8391	-2.70924	-1.91261
683	2	4	1	2	7	1	5	-2.31703	-5.98228	-6.31365	-4.91115
684	4	7	10	4	1	7	1	-1.83378	-3.8391	-2.70924	-1.91261
685	4	7	10	4	42	7	1	-6.51266	-8.86969	-5.67044	-4.64976
686	10	27	16	19	10	5	7	-21.0413	-13.0034	-15.8555	-17.3933
687	10	81	50	99	120	76	52	-6.67869	-6.3581	-5.30014	-5.15497
688	4	7	10	4	1	7	1	-1.83378	-3.8391	-2.70924	-1.91261
689	4	7	10	4	42	51	1	-2.94117	-4.67914	-5.05696	-3.76451
690	4	7	10	4	1	7	1	-1.83378	-3.8391	-2.70924	-1.91261
691	10	81	50	99	120	76	52	-6.67869	-6.3581	-5.30014	-5.15497
692	2	4	1	2	2	1	5	-2.78963	-3.65941	-4.19931	-4.05307
693	4	7	10	4	42	51	1	-2.94117	-4.67914	-5.05696	-3.76451
694	4	7	10	4	42	51	1	-2.94117	-4.67914	-5.05696	-3.76451
695	4	7	10	4	42	51	1	-2.94117	-4.67914	-5.05696	-3.76451
696	8	10	2	2	11	12	6	-3.96836	-7.58178	-8.10875	-6.83727
697	33	38	30	82	104	43	17	-5.30533	-8.97339	-9.44953	-8.17049
698	4	7	10	4	1	7	1	-1.83378	-3.8391	-2.70924	-1.91261
699	10	81	50	99	120	76	52	-6.67869	-6.3581	-5.30014	-5.15497
700	2	4	1	2	7	1	5	-2.31703	-5.98228	-6.31365	-4.91115
701	4	7	10	4	1	7	1	-1.83378	-3.8391	-2.70924	-1.91261
702	4	7	10	4	1	7	1	-1.83378	-3.8391	-2.70924	-1.91261
703	10	81	50	99	120	76	52	-6.67869	-6.3581	-5.30014	-5.15497
704	4	7	10	4	42	51	1	-2.94117	-4.67914	-5.05696	-3.76451
705	9	2	4	62	4	5	6	-3.73331	-5.22939	-5.87545	-6.41084
706	4	7	10	4	1	7	1	-1.83378	-3.8391	-2.70924	-1.91261
707	2	1	1	3	2	1	5	-4.65957	-3.78594	-6.23801	-6.94236
708	1	14	2	2	6	1	17	-9.39404	-6.44211	-7.86476	-6.31787
709	2	4	2	2	6	1	5	-6.15068	-4.82417	-5.90287	-7.67543
710	2	4	2	2	6	1	5	-6.15068	-4.82417	-5.90287	-7.67543
711	4	7	10	4	42	51	1	-2.94117	-4.67914	-5.05696	-3.76451
712	10	2	107	62	120	76	1	-6.85294	-10.2553	-8.21234	-6.30245
713	2	1	12	3	2	1	5	-2.65803	-2.11417	-3.59737	-4.65154
714	2	4	1	2	2	1	5	-2.78963	-3.65941	-4.19931	-4.05307
715	47	2	4	2	6	5	17	-10.4565	-9.70717	-6.18862	-8.55746
716	4	7	10	4	42	5	1	-10.7207	-11.1334	-11.2745	-11.2833
717	2	1	12	3	2	1	5	-2.65803	-2.11417	-3.59737	-4.65154
718	4	7	10	4	42	51	1	-2.94117	-4.67914	-5.05696	-3.76451
719	1	307	3	4	5	9	3	-6.86801	-6.40394	-6.11264	-8.17846
720	2	1	21	3	2	1	5	-2.96546	-2.48942	-4.38138	-4.42326
721	4	7	10	4	1	7	1	-1.83378	-3.8391	-2.70924	-1.91261
722	2	4	1	2	2	1	5	-2.78963	-3.65941	-4.19931	-4.05307
723	2	1	12	3	2	1	5	-2.65803	-2.11417	-3.59737	-4.65154
724	4	7	10	4	1	7	1	-1.83378	-3.8391	-2.70924	-1.91261
725	2	1	21	3	2	1	5	-2.96546	-2.48942	-4.38138	-4.42326
726	2	1	1	3	2	1	5	-4.65957	-3.78594	-6.23801	-6.94236
727	4	7	10	4	1	7	1	-1.83378	-3.8391	-2.70924	-1.91261
728	2	1	12	3	2	1	5	-2.65803	-2.11417	-3.59737	-4.65154
729	1	4	3	2	6	3	17	-14.4064	-9.40576	-11.6311	-13.9453
730	2	1	12	3	2	1	5	-2.65803	-2.11417	-3.59737	-4.65154
731	2	1	12	88	2	1	5	-3.98563	-3.43015	-5.69547	-5.25436
732	1	4	2	2	6	3	17	-4.80933	-2.44227	-4.46701	-5.45492
733	4	7	10	4	42	51	1	-2.94117	-4.67914	-5.05696	-3.76451
734	2	1	12	3	2	1	5	-2.65803	-2.11417	-3.59737	-4.65154
735	4	7	10	4	1	7	1	-1.83378	-3.8391	-2.70924	-1.91261
736	2	1	12	88	2	1	5	-3.98563	-3.43015	-5.69547	-5.25436
737	2	1	21	3	2	1	5	-2.96546	-2.48942	-4.38138	-4.42326
738	2	4	5	2	2	5	5	-3.68346	-7.33023	-7.3282	-5.74157
739	2	4	5	2	2	5	5	-3.68346	-7.33023	-7.3282	-5.74157
740	2	1	21	3	62	1	5	-5.80698	-9.46715	-9.95137	-8.67519
741	4	7	10	4	42	25	1	-8.38882	-9.31182	-5.85953	-5.1688
742	1	2	4	62	4	5	17	-6.17468	-4.84209	-7.31187	-8.21855
743	1	2	3	4	5	9	3	-4.78157	-2.47735	-3.57049	-4.88631
744	8	10	2	2	11	12	6	-3.96836	-7.58178	-8.10875	-6.83727
745	2	1	12	88	2	1	5	-3.98563	-3.43015	-5.69547	-5.25436
746	2	4	5	2	2	5	5	-3.68346	-7.33023	-7.3282	-5.74157
747	2	1	12	3	2	1	5	-2.65803	-2.11417	-3.59737	-4.65154
748	7	21	5	62	4	61	44	-8.12196	-3.82097	-5.56746	-7.37413
749	9	2	4	62	4	5	6	-3.73331	-5.22939	-5.87545	-6.41084
750	10	1	16	19	10	5	7	-6.85223	-2.73731	-4.13715	-5.15332
751	10	1	16	19	10	5	7	-6.85223	-2.73731	-4.13715	-5.15332
752	8	10	2	2	11	12	6	-3.96836	-7.58178	-8.10875	-6.83727
753	1	4	2	2	6	3	17	-4.80933	-2.44227	-4.46701	-5.45492
754	2	1	12	3	2	1	5	-2.65803	-2.11417	-3.59737	-4.65154
755	2	1	12	88	2	1	5	-3.98563	-3.43015	-5.69547	-5.25436
756	2	29	4	27	10	25	57	-19.1334	-22.355	-14.9015	-12.0544
757	2	1	5	3	2	3	5	-4.28603	-3.25119	-5.44205	-4.7498
758	2	1	12	3	2	1	5	-2.65803	-2.11417	-3.59737	-4.65154
759	37	52	57	26	107	29	23	-8.17084	-9.21267	-5.78477	-4.91095
760	2	4	1	2	7	1	5	-2.31703	-5.98228	-6.31365	-4.91115
761	1	2	3	4	5	9	3	-4.78157	-2.47735	-3.57049	-4.88631
762	2	1	12	3	2	1	5	-2.65803	-2.11417	-3.59737	-4.65154
763	1	4	2	2	6	3	17	-4.80933	-2.44227	-4.46701	-5.45492
764	1	4	2	2	6	3	17	-4.80933	-2.44227	-4.46701	-5.45492
765	1	2	3	4	5	9	3	-4.78157	-2.47735	-3.57049	-4.88631
766	4	7	10	4	1	7	1	-1.83378	-3.8391	-2.70924	-1.91261
767	2	1	21	3	2	1	5	-2.96546	-2.48942	-4.38138	-4.42326
768	2	1	12	3	2	1	5	-2.65803	-2.11417	-3.59737	-4.65154
769	2	4	1	2	2	5	5	-6.8314	-6.40699	-8.74762	-9.25253
770	2	4	1	2	2	1	5	-2.78963	-3.65941	-4.19931	-4.05307
771	2	4	5	2	2	5	5	-3.68346	-7.33023	-7.3282	-5.74157
772	10	1	16	19	10	5	7	-6.85223	-2.73731	-4.13715	-5.15332
773	7	21	5	62	4	61	44	-8.12196	-3.82097	-5.56746	-7.37413
774	9	2	4	62	4	5	6	-3.73331	-5.22939	-5.87545	-6.41084
775	2	1	12	3	2	1	5	-2.65803	-2.11417	-3.59737	-4.65154
776	1	4	2	2	6	3	17	-4.80933	-2.44227	-4.46701	-5.45492
777	4	7	10	4	1	7	1	-1.83378	-3.8391	-2.70924	-1.91261
778	2	1	12	3	2	1	5	-2.65803	-2.11417	-3.59737	-4.65154
779	2	1	5	3	2	5	5	-5.82123	-2.82277	-4.04632	-5.46603
780	2	23	21	3	2	1	5	-7.31249	-6.3104	-6.93824	-7.48679
781	2	4	5	2	2	5	5	-3.68346	-7.33023	-7.3282	-5.74157
782	2	4	2	2	6	1	5	-6.15068	-4.82417	-5.90287	-7.67543
783	2	1	12	3	2	1	5	-2.65803	-2.11417	-3.59737	-4.65154
784	4	7	10	4	42	51	1	-2.94117	-4.67914	-5.05696	-3.76451
785	7	17	5	2	86	232	1	-28.7822	-32.5905	-27.6452	-26.3755
786	2	4	1	2	2	1	5	-2.78963	-3.65941	-4.19931	-4.05307
787	2	1	12	3	2	1	5	-2.65803	-2.11417	-3.59737	-4.65154
788	2	1	21	3	2	1	5	-2.96546	-2.48942	-4.38138	-4.42326
789	7	17	2	15	23	3	12	-6.91608	-10.584	-11.0615	-9.78361
790	2	1	5	3	2	5	5	-5.82123	-2.82277	-4.04632	-5.46603
791	1	6	60	24	12	28	1	-30.1526	-29.4479	-19.0818	-21.2501
792	1	2	3	4	5	9	3	-4.78157	-2.47735	-3.57049	-4.88631
793	2	4	5	2	2	5	5	-3.68346	-7.33023	-7.3282	-5.74157
794	1	2	3	4	5	9	3	-4.78157	-2.47735	-3.57049	-4.88631
795	1	6	60	24	12	28	1	-30.1526	-29.4479	-19.0818	-21.2501
796	9	2	4	62	4	5	6	-3.73331	-5.22939	-5.87545	-6.41084
797	2	4	1	2	2	1	5	-2.78963	-3.65941	-4.19931	-4.05307
798	4	7	10	4	1	7	1	-1.83378	-3.8391	-2.70924	-1.91261
799	2	4	5	2	2	5	5	-3.68346	-7.33023	-7.3282	-5.74157
800	7	2	2	2	11	12	6	-4.51501	-8.184	-8.66104	-7.38361
801	2	1	21	3	2	1	941	-7.31356	-6.29116	-6.92798	-7.48391
802	9	2	2	10	10	3	5	-29.0706	-25.7817	-26.2797	-25.3413
803	8	10	149	2	11	12	6	-4.93065	-3.9645	-5.60768	-6.94799
804	7	1	5	2	10	3	6	-31.5972	-30.0877	-30.1074	-28.8703
805	2	1	21	3	2	1	5	-2.96546	-2.48942	-4.38138	-4.42326
806	33	39	30	82	113	43	17	-9.811	-6.42087	-6.13218	-8.40885
807	1	6	60	24	12	28	1	-30.1526	-29.4479	-19.0818	-21.2501
808	1	6	60	24	12	28	1	-30.1526	-29.4479	-19.0818	-21.2501
809	7	17	2	15	23	3	12	-6.91608	-10.584	-11.0615	-9.78361
810	1	4	2	2	6	3	17	-4.80933	-2.44227	-4.46701	-5.45492
811	1	4	2	2	6	3	17	-4.80933	-2.44227	-4.46701	-5.45492
812	7	21	5	62	4	61	44	-8.12196	-3.82097	-5.56746	-7.37413
813	239	27	16	19	10	5	7	-10.8632	-6.46137	-8.97633	-10.3775
814	9	2	4	62	4	5	6	-3.73331	-5.22939	-5.87545	-6.41084
815	10	1	16	19	10	5	7	-6.85223	-2.73731	-4.13715	-5.15332
816	2	1	5	3	2	5	5	-5.82123	-2.82277	-4.04632	-5.46603
817	2	4	5	2	2	5	5	-3.68346	-7.33023	-7.3282	-5.74157
818	8	10	2	2	11	12	6	-3.96836	-7.58178	-8.10875	-6.83727
819	7	17	2	15	23	3	12	-6.91608	-10.584	-11.0615	-9.78361
820	2	4	1	4	1	1	5	-14.8108	-18.4429	-15.9887	-14.8855
821	4	7	10	4	1	7	1	-1.83378	-3.8391	-2.70924	-1.91261
822	8	10	149	2	11	12	6	-4.93065	-3.9645	-5.60768	-6.94799
823	2	1	12	88	2	1	5	-3.98563	-3.43015	-5.69547	-5.25436
824	2	4	2	2	6	1	5	-6.15068	-4.82417	-5.90287	-7.67543
825	10	81	50	99	120	76	52	-6.67869	-6.3581	-5.30014	-5.15497
826	2	4	5	2	2	5	5	-3.68346	-7.33023	-7.3282	-5.74157
827	2	4	1	2	2	5	5	-6.8314	-6.40699	-8.74762	-9.25253
828	8	10	149	2	11	12	6	-4.93065	-3.9645	-5.60768	-6.94799
829	1	4	2	2	6	3	17	-4.80933	-2.44227	-4.46701	-5.45492
830	2	165	73	147	220	190	104	-8.56273	-10.4252	-7.17478	-5.23589
831	4	7	10	4	42	25	1	-8.38882	-9.31182	-5.85953	-5.1688
832	7	2	2	2	11	12	6	-4.51501	-8.184	-8.66104	-7.38361
833	1	6	60	24	12	28	1	-30.1526	-29.4479	-19.0818	-21.2501
834	2	1	12	3	2	1	5	-2.65803	-2.11417	-3.59737	-4.65154
835	33	39	65	79	104	77	17	-5.30523	-8.9738	-9.45145	-8.17404
836	4	7	10	4	1	7	1	-1.83378	-3.8391	-2.70924	-1.91261
837	1	2	3	4	5	9	3	-4.78157	-2.47735	-3.57049	-4.88631
838	2	1	21	3	2	1	5	-2.96546	-2.48942	-4.38138	-4.42326
839	2	1	12	3	2	1	5	-2.65803	-2.11417	-3.59737	-4.65154
840	4	7	10	4	1	7	1	-1.83378	-3.8391	-2.70924	-1.91261
841	2	4	1	2	7	1	5	-2.31703	-5.98228	-6.31365	-4.91115
842	184	39	30	82	113	43	17	-3.96917	-6.19312	-7.76337	-6.80996
843	4	7	10	4	1	7	1	-1.83378	-3.8391	-2.70924	-1.91261
844	2	4	1	2	2	1	5	-2.78963	-3.65941	-4.19931	-4.05307
845	4	7	10	4	1	7	1	-1.83378	-3.8391	-2.70924	-1.91261
846	2	1	12	88	2	1	5	-3.98563	-3.43015	-5.69547	-5.25436
847	2	1	21	3	2	1	5	-2.96546	-2.48942	-4.38138	-4.42326
848	1	2	3	4	5	9	3	-4.78157	-2.47735	-3.57049	-4.88631
849	4	7	10	4	1	7	1	-1.83378	-3.8391	-2.70924	-1.91261
850	2	1	21	3	2	1	5	-2.96546	-2.48942	-4.38138	-4.42326
851	8	10	2	2	11	12	6	-3.96836	-7.58178	-8.10875	-6.83727
852	2	4	1	2	2	1	5	-2.78963	-3.65941	-4.19931	-4.05307
853	2	4	1	2	2	1	5	-2.78963	-3.65941	-4.19931	-4.05307
854	2	4	2	2	6	1	5	-6.15068	-4.82417	-5.90287	-7.67543
855	2	4	1	2	2	1	5	-2.78963	-3.65941	-4.19931	-4.05307
856	2	4	1	2	2	1	5	-2.78963	-3.65941	-4.19931	-4.05307
857	2	4	1	2	2	1	5	-2.78963	-3.65941	-4.19931	-4.05307
858	1	2	3	4	5	9	3	-4.78157	-2.47735	-3.57049	-4.88631
859	2	4	1	2	2	1	5	-2.78963	-3.65941	-4.19931	-4.05307
860	2	4	1	2	2	1	5	-2.78963	-3.65941	-4.19931	-4.05307
861	8	10	2	2	11	12	6	-3.96836	-7.58178	-8.10875	-6.83727
862	2	1	5	3	2	3	5	-4.28603	-3.25119	-5.44205	-4.7498
863	33	39	30	82	104	173	68	-5.4727	-3.97213	-6.45184	-7.42007
864	2	4	1	2	7	1	5	-2.31703	-5.98228	-6.31365	-4.91115
865	8	10	2	2	11	12	6	-3.96836	-7.58178	-8.10875	-6.83727
866	2	4	1	2	7	1	5	-2.31703	-5.98228	-6.31365	-4.91115
867	1	2	3	4	5	9	3	-4.78157	-2.47735	-3.57049	-4.88631
868	1	2	215	4	90	24	8	-30.6257	-28.2159	-21.395	-22.2575
869	2	1	1	3	2	1	5	-4.65957	-3.78594	-6.23801	-6.94236
870	10	81	50	99	120	76	52	-6.67869	-6.3581	-5.30014	-5.15497
871	2	4	1	2	7	1	5	-2.31703	-5.98228	-6.31365	-4.91115
872	2	1	12	3	2	1	5	-2.65803	-2.11417	-3.59737	-4.65154
873	2	4	1	2	2	1	5	-2.78963	-3.65941	-4.19931	-4.05307
874	2	4	1	2	2	1	5	-2.78963	-3.65941	-4.19931	-4.05307
875	2	4	1	2	2	1	5	-2.78963	-3.65941	-4.19931	-4.05307
876	2	1	5	3	2	3	5	-4.28603	-3.25119	-5.44205	-4.7498
877	2	4	1	2	2	1	5	-2.78963	-3.65941	-4.19931	-4.05307
878	4	7	10	4	1	7	1	-1.83378	-3.8391	-2.70924	-1.91261
879	2	4	1	2	7	1	5	-2.31703	-5.98228	-6.31365	-4.91115
880	2	4	5	2	2	5	5	-3.68346	-7.33023	-7.3282	-5.74157
881	2	4	1	2	2	1	5	-2.78963	-3.65941	-4.19931	-4.05307
882	8	10	2	2	11	12	6	-3.96836	-7.58178	-8.10875	-6.83727
883	4	7	10	4	1	7	1	-1.83378	-3.8391	-2.70924	-1.91261
884	2	4	1	2	2	1	5	-2.78963	-3.65941	-4.19931	-4.05307
885	166	2	1	10	17	3	1	-34.0686	-36.0051	-31.4758	-30.37
886	2	4	1	2	7	1	5	-2.31703	-5.98228	-6.31365	-4.91115
887	2	4	1	2	2	1	5	-2.78963	-3.65941	-4.19931	-4.05307
888	4	7	10	4	1	7	1	-1.83378	-3.8391	-2.70924	-1.91261
889	4	7	10	4	1	7	1	-1.83378	-3.8391	-2.70924	-1.91261
890	2	4	1	2	7	1	5	-2.31703	-5.98228	-6.31365	-4.91115
891	2	4	1	2	2	1	5	-2.78963	-3.65941	-4.19931	-4.05307
892	2	1	5	3	2	3	5	-4.28603	-3.25119	-5.44205	-4.7498
893	9	25	2	10	22	3	6	-4.47723	-7.9617	-6.23681	-4.34203
894	2	1	21	3	62	1	5	-5.80698	-9.46715	-9.95137	-8.67519
895	129	66	30	82	189	47	17	-3.26136	-4.92118	-5.76314	-4.10879
896	129	66	30	82	189	47	17	-3.26136	-4.92118	-5.76314	-4.10879
897	4	7	10	4	1	7	1	-1.83378	-3.8391	-2.70924	-1.91261
898	2	4	1	2	2	1	5	-2.78963	-3.65941	-4.19931	-4.05307
899	4	7	10	4	42	7	1	-6.51266	-8.86969	-5.67044	-4.64976
900	2	4	1	2	7	1	5	-2.31703	-5.98228	-6.31365	-4.91115
901	1	307	3	4	5	9	3	-6.86801	-6.40394	-6.11264	-8.17846
902	2	1	21	3	2	1	5	-2.96546	-2.48942	-4.38138	-4.42326
903	4	7	10	4	1	7	1	-1.83378	-3.8391	-2.70924	-1.91261
904	2	1	21	3	2	1	5	-2.96546	-2.48942	-4.38138	-4.42326
905	2	4	1	2	2	5	5	-6.8314	-6.40699	-8.74762	-9.25253
906	2	4	1	2	7	1	5	-2.31703	-5.98228	-6.31365	-4.91115
907	2	4	1	2	7	1	5	-2.31703	-5.98228	-6.31365	-4.91115
908	2	4	1	2	7	1	5	-2.31703	-5.98228	-6.31365	-4.91115
909	4	7	10	4	1	7	1	-1.83378	-3.8391	-2.70924	-1.91261
910	8	10	2	2	11	12	6	-3.96836	-7.58178	-8.10875	-6.83727
911	7	21	5	62	4	61	44	-8.12196	-3.82097	-5.56746	-7.37413
912	2	1	12	88	2	1	5	-3.98563	-3.43015	-5.69547	-5.25436
913	2	4	1	2	2	1	5	-2.78963	-3.65941	-4.19931	-4.05307
914	1	2	3	4	5	9	3	-4.78157	-2.47735	-3.57049	-4.88631
915	2	4	1	2	7	1	5	-2.31703	-5.98228	-6.31365	-4.91115
916	2	4	1	2	2	1	5	-2.78963	-3.65941	-4.19931	-4.05307
917	2	4	1	2	2	1	5	-2.78963	-3.65941	-4.19931	-4.05307
918	2	4	1	2	7	1	5	-2.31703	-5.98228	-6.31365	-4.91115
919	4	7	10	4	1	7	1	-1.83378	-3.8391	-2.70924	-1.91261
920	2	1	5	3	2	3	5	-4.28603	-3.25119	-5.44205	-4.7498
921	2	4	1	2	7	1	5	-2.31703	-5.98228	-6.31365	-4.91115
922	2	4	1	2	2	1	5	-2.78963	-3.65941	-4.19931	-4.05307
923	8	10	2	2	11	12	6	-3.96836	-7.58178	-8.10875	-6.83727
924	2	1	12	3	2	1	5	-2.65803	-2.11417	-3.59737	-4.65154
925	48	7	10	4	183	7	1	-10.4356	-11.3813	-7.7667	-7.97561
926	7	21	5	62	4	61	44	-8.12196	-3.82097	-5.56746	-7.37413
927	4	7	10	4	1	7	1	-1.83378	-3.8391	-2.70924	-1.91261
928	9	25	2	10	22	3	6	-4.47723	-7.9617	-6.23681	-4.34203
929	2	4	1	2	2	1	5	-2.78963	-3.65941	-4.19931	-4.05307
930	2	4	1	2	7	1	5	-2.31703	-5.98228	-6.31365	-4.91115
931	2	4	1	2	2	1	5	-2.78963	-3.65941	-4.19931	-4.05307
932	2	4	1	2	2	1	5	-2.78963	-3.65941	-4.19931	-4.05307
933	9	25	2	10	22	3	6	-4.47723	-7.9617	-6.23681	-4.34203
934	2	4	1	2	2	1	5	-2.78963	-3.65941	-4.19931	-4.05307
935	2	4	1	2	2	1	5	-2.78963	-3.65941	-4.19931	-4.05307
936	2	4	1	2	7	1	5	-2.31703	-5.98228	-6.31365	-4.91115
937	2	4	1	2	7	1	5	-2.31703	-5.98228	-6.31365	-4.91115
938	2	4	1	2	2	1	5	-2.78963	-3.65941	-4.19931	-4.05307
939	2	4	1	2	2	1	5	-2.78963	-3.65941	-4.19931	-4.05307
940	4	7	10	4	1	7	1	-1.83378	-3.8391	-2.70924	-1.91261
941	2	4	1	2	2	1	5	-2.78963	-3.65941	-4.19931	-4.05307
942	4	7	10	4	1	7	1	-1.83378	-3.8391	-2.70924	-1.91261
943	2	4	1	2	7	1	5	-2.31703	-5.98228	-6.31365	-4.91115
944	2	4	1	2	2	1	5	-2.78963	-3.65941	-4.19931	-4.05307
945	4	7	10	4	1	7	1	-1.83378	-3.8391	-2.70924	-1.91261
946	9	25	2	10	22	3	6	-4.47723	-7.9617	-6.23681	-4.34203
947	10	81	50	99	120	76	52	-6.67869	-6.3581	-5.30014	-5.15497
948	2	1	21	3	2	1	5	-2.96546	-2.48942	-4.38138	-4.42326
949	4	7	10	4	1	7	1	-1.83378	-3.8391	-2.70924	-1.91261
950	2	4	1	2	7	1	5	-2.31703	-5.98228	-6.31365	-4.91115
951	4	7	10	4	1	7	1	-1.83378	-3.8391	-2.70924	-1.91261
952	4	7	10	4	1	7	1	-1.83378	-3.8391	-2.70924	-1.91261
953	8	315	2	2	11	12	6	-8.31403	-11.3983	-10.6631	-9.89873
954	8	10	2	2	11	12	6	-3.96836	-7.58178	-8.10875	-6.83727
955	2	4	1	2	2	1	5	-2.78963	-3.65941	-4.19931	-4.05307
956	4	7	10	4	1	7	1	-1.83378	-3.8391	-2.70924	-1.91261
957	2	4	1	2	2	1	5	-2.78963	-3.65941	-4.19931	-4.05307
958	2	4	1	2	2	1	5	-2.78963	-3.65941	-4.19931	-4.05307
959	2	4	1	2	2	1	5	-2.78963	-3.65941	-4.19931	-4.05307
960	2	4	1	2	7	1	5	-2.31703	-5.98228	-6.31365	-4.91115
961	2	4	1	2	2	1	5	-2.78963	-3.65941	-4.19931	-4.05307
962	2	4	1	2	2	1	5	-2.78963	-3.65941	-4.19931	-4.05307
963	2	1	21	3	2	1	5	-2.96546	-2.48942	-4.38138	-4.42326
964	2	4	1	2	2	1	5	-2.78963	-3.65941	-4.19931	-4.05307
965	1	4	2	2	2	3	17	-10.9983	-7.87979	-10.5289	-11.9926
966	2	4	1	2	2	1	5	-2.78963	-3.65941	-4.19931	-4.05307
967	2	4	1	2	2	1	5	-2.78963	-3.65941	-4.19931	-4.05307
968	7	21	5	62	4	61	44	-8.12196	-3.82097	-5.56746	-7.37413
969	2	4	1	2	2	1	5	-2.78963	-3.65941	-4.19931	-4.05307
970	4	7	10	4	1	7	1	-1.83378	-3.8391	-2.70924	-1.91261
971	2	4	1	2	2	1	5	-2.78963	-3.65941	-4.19931	-4.05307
972	10	1	16	19	10	5	7	-6.85223	-2.73731	-4.13715	-5.15332
973	8	10	2	2	11	12	6	-3.96836	-7.58178	-8.10875	-6.83727
974	4	7	10	4	1	7	1	-1.83378	-3.8391	-2.70924	-1.91261
975	2	4	2	2	6	1	5	-6.15068	-4.82417	-5.90287	-7.67543
976	2	4	1	2	2	1	5	-2.78963	-3.65941	-4.19931	-4.05307
977	2	4	1	2	2	1	5	-2.78963	-3.65941	-4.19931	-4.05307
978	2	1	12	3	2	1	5	-2.65803	-2.11417	-3.59737	-4.65154
979	2	1	21	3	2	1	5	-2.96546	-2.48942	-4.38138	-4.42326
980	1	4	2	2	6	3	17	-4.80933	-2.44227	-4.46701	-5.45492
981	9	2	4	62	4	5	6	-3.73331	-5.22939	-5.87545	-6.41084
982	9	2	4	62	4	5	6	-3.73331	-5.22939	-5.87545	-6.41084
983	2	4	1	2	2	1	5	-2.78963	-3.65941	-4.19931	-4.05307
984	9	25	2	10	22	3	6	-4.47723	-7.9617	-6.23681	-4.34203
985	2	1	12	3	2	1	5	-2.65803	-2.11417	-3.59737	-4.65154
986	2	4	1	2	2	1	5	-2.78963	-3.65941	-4.19931	-4.05307
987	2	4	1	2	2	1	5	-2.78963	-3.65941	-4.19931	-4.05307
988	2	4	1	2	2	1	5	-2.78963	-3.65941	-4.19931	-4.05307
989	1	4	2	2	6	3	17	-4.80933	-2.44227	-4.46701	-5.45492
990	1	4	2	2	6	3	17	-4.80933	-2.44227	-4.46701	-5.45492
991	9	25	2	10	22	3	6	-4.47723	-7.9617	-6.23681	-4.34203
992	1	4	2	2	6	3	17	-4.80933	-2.44227	-4.46701	-5.45492
993	2	4	1	2	2	1	5	-2.78963	-3.65941	-4.19931	-4.05307
994	2	4	1	2	2	1	5	-2.78963	-3.65941	-4.19931	-4.05307
995	8	10	2	2	11	12	6	-3.96836	-7.58178	-8.10875	-6.83727
996	2	4	1	2	2	1	5	-2.78963	-3.65941	-4.19931	-4.05307
997	2	1	5	3	2	5	5	-5.82123	-2.82277	-4.04632	-5.46603
998	8	10	2	2	11	12	6	-3.96836	-7.58178	-8.10875	-6.83727
999	2	4	1	2	2	1	5	-2.78963	-3.65941	-4.19931	-4.05307
1000	2	4	1	2	2	1	5	-2.78963	-3.65941	-4.19931	-4.05307
1001	2	1	21	3	2	1	5	-2.96546	-2.48942	-4.38138	-4.42326
1002	1	2	4	62	4	5	17	-6.17468	-4.84209	-7.31187	-8.21855
1003	2	1	12	3	2	1	5	-2.65803	-2.11417	-3.59737	-4.65154
1004	2	4	1	2	7	1	5	-2.31703	-5.98228	-6.31365	-4.91115
1005	1	307	3	4	5	9	3	-6.86801	-6.40394	-6.11264	-8.17846
1006	2	4	2	4	19	3	6	-5.81067	-9.47805	-9.95415	-8.6735
1007	2	4	1	2	2	1	5	-2.78963	-3.65941	-4.19931	-4.05307
1008	1	4	2	2	6	3	17	-4.80933	-2.44227	-4.46701	-5.45492
1009	9	25	2	10	22	3	6	-4.47723	-7.9617	-6.23681	-4.34203
1010	4	7	10	4	1	7	1	-1.83378	-3.8391	-2.70924	-1.91261
1011	2	4	1	2	2	1	5	-2.78963	-3.65941	-4.19931	-4.05307
1012	10	1	16	19	10	5	7	-6.85223	-2.73731	-4.13715	-5.15332
1013	2	1	21	3	2	1	5	-2.96546	-2.48942	-4.38138	-4.42326
1014	4	7	10	4	1	7	1	-1.83378	-3.8391	-2.70924	-1.91261
1015	2	4	1	2	2	1	5	-2.78963	-3.65941	-4.19931	-4.05307
1016	1	2	3	4	5	9	3	-4.78157	-2.47735	-3.57049	-4.88631
1017	9	316	4	62	4	5	6	-6.89605	-6.44659	-8.85851	-9.34111
1018	9	25	2	10	22	3	6	-4.47723	-7.9617	-6.23681	-4.34203
1019	1	307	3	4	5	9	3	-6.86801	-6.40394	-6.11264	-8.17846
1020	2	4	1	2	2	1	5	-2.78963	-3.65941	-4.19931	-4.05307
1021	9	25	2	10	22	3	6	-4.47723	-7.9617	-6.23681	-4.34203
1022	2	4	1	2	2	1	5	-2.78963	-3.65941	-4.19931	-4.05307
1023	2	1	12	3	2	1	5	-2.65803	-2.11417	-3.59737	-4.65154
1024	2	1	5	3	2	5	5	-5.82123	-2.82277	-4.04632	-5.46603
1025	2	4	1	2	2	1	5	-2.78963	-3.65941	-4.19931	-4.05307
1026	2	1	12	3	2	1	5	-2.65803	-2.11417	-3.59737	-4.65154
1027	2	1	12	3	2	1	5	-2.65803	-2.11417	-3.59737	-4.65154
1028	10	1	16	19	10	5	7	-6.85223	-2.73731	-4.13715	-5.15332
1029	4	7	10	4	1	7	1	-1.83378	-3.8391	-2.70924	-1.91261
1030	2	4	1	2	2	1	5	-2.78963	-3.65941	-4.19931	-4.05307
1031	2	1	12	88	2	1	5	-3.98563	-3.43015	-5.69547	-5.25436
1032	2	1	21	3	2	1	5	-2.96546	-2.48942	-4.38138	-4.42326
1033	1	2	3	4	5	9	3	-4.78157	-2.47735	-3.57049	-4.88631
1034	8	10	2	2	11	12	6	-3.96836	-7.58178	-8.10875	-6.83727
1035	2	1	12	88	2	1	5	-3.98563	-3.43015	-5.69547	-5.25436
1036	33	39	30	82	104	173	68	-5.4727	-3.97213	-6.45184	-7.42007
1037	1	2	3	4	5	9	3	-4.78157	-2.47735	-3.57049	-4.88631
1038	9	25	2	10	22	3	6	-4.47723	-7.9617	-6.23681	-4.34203
1039	2	4	1	2	2	1	5	-2.78963	-3.65941	-4.19931	-4.05307
1040	8	10	2	2	11	12	6	-3.96836	-7.58178	-8.10875	-6.83727
1041	1	2	4	62	4	5	17	-6.17468	-4.84209	-7.31187	-8.21855
1042	10	1	16	19	10	5	7	-6.85223	-2.73731	-4.13715	-5.15332
1043	33	39	30	82	104	173	68	-5.4727	-3.97213	-6.45184	-7.42007
1044	2	4	1	2	2	1	5	-2.78963	-3.65941	-4.19931	-4.05307
1045	8	10	2	2	11	12	6	-3.96836	-7.58178	-8.10875	-6.83727
1046	2	1	5	3	2	5	5	-5.82123	-2.82277	-4.04632	-5.46603
1047	47	2	4	2	6	5	17	-10.4565	-9.70717	-6.18862	-8.55746
1048	1	2	3	4	5	9	3	-4.78157	-2.47735	-3.57049	-4.88631
1049	4	7	10	4	1	7	1	-1.83378	-3.8391	-2.70924	-1.91261
1050	2	1	5	3	2	3	5	-4.28603	-3.25119	-5.44205	-4.7498
1051	2	4	2	2	6	1	5	-6.15068	-4.82417	-5.90287	-7.67543
1052	2	4	1	2	2	1	5	-2.78963	-3.65941	-4.19931	-4.05307
1053	8	10	149	2	11	12	6	-4.93065	-3.9645	-5.60768	-6.94799
1054	9	25	2	10	22	3	6	-4.47723	-7.9617	-6.23681	-4.34203
1055	2	4	1	2	2	1	5	-2.78963	-3.65941	-4.19931	-4.05307
1056	1	2	3	4	5	9	3	-4.78157	-2.47735	-3.57049	-4.88631
1057	2	1	12	3	2	1	5	-2.65803	-2.11417	-3.59737	-4.65154
1058	4	7	10	4	42	51	1	-2.94117	-4.67914	-5.05696	-3.76451
1059	2	4	1	2	2	1	5	-2.78963	-3.65941	-4.19931	-4.05307
1060	2	1	1	3	2	1	5	-4.65957	-3.78594	-6.23801	-6.94236
1061	2	4	1	2	7	1	5	-2.31703	-5.98228	-6.31365	-4.91115
1062	8	10	2	2	11	12	6	-3.96836	-7.58178	-8.10875	-6.83727
1063	2	4	1	2	2	1	5	-2.78963	-3.65941	-4.19931	-4.05307
1064	9	2	4	62	4	5	6	-3.73331	-5.22939	-5.87545	-6.41084
1065	2	4	1	2	2	1	5	-2.78963	-3.65941	-4.19931	-4.05307
1066	4	7	10	4	1	7	1	-1.83378	-3.8391	-2.70924	-1.91261
1067	8	10	2	2	11	12	6	-3.96836	-7.58178	-8.10875	-6.83727
1068	2	4	2	2	6	1	5	-6.15068	-4.82417	-5.90287	-7.67543
1069	2	4	2	2	6	1	5	-6.15068	-4.82417	-5.90287	-7.67543
1070	2	4	2	2	6	1	5	-6.15068	-4.82417	-5.90287	-7.67543
1071	2	4	2	2	6	1	5	-6.15068	-4.82417	-5.90287	-7.67543
1072	2	4	1	2	2	1	5	-2.78963	-3.65941	-4.19931	-4.05307
1073	2	4	1	2	2	1	5	-2.78963	-3.65941	-4.19931	-4.05307
1074	2	1	12	3	2	1	5	-2.65803	-2.11417	-3.59737	-4.65154
1075	2	4	1	2	7	1	5	-2.31703	-5.98228	-6.31365	-4.91115
1076	4	7	10	4	42	51	1	-2.94117	-4.67914	-5.05696	-3.76451
1077	2	4	1	2	2	1	5	-2.78963	-3.65941	-4.19931	-4.05307
1078	8	10	2	2	11	12	6	-3.96836	-7.58178	-8.10875	-6.83727
1079	1	2	3	4	5	9	3	-4.78157	-2.47735	-3.57049	-4.88631
1080	1	2	3	4	5	9	3	-4.78157	-2.47735	-3.57049	-4.88631
1081	10	1	16	19	10	5	7	-6.85223	-2.73731	-4.13715	-5.15332
1082	8	10	2	2	11	12	6	-3.96836	-7.58178	-8.10875	-6.83727
1083	4	7	10	4	1	7	1	-1.83378	-3.8391	-2.70924	-1.91261
1084	2	4	1	2	2	1	5	-2.78963	-3.65941	-4.19931	-4.05307
1085	2	4	1	2	7	1	5	-2.31703	-5.98228	-6.31365	-4.91115
1086	2	1	21	3	2	1	5	-2.96546	-2.48942	-4.38138	-4.42326
1087	2	1	12	3	2	1	5	-2.65803	-2.11417	-3.59737	-4.65154
1088	2	4	2	4	19	3	6	-5.81067	-9.47805	-9.95415	-8.6735
1089	8	10	149	2	11	12	6	-4.93065	-3.9645	-5.60768	-6.94799
1090	8	10	2	2	11	12	6	-3.96836	-7.58178	-8.10875	-6.83727
1091	2	1	12	3	2	1	5	-2.65803	-2.11417	-3.59737	-4.65154
1092	2	1	12	3	2	1	5	-2.65803	-2.11417	-3.59737	-4.65154
1093	2	1	5	3	2	3	5	-4.28603	-3.25119	-5.44205	-4.7498
1094	184	39	30	82	113	43	17	-3.96917	-6.19312	-7.76337	-6.80996
1095	2	1	12	3	2	1	5	-2.65803	-2.11417	-3.59737	-4.65154
1096	2	4	1	2	2	1	5	-2.78963	-3.65941	-4.19931	-4.05307
1097	4	7	10	4	1	7	1	-1.83378	-3.8391	-2.70924	-1.91261
1098	8	10	2	2	11	12	6	-3.96836	-7.58178	-8.10875	-6.83727
1099	4	7	10	4	1	7	1	-1.83378	-3.8391	-2.70924	-1.91261
1100	4	7	10	4	42	51	1	-2.94117	-4.67914	-5.05696	-3.76451
1101	9	25	2	10	22	3	6	-4.47723	-7.9617	-6.23681	-4.34203
1102	9	2	4	62	4	5	6	-3.73331	-5.22939	-5.87545	-6.41084
1103	4	7	10	4	1	7	1	-1.83378	-3.8391	-2.70924	-1.91261
1104	2	4	1	2	7	1	5	-2.31703	-5.98228	-6.31365	-4.91115
1105	4	7	10	4	1	7	1	-1.83378	-3.8391	-2.70924	-1.91261
1106	8	10	2	2	11	12	6	-3.96836	-7.58178	-8.10875	-6.83727
1107	2	4	1	2	2	1	5	-2.78963	-3.65941	-4.19931	-4.05307
1108	4	7	10	4	42	51	1	-2.94117	-4.67914	-5.05696	-3.76451
1109	1	2	3	4	5	9	3	-4.78157	-2.47735	-3.57049	-4.88631
1110	2	1	12	3	2	1	5	-2.65803	-2.11417	-3.59737	-4.65154
1111	2	4	1	2	2	1	5	-2.78963	-3.65941	-4.19931	-4.05307
1112	10	81	50	99	120	76	52	-6.67869	-6.3581	-5.30014	-5.15497
1113	2	4	1	2	2	1	5	-2.78963	-3.65941	-4.19931	-4.05307
1114	4	7	10	4	42	51	1	-2.94117	-4.67914	-5.05696	-3.76451
1115	4	7	10	4	42	51	1	-2.94117	-4.67914	-5.05696	-3.76451
1116	4	7	10	4	1	7	1	-1.83378	-3.8391	-2.70924	-1.91261
1117	3	1	5	10	11	11	6	-10.8607	-6.45903	-8.97256	-10.3742
1118	10	81	50	99	120	76	52	-6.67869	-6.3581	-5.30014	-5.15497
1119	2	4	1	2	2	1	5	-2.78963	-3.65941	-4.19931	-4.05307
1120	4	7	10	4	1	7	1	-1.83378	-3.8391	-2.70924	-1.91261
1121	4	7	10	4	1	7	1	-1.83378	-3.8391	-2.70924	-1.91261
1122	4	7	10	4	42	51	1	-2.94117	-4.67914	-5.05696	-3.76451
1123	2	1	12	3	2	1	5	-2.65803	-2.11417	-3.59737	-4.65154
1124	2	4	1	2	2	1	5	-2.78963	-3.65941	-4.19931	-4.05307
1125	2	1	1	3	2	1	5	-4.65957	-3.78594	-6.23801	-6.94236
1126	2	4	1	2	2	1	5	-2.78963	-3.65941	-4.19931	-4.05307
1127	2	4	1	2	2	1	5	-2.78963	-3.65941	-4.19931	-4.05307
1128	2	4	1	2	2	1	5	-2.78963	-3.65941	-4.19931	-4.05307
1129	2	4	1	2	2	1	5	-2.78963	-3.65941	-4.19931	-4.05307
1130	1	2	3	4	5	9	3	-4.78157	-2.47735	-3.57049	-4.88631
1131	8	10	2	2	11	12	6	-3.96836	-7.58178	-8.10875	-6.83727
1132	2	1	21	3	2	1	5	-2.96546	-2.48942	-4.38138	-4.42326
1133	2	4	1	2	2	1	5	-2.78963	-3.65941	-4.19931	-4.05307
1134	2	1	21	3	2	1	5	-2.96546	-2.48942	-4.38138	-4.42326
1135	2	1	21	3	2	1	5	-2.96546	-2.48942	-4.38138	-4.42326
1136	2	4	1	2	2	1	5	-2.78963	-3.65941	-4.19931	-4.05307
1137	1	2	3	4	5	9	3	-4.78157	-2.47735	-3.57049	-4.88631
1138	10	1	16	19	10	5	7	-6.85223	-2.73731	-4.13715	-5.15332
1139	2	1	12	3	2	1	5	-2.65803	-2.11417	-3.59737	-4.65154
1140	7	21	5	62	4	61	44	-8.12196	-3.82097	-5.56746	-7.37413
1141	2	4	1	2	2	1	5	-2.78963	-3.65941	-4.19931	-4.05307
1142	2	1	12	3	2	1	5	-2.65803	-2.11417	-3.59737	-4.65154
1143	2	4	1	2	7	1	5	-2.31703	-5.98228	-6.31365	-4.91115
1144	2	1	5	3	2	3	5	-4.28603	-3.25119	-5.44205	-4.7498
1145	2	1	21	3	2	1	5	-2.96546	-2.48942	-4.38138	-4.42326
1146	2	1	21	3	2	1	5	-2.96546	-2.48942	-4.38138	-4.42326
1147	2	1	21	3	2	1	5	-2.96546	-2.48942	-4.38138	-4.42326
1148	2	1	21	3	2	1	5	-2.96546	-2.48942	-4.38138	-4.42326
1149	2	1	12	3	2	1	5	-2.65803	-2.11417	-3.59737	-4.65154
1150	8	10	2	2	11	12	6	-3.96836	-7.58178	-8.10875	-6.83727
1151	129	66	30	82	189	47	17	-3.26136	-4.92118	-5.76314	-4.10879
1152	1	307	3	4	5	9	3	-6.86801	-6.40394	-6.11264	-8.17846
1153	8	10	2	2	11	12	6	-3.96836	-7.58178	-8.10875	-6.83727
1154	2	4	2	2	6	1	5	-6.15068	-4.82417	-5.90287	-7.67543
1155	1	4	2	2	6	3	17	-4.80933	-2.44227	-4.46701	-5.45492
1156	2	4	1	2	2	1	5	-2.78963	-3.65941	-4.19931	-4.05307
1157	8	10	2	2	11	12	6	-3.96836	-7.58178	-8.10875	-6.83727
1158	2	4	2	2	6	1	5	-6.15068	-4.82417	-5.90287	-7.67543
1159	2	1	21	3	2	1	5	-2.96546	-2.48942	-4.38138	-4.42326
1160	2	4	5	2	2	5	5	-3.68346	-7.33023	-7.3282	-5.74157
1161	7	21	5	62	4	61	44	-8.12196	-3.82097	-5.56746	-7.37413
1162	2	1	12	3	2	1	5	-2.65803	-2.11417	-3.59737	-4.65154
1163	10	27	16	19	10	5	7	-21.0413	-13.0034	-15.8555	-17.3933
1164	33	283	44	82	189	44	17	-7.65025	-3.46259	-5.33331	-5.95913
1165	9	25	2	10	22	3	6	-4.47723	-7.9617	-6.23681	-4.34203
1166	7	21	5	62	4	61	44	-8.12196	-3.82097	-5.56746	-7.37413
1167	2	1	5	3	2	3	5	-4.28603	-3.25119	-5.44205	-4.7498
1168	2	1	5	3	2	3	5	-4.28603	-3.25119	-5.44205	-4.7498
1169	9	25	2	10	22	3	6	-4.47723	-7.9617	-6.23681	-4.34203
1170	2	1	5	3	2	3	5	-4.28603	-3.25119	-5.44205	-4.7498
1171	2	4	1	2	2	1	5	-2.78963	-3.65941	-4.19931	-4.05307
1172	129	66	30	82	189	47	17	-3.26136	-4.92118	-5.76314	-4.10879
1173	2	4	1	2	2	1	5	-2.78963	-3.65941	-4.19931	-4.05307
1174	2	1	5	3	2	3	5	-4.28603	-3.25119	-5.44205	-4.7498
1175	2	1	12	3	2	1	5	-2.65803	-2.11417	-3.59737	-4.65154
1176	2	4	1	2	2	1	5	-2.78963	-3.65941	-4.19931	-4.05307
1177	1	4	2	2	6	3	17	-4.80933	-2.44227	-4.46701	-5.45492
1178	2	1	12	3	2	1	5	-2.65803	-2.11417	-3.59737	-4.65154
1179	1	4	2	2	446	3	17	-9.15028	-6.22442	-6.99997	-8.50218
1180	2	1	5	88	2	11	5	-9.35033	-5.33505	-6.01044	-8.15419
1181	2	4	2	2	6	1	5	-6.15068	-4.82417	-5.90287	-7.67543
1182	9	25	2	10	22	3	6	-4.47723	-7.9617	-6.23681	-4.34203
1183	2	1	5	3	2	3	5	-4.28603	-3.25119	-5.44205	-4.7498
1184	7	21	5	62	4	61	44	-8.12196	-3.82097	-5.56746	-7.37413
1185	1	2	3	4	5	9	3	-4.78157	-2.47735	-3.57049	-4.88631
1186	2	4	1	2	2	1	5	-2.78963	-3.65941	-4.19931	-4.05307
1187	7	21	5	62	4	61	44	-8.12196	-3.82097	-5.56746	-7.37413
1188	33	39	30	82	104	173	68	-5.4727	-3.97213	-6.45184	-7.42007
1189	1	4	2	2	6	3	17	-4.80933	-2.44227	-4.46701	-5.45492
1190	2	1	21	3	2	1	5	-2.96546	-2.48942	-4.38138	-4.42326
1191	4	7	10	4	1	7	1	-1.83378	-3.8391	-2.70924	-1.91261
1192	2	1	5	3	2	5	5	-5.82123	-2.82277	-4.04632	-5.46603
1193	1	4	2	2	6	3	17	-4.80933	-2.44227	-4.46701	-5.45492
1194	2	4	1	2	2	1	5	-2.78963	-3.65941	-4.19931	-4.05307
1195	2	4	1	2	2	1	5	-2.78963	-3.65941	-4.19931	-4.05307
1196	2	1	12	3	2	1	5	-2.65803	-2.11417	-3.59737	-4.65154
1197	2	1	6	3	2	3	5	-7.61667	-7.04236	-7.80637	-7.36006
1198	4	7	10	4	1	7	1	-1.83378	-3.8391	-2.70924	-1.91261
1199	2	4	1	2	7	1	5	-2.31703	-5.98228	-6.31365	-4.91115
1200	2	1	1	3	2	1	5	-4.65957	-3.78594	-6.23801	-6.94236
1201	2	4	1	2	2	1	5	-2.78963	-3.65941	-4.19931	-4.05307
1202	7	2	5	2	10	3	6	-30.6204	-28.3407	-29.0712	-28.5051
1203	2	1	21	3	2	1	5	-2.96546	-2.48942	-4.38138	-4.42326
1204	2	4	1	2	7	1	5	-2.31703	-5.98228	-6.31365	-4.91115
1205	4	7	10	4	1	7	1	-1.83378	-3.8391	-2.70924	-1.91261
1206	2	4	1	2	7	1	5	-2.31703	-5.98228	-6.31365	-4.91115
1207	2	4	1	2	2	1	5	-2.78963	-3.65941	-4.19931	-4.05307
1208	1	4	2	2	6	3	17	-4.80933	-2.44227	-4.46701	-5.45492
1209	2	4	1	2	2	1	5	-2.78963	-3.65941	-4.19931	-4.05307
1210	2	4	1	2	2	1	5	-2.78963	-3.65941	-4.19931	-4.05307
1211	74	10	2	2	11	12	6	-8.31405	-11.3983	-10.6632	-9.89921
1212	1	2	3	4	5	9	3	-4.78157	-2.47735	-3.57049	-4.88631
1213	2	1	5	3	2	3	5	-4.28603	-3.25119	-5.44205	-4.7498
1214	4	7	10	4	1	7	1	-1.83378	-3.8391	-2.70924	-1.91261
1215	2	4	2	2	6	1	5	-6.15068	-4.82417	-5.90287	-7.67543
1216	2	1	12	3	2	1	5	-2.65803	-2.11417	-3.59737	-4.65154
1217	2	1	21	3	2	1	5	-2.96546	-2.48942	-4.38138	-4.42326
1218	2	4	1	2	2	1	5	-2.78963	-3.65941	-4.19931	-4.05307
1219	2	1	21	3	2	1	5	-2.96546	-2.48942	-4.38138	-4.42326
1220	4	7	10	4	1	7	1	-1.83378	-3.8391	-2.70924	-1.91261
1221	2	1	21	3	2	1	5	-2.96546	-2.48942	-4.38138	-4.42326
1222	2	4	1	2	2	1	5	-2.78963	-3.65941	-4.19931	-4.05307
1223	4	7	10	4	1	7	1	-1.83378	-3.8391	-2.70924	-1.91261
1224	2	4	1	2	2	1	5	-2.78963	-3.65941	-4.19931	-4.05307
1225	4	7	10	4	1	7	1	-1.83378	-3.8391	-2.70924	-1.91261
1226	4	7	10	4	42	51	1	-2.94117	-4.67914	-5.05696	-3.76451
1227	4	7	10	4	42	7	1	-6.51266	-8.86969	-5.67044	-4.64976
1228	2	4	1	2	2	1	5	-2.78963	-3.65941	-4.19931	-4.05307
1229	2	1	5	3	2	3	5	-4.28603	-3.25119	-5.44205	-4.7498
1230	10	81	50	99	120	76	52	-6.67869	-6.3581	-5.30014	-5.15497
1231	2	4	1	2	7	1	5	-2.31703	-5.98228	-6.31365	-4.91115
1232	2	4	1	2	7	1	5	-2.31703	-5.98228	-6.31365	-4.91115
1233	4	7	10	4	1	7	1	-1.83378	-3.8391	-2.70924	-1.91261
1234	1	4	2	2	6	3	17	-4.80933	-2.44227	-4.46701	-5.45492
1235	4	7	10	4	1	7	1	-1.83378	-3.8391	-2.70924	-1.91261
1236	2	4	1	2	2	1	5	-2.78963	-3.65941	-4.19931	-4.05307
1237	4	7	10	4	1	7	1	-1.83378	-3.8391	-2.70924	-1.91261
1238	4	7	10	4	42	51	1	-2.94117	-4.67914	-5.05696	-3.76451
1239	1	307	3	4	5	9	3	-6.86801	-6.40394	-6.11264	-8.17846
1240	2	4	2	2	6	1	5	-6.15068	-4.82417	-5.90287	-7.67543
1241	8	10	149	2	11	12	6	-4.93065	-3.9645	-5.60768	-6.94799
1242	2	1	12	3	2	1	5	-2.65803	-2.11417	-3.59737	-4.65154
1243	2	4	1	2	2	1	5	-2.78963	-3.65941	-4.19931	-4.05307
1244	2	4	1	2	2	1	5	-2.78963	-3.65941	-4.19931	-4.05307
1245	2	4	1	2	2	1	5	-2.78963	-3.65941	-4.19931	-4.05307
1246	4	7	10	4	42	51	1	-2.94117	-4.67914	-5.05696	-3.76451
1247	2	4	1	2	2	1	5	-2.78963	-3.65941	-4.19931	-4.05307
1248	2	4	1	2	2	1	5	-2.78963	-3.65941	-4.19931	-4.05307
1249	2	1	12	88	2	1	5	-3.98563	-3.43015	-5.69547	-5.25436
1250	1	4	2	2	6	3	17	-4.80933	-2.44227	-4.46701	-5.45492
1251	9	2	4	62	4	5	6	-3.73331	-5.22939	-5.87545	-6.41084
1252	2	4	1	2	7	1	5	-2.31703	-5.98228	-6.31365	-4.91115
1253	2	4	5	2	2	5	5	-3.68346	-7.33023	-7.3282	-5.74157
1254	2	1	21	3	2	1	5	-2.96546	-2.48942	-4.38138	-4.42326
1255	1	4	2	2	6	3	17	-4.80933	-2.44227	-4.46701	-5.45492
1256	2	1	21	3	2	1	5	-2.96546	-2.48942	-4.38138	-4.42326
1257	2	4	1	2	2	5	5	-6.8314	-6.40699	-8.74762	-9.25253
1258	2	1	12	3	2	1	5	-2.65803	-2.11417	-3.59737	-4.65154
1259	2	4	2	2	6	1	5	-6.15068	-4.82417	-5.90287	-7.67543
1260	2	4	1	2	2	1	5	-2.78963	-3.65941	-4.19931	-4.05307
1261	2	4	1	2	2	1	5	-2.78963	-3.65941	-4.19931	-4.05307
1262	1	307	3	4	5	9	3	-6.86801	-6.40394	-6.11264	-8.17846
1263	9	25	2	10	22	3	6	-4.47723	-7.9617	-6.23681	-4.34203
1264	2	1	1	380	2	1	5	-6.19195	-5.73503	-8.15547	-8.64038
1265	2	4	1	2	2	1	5	-2.78963	-3.65941	-4.19931	-4.05307
1266	2	4	1	2	2	1	5	-2.78963	-3.65941	-4.19931	-4.05307
1267	2	1	12	3	2	1	5	-2.65803	-2.11417	-3.59737	-4.65154
1268	1	2	3	4	5	9	3	-4.78157	-2.47735	-3.57049	-4.88631
1269	2	4	1	2	2	1	5	-2.78963	-3.65941	-4.19931	-4.05307
1270	2	4	1	2	2	1	5	-2.78963	-3.65941	-4.19931	-4.05307
1271	2	4	1	2	2	1	5	-2.78963	-3.65941	-4.19931	-4.05307
1272	1	2	3	4	5	9	3	-4.78157	-2.47735	-3.57049	-4.88631
1273	9	2	2	212	309	253	147	-27.9638	-26.1637	-22.2681	-23.3987
1274	2	1	21	3	2	1	5	-2.96546	-2.48942	-4.38138	-4.42326
1275	47	2	4	2	6	5	17	-10.4565	-9.70717	-6.18862	-8.55746
1276	1	2	3	4	5	9	3	-4.78157	-2.47735	-3.57049	-4.88631
1277	2	4	1	2	2	1	5	-2.78963	-3.65941	-4.19931	-4.05307
1278	2	4	1	2	2	1	5	-2.78963	-3.65941	-4.19931	-4.05307
1279	9	2	4	62	4	5	6	-3.73331	-5.22939	-5.87545	-6.41084
1280	2	1	12	3	2	1	5	-2.65803	-2.11417	-3.59737	-4.65154
1281	2	4	1	2	2	1	5	-2.78963	-3.65941	-4.19931	-4.05307
1282	2	4	1	2	7	1	5	-2.31703	-5.98228	-6.31365	-4.91115
1283	7	17	2	15	23	3	12	-6.91608	-10.584	-11.0615	-9.78361
1284	2	1	1	3	2	1	5	-4.65957	-3.78594	-6.23801	-6.94236
1285	2	1	12	3	2	1	5	-2.65803	-2.11417	-3.59737	-4.65154
1286	2	4	1	2	2	1	5	-2.78963	-3.65941	-4.19931	-4.05307
1287	2	1	5	3	2	3	5	-4.28603	-3.25119	-5.44205	-4.7498
1288	2	4	1	2	2	1	5	-2.78963	-3.65941	-4.19931	-4.05307
1289	2	4	1	2	2	1	5	-2.78963	-3.65941	-4.19931	-4.05307
1290	1	4	2	2	6	3	17	-4.80933	-2.44227	-4.46701	-5.45492
1291	2	1	2	3	2	3	5	-3.76977	-7.33526	-7.90582	-6.63261
1292	2	1	5	3	2	3	5	-4.28603	-3.25119	-5.44205	-4.7498
1293	1	2	3	3	5	9	3	-11.4709	-8.14435	-9.90592	-11.9379
1294	4	7	10	4	42	51	1	-2.94117	-4.67914	-5.05696	-3.76451
1295	1	4	2	2	6	3	17	-4.80933	-2.44227	-4.46701	-5.45492
1296	2	1	5	3	2	3	5	-4.28603	-3.25119	-5.44205	-4.7498
1297	4	7	10	4	1	7	1	-1.83378	-3.8391	-2.70924	-1.91261
1298	2	4	1	2	2	1	5	-2.78963	-3.65941	-4.19931	-4.05307
1299	4	7	10	4	1	7	1	-1.83378	-3.8391	-2.70924	-1.91261
1300	2	1	21	3	2	1	5	-2.96546	-2.48942	-4.38138	-4.42326
1301	2	4	1	2	2	1	5	-2.78963	-3.65941	-4.19931	-4.05307
1302	4	7	10	4	1	7	1	-1.83378	-3.8391	-2.70924	-1.91261
1303	2	4	1	2	2	1	5	-2.78963	-3.65941	-4.19931	-4.05307
1304	2	1	5	3	2	5	5	-5.82123	-2.82277	-4.04632	-5.46603
1305	2	4	1	2	2	1	5	-2.78963	-3.65941	-4.19931	-4.05307
1306	2	1	21	3	2	1	5	-2.96546	-2.48942	-4.38138	-4.42326
1307	2	1	5	3	2	5	5	-5.82123	-2.82277	-4.04632	-5.46603
1308	1	4	2	2	6	3	17	-4.80933	-2.44227	-4.46701	-5.45492
1309	1	4	2	2	6	3	17	-4.80933	-2.44227	-4.46701	-5.45492
1310	2	1	5	3	2	3	5	-4.28603	-3.25119	-5.44205	-4.7498
1311	1	4	2	2	6	3	17	-4.80933	-2.44227	-4.46701	-5.45492
1312	2	4	1	2	2	1	5	-2.78963	-3.65941	-4.19931	-4.05307
1313	2	1	12	88	2	1	5	-3.98563	-3.43015	-5.69547	-5.25436
1314	2	1	5	3	2	3	5	-4.28603	-3.25119	-5.44205	-4.7498
1315	2	4	5	2	2	1	5	-6.16464	-9.30635	-9.37702	-8.87824
1316	2	4	1	2	2	1	5	-2.78963	-3.65941	-4.19931	-4.05307
1317	1	4	2	2	6	3	17	-4.80933	-2.44227	-4.46701	-5.45492
1318	2	1	21	3	2	1	5	-2.96546	-2.48942	-4.38138	-4.42326
1319	4	7	10	4	1	7	1	-1.83378	-3.8391	-2.70924	-1.91261
1320	1	2	3	4	5	9	3	-4.78157	-2.47735	-3.57049	-4.88631
1321	2	4	1	2	7	1	5	-2.31703	-5.98228	-6.31365	-4.91115
1322	4	7	10	4	1	7	1	-1.83378	-3.8391	-2.70924	-1.91261
1323	4	7	10	4	1	7	1	-1.83378	-3.8391	-2.70924	-1.91261
1324	1	4	2	2	6	3	17	-4.80933	-2.44227	-4.46701	-5.45492
1325	2	4	1	2	7	1	5	-2.31703	-5.98228	-6.31365	-4.91115
1326	4	7	10	4	1	7	1	-1.83378	-3.8391	-2.70924	-1.91261
1327	8	10	2	2	11	12	6	-3.96836	-7.58178	-8.10875	-6.83727
1328	969	7	10	4	1	7	1	-6.10274	-7.64065	-5.26259	-4.97306
1329	4	7	10	4	1	7	1	-1.83378	-3.8391	-2.70924	-1.91261
1330	10	27	16	942	10	5	7	-25.3869	-16.8205	-18.4102	-20.4551
1331	10	27	16	941	10	5	7	-25.3869	-16.8205	-18.4102	-20.4551
1332	4	7	10	4	1	7	1	-1.83378	-3.8391	-2.70924	-1.91261
1333	4	7	10	4	1	7	1	-1.83378	-3.8391	-2.70924	-1.91261
1334	129	66	30	82	189	47	17	-3.26136	-4.92118	-5.76314	-4.10879
1335	4	7	10	4	1	7	1	-1.83378	-3.8391	-2.70924	-1.91261
1336	4	7	10	4	1	7	1	-1.83378	-3.8391	-2.70924	-1.91261
1337	2	4	1	2	2	1	5	-2.78963	-3.65941	-4.19931	-4.05307
1338	2	1	2	3	2	3	5	-3.76977	-7.33526	-7.90582	-6.63261
1339	10	27	16	19	10	5	7	-21.0413	-13.0034	-15.8555	-17.3933
1340	2	4	1	2	2	1	5	-2.78963	-3.65941	-4.19931	-4.05307
1341	33	39	30	82	104	173	68	-5.4727	-3.97213	-6.45184	-7.42007
1342	1	4	2	2	6	3	17	-4.80933	-2.44227	-4.46701	-5.45492
1343	2	1	5	3	2	5	5	-5.82123	-2.82277	-4.04632	-5.46603
1344	2	1	12	3	2	1	5	-2.65803	-2.11417	-3.59737	-4.65154
1345	8	10	2	2	11	12	6	-3.96836	-7.58178	-8.10875	-6.83727
1346	2	1	1	3	2	1	5	-4.65957	-3.78594	-6.23801	-6.94236
1347	1	4	2	2	6	3	17	-4.80933	-2.44227	-4.46701	-5.45492
1348	7	2	2	2	11	12	6	-4.51501	-8.184	-8.66104	-7.38361
1349	9	2	4	62	4	5	6	-3.73331	-5.22939	-5.87545	-6.41084
1350	2	1	21	3	2	1	5	-2.96546	-2.48942	-4.38138	-4.42326
1351	9	7	10	4	1	7	1	-9.84033	-12.4621	-11.5467	-9.94282
1352	2	1	12	3	920	1	5	-7.00535	-5.92164	-6.14927	-7.71129
1353	239	27	16	19	10	5	7	-10.8632	-6.46137	-8.97633	-10.3775
1354	7	17	2	15	23	3	12	-6.91608	-10.584	-11.0615	-9.78361
1355	1	4	2	2	6	3	17	-4.80933	-2.44227	-4.46701	-5.45492
1356	1	6	60	24	12	28	1	-30.1526	-29.4479	-19.0818	-21.2501
1357	2	4	5	2	10	1	5	-6.9049	-10.5673	-11.0455	-9.77188
1358	10	81	50	99	120	76	52	-6.67869	-6.3581	-5.30014	-5.15497
1359	4	7	10	4	1	7	1	-1.83378	-3.8391	-2.70924	-1.91261
1360	2	1	5	3	2	5	5	-5.82123	-2.82277	-4.04632	-5.46603
1361	4	7	10	1	1	7	1	-5.27903	-8.53332	-6.0271	-6.07585
1362	2	4	5	2	10	1	5	-6.9049	-10.5673	-11.0455	-9.77188
1363	2	1	21	3	2	1	5	-2.96546	-2.48942	-4.38138	-4.42326
1364	2	1	21	3	2	1	5	-2.96546	-2.48942	-4.38138	-4.42326
1365	2	4	1	2	2	1	5	-2.78963	-3.65941	-4.19931	-4.05307
1366	2	4	2	2	6	1	5	-6.15068	-4.82417	-5.90287	-7.67543
1367	2	4	1	2	7	1	5	-2.31703	-5.98228	-6.31365	-4.91115
1368	2	4	1	2	2	1	5	-2.78963	-3.65941	-4.19931	-4.05307
1369	2	4	1	2	2	1	5	-2.78963	-3.65941	-4.19931	-4.05307
1370	4	7	10	4	1	7	1	-1.83378	-3.8391	-2.70924	-1.91261
1371	4	7	10	4	42	51	1	-2.94117	-4.67914	-5.05696	-3.76451
1372	2	1	5	3	2	3	5	-4.28603	-3.25119	-5.44205	-4.7498
1373	2	1	12	3	2	1	5	-2.65803	-2.11417	-3.59737	-4.65154
1374	2	1	1	3	2	1	5	-4.65957	-3.78594	-6.23801	-6.94236
1375	2	4	1	2	2	1	5	-2.78963	-3.65941	-4.19931	-4.05307
1376	4	7	10	4	1	7	1	-1.83378	-3.8391	-2.70924	-1.91261
1377	10	1	16	19	10	5	7	-6.85223	-2.73731	-4.13715	-5.15332
1378	2	4	1	2	7	1	5	-2.31703	-5.98228	-6.31365	-4.91115
1379	2	4	1	2	2	1	5	-2.78963	-3.65941	-4.19931	-4.05307
1380	10	81	50	99	120	76	52	-6.67869	-6.3581	-5.30014	-5.15497
1381	2	1	12	3	2	1	5	-2.65803	-2.11417	-3.59737	-4.65154
1382	2	4	1	2	2	1	5	-2.78963	-3.65941	-4.19931	-4.05307
1383	2	4	1	2	7	1	5	-2.31703	-5.98228	-6.31365	-4.91115
1384	1	2	3	4	5	9	3	-4.78157	-2.47735	-3.57049	-4.88631
1385	8	10	2	2	11	12	6	-3.96836	-7.58178	-8.10875	-6.83727
1386	1	4	2	2	6	3	17	-4.80933	-2.44227	-4.46701	-5.45492
1387	2	4	1	2	2	1	5	-2.78963	-3.65941	-4.19931	-4.05307
1388	2	4	1	2	2	1	5	-2.78963	-3.65941	-4.19931	-4.05307
1389	10	7	10	4	1	7	1	-12.1606	-11.0238	-10.0853	-9.07512
1390	2	1	21	3	2	1	5	-2.96546	-2.48942	-4.38138	-4.42326
1391	2	1	21	3	2	1	5	-2.96546	-2.48942	-4.38138	-4.42326
1392	10	1	16	19	10	5	7	-6.85223	-2.73731	-4.13715	-5.15332
1393	2	1	5	3	2	3	5	-4.28603	-3.25119	-5.44205	-4.7498
1394	2	1	5	3	2	3	5	-4.28603	-3.25119	-5.44205	-4.7498
1395	2	4	1	2	2	5	5	-6.8314	-6.40699	-8.74762	-9.25253
1396	2	4	1	2	7	1	5	-2.31703	-5.98228	-6.31365	-4.91115
1397	10	1	16	19	10	5	7	-6.85223	-2.73731	-4.13715	-5.15332
1398	2	4	1	2	7	1	5	-2.31703	-5.98228	-6.31365	-4.91115
1399	2	934	1	2	2	1	5	-7.0579	-7.47045	-6.74937	-7.09984
