Isolate	Loci0	Loci1	Loci2	Loci3	Loci4	Loci5	Loci6	Source0	Source1	Source2	Source3
0	1	2	3	4	5	9	3	-4.67265	-2.50139	-3.6438	-4.94262
1	4	7	10	4	1	7	1	-1.82748	-3.83294	-2.59428	-1.98396
2	2	4	1	2	2	1	5	-2.77301	-3.65808	-4.16975	-4.16162
3	2	4	1	2	2	1	5	-2.77301	-3.65808	-4.16975	-4.16162
4	9	25	2	10	22	3	6	-4.47573	-7.72535	-5.8393	-4.41829
5	4	7	10	4	1	7	1	-1.82748	-3.83294	-2.59428	-1.98396
6	4	7	10	4	1	7	1	-1.82748	-3.83294	-2.59428	-1.98396
7	4	7	10	4	42	51	1	-2.92832	-4.65158	-4.83431	-3.86717
8	2	4	1	2	2	1	5	-2.77301	-3.65808	-4.16975	-4.16162
9	10	81	50	99	120	76	52	-6.69531	-6.4254	-5.27745	-5.19042
10	2	1	21	3	2	1	5	-2.9372	-2.49621	-4.41348	-4.61039
11	2	1	21	3	2	1	5	-2.9372	-2.49621	-4.41348	-4.61039
12	9	25	2	10	22	3	6	-4.47573	-7.72535	-5.8393	-4.41829
13	2	1	21	3	2	1	5	-2.9372	-2.49621	-4.41348	-4.61039
14	10	27	16	19	10	5	7	-20.5545	-12.6758	-15.8761	-18.2516
15	2	4	1	2	2	1	5	-2.77301	-3.65808	-4.16975	-4.16162
16	2	4	1	2	2	1	5	-2.77301	-3.65808	-4.16975	-4.16162
17	9	2	4	62	4	5	6	-3.71274	-5.21364	-5.87468	-6.71038
18	9	53	2	53	11	3	3	-30.5182	-28.4046	-26.4446	-24.6369
19	2	4	1	2	2	1	5	-2.77301	-3.65808	-4.16975	-4.16162
20	2	4	1	2	2	1	5	-2.77301	-3.65808	-4.16975	-4.16162
21	4	7	10	4	1	7	1	-1.82748	-3.83294	-2.59428	-1.98396
22	2	4	1	2	2	1	5	-2.77301	-3.65808	-4.16975	-4.16162
23	1	4	2	2	6	3	17	-4.70284	-2.46049	-4.5777	-5.70271
24	4	7	10	4	1	7	1	-1.82748	-3.83294	-2.59428	-1.98396
25	2	1	21	3	2	1	5	-2.9372	-2.49621	-4.41348	-4.61039
26	8	10	2	2	11	12	6	-3.95041	-7.26413	-7.71175	-7.24488
27	2	4	2	2	6	1	5	-6.09664	-4.84237	-5.98201	-7.76626
28	2	1	12	3	2	1	5	-2.62633	-2.12228	-3.66648	-4.88178
29	2	4	1	2	2	1	5	-2.77301	-3.65808	-4.16975	-4.16162
30	4	7	10	4	1	7	1	-1.82748	-3.83294	-2.59428	-1.98396
31	10	1	16	19	10	5	7	-6.40276	-2.75982	-4.21597	-5.23768
32	1	2	3	4	5	9	3	-4.67265	-2.50139	-3.6438	-4.94262
33	2	4	1	2	2	1	5	-2.77301	-3.65808	-4.16975	-4.16162
34	2	4	1	2	2	1	5	-2.77301	-3.65808	-4.16975	-4.16162
35	2	4	1	2	2	1	5	-2.77301	-3.65808	-4.16975	-4.16162
36	4	7	10	4	1	7	1	-1.82748	-3.83294	-2.59428	-1.98396
37	129	66	30	82	189	47	17	-3.24738	-4.89259	-5.43846	-4.21354
38	2	1	12	3	357	1	5	-6.96529	-6.77362	-7.02163	-7.09056
39	9	2	4	62	4	5	6	-3.71274	-5.21364	-5.87468	-6.71038
40	2	1	1	3	2	1	5	-4.62582	-3.79201	-6.35513	-7.46822
41	2	1	12	3	357	1	5	-6.96529	-6.77362	-7.02163	-7.09056
42	2	1	5	3	2	3	5	-4.25333	-3.25991	-5.41568	-4.88161
43	2	1	5	3	2	3	5	-4.25333	-3.25991	-5.41568	-4.88161
44	2	4	1	2	2	1	5	-2.77301	-3.65808	-4.16975	-4.16162
45	2	4	1	2	2	1	5	-2.77301	-3.65808	-4.16975	-4.16162
46	2	4	2	2	6	1	5	-6.09664	-4.84237	-5.98201	-7.76626
47	1	4	2	2	6	3	17	-4.70284	-2.46049	-4.5777	-5.70271
48	2	1	21	3	2	1	5	-2.9372	-2.49621	-4.41348	-4.61039
49	2	1	2	3	2	3	5	-3.75316	-7.00803	-7.50612	-7.04194
50	2	1	21	3	2	1	5	-2.9372	-2.49621	-4.41348	-4.61039
51	7	17	2	15	23	3	12	-6.89753	-10.2681	-10.6628	-10.1908
52	2	4	1	2	7	1	5	-2.30124	-5.66235	-5.91305	-5.22527
53	9	2	4	62	4	5	6	-3.71274	-5.21364	-5.87468	-6.71038
54	2	4	1	2	7	1	5	-2.30124	-5.66235	-5.91305	-5.22527
55	9	2	4	62	4	5	6	-3.71274	-5.21364	-5.87468	-6.71038
56	2	1	12	88	2	1	5	-3.95727	-3.43731	-5.70153	-5.43814
57	2	1	5	3	2	3	5	-4.25333	-3.25991	-5.41568	-4.88161
58	2	4	1	2	2	1	5	-2.77301	-3.65808	-4.16975	-4.16162
59	9	2	4	62	4	5	6	-3.71274	-5.21364	-5.87468	-6.71038
60	2	1	5	3	2	3	5	-4.25333	-3.25991	-5.41568	-4.88161
61	2	4	1	2	2	1	5	-2.77301	-3.65808	-4.16975	-4.16162
62	2	4	1	2	2	1	5	-2.77301	-3.65808	-4.16975	-4.16162
63	2	4	1	2	2	1	5	-2.77301	-3.65808	-4.16975	-4.16162
64	2	4	1	2	2	1	5	-2.77301	-3.65808	-4.16975	-4.16162
65	2	4	1	2	2	1	5	-2.77301	-3.65808	-4.16975	-4.16162
66	2	4	1	2	2	1	5	-2.77301	-3.65808	-4.16975	-4.16162
67	1	2	215	4	90	24	8	-31.2612	-30.5651	-23.2989	-19.9348
68	2	4	1	2	2	1	5	-2.77301	-3.65808	-4.16975	-4.16162
69	1	2	3	4	5	9	3	-4.67265	-2.50139	-3.6438	-4.94262
70	2	4	1	2	2	1	5	-2.77301	-3.65808	-4.16975	-4.16162
71	2	4	1	2	2	1	5	-2.77301	-3.65808	-4.16975	-4.16162
72	9	25	2	10	22	3	6	-4.47573	-7.72535	-5.8393	-4.41829
73	2	15	4	48	360	25	23	-6.72346	-9.3412	-5.65745	-4.95787
74	2	4	1	2	2	1	5	-2.77301	-3.65808	-4.16975	-4.16162
75	2	1	12	88	2	1	5	-3.95727	-3.43731	-5.70153	-5.43814
76	2	4	2	2	6	1	5	-6.09664	-4.84237	-5.98201	-7.76626
77	10	1	16	19	10	5	7	-6.40276	-2.75982	-4.21597	-5.23768
78	2	4	1	2	2	1	5	-2.77301	-3.65808	-4.16975	-4.16162
79	2	1	12	3	2	1	5	-2.62633	-2.12228	-3.66648	-4.88178
80	2	4	1	2	2	1	5	-2.77301	-3.65808	-4.16975	-4.16162
81	2	4	1	2	2	1	5	-2.77301	-3.65808	-4.16975	-4.16162
82	1	4	2	2	6	3	17	-4.70284	-2.46049	-4.5777	-5.70271
83	10	1	16	19	10	5	7	-6.40276	-2.75982	-4.21597	-5.23768
84	8	10	149	2	11	12	6	-4.88837	-3.98468	-5.69793	-7.23722
85	2	4	1	2	2	1	5	-2.77301	-3.65808	-4.16975	-4.16162
86	2	4	1	2	7	1	5	-2.30124	-5.66235	-5.91305	-5.22527
87	32	39	30	82	104	324	17	-8.51024	-4.69118	-7.36435	-9.26411
88	1	2	3	4	5	9	3	-4.67265	-2.50139	-3.6438	-4.94262
89	2	1	5	3	2	3	5	-4.25333	-3.25991	-5.41568	-4.88161
90	2	4	1	2	2	1	5	-2.77301	-3.65808	-4.16975	-4.16162
91	2	4	1	2	7	1	5	-2.30124	-5.66235	-5.91305	-5.22527
92	4	7	10	4	1	7	1	-1.82748	-3.83294	-2.59428	-1.98396
93	2	1	2	3	2	3	5	-3.75316	-7.00803	-7.50612	-7.04194
94	2	1	12	3	2	1	5	-2.62633	-2.12228	-3.66648	-4.88178
95	2	1	21	3	2	1	5	-2.9372	-2.49621	-4.41348	-4.61039
96	2	1	21	3	2	1	5	-2.9372	-2.49621	-4.41348	-4.61039
97	9	2	5	2	11	3	1	-28.7394	-31.239	-27.7404	-26.7058
98	4	7	10	4	1	7	1	-1.82748	-3.83294	-2.59428	-1.98396
99	2	1	2	3	2	3	5	-3.75316	-7.00803	-7.50612	-7.04194
100	2	1	21	3	2	1	5	-2.9372	-2.49621	-4.41348	-4.61039
101	4	7	10	4	1	7	1	-1.82748	-3.83294	-2.59428	-1.98396
102	2	1	21	3	2	1	5	-2.9372	-2.49621	-4.41348	-4.61039
103	1	4	2	2	6	3	17	-4.70284	-2.46049	-4.5777	-5.70271
104	2	4	5	2	10	1	5	-6.88839	-10.2441	-10.6443	-10.1813
105	2	1	12	88	2	1	5	-3.95727	-3.43731	-5.70153	-5.43814
106	9	2	4	62	4	5	6	-3.71274	-5.21364	-5.87468	-6.71038
107	2	165	73	147	220	190	104	-9.10105	-10.5973	-6.77693	-5.29847
108	2	1	21	3	2	1	5	-2.9372	-2.49621	-4.41348	-4.61039
109	2	4	1	2	2	1	5	-2.77301	-3.65808	-4.16975	-4.16162
110	2	1	12	3	11	1	6	-18.5097	-17.2877	-20.0827	-21.4112
111	2	1	2	3	2	3	5	-3.75316	-7.00803	-7.50612	-7.04194
112	2	4	1	2	7	1	5	-2.30124	-5.66235	-5.91305	-5.22527
113	2	1	2	3	2	3	5	-3.75316	-7.00803	-7.50612	-7.04194
114	2	1	21	3	2	1	5	-2.9372	-2.49621	-4.41348	-4.61039
115	2	4	1	2	7	1	5	-2.30124	-5.66235	-5.91305	-5.22527
116	33	39	30	82	113	43	17	-9.42316	-6.46648	-6.20026	-8.17088
117	2	4	1	2	2	1	5	-2.77301	-3.65808	-4.16975	-4.16162
118	2	4	1	2	2	1	5	-2.77301	-3.65808	-4.16975	-4.16162
119	2	4	1	2	2	1	5	-2.77301	-3.65808	-4.16975	-4.16162
120	2	4	1	2	7	1	5	-2.30124	-5.66235	-5.91305	-5.22527
121	4	7	10	1	1	7	1	-5.2653	-8.5113	-6.00561	-6.1373
122	2	1	12	3	2	1	5	-2.62633	-2.12228	-3.66648	-4.88178
123	2	4	1	2	2	1	5	-2.77301	-3.65808	-4.16975	-4.16162
124	2	4	1	2	2	1	5	-2.77301	-3.65808	-4.16975	-4.16162
125	2	4	1	2	7	1	5	-2.30124	-5.66235	-5.91305	-5.22527
126	2	4	1	2	2	1	5	-2.77301	-3.65808	-4.16975	-4.16162
127	2	4	1	2	2	1	5	-2.77301	-3.65808	-4.16975	-4.16162
128	2	1	12	88	2	1	5	-3.95727	-3.43731	-5.70153	-5.43814
129	2	1	12	3	2	1	5	-2.62633	-2.12228	-3.66648	-4.88178
130	2	1	12	3	2	1	5	-2.62633	-2.12228	-3.66648	-4.88178
131	2	4	1	2	7	1	5	-2.30124	-5.66235	-5.91305	-5.22527
132	2	1	21	3	2	1	5	-2.9372	-2.49621	-4.41348	-4.61039
133	2	1	21	3	2	1	5	-2.9372	-2.49621	-4.41348	-4.61039
134	2	4	5	2	2	5	5	-3.66804	-7.01337	-6.92787	-5.94434
135	2	1	21	3	2	1	5	-2.9372	-2.49621	-4.41348	-4.61039
136	1	4	2	2	6	3	1	-11.2857	-9.88587	-10.319	-11.3681
137	2	1	5	3	2	3	5	-4.25333	-3.25991	-5.41568	-4.88161
138	2	1	5	3	2	3	5	-4.25333	-3.25991	-5.41568	-4.88161
139	4	7	10	4	1	7	1	-1.82748	-3.83294	-2.59428	-1.98396
140	8	10	2	2	11	12	6	-3.95041	-7.26413	-7.71175	-7.24488
141	2	1	2	3	2	3	5	-3.75316	-7.00803	-7.50612	-7.04194
142	2	1	5	3	2	3	5	-4.25333	-3.25991	-5.41568	-4.88161
143	2	1	2	3	2	3	5	-3.75316	-7.00803	-7.50612	-7.04194
144	129	66	30	82	189	47	17	-3.24738	-4.89259	-5.43846	-4.21354
145	2	4	1	2	2	1	5	-2.77301	-3.65808	-4.16975	-4.16162
146	2	4	1	2	2	1	5	-2.77301	-3.65808	-4.16975	-4.16162
147	7	21	5	62	4	61	44	-7.57961	-3.84504	-5.68175	-7.62555
148	2	4	1	2	2	1	5	-2.77301	-3.65808	-4.16975	-4.16162
149	2	937	1	2	2	1	5	-7.03327	-8.30911	-7.52017	-6.36049
150	1	14	2	2	6	1	17	-9.55234	-6.45901	-7.62364	-6.38847
151	1	4	2	2	6	3	17	-4.70284	-2.46049	-4.5777	-5.70271
152	8	10	149	2	11	12	6	-4.88837	-3.98468	-5.69793	-7.23722
153	2	1	12	3	2	1	5	-2.62633	-2.12228	-3.66648	-4.88178
154	9	30	2	2	89	59	6	-4.94962	-8.3216	-8.71576	-8.24399
155	1	2	3	4	5	9	3	-4.67265	-2.50139	-3.6438	-4.94262
156	2	4	1	2	2	1	5	-2.77301	-3.65808	-4.16975	-4.16162
157	2	4	1	2	2	1	5	-2.77301	-3.65808	-4.16975	-4.16162
158	180	194	2	68	19	231	147	-26.9771	-31.9513	-25.8374	-19.6307
159	2	4	1	2	2	1	5	-2.77301	-3.65808	-4.16975	-4.16162
160	2	4	1	2	2	1	5	-2.77301	-3.65808	-4.16975	-4.16162
161	2	4	1	2	2	1	5	-2.77301	-3.65808	-4.16975	-4.16162
162	4	7	10	4	1	7	1	-1.82748	-3.83294	-2.59428	-1.98396
163	2	4	1	2	2	1	5	-2.77301	-3.65808	-4.16975	-4.16162
164	2	1	21	3	2	1	5	-2.9372	-2.49621	-4.41348	-4.61039
165	2	4	1	2	7	1	5	-2.30124	-5.66235	-5.91305	-5.22527
166	2	4	1	2	2	1	5	-2.77301	-3.65808	-4.16975	-4.16162
167	10	1	16	19	10	5	7	-6.40276	-2.75982	-4.21597	-5.23768
168	104	7	10	4	1	7	1	-4.40511	-7.78357	-8.15599	-7.68401
169	2	4	1	2	2	1	5	-2.77301	-3.65808	-4.16975	-4.16162
170	10	27	16	19	10	5	7	-20.5545	-12.6758	-15.8761	-18.2516
171	2	4	1	2	2	1	5	-2.77301	-3.65808	-4.16975	-4.16162
172	2	1	1	3	2	1	5	-4.62582	-3.79201	-6.35513	-7.46822
173	7	21	5	62	4	61	44	-7.57961	-3.84504	-5.68175	-7.62555
174	2	1	1	3	2	1	5	-4.62582	-3.79201	-6.35513	-7.46822
175	10	1	16	19	10	5	7	-6.40276	-2.75982	-4.21597	-5.23768
176	2	4	1	2	2	1	5	-2.77301	-3.65808	-4.16975	-4.16162
177	2	4	1	2	2	1	5	-2.77301	-3.65808	-4.16975	-4.16162
178	2	1	12	3	2	1	5	-2.62633	-2.12228	-3.66648	-4.88178
179	2	4	1	2	2	1	5	-2.77301	-3.65808	-4.16975	-4.16162
180	2	4	1	2	2	1	5	-2.77301	-3.65808	-4.16975	-4.16162
181	1	4	2	2	6	3	17	-4.70284	-2.46049	-4.5777	-5.70271
182	2	1	12	3	2	1	5	-2.62633	-2.12228	-3.66648	-4.88178
183	4	7	10	4	1	7	1	-1.82748	-3.83294	-2.59428	-1.98396
184	2	4	1	2	2	1	5	-2.77301	-3.65808	-4.16975	-4.16162
185	2	4	1	2	2	1	5	-2.77301	-3.65808	-4.16975	-4.16162
186	2	1	21	3	2	1	5	-2.9372	-2.49621	-4.41348	-4.61039
187	4	7	10	4	1	7	1	-1.82748	-3.83294	-2.59428	-1.98396
188	4	7	10	4	42	51	1	-2.92832	-4.65158	-4.83431	-3.86717
189	2	1	5	3	2	3	5	-4.25333	-3.25991	-5.41568	-4.88161
190	1	2	4	62	4	5	17	-6.12378	-4.85971	-7.45345	-8.77494
191	4	7	10	4	1	7	1	-1.82748	-3.83294	-2.59428	-1.98396
192	4	7	10	4	42	51	1	-2.92832	-4.65158	-4.83431	-3.86717
193	2	1	21	3	2	1	5	-2.9372	-2.49621	-4.41348	-4.61039
194	4	7	10	4	42	51	1	-2.92832	-4.65158	-4.83431	-3.86717
195	2	4	1	2	7	1	5	-2.30124	-5.66235	-5.91305	-5.22527
196	2	4	1	2	2	1	5	-2.77301	-3.65808	-4.16975	-4.16162
197	1	2	3	4	5	9	3	-4.67265	-2.50139	-3.6438	-4.94262
198	1	2	4	62	4	5	17	-6.12378	-4.85971	-7.45345	-8.77494
199	2	250	4	281	358	25	57	-29.5329	-32.1323	-20.4451	-17.9513
200	9	2	4	62	4	5	6	-3.71274	-5.21364	-5.87468	-6.71038
201	1	2	3	4	5	9	3	-4.67265	-2.50139	-3.6438	-4.94262
202	4	7	10	4	1	7	1	-1.82748	-3.83294	-2.59428	-1.98396
203	2	4	2	4	19	3	6	-5.79339	-9.15903	-9.55326	-9.08275
204	4	7	10	4	1	7	1	-1.82748	-3.83294	-2.59428	-1.98396
205	4	7	10	4	42	51	1	-2.92832	-4.65158	-4.83431	-3.86717
206	2	1	12	3	2	1	5	-2.62633	-2.12228	-3.66648	-4.88178
207	4	7	10	4	1	7	1	-1.82748	-3.83294	-2.59428	-1.98396
208	2	1	12	3	2	1	5	-2.62633	-2.12228	-3.66648	-4.88178
209	1	2	4	62	4	5	17	-6.12378	-4.85971	-7.45345	-8.77494
210	4	7	10	4	42	51	1	-2.92832	-4.65158	-4.83431	-3.86717
211	2	4	1	2	2	1	5	-2.77301	-3.65808	-4.16975	-4.16162
212	4	7	10	4	1	7	1	-1.82748	-3.83294	-2.59428	-1.98396
213	2	1	21	3	2	1	5	-2.9372	-2.49621	-4.41348	-4.61039
214	47	2	4	2	6	5	17	-10.0904	-10.8333	-6.24956	-8.22597
215	2	1	21	3	2	1	5	-2.9372	-2.49621	-4.41348	-4.61039
216	2	1	21	3	2	1	5	-2.9372	-2.49621	-4.41348	-4.61039
217	2	4	1	2	2	1	5	-2.77301	-3.65808	-4.16975	-4.16162
218	2	4	1	2	2	1	5	-2.77301	-3.65808	-4.16975	-4.16162
219	10	81	50	99	120	76	52	-6.69531	-6.4254	-5.27745	-5.19042
220	2	4	1	2	2	1	5	-2.77301	-3.65808	-4.16975	-4.16162
221	2	4	1	2	2	1	5	-2.77301	-3.65808	-4.16975	-4.16162
222	1	4	2	2	6	3	17	-4.70284	-2.46049	-4.5777	-5.70271
223	1	2	4	62	4	5	17	-6.12378	-4.85971	-7.45345	-8.77494
224	4	7	10	4	1	7	1	-1.82748	-3.83294	-2.59428	-1.98396
225	4	7	10	4	1	7	1	-1.82748	-3.83294	-2.59428	-1.98396
226	10	1	16	19	10	5	7	-6.40276	-2.75982	-4.21597	-5.23768
227	2	4	1	2	2	1	5	-2.77301	-3.65808	-4.16975	-4.16162
228	2	4	1	2	7	1	5	-2.30124	-5.66235	-5.91305	-5.22527
229	1	4	2	348	6	3	17	-9.20232	-5.37465	-8.05063	-9.95482
230	1	2	4	62	4	5	17	-6.12378	-4.85971	-7.45345	-8.77494
231	10	27	16	19	10	5	7	-20.5545	-12.6758	-15.8761	-18.2516
232	1	4	2	2	6	3	17	-4.70284	-2.46049	-4.5777	-5.70271
233	4	7	10	4	42	51	1	-2.92832	-4.65158	-4.83431	-3.86717
234	2	4	1	2	2	1	5	-2.77301	-3.65808	-4.16975	-4.16162
235	2	1	12	3	2	1	5	-2.62633	-2.12228	-3.66648	-4.88178
236	2	1	12	88	2	1	5	-3.95727	-3.43731	-5.70153	-5.43814
237	2	4	1	2	7	1	5	-2.30124	-5.66235	-5.91305	-5.22527
238	2	1	12	3	2	1	5	-2.62633	-2.12228	-3.66648	-4.88178
239	1	4	2	2	6	3	17	-4.70284	-2.46049	-4.5777	-5.70271
240	2	1	4	28	58	25	58	-5.69012	-8.55878	-5.28477	-4.28355
241	2	1	5	3	2	3	5	-4.25333	-3.25991	-5.41568	-4.88161
242	2	1	12	3	2	1	5	-2.62633	-2.12228	-3.66648	-4.88178
243	2	4	1	2	2	1	5	-2.77301	-3.65808	-4.16975	-4.16162
244	2	1	5	10	11	1	5	-26.6092	-21.8685	-23.9114	-25.5334
245	2	1	12	3	2	1	5	-2.62633	-2.12228	-3.66648	-4.88178
246	2	1	12	88	2	1	5	-3.95727	-3.43731	-5.70153	-5.43814
247	2	1	12	3	2	1	5	-2.62633	-2.12228	-3.66648	-4.88178
248	2	1	12	3	2	1	5	-2.62633	-2.12228	-3.66648	-4.88178
249	1	4	2	2	6	3	17	-4.70284	-2.46049	-4.5777	-5.70271
250	9	2	4	62	4	5	6	-3.71274	-5.21364	-5.87468	-6.71038
251	2	1	12	3	2	1	5	-2.62633	-2.12228	-3.66648	-4.88178
252	8	10	149	2	11	12	6	-4.88837	-3.98468	-5.69793	-7.23722
253	2	1	21	3	2	1	5	-2.9372	-2.49621	-4.41348	-4.61039
254	1	2	3	4	5	9	3	-4.67265	-2.50139	-3.6438	-4.94262
255	2	1	5	3	2	3	5	-4.25333	-3.25991	-5.41568	-4.88161
256	1	307	3	4	5	9	3	-6.8252	-6.44261	-6.17458	-8.04146
257	1	4	2	2	6	3	17	-4.70284	-2.46049	-4.5777	-5.70271
258	2	4	1	2	7	1	5	-2.30124	-5.66235	-5.91305	-5.22527
259	2	4	1	2	2	1	5	-2.77301	-3.65808	-4.16975	-4.16162
260	2	61	4	64	126	7	23	-6.06438	-8.90101	-5.77101	-4.30115
261	7	21	5	62	4	61	44	-7.57961	-3.84504	-5.68175	-7.62555
262	2	1	12	3	2	1	5	-2.62633	-2.12228	-3.66648	-4.88178
263	2	4	1	2	2	1	5	-2.77301	-3.65808	-4.16975	-4.16162
264	2	1	12	3	2	1	5	-2.62633	-2.12228	-3.66648	-4.88178
265	2	1	21	3	2	1	5	-2.9372	-2.49621	-4.41348	-4.61039
266	2	1	21	3	2	1	5	-2.9372	-2.49621	-4.41348	-4.61039
267	2	4	1	2	2	1	5	-2.77301	-3.65808	-4.16975	-4.16162
268	2	4	1	2	2	1	5	-2.77301	-3.65808	-4.16975	-4.16162
269	2	4	1	2	7	1	5	-2.30124	-5.66235	-5.91305	-5.22527
270	4	7	10	4	1	7	1	-1.82748	-3.83294	-2.59428	-1.98396
271	1	2	4	62	4	5	17	-6.12378	-4.85971	-7.45345	-8.77494
272	4	1	21	3	2	1	5	-9.59882	-10.019	-10.2775	-10.3389
273	10	1	16	19	10	5	7	-6.40276	-2.75982	-4.21597	-5.23768
274	33	283	44	82	189	44	17	-7.19596	-3.48518	-5.42259	-6.09942
275	2	1	12	3	2	1	5	-2.62633	-2.12228	-3.66648	-4.88178
276	10	81	50	99	120	76	52	-6.69531	-6.4254	-5.27745	-5.19042
277	4	7	10	4	42	25	1	-8.75051	-10.0154	-5.7683	-5.22009
278	2	4	1	2	2	1	5	-2.77301	-3.65808	-4.16975	-4.16162
279	2	4	5	2	10	1	5	-6.88839	-10.2441	-10.6443	-10.1813
280	2	4	1	2	2	1	5	-2.77301	-3.65808	-4.16975	-4.16162
281	9	2	4	62	4	5	6	-3.71274	-5.21364	-5.87468	-6.71038
282	4	7	10	4	1	7	1	-1.82748	-3.83294	-2.59428	-1.98396
283	2	1	12	3	2	1	5	-2.62633	-2.12228	-3.66648	-4.88178
284	9	2	4	62	4	5	6	-3.71274	-5.21364	-5.87468	-6.71038
285	9	2	4	62	4	5	6	-3.71274	-5.21364	-5.87468	-6.71038
286	2	4	1	2	2	1	5	-2.77301	-3.65808	-4.16975	-4.16162
287	2	1	12	88	2	1	5	-3.95727	-3.43731	-5.70153	-5.43814
288	2	1	21	3	2	1	5	-2.9372	-2.49621	-4.41348	-4.61039
289	33	39	30	79	113	44	17	-25.845	-23.6454	-24.8139	-27.3792
290	1	2	3	4	5	9	3	-4.67265	-2.50139	-3.6438	-4.94262
291	1	4	2	2	6	3	17	-4.70284	-2.46049	-4.5777	-5.70271
292	9	2	4	62	4	5	6	-3.71274	-5.21364	-5.87468	-6.71038
293	2	1	12	3	2	1	5	-2.62633	-2.12228	-3.66648	-4.88178
294	2	1	5	3	2	5	5	-5.632	-2.83951	-4.12612	-5.53241
295	2	1	5	3	2	5	5	-5.632	-2.83951	-4.12612	-5.53241
296	2	4	1	2	2	1	5	-2.77301	-3.65808	-4.16975	-4.16162
297	2	4	1	2	2	1	5	-2.77301	-3.65808	-4.16975	-4.16162
298	2	1	21	3	2	1	5	-2.9372	-2.49621	-4.41348	-4.61039
299	32	39	30	82	104	324	17	-8.51024	-4.69118	-7.36435	-9.26411
300	2	1	12	3	2	1	5	-2.62633	-2.12228	-3.66648	-4.88178
301	4	7	10	4	1	7	1	-1.82748	-3.83294	-2.59428	-1.98396
302	1	4	2	2	6	3	5	-9.00646	-5.2611	-7.96135	-9.86967
303	2	1	21	3	2	1	5	-2.9372	-2.49621	-4.41348	-4.61039
304	4	7	10	4	42	51	1	-2.92832	-4.65158	-4.83431	-3.86717
305	2	4	1	2	7	1	5	-2.30124	-5.66235	-5.91305	-5.22527
306	7	21	5	62	4	61	44	-7.57961	-3.84504	-5.68175	-7.62555
307	104	7	10	4	1	7	1	-4.40511	-7.78357	-8.15599	-7.68401
308	9	25	2	10	22	3	6	-4.47573	-7.72535	-5.8393	-4.41829
309	2	4	2	2	6	3	17	-10.6958	-7.52649	-9.96526	-11.2042
310	2	4	1	2	7	1	5	-2.30124	-5.66235	-5.91305	-5.22527
311	129	66	30	82	189	47	17	-3.24738	-4.89259	-5.43846	-4.21354
312	33	39	30	82	104	173	68	-5.41572	-3.99198	-6.60038	-7.988
313	2	1	12	3	2	1	5	-2.62633	-2.12228	-3.66648	-4.88178
314	2	1	1	3	2	1	5	-4.62582	-3.79201	-6.35513	-7.46822
315	7	21	5	62	4	61	44	-7.57961	-3.84504	-5.68175	-7.62555
316	2	1	21	3	2	1	5	-2.9372	-2.49621	-4.41348	-4.61039
317	4	7	10	4	1	7	1	-1.82748	-3.83294	-2.59428	-1.98396
318	10	2	107	62	120	76	1	-6.86065	-10.0547	-7.81416	-6.37411
319	4	7	10	4	1	7	1	-1.82748	-3.83294	-2.59428	-1.98396
320	2	1	12	3	2	1	5	-2.62633	-2.12228	-3.66648	-4.88178
321	2	1	5	3	2	3	5	-4.25333	-3.25991	-5.41568	-4.88161
322	4	7	10	4	1	7	1	-1.82748	-3.83294	-2.59428	-1.98396
323	2	1	12	88	2	1	5	-3.95727	-3.43731	-5.70153	-5.43814
324	4	7	10	4	42	7	1	-6.60378	-9.17564	-5.51882	-4.71212
325	4	7	10	4	42	51	1	-2.92832	-4.65158	-4.83431	-3.86717
326	2	1	21	3	2	1	5	-2.9372	-2.49621	-4.41348	-4.61039
327	2	1	12	3	2	1	5	-2.62633	-2.12228	-3.66648	-4.88178
328	4	7	10	4	1	7	1	-1.82748	-3.83294	-2.59428	-1.98396
329	2	4	1	2	7	1	5	-2.30124	-5.66235	-5.91305	-5.22527
330	4	7	10	4	1	7	1	-1.82748	-3.83294	-2.59428	-1.98396
331	2	1	12	3	2	1	5	-2.62633	-2.12228	-3.66648	-4.88178
332	4	7	10	4	1	7	1	-1.82748	-3.83294	-2.59428	-1.98396
333	4	7	10	4	1	7	1	-1.82748	-3.83294	-2.59428	-1.98396
334	1	4	2	2	6	3	17	-4.70284	-2.46049	-4.5777	-5.70271
335	2	4	1	2	2	1	5	-2.77301	-3.65808	-4.16975	-4.16162
336	4	7	10	4	1	7	1	-1.82748	-3.83294	-2.59428	-1.98396
337	7	17	2	15	23	3	12	-6.89753	-10.2681	-10.6628	-10.1908
338	2	1	5	3	2	3	5	-4.25333	-3.25991	-5.41568	-4.88161
339	4	7	10	4	1	7	1	-1.82748	-3.83294	-2.59428	-1.98396
340	4	7	10	4	1	7	1	-1.82748	-3.83294	-2.59428	-1.98396
341	4	7	10	4	42	51	1	-2.92832	-4.65158	-4.83431	-3.86717
342	2	4	1	2	2	1	5	-2.77301	-3.65808	-4.16975	-4.16162
343	2	1	12	88	2	1	5	-3.95727	-3.43731	-5.70153	-5.43814
344	2	1	1	3	2	1	5	-4.62582	-3.79201	-6.35513	-7.46822
345	1	2	3	4	5	9	3	-4.67265	-2.50139	-3.6438	-4.94262
346	2	1	12	88	2	1	5	-3.95727	-3.43731	-5.70153	-5.43814
347	2	1	1	3	2	1	5	-4.62582	-3.79201	-6.35513	-7.46822
348	24	17	2	10	23	68	5	-9.60781	-5.78755	-8.46183	-10.3623
349	4	7	10	4	1	7	1	-1.82748	-3.83294	-2.59428	-1.98396
350	2	1	21	3	2	1	5	-2.9372	-2.49621	-4.41348	-4.61039
351	1	4	2	2	6	3	17	-4.70284	-2.46049	-4.5777	-5.70271
352	2	1	5	3	2	3	5	-4.25333	-3.25991	-5.41568	-4.88161
353	4	7	10	4	1	7	1	-1.82748	-3.83294	-2.59428	-1.98396
354	2	1	1	3	2	1	5	-4.62582	-3.79201	-6.35513	-7.46822
355	2	1	12	3	2	1	5	-2.62633	-2.12228	-3.66648	-4.88178
356	8	10	149	2	11	12	6	-4.88837	-3.98468	-5.69793	-7.23722
357	2	4	1	2	2	5	5	-6.81147	-6.40556	-8.81523	-9.74094
358	10	1	16	19	10	5	7	-6.40276	-2.75982	-4.21597	-5.23768
359	24	17	2	10	23	68	5	-9.60781	-5.78755	-8.46183	-10.3623
360	1	2	4	62	4	5	17	-6.12378	-4.85971	-7.45345	-8.77494
361	2	4	1	2	7	1	5	-2.30124	-5.66235	-5.91305	-5.22527
362	7	71	5	62	11	67	6	-29.5321	-28.2292	-28.1336	-27.699
363	7	17	5	2	10	3	6	-25.3646	-23.8915	-23.4153	-23.2059
364	2	1	5	3	2	3	5	-4.25333	-3.25991	-5.41568	-4.88161
365	9	2	4	62	4	5	6	-3.71274	-5.21364	-5.87468	-6.71038
366	33	38	30	82	104	325	36	-14.6404	-11.144	-12.5137	-13.2661
367	2	4	1	2	7	1	5	-2.30124	-5.66235	-5.91305	-5.22527
368	47	2	4	2	6	5	17	-10.0904	-10.8333	-6.24956	-8.22597
369	2	1	12	88	2	1	5	-3.95727	-3.43731	-5.70153	-5.43814
370	2	1	12	88	2	1	5	-3.95727	-3.43731	-5.70153	-5.43814
371	2	1	12	88	2	1	5	-3.95727	-3.43731	-5.70153	-5.43814
372	2	1	12	88	2	1	5	-3.95727	-3.43731	-5.70153	-5.43814
373	2	4	1	2	2	1	5	-2.77301	-3.65808	-4.16975	-4.16162
374	2	1	12	88	2	1	5	-3.95727	-3.43731	-5.70153	-5.43814
375	1	1	2	2	6	3	17	-10.0152	-6.13939	-8.84885	-10.7511
376	2	1	12	88	2	1	5	-3.95727	-3.43731	-5.70153	-5.43814
377	2	1	12	88	2	1	5	-3.95727	-3.43731	-5.70153	-5.43814
378	2	4	1	2	2	1	5	-2.77301	-3.65808	-4.16975	-4.16162
379	2	1	12	88	2	1	5	-3.95727	-3.43731	-5.70153	-5.43814
380	2	1	5	3	2	3	5	-4.25333	-3.25991	-5.41568	-4.88161
381	4	7	10	4	1	7	1	-1.82748	-3.83294	-2.59428	-1.98396
382	2	1	12	3	2	1	5	-2.62633	-2.12228	-3.66648	-4.88178
383	1	2	4	62	4	5	17	-6.12378	-4.85971	-7.45345	-8.77494
384	1	4	2	2	6	3	17	-4.70284	-2.46049	-4.5777	-5.70271
385	2	1	12	3	2	1	5	-2.62633	-2.12228	-3.66648	-4.88178
386	2	1	12	88	2	1	5	-3.95727	-3.43731	-5.70153	-5.43814
387	9	2	4	62	4	5	6	-3.71274	-5.21364	-5.87468	-6.71038
388	2	4	1	2	7	1	5	-2.30124	-5.66235	-5.91305	-5.22527
389	2	1	5	3	2	3	5	-4.25333	-3.25991	-5.41568	-4.88161
390	7	21	5	62	4	61	44	-7.57961	-3.84504	-5.68175	-7.62555
391	1	2	215	4	90	24	8	-31.2612	-30.5651	-23.2989	-19.9348
392	2	1	21	3	2	1	5	-2.9372	-2.49621	-4.41348	-4.61039
393	1	4	2	2	6	3	17	-4.70284	-2.46049	-4.5777	-5.70271
394	2	4	1	2	2	1	5	-2.77301	-3.65808	-4.16975	-4.16162
395	2	1	12	3	2	1	5	-2.62633	-2.12228	-3.66648	-4.88178
396	1	2	3	4	5	9	3	-4.67265	-2.50139	-3.6438	-4.94262
397	2	1	5	3	2	3	5	-4.25333	-3.25991	-5.41568	-4.88161
398	10	1	16	19	10	5	7	-6.40276	-2.75982	-4.21597	-5.23768
399	2	1	2	3	2	959	5	-8.08827	-11.1655	-10.796	-9.24238
400	10	1	16	19	10	5	7	-6.40276	-2.75982	-4.21597	-5.23768
401	2	4	1	2	7	1	5	-2.30124	-5.66235	-5.91305	-5.22527
402	2	1	12	3	2	1	5	-2.62633	-2.12228	-3.66648	-4.88178
403	8	10	149	2	11	12	6	-4.88837	-3.98468	-5.69793	-7.23722
404	2	4	1	2	7	1	5	-2.30124	-5.66235	-5.91305	-5.22527
405	4	7	10	4	1	7	1	-1.82748	-3.83294	-2.59428	-1.98396
406	4	7	10	4	1	7	1	-1.82748	-3.83294	-2.59428	-1.98396
407	2	4	5	2	2	5	5	-3.66804	-7.01337	-6.92787	-5.94434
408	2	1	12	3	2	1	5	-2.62633	-2.12228	-3.66648	-4.88178
409	166	2	27	10	151	3	1	-32.1567	-34.1425	-27.9962	-23.8143
410	33	39	30	79	113	44	17	-25.845	-23.6454	-24.8139	-27.3792
411	7	17	2	15	23	3	12	-6.89753	-10.2681	-10.6628	-10.1908
412	1	2	3	4	5	9	3	-4.67265	-2.50139	-3.6438	-4.94262
413	2	4	1	2	7	1	5	-2.30124	-5.66235	-5.91305	-5.22527
414	7	21	5	62	4	61	44	-7.57961	-3.84504	-5.68175	-7.62555
415	2	1	12	3	2	1	5	-2.62633	-2.12228	-3.66648	-4.88178
416	1	2	3	4	5	9	3	-4.67265	-2.50139	-3.6438	-4.94262
417	2	1	5	88	2	11	5	-8.85265	-5.35887	-6.0875	-8.05799
418	2	4	1	2	7	1	5	-2.30124	-5.66235	-5.91305	-5.22527
419	2	1	21	3	2	1	5	-2.9372	-2.49621	-4.41348	-4.61039
420	7	17	2	15	23	3	12	-6.89753	-10.2681	-10.6628	-10.1908
421	2	1	5	88	2	11	5	-8.85265	-5.35887	-6.0875	-8.05799
422	47	2	4	2	6	5	17	-10.0904	-10.8333	-6.24956	-8.22597
423	1	2	3	4	5	9	3	-4.67265	-2.50139	-3.6438	-4.94262
424	7	17	2	15	23	3	12	-6.89753	-10.2681	-10.6628	-10.1908
425	2	4	1	2	2	1	5	-2.77301	-3.65808	-4.16975	-4.16162
426	2	4	1	2	2	1	5	-2.77301	-3.65808	-4.16975	-4.16162
427	2	4	1	2	2	1	5	-2.77301	-3.65808	-4.16975	-4.16162
428	2	1	12	3	2	1	5	-2.62633	-2.12228	-3.66648	-4.88178
429	2	4	5	2	2	5	5	-3.66804	-7.01337	-6.92787	-5.94434
430	2	1	21	3	2	1	5	-2.9372	-2.49621	-4.41348	-4.61039
431	4	7	10	4	42	25	1	-8.75051	-10.0154	-5.7683	-5.22009
432	1	4	2	2	6	3	17	-4.70284	-2.46049	-4.5777	-5.70271
433	1	2	215	4	923	24	8	-31.2612	-30.5651	-23.2989	-19.9348
434	1	2	3	4	5	9	3	-4.67265	-2.50139	-3.6438	-4.94262
435	2	1	1	3	2	1	5	-4.62582	-3.79201	-6.35513	-7.46822
436	1	4	2	2	6	3	17	-4.70284	-2.46049	-4.5777	-5.70271
437	2	4	1	2	2	1	5	-2.77301	-3.65808	-4.16975	-4.16162
438	2	1	5	3	2	5	5	-5.632	-2.83951	-4.12612	-5.53241
439	4	7	10	4	42	51	1	-2.92832	-4.65158	-4.83431	-3.86717
440	4	7	10	4	1	7	1	-1.82748	-3.83294	-2.59428	-1.98396
441	4	7	10	4	1	7	1	-1.82748	-3.83294	-2.59428	-1.98396
442	4	7	10	4	1	7	1	-1.82748	-3.83294	-2.59428	-1.98396
443	2	1	21	3	2	1	5	-2.9372	-2.49621	-4.41348	-4.61039
444	2	1	21	3	2	1	5	-2.9372	-2.49621	-4.41348	-4.61039
445	2	4	1	2	7	1	5	-2.30124	-5.66235	-5.91305	-5.22527
446	4	7	10	4	1	7	1	-1.82748	-3.83294	-2.59428	-1.98396
447	4	7	10	4	1	7	1	-1.82748	-3.83294	-2.59428	-1.98396
448	2	1	1	3	2	1	5	-4.62582	-3.79201	-6.35513	-7.46822
449	2	1	21	3	2	1	5	-2.9372	-2.49621	-4.41348	-4.61039
450	2	1	21	3	2	1	5	-2.9372	-2.49621	-4.41348	-4.61039
451	4	7	10	4	42	51	1	-2.92832	-4.65158	-4.83431	-3.86717
452	4	7	10	1	1	7	1	-5.2653	-8.5113	-6.00561	-6.1373
453	239	27	16	19	10	5	7	-10.3037	-6.48299	-9.15554	-11.0564
454	2	1	12	3	2	1	5	-2.62633	-2.12228	-3.66648	-4.88178
455	2	4	1	2	2	1	5	-2.77301	-3.65808	-4.16975	-4.16162
456	2	1	12	3	2	1	5	-2.62633	-2.12228	-3.66648	-4.88178
457	2	1	12	3	2	1	5	-2.62633	-2.12228	-3.66648	-4.88178
458	10	81	50	99	120	76	52	-6.69531	-6.4254	-5.27745	-5.19042
459	47	2	4	2	6	5	17	-10.0904	-10.8333	-6.24956	-8.22597
460	2	4	1	3	2	1	5	-6.81432	-8.46323	-9.76915	-9.92903
461	4	7	10	4	1	7	1	-1.82748	-3.83294	-2.59428	-1.98396
462	2	1	1	380	2	1	5	-6.16204	-5.74284	-8.2495	-9.13828
463	2	4	1	2	7	1	5	-2.30124	-5.66235	-5.91305	-5.22527
464	2	1	12	88	2	1	5	-3.95727	-3.43731	-5.70153	-5.43814
465	7	71	5	62	11	67	1	-31.1991	-28.472	-26.9134	-26.9196
466	2	4	1	2	7	1	5	-2.30124	-5.66235	-5.91305	-5.22527
467	4	7	10	4	1	7	1	-1.82748	-3.83294	-2.59428	-1.98396
468	2	1	1	380	2	1	5	-6.16204	-5.74284	-8.2495	-9.13828
469	2	4	1	2	2	1	5	-2.77301	-3.65808	-4.16975	-4.16162
470	2	1	12	3	2	1	5	-2.62633	-2.12228	-3.66648	-4.88178
471	1	14	2	2	6	1	17	-9.55234	-6.45901	-7.62364	-6.38847
472	1	2	4	62	4	5	17	-6.12378	-4.85971	-7.45345	-8.77494
473	4	7	10	4	1	7	1	-1.82748	-3.83294	-2.59428	-1.98396
474	2	1	21	3	2	1	5	-2.9372	-2.49621	-4.41348	-4.61039
475	2	4	1	2	2	1	5	-2.77301	-3.65808	-4.16975	-4.16162
476	1	4	2	2	6	3	17	-4.70284	-2.46049	-4.5777	-5.70271
477	4	7	10	4	1	7	1	-1.82748	-3.83294	-2.59428	-1.98396
478	10	2	107	62	120	76	1	-6.86065	-10.0547	-7.81416	-6.37411
479	2	1	12	3	2	1	5	-2.62633	-2.12228	-3.66648	-4.88178
480	2	1	5	3	2	3	5	-4.25333	-3.25991	-5.41568	-4.88161
481	2	1	21	3	2	1	5	-2.9372	-2.49621	-4.41348	-4.61039
482	1	2	3	4	5	9	3	-4.67265	-2.50139	-3.6438	-4.94262
483	1	307	3	4	5	9	3	-6.8252	-6.44261	-6.17458	-8.04146
484	7	2	5	2	10	3	6	-31.068	-26.983	-28.2026	-29.3819
485	1	2	3	4	5	9	3	-4.67265	-2.50139	-3.6438	-4.94262
486	33	39	30	82	104	173	68	-5.41572	-3.99198	-6.60038	-7.988
487	4	7	10	4	42	7	1	-6.60378	-9.17564	-5.51882	-4.71212
488	2	1	12	88	2	1	5	-3.95727	-3.43731	-5.70153	-5.43814
489	2	4	1	2	2	1	5	-2.77301	-3.65808	-4.16975	-4.16162
490	2	1	21	3	2	1	5	-2.9372	-2.49621	-4.41348	-4.61039
491	9	2	4	62	4	5	6	-3.71274	-5.21364	-5.87468	-6.71038
492	2	1	5	3	2	3	5	-4.25333	-3.25991	-5.41568	-4.88161
493	4	7	10	4	1	7	1	-1.82748	-3.83294	-2.59428	-1.98396
494	2	1	57	26	127	29	35	-6.85227	-9.80874	-6.23303	-8.08374
495	2	1	57	26	127	29	35	-6.85227	-9.80874	-6.23303	-8.08374
496	2	4	2	4	19	3	6	-5.79339	-9.15903	-9.55326	-9.08275
497	2	1	12	3	2	1	5	-2.62633	-2.12228	-3.66648	-4.88178
498	2	4	1	2	2	1	5	-2.77301	-3.65808	-4.16975	-4.16162
499	2	4	1	2	2	1	5	-2.77301	-3.65808	-4.16975	-4.16162
500	2	1	21	3	2	1	5	-2.9372	-2.49621	-4.41348	-4.61039
501	33	39	65	79	104	43	17	-4.59403	-7.96526	-8.35942	-7.88825
502	1	14	2	2	6	1	17	-9.55234	-6.45901	-7.62364	-6.38847
503	2	1	12	3	2	1	5	-2.62633	-2.12228	-3.66648	-4.88178
504	7	21	5	62	4	61	44	-7.57961	-3.84504	-5.68175	-7.62555
505	9	2	4	62	4	5	6	-3.71274	-5.21364	-5.87468	-6.71038
506	129	66	30	82	189	47	17	-3.24738	-4.89259	-5.43846	-4.21354
507	2	1	21	3	2	1	5	-2.9372	-2.49621	-4.41348	-4.61039
508	47	2	4	2	6	5	17	-10.0904	-10.8333	-6.24956	-8.22597
509	2	4	1	2	7	1	5	-2.30124	-5.66235	-5.91305	-5.22527
510	33	38	30	82	104	325	36	-14.6404	-11.144	-12.5137	-13.2661
511	1	4	2	2	6	3	17	-4.70284	-2.46049	-4.5777	-5.70271
512	1	4	2	2	6	3	17	-4.70284	-2.46049	-4.5777	-5.70271
513	2	4	1	2	2	1	5	-2.77301	-3.65808	-4.16975	-4.16162
514	4	7	10	4	1	7	1	-1.82748	-3.83294	-2.59428	-1.98396
515	33	283	44	82	189	44	17	-7.19596	-3.48518	-5.42259	-6.09942
516	8	10	149	2	11	12	6	-4.88837	-3.98468	-5.69793	-7.23722
517	2	1	21	3	62	1	5	-5.79033	-9.14346	-9.55058	-9.08445
518	10	1	16	19	10	5	7	-6.40276	-2.75982	-4.21597	-5.23768
519	180	194	2	68	19	231	147	-26.9771	-31.9513	-25.8374	-19.6307
520	2	4	1	2	7	1	5	-2.30124	-5.66235	-5.91305	-5.22527
521	2	4	2	2	6	1	5	-6.09664	-4.84237	-5.98201	-7.76626
522	1	2	3	4	5	9	3	-4.67265	-2.50139	-3.6438	-4.94262
523	2	1	21	3	2	1	5	-2.9372	-2.49621	-4.41348	-4.61039
524	2	1	12	3	2	1	5	-2.62633	-2.12228	-3.66648	-4.88178
525	2	1	5	3	2	3	5	-4.25333	-3.25991	-5.41568	-4.88161
526	1	307	3	4	5	9	3	-6.8252	-6.44261	-6.17458	-8.04146
527	2	4	1	2	7	1	5	-2.30124	-5.66235	-5.91305	-5.22527
528	2	1	12	3	2	1	5	-2.62633	-2.12228	-3.66648	-4.88178
529	7	21	5	62	4	61	44	-7.57961	-3.84504	-5.68175	-7.62555
530	2	1	5	3	2	3	5	-4.25333	-3.25991	-5.41568	-4.88161
531	2	1	12	88	2	1	5	-3.95727	-3.43731	-5.70153	-5.43814
532	2	1	21	3	2	1	5	-2.9372	-2.49621	-4.41348	-4.61039
533	1	4	2	2	6	3	17	-4.70284	-2.46049	-4.5777	-5.70271
534	2	4	1	2	7	1	5	-2.30124	-5.66235	-5.91305	-5.22527
535	47	2	4	2	6	5	17	-10.0904	-10.8333	-6.24956	-8.22597
536	1	4	2	2	6	3	17	-4.70284	-2.46049	-4.5777	-5.70271
537	1	2	3	4	5	9	3	-4.67265	-2.50139	-3.6438	-4.94262
538	2	4	1	2	2	1	5	-2.77301	-3.65808	-4.16975	-4.16162
539	4	7	10	4	42	7	1	-6.60378	-9.17564	-5.51882	-4.71212
540	2	4	1	9	2	1	5	-7.09604	-8.31562	-7.52613	-6.36965
541	2	1	12	3	2	1	5	-2.62633	-2.12228	-3.66648	-4.88178
542	1	4	2	9	6	3	17	-9.03122	-7.06862	-7.9052	-7.89905
543	1	2	3	4	922	9	3	-9.01049	-7.16106	-7.00144	-7.15262
544	4	7	10	4	1	7	1	-1.82748	-3.83294	-2.59428	-1.98396
545	2	1	5	3	2	3	5	-4.25333	-3.25991	-5.41568	-4.88161
546	2	4	1	2	7	1	5	-2.30124	-5.66235	-5.91305	-5.22527
547	4	7	10	4	1	7	1	-1.82748	-3.83294	-2.59428	-1.98396
548	2	4	1	2	2	1	5	-2.77301	-3.65808	-4.16975	-4.16162
549	2	1	21	3	2	1	5	-2.9372	-2.49621	-4.41348	-4.61039
550	4	7	10	4	1	7	1	-1.82748	-3.83294	-2.59428	-1.98396
551	1	4	2	2	6	3	17	-4.70284	-2.46049	-4.5777	-5.70271
552	2	1	5	3	2	5	5	-5.632	-2.83951	-4.12612	-5.53241
553	2	1	12	3	2	1	5	-2.62633	-2.12228	-3.66648	-4.88178
554	4	936	10	4	1	7	1	-6.16006	-8.48933	-5.92766	-4.19479
555	180	194	2	68	19	231	147	-26.9771	-31.9513	-25.8374	-19.6307
556	4	7	10	4	42	51	1	-2.92832	-4.65158	-4.83431	-3.86717
557	4	7	10	4	42	25	1	-8.75051	-10.0154	-5.7683	-5.22009
558	2	1	21	3	2	1	5	-2.9372	-2.49621	-4.41348	-4.61039
559	2	1	5	3	2	3	5	-4.25333	-3.25991	-5.41568	-4.88161
560	2	1	5	3	2	3	5	-4.25333	-3.25991	-5.41568	-4.88161
561	4	7	10	4	42	51	1	-2.92832	-4.65158	-4.83431	-3.86717
562	4	7	10	4	1	7	1	-1.82748	-3.83294	-2.59428	-1.98396
563	2	4	1	2	7	1	5	-2.30124	-5.66235	-5.91305	-5.22527
564	2	1	21	3	2	1	5	-2.9372	-2.49621	-4.41348	-4.61039
565	1	4	2	2	6	3	17	-4.70284	-2.46049	-4.5777	-5.70271
566	188	313	5	2	89	5	6	-40.1107	-36.0317	-37.0684	-40.3991
567	2	1	21	3	2	1	5	-2.9372	-2.49621	-4.41348	-4.61039
568	2	1	1	3	2	1	5	-4.62582	-3.79201	-6.35513	-7.46822
569	2	1	5	3	2	3	5	-4.25333	-3.25991	-5.41568	-4.88161
570	2	4	1	2	2	1	5	-2.77301	-3.65808	-4.16975	-4.16162
571	2	1	5	3	2	3	5	-4.25333	-3.25991	-5.41568	-4.88161
572	2	1	1	3	2	1	5	-4.62582	-3.79201	-6.35513	-7.46822
573	2	1	5	3	2	3	5	-4.25333	-3.25991	-5.41568	-4.88161
574	1	4	2	2	6	3	17	-4.70284	-2.46049	-4.5777	-5.70271
575	1	4	2	2	6	3	17	-4.70284	-2.46049	-4.5777	-5.70271
576	2	1	21	3	2	1	5	-2.9372	-2.49621	-4.41348	-4.61039
577	239	27	16	19	10	5	7	-10.3037	-6.48299	-9.15554	-11.0564
578	2	4	5	2	2	5	5	-3.66804	-7.01337	-6.92787	-5.94434
579	9	2	4	62	4	5	6	-3.71274	-5.21364	-5.87468	-6.71038
580	2	1	1	3	2	1	5	-4.62582	-3.79201	-6.35513	-7.46822
581	2	1	5	3	2	3	5	-4.25333	-3.25991	-5.41568	-4.88161
582	1	4	2	2	6	3	17	-4.70284	-2.46049	-4.5777	-5.70271
583	2	4	5	2	2	5	5	-3.66804	-7.01337	-6.92787	-5.94434
584	2	4	5	2	2	5	5	-3.66804	-7.01337	-6.92787	-5.94434
585	2	1	5	3	2	3	5	-4.25333	-3.25991	-5.41568	-4.88161
586	2	1	1	380	2	1	5	-6.16204	-5.74284	-8.2495	-9.13828
587	2	7	10	4	1	7	1	-6.53595	-8.66815	-7.91799	-7.42233
588	2	1	12	3	2	1	5	-2.62633	-2.12228	-3.66648	-4.88178
589	2	4	1	2	2	1	5	-2.77301	-3.65808	-4.16975	-4.16162
590	9	2	4	62	4	5	6	-3.71274	-5.21364	-5.87468	-6.71038
591	2	4	5	2	2	5	5	-3.66804	-7.01337	-6.92787	-5.94434
592	1	4	2	2	6	3	17	-4.70284	-2.46049	-4.5777	-5.70271
593	1	4	2	2	6	5	17	-12.6977	-8.58847	-11.3701	-13.9629
594	2	4	2	2	6	1	5	-6.09664	-4.84237	-5.98201	-7.76626
595	1	4	2	2	6	5	17	-12.6977	-8.58847	-11.3701	-13.9629
596	2	23	21	3	2	1	5	-7.27617	-7.16114	-7.77319	-6.82171
597	7	21	5	62	4	61	44	-7.57961	-3.84504	-5.68175	-7.62555
598	2	4	1	2	2	1	5	-2.77301	-3.65808	-4.16975	-4.16162
599	1	307	3	4	5	9	3	-6.8252	-6.44261	-6.17458	-8.04146
600	1	2	3	4	5	9	3	-4.67265	-2.50139	-3.6438	-4.94262
601	9	2	4	62	4	5	6	-3.71274	-5.21364	-5.87468	-6.71038
602	2	1	12	3	2	1	5	-2.62633	-2.12228	-3.66648	-4.88178
603	1	4	2	2	6	3	17	-4.70284	-2.46049	-4.5777	-5.70271
604	10	1	16	19	10	5	7	-6.40276	-2.75982	-4.21597	-5.23768
605	2	1	12	3	2	1	5	-2.62633	-2.12228	-3.66648	-4.88178
606	180	194	2	68	19	231	147	-26.9771	-31.9513	-25.8374	-19.6307
607	2	1	12	3	2	1	5	-2.62633	-2.12228	-3.66648	-4.88178
608	4	7	10	4	1	7	1	-1.82748	-3.83294	-2.59428	-1.98396
609	129	66	30	82	189	47	17	-3.24738	-4.89259	-5.43846	-4.21354
610	4	7	10	4	1	7	1	-1.82748	-3.83294	-2.59428	-1.98396
611	2	1	12	3	2	1	5	-2.62633	-2.12228	-3.66648	-4.88178
612	2	1	21	3	2	1	5	-2.9372	-2.49621	-4.41348	-4.61039
613	4	7	10	4	1	7	1	-1.82748	-3.83294	-2.59428	-1.98396
614	10	1	16	19	10	5	7	-6.40276	-2.75982	-4.21597	-5.23768
615	8	10	149	2	11	12	6	-4.88837	-3.98468	-5.69793	-7.23722
616	129	66	30	82	189	47	17	-3.24738	-4.89259	-5.43846	-4.21354
617	2	4	1	2	2	1	5	-2.77301	-3.65808	-4.16975	-4.16162
618	180	194	2	68	19	231	147	-26.9771	-31.9513	-25.8374	-19.6307
619	2	1	5	3	2	3	5	-4.25333	-3.25991	-5.41568	-4.88161
620	2	4	1	2	2	1	5	-2.77301	-3.65808	-4.16975	-4.16162
621	1	2	3	4	5	9	3	-4.67265	-2.50139	-3.6438	-4.94262
622	180	194	2	68	19	231	147	-26.9771	-31.9513	-25.8374	-19.6307
623	33	39	65	79	104	43	17	-4.59403	-7.96526	-8.35942	-7.88825
624	2	4	5	2	2	5	5	-3.66804	-7.01337	-6.92787	-5.94434
625	2	1	5	3	2	5	5	-5.632	-2.83951	-4.12612	-5.53241
626	2	1	12	3	2	1	5	-2.62633	-2.12228	-3.66648	-4.88178
627	180	194	2	68	19	231	147	-26.9771	-31.9513	-25.8374	-19.6307
628	2	1	21	3	2	1	5	-2.9372	-2.49621	-4.41348	-4.61039
629	2	1	5	3	2	5	5	-5.632	-2.83951	-4.12612	-5.53241
630	2	1	21	3	2	1	5	-2.9372	-2.49621	-4.41348	-4.61039
631	1	2	3	4	5	9	3	-4.67265	-2.50139	-3.6438	-4.94262
632	2	1	21	3	2	1	5	-2.9372	-2.49621	-4.41348	-4.61039
633	8	10	2	2	11	12	6	-3.95041	-7.26413	-7.71175	-7.24488
634	2	4	1	2	7	1	5	-2.30124	-5.66235	-5.91305	-5.22527
635	2	1	5	3	2	3	5	-4.25333	-3.25991	-5.41568	-4.88161
636	1	2	3	4	5	9	3	-4.67265	-2.50139	-3.6438	-4.94262
637	9	2	4	62	4	5	6	-3.71274	-5.21364	-5.87468	-6.71038
638	2	1	21	3	2	1	5	-2.9372	-2.49621	-4.41348	-4.61039
639	8	10	149	2	11	12	6	-4.88837	-3.98468	-5.69793	-7.23722
640	2	1	12	88	2	1	5	-3.95727	-3.43731	-5.70153	-5.43814
641	2	4	1	2	2	1	5	-2.77301	-3.65808	-4.16975	-4.16162
642	2	1	5	10	10	1	5	-23.164	-22.813	-22.59	-23.799
643	1	2	3	4	5	9	3	-4.67265	-2.50139	-3.6438	-4.94262
644	2	4	1	2	7	1	5	-2.30124	-5.66235	-5.91305	-5.22527
645	2	4	1	2	2	1	5	-2.77301	-3.65808	-4.16975	-4.16162
646	1	2	3	4	5	9	3	-4.67265	-2.50139	-3.6438	-4.94262
647	2	1	12	88	2	1	5	-3.95727	-3.43731	-5.70153	-5.43814
648	4	7	10	4	1	7	1	-1.82748	-3.83294	-2.59428	-1.98396
649	2	1	21	3	2	1	5	-2.9372	-2.49621	-4.41348	-4.61039
650	2	4	1	2	7	1	5	-2.30124	-5.66235	-5.91305	-5.22527
651	33	38	30	82	118	43	17	-20.0669	-18.627	-21.0214	-22.905
652	2	4	1	2	2	1	5	-2.77301	-3.65808	-4.16975	-4.16162
653	2	1	5	3	2	3	5	-4.25333	-3.25991	-5.41568	-4.88161
654	4	7	10	4	1	7	1	-1.82748	-3.83294	-2.59428	-1.98396
655	8	10	2	2	11	12	6	-3.95041	-7.26413	-7.71175	-7.24488
656	2	4	5	2	2	5	5	-3.66804	-7.01337	-6.92787	-5.94434
657	4	7	10	4	1	7	1	-1.82748	-3.83294	-2.59428	-1.98396
658	2	1	5	3	2	3	5	-4.25333	-3.25991	-5.41568	-4.88161
659	33	39	30	82	113	47	17	-5.77561	-5.7555	-8.17415	-8.84355
660	2	1	21	3	2	1	5	-2.9372	-2.49621	-4.41348	-4.61039
661	2	4	1	2	7	1	5	-2.30124	-5.66235	-5.91305	-5.22527
662	2	1	1	3	2	1	5	-4.62582	-3.79201	-6.35513	-7.46822
663	4	7	10	4	1	7	1	-1.82748	-3.83294	-2.59428	-1.98396
664	7	21	5	62	4	61	44	-7.57961	-3.84504	-5.68175	-7.62555
665	10	81	50	99	120	76	52	-6.69531	-6.4254	-5.27745	-5.19042
666	4	7	10	4	1	7	1	-1.82748	-3.83294	-2.59428	-1.98396
667	1	2	3	4	5	9	3	-4.67265	-2.50139	-3.6438	-4.94262
668	1	2	3	4	5	9	3	-4.67265	-2.50139	-3.6438	-4.94262
669	2	4	1	2	7	1	5	-2.30124	-5.66235	-5.91305	-5.22527
670	4	7	10	4	1	7	1	-1.82748	-3.83294	-2.59428	-1.98396
671	2	1	5	3	2	3	5	-4.25333	-3.25991	-5.41568	-4.88161
672	1	4	2	2	6	3	17	-4.70284	-2.46049	-4.5777	-5.70271
673	4	935	10	4	1	7	1	-6.16006	-8.48933	-5.92766	-4.19479
674	10	1	16	19	10	5	7	-6.40276	-2.75982	-4.21597	-5.23768
675	4	7	10	4	1	7	1	-1.82748	-3.83294	-2.59428	-1.98396
676	33	39	65	79	104	43	17	-4.59403	-7.96526	-8.35942	-7.88825
677	2	4	2	2	6	1	5	-6.09664	-4.84237	-5.98201	-7.76626
678	4	7	10	4	42	25	1	-8.75051	-10.0154	-5.7683	-5.22009
679	1	4	2	2	6	3	17	-4.70284	-2.46049	-4.5777	-5.70271
680	4	7	10	4	42	25	1	-8.75051	-10.0154	-5.7683	-5.22009
681	4	7	10	4	42	25	1	-8.75051	-10.0154	-5.7683	-5.22009
682	4	7	10	4	1	7	1	-1.82748	-3.83294	-2.59428	-1.98396
683	2	4	1	2	7	1	5	-2.30124	-5.66235	-5.91305	-5.22527
684	4	7	10	4	1	7	1	-1.82748	-3.83294	-2.59428	-1.98396
685	4	7	10	4	42	7	1	-6.60378	-9.17564	-5.51882	-4.71212
686	10	27	16	19	10	5	7	-20.5545	-12.6758	-15.8761	-18.2516
687	10	81	50	99	120	76	52	-6.69531	-6.4254	-5.27745	-5.19042
688	4	7	10	4	1	7	1	-1.82748	-3.83294	-2.59428	-1.98396
689	4	7	10	4	42	51	1	-2.92832	-4.65158	-4.83431	-3.86717
690	4	7	10	4	1	7	1	-1.82748	-3.83294	-2.59428	-1.98396
691	10	81	50	99	120	76	52	-6.69531	-6.4254	-5.27745	-5.19042
692	2	4	1	2	2	1	5	-2.77301	-3.65808	-4.16975	-4.16162
693	4	7	10	4	42	51	1	-2.92832	-4.65158	-4.83431	-3.86717
694	4	7	10	4	42	51	1	-2.92832	-4.65158	-4.83431	-3.86717
695	4	7	10	4	42	51	1	-2.92832	-4.65158	-4.83431	-3.86717
696	8	10	2	2	11	12	6	-3.95041	-7.26413	-7.71175	-7.24488
697	33	38	30	82	104	43	17	-5.28702	-8.65706	-9.05035	-8.57756
698	4	7	10	4	1	7	1	-1.82748	-3.83294	-2.59428	-1.98396
699	10	81	50	99	120	76	52	-6.69531	-6.4254	-5.27745	-5.19042
700	2	4	1	2	7	1	5	-2.30124	-5.66235	-5.91305	-5.22527
701	4	7	10	4	1	7	1	-1.82748	-3.83294	-2.59428	-1.98396
702	4	7	10	4	1	7	1	-1.82748	-3.83294	-2.59428	-1.98396
703	10	81	50	99	120	76	52	-6.69531	-6.4254	-5.27745	-5.19042
704	4	7	10	4	42	51	1	-2.92832	-4.65158	-4.83431	-3.86717
705	9	2	4	62	4	5	6	-3.71274	-5.21364	-5.87468	-6.71038
706	4	7	10	4	1	7	1	-1.82748	-3.83294	-2.59428	-1.98396
707	2	1	1	3	2	1	5	-4.62582	-3.79201	-6.35513	-7.46822
708	1	14	2	2	6	1	17	-9.55234	-6.45901	-7.62364	-6.38847
709	2	4	2	2	6	1	5	-6.09664	-4.84237	-5.98201	-7.76626
710	2	4	2	2	6	1	5	-6.09664	-4.84237	-5.98201	-7.76626
711	4	7	10	4	42	51	1	-2.92832	-4.65158	-4.83431	-3.86717
712	10	2	107	62	120	76	1	-6.86065	-10.0547	-7.81416	-6.37411
713	2	1	12	3	2	1	5	-2.62633	-2.12228	-3.66648	-4.88178
714	2	4	1	2	2	1	5	-2.77301	-3.65808	-4.16975	-4.16162
715	47	2	4	2	6	5	17	-10.0904	-10.8333	-6.24956	-8.22597
716	4	7	10	4	42	5	1	-10.8964	-10.7623	-10.9928	-11.6103
717	2	1	12	3	2	1	5	-2.62633	-2.12228	-3.66648	-4.88178
718	4	7	10	4	42	51	1	-2.92832	-4.65158	-4.83431	-3.86717
719	1	307	3	4	5	9	3	-6.8252	-6.44261	-6.17458	-8.04146
720	2	1	21	3	2	1	5	-2.9372	-2.49621	-4.41348	-4.61039
721	4	7	10	4	1	7	1	-1.82748	-3.83294	-2.59428	-1.98396
722	2	4	1	2	2	1	5	-2.77301	-3.65808	-4.16975	-4.16162
723	2	1	12	3	2	1	5	-2.62633	-2.12228	-3.66648	-4.88178
724	4	7	10	4	1	7	1	-1.82748	-3.83294	-2.59428	-1.98396
725	2	1	21	3	2	1	5	-2.9372	-2.49621	-4.41348	-4.61039
726	2	1	1	3	2	1	5	-4.62582	-3.79201	-6.35513	-7.46822
727	4	7	10	4	1	7	1	-1.82748	-3.83294	-2.59428	-1.98396
728	2	1	12	3	2	1	5	-2.62633	-2.12228	-3.66648	-4.88178
729	1	4	3	2	6	3	17	-14.4235	-9.07611	-11.6386	-14.3622
730	2	1	12	3	2	1	5	-2.62633	-2.12228	-3.66648	-4.88178
731	2	1	12	88	2	1	5	-3.95727	-3.43731	-5.70153	-5.43814
732	1	4	2	2	6	3	17	-4.70284	-2.46049	-4.5777	-5.70271
733	4	7	10	4	42	51	1	-2.92832	-4.65158	-4.83431	-3.86717
734	2	1	12	3	2	1	5	-2.62633	-2.12228	-3.66648	-4.88178
735	4	7	10	4	1	7	1	-1.82748	-3.83294	-2.59428	-1.98396
736	2	1	12	88	2	1	5	-3.95727	-3.43731	-5.70153	-5.43814
737	2	1	21	3	2	1	5	-2.9372	-2.49621	-4.41348	-4.61039
738	2	4	5	2	2	5	5	-3.66804	-7.01337	-6.92787	-5.94434
739	2	4	5	2	2	5	5	-3.66804	-7.01337	-6.92787	-5.94434
740	2	1	21	3	62	1	5	-5.79033	-9.14346	-9.55058	-9.08445
741	4	7	10	4	42	25	1	-8.75051	-10.0154	-5.7683	-5.22009
742	1	2	4	62	4	5	17	-6.12378	-4.85971	-7.45345	-8.77494
743	1	2	3	4	5	9	3	-4.67265	-2.50139	-3.6438	-4.94262
744	8	10	2	2	11	12	6	-3.95041	-7.26413	-7.71175	-7.24488
745	2	1	12	88	2	1	5	-3.95727	-3.43731	-5.70153	-5.43814
746	2	4	5	2	2	5	5	-3.66804	-7.01337	-6.92787	-5.94434
747	2	1	12	3	2	1	5	-2.62633	-2.12228	-3.66648	-4.88178
748	7	21	5	62	4	61	44	-7.57961	-3.84504	-5.68175	-7.62555
749	9	2	4	62	4	5	6	-3.71274	-5.21364	-5.87468	-6.71038
750	10	1	16	19	10	5	7	-6.40276	-2.75982	-4.21597	-5.23768
751	10	1	16	19	10	5	7	-6.40276	-2.75982	-4.21597	-5.23768
752	8	10	2	2	11	12	6	-3.95041	-7.26413	-7.71175	-7.24488
753	1	4	2	2	6	3	17	-4.70284	-2.46049	-4.5777	-5.70271
754	2	1	12	3	2	1	5	-2.62633	-2.12228	-3.66648	-4.88178
755	2	1	12	88	2	1	5	-3.95727	-3.43731	-5.70153	-5.43814
756	2	29	4	27	10	25	57	-20.0991	-22.6197	-14.1734	-12.2847
757	2	1	5	3	2	3	5	-4.25333	-3.25991	-5.41568	-4.88161
758	2	1	12	3	2	1	5	-2.62633	-2.12228	-3.66648	-4.88178
759	37	52	57	26	107	29	23	-8.56979	-9.85239	-5.66732	-4.96237
760	2	4	1	2	7	1	5	-2.30124	-5.66235	-5.91305	-5.22527
761	1	2	3	4	5	9	3	-4.67265	-2.50139	-3.6438	-4.94262
762	2	1	12	3	2	1	5	-2.62633	-2.12228	-3.66648	-4.88178
763	1	4	2	2	6	3	17	-4.70284	-2.46049	-4.5777	-5.70271
764	1	4	2	2	6	3	17	-4.70284	-2.46049	-4.5777	-5.70271
765	1	2	3	4	5	9	3	-4.67265	-2.50139	-3.6438	-4.94262
766	4	7	10	4	1	7	1	-1.82748	-3.83294	-2.59428	-1.98396
767	2	1	21	3	2	1	5	-2.9372	-2.49621	-4.41348	-4.61039
768	2	1	12	3	2	1	5	-2.62633	-2.12228	-3.66648	-4.88178
769	2	4	1	2	2	5	5	-6.81147	-6.40556	-8.81523	-9.74094
770	2	4	1	2	2	1	5	-2.77301	-3.65808	-4.16975	-4.16162
771	2	4	5	2	2	5	5	-3.66804	-7.01337	-6.92787	-5.94434
772	10	1	16	19	10	5	7	-6.40276	-2.75982	-4.21597	-5.23768
773	7	21	5	62	4	61	44	-7.57961	-3.84504	-5.68175	-7.62555
774	9	2	4	62	4	5	6	-3.71274	-5.21364	-5.87468	-6.71038
775	2	1	12	3	2	1	5	-2.62633	-2.12228	-3.66648	-4.88178
776	1	4	2	2	6	3	17	-4.70284	-2.46049	-4.5777	-5.70271
777	4	7	10	4	1	7	1	-1.82748	-3.83294	-2.59428	-1.98396
778	2	1	12	3	2	1	5	-2.62633	-2.12228	-3.66648	-4.88178
779	2	1	5	3	2	5	5	-5.632	-2.83951	-4.12612	-5.53241
780	2	23	21	3	2	1	5	-7.27617	-7.16114	-7.77319	-6.82171
781	2	4	5	2	2	5	5	-3.66804	-7.01337	-6.92787	-5.94434
782	2	4	2	2	6	1	5	-6.09664	-4.84237	-5.98201	-7.76626
783	2	1	12	3	2	1	5	-2.62633	-2.12228	-3.66648	-4.88178
784	4	7	10	4	42	51	1	-2.92832	-4.65158	-4.83431	-3.86717
785	7	17	5	2	86	232	1	-29.1821	-33.2635	-28.3952	-25.2958
786	2	4	1	2	2	1	5	-2.77301	-3.65808	-4.16975	-4.16162
787	2	1	12	3	2	1	5	-2.62633	-2.12228	-3.66648	-4.88178
788	2	1	21	3	2	1	5	-2.9372	-2.49621	-4.41348	-4.61039
789	7	17	2	15	23	3	12	-6.89753	-10.2681	-10.6628	-10.1908
790	2	1	5	3	2	5	5	-5.632	-2.83951	-4.12612	-5.53241
791	1	6	60	24	12	28	1	-30.3542	-33.4448	-22.0434	-18.0064
792	1	2	3	4	5	9	3	-4.67265	-2.50139	-3.6438	-4.94262
793	2	4	5	2	2	5	5	-3.66804	-7.01337	-6.92787	-5.94434
794	1	2	3	4	5	9	3	-4.67265	-2.50139	-3.6438	-4.94262
795	1	6	60	24	12	28	1	-30.3542	-33.4448	-22.0434	-18.0064
796	9	2	4	62	4	5	6	-3.71274	-5.21364	-5.87468	-6.71038
797	2	4	1	2	2	1	5	-2.77301	-3.65808	-4.16975	-4.16162
798	4	7	10	4	1	7	1	-1.82748	-3.83294	-2.59428	-1.98396
799	2	4	5	2	2	5	5	-3.66804	-7.01337	-6.92787	-5.94434
800	7	2	2	2	11	12	6	-4.49704	-7.86721	-8.26182	-7.79125
801	2	1	21	3	2	1	941	-7.27671	-7.14196	-7.76428	-6.81984
802	9	2	2	10	10	3	5	-29.545	-24.6937	-25.4399	-26.0496
803	8	10	149	2	11	12	6	-4.88837	-3.98468	-5.69793	-7.23722
804	7	1	5	2	10	3	6	-32.0752	-28.7528	-29.2378	-29.6911
805	2	1	21	3	2	1	5	-2.9372	-2.49621	-4.41348	-4.61039
806	33	39	30	82	113	43	17	-9.42316	-6.46648	-6.20026	-8.17088
807	1	6	60	24	12	28	1	-30.3542	-33.4448	-22.0434	-18.0064
808	1	6	60	24	12	28	1	-30.3542	-33.4448	-22.0434	-18.0064
809	7	17	2	15	23	3	12	-6.89753	-10.2681	-10.6628	-10.1908
810	1	4	2	2	6	3	17	-4.70284	-2.46049	-4.5777	-5.70271
811	1	4	2	2	6	3	17	-4.70284	-2.46049	-4.5777	-5.70271
812	7	21	5	62	4	61	44	-7.57961	-3.84504	-5.68175	-7.62555
813	239	27	16	19	10	5	7	-10.3037	-6.48299	-9.15554	-11.0564
814	9	2	4	62	4	5	6	-3.71274	-5.21364	-5.87468	-6.71038
815	10	1	16	19	10	5	7	-6.40276	-2.75982	-4.21597	-5.23768
816	2	1	5	3	2	5	5	-5.632	-2.83951	-4.12612	-5.53241
817	2	4	5	2	2	5	5	-3.66804	-7.01337	-6.92787	-5.94434
818	8	10	2	2	11	12	6	-3.95041	-7.26413	-7.71175	-7.24488
819	7	17	2	15	23	3	12	-6.89753	-10.2681	-10.6628	-10.1908
820	2	4	1	4	1	1	5	-15.2222	-17.672	-15.4206	-15.4081
821	4	7	10	4	1	7	1	-1.82748	-3.83294	-2.59428	-1.98396
822	8	10	149	2	11	12	6	-4.88837	-3.98468	-5.69793	-7.23722
823	2	1	12	88	2	1	5	-3.95727	-3.43731	-5.70153	-5.43814
824	2	4	2	2	6	1	5	-6.09664	-4.84237	-5.98201	-7.76626
825	10	81	50	99	120	76	52	-6.69531	-6.4254	-5.27745	-5.19042
826	2	4	5	2	2	5	5	-3.66804	-7.01337	-6.92787	-5.94434
827	2	4	1	2	2	5	5	-6.81147	-6.40556	-8.81523	-9.74094
828	8	10	149	2	11	12	6	-4.88837	-3.98468	-5.69793	-7.23722
829	1	4	2	2	6	3	17	-4.70284	-2.46049	-4.5777	-5.70271
830	2	165	73	147	220	190	104	-9.10105	-10.5973	-6.77693	-5.29847
831	4	7	10	4	42	25	1	-8.75051	-10.0154	-5.7683	-5.22009
832	7	2	2	2	11	12	6	-4.49704	-7.86721	-8.26182	-7.79125
833	1	6	60	24	12	28	1	-30.3542	-33.4448	-22.0434	-18.0064
834	2	1	12	3	2	1	5	-2.62633	-2.12228	-3.66648	-4.88178
835	33	39	65	79	104	77	17	-5.28694	-8.6576	-9.05265	-8.58131
836	4	7	10	4	1	7	1	-1.82748	-3.83294	-2.59428	-1.98396
837	1	2	3	4	5	9	3	-4.67265	-2.50139	-3.6438	-4.94262
838	2	1	21	3	2	1	5	-2.9372	-2.49621	-4.41348	-4.61039
839	2	1	12	3	2	1	5	-2.62633	-2.12228	-3.66648	-4.88178
840	4	7	10	4	1	7	1	-1.82748	-3.83294	-2.59428	-1.98396
841	2	4	1	2	7	1	5	-2.30124	-5.66235	-5.91305	-5.22527
842	184	39	30	82	113	43	17	-3.95016	-6.12437	-7.50427	-7.22403
843	4	7	10	4	1	7	1	-1.82748	-3.83294	-2.59428	-1.98396
844	2	4	1	2	2	1	5	-2.77301	-3.65808	-4.16975	-4.16162
845	4	7	10	4	1	7	1	-1.82748	-3.83294	-2.59428	-1.98396
846	2	1	12	88	2	1	5	-3.95727	-3.43731	-5.70153	-5.43814
847	2	1	21	3	2	1	5	-2.9372	-2.49621	-4.41348	-4.61039
848	1	2	3	4	5	9	3	-4.67265	-2.50139	-3.6438	-4.94262
849	4	7	10	4	1	7	1	-1.82748	-3.83294	-2.59428	-1.98396
850	2	1	21	3	2	1	5	-2.9372	-2.49621	-4.41348	-4.61039
851	8	10	2	2	11	12	6	-3.95041	-7.26413	-7.71175	-7.24488
852	2	4	1	2	2	1	5	-2.77301	-3.65808	-4.16975	-4.16162
853	2	4	1	2	2	1	5	-2.77301	-3.65808	-4.16975	-4.16162
854	2	4	2	2	6	1	5	-6.09664	-4.84237	-5.98201	-7.76626
855	2	4	1	2	2	1	5	-2.77301	-3.65808	-4.16975	-4.16162
856	2	4	1	2	2	1	5	-2.77301	-3.65808	-4.16975	-4.16162
857	2	4	1	2	2	1	5	-2.77301	-3.65808	-4.16975	-4.16162
858	1	2	3	4	5	9	3	-4.67265	-2.50139	-3.6438	-4.94262
859	2	4	1	2	2	1	5	-2.77301	-3.65808	-4.16975	-4.16162
860	2	4	1	2	2	1	5	-2.77301	-3.65808	-4.16975	-4.16162
861	8	10	2	2	11	12	6	-3.95041	-7.26413	-7.71175	-7.24488
862	2	1	5	3	2	3	5	-4.25333	-3.25991	-5.41568	-4.88161
863	33	39	30	82	104	173	68	-5.41572	-3.99198	-6.60038	-7.988
864	2	4	1	2	7	1	5	-2.30124	-5.66235	-5.91305	-5.22527
865	8	10	2	2	11	12	6	-3.95041	-7.26413	-7.71175	-7.24488
866	2	4	1	2	7	1	5	-2.30124	-5.66235	-5.91305	-5.22527
867	1	2	3	4	5	9	3	-4.67265	-2.50139	-3.6438	-4.94262
868	1	2	215	4	90	24	8	-31.2612	-30.5651	-23.2989	-19.9348
869	2	1	1	3	2	1	5	-4.62582	-3.79201	-6.35513	-7.46822
870	10	81	50	99	120	76	52	-6.69531	-6.4254	-5.27745	-5.19042
871	2	4	1	2	7	1	5	-2.30124	-5.66235	-5.91305	-5.22527
872	2	1	12	3	2	1	5	-2.62633	-2.12228	-3.66648	-4.88178
873	2	4	1	2	2	1	5	-2.77301	-3.65808	-4.16975	-4.16162
874	2	4	1	2	2	1	5	-2.77301	-3.65808	-4.16975	-4.16162
875	2	4	1	2	2	1	5	-2.77301	-3.65808	-4.16975	-4.16162
876	2	1	5	3	2	3	5	-4.25333	-3.25991	-5.41568	-4.88161
877	2	4	1	2	2	1	5	-2.77301	-3.65808	-4.16975	-4.16162
878	4	7	10	4	1	7	1	-1.82748	-3.83294	-2.59428	-1.98396
879	2	4	1	2	7	1	5	-2.30124	-5.66235	-5.91305	-5.22527
880	2	4	5	2	2	5	5	-3.66804	-7.01337	-6.92787	-5.94434
881	2	4	1	2	2	1	5	-2.77301	-3.65808	-4.16975	-4.16162
882	8	10	2	2	11	12	6	-3.95041	-7.26413	-7.71175	-7.24488
883	4	7	10	4	1	7	1	-1.82748	-3.83294	-2.59428	-1.98396
884	2	4	1	2	2	1	5	-2.77301	-3.65808	-4.16975	-4.16162
885	166	2	1	10	17	3	1	-34.6695	-36.5358	-32.0487	-29.3903
886	2	4	1	2	7	1	5	-2.30124	-5.66235	-5.91305	-5.22527
887	2	4	1	2	2	1	5	-2.77301	-3.65808	-4.16975	-4.16162
888	4	7	10	4	1	7	1	-1.82748	-3.83294	-2.59428	-1.98396
889	4	7	10	4	1	7	1	-1.82748	-3.83294	-2.59428	-1.98396
890	2	4	1	2	7	1	5	-2.30124	-5.66235	-5.91305	-5.22527
891	2	4	1	2	2	1	5	-2.77301	-3.65808	-4.16975	-4.16162
892	2	1	5	3	2	3	5	-4.25333	-3.25991	-5.41568	-4.88161
893	9	25	2	10	22	3	6	-4.47573	-7.72535	-5.8393	-4.41829
894	2	1	21	3	62	1	5	-5.79033	-9.14346	-9.55058	-9.08445
895	129	66	30	82	189	47	17	-3.24738	-4.89259	-5.43846	-4.21354
896	129	66	30	82	189	47	17	-3.24738	-4.89259	-5.43846	-4.21354
897	4	7	10	4	1	7	1	-1.82748	-3.83294	-2.59428	-1.98396
898	2	4	1	2	2	1	5	-2.77301	-3.65808	-4.16975	-4.16162
899	4	7	10	4	42	7	1	-6.60378	-9.17564	-5.51882	-4.71212
900	2	4	1	2	7	1	5	-2.30124	-5.66235	-5.91305	-5.22527
901	1	307	3	4	5	9	3	-6.8252	-6.44261	-6.17458	-8.04146
902	2	1	21	3	2	1	5	-2.9372	-2.49621	-4.41348	-4.61039
903	4	7	10	4	1	7	1	-1.82748	-3.83294	-2.59428	-1.98396
904	2	1	21	3	2	1	5	-2.9372	-2.49621	-4.41348	-4.61039
905	2	4	1	2	2	5	5	-6.81147	-6.40556	-8.81523	-9.74094
906	2	4	1	2	7	1	5	-2.30124	-5.66235	-5.91305	-5.22527
907	2	4	1	2	7	1	5	-2.30124	-5.66235	-5.91305	-5.22527
908	2	4	1	2	7	1	5	-2.30124	-5.66235	-5.91305	-5.22527
909	4	7	10	4	1	7	1	-1.82748	-3.83294	-2.59428	-1.98396
910	8	10	2	2	11	12	6	-3.95041	-7.26413	-7.71175	-7.24488
911	7	21	5	62	4	61	44	-7.57961	-3.84504	-5.68175	-7.62555
912	2	1	12	88	2	1	5	-3.95727	-3.43731	-5.70153	-5.43814
913	2	4	1	2	2	1	5	-2.77301	-3.65808	-4.16975	-4.16162
914	1	2	3	4	5	9	3	-4.67265	-2.50139	-3.6438	-4.94262
915	2	4	1	2	7	1	5	-2.30124	-5.66235	-5.91305	-5.22527
916	2	4	1	2	2	1	5	-2.77301	-3.65808	-4.16975	-4.16162
917	2	4	1	2	2	1	5	-2.77301	-3.65808	-4.16975	-4.16162
918	2	4	1	2	7	1	5	-2.30124	-5.66235	-5.91305	-5.22527
919	4	7	10	4	1	7	1	-1.82748	-3.83294	-2.59428	-1.98396
920	2	1	5	3	2	3	5	-4.25333	-3.25991	-5.41568	-4.88161
921	2	4	1	2	7	1	5	-2.30124	-5.66235	-5.91305	-5.22527
922	2	4	1	2	2	1	5	-2.77301	-3.65808	-4.16975	-4.16162
923	8	10	2	2	11	12	6	-3.95041	-7.26413	-7.71175	-7.24488
924	2	1	12	3	2	1	5	-2.62633	-2.12228	-3.66648	-4.88178
925	48	7	10	4	183	7	1	-10.4129	-13.0574	-9.2556	-6.34302
926	7	21	5	62	4	61	44	-7.57961	-3.84504	-5.68175	-7.62555
927	4	7	10	4	1	7	1	-1.82748	-3.83294	-2.59428	-1.98396
928	9	25	2	10	22	3	6	-4.47573	-7.72535	-5.8393	-4.41829
929	2	4	1	2	2	1	5	-2.77301	-3.65808	-4.16975	-4.16162
930	2	4	1	2	7	1	5	-2.30124	-5.66235	-5.91305	-5.22527
931	2	4	1	2	2	1	5	-2.77301	-3.65808	-4.16975	-4.16162
932	2	4	1	2	2	1	5	-2.77301	-3.65808	-4.16975	-4.16162
933	9	25	2	10	22	3	6	-4.47573	-7.72535	-5.8393	-4.41829
934	2	4	1	2	2	1	5	-2.77301	-3.65808	-4.16975	-4.16162
935	2	4	1	2	2	1	5	-2.77301	-3.65808	-4.16975	-4.16162
936	2	4	1	2	7	1	5	-2.30124	-5.66235	-5.91305	-5.22527
937	2	4	1	2	7	1	5	-2.30124	-5.66235	-5.91305	-5.22527
938	2	4	1	2	2	1	5	-2.77301	-3.65808	-4.16975	-4.16162
939	2	4	1	2	2	1	5	-2.77301	-3.65808	-4.16975	-4.16162
940	4	7	10	4	1	7	1	-1.82748	-3.83294	-2.59428	-1.98396
941	2	4	1	2	2	1	5	-2.77301	-3.65808	-4.16975	-4.16162
942	4	7	10	4	1	7	1	-1.82748	-3.83294	-2.59428	-1.98396
943	2	4	1	2	7	1	5	-2.30124	-5.66235	-5.91305	-5.22527
944	2	4	1	2	2	1	5	-2.77301	-3.65808	-4.16975	-4.16162
945	4	7	10	4	1	7	1	-1.82748	-3.83294	-2.59428	-1.98396
946	9	25	2	10	22	3	6	-4.47573	-7.72535	-5.8393	-4.41829
947	10	81	50	99	120	76	52	-6.69531	-6.4254	-5.27745	-5.19042
948	2	1	21	3	2	1	5	-2.9372	-2.49621	-4.41348	-4.61039
949	4	7	10	4	1	7	1	-1.82748	-3.83294	-2.59428	-1.98396
950	2	4	1	2	7	1	5	-2.30124	-5.66235	-5.91305	-5.22527
951	4	7	10	4	1	7	1	-1.82748	-3.83294	-2.59428	-1.98396
952	4	7	10	4	1	7	1	-1.82748	-3.83294	-2.59428	-1.98396
953	8	315	2	2	11	12	6	-8.28826	-11.9227	-11.0685	-9.45455
954	8	10	2	2	11	12	6	-3.95041	-7.26413	-7.71175	-7.24488
955	2	4	1	2	2	1	5	-2.77301	-3.65808	-4.16975	-4.16162
956	4	7	10	4	1	7	1	-1.82748	-3.83294	-2.59428	-1.98396
957	2	4	1	2	2	1	5	-2.77301	-3.65808	-4.16975	-4.16162
958	2	4	1	2	2	1	5	-2.77301	-3.65808	-4.16975	-4.16162
959	2	4	1	2	2	1	5	-2.77301	-3.65808	-4.16975	-4.16162
960	2	4	1	2	7	1	5	-2.30124	-5.66235	-5.91305	-5.22527
961	2	4	1	2	2	1	5	-2.77301	-3.65808	-4.16975	-4.16162
962	2	4	1	2	2	1	5	-2.77301	-3.65808	-4.16975	-4.16162
963	2	1	21	3	2	1	5	-2.9372	-2.49621	-4.41348	-4.61039
964	2	4	1	2	2	1	5	-2.77301	-3.65808	-4.16975	-4.16162
965	1	4	2	2	2	3	17	-11.086	-7.54123	-10.5026	-12.5144
966	2	4	1	2	2	1	5	-2.77301	-3.65808	-4.16975	-4.16162
967	2	4	1	2	2	1	5	-2.77301	-3.65808	-4.16975	-4.16162
968	7	21	5	62	4	61	44	-7.57961	-3.84504	-5.68175	-7.62555
969	2	4	1	2	2	1	5	-2.77301	-3.65808	-4.16975	-4.16162
970	4	7	10	4	1	7	1	-1.82748	-3.83294	-2.59428	-1.98396
971	2	4	1	2	2	1	5	-2.77301	-3.65808	-4.16975	-4.16162
972	10	1	16	19	10	5	7	-6.40276	-2.75982	-4.21597	-5.23768
973	8	10	2	2	11	12	6	-3.95041	-7.26413	-7.71175	-7.24488
974	4	7	10	4	1	7	1	-1.82748	-3.83294	-2.59428	-1.98396
975	2	4	2	2	6	1	5	-6.09664	-4.84237	-5.98201	-7.76626
976	2	4	1	2	2	1	5	-2.77301	-3.65808	-4.16975	-4.16162
977	2	4	1	2	2	1	5	-2.77301	-3.65808	-4.16975	-4.16162
978	2	1	12	3	2	1	5	-2.62633	-2.12228	-3.66648	-4.88178
979	2	1	21	3	2	1	5	-2.9372	-2.49621	-4.41348	-4.61039
980	1	4	2	2	6	3	17	-4.70284	-2.46049	-4.5777	-5.70271
981	9	2	4	62	4	5	6	-3.71274	-5.21364	-5.87468	-6.71038
982	9	2	4	62	4	5	6	-3.71274	-5.21364	-5.87468	-6.71038
983	2	4	1	2	2	1	5	-2.77301	-3.65808	-4.16975	-4.16162
984	9	25	2	10	22	3	6	-4.47573	-7.72535	-5.8393	-4.41829
985	2	1	12	3	2	1	5	-2.62633	-2.12228	-3.66648	-4.88178
986	2	4	1	2	2	1	5	-2.77301	-3.65808	-4.16975	-4.16162
987	2	4	1	2	2	1	5	-2.77301	-3.65808	-4.16975	-4.16162
988	2	4	1	2	2	1	5	-2.77301	-3.65808	-4.16975	-4.16162
989	1	4	2	2	6	3	17	-4.70284	-2.46049	-4.5777	-5.70271
990	1	4	2	2	6	3	17	-4.70284	-2.46049	-4.5777	-5.70271
991	9	25	2	10	22	3	6	-4.47573	-7.72535	-5.8393	-4.41829
992	1	4	2	2	6	3	17	-4.70284	-2.46049	-4.5777	-5.70271
993	2	4	1	2	2	1	5	-2.77301	-3.65808	-4.16975	-4.16162
994	2	4	1	2	2	1	5	-2.77301	-3.65808	-4.16975	-4.16162
995	8	10	2	2	11	12	6	-3.95041	-7.26413	-7.71175	-7.24488
996	2	4	1	2	2	1	5	-2.77301	-3.65808	-4.16975	-4.16162
997	2	1	5	3	2	5	5	-5.632	-2.83951	-4.12612	-5.53241
998	8	10	2	2	11	12	6	-3.95041	-7.26413	-7.71175	-7.24488
999	2	4	1	2	2	1	5	-2.77301	-3.65808	-4.16975	-4.16162
1000	2	4	1	2	2	1	5	-2.77301	-3.65808	-4.16975	-4.16162
1001	2	1	21	3	2	1	5	-2.9372	-2.49621	-4.41348	-4.61039
1002	1	2	4	62	4	5	17	-6.12378	-4.85971	-7.45345	-8.77494
1003	2	1	12	3	2	1	5	-2.62633	-2.12228	-3.66648	-4.88178
1004	2	4	1	2	7	1	5	-2.30124	-5.66235	-5.91305	-5.22527
1005	1	307	3	4	5	9	3	-6.8252	-6.44261	-6.17458	-8.04146
1006	2	4	2	4	19	3	6	-5.79339	-9.15903	-9.55326	-9.08275
1007	2	4	1	2	2	1	5	-2.77301	-3.65808	-4.16975	-4.16162
1008	1	4	2	2	6	3	17	-4.70284	-2.46049	-4.5777	-5.70271
1009	9	25	2	10	22	3	6	-4.47573	-7.72535	-5.8393	-4.41829
1010	4	7	10	4	1	7	1	-1.82748	-3.83294	-2.59428	-1.98396
1011	2	4	1	2	2	1	5	-2.77301	-3.65808	-4.16975	-4.16162
1012	10	1	16	19	10	5	7	-6.40276	-2.75982	-4.21597	-5.23768
1013	2	1	21	3	2	1	5	-2.9372	-2.49621	-4.41348	-4.61039
1014	4	7	10	4	1	7	1	-1.82748	-3.83294	-2.59428	-1.98396
1015	2	4	1	2	2	1	5	-2.77301	-3.65808	-4.16975	-4.16162
1016	1	2	3	4	5	9	3	-4.67265	-2.50139	-3.6438	-4.94262
1017	9	316	4	62	4	5	6	-6.86416	-6.46233	-8.9542	-9.83723
1018	9	25	2	10	22	3	6	-4.47573	-7.72535	-5.8393	-4.41829
1019	1	307	3	4	5	9	3	-6.8252	-6.44261	-6.17458	-8.04146
1020	2	4	1	2	2	1	5	-2.77301	-3.65808	-4.16975	-4.16162
1021	9	25	2	10	22	3	6	-4.47573	-7.72535	-5.8393	-4.41829
1022	2	4	1	2	2	1	5	-2.77301	-3.65808	-4.16975	-4.16162
1023	2	1	12	3	2	1	5	-2.62633	-2.12228	-3.66648	-4.88178
1024	2	1	5	3	2	5	5	-5.632	-2.83951	-4.12612	-5.53241
1025	2	4	1	2	2	1	5	-2.77301	-3.65808	-4.16975	-4.16162
1026	2	1	12	3	2	1	5	-2.62633	-2.12228	-3.66648	-4.88178
1027	2	1	12	3	2	1	5	-2.62633	-2.12228	-3.66648	-4.88178
1028	10	1	16	19	10	5	7	-6.40276	-2.75982	-4.21597	-5.23768
1029	4	7	10	4	1	7	1	-1.82748	-3.83294	-2.59428	-1.98396
1030	2	4	1	2	2	1	5	-2.77301	-3.65808	-4.16975	-4.16162
1031	2	1	12	88	2	1	5	-3.95727	-3.43731	-5.70153	-5.43814
1032	2	1	21	3	2	1	5	-2.9372	-2.49621	-4.41348	-4.61039
1033	1	2	3	4	5	9	3	-4.67265	-2.50139	-3.6438	-4.94262
1034	8	10	2	2	11	12	6	-3.95041	-7.26413	-7.71175	-7.24488
1035	2	1	12	88	2	1	5	-3.95727	-3.43731	-5.70153	-5.43814
1036	33	39	30	82	104	173	68	-5.41572	-3.99198	-6.60038	-7.988
1037	1	2	3	4	5	9	3	-4.67265	-2.50139	-3.6438	-4.94262
1038	9	25	2	10	22	3	6	-4.47573	-7.72535	-5.8393	-4.41829
1039	2	4	1	2	2	1	5	-2.77301	-3.65808	-4.16975	-4.16162
1040	8	10	2	2	11	12	6	-3.95041	-7.26413	-7.71175	-7.24488
1041	1	2	4	62	4	5	17	-6.12378	-4.85971	-7.45345	-8.77494
1042	10	1	16	19	10	5	7	-6.40276	-2.75982	-4.21597	-5.23768
1043	33	39	30	82	104	173	68	-5.41572	-3.99198	-6.60038	-7.988
1044	2	4	1	2	2	1	5	-2.77301	-3.65808	-4.16975	-4.16162
1045	8	10	2	2	11	12	6	-3.95041	-7.26413	-7.71175	-7.24488
1046	2	1	5	3	2	5	5	-5.632	-2.83951	-4.12612	-5.53241
1047	47	2	4	2	6	5	17	-10.0904	-10.8333	-6.24956	-8.22597
1048	1	2	3	4	5	9	3	-4.67265	-2.50139	-3.6438	-4.94262
1049	4	7	10	4	1	7	1	-1.82748	-3.83294	-2.59428	-1.98396
1050	2	1	5	3	2	3	5	-4.25333	-3.25991	-5.41568	-4.88161
1051	2	4	2	2	6	1	5	-6.09664	-4.84237	-5.98201	-7.76626
1052	2	4	1	2	2	1	5	-2.77301	-3.65808	-4.16975	-4.16162
1053	8	10	149	2	11	12	6	-4.88837	-3.98468	-5.69793	-7.23722
1054	9	25	2	10	22	3	6	-4.47573	-7.72535	-5.8393	-4.41829
1055	2	4	1	2	2	1	5	-2.77301	-3.65808	-4.16975	-4.16162
1056	1	2	3	4	5	9	3	-4.67265	-2.50139	-3.6438	-4.94262
1057	2	1	12	3	2	1	5	-2.62633	-2.12228	-3.66648	-4.88178
1058	4	7	10	4	42	51	1	-2.92832	-4.65158	-4.83431	-3.86717
1059	2	4	1	2	2	1	5	-2.77301	-3.65808	-4.16975	-4.16162
1060	2	1	1	3	2	1	5	-4.62582	-3.79201	-6.35513	-7.46822
1061	2	4	1	2	7	1	5	-2.30124	-5.66235	-5.91305	-5.22527
1062	8	10	2	2	11	12	6	-3.95041	-7.26413	-7.71175	-7.24488
1063	2	4	1	2	2	1	5	-2.77301	-3.65808	-4.16975	-4.16162
1064	9	2	4	62	4	5	6	-3.71274	-5.21364	-5.87468	-6.71038
1065	2	4	1	2	2	1	5	-2.77301	-3.65808	-4.16975	-4.16162
1066	4	7	10	4	1	7	1	-1.82748	-3.83294	-2.59428	-1.98396
1067	8	10	2	2	11	12	6	-3.95041	-7.26413	-7.71175	-7.24488
1068	2	4	2	2	6	1	5	-6.09664	-4.84237	-5.98201	-7.76626
1069	2	4	2	2	6	1	5	-6.09664	-4.84237	-5.98201	-7.76626
1070	2	4	2	2	6	1	5	-6.09664	-4.84237	-5.98201	-7.76626
1071	2	4	2	2	6	1	5	-6.09664	-4.84237	-5.98201	-7.76626
1072	2	4	1	2	2	1	5	-2.77301	-3.65808	-4.16975	-4.16162
1073	2	4	1	2	2	1	5	-2.77301	-3.65808	-4.16975	-4.16162
1074	2	1	12	3	2	1	5	-2.62633	-2.12228	-3.66648	-4.88178
1075	2	4	1	2	7	1	5	-2.30124	-5.66235	-5.91305	-5.22527
1076	4	7	10	4	42	51	1	-2.92832	-4.65158	-4.83431	-3.86717
1077	2	4	1	2	2	1	5	-2.77301	-3.65808	-4.16975	-4.16162
1078	8	10	2	2	11	12	6	-3.95041	-7.26413	-7.71175	-7.24488
1079	1	2	3	4	5	9	3	-4.67265	-2.50139	-3.6438	-4.94262
1080	1	2	3	4	5	9	3	-4.67265	-2.50139	-3.6438	-4.94262
1081	10	1	16	19	10	5	7	-6.40276	-2.75982	-4.21597	-5.23768
1082	8	10	2	2	11	12	6	-3.95041	-7.26413	-7.71175	-7.24488
1083	4	7	10	4	1	7	1	-1.82748	-3.83294	-2.59428	-1.98396
1084	2	4	1	2	2	1	5	-2.77301	-3.65808	-4.16975	-4.16162
1085	2	4	1	2	7	1	5	-2.30124	-5.66235	-5.91305	-5.22527
1086	2	1	21	3	2	1	5	-2.9372	-2.49621	-4.41348	-4.61039
1087	2	1	12	3	2	1	5	-2.62633	-2.12228	-3.66648	-4.88178
1088	2	4	2	4	19	3	6	-5.79339	-9.15903	-9.55326	-9.08275
1089	8	10	149	2	11	12	6	-4.88837	-3.98468	-5.69793	-7.23722
1090	8	10	2	2	11	12	6	-3.95041	-7.26413	-7.71175	-7.24488
1091	2	1	12	3	2	1	5	-2.62633	-2.12228	-3.66648	-4.88178
1092	2	1	12	3	2	1	5	-2.62633	-2.12228	-3.66648	-4.88178
1093	2	1	5	3	2	3	5	-4.25333	-3.25991	-5.41568	-4.88161
1094	184	39	30	82	113	43	17	-3.95016	-6.12437	-7.50427	-7.22403
1095	2	1	12	3	2	1	5	-2.62633	-2.12228	-3.66648	-4.88178
1096	2	4	1	2	2	1	5	-2.77301	-3.65808	-4.16975	-4.16162
1097	4	7	10	4	1	7	1	-1.82748	-3.83294	-2.59428	-1.98396
1098	8	10	2	2	11	12	6	-3.95041	-7.26413	-7.71175	-7.24488
1099	4	7	10	4	1	7	1	-1.82748	-3.83294	-2.59428	-1.98396
1100	4	7	10	4	42	51	1	-2.92832	-4.65158	-4.83431	-3.86717
1101	9	25	2	10	22	3	6	-4.47573	-7.72535	-5.8393	-4.41829
1102	9	2	4	62	4	5	6	-3.71274	-5.21364	-5.87468	-6.71038
1103	4	7	10	4	1	7	1	-1.82748	-3.83294	-2.59428	-1.98396
1104	2	4	1	2	7	1	5	-2.30124	-5.66235	-5.91305	-5.22527
1105	4	7	10	4	1	7	1	-1.82748	-3.83294	-2.59428	-1.98396
1106	8	10	2	2	11	12	6	-3.95041	-7.26413	-7.71175	-7.24488
1107	2	4	1	2	2	1	5	-2.77301	-3.65808	-4.16975	-4.16162
1108	4	7	10	4	42	51	1	-2.92832	-4.65158	-4.83431	-3.86717
1109	1	2	3	4	5	9	3	-4.67265	-2.50139	-3.6438	-4.94262
1110	2	1	12	3	2	1	5	-2.62633	-2.12228	-3.66648	-4.88178
1111	2	4	1	2	2	1	5	-2.77301	-3.65808	-4.16975	-4.16162
1112	10	81	50	99	120	76	52	-6.69531	-6.4254	-5.27745	-5.19042
1113	2	4	1	2	2	1	5	-2.77301	-3.65808	-4.16975	-4.16162
1114	4	7	10	4	42	51	1	-2.92832	-4.65158	-4.83431	-3.86717
1115	4	7	10	4	42	51	1	-2.92832	-4.65158	-4.83431	-3.86717
1116	4	7	10	4	1	7	1	-1.82748	-3.83294	-2.59428	-1.98396
1117	3	1	5	10	11	11	6	-10.3016	-6.47964	-9.15101	-11.0538
1118	10	81	50	99	120	76	52	-6.69531	-6.4254	-5.27745	-5.19042
1119	2	4	1	2	2	1	5	-2.77301	-3.65808	-4.16975	-4.16162
1120	4	7	10	4	1	7	1	-1.82748	-3.83294	-2.59428	-1.98396
1121	4	7	10	4	1	7	1	-1.82748	-3.83294	-2.59428	-1.98396
1122	4	7	10	4	42	51	1	-2.92832	-4.65158	-4.83431	-3.86717
1123	2	1	12	3	2	1	5	-2.62633	-2.12228	-3.66648	-4.88178
1124	2	4	1	2	2	1	5	-2.77301	-3.65808	-4.16975	-4.16162
1125	2	1	1	3	2	1	5	-4.62582	-3.79201	-6.35513	-7.46822
1126	2	4	1	2	2	1	5	-2.77301	-3.65808	-4.16975	-4.16162
1127	2	4	1	2	2	1	5	-2.77301	-3.65808	-4.16975	-4.16162
1128	2	4	1	2	2	1	5	-2.77301	-3.65808	-4.16975	-4.16162
1129	2	4	1	2	2	1	5	-2.77301	-3.65808	-4.16975	-4.16162
1130	1	2	3	4	5	9	3	-4.67265	-2.50139	-3.6438	-4.94262
1131	8	10	2	2	11	12	6	-3.95041	-7.26413	-7.71175	-7.24488
1132	2	1	21	3	2	1	5	-2.9372	-2.49621	-4.41348	-4.61039
1133	2	4	1	2	2	1	5	-2.77301	-3.65808	-4.16975	-4.16162
1134	2	1	21	3	2	1	5	-2.9372	-2.49621	-4.41348	-4.61039
1135	2	1	21	3	2	1	5	-2.9372	-2.49621	-4.41348	-4.61039
1136	2	4	1	2	2	1	5	-2.77301	-3.65808	-4.16975	-4.16162
1137	1	2	3	4	5	9	3	-4.67265	-2.50139	-3.6438	-4.94262
1138	10	1	16	19	10	5	7	-6.40276	-2.75982	-4.21597	-5.23768
1139	2	1	12	3	2	1	5	-2.62633	-2.12228	-3.66648	-4.88178
1140	7	21	5	62	4	61	44	-7.57961	-3.84504	-5.68175	-7.62555
1141	2	4	1	2	2	1	5	-2.77301	-3.65808	-4.16975	-4.16162
1142	2	1	12	3	2	1	5	-2.62633	-2.12228	-3.66648	-4.88178
1143	2	4	1	2	7	1	5	-2.30124	-5.66235	-5.91305	-5.22527
1144	2	1	5	3	2	3	5	-4.25333	-3.25991	-5.41568	-4.88161
1145	2	1	21	3	2	1	5	-2.9372	-2.49621	-4.41348	-4.61039
1146	2	1	21	3	2	1	5	-2.9372	-2.49621	-4.41348	-4.61039
1147	2	1	21	3	2	1	5	-2.9372	-2.49621	-4.41348	-4.61039
1148	2	1	21	3	2	1	5	-2.9372	-2.49621	-4.41348	-4.61039
1149	2	1	12	3	2	1	5	-2.62633	-2.12228	-3.66648	-4.88178
1150	8	10	2	2	11	12	6	-3.95041	-7.26413	-7.71175	-7.24488
1151	129	66	30	82	189	47	17	-3.24738	-4.89259	-5.43846	-4.21354
1152	1	307	3	4	5	9	3	-6.8252	-6.44261	-6.17458	-8.04146
1153	8	10	2	2	11	12	6	-3.95041	-7.26413	-7.71175	-7.24488
1154	2	4	2	2	6	1	5	-6.09664	-4.84237	-5.98201	-7.76626
1155	1	4	2	2	6	3	17	-4.70284	-2.46049	-4.5777	-5.70271
1156	2	4	1	2	2	1	5	-2.77301	-3.65808	-4.16975	-4.16162
1157	8	10	2	2	11	12	6	-3.95041	-7.26413	-7.71175	-7.24488
1158	2	4	2	2	6	1	5	-6.09664	-4.84237	-5.98201	-7.76626
1159	2	1	21	3	2	1	5	-2.9372	-2.49621	-4.41348	-4.61039
1160	2	4	5	2	2	5	5	-3.66804	-7.01337	-6.92787	-5.94434
1161	7	21	5	62	4	61	44	-7.57961	-3.84504	-5.68175	-7.62555
1162	2	1	12	3	2	1	5	-2.62633	-2.12228	-3.66648	-4.88178
1163	10	27	16	19	10	5	7	-20.5545	-12.6758	-15.8761	-18.2516
1164	33	283	44	82	189	44	17	-7.19596	-3.48518	-5.42259	-6.09942
1165	9	25	2	10	22	3	6	-4.47573	-7.72535	-5.8393	-4.41829
1166	7	21	5	62	4	61	44	-7.57961	-3.84504	-5.68175	-7.62555
1167	2	1	5	3	2	3	5	-4.25333	-3.25991	-5.41568	-4.88161
1168	2	1	5	3	2	3	5	-4.25333	-3.25991	-5.41568	-4.88161
1169	9	25	2	10	22	3	6	-4.47573	-7.72535	-5.8393	-4.41829
1170	2	1	5	3	2	3	5	-4.25333	-3.25991	-5.41568	-4.88161
1171	2	4	1	2	2	1	5	-2.77301	-3.65808	-4.16975	-4.16162
1172	129	66	30	82	189	47	17	-3.24738	-4.89259	-5.43846	-4.21354
1173	2	4	1	2	2	1	5	-2.77301	-3.65808	-4.16975	-4.16162
1174	2	1	5	3	2	3	5	-4.25333	-3.25991	-5.41568	-4.88161
1175	2	1	12	3	2	1	5	-2.62633	-2.12228	-3.66648	-4.88178
1176	2	4	1	2	2	1	5	-2.77301	-3.65808	-4.16975	-4.16162
1177	1	4	2	2	6	3	17	-4.70284	-2.46049	-4.5777	-5.70271
1178	2	1	12	3	2	1	5	-2.62633	-2.12228	-3.66648	-4.88178
1179	1	4	2	2	446	3	17	-9.03329	-7.08521	-7.91457	-7.90317
1180	2	1	5	88	2	11	5	-8.85265	-5.35887	-6.0875	-8.05799
1181	2	4	2	2	6	1	5	-6.09664	-4.84237	-5.98201	-7.76626
1182	9	25	2	10	22	3	6	-4.47573	-7.72535	-5.8393	-4.41829
1183	2	1	5	3	2	3	5	-4.25333	-3.25991	-5.41568	-4.88161
1184	7	21	5	62	4	61	44	-7.57961	-3.84504	-5.68175	-7.62555
1185	1	2	3	4	5	9	3	-4.67265	-2.50139	-3.6438	-4.94262
1186	2	4	1	2	2	1	5	-2.77301	-3.65808	-4.16975	-4.16162
1187	7	21	5	62	4	61	44	-7.57961	-3.84504	-5.68175	-7.62555
1188	33	39	30	82	104	173	68	-5.41572	-3.99198	-6.60038	-7.988
1189	1	4	2	2	6	3	17	-4.70284	-2.46049	-4.5777	-5.70271
1190	2	1	21	3	2	1	5	-2.9372	-2.49621	-4.41348	-4.61039
1191	4	7	10	4	1	7	1	-1.82748	-3.83294	-2.59428	-1.98396
1192	2	1	5	3	2	5	5	-5.632	-2.83951	-4.12612	-5.53241
1193	1	4	2	2	6	3	17	-4.70284	-2.46049	-4.5777	-5.70271
1194	2	4	1	2	2	1	5	-2.77301	-3.65808	-4.16975	-4.16162
1195	2	4	1	2	2	1	5	-2.77301	-3.65808	-4.16975	-4.16162
1196	2	1	12	3	2	1	5	-2.62633	-2.12228	-3.66648	-4.88178
1197	2	1	6	3	2	3	5	-7.5879	-7.88331	-8.50808	-6.6462
1198	4	7	10	4	1	7	1	-1.82748	-3.83294	-2.59428	-1.98396
1199	2	4	1	2	7	1	5	-2.30124	-5.66235	-5.91305	-5.22527
1200	2	1	1	3	2	1	5	-4.62582	-3.79201	-6.35513	-7.46822
1201	2	4	1	2	2	1	5	-2.77301	-3.65808	-4.16975	-4.16162
1202	7	2	5	2	10	3	6	-31.068	-26.983	-28.2026	-29.3819
1203	2	1	21	3	2	1	5	-2.9372	-2.49621	-4.41348	-4.61039
1204	2	4	1	2	7	1	5	-2.30124	-5.66235	-5.91305	-5.22527
1205	4	7	10	4	1	7	1	-1.82748	-3.83294	-2.59428	-1.98396
1206	2	4	1	2	7	1	5	-2.30124	-5.66235	-5.91305	-5.22527
1207	2	4	1	2	2	1	5	-2.77301	-3.65808	-4.16975	-4.16162
1208	1	4	2	2	6	3	17	-4.70284	-2.46049	-4.5777	-5.70271
1209	2	4	1	2	2	1	5	-2.77301	-3.65808	-4.16975	-4.16162
1210	2	4	1	2	2	1	5	-2.77301	-3.65808	-4.16975	-4.16162
1211	74	10	2	2	11	12	6	-8.28828	-11.9227	-11.0687	-9.45495
1212	1	2	3	4	5	9	3	-4.67265	-2.50139	-3.6438	-4.94262
1213	2	1	5	3	2	3	5	-4.25333	-3.25991	-5.41568	-4.88161
1214	4	7	10	4	1	7	1	-1.82748	-3.83294	-2.59428	-1.98396
1215	2	4	2	2	6	1	5	-6.09664	-4.84237	-5.98201	-7.76626
1216	2	1	12	3	2	1	5	-2.62633	-2.12228	-3.66648	-4.88178
1217	2	1	21	3	2	1	5	-2.9372	-2.49621	-4.41348	-4.61039
1218	2	4	1	2	2	1	5	-2.77301	-3.65808	-4.16975	-4.16162
1219	2	1	21	3	2	1	5	-2.9372	-2.49621	-4.41348	-4.61039
1220	4	7	10	4	1	7	1	-1.82748	-3.83294	-2.59428	-1.98396
1221	2	1	21	3	2	1	5	-2.9372	-2.49621	-4.41348	-4.61039
1222	2	4	1	2	2	1	5	-2.77301	-3.65808	-4.16975	-4.16162
1223	4	7	10	4	1	7	1	-1.82748	-3.83294	-2.59428	-1.98396
1224	2	4	1	2	2	1	5	-2.77301	-3.65808	-4.16975	-4.16162
1225	4	7	10	4	1	7	1	-1.82748	-3.83294	-2.59428	-1.98396
1226	4	7	10	4	42	51	1	-2.92832	-4.65158	-4.83431	-3.86717
1227	4	7	10	4	42	7	1	-6.60378	-9.17564	-5.51882	-4.71212
1228	2	4	1	2	2	1	5	-2.77301	-3.65808	-4.16975	-4.16162
1229	2	1	5	3	2	3	5	-4.25333	-3.25991	-5.41568	-4.88161
1230	10	81	50	99	120	76	52	-6.69531	-6.4254	-5.27745	-5.19042
1231	2	4	1	2	7	1	5	-2.30124	-5.66235	-5.91305	-5.22527
1232	2	4	1	2	7	1	5	-2.30124	-5.66235	-5.91305	-5.22527
1233	4	7	10	4	1	7	1	-1.82748	-3.83294	-2.59428	-1.98396
1234	1	4	2	2	6	3	17	-4.70284	-2.46049	-4.5777	-5.70271
1235	4	7	10	4	1	7	1	-1.82748	-3.83294	-2.59428	-1.98396
1236	2	4	1	2	2	1	5	-2.77301	-3.65808	-4.16975	-4.16162
1237	4	7	10	4	1	7	1	-1.82748	-3.83294	-2.59428	-1.98396
1238	4	7	10	4	42	51	1	-2.92832	-4.65158	-4.83431	-3.86717
1239	1	307	3	4	5	9	3	-6.8252	-6.44261	-6.17458	-8.04146
1240	2	4	2	2	6	1	5	-6.09664	-4.84237	-5.98201	-7.76626
1241	8	10	149	2	11	12	6	-4.88837	-3.98468	-5.69793	-7.23722
1242	2	1	12	3	2	1	5	-2.62633	-2.12228	-3.66648	-4.88178
1243	2	4	1	2	2	1	5	-2.77301	-3.65808	-4.16975	-4.16162
1244	2	4	1	2	2	1	5	-2.77301	-3.65808	-4.16975	-4.16162
1245	2	4	1	2	2	1	5	-2.77301	-3.65808	-4.16975	-4.16162
1246	4	7	10	4	42	51	1	-2.92832	-4.65158	-4.83431	-3.86717
1247	2	4	1	2	2	1	5	-2.77301	-3.65808	-4.16975	-4.16162
1248	2	4	1	2	2	1	5	-2.77301	-3.65808	-4.16975	-4.16162
1249	2	1	12	88	2	1	5	-3.95727	-3.43731	-5.70153	-5.43814
1250	1	4	2	2	6	3	17	-4.70284	-2.46049	-4.5777	-5.70271
1251	9	2	4	62	4	5	6	-3.71274	-5.21364	-5.87468	-6.71038
1252	2	4	1	2	7	1	5	-2.30124	-5.66235	-5.91305	-5.22527
1253	2	4	5	2	2	5	5	-3.66804	-7.01337	-6.92787	-5.94434
1254	2	1	21	3	2	1	5	-2.9372	-2.49621	-4.41348	-4.61039
1255	1	4	2	2	6	3	17	-4.70284	-2.46049	-4.5777	-5.70271
1256	2	1	21	3	2	1	5	-2.9372	-2.49621	-4.41348	-4.61039
1257	2	4	1	2	2	5	5	-6.81147	-6.40556	-8.81523	-9.74094
1258	2	1	12	3	2	1	5	-2.62633	-2.12228	-3.66648	-4.88178
1259	2	4	2	2	6	1	5	-6.09664	-4.84237	-5.98201	-7.76626
1260	2	4	1	2	2	1	5	-2.77301	-3.65808	-4.16975	-4.16162
1261	2	4	1	2	2	1	5	-2.77301	-3.65808	-4.16975	-4.16162
1262	1	307	3	4	5	9	3	-6.8252	-6.44261	-6.17458	-8.04146
1263	9	25	2	10	22	3	6	-4.47573	-7.72535	-5.8393	-4.41829
1264	2	1	1	380	2	1	5	-6.16204	-5.74284	-8.2495	-9.13828
1265	2	4	1	2	2	1	5	-2.77301	-3.65808	-4.16975	-4.16162
1266	2	4	1	2	2	1	5	-2.77301	-3.65808	-4.16975	-4.16162
1267	2	1	12	3	2	1	5	-2.62633	-2.12228	-3.66648	-4.88178
1268	1	2	3	4	5	9	3	-4.67265	-2.50139	-3.6438	-4.94262
1269	2	4	1	2	2	1	5	-2.77301	-3.65808	-4.16975	-4.16162
1270	2	4	1	2	2	1	5	-2.77301	-3.65808	-4.16975	-4.16162
1271	2	4	1	2	2	1	5	-2.77301	-3.65808	-4.16975	-4.16162
1272	1	2	3	4	5	9	3	-4.67265	-2.50139	-3.6438	-4.94262
1273	9	2	2	212	309	253	147	-28.1125	-29.1737	-25.1164	-20.2711
1274	2	1	21	3	2	1	5	-2.9372	-2.49621	-4.41348	-4.61039
1275	47	2	4	2	6	5	17	-10.0904	-10.8333	-6.24956	-8.22597
1276	1	2	3	4	5	9	3	-4.67265	-2.50139	-3.6438	-4.94262
1277	2	4	1	2	2	1	5	-2.77301	-3.65808	-4.16975	-4.16162
1278	2	4	1	2	2	1	5	-2.77301	-3.65808	-4.16975	-4.16162
1279	9	2	4	62	4	5	6	-3.71274	-5.21364	-5.87468	-6.71038
1280	2	1	12	3	2	1	5	-2.62633	-2.12228	-3.66648	-4.88178
1281	2	4	1	2	2	1	5	-2.77301	-3.65808	-4.16975	-4.16162
1282	2	4	1	2	7	1	5	-2.30124	-5.66235	-5.91305	-5.22527
1283	7	17	2	15	23	3	12	-6.89753	-10.2681	-10.6628	-10.1908
1284	2	1	1	3	2	1	5	-4.62582	-3.79201	-6.35513	-7.46822
1285	2	1	12	3	2	1	5	-2.62633	-2.12228	-3.66648	-4.88178
1286	2	4	1	2	2	1	5	-2.77301	-3.65808	-4.16975	-4.16162
1287	2	1	5	3	2	3	5	-4.25333	-3.25991	-5.41568	-4.88161
1288	2	4	1	2	2	1	5	-2.77301	-3.65808	-4.16975	-4.16162
1289	2	4	1	2	2	1	5	-2.77301	-3.65808	-4.16975	-4.16162
1290	1	4	2	2	6	3	17	-4.70284	-2.46049	-4.5777	-5.70271
1291	2	1	2	3	2	3	5	-3.75316	-7.00803	-7.50612	-7.04194
1292	2	1	5	3	2	3	5	-4.25333	-3.25991	-5.41568	-4.88161
1293	1	2	3	3	5	9	3	-11.5537	-7.81337	-9.86093	-12.2723
1294	4	7	10	4	42	51	1	-2.92832	-4.65158	-4.83431	-3.86717
1295	1	4	2	2	6	3	17	-4.70284	-2.46049	-4.5777	-5.70271
1296	2	1	5	3	2	3	5	-4.25333	-3.25991	-5.41568	-4.88161
1297	4	7	10	4	1	7	1	-1.82748	-3.83294	-2.59428	-1.98396
1298	2	4	1	2	2	1	5	-2.77301	-3.65808	-4.16975	-4.16162
1299	4	7	10	4	1	7	1	-1.82748	-3.83294	-2.59428	-1.98396
1300	2	1	21	3	2	1	5	-2.9372	-2.49621	-4.41348	-4.61039
1301	2	4	1	2	2	1	5	-2.77301	-3.65808	-4.16975	-4.16162
1302	4	7	10	4	1	7	1	-1.82748	-3.83294	-2.59428	-1.98396
1303	2	4	1	2	2	1	5	-2.77301	-3.65808	-4.16975	-4.16162
1304	2	1	5	3	2	5	5	-5.632	-2.83951	-4.12612	-5.53241
1305	2	4	1	2	2	1	5	-2.77301	-3.65808	-4.16975	-4.16162
1306	2	1	21	3	2	1	5	-2.9372	-2.49621	-4.41348	-4.61039
1307	2	1	5	3	2	5	5	-5.632	-2.83951	-4.12612	-5.53241
1308	1	4	2	2	6	3	17	-4.70284	-2.46049	-4.5777	-5.70271
1309	1	4	2	2	6	3	17	-4.70284	-2.46049	-4.5777	-5.70271
1310	2	1	5	3	2	3	5	-4.25333	-3.25991	-5.41568	-4.88161
1311	1	4	2	2	6	3	17	-4.70284	-2.46049	-4.5777	-5.70271
1312	2	4	1	2	2	1	5	-2.77301	-3.65808	-4.16975	-4.16162
1313	2	1	12	88	2	1	5	-3.95727	-3.43731	-5.70153	-5.43814
1314	2	1	5	3	2	3	5	-4.25333	-3.25991	-5.41568	-4.88161
1315	2	4	5	2	2	1	5	-6.15643	-8.96588	-9.11186	-9.26078
1316	2	4	1	2	2	1	5	-2.77301	-3.65808	-4.16975	-4.16162
1317	1	4	2	2	6	3	17	-4.70284	-2.46049	-4.5777	-5.70271
1318	2	1	21	3	2	1	5	-2.9372	-2.49621	-4.41348	-4.61039
1319	4	7	10	4	1	7	1	-1.82748	-3.83294	-2.59428	-1.98396
1320	1	2	3	4	5	9	3	-4.67265	-2.50139	-3.6438	-4.94262
1321	2	4	1	2	7	1	5	-2.30124	-5.66235	-5.91305	-5.22527
1322	4	7	10	4	1	7	1	-1.82748	-3.83294	-2.59428	-1.98396
1323	4	7	10	4	1	7	1	-1.82748	-3.83294	-2.59428	-1.98396
1324	1	4	2	2	6	3	17	-4.70284	-2.46049	-4.5777	-5.70271
1325	2	4	1	2	7	1	5	-2.30124	-5.66235	-5.91305	-5.22527
1326	4	7	10	4	1	7	1	-1.82748	-3.83294	-2.59428	-1.98396
1327	8	10	2	2	11	12	6	-3.95041	-7.26413	-7.71175	-7.24488
1328	969	7	10	4	1	7	1	-6.08753	-8.4712	-5.94974	-4.1934
1329	4	7	10	4	1	7	1	-1.82748	-3.83294	-2.59428	-1.98396
1330	10	27	16	942	10	5	7	-24.8923	-17.3352	-19.2333	-20.4615
1331	10	27	16	941	10	5	7	-24.8923	-17.3352	-19.2333	-20.4615
1332	4	7	10	4	1	7	1	-1.82748	-3.83294	-2.59428	-1.98396
1333	4	7	10	4	1	7	1	-1.82748	-3.83294	-2.59428	-1.98396
1334	129	66	30	82	189	47	17	-3.24738	-4.89259	-5.43846	-4.21354
1335	4	7	10	4	1	7	1	-1.82748	-3.83294	-2.59428	-1.98396
1336	4	7	10	4	1	7	1	-1.82748	-3.83294	-2.59428	-1.98396
1337	2	4	1	2	2	1	5	-2.77301	-3.65808	-4.16975	-4.16162
1338	2	1	2	3	2	3	5	-3.75316	-7.00803	-7.50612	-7.04194
1339	10	27	16	19	10	5	7	-20.5545	-12.6758	-15.8761	-18.2516
1340	2	4	1	2	2	1	5	-2.77301	-3.65808	-4.16975	-4.16162
1341	33	39	30	82	104	173	68	-5.41572	-3.99198	-6.60038	-7.988
1342	1	4	2	2	6	3	17	-4.70284	-2.46049	-4.5777	-5.70271
1343	2	1	5	3	2	5	5	-5.632	-2.83951	-4.12612	-5.53241
1344	2	1	12	3	2	1	5	-2.62633	-2.12228	-3.66648	-4.88178
1345	8	10	2	2	11	12	6	-3.95041	-7.26413	-7.71175	-7.24488
1346	2	1	1	3	2	1	5	-4.62582	-3.79201	-6.35513	-7.46822
1347	1	4	2	2	6	3	17	-4.70284	-2.46049	-4.5777	-5.70271
1348	7	2	2	2	11	12	6	-4.49704	-7.86721	-8.26182	-7.79125
1349	9	2	4	62	4	5	6	-3.71274	-5.21364	-5.87468	-6.71038
1350	2	1	21	3	2	1	5	-2.9372	-2.49621	-4.41348	-4.61039
1351	9	7	10	4	1	7	1	-10.0415	-12.0752	-11.1161	-10.2411
1352	2	1	12	3	920	1	5	-6.96529	-6.77362	-7.02163	-7.09056
1353	239	27	16	19	10	5	7	-10.3037	-6.48299	-9.15554	-11.0564
1354	7	17	2	15	23	3	12	-6.89753	-10.2681	-10.6628	-10.1908
1355	1	4	2	2	6	3	17	-4.70284	-2.46049	-4.5777	-5.70271
1356	1	6	60	24	12	28	1	-30.3542	-33.4448	-22.0434	-18.0064
1357	2	4	5	2	10	1	5	-6.88839	-10.2441	-10.6443	-10.1813
1358	10	81	50	99	120	76	52	-6.69531	-6.4254	-5.27745	-5.19042
1359	4	7	10	4	1	7	1	-1.82748	-3.83294	-2.59428	-1.98396
1360	2	1	5	3	2	5	5	-5.632	-2.83951	-4.12612	-5.53241
1361	4	7	10	1	1	7	1	-5.2653	-8.5113	-6.00561	-6.1373
1362	2	4	5	2	10	1	5	-6.88839	-10.2441	-10.6443	-10.1813
1363	2	1	21	3	2	1	5	-2.9372	-2.49621	-4.41348	-4.61039
1364	2	1	21	3	2	1	5	-2.9372	-2.49621	-4.41348	-4.61039
1365	2	4	1	2	2	1	5	-2.77301	-3.65808	-4.16975	-4.16162
1366	2	4	2	2	6	1	5	-6.09664	-4.84237	-5.98201	-7.76626
1367	2	4	1	2	7	1	5	-2.30124	-5.66235	-5.91305	-5.22527
1368	2	4	1	2	2	1	5	-2.77301	-3.65808	-4.16975	-4.16162
1369	2	4	1	2	2	1	5	-2.77301	-3.65808	-4.16975	-4.16162
1370	4	7	10	4	1	7	1	-1.82748	-3.83294	-2.59428	-1.98396
1371	4	7	10	4	42	51	1	-2.92832	-4.65158	-4.83431	-3.86717
1372	2	1	5	3	2	3	5	-4.25333	-3.25991	-5.41568	-4.88161
1373	2	1	12	3	2	1	5	-2.62633	-2.12228	-3.66648	-4.88178
1374	2	1	1	3	2	1	5	-4.62582	-3.79201	-6.35513	-7.46822
1375	2	4	1	2	2	1	5	-2.77301	-3.65808	-4.16975	-4.16162
1376	4	7	10	4	1	7	1	-1.82748	-3.83294	-2.59428	-1.98396
1377	10	1	16	19	10	5	7	-6.40276	-2.75982	-4.21597	-5.23768
1378	2	4	1	2	7	1	5	-2.30124	-5.66235	-5.91305	-5.22527
1379	2	4	1	2	2	1	5	-2.77301	-3.65808	-4.16975	-4.16162
1380	10	81	50	99	120	76	52	-6.69531	-6.4254	-5.27745	-5.19042
1381	2	1	12	3	2	1	5	-2.62633	-2.12228	-3.66648	-4.88178
1382	2	4	1	2	2	1	5	-2.77301	-3.65808	-4.16975	-4.16162
1383	2	4	1	2	7	1	5	-2.30124	-5.66235	-5.91305	-5.22527
1384	1	2	3	4	5	9	3	-4.67265	-2.50139	-3.6438	-4.94262
1385	8	10	2	2	11	12	6	-3.95041	-7.26413	-7.71175	-7.24488
1386	1	4	2	2	6	3	17	-4.70284	-2.46049	-4.5777	-5.70271
1387	2	4	1	2	2	1	5	-2.77301	-3.65808	-4.16975	-4.16162
1388	2	4	1	2	2	1	5	-2.77301	-3.65808	-4.16975	-4.16162
1389	10	7	10	4	1	7	1	-12.3179	-10.6637	-9.77218	-9.32334
1390	2	1	21	3	2	1	5	-2.9372	-2.49621	-4.41348	-4.61039
1391	2	1	21	3	2	1	5	-2.9372	-2.49621	-4.41348	-4.61039
1392	10	1	16	19	10	5	7	-6.40276	-2.75982	-4.21597	-5.23768
1393	2	1	5	3	2	3	5	-4.25333	-3.25991	-5.41568	-4.88161
1394	2	1	5	3	2	3	5	-4.25333	-3.25991	-5.41568	-4.88161
1395	2	4	1	2	2	5	5	-6.81147	-6.40556	-8.81523	-9.74094
1396	2	4	1	2	7	1	5	-2.30124	-5.66235	-5.91305	-5.22527
1397	10	1	16	19	10	5	7	-6.40276	-2.75982	-4.21597	-5.23768
1398	2	4	1	2	7	1	5	-2.30124	-5.66235	-5.91305	-5.22527
1399	2	934	1	2	2	1	5	-7.03327	-8.30911	-7.52017	-6.36049
