Isolate	Loci0	Loci1	Loci2	Loci3	Loci4	Loci5	Loci6	Source0	Source1	Source2	Source3
0	1	2	3	4	5	9	3	-4.7957	-2.44938	-3.66622	-5.01025
1	4	7	10	4	1	7	1	-1.80736	-3.93389	-2.63186	-1.95873
2	2	4	1	2	2	1	5	-2.76565	-3.66415	-4.14883	-4.1581
3	2	4	1	2	2	1	5	-2.76565	-3.66415	-4.14883	-4.1581
4	9	25	2	10	22	3	6	-4.44979	-8.35909	-6.06115	-4.38946
5	4	7	10	4	1	7	1	-1.80736	-3.93389	-2.63186	-1.95873
6	4	7	10	4	1	7	1	-1.80736	-3.93389	-2.63186	-1.95873
7	4	7	10	4	42	51	1	-2.91429	-4.7135	-4.8953	-3.83851
8	2	4	1	2	2	1	5	-2.76565	-3.66415	-4.14883	-4.1581
9	10	81	50	99	120	76	52	-6.65088	-6.3795	-5.27977	-5.18684
10	2	1	21	3	2	1	5	-2.94688	-2.46771	-4.53844	-4.59507
11	2	1	21	3	2	1	5	-2.94688	-2.46771	-4.53844	-4.59507
12	9	25	2	10	22	3	6	-4.44979	-8.35909	-6.06115	-4.38946
13	2	1	21	3	2	1	5	-2.94688	-2.46771	-4.53844	-4.59507
14	10	27	16	19	10	5	7	-22.0457	-13.2366	-16.5207	-17.8314
15	2	4	1	2	2	1	5	-2.76565	-3.66415	-4.14883	-4.1581
16	2	4	1	2	2	1	5	-2.76565	-3.66415	-4.14883	-4.1581
17	9	2	4	62	4	5	6	-3.7037	-5.25453	-5.74644	-6.77558
18	9	53	2	53	11	3	3	-29.5212	-26.6048	-25.3085	-24.8244
19	2	4	1	2	2	1	5	-2.76565	-3.66415	-4.14883	-4.1581
20	2	4	1	2	2	1	5	-2.76565	-3.66415	-4.14883	-4.1581
21	4	7	10	4	1	7	1	-1.80736	-3.93389	-2.63186	-1.95873
22	2	4	1	2	2	1	5	-2.76565	-3.66415	-4.14883	-4.1581
23	1	4	2	2	6	3	17	-4.83693	-2.41104	-4.77573	-5.70023
24	4	7	10	4	1	7	1	-1.80736	-3.93389	-2.63186	-1.95873
25	2	1	21	3	2	1	5	-2.94688	-2.46771	-4.53844	-4.59507
26	8	10	2	2	11	12	6	-3.93867	-8.11424	-7.24373	-7.26312
27	2	4	2	2	6	1	5	-6.13889	-4.8007	-5.98471	-7.91555
28	2	1	12	3	2	1	5	-2.63917	-2.09432	-3.69799	-4.93362
29	2	4	1	2	2	1	5	-2.76565	-3.66415	-4.14883	-4.1581
30	4	7	10	4	1	7	1	-1.80736	-3.93389	-2.63186	-1.95873
31	10	1	16	19	10	5	7	-7.16699	-2.70682	-4.28651	-5.2681
32	1	2	3	4	5	9	3	-4.7957	-2.44938	-3.66622	-5.01025
33	2	4	1	2	2	1	5	-2.76565	-3.66415	-4.14883	-4.1581
34	2	4	1	2	2	1	5	-2.76565	-3.66415	-4.14883	-4.1581
35	2	4	1	2	2	1	5	-2.76565	-3.66415	-4.14883	-4.1581
36	4	7	10	4	1	7	1	-1.80736	-3.93389	-2.63186	-1.95873
37	129	66	30	82	189	47	17	-3.23311	-4.94617	-5.55034	-4.18742
38	2	1	12	3	357	1	5	-6.36027	-5.22297	-6.27763	-7.54015
39	9	2	4	62	4	5	6	-3.7037	-5.25453	-5.74644	-6.77558
40	2	1	1	3	2	1	5	-4.64983	-3.76182	-6.63958	-7.43123
41	2	1	12	3	357	1	5	-6.36027	-5.22297	-6.27763	-7.54015
42	2	1	5	3	2	3	5	-4.27485	-3.22529	-5.73088	-4.84761
43	2	1	5	3	2	3	5	-4.27485	-3.22529	-5.73088	-4.84761
44	2	4	1	2	2	1	5	-2.76565	-3.66415	-4.14883	-4.1581
45	2	4	1	2	2	1	5	-2.76565	-3.66415	-4.14883	-4.1581
46	2	4	2	2	6	1	5	-6.13889	-4.8007	-5.98471	-7.91555
47	1	4	2	2	6	3	17	-4.83693	-2.41104	-4.77573	-5.70023
48	2	1	21	3	2	1	5	-2.94688	-2.46771	-4.53844	-4.59507
49	2	1	2	3	2	3	5	-3.74215	-7.86061	-7.04146	-7.05535
50	2	1	21	3	2	1	5	-2.94688	-2.46771	-4.53844	-4.59507
51	7	17	2	15	23	3	12	-6.88551	-11.1357	-10.1921	-10.2096
52	2	4	1	2	7	1	5	-2.29013	-6.53386	-5.52434	-5.22575
53	9	2	4	62	4	5	6	-3.7037	-5.25453	-5.74644	-6.77558
54	2	4	1	2	7	1	5	-2.29013	-6.53386	-5.52434	-5.22575
55	9	2	4	62	4	5	6	-3.7037	-5.25453	-5.74644	-6.77558
56	2	1	12	88	2	1	5	-3.96801	-3.40633	-5.95655	-5.4074
57	2	1	5	3	2	3	5	-4.27485	-3.22529	-5.73088	-4.84761
58	2	4	1	2	2	1	5	-2.76565	-3.66415	-4.14883	-4.1581
59	9	2	4	62	4	5	6	-3.7037	-5.25453	-5.74644	-6.77558
60	2	1	5	3	2	3	5	-4.27485	-3.22529	-5.73088	-4.84761
61	2	4	1	2	2	1	5	-2.76565	-3.66415	-4.14883	-4.1581
62	2	4	1	2	2	1	5	-2.76565	-3.66415	-4.14883	-4.1581
63	2	4	1	2	2	1	5	-2.76565	-3.66415	-4.14883	-4.1581
64	2	4	1	2	2	1	5	-2.76565	-3.66415	-4.14883	-4.1581
65	2	4	1	2	2	1	5	-2.76565	-3.66415	-4.14883	-4.1581
66	2	4	1	2	2	1	5	-2.76565	-3.66415	-4.14883	-4.1581
67	1	2	215	4	90	24	8	-29.1504	-26.3969	-21.408	-20.8357
68	2	4	1	2	2	1	5	-2.76565	-3.66415	-4.14883	-4.1581
69	1	2	3	4	5	9	3	-4.7957	-2.44938	-3.66622	-5.01025
70	2	4	1	2	2	1	5	-2.76565	-3.66415	-4.14883	-4.1581
71	2	4	1	2	2	1	5	-2.76565	-3.66415	-4.14883	-4.1581
72	9	25	2	10	22	3	6	-4.44979	-8.35909	-6.06115	-4.38946
73	2	15	4	48	360	25	23	-6.64017	-9.50414	-5.73119	-4.93417
74	2	4	1	2	2	1	5	-2.76565	-3.66415	-4.14883	-4.1581
75	2	1	12	88	2	1	5	-3.96801	-3.40633	-5.95655	-5.4074
76	2	4	2	2	6	1	5	-6.13889	-4.8007	-5.98471	-7.91555
77	10	1	16	19	10	5	7	-7.16699	-2.70682	-4.28651	-5.2681
78	2	4	1	2	2	1	5	-2.76565	-3.66415	-4.14883	-4.1581
79	2	1	12	3	2	1	5	-2.63917	-2.09432	-3.69799	-4.93362
80	2	4	1	2	2	1	5	-2.76565	-3.66415	-4.14883	-4.1581
81	2	4	1	2	2	1	5	-2.76565	-3.66415	-4.14883	-4.1581
82	1	4	2	2	6	3	17	-4.83693	-2.41104	-4.77573	-5.70023
83	10	1	16	19	10	5	7	-7.16699	-2.70682	-4.28651	-5.2681
84	8	10	149	2	11	12	6	-4.91369	-3.93569	-5.76129	-7.31084
85	2	4	1	2	2	1	5	-2.76565	-3.66415	-4.14883	-4.1581
86	2	4	1	2	7	1	5	-2.29013	-6.53386	-5.52434	-5.22575
87	32	39	30	82	104	324	17	-9.6179	-4.63449	-7.82546	-9.16412
88	1	2	3	4	5	9	3	-4.7957	-2.44938	-3.66622	-5.01025
89	2	1	5	3	2	3	5	-4.27485	-3.22529	-5.73088	-4.84761
90	2	4	1	2	2	1	5	-2.76565	-3.66415	-4.14883	-4.1581
91	2	4	1	2	7	1	5	-2.29013	-6.53386	-5.52434	-5.22575
92	4	7	10	4	1	7	1	-1.80736	-3.93389	-2.63186	-1.95873
93	2	1	2	3	2	3	5	-3.74215	-7.86061	-7.04146	-7.05535
94	2	1	12	3	2	1	5	-2.63917	-2.09432	-3.69799	-4.93362
95	2	1	21	3	2	1	5	-2.94688	-2.46771	-4.53844	-4.59507
96	2	1	21	3	2	1	5	-2.94688	-2.46771	-4.53844	-4.59507
97	9	2	5	2	11	3	1	-29.0373	-33.9279	-28.3215	-25.7192
98	4	7	10	4	1	7	1	-1.80736	-3.93389	-2.63186	-1.95873
99	2	1	2	3	2	3	5	-3.74215	-7.86061	-7.04146	-7.05535
100	2	1	21	3	2	1	5	-2.94688	-2.46771	-4.53844	-4.59507
101	4	7	10	4	1	7	1	-1.80736	-3.93389	-2.63186	-1.95873
102	2	1	21	3	2	1	5	-2.94688	-2.46771	-4.53844	-4.59507
103	1	4	2	2	6	3	17	-4.83693	-2.41104	-4.77573	-5.70023
104	2	4	5	2	10	1	5	-6.87735	-11.1228	-10.1762	-10.1965
105	2	1	12	88	2	1	5	-3.96801	-3.40633	-5.95655	-5.4074
106	9	2	4	62	4	5	6	-3.7037	-5.25453	-5.74644	-6.77558
107	2	165	73	147	220	190	104	-8.60885	-10.3686	-7.10095	-5.26726
108	2	1	21	3	2	1	5	-2.94688	-2.46771	-4.53844	-4.59507
109	2	4	1	2	2	1	5	-2.76565	-3.66415	-4.14883	-4.1581
110	2	1	12	3	11	1	6	-18.74	-18.5677	-20.3999	-20.8146
111	2	1	2	3	2	3	5	-3.74215	-7.86061	-7.04146	-7.05535
112	2	4	1	2	7	1	5	-2.29013	-6.53386	-5.52434	-5.22575
113	2	1	2	3	2	3	5	-3.74215	-7.86061	-7.04146	-7.05535
114	2	1	21	3	2	1	5	-2.94688	-2.46771	-4.53844	-4.59507
115	2	4	1	2	7	1	5	-2.29013	-6.53386	-5.52434	-5.22575
116	33	39	30	82	113	43	17	-9.80041	-6.41336	-6.14076	-8.42987
117	2	4	1	2	2	1	5	-2.76565	-3.66415	-4.14883	-4.1581
118	2	4	1	2	2	1	5	-2.76565	-3.66415	-4.14883	-4.1581
119	2	4	1	2	2	1	5	-2.76565	-3.66415	-4.14883	-4.1581
120	2	4	1	2	7	1	5	-2.29013	-6.53386	-5.52434	-5.22575
121	4	7	10	1	1	7	1	-5.25	-9.1973	-5.95553	-6.13831
122	2	1	12	3	2	1	5	-2.63917	-2.09432	-3.69799	-4.93362
123	2	4	1	2	2	1	5	-2.76565	-3.66415	-4.14883	-4.1581
124	2	4	1	2	2	1	5	-2.76565	-3.66415	-4.14883	-4.1581
125	2	4	1	2	7	1	5	-2.29013	-6.53386	-5.52434	-5.22575
126	2	4	1	2	2	1	5	-2.76565	-3.66415	-4.14883	-4.1581
127	2	4	1	2	2	1	5	-2.76565	-3.66415	-4.14883	-4.1581
128	2	1	12	88	2	1	5	-3.96801	-3.40633	-5.95655	-5.4074
129	2	1	12	3	2	1	5	-2.63917	-2.09432	-3.69799	-4.93362
130	2	1	12	3	2	1	5	-2.63917	-2.09432	-3.69799	-4.93362
131	2	4	1	2	7	1	5	-2.29013	-6.53386	-5.52434	-5.22575
132	2	1	21	3	2	1	5	-2.94688	-2.46771	-4.53844	-4.59507
133	2	1	21	3	2	1	5	-2.94688	-2.46771	-4.53844	-4.59507
134	2	4	5	2	2	5	5	-3.6561	-7.87195	-6.70153	-5.92869
135	2	1	21	3	2	1	5	-2.94688	-2.46771	-4.53844	-4.59507
136	1	4	2	2	6	3	1	-11.5231	-10.5911	-10.639	-11.039
137	2	1	5	3	2	3	5	-4.27485	-3.22529	-5.73088	-4.84761
138	2	1	5	3	2	3	5	-4.27485	-3.22529	-5.73088	-4.84761
139	4	7	10	4	1	7	1	-1.80736	-3.93389	-2.63186	-1.95873
140	8	10	2	2	11	12	6	-3.93867	-8.11424	-7.24373	-7.26312
141	2	1	2	3	2	3	5	-3.74215	-7.86061	-7.04146	-7.05535
142	2	1	5	3	2	3	5	-4.27485	-3.22529	-5.73088	-4.84761
143	2	1	2	3	2	3	5	-3.74215	-7.86061	-7.04146	-7.05535
144	129	66	30	82	189	47	17	-3.23311	-4.94617	-5.55034	-4.18742
145	2	4	1	2	2	1	5	-2.76565	-3.66415	-4.14883	-4.1581
146	2	4	1	2	2	1	5	-2.76565	-3.66415	-4.14883	-4.1581
147	7	21	5	62	4	61	44	-8.54671	-3.78749	-5.8011	-7.71792
148	2	4	1	2	2	1	5	-2.76565	-3.66415	-4.14883	-4.1581
149	2	937	1	2	2	1	5	-6.40756	-6.79965	-6.71821	-6.75534
150	1	14	2	2	6	1	17	-9.53734	-6.40998	-7.97649	-6.35706
151	1	4	2	2	6	3	17	-4.83693	-2.41104	-4.77573	-5.70023
152	8	10	149	2	11	12	6	-4.91369	-3.93569	-5.76129	-7.31084
153	2	1	12	3	2	1	5	-2.63917	-2.09432	-3.69799	-4.93362
154	9	30	2	2	89	59	6	-4.9378	-9.18954	-8.24504	-8.26242
155	1	2	3	4	5	9	3	-4.7957	-2.44938	-3.66622	-5.01025
156	2	4	1	2	2	1	5	-2.76565	-3.66415	-4.14883	-4.1581
157	2	4	1	2	2	1	5	-2.76565	-3.66415	-4.14883	-4.1581
158	180	194	2	68	19	231	147	-23.8751	-25.2202	-21.4835	-21.6382
159	2	4	1	2	2	1	5	-2.76565	-3.66415	-4.14883	-4.1581
160	2	4	1	2	2	1	5	-2.76565	-3.66415	-4.14883	-4.1581
161	2	4	1	2	2	1	5	-2.76565	-3.66415	-4.14883	-4.1581
162	4	7	10	4	1	7	1	-1.80736	-3.93389	-2.63186	-1.95873
163	2	4	1	2	2	1	5	-2.76565	-3.66415	-4.14883	-4.1581
164	2	1	21	3	2	1	5	-2.94688	-2.46771	-4.53844	-4.59507
165	2	4	1	2	7	1	5	-2.29013	-6.53386	-5.52434	-5.22575
166	2	4	1	2	2	1	5	-2.76565	-3.66415	-4.14883	-4.1581
167	10	1	16	19	10	5	7	-7.16699	-2.70682	-4.28651	-5.2681
168	104	7	10	4	1	7	1	-4.39375	-8.65122	-7.68731	-7.69446
169	2	4	1	2	2	1	5	-2.76565	-3.66415	-4.14883	-4.1581
170	10	27	16	19	10	5	7	-22.0457	-13.2366	-16.5207	-17.8314
171	2	4	1	2	2	1	5	-2.76565	-3.66415	-4.14883	-4.1581
172	2	1	1	3	2	1	5	-4.64983	-3.76182	-6.63958	-7.43123
173	7	21	5	62	4	61	44	-8.54671	-3.78749	-5.8011	-7.71792
174	2	1	1	3	2	1	5	-4.64983	-3.76182	-6.63958	-7.43123
175	10	1	16	19	10	5	7	-7.16699	-2.70682	-4.28651	-5.2681
176	2	4	1	2	2	1	5	-2.76565	-3.66415	-4.14883	-4.1581
177	2	4	1	2	2	1	5	-2.76565	-3.66415	-4.14883	-4.1581
178	2	1	12	3	2	1	5	-2.63917	-2.09432	-3.69799	-4.93362
179	2	4	1	2	2	1	5	-2.76565	-3.66415	-4.14883	-4.1581
180	2	4	1	2	2	1	5	-2.76565	-3.66415	-4.14883	-4.1581
181	1	4	2	2	6	3	17	-4.83693	-2.41104	-4.77573	-5.70023
182	2	1	12	3	2	1	5	-2.63917	-2.09432	-3.69799	-4.93362
183	4	7	10	4	1	7	1	-1.80736	-3.93389	-2.63186	-1.95873
184	2	4	1	2	2	1	5	-2.76565	-3.66415	-4.14883	-4.1581
185	2	4	1	2	2	1	5	-2.76565	-3.66415	-4.14883	-4.1581
186	2	1	21	3	2	1	5	-2.94688	-2.46771	-4.53844	-4.59507
187	4	7	10	4	1	7	1	-1.80736	-3.93389	-2.63186	-1.95873
188	4	7	10	4	42	51	1	-2.91429	-4.7135	-4.8953	-3.83851
189	2	1	5	3	2	3	5	-4.27485	-3.22529	-5.73088	-4.84761
190	1	2	4	62	4	5	17	-6.16485	-4.81066	-7.79705	-8.72982
191	4	7	10	4	1	7	1	-1.80736	-3.93389	-2.63186	-1.95873
192	4	7	10	4	42	51	1	-2.91429	-4.7135	-4.8953	-3.83851
193	2	1	21	3	2	1	5	-2.94688	-2.46771	-4.53844	-4.59507
194	4	7	10	4	42	51	1	-2.91429	-4.7135	-4.8953	-3.83851
195	2	4	1	2	7	1	5	-2.29013	-6.53386	-5.52434	-5.22575
196	2	4	1	2	2	1	5	-2.76565	-3.66415	-4.14883	-4.1581
197	1	2	3	4	5	9	3	-4.7957	-2.44938	-3.66622	-5.01025
198	1	2	4	62	4	5	17	-6.16485	-4.81066	-7.79705	-8.72982
199	2	250	4	281	358	25	57	-27.945	-29.6844	-19.0603	-18.4195
200	9	2	4	62	4	5	6	-3.7037	-5.25453	-5.74644	-6.77558
201	1	2	3	4	5	9	3	-4.7957	-2.44938	-3.66622	-5.01025
202	4	7	10	4	1	7	1	-1.80736	-3.93389	-2.63186	-1.95873
203	2	4	2	4	19	3	6	-5.78193	-10.0316	-9.08385	-9.09793
204	4	7	10	4	1	7	1	-1.80736	-3.93389	-2.63186	-1.95873
205	4	7	10	4	42	51	1	-2.91429	-4.7135	-4.8953	-3.83851
206	2	1	12	3	2	1	5	-2.63917	-2.09432	-3.69799	-4.93362
207	4	7	10	4	1	7	1	-1.80736	-3.93389	-2.63186	-1.95873
208	2	1	12	3	2	1	5	-2.63917	-2.09432	-3.69799	-4.93362
209	1	2	4	62	4	5	17	-6.16485	-4.81066	-7.79705	-8.72982
210	4	7	10	4	42	51	1	-2.91429	-4.7135	-4.8953	-3.83851
211	2	4	1	2	2	1	5	-2.76565	-3.66415	-4.14883	-4.1581
212	4	7	10	4	1	7	1	-1.80736	-3.93389	-2.63186	-1.95873
213	2	1	21	3	2	1	5	-2.94688	-2.46771	-4.53844	-4.59507
214	47	2	4	2	6	5	17	-10.147	-10.9185	-6.16852	-8.51019
215	2	1	21	3	2	1	5	-2.94688	-2.46771	-4.53844	-4.59507
216	2	1	21	3	2	1	5	-2.94688	-2.46771	-4.53844	-4.59507
217	2	4	1	2	2	1	5	-2.76565	-3.66415	-4.14883	-4.1581
218	2	4	1	2	2	1	5	-2.76565	-3.66415	-4.14883	-4.1581
219	10	81	50	99	120	76	52	-6.65088	-6.3795	-5.27977	-5.18684
220	2	4	1	2	2	1	5	-2.76565	-3.66415	-4.14883	-4.1581
221	2	4	1	2	2	1	5	-2.76565	-3.66415	-4.14883	-4.1581
222	1	4	2	2	6	3	17	-4.83693	-2.41104	-4.77573	-5.70023
223	1	2	4	62	4	5	17	-6.16485	-4.81066	-7.79705	-8.72982
224	4	7	10	4	1	7	1	-1.80736	-3.93389	-2.63186	-1.95873
225	4	7	10	4	1	7	1	-1.80736	-3.93389	-2.63186	-1.95873
226	10	1	16	19	10	5	7	-7.16699	-2.70682	-4.28651	-5.2681
227	2	4	1	2	2	1	5	-2.76565	-3.66415	-4.14883	-4.1581
228	2	4	1	2	7	1	5	-2.29013	-6.53386	-5.52434	-5.22575
229	1	4	2	348	6	3	17	-10.3101	-5.32244	-8.51249	-9.85401
230	1	2	4	62	4	5	17	-6.16485	-4.81066	-7.79705	-8.72982
231	10	27	16	19	10	5	7	-22.0457	-13.2366	-16.5207	-17.8314
232	1	4	2	2	6	3	17	-4.83693	-2.41104	-4.77573	-5.70023
233	4	7	10	4	42	51	1	-2.91429	-4.7135	-4.8953	-3.83851
234	2	4	1	2	2	1	5	-2.76565	-3.66415	-4.14883	-4.1581
235	2	1	12	3	2	1	5	-2.63917	-2.09432	-3.69799	-4.93362
236	2	1	12	88	2	1	5	-3.96801	-3.40633	-5.95655	-5.4074
237	2	4	1	2	7	1	5	-2.29013	-6.53386	-5.52434	-5.22575
238	2	1	12	3	2	1	5	-2.63917	-2.09432	-3.69799	-4.93362
239	1	4	2	2	6	3	17	-4.83693	-2.41104	-4.77573	-5.70023
240	2	1	4	28	58	25	58	-5.62623	-8.83112	-5.42074	-4.25573
241	2	1	5	3	2	3	5	-4.27485	-3.22529	-5.73088	-4.84761
242	2	1	12	3	2	1	5	-2.63917	-2.09432	-3.69799	-4.93362
243	2	4	1	2	2	1	5	-2.76565	-3.66415	-4.14883	-4.1581
244	2	1	5	10	11	1	5	-27.0412	-23.7331	-24.326	-25.0713
245	2	1	12	3	2	1	5	-2.63917	-2.09432	-3.69799	-4.93362
246	2	1	12	88	2	1	5	-3.96801	-3.40633	-5.95655	-5.4074
247	2	1	12	3	2	1	5	-2.63917	-2.09432	-3.69799	-4.93362
248	2	1	12	3	2	1	5	-2.63917	-2.09432	-3.69799	-4.93362
249	1	4	2	2	6	3	17	-4.83693	-2.41104	-4.77573	-5.70023
250	9	2	4	62	4	5	6	-3.7037	-5.25453	-5.74644	-6.77558
251	2	1	12	3	2	1	5	-2.63917	-2.09432	-3.69799	-4.93362
252	8	10	149	2	11	12	6	-4.91369	-3.93569	-5.76129	-7.31084
253	2	1	21	3	2	1	5	-2.94688	-2.46771	-4.53844	-4.59507
254	1	2	3	4	5	9	3	-4.7957	-2.44938	-3.66622	-5.01025
255	2	1	5	3	2	3	5	-4.27485	-3.22529	-5.73088	-4.84761
256	1	307	3	4	5	9	3	-6.83689	-6.40337	-6.11019	-8.26769
257	1	4	2	2	6	3	17	-4.83693	-2.41104	-4.77573	-5.70023
258	2	4	1	2	7	1	5	-2.29013	-6.53386	-5.52434	-5.22575
259	2	4	1	2	2	1	5	-2.76565	-3.66415	-4.14883	-4.1581
260	2	61	4	64	126	7	23	-5.97654	-9.08847	-6.07799	-4.26602
261	7	21	5	62	4	61	44	-8.54671	-3.78749	-5.8011	-7.71792
262	2	1	12	3	2	1	5	-2.63917	-2.09432	-3.69799	-4.93362
263	2	4	1	2	2	1	5	-2.76565	-3.66415	-4.14883	-4.1581
264	2	1	12	3	2	1	5	-2.63917	-2.09432	-3.69799	-4.93362
265	2	1	21	3	2	1	5	-2.94688	-2.46771	-4.53844	-4.59507
266	2	1	21	3	2	1	5	-2.94688	-2.46771	-4.53844	-4.59507
267	2	4	1	2	2	1	5	-2.76565	-3.66415	-4.14883	-4.1581
268	2	4	1	2	2	1	5	-2.76565	-3.66415	-4.14883	-4.1581
269	2	4	1	2	7	1	5	-2.29013	-6.53386	-5.52434	-5.22575
270	4	7	10	4	1	7	1	-1.80736	-3.93389	-2.63186	-1.95873
271	1	2	4	62	4	5	17	-6.16485	-4.81066	-7.79705	-8.72982
272	4	1	21	3	2	1	5	-9.70496	-10.7422	-10.5266	-9.99852
273	10	1	16	19	10	5	7	-7.16699	-2.70682	-4.28651	-5.2681
274	33	283	44	82	189	44	17	-8.04219	-3.42902	-5.60121	-6.0916
275	2	1	12	3	2	1	5	-2.63917	-2.09432	-3.69799	-4.93362
276	10	81	50	99	120	76	52	-6.65088	-6.3795	-5.27977	-5.18684
277	4	7	10	4	42	25	1	-8.38935	-9.91374	-5.82164	-5.19251
278	2	4	1	2	2	1	5	-2.76565	-3.66415	-4.14883	-4.1581
279	2	4	5	2	10	1	5	-6.87735	-11.1228	-10.1762	-10.1965
280	2	4	1	2	2	1	5	-2.76565	-3.66415	-4.14883	-4.1581
281	9	2	4	62	4	5	6	-3.7037	-5.25453	-5.74644	-6.77558
282	4	7	10	4	1	7	1	-1.80736	-3.93389	-2.63186	-1.95873
283	2	1	12	3	2	1	5	-2.63917	-2.09432	-3.69799	-4.93362
284	9	2	4	62	4	5	6	-3.7037	-5.25453	-5.74644	-6.77558
285	9	2	4	62	4	5	6	-3.7037	-5.25453	-5.74644	-6.77558
286	2	4	1	2	2	1	5	-2.76565	-3.66415	-4.14883	-4.1581
287	2	1	12	88	2	1	5	-3.96801	-3.40633	-5.95655	-5.4074
288	2	1	21	3	2	1	5	-2.94688	-2.46771	-4.53844	-4.59507
289	33	39	30	79	113	44	17	-26.8827	-25.759	-24.7736	-26.9142
290	1	2	3	4	5	9	3	-4.7957	-2.44938	-3.66622	-5.01025
291	1	4	2	2	6	3	17	-4.83693	-2.41104	-4.77573	-5.70023
292	9	2	4	62	4	5	6	-3.7037	-5.25453	-5.74644	-6.77558
293	2	1	12	3	2	1	5	-2.63917	-2.09432	-3.69799	-4.93362
294	2	1	5	3	2	5	5	-5.88711	-2.7974	-4.16281	-5.60509
295	2	1	5	3	2	5	5	-5.88711	-2.7974	-4.16281	-5.60509
296	2	4	1	2	2	1	5	-2.76565	-3.66415	-4.14883	-4.1581
297	2	4	1	2	2	1	5	-2.76565	-3.66415	-4.14883	-4.1581
298	2	1	21	3	2	1	5	-2.94688	-2.46771	-4.53844	-4.59507
299	32	39	30	82	104	324	17	-9.6179	-4.63449	-7.82546	-9.16412
300	2	1	12	3	2	1	5	-2.63917	-2.09432	-3.69799	-4.93362
301	4	7	10	4	1	7	1	-1.80736	-3.93389	-2.63186	-1.95873
302	1	4	2	2	6	3	5	-9.9014	-5.26096	-8.41067	-9.7501
303	2	1	21	3	2	1	5	-2.94688	-2.46771	-4.53844	-4.59507
304	4	7	10	4	42	51	1	-2.91429	-4.7135	-4.8953	-3.83851
305	2	4	1	2	7	1	5	-2.29013	-6.53386	-5.52434	-5.22575
306	7	21	5	62	4	61	44	-8.54671	-3.78749	-5.8011	-7.71792
307	104	7	10	4	1	7	1	-4.39375	-8.65122	-7.68731	-7.69446
308	9	25	2	10	22	3	6	-4.44979	-8.35909	-6.06115	-4.38946
309	2	4	2	2	6	3	17	-10.9436	-8.11422	-10.3194	-10.8765
310	2	4	1	2	7	1	5	-2.29013	-6.53386	-5.52434	-5.22575
311	129	66	30	82	189	47	17	-3.23311	-4.94617	-5.55034	-4.18742
312	33	39	30	82	104	173	68	-5.46669	-3.93915	-6.96066	-7.93886
313	2	1	12	3	2	1	5	-2.63917	-2.09432	-3.69799	-4.93362
314	2	1	1	3	2	1	5	-4.64983	-3.76182	-6.63958	-7.43123
315	7	21	5	62	4	61	44	-8.54671	-3.78749	-5.8011	-7.71792
316	2	1	21	3	2	1	5	-2.94688	-2.46771	-4.53844	-4.59507
317	4	7	10	4	1	7	1	-1.80736	-3.93389	-2.63186	-1.95873
318	10	2	107	62	120	76	1	-6.82706	-10.5956	-8.06995	-6.34373
319	4	7	10	4	1	7	1	-1.80736	-3.93389	-2.63186	-1.95873
320	2	1	12	3	2	1	5	-2.63917	-2.09432	-3.69799	-4.93362
321	2	1	5	3	2	3	5	-4.27485	-3.22529	-5.73088	-4.84761
322	4	7	10	4	1	7	1	-1.80736	-3.93389	-2.63186	-1.95873
323	2	1	12	88	2	1	5	-3.96801	-3.40633	-5.95655	-5.4074
324	4	7	10	4	42	7	1	-6.51897	-9.33516	-5.61672	-4.67474
325	4	7	10	4	42	51	1	-2.91429	-4.7135	-4.8953	-3.83851
326	2	1	21	3	2	1	5	-2.94688	-2.46771	-4.53844	-4.59507
327	2	1	12	3	2	1	5	-2.63917	-2.09432	-3.69799	-4.93362
328	4	7	10	4	1	7	1	-1.80736	-3.93389	-2.63186	-1.95873
329	2	4	1	2	7	1	5	-2.29013	-6.53386	-5.52434	-5.22575
330	4	7	10	4	1	7	1	-1.80736	-3.93389	-2.63186	-1.95873
331	2	1	12	3	2	1	5	-2.63917	-2.09432	-3.69799	-4.93362
332	4	7	10	4	1	7	1	-1.80736	-3.93389	-2.63186	-1.95873
333	4	7	10	4	1	7	1	-1.80736	-3.93389	-2.63186	-1.95873
334	1	4	2	2	6	3	17	-4.83693	-2.41104	-4.77573	-5.70023
335	2	4	1	2	2	1	5	-2.76565	-3.66415	-4.14883	-4.1581
336	4	7	10	4	1	7	1	-1.80736	-3.93389	-2.63186	-1.95873
337	7	17	2	15	23	3	12	-6.88551	-11.1357	-10.1921	-10.2096
338	2	1	5	3	2	3	5	-4.27485	-3.22529	-5.73088	-4.84761
339	4	7	10	4	1	7	1	-1.80736	-3.93389	-2.63186	-1.95873
340	4	7	10	4	1	7	1	-1.80736	-3.93389	-2.63186	-1.95873
341	4	7	10	4	42	51	1	-2.91429	-4.7135	-4.8953	-3.83851
342	2	4	1	2	2	1	5	-2.76565	-3.66415	-4.14883	-4.1581
343	2	1	12	88	2	1	5	-3.96801	-3.40633	-5.95655	-5.4074
344	2	1	1	3	2	1	5	-4.64983	-3.76182	-6.63958	-7.43123
345	1	2	3	4	5	9	3	-4.7957	-2.44938	-3.66622	-5.01025
346	2	1	12	88	2	1	5	-3.96801	-3.40633	-5.95655	-5.4074
347	2	1	1	3	2	1	5	-4.64983	-3.76182	-6.63958	-7.43123
348	24	17	2	10	23	68	5	-10.7156	-5.73193	-8.92304	-10.2621
349	4	7	10	4	1	7	1	-1.80736	-3.93389	-2.63186	-1.95873
350	2	1	21	3	2	1	5	-2.94688	-2.46771	-4.53844	-4.59507
351	1	4	2	2	6	3	17	-4.83693	-2.41104	-4.77573	-5.70023
352	2	1	5	3	2	3	5	-4.27485	-3.22529	-5.73088	-4.84761
353	4	7	10	4	1	7	1	-1.80736	-3.93389	-2.63186	-1.95873
354	2	1	1	3	2	1	5	-4.64983	-3.76182	-6.63958	-7.43123
355	2	1	12	3	2	1	5	-2.63917	-2.09432	-3.69799	-4.93362
356	8	10	149	2	11	12	6	-4.91369	-3.93569	-5.76129	-7.31084
357	2	4	1	2	2	5	5	-6.82644	-6.38874	-9.0148	-9.6944
358	10	1	16	19	10	5	7	-7.16699	-2.70682	-4.28651	-5.2681
359	24	17	2	10	23	68	5	-10.7156	-5.73193	-8.92304	-10.2621
360	1	2	4	62	4	5	17	-6.16485	-4.81066	-7.79705	-8.72982
361	2	4	1	2	7	1	5	-2.29013	-6.53386	-5.52434	-5.22575
362	7	71	5	62	11	67	6	-28.5743	-26.4856	-26.6215	-27.9318
363	7	17	5	2	10	3	6	-25.8254	-25.7804	-23.93	-22.5497
364	2	1	5	3	2	3	5	-4.27485	-3.22529	-5.73088	-4.84761
365	9	2	4	62	4	5	6	-3.7037	-5.25453	-5.74644	-6.77558
366	33	38	30	82	104	325	36	-15.13	-9.56638	-12.198	-13.564
367	2	4	1	2	7	1	5	-2.29013	-6.53386	-5.52434	-5.22575
368	47	2	4	2	6	5	17	-10.147	-10.9185	-6.16852	-8.51019
369	2	1	12	88	2	1	5	-3.96801	-3.40633	-5.95655	-5.4074
370	2	1	12	88	2	1	5	-3.96801	-3.40633	-5.95655	-5.4074
371	2	1	12	88	2	1	5	-3.96801	-3.40633	-5.95655	-5.4074
372	2	1	12	88	2	1	5	-3.96801	-3.40633	-5.95655	-5.4074
373	2	4	1	2	2	1	5	-2.76565	-3.66415	-4.14883	-4.1581
374	2	1	12	88	2	1	5	-3.96801	-3.40633	-5.95655	-5.4074
375	1	1	2	2	6	3	17	-10.8433	-6.22924	-9.2748	-10.5938
376	2	1	12	88	2	1	5	-3.96801	-3.40633	-5.95655	-5.4074
377	2	1	12	88	2	1	5	-3.96801	-3.40633	-5.95655	-5.4074
378	2	4	1	2	2	1	5	-2.76565	-3.66415	-4.14883	-4.1581
379	2	1	12	88	2	1	5	-3.96801	-3.40633	-5.95655	-5.4074
380	2	1	5	3	2	3	5	-4.27485	-3.22529	-5.73088	-4.84761
381	4	7	10	4	1	7	1	-1.80736	-3.93389	-2.63186	-1.95873
382	2	1	12	3	2	1	5	-2.63917	-2.09432	-3.69799	-4.93362
383	1	2	4	62	4	5	17	-6.16485	-4.81066	-7.79705	-8.72982
384	1	4	2	2	6	3	17	-4.83693	-2.41104	-4.77573	-5.70023
385	2	1	12	3	2	1	5	-2.63917	-2.09432	-3.69799	-4.93362
386	2	1	12	88	2	1	5	-3.96801	-3.40633	-5.95655	-5.4074
387	9	2	4	62	4	5	6	-3.7037	-5.25453	-5.74644	-6.77558
388	2	4	1	2	7	1	5	-2.29013	-6.53386	-5.52434	-5.22575
389	2	1	5	3	2	3	5	-4.27485	-3.22529	-5.73088	-4.84761
390	7	21	5	62	4	61	44	-8.54671	-3.78749	-5.8011	-7.71792
391	1	2	215	4	90	24	8	-29.1504	-26.3969	-21.408	-20.8357
392	2	1	21	3	2	1	5	-2.94688	-2.46771	-4.53844	-4.59507
393	1	4	2	2	6	3	17	-4.83693	-2.41104	-4.77573	-5.70023
394	2	4	1	2	2	1	5	-2.76565	-3.66415	-4.14883	-4.1581
395	2	1	12	3	2	1	5	-2.63917	-2.09432	-3.69799	-4.93362
396	1	2	3	4	5	9	3	-4.7957	-2.44938	-3.66622	-5.01025
397	2	1	5	3	2	3	5	-4.27485	-3.22529	-5.73088	-4.84761
398	10	1	16	19	10	5	7	-7.16699	-2.70682	-4.28651	-5.2681
399	2	1	2	3	2	959	5	-7.45965	-10.3874	-9.58888	-9.65014
400	10	1	16	19	10	5	7	-7.16699	-2.70682	-4.28651	-5.2681
401	2	4	1	2	7	1	5	-2.29013	-6.53386	-5.52434	-5.22575
402	2	1	12	3	2	1	5	-2.63917	-2.09432	-3.69799	-4.93362
403	8	10	149	2	11	12	6	-4.91369	-3.93569	-5.76129	-7.31084
404	2	4	1	2	7	1	5	-2.29013	-6.53386	-5.52434	-5.22575
405	4	7	10	4	1	7	1	-1.80736	-3.93389	-2.63186	-1.95873
406	4	7	10	4	1	7	1	-1.80736	-3.93389	-2.63186	-1.95873
407	2	4	5	2	2	5	5	-3.6561	-7.87195	-6.70153	-5.92869
408	2	1	12	3	2	1	5	-2.63917	-2.09432	-3.69799	-4.93362
409	166	2	27	10	151	3	1	-30.4977	-31.042	-26.1077	-24.3502
410	33	39	30	79	113	44	17	-26.8827	-25.759	-24.7736	-26.9142
411	7	17	2	15	23	3	12	-6.88551	-11.1357	-10.1921	-10.2096
412	1	2	3	4	5	9	3	-4.7957	-2.44938	-3.66622	-5.01025
413	2	4	1	2	7	1	5	-2.29013	-6.53386	-5.52434	-5.22575
414	7	21	5	62	4	61	44	-8.54671	-3.78749	-5.8011	-7.71792
415	2	1	12	3	2	1	5	-2.63917	-2.09432	-3.69799	-4.93362
416	1	2	3	4	5	9	3	-4.7957	-2.44938	-3.66622	-5.01025
417	2	1	5	88	2	11	5	-9.52763	-5.31266	-6.06862	-8.2721
418	2	4	1	2	7	1	5	-2.29013	-6.53386	-5.52434	-5.22575
419	2	1	21	3	2	1	5	-2.94688	-2.46771	-4.53844	-4.59507
420	7	17	2	15	23	3	12	-6.88551	-11.1357	-10.1921	-10.2096
421	2	1	5	88	2	11	5	-9.52763	-5.31266	-6.06862	-8.2721
422	47	2	4	2	6	5	17	-10.147	-10.9185	-6.16852	-8.51019
423	1	2	3	4	5	9	3	-4.7957	-2.44938	-3.66622	-5.01025
424	7	17	2	15	23	3	12	-6.88551	-11.1357	-10.1921	-10.2096
425	2	4	1	2	2	1	5	-2.76565	-3.66415	-4.14883	-4.1581
426	2	4	1	2	2	1	5	-2.76565	-3.66415	-4.14883	-4.1581
427	2	4	1	2	2	1	5	-2.76565	-3.66415	-4.14883	-4.1581
428	2	1	12	3	2	1	5	-2.63917	-2.09432	-3.69799	-4.93362
429	2	4	5	2	2	5	5	-3.6561	-7.87195	-6.70153	-5.92869
430	2	1	21	3	2	1	5	-2.94688	-2.46771	-4.53844	-4.59507
431	4	7	10	4	42	25	1	-8.38935	-9.91374	-5.82164	-5.19251
432	1	4	2	2	6	3	17	-4.83693	-2.41104	-4.77573	-5.70023
433	1	2	215	4	923	24	8	-29.1504	-26.3969	-21.408	-20.8357
434	1	2	3	4	5	9	3	-4.7957	-2.44938	-3.66622	-5.01025
435	2	1	1	3	2	1	5	-4.64983	-3.76182	-6.63958	-7.43123
436	1	4	2	2	6	3	17	-4.83693	-2.41104	-4.77573	-5.70023
437	2	4	1	2	2	1	5	-2.76565	-3.66415	-4.14883	-4.1581
438	2	1	5	3	2	5	5	-5.88711	-2.7974	-4.16281	-5.60509
439	4	7	10	4	42	51	1	-2.91429	-4.7135	-4.8953	-3.83851
440	4	7	10	4	1	7	1	-1.80736	-3.93389	-2.63186	-1.95873
441	4	7	10	4	1	7	1	-1.80736	-3.93389	-2.63186	-1.95873
442	4	7	10	4	1	7	1	-1.80736	-3.93389	-2.63186	-1.95873
443	2	1	21	3	2	1	5	-2.94688	-2.46771	-4.53844	-4.59507
444	2	1	21	3	2	1	5	-2.94688	-2.46771	-4.53844	-4.59507
445	2	4	1	2	7	1	5	-2.29013	-6.53386	-5.52434	-5.22575
446	4	7	10	4	1	7	1	-1.80736	-3.93389	-2.63186	-1.95873
447	4	7	10	4	1	7	1	-1.80736	-3.93389	-2.63186	-1.95873
448	2	1	1	3	2	1	5	-4.64983	-3.76182	-6.63958	-7.43123
449	2	1	21	3	2	1	5	-2.94688	-2.46771	-4.53844	-4.59507
450	2	1	21	3	2	1	5	-2.94688	-2.46771	-4.53844	-4.59507
451	4	7	10	4	42	51	1	-2.91429	-4.7135	-4.8953	-3.83851
452	4	7	10	1	1	7	1	-5.25	-9.1973	-5.95553	-6.13831
453	239	27	16	19	10	5	7	-11.4111	-6.42623	-9.6167	-10.9567
454	2	1	12	3	2	1	5	-2.63917	-2.09432	-3.69799	-4.93362
455	2	4	1	2	2	1	5	-2.76565	-3.66415	-4.14883	-4.1581
456	2	1	12	3	2	1	5	-2.63917	-2.09432	-3.69799	-4.93362
457	2	1	12	3	2	1	5	-2.63917	-2.09432	-3.69799	-4.93362
458	10	81	50	99	120	76	52	-6.65088	-6.3795	-5.27977	-5.18684
459	47	2	4	2	6	5	17	-10.147	-10.9185	-6.16852	-8.51019
460	2	4	1	3	2	1	5	-6.81226	-9.13002	-9.61278	-9.86362
461	4	7	10	4	1	7	1	-1.80736	-3.93389	-2.63186	-1.95873
462	2	1	1	380	2	1	5	-6.17295	-5.71116	-8.46581	-9.11743
463	2	4	1	2	7	1	5	-2.29013	-6.53386	-5.52434	-5.22575
464	2	1	12	88	2	1	5	-3.96801	-3.40633	-5.95655	-5.4074
465	7	71	5	62	11	67	1	-31.1223	-26.7806	-25.7043	-27.1651
466	2	4	1	2	7	1	5	-2.29013	-6.53386	-5.52434	-5.22575
467	4	7	10	4	1	7	1	-1.80736	-3.93389	-2.63186	-1.95873
468	2	1	1	380	2	1	5	-6.17295	-5.71116	-8.46581	-9.11743
469	2	4	1	2	2	1	5	-2.76565	-3.66415	-4.14883	-4.1581
470	2	1	12	3	2	1	5	-2.63917	-2.09432	-3.69799	-4.93362
471	1	14	2	2	6	1	17	-9.53734	-6.40998	-7.97649	-6.35706
472	1	2	4	62	4	5	17	-6.16485	-4.81066	-7.79705	-8.72982
473	4	7	10	4	1	7	1	-1.80736	-3.93389	-2.63186	-1.95873
474	2	1	21	3	2	1	5	-2.94688	-2.46771	-4.53844	-4.59507
475	2	4	1	2	2	1	5	-2.76565	-3.66415	-4.14883	-4.1581
476	1	4	2	2	6	3	17	-4.83693	-2.41104	-4.77573	-5.70023
477	4	7	10	4	1	7	1	-1.80736	-3.93389	-2.63186	-1.95873
478	10	2	107	62	120	76	1	-6.82706	-10.5956	-8.06995	-6.34373
479	2	1	12	3	2	1	5	-2.63917	-2.09432	-3.69799	-4.93362
480	2	1	5	3	2	3	5	-4.27485	-3.22529	-5.73088	-4.84761
481	2	1	21	3	2	1	5	-2.94688	-2.46771	-4.53844	-4.59507
482	1	2	3	4	5	9	3	-4.7957	-2.44938	-3.66622	-5.01025
483	1	307	3	4	5	9	3	-6.83689	-6.40337	-6.11019	-8.26769
484	7	2	5	2	10	3	6	-31.6857	-29.7136	-28.3524	-28.4578
485	1	2	3	4	5	9	3	-4.7957	-2.44938	-3.66622	-5.01025
486	33	39	30	82	104	173	68	-5.46669	-3.93915	-6.96066	-7.93886
487	4	7	10	4	42	7	1	-6.51897	-9.33516	-5.61672	-4.67474
488	2	1	12	88	2	1	5	-3.96801	-3.40633	-5.95655	-5.4074
489	2	4	1	2	2	1	5	-2.76565	-3.66415	-4.14883	-4.1581
490	2	1	21	3	2	1	5	-2.94688	-2.46771	-4.53844	-4.59507
491	9	2	4	62	4	5	6	-3.7037	-5.25453	-5.74644	-6.77558
492	2	1	5	3	2	3	5	-4.27485	-3.22529	-5.73088	-4.84761
493	4	7	10	4	1	7	1	-1.80736	-3.93389	-2.63186	-1.95873
494	2	1	57	26	127	29	35	-6.84336	-10.3243	-6.14734	-8.32567
495	2	1	57	26	127	29	35	-6.84336	-10.3243	-6.14734	-8.32567
496	2	4	2	4	19	3	6	-5.78193	-10.0316	-9.08385	-9.09793
497	2	1	12	3	2	1	5	-2.63917	-2.09432	-3.69799	-4.93362
498	2	4	1	2	2	1	5	-2.76565	-3.66415	-4.14883	-4.1581
499	2	4	1	2	2	1	5	-2.76565	-3.66415	-4.14883	-4.1581
500	2	1	21	3	2	1	5	-2.94688	-2.46771	-4.53844	-4.59507
501	33	39	65	79	104	43	17	-4.5821	-8.83301	-7.88866	-7.90705
502	1	14	2	2	6	1	17	-9.53734	-6.40998	-7.97649	-6.35706
503	2	1	12	3	2	1	5	-2.63917	-2.09432	-3.69799	-4.93362
504	7	21	5	62	4	61	44	-8.54671	-3.78749	-5.8011	-7.71792
505	9	2	4	62	4	5	6	-3.7037	-5.25453	-5.74644	-6.77558
506	129	66	30	82	189	47	17	-3.23311	-4.94617	-5.55034	-4.18742
507	2	1	21	3	2	1	5	-2.94688	-2.46771	-4.53844	-4.59507
508	47	2	4	2	6	5	17	-10.147	-10.9185	-6.16852	-8.51019
509	2	4	1	2	7	1	5	-2.29013	-6.53386	-5.52434	-5.22575
510	33	38	30	82	104	325	36	-15.13	-9.56638	-12.198	-13.564
511	1	4	2	2	6	3	17	-4.83693	-2.41104	-4.77573	-5.70023
512	1	4	2	2	6	3	17	-4.83693	-2.41104	-4.77573	-5.70023
513	2	4	1	2	2	1	5	-2.76565	-3.66415	-4.14883	-4.1581
514	4	7	10	4	1	7	1	-1.80736	-3.93389	-2.63186	-1.95873
515	33	283	44	82	189	44	17	-8.04219	-3.42902	-5.60121	-6.0916
516	8	10	149	2	11	12	6	-4.91369	-3.93569	-5.76129	-7.31084
517	2	1	21	3	62	1	5	-5.77925	-10.0233	-9.0816	-9.10036
518	10	1	16	19	10	5	7	-7.16699	-2.70682	-4.28651	-5.2681
519	180	194	2	68	19	231	147	-23.8751	-25.2202	-21.4835	-21.6382
520	2	4	1	2	7	1	5	-2.29013	-6.53386	-5.52434	-5.22575
521	2	4	2	2	6	1	5	-6.13889	-4.8007	-5.98471	-7.91555
522	1	2	3	4	5	9	3	-4.7957	-2.44938	-3.66622	-5.01025
523	2	1	21	3	2	1	5	-2.94688	-2.46771	-4.53844	-4.59507
524	2	1	12	3	2	1	5	-2.63917	-2.09432	-3.69799	-4.93362
525	2	1	5	3	2	3	5	-4.27485	-3.22529	-5.73088	-4.84761
526	1	307	3	4	5	9	3	-6.83689	-6.40337	-6.11019	-8.26769
527	2	4	1	2	7	1	5	-2.29013	-6.53386	-5.52434	-5.22575
528	2	1	12	3	2	1	5	-2.63917	-2.09432	-3.69799	-4.93362
529	7	21	5	62	4	61	44	-8.54671	-3.78749	-5.8011	-7.71792
530	2	1	5	3	2	3	5	-4.27485	-3.22529	-5.73088	-4.84761
531	2	1	12	88	2	1	5	-3.96801	-3.40633	-5.95655	-5.4074
532	2	1	21	3	2	1	5	-2.94688	-2.46771	-4.53844	-4.59507
533	1	4	2	2	6	3	17	-4.83693	-2.41104	-4.77573	-5.70023
534	2	4	1	2	7	1	5	-2.29013	-6.53386	-5.52434	-5.22575
535	47	2	4	2	6	5	17	-10.147	-10.9185	-6.16852	-8.51019
536	1	4	2	2	6	3	17	-4.83693	-2.41104	-4.77573	-5.70023
537	1	2	3	4	5	9	3	-4.7957	-2.44938	-3.66622	-5.01025
538	2	4	1	2	2	1	5	-2.76565	-3.66415	-4.14883	-4.1581
539	4	7	10	4	42	7	1	-6.51897	-9.33516	-5.61672	-4.67474
540	2	4	1	9	2	1	5	-6.47048	-6.8025	-6.72766	-6.76412
541	2	1	12	3	2	1	5	-2.63917	-2.09432	-3.69799	-4.93362
542	1	4	2	9	6	3	17	-8.55403	-5.49811	-7.33351	-8.29308
543	1	2	3	4	922	9	3	-8.51554	-5.58878	-6.24713	-7.61803
544	4	7	10	4	1	7	1	-1.80736	-3.93389	-2.63186	-1.95873
545	2	1	5	3	2	3	5	-4.27485	-3.22529	-5.73088	-4.84761
546	2	4	1	2	7	1	5	-2.29013	-6.53386	-5.52434	-5.22575
547	4	7	10	4	1	7	1	-1.80736	-3.93389	-2.63186	-1.95873
548	2	4	1	2	2	1	5	-2.76565	-3.66415	-4.14883	-4.1581
549	2	1	21	3	2	1	5	-2.94688	-2.46771	-4.53844	-4.59507
550	4	7	10	4	1	7	1	-1.80736	-3.93389	-2.63186	-1.95873
551	1	4	2	2	6	3	17	-4.83693	-2.41104	-4.77573	-5.70023
552	2	1	5	3	2	5	5	-5.88711	-2.7974	-4.16281	-5.60509
553	2	1	12	3	2	1	5	-2.63917	-2.09432	-3.69799	-4.93362
554	4	936	10	4	1	7	1	-5.52191	-7.07116	-5.18489	-4.56908
555	180	194	2	68	19	231	147	-23.8751	-25.2202	-21.4835	-21.6382
556	4	7	10	4	42	51	1	-2.91429	-4.7135	-4.8953	-3.83851
557	4	7	10	4	42	25	1	-8.38935	-9.91374	-5.82164	-5.19251
558	2	1	21	3	2	1	5	-2.94688	-2.46771	-4.53844	-4.59507
559	2	1	5	3	2	3	5	-4.27485	-3.22529	-5.73088	-4.84761
560	2	1	5	3	2	3	5	-4.27485	-3.22529	-5.73088	-4.84761
561	4	7	10	4	42	51	1	-2.91429	-4.7135	-4.8953	-3.83851
562	4	7	10	4	1	7	1	-1.80736	-3.93389	-2.63186	-1.95873
563	2	4	1	2	7	1	5	-2.29013	-6.53386	-5.52434	-5.22575
564	2	1	21	3	2	1	5	-2.94688	-2.46771	-4.53844	-4.59507
565	1	4	2	2	6	3	17	-4.83693	-2.41104	-4.77573	-5.70023
566	188	313	5	2	89	5	6	-40.9462	-37.2517	-36.5451	-39.8558
567	2	1	21	3	2	1	5	-2.94688	-2.46771	-4.53844	-4.59507
568	2	1	1	3	2	1	5	-4.64983	-3.76182	-6.63958	-7.43123
569	2	1	5	3	2	3	5	-4.27485	-3.22529	-5.73088	-4.84761
570	2	4	1	2	2	1	5	-2.76565	-3.66415	-4.14883	-4.1581
571	2	1	5	3	2	3	5	-4.27485	-3.22529	-5.73088	-4.84761
572	2	1	1	3	2	1	5	-4.64983	-3.76182	-6.63958	-7.43123
573	2	1	5	3	2	3	5	-4.27485	-3.22529	-5.73088	-4.84761
574	1	4	2	2	6	3	17	-4.83693	-2.41104	-4.77573	-5.70023
575	1	4	2	2	6	3	17	-4.83693	-2.41104	-4.77573	-5.70023
576	2	1	21	3	2	1	5	-2.94688	-2.46771	-4.53844	-4.59507
577	239	27	16	19	10	5	7	-11.4111	-6.42623	-9.6167	-10.9567
578	2	4	5	2	2	5	5	-3.6561	-7.87195	-6.70153	-5.92869
579	9	2	4	62	4	5	6	-3.7037	-5.25453	-5.74644	-6.77558
580	2	1	1	3	2	1	5	-4.64983	-3.76182	-6.63958	-7.43123
581	2	1	5	3	2	3	5	-4.27485	-3.22529	-5.73088	-4.84761
582	1	4	2	2	6	3	17	-4.83693	-2.41104	-4.77573	-5.70023
583	2	4	5	2	2	5	5	-3.6561	-7.87195	-6.70153	-5.92869
584	2	4	5	2	2	5	5	-3.6561	-7.87195	-6.70153	-5.92869
585	2	1	5	3	2	3	5	-4.27485	-3.22529	-5.73088	-4.84761
586	2	1	1	380	2	1	5	-6.17295	-5.71116	-8.46581	-9.11743
587	2	7	10	4	1	7	1	-6.55426	-9.4411	-8.04708	-7.09301
588	2	1	12	3	2	1	5	-2.63917	-2.09432	-3.69799	-4.93362
589	2	4	1	2	2	1	5	-2.76565	-3.66415	-4.14883	-4.1581
590	9	2	4	62	4	5	6	-3.7037	-5.25453	-5.74644	-6.77558
591	2	4	5	2	2	5	5	-3.6561	-7.87195	-6.70153	-5.92869
592	1	4	2	2	6	3	17	-4.83693	-2.41104	-4.77573	-5.70023
593	1	4	2	2	6	5	17	-12.9702	-9.16318	-11.6875	-13.691
594	2	4	2	2	6	1	5	-6.13889	-4.8007	-5.98471	-7.91555
595	1	4	2	2	6	5	17	-12.9702	-9.16318	-11.6875	-13.691
596	2	23	21	3	2	1	5	-6.66772	-5.60992	-7.12105	-7.20466
597	7	21	5	62	4	61	44	-8.54671	-3.78749	-5.8011	-7.71792
598	2	4	1	2	2	1	5	-2.76565	-3.66415	-4.14883	-4.1581
599	1	307	3	4	5	9	3	-6.83689	-6.40337	-6.11019	-8.26769
600	1	2	3	4	5	9	3	-4.7957	-2.44938	-3.66622	-5.01025
601	9	2	4	62	4	5	6	-3.7037	-5.25453	-5.74644	-6.77558
602	2	1	12	3	2	1	5	-2.63917	-2.09432	-3.69799	-4.93362
603	1	4	2	2	6	3	17	-4.83693	-2.41104	-4.77573	-5.70023
604	10	1	16	19	10	5	7	-7.16699	-2.70682	-4.28651	-5.2681
605	2	1	12	3	2	1	5	-2.63917	-2.09432	-3.69799	-4.93362
606	180	194	2	68	19	231	147	-23.8751	-25.2202	-21.4835	-21.6382
607	2	1	12	3	2	1	5	-2.63917	-2.09432	-3.69799	-4.93362
608	4	7	10	4	1	7	1	-1.80736	-3.93389	-2.63186	-1.95873
609	129	66	30	82	189	47	17	-3.23311	-4.94617	-5.55034	-4.18742
610	4	7	10	4	1	7	1	-1.80736	-3.93389	-2.63186	-1.95873
611	2	1	12	3	2	1	5	-2.63917	-2.09432	-3.69799	-4.93362
612	2	1	21	3	2	1	5	-2.94688	-2.46771	-4.53844	-4.59507
613	4	7	10	4	1	7	1	-1.80736	-3.93389	-2.63186	-1.95873
614	10	1	16	19	10	5	7	-7.16699	-2.70682	-4.28651	-5.2681
615	8	10	149	2	11	12	6	-4.91369	-3.93569	-5.76129	-7.31084
616	129	66	30	82	189	47	17	-3.23311	-4.94617	-5.55034	-4.18742
617	2	4	1	2	2	1	5	-2.76565	-3.66415	-4.14883	-4.1581
618	180	194	2	68	19	231	147	-23.8751	-25.2202	-21.4835	-21.6382
619	2	1	5	3	2	3	5	-4.27485	-3.22529	-5.73088	-4.84761
620	2	4	1	2	2	1	5	-2.76565	-3.66415	-4.14883	-4.1581
621	1	2	3	4	5	9	3	-4.7957	-2.44938	-3.66622	-5.01025
622	180	194	2	68	19	231	147	-23.8751	-25.2202	-21.4835	-21.6382
623	33	39	65	79	104	43	17	-4.5821	-8.83301	-7.88866	-7.90705
624	2	4	5	2	2	5	5	-3.6561	-7.87195	-6.70153	-5.92869
625	2	1	5	3	2	5	5	-5.88711	-2.7974	-4.16281	-5.60509
626	2	1	12	3	2	1	5	-2.63917	-2.09432	-3.69799	-4.93362
627	180	194	2	68	19	231	147	-23.8751	-25.2202	-21.4835	-21.6382
628	2	1	21	3	2	1	5	-2.94688	-2.46771	-4.53844	-4.59507
629	2	1	5	3	2	5	5	-5.88711	-2.7974	-4.16281	-5.60509
630	2	1	21	3	2	1	5	-2.94688	-2.46771	-4.53844	-4.59507
631	1	2	3	4	5	9	3	-4.7957	-2.44938	-3.66622	-5.01025
632	2	1	21	3	2	1	5	-2.94688	-2.46771	-4.53844	-4.59507
633	8	10	2	2	11	12	6	-3.93867	-8.11424	-7.24373	-7.26312
634	2	4	1	2	7	1	5	-2.29013	-6.53386	-5.52434	-5.22575
635	2	1	5	3	2	3	5	-4.27485	-3.22529	-5.73088	-4.84761
636	1	2	3	4	5	9	3	-4.7957	-2.44938	-3.66622	-5.01025
637	9	2	4	62	4	5	6	-3.7037	-5.25453	-5.74644	-6.77558
638	2	1	21	3	2	1	5	-2.94688	-2.46771	-4.53844	-4.59507
639	8	10	149	2	11	12	6	-4.91369	-3.93569	-5.76129	-7.31084
640	2	1	12	88	2	1	5	-3.96801	-3.40633	-5.95655	-5.4074
641	2	4	1	2	2	1	5	-2.76565	-3.66415	-4.14883	-4.1581
642	2	1	5	10	10	1	5	-23.3798	-24.717	-23.0279	-23.2774
643	1	2	3	4	5	9	3	-4.7957	-2.44938	-3.66622	-5.01025
644	2	4	1	2	7	1	5	-2.29013	-6.53386	-5.52434	-5.22575
645	2	4	1	2	2	1	5	-2.76565	-3.66415	-4.14883	-4.1581
646	1	2	3	4	5	9	3	-4.7957	-2.44938	-3.66622	-5.01025
647	2	1	12	88	2	1	5	-3.96801	-3.40633	-5.95655	-5.4074
648	4	7	10	4	1	7	1	-1.80736	-3.93389	-2.63186	-1.95873
649	2	1	21	3	2	1	5	-2.94688	-2.46771	-4.53844	-4.59507
650	2	4	1	2	7	1	5	-2.29013	-6.53386	-5.52434	-5.22575
651	33	38	30	82	118	43	17	-21.2784	-20.112	-21.1026	-22.5121
652	2	4	1	2	2	1	5	-2.76565	-3.66415	-4.14883	-4.1581
653	2	1	5	3	2	3	5	-4.27485	-3.22529	-5.73088	-4.84761
654	4	7	10	4	1	7	1	-1.80736	-3.93389	-2.63186	-1.95873
655	8	10	2	2	11	12	6	-3.93867	-8.11424	-7.24373	-7.26312
656	2	4	5	2	2	5	5	-3.6561	-7.87195	-6.70153	-5.92869
657	4	7	10	4	1	7	1	-1.80736	-3.93389	-2.63186	-1.95873
658	2	1	5	3	2	3	5	-4.27485	-3.22529	-5.73088	-4.84761
659	33	39	30	82	113	47	17	-5.77842	-5.71928	-8.31012	-8.83477
660	2	1	21	3	2	1	5	-2.94688	-2.46771	-4.53844	-4.59507
661	2	4	1	2	7	1	5	-2.29013	-6.53386	-5.52434	-5.22575
662	2	1	1	3	2	1	5	-4.64983	-3.76182	-6.63958	-7.43123
663	4	7	10	4	1	7	1	-1.80736	-3.93389	-2.63186	-1.95873
664	7	21	5	62	4	61	44	-8.54671	-3.78749	-5.8011	-7.71792
665	10	81	50	99	120	76	52	-6.65088	-6.3795	-5.27977	-5.18684
666	4	7	10	4	1	7	1	-1.80736	-3.93389	-2.63186	-1.95873
667	1	2	3	4	5	9	3	-4.7957	-2.44938	-3.66622	-5.01025
668	1	2	3	4	5	9	3	-4.7957	-2.44938	-3.66622	-5.01025
669	2	4	1	2	7	1	5	-2.29013	-6.53386	-5.52434	-5.22575
670	4	7	10	4	1	7	1	-1.80736	-3.93389	-2.63186	-1.95873
671	2	1	5	3	2	3	5	-4.27485	-3.22529	-5.73088	-4.84761
672	1	4	2	2	6	3	17	-4.83693	-2.41104	-4.77573	-5.70023
673	4	935	10	4	1	7	1	-5.52191	-7.07116	-5.18489	-4.56908
674	10	1	16	19	10	5	7	-7.16699	-2.70682	-4.28651	-5.2681
675	4	7	10	4	1	7	1	-1.80736	-3.93389	-2.63186	-1.95873
676	33	39	65	79	104	43	17	-4.5821	-8.83301	-7.88866	-7.90705
677	2	4	2	2	6	1	5	-6.13889	-4.8007	-5.98471	-7.91555
678	4	7	10	4	42	25	1	-8.38935	-9.91374	-5.82164	-5.19251
679	1	4	2	2	6	3	17	-4.83693	-2.41104	-4.77573	-5.70023
680	4	7	10	4	42	25	1	-8.38935	-9.91374	-5.82164	-5.19251
681	4	7	10	4	42	25	1	-8.38935	-9.91374	-5.82164	-5.19251
682	4	7	10	4	1	7	1	-1.80736	-3.93389	-2.63186	-1.95873
683	2	4	1	2	7	1	5	-2.29013	-6.53386	-5.52434	-5.22575
684	4	7	10	4	1	7	1	-1.80736	-3.93389	-2.63186	-1.95873
685	4	7	10	4	42	7	1	-6.51897	-9.33516	-5.61672	-4.67474
686	10	27	16	19	10	5	7	-22.0457	-13.2366	-16.5207	-17.8314
687	10	81	50	99	120	76	52	-6.65088	-6.3795	-5.27977	-5.18684
688	4	7	10	4	1	7	1	-1.80736	-3.93389	-2.63186	-1.95873
689	4	7	10	4	42	51	1	-2.91429	-4.7135	-4.8953	-3.83851
690	4	7	10	4	1	7	1	-1.80736	-3.93389	-2.63186	-1.95873
691	10	81	50	99	120	76	52	-6.65088	-6.3795	-5.27977	-5.18684
692	2	4	1	2	2	1	5	-2.76565	-3.66415	-4.14883	-4.1581
693	4	7	10	4	42	51	1	-2.91429	-4.7135	-4.8953	-3.83851
694	4	7	10	4	42	51	1	-2.91429	-4.7135	-4.8953	-3.83851
695	4	7	10	4	42	51	1	-2.91429	-4.7135	-4.8953	-3.83851
696	8	10	2	2	11	12	6	-3.93867	-8.11424	-7.24373	-7.26312
697	33	38	30	82	104	43	17	-5.27511	-9.52537	-8.58072	-8.59467
698	4	7	10	4	1	7	1	-1.80736	-3.93389	-2.63186	-1.95873
699	10	81	50	99	120	76	52	-6.65088	-6.3795	-5.27977	-5.18684
700	2	4	1	2	7	1	5	-2.29013	-6.53386	-5.52434	-5.22575
701	4	7	10	4	1	7	1	-1.80736	-3.93389	-2.63186	-1.95873
702	4	7	10	4	1	7	1	-1.80736	-3.93389	-2.63186	-1.95873
703	10	81	50	99	120	76	52	-6.65088	-6.3795	-5.27977	-5.18684
704	4	7	10	4	42	51	1	-2.91429	-4.7135	-4.8953	-3.83851
705	9	2	4	62	4	5	6	-3.7037	-5.25453	-5.74644	-6.77558
706	4	7	10	4	1	7	1	-1.80736	-3.93389	-2.63186	-1.95873
707	2	1	1	3	2	1	5	-4.64983	-3.76182	-6.63958	-7.43123
708	1	14	2	2	6	1	17	-9.53734	-6.40998	-7.97649	-6.35706
709	2	4	2	2	6	1	5	-6.13889	-4.8007	-5.98471	-7.91555
710	2	4	2	2	6	1	5	-6.13889	-4.8007	-5.98471	-7.91555
711	4	7	10	4	42	51	1	-2.91429	-4.7135	-4.8953	-3.83851
712	10	2	107	62	120	76	1	-6.82706	-10.5956	-8.06995	-6.34373
713	2	1	12	3	2	1	5	-2.63917	-2.09432	-3.69799	-4.93362
714	2	4	1	2	2	1	5	-2.76565	-3.66415	-4.14883	-4.1581
715	47	2	4	2	6	5	17	-10.147	-10.9185	-6.16852	-8.51019
716	4	7	10	4	42	5	1	-11.0177	-11.4494	-11.1807	-11.3127
717	2	1	12	3	2	1	5	-2.63917	-2.09432	-3.69799	-4.93362
718	4	7	10	4	42	51	1	-2.91429	-4.7135	-4.8953	-3.83851
719	1	307	3	4	5	9	3	-6.83689	-6.40337	-6.11019	-8.26769
720	2	1	21	3	2	1	5	-2.94688	-2.46771	-4.53844	-4.59507
721	4	7	10	4	1	7	1	-1.80736	-3.93389	-2.63186	-1.95873
722	2	4	1	2	2	1	5	-2.76565	-3.66415	-4.14883	-4.1581
723	2	1	12	3	2	1	5	-2.63917	-2.09432	-3.69799	-4.93362
724	4	7	10	4	1	7	1	-1.80736	-3.93389	-2.63186	-1.95873
725	2	1	21	3	2	1	5	-2.94688	-2.46771	-4.53844	-4.59507
726	2	1	1	3	2	1	5	-4.64983	-3.76182	-6.63958	-7.43123
727	4	7	10	4	1	7	1	-1.80736	-3.93389	-2.63186	-1.95873
728	2	1	12	3	2	1	5	-2.63917	-2.09432	-3.69799	-4.93362
729	1	4	3	2	6	3	17	-14.7874	-9.64485	-11.9494	-14.1046
730	2	1	12	3	2	1	5	-2.63917	-2.09432	-3.69799	-4.93362
731	2	1	12	88	2	1	5	-3.96801	-3.40633	-5.95655	-5.4074
732	1	4	2	2	6	3	17	-4.83693	-2.41104	-4.77573	-5.70023
733	4	7	10	4	42	51	1	-2.91429	-4.7135	-4.8953	-3.83851
734	2	1	12	3	2	1	5	-2.63917	-2.09432	-3.69799	-4.93362
735	4	7	10	4	1	7	1	-1.80736	-3.93389	-2.63186	-1.95873
736	2	1	12	88	2	1	5	-3.96801	-3.40633	-5.95655	-5.4074
737	2	1	21	3	2	1	5	-2.94688	-2.46771	-4.53844	-4.59507
738	2	4	5	2	2	5	5	-3.6561	-7.87195	-6.70153	-5.92869
739	2	4	5	2	2	5	5	-3.6561	-7.87195	-6.70153	-5.92869
740	2	1	21	3	62	1	5	-5.77925	-10.0233	-9.0816	-9.10036
741	4	7	10	4	42	25	1	-8.38935	-9.91374	-5.82164	-5.19251
742	1	2	4	62	4	5	17	-6.16485	-4.81066	-7.79705	-8.72982
743	1	2	3	4	5	9	3	-4.7957	-2.44938	-3.66622	-5.01025
744	8	10	2	2	11	12	6	-3.93867	-8.11424	-7.24373	-7.26312
745	2	1	12	88	2	1	5	-3.96801	-3.40633	-5.95655	-5.4074
746	2	4	5	2	2	5	5	-3.6561	-7.87195	-6.70153	-5.92869
747	2	1	12	3	2	1	5	-2.63917	-2.09432	-3.69799	-4.93362
748	7	21	5	62	4	61	44	-8.54671	-3.78749	-5.8011	-7.71792
749	9	2	4	62	4	5	6	-3.7037	-5.25453	-5.74644	-6.77558
750	10	1	16	19	10	5	7	-7.16699	-2.70682	-4.28651	-5.2681
751	10	1	16	19	10	5	7	-7.16699	-2.70682	-4.28651	-5.2681
752	8	10	2	2	11	12	6	-3.93867	-8.11424	-7.24373	-7.26312
753	1	4	2	2	6	3	17	-4.83693	-2.41104	-4.77573	-5.70023
754	2	1	12	3	2	1	5	-2.63917	-2.09432	-3.69799	-4.93362
755	2	1	12	88	2	1	5	-3.96801	-3.40633	-5.95655	-5.4074
756	2	29	4	27	10	25	57	-19.5153	-23.0177	-14.698	-11.9189
757	2	1	5	3	2	3	5	-4.27485	-3.22529	-5.73088	-4.84761
758	2	1	12	3	2	1	5	-2.63917	-2.09432	-3.69799	-4.93362
759	37	52	57	26	107	29	23	-8.17385	-9.7254	-5.74593	-4.93801
760	2	4	1	2	7	1	5	-2.29013	-6.53386	-5.52434	-5.22575
761	1	2	3	4	5	9	3	-4.7957	-2.44938	-3.66622	-5.01025
762	2	1	12	3	2	1	5	-2.63917	-2.09432	-3.69799	-4.93362
763	1	4	2	2	6	3	17	-4.83693	-2.41104	-4.77573	-5.70023
764	1	4	2	2	6	3	17	-4.83693	-2.41104	-4.77573	-5.70023
765	1	2	3	4	5	9	3	-4.7957	-2.44938	-3.66622	-5.01025
766	4	7	10	4	1	7	1	-1.80736	-3.93389	-2.63186	-1.95873
767	2	1	21	3	2	1	5	-2.94688	-2.46771	-4.53844	-4.59507
768	2	1	12	3	2	1	5	-2.63917	-2.09432	-3.69799	-4.93362
769	2	4	1	2	2	5	5	-6.82644	-6.38874	-9.0148	-9.6944
770	2	4	1	2	2	1	5	-2.76565	-3.66415	-4.14883	-4.1581
771	2	4	5	2	2	5	5	-3.6561	-7.87195	-6.70153	-5.92869
772	10	1	16	19	10	5	7	-7.16699	-2.70682	-4.28651	-5.2681
773	7	21	5	62	4	61	44	-8.54671	-3.78749	-5.8011	-7.71792
774	9	2	4	62	4	5	6	-3.7037	-5.25453	-5.74644	-6.77558
775	2	1	12	3	2	1	5	-2.63917	-2.09432	-3.69799	-4.93362
776	1	4	2	2	6	3	17	-4.83693	-2.41104	-4.77573	-5.70023
777	4	7	10	4	1	7	1	-1.80736	-3.93389	-2.63186	-1.95873
778	2	1	12	3	2	1	5	-2.63917	-2.09432	-3.69799	-4.93362
779	2	1	5	3	2	5	5	-5.88711	-2.7974	-4.16281	-5.60509
780	2	23	21	3	2	1	5	-6.66772	-5.60992	-7.12105	-7.20466
781	2	4	5	2	2	5	5	-3.6561	-7.87195	-6.70153	-5.92869
782	2	4	2	2	6	1	5	-6.13889	-4.8007	-5.98471	-7.91555
783	2	1	12	3	2	1	5	-2.63917	-2.09432	-3.69799	-4.93362
784	4	7	10	4	42	51	1	-2.91429	-4.7135	-4.8953	-3.83851
785	7	17	5	2	86	232	1	-28.1316	-32.3323	-27.2336	-25.4333
786	2	4	1	2	2	1	5	-2.76565	-3.66415	-4.14883	-4.1581
787	2	1	12	3	2	1	5	-2.63917	-2.09432	-3.69799	-4.93362
788	2	1	21	3	2	1	5	-2.94688	-2.46771	-4.53844	-4.59507
789	7	17	2	15	23	3	12	-6.88551	-11.1357	-10.1921	-10.2096
790	2	1	5	3	2	5	5	-5.88711	-2.7974	-4.16281	-5.60509
791	1	6	60	24	12	28	1	-27.8264	-28.1449	-19.0024	-19.3073
792	1	2	3	4	5	9	3	-4.7957	-2.44938	-3.66622	-5.01025
793	2	4	5	2	2	5	5	-3.6561	-7.87195	-6.70153	-5.92869
794	1	2	3	4	5	9	3	-4.7957	-2.44938	-3.66622	-5.01025
795	1	6	60	24	12	28	1	-27.8264	-28.1449	-19.0024	-19.3073
796	9	2	4	62	4	5	6	-3.7037	-5.25453	-5.74644	-6.77558
797	2	4	1	2	2	1	5	-2.76565	-3.66415	-4.14883	-4.1581
798	4	7	10	4	1	7	1	-1.80736	-3.93389	-2.63186	-1.95873
799	2	4	5	2	2	5	5	-3.6561	-7.87195	-6.70153	-5.92869
800	7	2	2	2	11	12	6	-4.48528	-8.73628	-7.79128	-7.80942
801	2	1	21	3	2	1	941	-6.66857	-5.59054	-7.1148	-7.20253
802	9	2	2	10	10	3	5	-30.134	-26.638	-26.07	-25.0917
803	8	10	149	2	11	12	6	-4.91369	-3.93569	-5.76129	-7.31084
804	7	1	5	2	10	3	6	-32.6674	-31.3075	-29.9189	-28.7179
805	2	1	21	3	2	1	5	-2.94688	-2.46771	-4.53844	-4.59507
806	33	39	30	82	113	43	17	-9.80041	-6.41336	-6.14076	-8.42987
807	1	6	60	24	12	28	1	-27.8264	-28.1449	-19.0024	-19.3073
808	1	6	60	24	12	28	1	-27.8264	-28.1449	-19.0024	-19.3073
809	7	17	2	15	23	3	12	-6.88551	-11.1357	-10.1921	-10.2096
810	1	4	2	2	6	3	17	-4.83693	-2.41104	-4.77573	-5.70023
811	1	4	2	2	6	3	17	-4.83693	-2.41104	-4.77573	-5.70023
812	7	21	5	62	4	61	44	-8.54671	-3.78749	-5.8011	-7.71792
813	239	27	16	19	10	5	7	-11.4111	-6.42623	-9.6167	-10.9567
814	9	2	4	62	4	5	6	-3.7037	-5.25453	-5.74644	-6.77558
815	10	1	16	19	10	5	7	-7.16699	-2.70682	-4.28651	-5.2681
816	2	1	5	3	2	5	5	-5.88711	-2.7974	-4.16281	-5.60509
817	2	4	5	2	2	5	5	-3.6561	-7.87195	-6.70153	-5.92869
818	8	10	2	2	11	12	6	-3.93867	-8.11424	-7.24373	-7.26312
819	7	17	2	15	23	3	12	-6.88551	-11.1357	-10.1921	-10.2096
820	2	4	1	4	1	1	5	-15.4104	-19.1893	-15.5484	-14.7626
821	4	7	10	4	1	7	1	-1.80736	-3.93389	-2.63186	-1.95873
822	8	10	149	2	11	12	6	-4.91369	-3.93569	-5.76129	-7.31084
823	2	1	12	88	2	1	5	-3.96801	-3.40633	-5.95655	-5.4074
824	2	4	2	2	6	1	5	-6.13889	-4.8007	-5.98471	-7.91555
825	10	81	50	99	120	76	52	-6.65088	-6.3795	-5.27977	-5.18684
826	2	4	5	2	2	5	5	-3.6561	-7.87195	-6.70153	-5.92869
827	2	4	1	2	2	5	5	-6.82644	-6.38874	-9.0148	-9.6944
828	8	10	149	2	11	12	6	-4.91369	-3.93569	-5.76129	-7.31084
829	1	4	2	2	6	3	17	-4.83693	-2.41104	-4.77573	-5.70023
830	2	165	73	147	220	190	104	-8.60885	-10.3686	-7.10095	-5.26726
831	4	7	10	4	42	25	1	-8.38935	-9.91374	-5.82164	-5.19251
832	7	2	2	2	11	12	6	-4.48528	-8.73628	-7.79128	-7.80942
833	1	6	60	24	12	28	1	-27.8264	-28.1449	-19.0024	-19.3073
834	2	1	12	3	2	1	5	-2.63917	-2.09432	-3.69799	-4.93362
835	33	39	65	79	104	77	17	-5.27503	-9.52573	-8.58192	-8.60007
836	4	7	10	4	1	7	1	-1.80736	-3.93389	-2.63186	-1.95873
837	1	2	3	4	5	9	3	-4.7957	-2.44938	-3.66622	-5.01025
838	2	1	21	3	2	1	5	-2.94688	-2.46771	-4.53844	-4.59507
839	2	1	12	3	2	1	5	-2.63917	-2.09432	-3.69799	-4.93362
840	4	7	10	4	1	7	1	-1.80736	-3.93389	-2.63186	-1.95873
841	2	4	1	2	7	1	5	-2.29013	-6.53386	-5.52434	-5.22575
842	184	39	30	82	113	43	17	-3.93943	-6.26841	-7.15712	-7.23994
843	4	7	10	4	1	7	1	-1.80736	-3.93389	-2.63186	-1.95873
844	2	4	1	2	2	1	5	-2.76565	-3.66415	-4.14883	-4.1581
845	4	7	10	4	1	7	1	-1.80736	-3.93389	-2.63186	-1.95873
846	2	1	12	88	2	1	5	-3.96801	-3.40633	-5.95655	-5.4074
847	2	1	21	3	2	1	5	-2.94688	-2.46771	-4.53844	-4.59507
848	1	2	3	4	5	9	3	-4.7957	-2.44938	-3.66622	-5.01025
849	4	7	10	4	1	7	1	-1.80736	-3.93389	-2.63186	-1.95873
850	2	1	21	3	2	1	5	-2.94688	-2.46771	-4.53844	-4.59507
851	8	10	2	2	11	12	6	-3.93867	-8.11424	-7.24373	-7.26312
852	2	4	1	2	2	1	5	-2.76565	-3.66415	-4.14883	-4.1581
853	2	4	1	2	2	1	5	-2.76565	-3.66415	-4.14883	-4.1581
854	2	4	2	2	6	1	5	-6.13889	-4.8007	-5.98471	-7.91555
855	2	4	1	2	2	1	5	-2.76565	-3.66415	-4.14883	-4.1581
856	2	4	1	2	2	1	5	-2.76565	-3.66415	-4.14883	-4.1581
857	2	4	1	2	2	1	5	-2.76565	-3.66415	-4.14883	-4.1581
858	1	2	3	4	5	9	3	-4.7957	-2.44938	-3.66622	-5.01025
859	2	4	1	2	2	1	5	-2.76565	-3.66415	-4.14883	-4.1581
860	2	4	1	2	2	1	5	-2.76565	-3.66415	-4.14883	-4.1581
861	8	10	2	2	11	12	6	-3.93867	-8.11424	-7.24373	-7.26312
862	2	1	5	3	2	3	5	-4.27485	-3.22529	-5.73088	-4.84761
863	33	39	30	82	104	173	68	-5.46669	-3.93915	-6.96066	-7.93886
864	2	4	1	2	7	1	5	-2.29013	-6.53386	-5.52434	-5.22575
865	8	10	2	2	11	12	6	-3.93867	-8.11424	-7.24373	-7.26312
866	2	4	1	2	7	1	5	-2.29013	-6.53386	-5.52434	-5.22575
867	1	2	3	4	5	9	3	-4.7957	-2.44938	-3.66622	-5.01025
868	1	2	215	4	90	24	8	-29.1504	-26.3969	-21.408	-20.8357
869	2	1	1	3	2	1	5	-4.64983	-3.76182	-6.63958	-7.43123
870	10	81	50	99	120	76	52	-6.65088	-6.3795	-5.27977	-5.18684
871	2	4	1	2	7	1	5	-2.29013	-6.53386	-5.52434	-5.22575
872	2	1	12	3	2	1	5	-2.63917	-2.09432	-3.69799	-4.93362
873	2	4	1	2	2	1	5	-2.76565	-3.66415	-4.14883	-4.1581
874	2	4	1	2	2	1	5	-2.76565	-3.66415	-4.14883	-4.1581
875	2	4	1	2	2	1	5	-2.76565	-3.66415	-4.14883	-4.1581
876	2	1	5	3	2	3	5	-4.27485	-3.22529	-5.73088	-4.84761
877	2	4	1	2	2	1	5	-2.76565	-3.66415	-4.14883	-4.1581
878	4	7	10	4	1	7	1	-1.80736	-3.93389	-2.63186	-1.95873
879	2	4	1	2	7	1	5	-2.29013	-6.53386	-5.52434	-5.22575
880	2	4	5	2	2	5	5	-3.6561	-7.87195	-6.70153	-5.92869
881	2	4	1	2	2	1	5	-2.76565	-3.66415	-4.14883	-4.1581
882	8	10	2	2	11	12	6	-3.93867	-8.11424	-7.24373	-7.26312
883	4	7	10	4	1	7	1	-1.80736	-3.93389	-2.63186	-1.95873
884	2	4	1	2	2	1	5	-2.76565	-3.66415	-4.14883	-4.1581
885	166	2	1	10	17	3	1	-33.7359	-35.6532	-30.9677	-29.2179
886	2	4	1	2	7	1	5	-2.29013	-6.53386	-5.52434	-5.22575
887	2	4	1	2	2	1	5	-2.76565	-3.66415	-4.14883	-4.1581
888	4	7	10	4	1	7	1	-1.80736	-3.93389	-2.63186	-1.95873
889	4	7	10	4	1	7	1	-1.80736	-3.93389	-2.63186	-1.95873
890	2	4	1	2	7	1	5	-2.29013	-6.53386	-5.52434	-5.22575
891	2	4	1	2	2	1	5	-2.76565	-3.66415	-4.14883	-4.1581
892	2	1	5	3	2	3	5	-4.27485	-3.22529	-5.73088	-4.84761
893	9	25	2	10	22	3	6	-4.44979	-8.35909	-6.06115	-4.38946
894	2	1	21	3	62	1	5	-5.77925	-10.0233	-9.0816	-9.10036
895	129	66	30	82	189	47	17	-3.23311	-4.94617	-5.55034	-4.18742
896	129	66	30	82	189	47	17	-3.23311	-4.94617	-5.55034	-4.18742
897	4	7	10	4	1	7	1	-1.80736	-3.93389	-2.63186	-1.95873
898	2	4	1	2	2	1	5	-2.76565	-3.66415	-4.14883	-4.1581
899	4	7	10	4	42	7	1	-6.51897	-9.33516	-5.61672	-4.67474
900	2	4	1	2	7	1	5	-2.29013	-6.53386	-5.52434	-5.22575
901	1	307	3	4	5	9	3	-6.83689	-6.40337	-6.11019	-8.26769
902	2	1	21	3	2	1	5	-2.94688	-2.46771	-4.53844	-4.59507
903	4	7	10	4	1	7	1	-1.80736	-3.93389	-2.63186	-1.95873
904	2	1	21	3	2	1	5	-2.94688	-2.46771	-4.53844	-4.59507
905	2	4	1	2	2	5	5	-6.82644	-6.38874	-9.0148	-9.6944
906	2	4	1	2	7	1	5	-2.29013	-6.53386	-5.52434	-5.22575
907	2	4	1	2	7	1	5	-2.29013	-6.53386	-5.52434	-5.22575
908	2	4	1	2	7	1	5	-2.29013	-6.53386	-5.52434	-5.22575
909	4	7	10	4	1	7	1	-1.80736	-3.93389	-2.63186	-1.95873
910	8	10	2	2	11	12	6	-3.93867	-8.11424	-7.24373	-7.26312
911	7	21	5	62	4	61	44	-8.54671	-3.78749	-5.8011	-7.71792
912	2	1	12	88	2	1	5	-3.96801	-3.40633	-5.95655	-5.4074
913	2	4	1	2	2	1	5	-2.76565	-3.66415	-4.14883	-4.1581
914	1	2	3	4	5	9	3	-4.7957	-2.44938	-3.66622	-5.01025
915	2	4	1	2	7	1	5	-2.29013	-6.53386	-5.52434	-5.22575
916	2	4	1	2	2	1	5	-2.76565	-3.66415	-4.14883	-4.1581
917	2	4	1	2	2	1	5	-2.76565	-3.66415	-4.14883	-4.1581
918	2	4	1	2	7	1	5	-2.29013	-6.53386	-5.52434	-5.22575
919	4	7	10	4	1	7	1	-1.80736	-3.93389	-2.63186	-1.95873
920	2	1	5	3	2	3	5	-4.27485	-3.22529	-5.73088	-4.84761
921	2	4	1	2	7	1	5	-2.29013	-6.53386	-5.52434	-5.22575
922	2	4	1	2	2	1	5	-2.76565	-3.66415	-4.14883	-4.1581
923	8	10	2	2	11	12	6	-3.93867	-8.11424	-7.24373	-7.26312
924	2	1	12	3	2	1	5	-2.63917	-2.09432	-3.69799	-4.93362
925	48	7	10	4	183	7	1	-9.15693	-10.1187	-7.73991	-7.11511
926	7	21	5	62	4	61	44	-8.54671	-3.78749	-5.8011	-7.71792
927	4	7	10	4	1	7	1	-1.80736	-3.93389	-2.63186	-1.95873
928	9	25	2	10	22	3	6	-4.44979	-8.35909	-6.06115	-4.38946
929	2	4	1	2	2	1	5	-2.76565	-3.66415	-4.14883	-4.1581
930	2	4	1	2	7	1	5	-2.29013	-6.53386	-5.52434	-5.22575
931	2	4	1	2	2	1	5	-2.76565	-3.66415	-4.14883	-4.1581
932	2	4	1	2	2	1	5	-2.76565	-3.66415	-4.14883	-4.1581
933	9	25	2	10	22	3	6	-4.44979	-8.35909	-6.06115	-4.38946
934	2	4	1	2	2	1	5	-2.76565	-3.66415	-4.14883	-4.1581
935	2	4	1	2	2	1	5	-2.76565	-3.66415	-4.14883	-4.1581
936	2	4	1	2	7	1	5	-2.29013	-6.53386	-5.52434	-5.22575
937	2	4	1	2	7	1	5	-2.29013	-6.53386	-5.52434	-5.22575
938	2	4	1	2	2	1	5	-2.76565	-3.66415	-4.14883	-4.1581
939	2	4	1	2	2	1	5	-2.76565	-3.66415	-4.14883	-4.1581
940	4	7	10	4	1	7	1	-1.80736	-3.93389	-2.63186	-1.95873
941	2	4	1	2	2	1	5	-2.76565	-3.66415	-4.14883	-4.1581
942	4	7	10	4	1	7	1	-1.80736	-3.93389	-2.63186	-1.95873
943	2	4	1	2	7	1	5	-2.29013	-6.53386	-5.52434	-5.22575
944	2	4	1	2	2	1	5	-2.76565	-3.66415	-4.14883	-4.1581
945	4	7	10	4	1	7	1	-1.80736	-3.93389	-2.63186	-1.95873
946	9	25	2	10	22	3	6	-4.44979	-8.35909	-6.06115	-4.38946
947	10	81	50	99	120	76	52	-6.65088	-6.3795	-5.27977	-5.18684
948	2	1	21	3	2	1	5	-2.94688	-2.46771	-4.53844	-4.59507
949	4	7	10	4	1	7	1	-1.80736	-3.93389	-2.63186	-1.95873
950	2	4	1	2	7	1	5	-2.29013	-6.53386	-5.52434	-5.22575
951	4	7	10	4	1	7	1	-1.80736	-3.93389	-2.63186	-1.95873
952	4	7	10	4	1	7	1	-1.80736	-3.93389	-2.63186	-1.95873
953	8	315	2	2	11	12	6	-7.65853	-11.253	-9.82388	-9.87045
954	8	10	2	2	11	12	6	-3.93867	-8.11424	-7.24373	-7.26312
955	2	4	1	2	2	1	5	-2.76565	-3.66415	-4.14883	-4.1581
956	4	7	10	4	1	7	1	-1.80736	-3.93389	-2.63186	-1.95873
957	2	4	1	2	2	1	5	-2.76565	-3.66415	-4.14883	-4.1581
958	2	4	1	2	2	1	5	-2.76565	-3.66415	-4.14883	-4.1581
959	2	4	1	2	2	1	5	-2.76565	-3.66415	-4.14883	-4.1581
960	2	4	1	2	7	1	5	-2.29013	-6.53386	-5.52434	-5.22575
961	2	4	1	2	2	1	5	-2.76565	-3.66415	-4.14883	-4.1581
962	2	4	1	2	2	1	5	-2.76565	-3.66415	-4.14883	-4.1581
963	2	1	21	3	2	1	5	-2.94688	-2.46771	-4.53844	-4.59507
964	2	4	1	2	2	1	5	-2.76565	-3.66415	-4.14883	-4.1581
965	1	4	2	2	2	3	17	-11.3462	-8.12306	-10.8436	-12.2054
966	2	4	1	2	2	1	5	-2.76565	-3.66415	-4.14883	-4.1581
967	2	4	1	2	2	1	5	-2.76565	-3.66415	-4.14883	-4.1581
968	7	21	5	62	4	61	44	-8.54671	-3.78749	-5.8011	-7.71792
969	2	4	1	2	2	1	5	-2.76565	-3.66415	-4.14883	-4.1581
970	4	7	10	4	1	7	1	-1.80736	-3.93389	-2.63186	-1.95873
971	2	4	1	2	2	1	5	-2.76565	-3.66415	-4.14883	-4.1581
972	10	1	16	19	10	5	7	-7.16699	-2.70682	-4.28651	-5.2681
973	8	10	2	2	11	12	6	-3.93867	-8.11424	-7.24373	-7.26312
974	4	7	10	4	1	7	1	-1.80736	-3.93389	-2.63186	-1.95873
975	2	4	2	2	6	1	5	-6.13889	-4.8007	-5.98471	-7.91555
976	2	4	1	2	2	1	5	-2.76565	-3.66415	-4.14883	-4.1581
977	2	4	1	2	2	1	5	-2.76565	-3.66415	-4.14883	-4.1581
978	2	1	12	3	2	1	5	-2.63917	-2.09432	-3.69799	-4.93362
979	2	1	21	3	2	1	5	-2.94688	-2.46771	-4.53844	-4.59507
980	1	4	2	2	6	3	17	-4.83693	-2.41104	-4.77573	-5.70023
981	9	2	4	62	4	5	6	-3.7037	-5.25453	-5.74644	-6.77558
982	9	2	4	62	4	5	6	-3.7037	-5.25453	-5.74644	-6.77558
983	2	4	1	2	2	1	5	-2.76565	-3.66415	-4.14883	-4.1581
984	9	25	2	10	22	3	6	-4.44979	-8.35909	-6.06115	-4.38946
985	2	1	12	3	2	1	5	-2.63917	-2.09432	-3.69799	-4.93362
986	2	4	1	2	2	1	5	-2.76565	-3.66415	-4.14883	-4.1581
987	2	4	1	2	2	1	5	-2.76565	-3.66415	-4.14883	-4.1581
988	2	4	1	2	2	1	5	-2.76565	-3.66415	-4.14883	-4.1581
989	1	4	2	2	6	3	17	-4.83693	-2.41104	-4.77573	-5.70023
990	1	4	2	2	6	3	17	-4.83693	-2.41104	-4.77573	-5.70023
991	9	25	2	10	22	3	6	-4.44979	-8.35909	-6.06115	-4.38946
992	1	4	2	2	6	3	17	-4.83693	-2.41104	-4.77573	-5.70023
993	2	4	1	2	2	1	5	-2.76565	-3.66415	-4.14883	-4.1581
994	2	4	1	2	2	1	5	-2.76565	-3.66415	-4.14883	-4.1581
995	8	10	2	2	11	12	6	-3.93867	-8.11424	-7.24373	-7.26312
996	2	4	1	2	2	1	5	-2.76565	-3.66415	-4.14883	-4.1581
997	2	1	5	3	2	5	5	-5.88711	-2.7974	-4.16281	-5.60509
998	8	10	2	2	11	12	6	-3.93867	-8.11424	-7.24373	-7.26312
999	2	4	1	2	2	1	5	-2.76565	-3.66415	-4.14883	-4.1581
1000	2	4	1	2	2	1	5	-2.76565	-3.66415	-4.14883	-4.1581
1001	2	1	21	3	2	1	5	-2.94688	-2.46771	-4.53844	-4.59507
1002	1	2	4	62	4	5	17	-6.16485	-4.81066	-7.79705	-8.72982
1003	2	1	12	3	2	1	5	-2.63917	-2.09432	-3.69799	-4.93362
1004	2	4	1	2	7	1	5	-2.29013	-6.53386	-5.52434	-5.22575
1005	1	307	3	4	5	9	3	-6.83689	-6.40337	-6.11019	-8.26769
1006	2	4	2	4	19	3	6	-5.78193	-10.0316	-9.08385	-9.09793
1007	2	4	1	2	2	1	5	-2.76565	-3.66415	-4.14883	-4.1581
1008	1	4	2	2	6	3	17	-4.83693	-2.41104	-4.77573	-5.70023
1009	9	25	2	10	22	3	6	-4.44979	-8.35909	-6.06115	-4.38946
1010	4	7	10	4	1	7	1	-1.80736	-3.93389	-2.63186	-1.95873
1011	2	4	1	2	2	1	5	-2.76565	-3.66415	-4.14883	-4.1581
1012	10	1	16	19	10	5	7	-7.16699	-2.70682	-4.28651	-5.2681
1013	2	1	21	3	2	1	5	-2.94688	-2.46771	-4.53844	-4.59507
1014	4	7	10	4	1	7	1	-1.80736	-3.93389	-2.63186	-1.95873
1015	2	4	1	2	2	1	5	-2.76565	-3.66415	-4.14883	-4.1581
1016	1	2	3	4	5	9	3	-4.7957	-2.44938	-3.66622	-5.01025
1017	9	316	4	62	4	5	6	-6.87407	-6.41828	-9.16902	-9.8185
1018	9	25	2	10	22	3	6	-4.44979	-8.35909	-6.06115	-4.38946
1019	1	307	3	4	5	9	3	-6.83689	-6.40337	-6.11019	-8.26769
1020	2	4	1	2	2	1	5	-2.76565	-3.66415	-4.14883	-4.1581
1021	9	25	2	10	22	3	6	-4.44979	-8.35909	-6.06115	-4.38946
1022	2	4	1	2	2	1	5	-2.76565	-3.66415	-4.14883	-4.1581
1023	2	1	12	3	2	1	5	-2.63917	-2.09432	-3.69799	-4.93362
1024	2	1	5	3	2	5	5	-5.88711	-2.7974	-4.16281	-5.60509
1025	2	4	1	2	2	1	5	-2.76565	-3.66415	-4.14883	-4.1581
1026	2	1	12	3	2	1	5	-2.63917	-2.09432	-3.69799	-4.93362
1027	2	1	12	3	2	1	5	-2.63917	-2.09432	-3.69799	-4.93362
1028	10	1	16	19	10	5	7	-7.16699	-2.70682	-4.28651	-5.2681
1029	4	7	10	4	1	7	1	-1.80736	-3.93389	-2.63186	-1.95873
1030	2	4	1	2	2	1	5	-2.76565	-3.66415	-4.14883	-4.1581
1031	2	1	12	88	2	1	5	-3.96801	-3.40633	-5.95655	-5.4074
1032	2	1	21	3	2	1	5	-2.94688	-2.46771	-4.53844	-4.59507
1033	1	2	3	4	5	9	3	-4.7957	-2.44938	-3.66622	-5.01025
1034	8	10	2	2	11	12	6	-3.93867	-8.11424	-7.24373	-7.26312
1035	2	1	12	88	2	1	5	-3.96801	-3.40633	-5.95655	-5.4074
1036	33	39	30	82	104	173	68	-5.46669	-3.93915	-6.96066	-7.93886
1037	1	2	3	4	5	9	3	-4.7957	-2.44938	-3.66622	-5.01025
1038	9	25	2	10	22	3	6	-4.44979	-8.35909	-6.06115	-4.38946
1039	2	4	1	2	2	1	5	-2.76565	-3.66415	-4.14883	-4.1581
1040	8	10	2	2	11	12	6	-3.93867	-8.11424	-7.24373	-7.26312
1041	1	2	4	62	4	5	17	-6.16485	-4.81066	-7.79705	-8.72982
1042	10	1	16	19	10	5	7	-7.16699	-2.70682	-4.28651	-5.2681
1043	33	39	30	82	104	173	68	-5.46669	-3.93915	-6.96066	-7.93886
1044	2	4	1	2	2	1	5	-2.76565	-3.66415	-4.14883	-4.1581
1045	8	10	2	2	11	12	6	-3.93867	-8.11424	-7.24373	-7.26312
1046	2	1	5	3	2	5	5	-5.88711	-2.7974	-4.16281	-5.60509
1047	47	2	4	2	6	5	17	-10.147	-10.9185	-6.16852	-8.51019
1048	1	2	3	4	5	9	3	-4.7957	-2.44938	-3.66622	-5.01025
1049	4	7	10	4	1	7	1	-1.80736	-3.93389	-2.63186	-1.95873
1050	2	1	5	3	2	3	5	-4.27485	-3.22529	-5.73088	-4.84761
1051	2	4	2	2	6	1	5	-6.13889	-4.8007	-5.98471	-7.91555
1052	2	4	1	2	2	1	5	-2.76565	-3.66415	-4.14883	-4.1581
1053	8	10	149	2	11	12	6	-4.91369	-3.93569	-5.76129	-7.31084
1054	9	25	2	10	22	3	6	-4.44979	-8.35909	-6.06115	-4.38946
1055	2	4	1	2	2	1	5	-2.76565	-3.66415	-4.14883	-4.1581
1056	1	2	3	4	5	9	3	-4.7957	-2.44938	-3.66622	-5.01025
1057	2	1	12	3	2	1	5	-2.63917	-2.09432	-3.69799	-4.93362
1058	4	7	10	4	42	51	1	-2.91429	-4.7135	-4.8953	-3.83851
1059	2	4	1	2	2	1	5	-2.76565	-3.66415	-4.14883	-4.1581
1060	2	1	1	3	2	1	5	-4.64983	-3.76182	-6.63958	-7.43123
1061	2	4	1	2	7	1	5	-2.29013	-6.53386	-5.52434	-5.22575
1062	8	10	2	2	11	12	6	-3.93867	-8.11424	-7.24373	-7.26312
1063	2	4	1	2	2	1	5	-2.76565	-3.66415	-4.14883	-4.1581
1064	9	2	4	62	4	5	6	-3.7037	-5.25453	-5.74644	-6.77558
1065	2	4	1	2	2	1	5	-2.76565	-3.66415	-4.14883	-4.1581
1066	4	7	10	4	1	7	1	-1.80736	-3.93389	-2.63186	-1.95873
1067	8	10	2	2	11	12	6	-3.93867	-8.11424	-7.24373	-7.26312
1068	2	4	2	2	6	1	5	-6.13889	-4.8007	-5.98471	-7.91555
1069	2	4	2	2	6	1	5	-6.13889	-4.8007	-5.98471	-7.91555
1070	2	4	2	2	6	1	5	-6.13889	-4.8007	-5.98471	-7.91555
1071	2	4	2	2	6	1	5	-6.13889	-4.8007	-5.98471	-7.91555
1072	2	4	1	2	2	1	5	-2.76565	-3.66415	-4.14883	-4.1581
1073	2	4	1	2	2	1	5	-2.76565	-3.66415	-4.14883	-4.1581
1074	2	1	12	3	2	1	5	-2.63917	-2.09432	-3.69799	-4.93362
1075	2	4	1	2	7	1	5	-2.29013	-6.53386	-5.52434	-5.22575
1076	4	7	10	4	42	51	1	-2.91429	-4.7135	-4.8953	-3.83851
1077	2	4	1	2	2	1	5	-2.76565	-3.66415	-4.14883	-4.1581
1078	8	10	2	2	11	12	6	-3.93867	-8.11424	-7.24373	-7.26312
1079	1	2	3	4	5	9	3	-4.7957	-2.44938	-3.66622	-5.01025
1080	1	2	3	4	5	9	3	-4.7957	-2.44938	-3.66622	-5.01025
1081	10	1	16	19	10	5	7	-7.16699	-2.70682	-4.28651	-5.2681
1082	8	10	2	2	11	12	6	-3.93867	-8.11424	-7.24373	-7.26312
1083	4	7	10	4	1	7	1	-1.80736	-3.93389	-2.63186	-1.95873
1084	2	4	1	2	2	1	5	-2.76565	-3.66415	-4.14883	-4.1581
1085	2	4	1	2	7	1	5	-2.29013	-6.53386	-5.52434	-5.22575
1086	2	1	21	3	2	1	5	-2.94688	-2.46771	-4.53844	-4.59507
1087	2	1	12	3	2	1	5	-2.63917	-2.09432	-3.69799	-4.93362
1088	2	4	2	4	19	3	6	-5.78193	-10.0316	-9.08385	-9.09793
1089	8	10	149	2	11	12	6	-4.91369	-3.93569	-5.76129	-7.31084
1090	8	10	2	2	11	12	6	-3.93867	-8.11424	-7.24373	-7.26312
1091	2	1	12	3	2	1	5	-2.63917	-2.09432	-3.69799	-4.93362
1092	2	1	12	3	2	1	5	-2.63917	-2.09432	-3.69799	-4.93362
1093	2	1	5	3	2	3	5	-4.27485	-3.22529	-5.73088	-4.84761
1094	184	39	30	82	113	43	17	-3.93943	-6.26841	-7.15712	-7.23994
1095	2	1	12	3	2	1	5	-2.63917	-2.09432	-3.69799	-4.93362
1096	2	4	1	2	2	1	5	-2.76565	-3.66415	-4.14883	-4.1581
1097	4	7	10	4	1	7	1	-1.80736	-3.93389	-2.63186	-1.95873
1098	8	10	2	2	11	12	6	-3.93867	-8.11424	-7.24373	-7.26312
1099	4	7	10	4	1	7	1	-1.80736	-3.93389	-2.63186	-1.95873
1100	4	7	10	4	42	51	1	-2.91429	-4.7135	-4.8953	-3.83851
1101	9	25	2	10	22	3	6	-4.44979	-8.35909	-6.06115	-4.38946
1102	9	2	4	62	4	5	6	-3.7037	-5.25453	-5.74644	-6.77558
1103	4	7	10	4	1	7	1	-1.80736	-3.93389	-2.63186	-1.95873
1104	2	4	1	2	7	1	5	-2.29013	-6.53386	-5.52434	-5.22575
1105	4	7	10	4	1	7	1	-1.80736	-3.93389	-2.63186	-1.95873
1106	8	10	2	2	11	12	6	-3.93867	-8.11424	-7.24373	-7.26312
1107	2	4	1	2	2	1	5	-2.76565	-3.66415	-4.14883	-4.1581
1108	4	7	10	4	42	51	1	-2.91429	-4.7135	-4.8953	-3.83851
1109	1	2	3	4	5	9	3	-4.7957	-2.44938	-3.66622	-5.01025
1110	2	1	12	3	2	1	5	-2.63917	-2.09432	-3.69799	-4.93362
1111	2	4	1	2	2	1	5	-2.76565	-3.66415	-4.14883	-4.1581
1112	10	81	50	99	120	76	52	-6.65088	-6.3795	-5.27977	-5.18684
1113	2	4	1	2	2	1	5	-2.76565	-3.66415	-4.14883	-4.1581
1114	4	7	10	4	42	51	1	-2.91429	-4.7135	-4.8953	-3.83851
1115	4	7	10	4	42	51	1	-2.91429	-4.7135	-4.8953	-3.83851
1116	4	7	10	4	1	7	1	-1.80736	-3.93389	-2.63186	-1.95873
1117	3	1	5	10	11	11	6	-11.4093	-6.42448	-9.61252	-10.9531
1118	10	81	50	99	120	76	52	-6.65088	-6.3795	-5.27977	-5.18684
1119	2	4	1	2	2	1	5	-2.76565	-3.66415	-4.14883	-4.1581
1120	4	7	10	4	1	7	1	-1.80736	-3.93389	-2.63186	-1.95873
1121	4	7	10	4	1	7	1	-1.80736	-3.93389	-2.63186	-1.95873
1122	4	7	10	4	42	51	1	-2.91429	-4.7135	-4.8953	-3.83851
1123	2	1	12	3	2	1	5	-2.63917	-2.09432	-3.69799	-4.93362
1124	2	4	1	2	2	1	5	-2.76565	-3.66415	-4.14883	-4.1581
1125	2	1	1	3	2	1	5	-4.64983	-3.76182	-6.63958	-7.43123
1126	2	4	1	2	2	1	5	-2.76565	-3.66415	-4.14883	-4.1581
1127	2	4	1	2	2	1	5	-2.76565	-3.66415	-4.14883	-4.1581
1128	2	4	1	2	2	1	5	-2.76565	-3.66415	-4.14883	-4.1581
1129	2	4	1	2	2	1	5	-2.76565	-3.66415	-4.14883	-4.1581
1130	1	2	3	4	5	9	3	-4.7957	-2.44938	-3.66622	-5.01025
1131	8	10	2	2	11	12	6	-3.93867	-8.11424	-7.24373	-7.26312
1132	2	1	21	3	2	1	5	-2.94688	-2.46771	-4.53844	-4.59507
1133	2	4	1	2	2	1	5	-2.76565	-3.66415	-4.14883	-4.1581
1134	2	1	21	3	2	1	5	-2.94688	-2.46771	-4.53844	-4.59507
1135	2	1	21	3	2	1	5	-2.94688	-2.46771	-4.53844	-4.59507
1136	2	4	1	2	2	1	5	-2.76565	-3.66415	-4.14883	-4.1581
1137	1	2	3	4	5	9	3	-4.7957	-2.44938	-3.66622	-5.01025
1138	10	1	16	19	10	5	7	-7.16699	-2.70682	-4.28651	-5.2681
1139	2	1	12	3	2	1	5	-2.63917	-2.09432	-3.69799	-4.93362
1140	7	21	5	62	4	61	44	-8.54671	-3.78749	-5.8011	-7.71792
1141	2	4	1	2	2	1	5	-2.76565	-3.66415	-4.14883	-4.1581
1142	2	1	12	3	2	1	5	-2.63917	-2.09432	-3.69799	-4.93362
1143	2	4	1	2	7	1	5	-2.29013	-6.53386	-5.52434	-5.22575
1144	2	1	5	3	2	3	5	-4.27485	-3.22529	-5.73088	-4.84761
1145	2	1	21	3	2	1	5	-2.94688	-2.46771	-4.53844	-4.59507
1146	2	1	21	3	2	1	5	-2.94688	-2.46771	-4.53844	-4.59507
1147	2	1	21	3	2	1	5	-2.94688	-2.46771	-4.53844	-4.59507
1148	2	1	21	3	2	1	5	-2.94688	-2.46771	-4.53844	-4.59507
1149	2	1	12	3	2	1	5	-2.63917	-2.09432	-3.69799	-4.93362
1150	8	10	2	2	11	12	6	-3.93867	-8.11424	-7.24373	-7.26312
1151	129	66	30	82	189	47	17	-3.23311	-4.94617	-5.55034	-4.18742
1152	1	307	3	4	5	9	3	-6.83689	-6.40337	-6.11019	-8.26769
1153	8	10	2	2	11	12	6	-3.93867	-8.11424	-7.24373	-7.26312
1154	2	4	2	2	6	1	5	-6.13889	-4.8007	-5.98471	-7.91555
1155	1	4	2	2	6	3	17	-4.83693	-2.41104	-4.77573	-5.70023
1156	2	4	1	2	2	1	5	-2.76565	-3.66415	-4.14883	-4.1581
1157	8	10	2	2	11	12	6	-3.93867	-8.11424	-7.24373	-7.26312
1158	2	4	2	2	6	1	5	-6.13889	-4.8007	-5.98471	-7.91555
1159	2	1	21	3	2	1	5	-2.94688	-2.46771	-4.53844	-4.59507
1160	2	4	5	2	2	5	5	-3.6561	-7.87195	-6.70153	-5.92869
1161	7	21	5	62	4	61	44	-8.54671	-3.78749	-5.8011	-7.71792
1162	2	1	12	3	2	1	5	-2.63917	-2.09432	-3.69799	-4.93362
1163	10	27	16	19	10	5	7	-22.0457	-13.2366	-16.5207	-17.8314
1164	33	283	44	82	189	44	17	-8.04219	-3.42902	-5.60121	-6.0916
1165	9	25	2	10	22	3	6	-4.44979	-8.35909	-6.06115	-4.38946
1166	7	21	5	62	4	61	44	-8.54671	-3.78749	-5.8011	-7.71792
1167	2	1	5	3	2	3	5	-4.27485	-3.22529	-5.73088	-4.84761
1168	2	1	5	3	2	3	5	-4.27485	-3.22529	-5.73088	-4.84761
1169	9	25	2	10	22	3	6	-4.44979	-8.35909	-6.06115	-4.38946
1170	2	1	5	3	2	3	5	-4.27485	-3.22529	-5.73088	-4.84761
1171	2	4	1	2	2	1	5	-2.76565	-3.66415	-4.14883	-4.1581
1172	129	66	30	82	189	47	17	-3.23311	-4.94617	-5.55034	-4.18742
1173	2	4	1	2	2	1	5	-2.76565	-3.66415	-4.14883	-4.1581
1174	2	1	5	3	2	3	5	-4.27485	-3.22529	-5.73088	-4.84761
1175	2	1	12	3	2	1	5	-2.63917	-2.09432	-3.69799	-4.93362
1176	2	4	1	2	2	1	5	-2.76565	-3.66415	-4.14883	-4.1581
1177	1	4	2	2	6	3	17	-4.83693	-2.41104	-4.77573	-5.70023
1178	2	1	12	3	2	1	5	-2.63917	-2.09432	-3.69799	-4.93362
1179	1	4	2	2	446	3	17	-8.55398	-5.51513	-7.34056	-8.29748
1180	2	1	5	88	2	11	5	-9.52763	-5.31266	-6.06862	-8.2721
1181	2	4	2	2	6	1	5	-6.13889	-4.8007	-5.98471	-7.91555
1182	9	25	2	10	22	3	6	-4.44979	-8.35909	-6.06115	-4.38946
1183	2	1	5	3	2	3	5	-4.27485	-3.22529	-5.73088	-4.84761
1184	7	21	5	62	4	61	44	-8.54671	-3.78749	-5.8011	-7.71792
1185	1	2	3	4	5	9	3	-4.7957	-2.44938	-3.66622	-5.01025
1186	2	4	1	2	2	1	5	-2.76565	-3.66415	-4.14883	-4.1581
1187	7	21	5	62	4	61	44	-8.54671	-3.78749	-5.8011	-7.71792
1188	33	39	30	82	104	173	68	-5.46669	-3.93915	-6.96066	-7.93886
1189	1	4	2	2	6	3	17	-4.83693	-2.41104	-4.77573	-5.70023
1190	2	1	21	3	2	1	5	-2.94688	-2.46771	-4.53844	-4.59507
1191	4	7	10	4	1	7	1	-1.80736	-3.93389	-2.63186	-1.95873
1192	2	1	5	3	2	5	5	-5.88711	-2.7974	-4.16281	-5.60509
1193	1	4	2	2	6	3	17	-4.83693	-2.41104	-4.77573	-5.70023
1194	2	4	1	2	2	1	5	-2.76565	-3.66415	-4.14883	-4.1581
1195	2	4	1	2	2	1	5	-2.76565	-3.66415	-4.14883	-4.1581
1196	2	1	12	3	2	1	5	-2.63917	-2.09432	-3.69799	-4.93362
1197	2	1	6	3	2	3	5	-6.96958	-6.34777	-7.93755	-7.01399
1198	4	7	10	4	1	7	1	-1.80736	-3.93389	-2.63186	-1.95873
1199	2	4	1	2	7	1	5	-2.29013	-6.53386	-5.52434	-5.22575
1200	2	1	1	3	2	1	5	-4.64983	-3.76182	-6.63958	-7.43123
1201	2	4	1	2	2	1	5	-2.76565	-3.66415	-4.14883	-4.1581
1202	7	2	5	2	10	3	6	-31.6857	-29.7136	-28.3524	-28.4578
1203	2	1	21	3	2	1	5	-2.94688	-2.46771	-4.53844	-4.59507
1204	2	4	1	2	7	1	5	-2.29013	-6.53386	-5.52434	-5.22575
1205	4	7	10	4	1	7	1	-1.80736	-3.93389	-2.63186	-1.95873
1206	2	4	1	2	7	1	5	-2.29013	-6.53386	-5.52434	-5.22575
1207	2	4	1	2	2	1	5	-2.76565	-3.66415	-4.14883	-4.1581
1208	1	4	2	2	6	3	17	-4.83693	-2.41104	-4.77573	-5.70023
1209	2	4	1	2	2	1	5	-2.76565	-3.66415	-4.14883	-4.1581
1210	2	4	1	2	2	1	5	-2.76565	-3.66415	-4.14883	-4.1581
1211	74	10	2	2	11	12	6	-7.65854	-11.253	-9.82398	-9.87101
1212	1	2	3	4	5	9	3	-4.7957	-2.44938	-3.66622	-5.01025
1213	2	1	5	3	2	3	5	-4.27485	-3.22529	-5.73088	-4.84761
1214	4	7	10	4	1	7	1	-1.80736	-3.93389	-2.63186	-1.95873
1215	2	4	2	2	6	1	5	-6.13889	-4.8007	-5.98471	-7.91555
1216	2	1	12	3	2	1	5	-2.63917	-2.09432	-3.69799	-4.93362
1217	2	1	21	3	2	1	5	-2.94688	-2.46771	-4.53844	-4.59507
1218	2	4	1	2	2	1	5	-2.76565	-3.66415	-4.14883	-4.1581
1219	2	1	21	3	2	1	5	-2.94688	-2.46771	-4.53844	-4.59507
1220	4	7	10	4	1	7	1	-1.80736	-3.93389	-2.63186	-1.95873
1221	2	1	21	3	2	1	5	-2.94688	-2.46771	-4.53844	-4.59507
1222	2	4	1	2	2	1	5	-2.76565	-3.66415	-4.14883	-4.1581
1223	4	7	10	4	1	7	1	-1.80736	-3.93389	-2.63186	-1.95873
1224	2	4	1	2	2	1	5	-2.76565	-3.66415	-4.14883	-4.1581
1225	4	7	10	4	1	7	1	-1.80736	-3.93389	-2.63186	-1.95873
1226	4	7	10	4	42	51	1	-2.91429	-4.7135	-4.8953	-3.83851
1227	4	7	10	4	42	7	1	-6.51897	-9.33516	-5.61672	-4.67474
1228	2	4	1	2	2	1	5	-2.76565	-3.66415	-4.14883	-4.1581
1229	2	1	5	3	2	3	5	-4.27485	-3.22529	-5.73088	-4.84761
1230	10	81	50	99	120	76	52	-6.65088	-6.3795	-5.27977	-5.18684
1231	2	4	1	2	7	1	5	-2.29013	-6.53386	-5.52434	-5.22575
1232	2	4	1	2	7	1	5	-2.29013	-6.53386	-5.52434	-5.22575
1233	4	7	10	4	1	7	1	-1.80736	-3.93389	-2.63186	-1.95873
1234	1	4	2	2	6	3	17	-4.83693	-2.41104	-4.77573	-5.70023
1235	4	7	10	4	1	7	1	-1.80736	-3.93389	-2.63186	-1.95873
1236	2	4	1	2	2	1	5	-2.76565	-3.66415	-4.14883	-4.1581
1237	4	7	10	4	1	7	1	-1.80736	-3.93389	-2.63186	-1.95873
1238	4	7	10	4	42	51	1	-2.91429	-4.7135	-4.8953	-3.83851
1239	1	307	3	4	5	9	3	-6.83689	-6.40337	-6.11019	-8.26769
1240	2	4	2	2	6	1	5	-6.13889	-4.8007	-5.98471	-7.91555
1241	8	10	149	2	11	12	6	-4.91369	-3.93569	-5.76129	-7.31084
1242	2	1	12	3	2	1	5	-2.63917	-2.09432	-3.69799	-4.93362
1243	2	4	1	2	2	1	5	-2.76565	-3.66415	-4.14883	-4.1581
1244	2	4	1	2	2	1	5	-2.76565	-3.66415	-4.14883	-4.1581
1245	2	4	1	2	2	1	5	-2.76565	-3.66415	-4.14883	-4.1581
1246	4	7	10	4	42	51	1	-2.91429	-4.7135	-4.8953	-3.83851
1247	2	4	1	2	2	1	5	-2.76565	-3.66415	-4.14883	-4.1581
1248	2	4	1	2	2	1	5	-2.76565	-3.66415	-4.14883	-4.1581
1249	2	1	12	88	2	1	5	-3.96801	-3.40633	-5.95655	-5.4074
1250	1	4	2	2	6	3	17	-4.83693	-2.41104	-4.77573	-5.70023
1251	9	2	4	62	4	5	6	-3.7037	-5.25453	-5.74644	-6.77558
1252	2	4	1	2	7	1	5	-2.29013	-6.53386	-5.52434	-5.22575
1253	2	4	5	2	2	5	5	-3.6561	-7.87195	-6.70153	-5.92869
1254	2	1	21	3	2	1	5	-2.94688	-2.46771	-4.53844	-4.59507
1255	1	4	2	2	6	3	17	-4.83693	-2.41104	-4.77573	-5.70023
1256	2	1	21	3	2	1	5	-2.94688	-2.46771	-4.53844	-4.59507
1257	2	4	1	2	2	5	5	-6.82644	-6.38874	-9.0148	-9.6944
1258	2	1	12	3	2	1	5	-2.63917	-2.09432	-3.69799	-4.93362
1259	2	4	2	2	6	1	5	-6.13889	-4.8007	-5.98471	-7.91555
1260	2	4	1	2	2	1	5	-2.76565	-3.66415	-4.14883	-4.1581
1261	2	4	1	2	2	1	5	-2.76565	-3.66415	-4.14883	-4.1581
1262	1	307	3	4	5	9	3	-6.83689	-6.40337	-6.11019	-8.26769
1263	9	25	2	10	22	3	6	-4.44979	-8.35909	-6.06115	-4.38946
1264	2	1	1	380	2	1	5	-6.17295	-5.71116	-8.46581	-9.11743
1265	2	4	1	2	2	1	5	-2.76565	-3.66415	-4.14883	-4.1581
1266	2	4	1	2	2	1	5	-2.76565	-3.66415	-4.14883	-4.1581
1267	2	1	12	3	2	1	5	-2.63917	-2.09432	-3.69799	-4.93362
1268	1	2	3	4	5	9	3	-4.7957	-2.44938	-3.66622	-5.01025
1269	2	4	1	2	2	1	5	-2.76565	-3.66415	-4.14883	-4.1581
1270	2	4	1	2	2	1	5	-2.76565	-3.66415	-4.14883	-4.1581
1271	2	4	1	2	2	1	5	-2.76565	-3.66415	-4.14883	-4.1581
1272	1	2	3	4	5	9	3	-4.7957	-2.44938	-3.66622	-5.01025
1273	9	2	2	212	309	253	147	-25.7507	-23.7328	-22.2578	-21.5348
1274	2	1	21	3	2	1	5	-2.94688	-2.46771	-4.53844	-4.59507
1275	47	2	4	2	6	5	17	-10.147	-10.9185	-6.16852	-8.51019
1276	1	2	3	4	5	9	3	-4.7957	-2.44938	-3.66622	-5.01025
1277	2	4	1	2	2	1	5	-2.76565	-3.66415	-4.14883	-4.1581
1278	2	4	1	2	2	1	5	-2.76565	-3.66415	-4.14883	-4.1581
1279	9	2	4	62	4	5	6	-3.7037	-5.25453	-5.74644	-6.77558
1280	2	1	12	3	2	1	5	-2.63917	-2.09432	-3.69799	-4.93362
1281	2	4	1	2	2	1	5	-2.76565	-3.66415	-4.14883	-4.1581
1282	2	4	1	2	7	1	5	-2.29013	-6.53386	-5.52434	-5.22575
1283	7	17	2	15	23	3	12	-6.88551	-11.1357	-10.1921	-10.2096
1284	2	1	1	3	2	1	5	-4.64983	-3.76182	-6.63958	-7.43123
1285	2	1	12	3	2	1	5	-2.63917	-2.09432	-3.69799	-4.93362
1286	2	4	1	2	2	1	5	-2.76565	-3.66415	-4.14883	-4.1581
1287	2	1	5	3	2	3	5	-4.27485	-3.22529	-5.73088	-4.84761
1288	2	4	1	2	2	1	5	-2.76565	-3.66415	-4.14883	-4.1581
1289	2	4	1	2	2	1	5	-2.76565	-3.66415	-4.14883	-4.1581
1290	1	4	2	2	6	3	17	-4.83693	-2.41104	-4.77573	-5.70023
1291	2	1	2	3	2	3	5	-3.74215	-7.86061	-7.04146	-7.05535
1292	2	1	5	3	2	3	5	-4.27485	-3.22529	-5.73088	-4.84761
1293	1	2	3	3	5	9	3	-11.8053	-8.38869	-10.0312	-12.0436
1294	4	7	10	4	42	51	1	-2.91429	-4.7135	-4.8953	-3.83851
1295	1	4	2	2	6	3	17	-4.83693	-2.41104	-4.77573	-5.70023
1296	2	1	5	3	2	3	5	-4.27485	-3.22529	-5.73088	-4.84761
1297	4	7	10	4	1	7	1	-1.80736	-3.93389	-2.63186	-1.95873
1298	2	4	1	2	2	1	5	-2.76565	-3.66415	-4.14883	-4.1581
1299	4	7	10	4	1	7	1	-1.80736	-3.93389	-2.63186	-1.95873
1300	2	1	21	3	2	1	5	-2.94688	-2.46771	-4.53844	-4.59507
1301	2	4	1	2	2	1	5	-2.76565	-3.66415	-4.14883	-4.1581
1302	4	7	10	4	1	7	1	-1.80736	-3.93389	-2.63186	-1.95873
1303	2	4	1	2	2	1	5	-2.76565	-3.66415	-4.14883	-4.1581
1304	2	1	5	3	2	5	5	-5.88711	-2.7974	-4.16281	-5.60509
1305	2	4	1	2	2	1	5	-2.76565	-3.66415	-4.14883	-4.1581
1306	2	1	21	3	2	1	5	-2.94688	-2.46771	-4.53844	-4.59507
1307	2	1	5	3	2	5	5	-5.88711	-2.7974	-4.16281	-5.60509
1308	1	4	2	2	6	3	17	-4.83693	-2.41104	-4.77573	-5.70023
1309	1	4	2	2	6	3	17	-4.83693	-2.41104	-4.77573	-5.70023
1310	2	1	5	3	2	3	5	-4.27485	-3.22529	-5.73088	-4.84761
1311	1	4	2	2	6	3	17	-4.83693	-2.41104	-4.77573	-5.70023
1312	2	4	1	2	2	1	5	-2.76565	-3.66415	-4.14883	-4.1581
1313	2	1	12	88	2	1	5	-3.96801	-3.40633	-5.95655	-5.4074
1314	2	1	5	3	2	3	5	-4.27485	-3.22529	-5.73088	-4.84761
1315	2	4	5	2	2	1	5	-6.14966	-9.75139	-8.89478	-9.21018
1316	2	4	1	2	2	1	5	-2.76565	-3.66415	-4.14883	-4.1581
1317	1	4	2	2	6	3	17	-4.83693	-2.41104	-4.77573	-5.70023
1318	2	1	21	3	2	1	5	-2.94688	-2.46771	-4.53844	-4.59507
1319	4	7	10	4	1	7	1	-1.80736	-3.93389	-2.63186	-1.95873
1320	1	2	3	4	5	9	3	-4.7957	-2.44938	-3.66622	-5.01025
1321	2	4	1	2	7	1	5	-2.29013	-6.53386	-5.52434	-5.22575
1322	4	7	10	4	1	7	1	-1.80736	-3.93389	-2.63186	-1.95873
1323	4	7	10	4	1	7	1	-1.80736	-3.93389	-2.63186	-1.95873
1324	1	4	2	2	6	3	17	-4.83693	-2.41104	-4.77573	-5.70023
1325	2	4	1	2	7	1	5	-2.29013	-6.53386	-5.52434	-5.22575
1326	4	7	10	4	1	7	1	-1.80736	-3.93389	-2.63186	-1.95873
1327	8	10	2	2	11	12	6	-3.93867	-8.11424	-7.24373	-7.26312
1328	969	7	10	4	1	7	1	-5.44996	-7.06319	-5.20762	-4.56727
1329	4	7	10	4	1	7	1	-1.80736	-3.93389	-2.63186	-1.95873
1330	10	27	16	942	10	5	7	-25.7655	-16.3758	-19.1012	-20.439
1331	10	27	16	941	10	5	7	-25.7655	-16.3758	-19.1012	-20.439
1332	4	7	10	4	1	7	1	-1.80736	-3.93389	-2.63186	-1.95873
1333	4	7	10	4	1	7	1	-1.80736	-3.93389	-2.63186	-1.95873
1334	129	66	30	82	189	47	17	-3.23311	-4.94617	-5.55034	-4.18742
1335	4	7	10	4	1	7	1	-1.80736	-3.93389	-2.63186	-1.95873
1336	4	7	10	4	1	7	1	-1.80736	-3.93389	-2.63186	-1.95873
1337	2	4	1	2	2	1	5	-2.76565	-3.66415	-4.14883	-4.1581
1338	2	1	2	3	2	3	5	-3.74215	-7.86061	-7.04146	-7.05535
1339	10	27	16	19	10	5	7	-22.0457	-13.2366	-16.5207	-17.8314
1340	2	4	1	2	2	1	5	-2.76565	-3.66415	-4.14883	-4.1581
1341	33	39	30	82	104	173	68	-5.46669	-3.93915	-6.96066	-7.93886
1342	1	4	2	2	6	3	17	-4.83693	-2.41104	-4.77573	-5.70023
1343	2	1	5	3	2	5	5	-5.88711	-2.7974	-4.16281	-5.60509
1344	2	1	12	3	2	1	5	-2.63917	-2.09432	-3.69799	-4.93362
1345	8	10	2	2	11	12	6	-3.93867	-8.11424	-7.24373	-7.26312
1346	2	1	1	3	2	1	5	-4.64983	-3.76182	-6.63958	-7.43123
1347	1	4	2	2	6	3	17	-4.83693	-2.41104	-4.77573	-5.70023
1348	7	2	2	2	11	12	6	-4.48528	-8.73628	-7.79128	-7.80942
1349	9	2	4	62	4	5	6	-3.7037	-5.25453	-5.74644	-6.77558
1350	2	1	21	3	2	1	5	-2.94688	-2.46771	-4.53844	-4.59507
1351	9	7	10	4	1	7	1	-10.1273	-12.8583	-11.2952	-9.88725
1352	2	1	12	3	920	1	5	-6.36027	-5.22297	-6.27763	-7.54015
1353	239	27	16	19	10	5	7	-11.4111	-6.42623	-9.6167	-10.9567
1354	7	17	2	15	23	3	12	-6.88551	-11.1357	-10.1921	-10.2096
1355	1	4	2	2	6	3	17	-4.83693	-2.41104	-4.77573	-5.70023
1356	1	6	60	24	12	28	1	-27.8264	-28.1449	-19.0024	-19.3073
1357	2	4	5	2	10	1	5	-6.87735	-11.1228	-10.1762	-10.1965
1358	10	81	50	99	120	76	52	-6.65088	-6.3795	-5.27977	-5.18684
1359	4	7	10	4	1	7	1	-1.80736	-3.93389	-2.63186	-1.95873
1360	2	1	5	3	2	5	5	-5.88711	-2.7974	-4.16281	-5.60509
1361	4	7	10	1	1	7	1	-5.25	-9.1973	-5.95553	-6.13831
1362	2	4	5	2	10	1	5	-6.87735	-11.1228	-10.1762	-10.1965
1363	2	1	21	3	2	1	5	-2.94688	-2.46771	-4.53844	-4.59507
1364	2	1	21	3	2	1	5	-2.94688	-2.46771	-4.53844	-4.59507
1365	2	4	1	2	2	1	5	-2.76565	-3.66415	-4.14883	-4.1581
1366	2	4	2	2	6	1	5	-6.13889	-4.8007	-5.98471	-7.91555
1367	2	4	1	2	7	1	5	-2.29013	-6.53386	-5.52434	-5.22575
1368	2	4	1	2	2	1	5	-2.76565	-3.66415	-4.14883	-4.1581
1369	2	4	1	2	2	1	5	-2.76565	-3.66415	-4.14883	-4.1581
1370	4	7	10	4	1	7	1	-1.80736	-3.93389	-2.63186	-1.95873
1371	4	7	10	4	42	51	1	-2.91429	-4.7135	-4.8953	-3.83851
1372	2	1	5	3	2	3	5	-4.27485	-3.22529	-5.73088	-4.84761
1373	2	1	12	3	2	1	5	-2.63917	-2.09432	-3.69799	-4.93362
1374	2	1	1	3	2	1	5	-4.64983	-3.76182	-6.63958	-7.43123
1375	2	4	1	2	2	1	5	-2.76565	-3.66415	-4.14883	-4.1581
1376	4	7	10	4	1	7	1	-1.80736	-3.93389	-2.63186	-1.95873
1377	10	1	16	19	10	5	7	-7.16699	-2.70682	-4.28651	-5.2681
1378	2	4	1	2	7	1	5	-2.29013	-6.53386	-5.52434	-5.22575
1379	2	4	1	2	2	1	5	-2.76565	-3.66415	-4.14883	-4.1581
1380	10	81	50	99	120	76	52	-6.65088	-6.3795	-5.27977	-5.18684
1381	2	1	12	3	2	1	5	-2.63917	-2.09432	-3.69799	-4.93362
1382	2	4	1	2	2	1	5	-2.76565	-3.66415	-4.14883	-4.1581
1383	2	4	1	2	7	1	5	-2.29013	-6.53386	-5.52434	-5.22575
1384	1	2	3	4	5	9	3	-4.7957	-2.44938	-3.66622	-5.01025
1385	8	10	2	2	11	12	6	-3.93867	-8.11424	-7.24373	-7.26312
1386	1	4	2	2	6	3	17	-4.83693	-2.41104	-4.77573	-5.70023
1387	2	4	1	2	2	1	5	-2.76565	-3.66415	-4.14883	-4.1581
1388	2	4	1	2	2	1	5	-2.76565	-3.66415	-4.14883	-4.1581
1389	10	7	10	4	1	7	1	-12.5445	-11.3928	-10.0029	-8.97288
1390	2	1	21	3	2	1	5	-2.94688	-2.46771	-4.53844	-4.59507
1391	2	1	21	3	2	1	5	-2.94688	-2.46771	-4.53844	-4.59507
1392	10	1	16	19	10	5	7	-7.16699	-2.70682	-4.28651	-5.2681
1393	2	1	5	3	2	3	5	-4.27485	-3.22529	-5.73088	-4.84761
1394	2	1	5	3	2	3	5	-4.27485	-3.22529	-5.73088	-4.84761
1395	2	4	1	2	2	5	5	-6.82644	-6.38874	-9.0148	-9.6944
1396	2	4	1	2	7	1	5	-2.29013	-6.53386	-5.52434	-5.22575
1397	10	1	16	19	10	5	7	-7.16699	-2.70682	-4.28651	-5.2681
1398	2	4	1	2	7	1	5	-2.29013	-6.53386	-5.52434	-5.22575
1399	2	934	1	2	2	1	5	-6.40756	-6.79965	-6.71821	-6.75534
