Isolate	Loci0	Loci1	Loci2	Loci3	Loci4	Loci5	Loci6	Source0	Source1	Source2	Source3
0	1	2	3	4	5	9	3	-4.68957	-2.49963	-3.54343	-4.91975
1	4	7	10	4	1	7	1	-1.82571	-3.78931	-2.69633	-1.94577
2	2	4	1	2	2	1	5	-2.76828	-3.64813	-4.15891	-4.12772
3	2	4	1	2	2	1	5	-2.76828	-3.64813	-4.15891	-4.12772
4	9	25	2	10	22	3	6	-4.46999	-7.57831	-6.15216	-4.37467
5	4	7	10	4	1	7	1	-1.82571	-3.78931	-2.69633	-1.94577
6	4	7	10	4	1	7	1	-1.82571	-3.78931	-2.69633	-1.94577
7	4	7	10	4	42	51	1	-2.92237	-4.62389	-4.96308	-3.8192
8	2	4	1	2	2	1	5	-2.76828	-3.64813	-4.15891	-4.12772
9	10	81	50	99	120	76	52	-6.7475	-6.41161	-5.31989	-5.17389
10	2	1	21	3	2	1	5	-2.92922	-2.4954	-4.2497	-4.51774
11	2	1	21	3	2	1	5	-2.92922	-2.4954	-4.2497	-4.51774
12	9	25	2	10	22	3	6	-4.46999	-7.57831	-6.15216	-4.37467
13	2	1	21	3	2	1	5	-2.92922	-2.4954	-4.2497	-4.51774
14	10	27	16	19	10	5	7	-20.4481	-12.7985	-15.4478	-17.3918
15	2	4	1	2	2	1	5	-2.76828	-3.64813	-4.15891	-4.12772
16	2	4	1	2	2	1	5	-2.76828	-3.64813	-4.15891	-4.12772
17	9	2	4	62	4	5	6	-3.70763	-5.19419	-5.80842	-6.68974
18	9	53	2	53	11	3	3	-30.139	-27.7784	-25.0059	-25.8015
19	2	4	1	2	2	1	5	-2.76828	-3.64813	-4.15891	-4.12772
20	2	4	1	2	2	1	5	-2.76828	-3.64813	-4.15891	-4.12772
21	4	7	10	4	1	7	1	-1.82571	-3.78931	-2.69633	-1.94577
22	2	4	1	2	2	1	5	-2.76828	-3.64813	-4.15891	-4.12772
23	1	4	2	2	6	3	17	-4.68827	-2.45967	-4.34885	-5.51983
24	4	7	10	4	1	7	1	-1.82571	-3.78931	-2.69633	-1.94577
25	2	1	21	3	2	1	5	-2.92922	-2.4954	-4.2497	-4.51774
26	8	10	2	2	11	12	6	-3.94406	-7.16583	-7.69351	-7.18515
27	2	4	2	2	6	1	5	-6.09981	-4.84157	-5.87496	-7.76431
28	2	1	12	3	2	1	5	-2.6207	-2.12199	-3.5248	-4.79813
29	2	4	1	2	2	1	5	-2.76828	-3.64813	-4.15891	-4.12772
30	4	7	10	4	1	7	1	-1.82571	-3.78931	-2.69633	-1.94577
31	10	1	16	19	10	5	7	-6.43923	-2.75872	-4.09145	-5.17694
32	1	2	3	4	5	9	3	-4.68957	-2.49963	-3.54343	-4.91975
33	2	4	1	2	2	1	5	-2.76828	-3.64813	-4.15891	-4.12772
34	2	4	1	2	2	1	5	-2.76828	-3.64813	-4.15891	-4.12772
35	2	4	1	2	2	1	5	-2.76828	-3.64813	-4.15891	-4.12772
36	4	7	10	4	1	7	1	-1.82571	-3.78931	-2.69633	-1.94577
37	129	66	30	82	189	47	17	-3.241	-4.8671	-5.61181	-4.16574
38	2	1	12	3	357	1	5	-6.77022	-6.34376	-6.14267	-7.84546
39	9	2	4	62	4	5	6	-3.70763	-5.19419	-5.80842	-6.68974
40	2	1	1	3	2	1	5	-4.6144	-3.79282	-6.01856	-7.15585
41	2	1	12	3	357	1	5	-6.77022	-6.34376	-6.14267	-7.84546
42	2	1	5	3	2	3	5	-4.24237	-3.26005	-5.26342	-4.7981
43	2	1	5	3	2	3	5	-4.24237	-3.26005	-5.26342	-4.7981
44	2	4	1	2	2	1	5	-2.76828	-3.64813	-4.15891	-4.12772
45	2	4	1	2	2	1	5	-2.76828	-3.64813	-4.15891	-4.12772
46	2	4	2	2	6	1	5	-6.09981	-4.84157	-5.87496	-7.76431
47	1	4	2	2	6	3	17	-4.68827	-2.45967	-4.34885	-5.51983
48	2	1	21	3	2	1	5	-2.92922	-2.4954	-4.2497	-4.51774
49	2	1	2	3	2	3	5	-3.74645	-6.92023	-7.4869	-6.97835
50	2	1	21	3	2	1	5	-2.92922	-2.4954	-4.2497	-4.51774
51	7	17	2	15	23	3	12	-6.89135	-10.1581	-10.6463	-10.1316
52	2	4	1	2	7	1	5	-2.29441	-5.55368	-5.9406	-5.16884
53	9	2	4	62	4	5	6	-3.70763	-5.19419	-5.80842	-6.68974
54	2	4	1	2	7	1	5	-2.29441	-5.55368	-5.9406	-5.16884
55	9	2	4	62	4	5	6	-3.70763	-5.19419	-5.80842	-6.68974
56	2	1	12	88	2	1	5	-3.9478	-3.43637	-5.49626	-5.33732
57	2	1	5	3	2	3	5	-4.24237	-3.26005	-5.26342	-4.7981
58	2	4	1	2	2	1	5	-2.76828	-3.64813	-4.15891	-4.12772
59	9	2	4	62	4	5	6	-3.70763	-5.19419	-5.80842	-6.68974
60	2	1	5	3	2	3	5	-4.24237	-3.26005	-5.26342	-4.7981
61	2	4	1	2	2	1	5	-2.76828	-3.64813	-4.15891	-4.12772
62	2	4	1	2	2	1	5	-2.76828	-3.64813	-4.15891	-4.12772
63	2	4	1	2	2	1	5	-2.76828	-3.64813	-4.15891	-4.12772
64	2	4	1	2	2	1	5	-2.76828	-3.64813	-4.15891	-4.12772
65	2	4	1	2	2	1	5	-2.76828	-3.64813	-4.15891	-4.12772
66	2	4	1	2	2	1	5	-2.76828	-3.64813	-4.15891	-4.12772
67	1	2	215	4	90	24	8	-30.6725	-29.0386	-21.3488	-22.1693
68	2	4	1	2	2	1	5	-2.76828	-3.64813	-4.15891	-4.12772
69	1	2	3	4	5	9	3	-4.68957	-2.49963	-3.54343	-4.91975
70	2	4	1	2	2	1	5	-2.76828	-3.64813	-4.15891	-4.12772
71	2	4	1	2	2	1	5	-2.76828	-3.64813	-4.15891	-4.12772
72	9	25	2	10	22	3	6	-4.46999	-7.57831	-6.15216	-4.37467
73	2	15	4	48	360	25	23	-6.74967	-9.12977	-5.78459	-4.92319
74	2	4	1	2	2	1	5	-2.76828	-3.64813	-4.15891	-4.12772
75	2	1	12	88	2	1	5	-3.9478	-3.43637	-5.49626	-5.33732
76	2	4	2	2	6	1	5	-6.09981	-4.84157	-5.87496	-7.76431
77	10	1	16	19	10	5	7	-6.43923	-2.75872	-4.09145	-5.17694
78	2	4	1	2	2	1	5	-2.76828	-3.64813	-4.15891	-4.12772
79	2	1	12	3	2	1	5	-2.6207	-2.12199	-3.5248	-4.79813
80	2	4	1	2	2	1	5	-2.76828	-3.64813	-4.15891	-4.12772
81	2	4	1	2	2	1	5	-2.76828	-3.64813	-4.15891	-4.12772
82	1	4	2	2	6	3	17	-4.68827	-2.45967	-4.34885	-5.51983
83	10	1	16	19	10	5	7	-6.43923	-2.75872	-4.09145	-5.17694
84	8	10	149	2	11	12	6	-4.88251	-3.98123	-5.52859	-7.104
85	2	4	1	2	2	1	5	-2.76828	-3.64813	-4.15891	-4.12772
86	2	4	1	2	7	1	5	-2.29441	-5.55368	-5.9406	-5.16884
87	32	39	30	82	104	324	17	-8.42816	-4.68944	-6.98883	-8.66383
88	1	2	3	4	5	9	3	-4.68957	-2.49963	-3.54343	-4.91975
89	2	1	5	3	2	3	5	-4.24237	-3.26005	-5.26342	-4.7981
90	2	4	1	2	2	1	5	-2.76828	-3.64813	-4.15891	-4.12772
91	2	4	1	2	7	1	5	-2.29441	-5.55368	-5.9406	-5.16884
92	4	7	10	4	1	7	1	-1.82571	-3.78931	-2.69633	-1.94577
93	2	1	2	3	2	3	5	-3.74645	-6.92023	-7.4869	-6.97835
94	2	1	12	3	2	1	5	-2.6207	-2.12199	-3.5248	-4.79813
95	2	1	21	3	2	1	5	-2.92922	-2.4954	-4.2497	-4.51774
96	2	1	21	3	2	1	5	-2.92922	-2.4954	-4.2497	-4.51774
97	9	2	5	2	11	3	1	-28.5742	-31.4176	-28.1634	-25.9186
98	4	7	10	4	1	7	1	-1.82571	-3.78931	-2.69633	-1.94577
99	2	1	2	3	2	3	5	-3.74645	-6.92023	-7.4869	-6.97835
100	2	1	21	3	2	1	5	-2.92922	-2.4954	-4.2497	-4.51774
101	4	7	10	4	1	7	1	-1.82571	-3.78931	-2.69633	-1.94577
102	2	1	21	3	2	1	5	-2.92922	-2.4954	-4.2497	-4.51774
103	1	4	2	2	6	3	17	-4.68827	-2.45967	-4.34885	-5.51983
104	2	4	5	2	10	1	5	-6.88168	-10.1372	-10.627	-10.1193
105	2	1	12	88	2	1	5	-3.9478	-3.43637	-5.49626	-5.33732
106	9	2	4	62	4	5	6	-3.70763	-5.19419	-5.80842	-6.68974
107	2	165	73	147	220	190	104	-9.11633	-10.233	-7.12856	-5.25489
108	2	1	21	3	2	1	5	-2.92922	-2.4954	-4.2497	-4.51774
109	2	4	1	2	2	1	5	-2.76828	-3.64813	-4.15891	-4.12772
110	2	1	12	3	11	1	6	-18.387	-17.5195	-19.8834	-20.7784
111	2	1	2	3	2	3	5	-3.74645	-6.92023	-7.4869	-6.97835
112	2	4	1	2	7	1	5	-2.29441	-5.55368	-5.9406	-5.16884
113	2	1	2	3	2	3	5	-3.74645	-6.92023	-7.4869	-6.97835
114	2	1	21	3	2	1	5	-2.92922	-2.4954	-4.2497	-4.51774
115	2	4	1	2	7	1	5	-2.29441	-5.55368	-5.9406	-5.16884
116	33	39	30	82	113	43	17	-9.92589	-6.46387	-6.15818	-8.39408
117	2	4	1	2	2	1	5	-2.76828	-3.64813	-4.15891	-4.12772
118	2	4	1	2	2	1	5	-2.76828	-3.64813	-4.15891	-4.12772
119	2	4	1	2	2	1	5	-2.76828	-3.64813	-4.15891	-4.12772
120	2	4	1	2	7	1	5	-2.29441	-5.55368	-5.9406	-5.16884
121	4	7	10	1	1	7	1	-5.26577	-8.39045	-6.03772	-6.12481
122	2	1	12	3	2	1	5	-2.6207	-2.12199	-3.5248	-4.79813
123	2	4	1	2	2	1	5	-2.76828	-3.64813	-4.15891	-4.12772
124	2	4	1	2	2	1	5	-2.76828	-3.64813	-4.15891	-4.12772
125	2	4	1	2	7	1	5	-2.29441	-5.55368	-5.9406	-5.16884
126	2	4	1	2	2	1	5	-2.76828	-3.64813	-4.15891	-4.12772
127	2	4	1	2	2	1	5	-2.76828	-3.64813	-4.15891	-4.12772
128	2	1	12	88	2	1	5	-3.9478	-3.43637	-5.49626	-5.33732
129	2	1	12	3	2	1	5	-2.6207	-2.12199	-3.5248	-4.79813
130	2	1	12	3	2	1	5	-2.6207	-2.12199	-3.5248	-4.79813
131	2	4	1	2	7	1	5	-2.29441	-5.55368	-5.9406	-5.16884
132	2	1	21	3	2	1	5	-2.92922	-2.4954	-4.2497	-4.51774
133	2	1	21	3	2	1	5	-2.92922	-2.4954	-4.2497	-4.51774
134	2	4	5	2	2	5	5	-3.66136	-6.90399	-7.03913	-5.89325
135	2	1	21	3	2	1	5	-2.92922	-2.4954	-4.2497	-4.51774
136	1	4	2	2	6	3	1	-11.2164	-9.97431	-10.1771	-10.9322
137	2	1	5	3	2	3	5	-4.24237	-3.26005	-5.26342	-4.7981
138	2	1	5	3	2	3	5	-4.24237	-3.26005	-5.26342	-4.7981
139	4	7	10	4	1	7	1	-1.82571	-3.78931	-2.69633	-1.94577
140	8	10	2	2	11	12	6	-3.94406	-7.16583	-7.69351	-7.18515
141	2	1	2	3	2	3	5	-3.74645	-6.92023	-7.4869	-6.97835
142	2	1	5	3	2	3	5	-4.24237	-3.26005	-5.26342	-4.7981
143	2	1	2	3	2	3	5	-3.74645	-6.92023	-7.4869	-6.97835
144	129	66	30	82	189	47	17	-3.241	-4.8671	-5.61181	-4.16574
145	2	4	1	2	2	1	5	-2.76828	-3.64813	-4.15891	-4.12772
146	2	4	1	2	2	1	5	-2.76828	-3.64813	-4.15891	-4.12772
147	7	21	5	62	4	61	44	-7.56993	-3.84298	-5.49155	-7.41864
148	2	4	1	2	2	1	5	-2.76828	-3.64813	-4.15891	-4.12772
149	2	937	1	2	2	1	5	-6.83894	-7.86962	-6.77274	-7.1662
150	1	14	2	2	6	1	17	-9.51993	-6.45704	-7.76449	-6.33812
151	1	4	2	2	6	3	17	-4.68827	-2.45967	-4.34885	-5.51983
152	8	10	149	2	11	12	6	-4.88251	-3.98123	-5.52859	-7.104
153	2	1	12	3	2	1	5	-2.6207	-2.12199	-3.5248	-4.79813
154	9	30	2	2	89	59	6	-4.94332	-8.21165	-8.6993	-8.1845
155	1	2	3	4	5	9	3	-4.68957	-2.49963	-3.54343	-4.91975
156	2	4	1	2	2	1	5	-2.76828	-3.64813	-4.15891	-4.12772
157	2	4	1	2	2	1	5	-2.76828	-3.64813	-4.15891	-4.12772
158	180	194	2	68	19	231	147	-26.0234	-29.6967	-22.1385	-23.7697
159	2	4	1	2	2	1	5	-2.76828	-3.64813	-4.15891	-4.12772
160	2	4	1	2	2	1	5	-2.76828	-3.64813	-4.15891	-4.12772
161	2	4	1	2	2	1	5	-2.76828	-3.64813	-4.15891	-4.12772
162	4	7	10	4	1	7	1	-1.82571	-3.78931	-2.69633	-1.94577
163	2	4	1	2	2	1	5	-2.76828	-3.64813	-4.15891	-4.12772
164	2	1	21	3	2	1	5	-2.92922	-2.4954	-4.2497	-4.51774
165	2	4	1	2	7	1	5	-2.29441	-5.55368	-5.9406	-5.16884
166	2	4	1	2	2	1	5	-2.76828	-3.64813	-4.15891	-4.12772
167	10	1	16	19	10	5	7	-6.43923	-2.75872	-4.09145	-5.17694
168	104	7	10	4	1	7	1	-4.39853	-7.67342	-8.14144	-7.61882
169	2	4	1	2	2	1	5	-2.76828	-3.64813	-4.15891	-4.12772
170	10	27	16	19	10	5	7	-20.4481	-12.7985	-15.4478	-17.3918
171	2	4	1	2	2	1	5	-2.76828	-3.64813	-4.15891	-4.12772
172	2	1	1	3	2	1	5	-4.6144	-3.79282	-6.01856	-7.15585
173	7	21	5	62	4	61	44	-7.56993	-3.84298	-5.49155	-7.41864
174	2	1	1	3	2	1	5	-4.6144	-3.79282	-6.01856	-7.15585
175	10	1	16	19	10	5	7	-6.43923	-2.75872	-4.09145	-5.17694
176	2	4	1	2	2	1	5	-2.76828	-3.64813	-4.15891	-4.12772
177	2	4	1	2	2	1	5	-2.76828	-3.64813	-4.15891	-4.12772
178	2	1	12	3	2	1	5	-2.6207	-2.12199	-3.5248	-4.79813
179	2	4	1	2	2	1	5	-2.76828	-3.64813	-4.15891	-4.12772
180	2	4	1	2	2	1	5	-2.76828	-3.64813	-4.15891	-4.12772
181	1	4	2	2	6	3	17	-4.68827	-2.45967	-4.34885	-5.51983
182	2	1	12	3	2	1	5	-2.6207	-2.12199	-3.5248	-4.79813
183	4	7	10	4	1	7	1	-1.82571	-3.78931	-2.69633	-1.94577
184	2	4	1	2	2	1	5	-2.76828	-3.64813	-4.15891	-4.12772
185	2	4	1	2	2	1	5	-2.76828	-3.64813	-4.15891	-4.12772
186	2	1	21	3	2	1	5	-2.92922	-2.4954	-4.2497	-4.51774
187	4	7	10	4	1	7	1	-1.82571	-3.78931	-2.69633	-1.94577
188	4	7	10	4	42	51	1	-2.92237	-4.62389	-4.96308	-3.8192
189	2	1	5	3	2	3	5	-4.24237	-3.26005	-5.26342	-4.7981
190	1	2	4	62	4	5	17	-6.11154	-4.85749	-7.10272	-8.40146
191	4	7	10	4	1	7	1	-1.82571	-3.78931	-2.69633	-1.94577
192	4	7	10	4	42	51	1	-2.92237	-4.62389	-4.96308	-3.8192
193	2	1	21	3	2	1	5	-2.92922	-2.4954	-4.2497	-4.51774
194	4	7	10	4	42	51	1	-2.92237	-4.62389	-4.96308	-3.8192
195	2	4	1	2	7	1	5	-2.29441	-5.55368	-5.9406	-5.16884
196	2	4	1	2	2	1	5	-2.76828	-3.64813	-4.15891	-4.12772
197	1	2	3	4	5	9	3	-4.68957	-2.49963	-3.54343	-4.91975
198	1	2	4	62	4	5	17	-6.11154	-4.85749	-7.10272	-8.40146
199	2	250	4	281	358	25	57	-29.7859	-30.9494	-19.1595	-19.3779
200	9	2	4	62	4	5	6	-3.70763	-5.19419	-5.80842	-6.68974
201	1	2	3	4	5	9	3	-4.68957	-2.49963	-3.54343	-4.91975
202	4	7	10	4	1	7	1	-1.82571	-3.78931	-2.69633	-1.94577
203	2	4	2	4	19	3	6	-5.78689	-9.05018	-9.53693	-9.02081
204	4	7	10	4	1	7	1	-1.82571	-3.78931	-2.69633	-1.94577
205	4	7	10	4	42	51	1	-2.92237	-4.62389	-4.96308	-3.8192
206	2	1	12	3	2	1	5	-2.6207	-2.12199	-3.5248	-4.79813
207	4	7	10	4	1	7	1	-1.82571	-3.78931	-2.69633	-1.94577
208	2	1	12	3	2	1	5	-2.6207	-2.12199	-3.5248	-4.79813
209	1	2	4	62	4	5	17	-6.11154	-4.85749	-7.10272	-8.40146
210	4	7	10	4	42	51	1	-2.92237	-4.62389	-4.96308	-3.8192
211	2	4	1	2	2	1	5	-2.76828	-3.64813	-4.15891	-4.12772
212	4	7	10	4	1	7	1	-1.82571	-3.78931	-2.69633	-1.94577
213	2	1	21	3	2	1	5	-2.92922	-2.4954	-4.2497	-4.51774
214	47	2	4	2	6	5	17	-11.9835	-10.7381	-6.22948	-8.52758
215	2	1	21	3	2	1	5	-2.92922	-2.4954	-4.2497	-4.51774
216	2	1	21	3	2	1	5	-2.92922	-2.4954	-4.2497	-4.51774
217	2	4	1	2	2	1	5	-2.76828	-3.64813	-4.15891	-4.12772
218	2	4	1	2	2	1	5	-2.76828	-3.64813	-4.15891	-4.12772
219	10	81	50	99	120	76	52	-6.7475	-6.41161	-5.31989	-5.17389
220	2	4	1	2	2	1	5	-2.76828	-3.64813	-4.15891	-4.12772
221	2	4	1	2	2	1	5	-2.76828	-3.64813	-4.15891	-4.12772
222	1	4	2	2	6	3	17	-4.68827	-2.45967	-4.34885	-5.51983
223	1	2	4	62	4	5	17	-6.11154	-4.85749	-7.10272	-8.40146
224	4	7	10	4	1	7	1	-1.82571	-3.78931	-2.69633	-1.94577
225	4	7	10	4	1	7	1	-1.82571	-3.78931	-2.69633	-1.94577
226	10	1	16	19	10	5	7	-6.43923	-2.75872	-4.09145	-5.17694
227	2	4	1	2	2	1	5	-2.76828	-3.64813	-4.15891	-4.12772
228	2	4	1	2	7	1	5	-2.29441	-5.55368	-5.9406	-5.16884
229	1	4	2	348	6	3	17	-9.12019	-5.37403	-7.67463	-9.35388
230	1	2	4	62	4	5	17	-6.11154	-4.85749	-7.10272	-8.40146
231	10	27	16	19	10	5	7	-20.4481	-12.7985	-15.4478	-17.3918
232	1	4	2	2	6	3	17	-4.68827	-2.45967	-4.34885	-5.51983
233	4	7	10	4	42	51	1	-2.92237	-4.62389	-4.96308	-3.8192
234	2	4	1	2	2	1	5	-2.76828	-3.64813	-4.15891	-4.12772
235	2	1	12	3	2	1	5	-2.6207	-2.12199	-3.5248	-4.79813
236	2	1	12	88	2	1	5	-3.9478	-3.43637	-5.49626	-5.33732
237	2	4	1	2	7	1	5	-2.29441	-5.55368	-5.9406	-5.16884
238	2	1	12	3	2	1	5	-2.6207	-2.12199	-3.5248	-4.79813
239	1	4	2	2	6	3	17	-4.68827	-2.45967	-4.34885	-5.51983
240	2	1	4	28	58	25	58	-5.69617	-8.35449	-5.47254	-4.24382
241	2	1	5	3	2	3	5	-4.24237	-3.26005	-5.26342	-4.7981
242	2	1	12	3	2	1	5	-2.6207	-2.12199	-3.5248	-4.79813
243	2	4	1	2	2	1	5	-2.76828	-3.64813	-4.15891	-4.12772
244	2	1	5	10	11	1	5	-26.6683	-22.2267	-23.916	-25.18
245	2	1	12	3	2	1	5	-2.6207	-2.12199	-3.5248	-4.79813
246	2	1	12	88	2	1	5	-3.9478	-3.43637	-5.49626	-5.33732
247	2	1	12	3	2	1	5	-2.6207	-2.12199	-3.5248	-4.79813
248	2	1	12	3	2	1	5	-2.6207	-2.12199	-3.5248	-4.79813
249	1	4	2	2	6	3	17	-4.68827	-2.45967	-4.34885	-5.51983
250	9	2	4	62	4	5	6	-3.70763	-5.19419	-5.80842	-6.68974
251	2	1	12	3	2	1	5	-2.6207	-2.12199	-3.5248	-4.79813
252	8	10	149	2	11	12	6	-4.88251	-3.98123	-5.52859	-7.104
253	2	1	21	3	2	1	5	-2.92922	-2.4954	-4.2497	-4.51774
254	1	2	3	4	5	9	3	-4.68957	-2.49963	-3.54343	-4.91975
255	2	1	5	3	2	3	5	-4.24237	-3.26005	-5.26342	-4.7981
256	1	307	3	4	5	9	3	-6.84947	-6.43778	-6.13278	-8.22629
257	1	4	2	2	6	3	17	-4.68827	-2.45967	-4.34885	-5.51983
258	2	4	1	2	7	1	5	-2.29441	-5.55368	-5.9406	-5.16884
259	2	4	1	2	2	1	5	-2.76828	-3.64813	-4.15891	-4.12772
260	2	61	4	64	126	7	23	-6.06079	-8.6586	-6.11685	-4.25448
261	7	21	5	62	4	61	44	-7.56993	-3.84298	-5.49155	-7.41864
262	2	1	12	3	2	1	5	-2.6207	-2.12199	-3.5248	-4.79813
263	2	4	1	2	2	1	5	-2.76828	-3.64813	-4.15891	-4.12772
264	2	1	12	3	2	1	5	-2.6207	-2.12199	-3.5248	-4.79813
265	2	1	21	3	2	1	5	-2.92922	-2.4954	-4.2497	-4.51774
266	2	1	21	3	2	1	5	-2.92922	-2.4954	-4.2497	-4.51774
267	2	4	1	2	2	1	5	-2.76828	-3.64813	-4.15891	-4.12772
268	2	4	1	2	2	1	5	-2.76828	-3.64813	-4.15891	-4.12772
269	2	4	1	2	7	1	5	-2.29441	-5.55368	-5.9406	-5.16884
270	4	7	10	4	1	7	1	-1.82571	-3.78931	-2.69633	-1.94577
271	1	2	4	62	4	5	17	-6.11154	-4.85749	-7.10272	-8.40146
272	4	1	21	3	2	1	5	-9.53667	-10.1072	-10.21	-9.99936
273	10	1	16	19	10	5	7	-6.43923	-2.75872	-4.09145	-5.17694
274	33	283	44	82	189	44	17	-7.16752	-3.48339	-5.23901	-5.9887
275	2	1	12	3	2	1	5	-2.6207	-2.12199	-3.5248	-4.79813
276	10	81	50	99	120	76	52	-6.7475	-6.41161	-5.31989	-5.17389
277	4	7	10	4	42	25	1	-9.01582	-9.76064	-5.8735	-5.18404
278	2	4	1	2	2	1	5	-2.76828	-3.64813	-4.15891	-4.12772
279	2	4	5	2	10	1	5	-6.88168	-10.1372	-10.627	-10.1193
280	2	4	1	2	2	1	5	-2.76828	-3.64813	-4.15891	-4.12772
281	9	2	4	62	4	5	6	-3.70763	-5.19419	-5.80842	-6.68974
282	4	7	10	4	1	7	1	-1.82571	-3.78931	-2.69633	-1.94577
283	2	1	12	3	2	1	5	-2.6207	-2.12199	-3.5248	-4.79813
284	9	2	4	62	4	5	6	-3.70763	-5.19419	-5.80842	-6.68974
285	9	2	4	62	4	5	6	-3.70763	-5.19419	-5.80842	-6.68974
286	2	4	1	2	2	1	5	-2.76828	-3.64813	-4.15891	-4.12772
287	2	1	12	88	2	1	5	-3.9478	-3.43637	-5.49626	-5.33732
288	2	1	21	3	2	1	5	-2.92922	-2.4954	-4.2497	-4.51774
289	33	39	30	79	113	44	17	-25.7375	-23.7795	-24.6738	-26.8513
290	1	2	3	4	5	9	3	-4.68957	-2.49963	-3.54343	-4.91975
291	1	4	2	2	6	3	17	-4.68827	-2.45967	-4.34885	-5.51983
292	9	2	4	62	4	5	6	-3.70763	-5.19419	-5.80842	-6.68974
293	2	1	12	3	2	1	5	-2.6207	-2.12199	-3.5248	-4.79813
294	2	1	5	3	2	5	5	-5.65792	-2.84069	-4.01167	-5.49468
295	2	1	5	3	2	5	5	-5.65792	-2.84069	-4.01167	-5.49468
296	2	4	1	2	2	1	5	-2.76828	-3.64813	-4.15891	-4.12772
297	2	4	1	2	2	1	5	-2.76828	-3.64813	-4.15891	-4.12772
298	2	1	21	3	2	1	5	-2.92922	-2.4954	-4.2497	-4.51774
299	32	39	30	82	104	324	17	-8.42816	-4.68944	-6.98883	-8.66383
300	2	1	12	3	2	1	5	-2.6207	-2.12199	-3.5248	-4.79813
301	4	7	10	4	1	7	1	-1.82571	-3.78931	-2.69633	-1.94577
302	1	4	2	2	6	3	5	-8.92582	-5.27272	-7.58842	-9.27894
303	2	1	21	3	2	1	5	-2.92922	-2.4954	-4.2497	-4.51774
304	4	7	10	4	42	51	1	-2.92237	-4.62389	-4.96308	-3.8192
305	2	4	1	2	7	1	5	-2.29441	-5.55368	-5.9406	-5.16884
306	7	21	5	62	4	61	44	-7.56993	-3.84298	-5.49155	-7.41864
307	104	7	10	4	1	7	1	-4.39853	-7.67342	-8.14144	-7.61882
308	9	25	2	10	22	3	6	-4.46999	-7.57831	-6.15216	-4.37467
309	2	4	2	2	6	3	17	-10.6241	-7.64521	-9.72829	-10.7602
310	2	4	1	2	7	1	5	-2.29441	-5.55368	-5.9406	-5.16884
311	129	66	30	82	189	47	17	-3.241	-4.8671	-5.61181	-4.16574
312	33	39	30	82	104	173	68	-5.40239	-3.98921	-6.2459	-7.59199
313	2	1	12	3	2	1	5	-2.6207	-2.12199	-3.5248	-4.79813
314	2	1	1	3	2	1	5	-4.6144	-3.79282	-6.01856	-7.15585
315	7	21	5	62	4	61	44	-7.56993	-3.84298	-5.49155	-7.41864
316	2	1	21	3	2	1	5	-2.92922	-2.4954	-4.2497	-4.51774
317	4	7	10	4	1	7	1	-1.82571	-3.78931	-2.69633	-1.94577
318	10	2	107	62	120	76	1	-6.85519	-9.89003	-8.14043	-6.33005
319	4	7	10	4	1	7	1	-1.82571	-3.78931	-2.69633	-1.94577
320	2	1	12	3	2	1	5	-2.6207	-2.12199	-3.5248	-4.79813
321	2	1	5	3	2	3	5	-4.24237	-3.26005	-5.26342	-4.7981
322	4	7	10	4	1	7	1	-1.82571	-3.78931	-2.69633	-1.94577
323	2	1	12	88	2	1	5	-3.9478	-3.43637	-5.49626	-5.33732
324	4	7	10	4	42	7	1	-6.62271	-8.96787	-5.66799	-4.6668
325	4	7	10	4	42	51	1	-2.92237	-4.62389	-4.96308	-3.8192
326	2	1	21	3	2	1	5	-2.92922	-2.4954	-4.2497	-4.51774
327	2	1	12	3	2	1	5	-2.6207	-2.12199	-3.5248	-4.79813
328	4	7	10	4	1	7	1	-1.82571	-3.78931	-2.69633	-1.94577
329	2	4	1	2	7	1	5	-2.29441	-5.55368	-5.9406	-5.16884
330	4	7	10	4	1	7	1	-1.82571	-3.78931	-2.69633	-1.94577
331	2	1	12	3	2	1	5	-2.6207	-2.12199	-3.5248	-4.79813
332	4	7	10	4	1	7	1	-1.82571	-3.78931	-2.69633	-1.94577
333	4	7	10	4	1	7	1	-1.82571	-3.78931	-2.69633	-1.94577
334	1	4	2	2	6	3	17	-4.68827	-2.45967	-4.34885	-5.51983
335	2	4	1	2	2	1	5	-2.76828	-3.64813	-4.15891	-4.12772
336	4	7	10	4	1	7	1	-1.82571	-3.78931	-2.69633	-1.94577
337	7	17	2	15	23	3	12	-6.89135	-10.1581	-10.6463	-10.1316
338	2	1	5	3	2	3	5	-4.24237	-3.26005	-5.26342	-4.7981
339	4	7	10	4	1	7	1	-1.82571	-3.78931	-2.69633	-1.94577
340	4	7	10	4	1	7	1	-1.82571	-3.78931	-2.69633	-1.94577
341	4	7	10	4	42	51	1	-2.92237	-4.62389	-4.96308	-3.8192
342	2	4	1	2	2	1	5	-2.76828	-3.64813	-4.15891	-4.12772
343	2	1	12	88	2	1	5	-3.9478	-3.43637	-5.49626	-5.33732
344	2	1	1	3	2	1	5	-4.6144	-3.79282	-6.01856	-7.15585
345	1	2	3	4	5	9	3	-4.68957	-2.49963	-3.54343	-4.91975
346	2	1	12	88	2	1	5	-3.9478	-3.43637	-5.49626	-5.33732
347	2	1	1	3	2	1	5	-4.6144	-3.79282	-6.01856	-7.15585
348	24	17	2	10	23	68	5	-9.52566	-5.78607	-8.08618	-9.76184
349	4	7	10	4	1	7	1	-1.82571	-3.78931	-2.69633	-1.94577
350	2	1	21	3	2	1	5	-2.92922	-2.4954	-4.2497	-4.51774
351	1	4	2	2	6	3	17	-4.68827	-2.45967	-4.34885	-5.51983
352	2	1	5	3	2	3	5	-4.24237	-3.26005	-5.26342	-4.7981
353	4	7	10	4	1	7	1	-1.82571	-3.78931	-2.69633	-1.94577
354	2	1	1	3	2	1	5	-4.6144	-3.79282	-6.01856	-7.15585
355	2	1	12	3	2	1	5	-2.6207	-2.12199	-3.5248	-4.79813
356	8	10	149	2	11	12	6	-4.88251	-3.98123	-5.52859	-7.104
357	2	4	1	2	2	5	5	-6.79985	-6.40722	-8.51789	-9.48244
358	10	1	16	19	10	5	7	-6.43923	-2.75872	-4.09145	-5.17694
359	24	17	2	10	23	68	5	-9.52566	-5.78607	-8.08618	-9.76184
360	1	2	4	62	4	5	17	-6.11154	-4.85749	-7.10272	-8.40146
361	2	4	1	2	7	1	5	-2.29441	-5.55368	-5.9406	-5.16884
362	7	71	5	62	11	67	6	-29.052	-27.5958	-26.4553	-28.7263
363	7	17	5	2	10	3	6	-25.2763	-23.9866	-23.5559	-22.6137
364	2	1	5	3	2	3	5	-4.24237	-3.26005	-5.26342	-4.7981
365	9	2	4	62	4	5	6	-3.70763	-5.19419	-5.80842	-6.68974
366	33	38	30	82	104	325	36	-14.3688	-10.713	-11.4018	-13.5056
367	2	4	1	2	7	1	5	-2.29441	-5.55368	-5.9406	-5.16884
368	47	2	4	2	6	5	17	-11.9835	-10.7381	-6.22948	-8.52758
369	2	1	12	88	2	1	5	-3.9478	-3.43637	-5.49626	-5.33732
370	2	1	12	88	2	1	5	-3.9478	-3.43637	-5.49626	-5.33732
371	2	1	12	88	2	1	5	-3.9478	-3.43637	-5.49626	-5.33732
372	2	1	12	88	2	1	5	-3.9478	-3.43637	-5.49626	-5.33732
373	2	4	1	2	2	1	5	-2.76828	-3.64813	-4.15891	-4.12772
374	2	1	12	88	2	1	5	-3.9478	-3.43637	-5.49626	-5.33732
375	1	1	2	2	6	3	17	-9.93612	-6.17204	-8.49116	-10.1899
376	2	1	12	88	2	1	5	-3.9478	-3.43637	-5.49626	-5.33732
377	2	1	12	88	2	1	5	-3.9478	-3.43637	-5.49626	-5.33732
378	2	4	1	2	2	1	5	-2.76828	-3.64813	-4.15891	-4.12772
379	2	1	12	88	2	1	5	-3.9478	-3.43637	-5.49626	-5.33732
380	2	1	5	3	2	3	5	-4.24237	-3.26005	-5.26342	-4.7981
381	4	7	10	4	1	7	1	-1.82571	-3.78931	-2.69633	-1.94577
382	2	1	12	3	2	1	5	-2.6207	-2.12199	-3.5248	-4.79813
383	1	2	4	62	4	5	17	-6.11154	-4.85749	-7.10272	-8.40146
384	1	4	2	2	6	3	17	-4.68827	-2.45967	-4.34885	-5.51983
385	2	1	12	3	2	1	5	-2.6207	-2.12199	-3.5248	-4.79813
386	2	1	12	88	2	1	5	-3.9478	-3.43637	-5.49626	-5.33732
387	9	2	4	62	4	5	6	-3.70763	-5.19419	-5.80842	-6.68974
388	2	4	1	2	7	1	5	-2.29441	-5.55368	-5.9406	-5.16884
389	2	1	5	3	2	3	5	-4.24237	-3.26005	-5.26342	-4.7981
390	7	21	5	62	4	61	44	-7.56993	-3.84298	-5.49155	-7.41864
391	1	2	215	4	90	24	8	-30.6725	-29.0386	-21.3488	-22.1693
392	2	1	21	3	2	1	5	-2.92922	-2.4954	-4.2497	-4.51774
393	1	4	2	2	6	3	17	-4.68827	-2.45967	-4.34885	-5.51983
394	2	4	1	2	2	1	5	-2.76828	-3.64813	-4.15891	-4.12772
395	2	1	12	3	2	1	5	-2.6207	-2.12199	-3.5248	-4.79813
396	1	2	3	4	5	9	3	-4.68957	-2.49963	-3.54343	-4.91975
397	2	1	5	3	2	3	5	-4.24237	-3.26005	-5.26342	-4.7981
398	10	1	16	19	10	5	7	-6.43923	-2.75872	-4.09145	-5.17694
399	2	1	2	3	2	959	5	-7.89189	-10.7261	-10.0211	-10.015
400	10	1	16	19	10	5	7	-6.43923	-2.75872	-4.09145	-5.17694
401	2	4	1	2	7	1	5	-2.29441	-5.55368	-5.9406	-5.16884
402	2	1	12	3	2	1	5	-2.6207	-2.12199	-3.5248	-4.79813
403	8	10	149	2	11	12	6	-4.88251	-3.98123	-5.52859	-7.104
404	2	4	1	2	7	1	5	-2.29441	-5.55368	-5.9406	-5.16884
405	4	7	10	4	1	7	1	-1.82571	-3.78931	-2.69633	-1.94577
406	4	7	10	4	1	7	1	-1.82571	-3.78931	-2.69633	-1.94577
407	2	4	5	2	2	5	5	-3.66136	-6.90399	-7.03913	-5.89325
408	2	1	12	3	2	1	5	-2.6207	-2.12199	-3.5248	-4.79813
409	166	2	27	10	151	3	1	-31.4811	-33.0341	-26.133	-25.8064
410	33	39	30	79	113	44	17	-25.7375	-23.7795	-24.6738	-26.8513
411	7	17	2	15	23	3	12	-6.89135	-10.1581	-10.6463	-10.1316
412	1	2	3	4	5	9	3	-4.68957	-2.49963	-3.54343	-4.91975
413	2	4	1	2	7	1	5	-2.29441	-5.55368	-5.9406	-5.16884
414	7	21	5	62	4	61	44	-7.56993	-3.84298	-5.49155	-7.41864
415	2	1	12	3	2	1	5	-2.6207	-2.12199	-3.5248	-4.79813
416	1	2	3	4	5	9	3	-4.68957	-2.49963	-3.54343	-4.91975
417	2	1	5	88	2	11	5	-9.05927	-5.35913	-6.00805	-8.15847
418	2	4	1	2	7	1	5	-2.29441	-5.55368	-5.9406	-5.16884
419	2	1	21	3	2	1	5	-2.92922	-2.4954	-4.2497	-4.51774
420	7	17	2	15	23	3	12	-6.89135	-10.1581	-10.6463	-10.1316
421	2	1	5	88	2	11	5	-9.05927	-5.35913	-6.00805	-8.15847
422	47	2	4	2	6	5	17	-11.9835	-10.7381	-6.22948	-8.52758
423	1	2	3	4	5	9	3	-4.68957	-2.49963	-3.54343	-4.91975
424	7	17	2	15	23	3	12	-6.89135	-10.1581	-10.6463	-10.1316
425	2	4	1	2	2	1	5	-2.76828	-3.64813	-4.15891	-4.12772
426	2	4	1	2	2	1	5	-2.76828	-3.64813	-4.15891	-4.12772
427	2	4	1	2	2	1	5	-2.76828	-3.64813	-4.15891	-4.12772
428	2	1	12	3	2	1	5	-2.6207	-2.12199	-3.5248	-4.79813
429	2	4	5	2	2	5	5	-3.66136	-6.90399	-7.03913	-5.89325
430	2	1	21	3	2	1	5	-2.92922	-2.4954	-4.2497	-4.51774
431	4	7	10	4	42	25	1	-9.01582	-9.76064	-5.8735	-5.18404
432	1	4	2	2	6	3	17	-4.68827	-2.45967	-4.34885	-5.51983
433	1	2	215	4	923	24	8	-30.6725	-29.0386	-21.3488	-22.1693
434	1	2	3	4	5	9	3	-4.68957	-2.49963	-3.54343	-4.91975
435	2	1	1	3	2	1	5	-4.6144	-3.79282	-6.01856	-7.15585
436	1	4	2	2	6	3	17	-4.68827	-2.45967	-4.34885	-5.51983
437	2	4	1	2	2	1	5	-2.76828	-3.64813	-4.15891	-4.12772
438	2	1	5	3	2	5	5	-5.65792	-2.84069	-4.01167	-5.49468
439	4	7	10	4	42	51	1	-2.92237	-4.62389	-4.96308	-3.8192
440	4	7	10	4	1	7	1	-1.82571	-3.78931	-2.69633	-1.94577
441	4	7	10	4	1	7	1	-1.82571	-3.78931	-2.69633	-1.94577
442	4	7	10	4	1	7	1	-1.82571	-3.78931	-2.69633	-1.94577
443	2	1	21	3	2	1	5	-2.92922	-2.4954	-4.2497	-4.51774
444	2	1	21	3	2	1	5	-2.92922	-2.4954	-4.2497	-4.51774
445	2	4	1	2	7	1	5	-2.29441	-5.55368	-5.9406	-5.16884
446	4	7	10	4	1	7	1	-1.82571	-3.78931	-2.69633	-1.94577
447	4	7	10	4	1	7	1	-1.82571	-3.78931	-2.69633	-1.94577
448	2	1	1	3	2	1	5	-4.6144	-3.79282	-6.01856	-7.15585
449	2	1	21	3	2	1	5	-2.92922	-2.4954	-4.2497	-4.51774
450	2	1	21	3	2	1	5	-2.92922	-2.4954	-4.2497	-4.51774
451	4	7	10	4	42	51	1	-2.92237	-4.62389	-4.96308	-3.8192
452	4	7	10	1	1	7	1	-5.26577	-8.39045	-6.03772	-6.12481
453	239	27	16	19	10	5	7	-10.2217	-6.48126	-8.77995	-10.4564
454	2	1	12	3	2	1	5	-2.6207	-2.12199	-3.5248	-4.79813
455	2	4	1	2	2	1	5	-2.76828	-3.64813	-4.15891	-4.12772
456	2	1	12	3	2	1	5	-2.6207	-2.12199	-3.5248	-4.79813
457	2	1	12	3	2	1	5	-2.6207	-2.12199	-3.5248	-4.79813
458	10	81	50	99	120	76	52	-6.7475	-6.41161	-5.31989	-5.17389
459	47	2	4	2	6	5	17	-11.9835	-10.7381	-6.22948	-8.52758
460	2	4	1	3	2	1	5	-6.80342	-8.53638	-9.66693	-9.79831
461	4	7	10	4	1	7	1	-1.82571	-3.78931	-2.69633	-1.94577
462	2	1	1	380	2	1	5	-6.15275	-5.74134	-7.92934	-8.88385
463	2	4	1	2	7	1	5	-2.29441	-5.55368	-5.9406	-5.16884
464	2	1	12	88	2	1	5	-3.9478	-3.43637	-5.49626	-5.33732
465	7	71	5	62	11	67	1	-30.6972	-27.8202	-25.2377	-27.8634
466	2	4	1	2	7	1	5	-2.29441	-5.55368	-5.9406	-5.16884
467	4	7	10	4	1	7	1	-1.82571	-3.78931	-2.69633	-1.94577
468	2	1	1	380	2	1	5	-6.15275	-5.74134	-7.92934	-8.88385
469	2	4	1	2	2	1	5	-2.76828	-3.64813	-4.15891	-4.12772
470	2	1	12	3	2	1	5	-2.6207	-2.12199	-3.5248	-4.79813
471	1	14	2	2	6	1	17	-9.51993	-6.45704	-7.76449	-6.33812
472	1	2	4	62	4	5	17	-6.11154	-4.85749	-7.10272	-8.40146
473	4	7	10	4	1	7	1	-1.82571	-3.78931	-2.69633	-1.94577
474	2	1	21	3	2	1	5	-2.92922	-2.4954	-4.2497	-4.51774
475	2	4	1	2	2	1	5	-2.76828	-3.64813	-4.15891	-4.12772
476	1	4	2	2	6	3	17	-4.68827	-2.45967	-4.34885	-5.51983
477	4	7	10	4	1	7	1	-1.82571	-3.78931	-2.69633	-1.94577
478	10	2	107	62	120	76	1	-6.85519	-9.89003	-8.14043	-6.33005
479	2	1	12	3	2	1	5	-2.6207	-2.12199	-3.5248	-4.79813
480	2	1	5	3	2	3	5	-4.24237	-3.26005	-5.26342	-4.7981
481	2	1	21	3	2	1	5	-2.92922	-2.4954	-4.2497	-4.51774
482	1	2	3	4	5	9	3	-4.68957	-2.49963	-3.54343	-4.91975
483	1	307	3	4	5	9	3	-6.84947	-6.43778	-6.13278	-8.22629
484	7	2	5	2	10	3	6	-30.9442	-27.2409	-28.0461	-28.5689
485	1	2	3	4	5	9	3	-4.68957	-2.49963	-3.54343	-4.91975
486	33	39	30	82	104	173	68	-5.40239	-3.98921	-6.2459	-7.59199
487	4	7	10	4	42	7	1	-6.62271	-8.96787	-5.66799	-4.6668
488	2	1	12	88	2	1	5	-3.9478	-3.43637	-5.49626	-5.33732
489	2	4	1	2	2	1	5	-2.76828	-3.64813	-4.15891	-4.12772
490	2	1	21	3	2	1	5	-2.92922	-2.4954	-4.2497	-4.51774
491	9	2	4	62	4	5	6	-3.70763	-5.19419	-5.80842	-6.68974
492	2	1	5	3	2	3	5	-4.24237	-3.26005	-5.26342	-4.7981
493	4	7	10	4	1	7	1	-1.82571	-3.78931	-2.69633	-1.94577
494	2	1	57	26	127	29	35	-6.87974	-9.70509	-6.21378	-8.32883
495	2	1	57	26	127	29	35	-6.87974	-9.70509	-6.21378	-8.32883
496	2	4	2	4	19	3	6	-5.78689	-9.05018	-9.53693	-9.02081
497	2	1	12	3	2	1	5	-2.6207	-2.12199	-3.5248	-4.79813
498	2	4	1	2	2	1	5	-2.76828	-3.64813	-4.15891	-4.12772
499	2	4	1	2	2	1	5	-2.76828	-3.64813	-4.15891	-4.12772
500	2	1	21	3	2	1	5	-2.92922	-2.4954	-4.2497	-4.51774
501	33	39	65	79	104	43	17	-4.5878	-7.85528	-8.34289	-7.82904
502	1	14	2	2	6	1	17	-9.51993	-6.45704	-7.76449	-6.33812
503	2	1	12	3	2	1	5	-2.6207	-2.12199	-3.5248	-4.79813
504	7	21	5	62	4	61	44	-7.56993	-3.84298	-5.49155	-7.41864
505	9	2	4	62	4	5	6	-3.70763	-5.19419	-5.80842	-6.68974
506	129	66	30	82	189	47	17	-3.241	-4.8671	-5.61181	-4.16574
507	2	1	21	3	2	1	5	-2.92922	-2.4954	-4.2497	-4.51774
508	47	2	4	2	6	5	17	-11.9835	-10.7381	-6.22948	-8.52758
509	2	4	1	2	7	1	5	-2.29441	-5.55368	-5.9406	-5.16884
510	33	38	30	82	104	325	36	-14.3688	-10.713	-11.4018	-13.5056
511	1	4	2	2	6	3	17	-4.68827	-2.45967	-4.34885	-5.51983
512	1	4	2	2	6	3	17	-4.68827	-2.45967	-4.34885	-5.51983
513	2	4	1	2	2	1	5	-2.76828	-3.64813	-4.15891	-4.12772
514	4	7	10	4	1	7	1	-1.82571	-3.78931	-2.69633	-1.94577
515	33	283	44	82	189	44	17	-7.16752	-3.48339	-5.23901	-5.9887
516	8	10	149	2	11	12	6	-4.88251	-3.98123	-5.52859	-7.104
517	2	1	21	3	62	1	5	-5.78363	-9.03642	-9.53304	-9.02285
518	10	1	16	19	10	5	7	-6.43923	-2.75872	-4.09145	-5.17694
519	180	194	2	68	19	231	147	-26.0234	-29.6967	-22.1385	-23.7697
520	2	4	1	2	7	1	5	-2.29441	-5.55368	-5.9406	-5.16884
521	2	4	2	2	6	1	5	-6.09981	-4.84157	-5.87496	-7.76431
522	1	2	3	4	5	9	3	-4.68957	-2.49963	-3.54343	-4.91975
523	2	1	21	3	2	1	5	-2.92922	-2.4954	-4.2497	-4.51774
524	2	1	12	3	2	1	5	-2.6207	-2.12199	-3.5248	-4.79813
525	2	1	5	3	2	3	5	-4.24237	-3.26005	-5.26342	-4.7981
526	1	307	3	4	5	9	3	-6.84947	-6.43778	-6.13278	-8.22629
527	2	4	1	2	7	1	5	-2.29441	-5.55368	-5.9406	-5.16884
528	2	1	12	3	2	1	5	-2.6207	-2.12199	-3.5248	-4.79813
529	7	21	5	62	4	61	44	-7.56993	-3.84298	-5.49155	-7.41864
530	2	1	5	3	2	3	5	-4.24237	-3.26005	-5.26342	-4.7981
531	2	1	12	88	2	1	5	-3.9478	-3.43637	-5.49626	-5.33732
532	2	1	21	3	2	1	5	-2.92922	-2.4954	-4.2497	-4.51774
533	1	4	2	2	6	3	17	-4.68827	-2.45967	-4.34885	-5.51983
534	2	4	1	2	7	1	5	-2.29441	-5.55368	-5.9406	-5.16884
535	47	2	4	2	6	5	17	-11.9835	-10.7381	-6.22948	-8.52758
536	1	4	2	2	6	3	17	-4.68827	-2.45967	-4.34885	-5.51983
537	1	2	3	4	5	9	3	-4.68957	-2.49963	-3.54343	-4.91975
538	2	4	1	2	2	1	5	-2.76828	-3.64813	-4.15891	-4.12772
539	4	7	10	4	42	7	1	-6.62271	-8.96787	-5.66799	-4.6668
540	2	4	1	9	2	1	5	-6.90185	-7.87657	-6.77883	-7.17549
541	2	1	12	3	2	1	5	-2.6207	-2.12199	-3.5248	-4.79813
542	1	4	2	9	6	3	17	-8.82649	-6.63862	-6.93521	-8.54875
543	1	2	3	4	922	9	3	-8.83791	-6.73025	-6.16465	-7.96944
544	4	7	10	4	1	7	1	-1.82571	-3.78931	-2.69633	-1.94577
545	2	1	5	3	2	3	5	-4.24237	-3.26005	-5.26342	-4.7981
546	2	4	1	2	7	1	5	-2.29441	-5.55368	-5.9406	-5.16884
547	4	7	10	4	1	7	1	-1.82571	-3.78931	-2.69633	-1.94577
548	2	4	1	2	2	1	5	-2.76828	-3.64813	-4.15891	-4.12772
549	2	1	21	3	2	1	5	-2.92922	-2.4954	-4.2497	-4.51774
550	4	7	10	4	1	7	1	-1.82571	-3.78931	-2.69633	-1.94577
551	1	4	2	2	6	3	17	-4.68827	-2.45967	-4.34885	-5.51983
552	2	1	5	3	2	5	5	-5.65792	-2.84069	-4.01167	-5.49468
553	2	1	12	3	2	1	5	-2.6207	-2.12199	-3.5248	-4.79813
554	4	936	10	4	1	7	1	-5.96906	-8.01659	-5.28966	-4.99771
555	180	194	2	68	19	231	147	-26.0234	-29.6967	-22.1385	-23.7697
556	4	7	10	4	42	51	1	-2.92237	-4.62389	-4.96308	-3.8192
557	4	7	10	4	42	25	1	-9.01582	-9.76064	-5.8735	-5.18404
558	2	1	21	3	2	1	5	-2.92922	-2.4954	-4.2497	-4.51774
559	2	1	5	3	2	3	5	-4.24237	-3.26005	-5.26342	-4.7981
560	2	1	5	3	2	3	5	-4.24237	-3.26005	-5.26342	-4.7981
561	4	7	10	4	42	51	1	-2.92237	-4.62389	-4.96308	-3.8192
562	4	7	10	4	1	7	1	-1.82571	-3.78931	-2.69633	-1.94577
563	2	4	1	2	7	1	5	-2.29441	-5.55368	-5.9406	-5.16884
564	2	1	21	3	2	1	5	-2.92922	-2.4954	-4.2497	-4.51774
565	1	4	2	2	6	3	17	-4.68827	-2.45967	-4.34885	-5.51983
566	188	313	5	2	89	5	6	-39.6822	-35.8623	-35.811	-39.8956
567	2	1	21	3	2	1	5	-2.92922	-2.4954	-4.2497	-4.51774
568	2	1	1	3	2	1	5	-4.6144	-3.79282	-6.01856	-7.15585
569	2	1	5	3	2	3	5	-4.24237	-3.26005	-5.26342	-4.7981
570	2	4	1	2	2	1	5	-2.76828	-3.64813	-4.15891	-4.12772
571	2	1	5	3	2	3	5	-4.24237	-3.26005	-5.26342	-4.7981
572	2	1	1	3	2	1	5	-4.6144	-3.79282	-6.01856	-7.15585
573	2	1	5	3	2	3	5	-4.24237	-3.26005	-5.26342	-4.7981
574	1	4	2	2	6	3	17	-4.68827	-2.45967	-4.34885	-5.51983
575	1	4	2	2	6	3	17	-4.68827	-2.45967	-4.34885	-5.51983
576	2	1	21	3	2	1	5	-2.92922	-2.4954	-4.2497	-4.51774
577	239	27	16	19	10	5	7	-10.2217	-6.48126	-8.77995	-10.4564
578	2	4	5	2	2	5	5	-3.66136	-6.90399	-7.03913	-5.89325
579	9	2	4	62	4	5	6	-3.70763	-5.19419	-5.80842	-6.68974
580	2	1	1	3	2	1	5	-4.6144	-3.79282	-6.01856	-7.15585
581	2	1	5	3	2	3	5	-4.24237	-3.26005	-5.26342	-4.7981
582	1	4	2	2	6	3	17	-4.68827	-2.45967	-4.34885	-5.51983
583	2	4	5	2	2	5	5	-3.66136	-6.90399	-7.03913	-5.89325
584	2	4	5	2	2	5	5	-3.66136	-6.90399	-7.03913	-5.89325
585	2	1	5	3	2	3	5	-4.24237	-3.26005	-5.26342	-4.7981
586	2	1	1	380	2	1	5	-6.15275	-5.74134	-7.92934	-8.88385
587	2	7	10	4	1	7	1	-6.51347	-8.70277	-8.00501	-7.13946
588	2	1	12	3	2	1	5	-2.6207	-2.12199	-3.5248	-4.79813
589	2	4	1	2	2	1	5	-2.76828	-3.64813	-4.15891	-4.12772
590	9	2	4	62	4	5	6	-3.70763	-5.19419	-5.80842	-6.68974
591	2	4	5	2	2	5	5	-3.66136	-6.90399	-7.03913	-5.89325
592	1	4	2	2	6	3	17	-4.68827	-2.45967	-4.34885	-5.51983
593	1	4	2	2	6	5	17	-12.6282	-8.71072	-11.0307	-13.5149
594	2	4	2	2	6	1	5	-6.09981	-4.84157	-5.87496	-7.76431
595	1	4	2	2	6	5	17	-12.6282	-8.71072	-11.0307	-13.5149
596	2	23	21	3	2	1	5	-7.07876	-6.73067	-6.8732	-7.56916
597	7	21	5	62	4	61	44	-7.56993	-3.84298	-5.49155	-7.41864
598	2	4	1	2	2	1	5	-2.76828	-3.64813	-4.15891	-4.12772
599	1	307	3	4	5	9	3	-6.84947	-6.43778	-6.13278	-8.22629
600	1	2	3	4	5	9	3	-4.68957	-2.49963	-3.54343	-4.91975
601	9	2	4	62	4	5	6	-3.70763	-5.19419	-5.80842	-6.68974
602	2	1	12	3	2	1	5	-2.6207	-2.12199	-3.5248	-4.79813
603	1	4	2	2	6	3	17	-4.68827	-2.45967	-4.34885	-5.51983
604	10	1	16	19	10	5	7	-6.43923	-2.75872	-4.09145	-5.17694
605	2	1	12	3	2	1	5	-2.6207	-2.12199	-3.5248	-4.79813
606	180	194	2	68	19	231	147	-26.0234	-29.6967	-22.1385	-23.7697
607	2	1	12	3	2	1	5	-2.6207	-2.12199	-3.5248	-4.79813
608	4	7	10	4	1	7	1	-1.82571	-3.78931	-2.69633	-1.94577
609	129	66	30	82	189	47	17	-3.241	-4.8671	-5.61181	-4.16574
610	4	7	10	4	1	7	1	-1.82571	-3.78931	-2.69633	-1.94577
611	2	1	12	3	2	1	5	-2.6207	-2.12199	-3.5248	-4.79813
612	2	1	21	3	2	1	5	-2.92922	-2.4954	-4.2497	-4.51774
613	4	7	10	4	1	7	1	-1.82571	-3.78931	-2.69633	-1.94577
614	10	1	16	19	10	5	7	-6.43923	-2.75872	-4.09145	-5.17694
615	8	10	149	2	11	12	6	-4.88251	-3.98123	-5.52859	-7.104
616	129	66	30	82	189	47	17	-3.241	-4.8671	-5.61181	-4.16574
617	2	4	1	2	2	1	5	-2.76828	-3.64813	-4.15891	-4.12772
618	180	194	2	68	19	231	147	-26.0234	-29.6967	-22.1385	-23.7697
619	2	1	5	3	2	3	5	-4.24237	-3.26005	-5.26342	-4.7981
620	2	4	1	2	2	1	5	-2.76828	-3.64813	-4.15891	-4.12772
621	1	2	3	4	5	9	3	-4.68957	-2.49963	-3.54343	-4.91975
622	180	194	2	68	19	231	147	-26.0234	-29.6967	-22.1385	-23.7697
623	33	39	65	79	104	43	17	-4.5878	-7.85528	-8.34289	-7.82904
624	2	4	5	2	2	5	5	-3.66136	-6.90399	-7.03913	-5.89325
625	2	1	5	3	2	5	5	-5.65792	-2.84069	-4.01167	-5.49468
626	2	1	12	3	2	1	5	-2.6207	-2.12199	-3.5248	-4.79813
627	180	194	2	68	19	231	147	-26.0234	-29.6967	-22.1385	-23.7697
628	2	1	21	3	2	1	5	-2.92922	-2.4954	-4.2497	-4.51774
629	2	1	5	3	2	5	5	-5.65792	-2.84069	-4.01167	-5.49468
630	2	1	21	3	2	1	5	-2.92922	-2.4954	-4.2497	-4.51774
631	1	2	3	4	5	9	3	-4.68957	-2.49963	-3.54343	-4.91975
632	2	1	21	3	2	1	5	-2.92922	-2.4954	-4.2497	-4.51774
633	8	10	2	2	11	12	6	-3.94406	-7.16583	-7.69351	-7.18515
634	2	4	1	2	7	1	5	-2.29441	-5.55368	-5.9406	-5.16884
635	2	1	5	3	2	3	5	-4.24237	-3.26005	-5.26342	-4.7981
636	1	2	3	4	5	9	3	-4.68957	-2.49963	-3.54343	-4.91975
637	9	2	4	62	4	5	6	-3.70763	-5.19419	-5.80842	-6.68974
638	2	1	21	3	2	1	5	-2.92922	-2.4954	-4.2497	-4.51774
639	8	10	149	2	11	12	6	-4.88251	-3.98123	-5.52859	-7.104
640	2	1	12	88	2	1	5	-3.9478	-3.43637	-5.49626	-5.33732
641	2	4	1	2	2	1	5	-2.76828	-3.64813	-4.15891	-4.12772
642	2	1	5	10	10	1	5	-23.0414	-23.1191	-22.7113	-23.3844
643	1	2	3	4	5	9	3	-4.68957	-2.49963	-3.54343	-4.91975
644	2	4	1	2	7	1	5	-2.29441	-5.55368	-5.9406	-5.16884
645	2	4	1	2	2	1	5	-2.76828	-3.64813	-4.15891	-4.12772
646	1	2	3	4	5	9	3	-4.68957	-2.49963	-3.54343	-4.91975
647	2	1	12	88	2	1	5	-3.9478	-3.43637	-5.49626	-5.33732
648	4	7	10	4	1	7	1	-1.82571	-3.78931	-2.69633	-1.94577
649	2	1	21	3	2	1	5	-2.92922	-2.4954	-4.2497	-4.51774
650	2	4	1	2	7	1	5	-2.29441	-5.55368	-5.9406	-5.16884
651	33	38	30	82	118	43	17	-19.9262	-18.6423	-20.6325	-22.0298
652	2	4	1	2	2	1	5	-2.76828	-3.64813	-4.15891	-4.12772
653	2	1	5	3	2	3	5	-4.24237	-3.26005	-5.26342	-4.7981
654	4	7	10	4	1	7	1	-1.82571	-3.78931	-2.69633	-1.94577
655	8	10	2	2	11	12	6	-3.94406	-7.16583	-7.69351	-7.18515
656	2	4	5	2	2	5	5	-3.66136	-6.90399	-7.03913	-5.89325
657	4	7	10	4	1	7	1	-1.82571	-3.78931	-2.69633	-1.94577
658	2	1	5	3	2	3	5	-4.24237	-3.26005	-5.26342	-4.7981
659	33	39	30	82	113	47	17	-5.76763	-5.75009	-7.87723	-8.63815
660	2	1	21	3	2	1	5	-2.92922	-2.4954	-4.2497	-4.51774
661	2	4	1	2	7	1	5	-2.29441	-5.55368	-5.9406	-5.16884
662	2	1	1	3	2	1	5	-4.6144	-3.79282	-6.01856	-7.15585
663	4	7	10	4	1	7	1	-1.82571	-3.78931	-2.69633	-1.94577
664	7	21	5	62	4	61	44	-7.56993	-3.84298	-5.49155	-7.41864
665	10	81	50	99	120	76	52	-6.7475	-6.41161	-5.31989	-5.17389
666	4	7	10	4	1	7	1	-1.82571	-3.78931	-2.69633	-1.94577
667	1	2	3	4	5	9	3	-4.68957	-2.49963	-3.54343	-4.91975
668	1	2	3	4	5	9	3	-4.68957	-2.49963	-3.54343	-4.91975
669	2	4	1	2	7	1	5	-2.29441	-5.55368	-5.9406	-5.16884
670	4	7	10	4	1	7	1	-1.82571	-3.78931	-2.69633	-1.94577
671	2	1	5	3	2	3	5	-4.24237	-3.26005	-5.26342	-4.7981
672	1	4	2	2	6	3	17	-4.68827	-2.45967	-4.34885	-5.51983
673	4	935	10	4	1	7	1	-5.96906	-8.01659	-5.28966	-4.99771
674	10	1	16	19	10	5	7	-6.43923	-2.75872	-4.09145	-5.17694
675	4	7	10	4	1	7	1	-1.82571	-3.78931	-2.69633	-1.94577
676	33	39	65	79	104	43	17	-4.5878	-7.85528	-8.34289	-7.82904
677	2	4	2	2	6	1	5	-6.09981	-4.84157	-5.87496	-7.76431
678	4	7	10	4	42	25	1	-9.01582	-9.76064	-5.8735	-5.18404
679	1	4	2	2	6	3	17	-4.68827	-2.45967	-4.34885	-5.51983
680	4	7	10	4	42	25	1	-9.01582	-9.76064	-5.8735	-5.18404
681	4	7	10	4	42	25	1	-9.01582	-9.76064	-5.8735	-5.18404
682	4	7	10	4	1	7	1	-1.82571	-3.78931	-2.69633	-1.94577
683	2	4	1	2	7	1	5	-2.29441	-5.55368	-5.9406	-5.16884
684	4	7	10	4	1	7	1	-1.82571	-3.78931	-2.69633	-1.94577
685	4	7	10	4	42	7	1	-6.62271	-8.96787	-5.66799	-4.6668
686	10	27	16	19	10	5	7	-20.4481	-12.7985	-15.4478	-17.3918
687	10	81	50	99	120	76	52	-6.7475	-6.41161	-5.31989	-5.17389
688	4	7	10	4	1	7	1	-1.82571	-3.78931	-2.69633	-1.94577
689	4	7	10	4	42	51	1	-2.92237	-4.62389	-4.96308	-3.8192
690	4	7	10	4	1	7	1	-1.82571	-3.78931	-2.69633	-1.94577
691	10	81	50	99	120	76	52	-6.7475	-6.41161	-5.31989	-5.17389
692	2	4	1	2	2	1	5	-2.76828	-3.64813	-4.15891	-4.12772
693	4	7	10	4	42	51	1	-2.92237	-4.62389	-4.96308	-3.8192
694	4	7	10	4	42	51	1	-2.92237	-4.62389	-4.96308	-3.8192
695	4	7	10	4	42	51	1	-2.92237	-4.62389	-4.96308	-3.8192
696	8	10	2	2	11	12	6	-3.94406	-7.16583	-7.69351	-7.18515
697	33	38	30	82	104	43	17	-5.28077	-8.54722	-9.03418	-8.5172
698	4	7	10	4	1	7	1	-1.82571	-3.78931	-2.69633	-1.94577
699	10	81	50	99	120	76	52	-6.7475	-6.41161	-5.31989	-5.17389
700	2	4	1	2	7	1	5	-2.29441	-5.55368	-5.9406	-5.16884
701	4	7	10	4	1	7	1	-1.82571	-3.78931	-2.69633	-1.94577
702	4	7	10	4	1	7	1	-1.82571	-3.78931	-2.69633	-1.94577
703	10	81	50	99	120	76	52	-6.7475	-6.41161	-5.31989	-5.17389
704	4	7	10	4	42	51	1	-2.92237	-4.62389	-4.96308	-3.8192
705	9	2	4	62	4	5	6	-3.70763	-5.19419	-5.80842	-6.68974
706	4	7	10	4	1	7	1	-1.82571	-3.78931	-2.69633	-1.94577
707	2	1	1	3	2	1	5	-4.6144	-3.79282	-6.01856	-7.15585
708	1	14	2	2	6	1	17	-9.51993	-6.45704	-7.76449	-6.33812
709	2	4	2	2	6	1	5	-6.09981	-4.84157	-5.87496	-7.76431
710	2	4	2	2	6	1	5	-6.09981	-4.84157	-5.87496	-7.76431
711	4	7	10	4	42	51	1	-2.92237	-4.62389	-4.96308	-3.8192
712	10	2	107	62	120	76	1	-6.85519	-9.89003	-8.14043	-6.33005
713	2	1	12	3	2	1	5	-2.6207	-2.12199	-3.5248	-4.79813
714	2	4	1	2	2	1	5	-2.76828	-3.64813	-4.15891	-4.12772
715	47	2	4	2	6	5	17	-11.9835	-10.7381	-6.22948	-8.52758
716	4	7	10	4	42	5	1	-10.8368	-10.8546	-11.0108	-11.3014
717	2	1	12	3	2	1	5	-2.6207	-2.12199	-3.5248	-4.79813
718	4	7	10	4	42	51	1	-2.92237	-4.62389	-4.96308	-3.8192
719	1	307	3	4	5	9	3	-6.84947	-6.43778	-6.13278	-8.22629
720	2	1	21	3	2	1	5	-2.92922	-2.4954	-4.2497	-4.51774
721	4	7	10	4	1	7	1	-1.82571	-3.78931	-2.69633	-1.94577
722	2	4	1	2	2	1	5	-2.76828	-3.64813	-4.15891	-4.12772
723	2	1	12	3	2	1	5	-2.6207	-2.12199	-3.5248	-4.79813
724	4	7	10	4	1	7	1	-1.82571	-3.78931	-2.69633	-1.94577
725	2	1	21	3	2	1	5	-2.92922	-2.4954	-4.2497	-4.51774
726	2	1	1	3	2	1	5	-4.6144	-3.79282	-6.01856	-7.15585
727	4	7	10	4	1	7	1	-1.82571	-3.78931	-2.69633	-1.94577
728	2	1	12	3	2	1	5	-2.6207	-2.12199	-3.5248	-4.79813
729	1	4	3	2	6	3	17	-14.3733	-9.19947	-11.3173	-13.9409
730	2	1	12	3	2	1	5	-2.6207	-2.12199	-3.5248	-4.79813
731	2	1	12	88	2	1	5	-3.9478	-3.43637	-5.49626	-5.33732
732	1	4	2	2	6	3	17	-4.68827	-2.45967	-4.34885	-5.51983
733	4	7	10	4	42	51	1	-2.92237	-4.62389	-4.96308	-3.8192
734	2	1	12	3	2	1	5	-2.6207	-2.12199	-3.5248	-4.79813
735	4	7	10	4	1	7	1	-1.82571	-3.78931	-2.69633	-1.94577
736	2	1	12	88	2	1	5	-3.9478	-3.43637	-5.49626	-5.33732
737	2	1	21	3	2	1	5	-2.92922	-2.4954	-4.2497	-4.51774
738	2	4	5	2	2	5	5	-3.66136	-6.90399	-7.03913	-5.89325
739	2	4	5	2	2	5	5	-3.66136	-6.90399	-7.03913	-5.89325
740	2	1	21	3	62	1	5	-5.78363	-9.03642	-9.53304	-9.02285
741	4	7	10	4	42	25	1	-9.01582	-9.76064	-5.8735	-5.18404
742	1	2	4	62	4	5	17	-6.11154	-4.85749	-7.10272	-8.40146
743	1	2	3	4	5	9	3	-4.68957	-2.49963	-3.54343	-4.91975
744	8	10	2	2	11	12	6	-3.94406	-7.16583	-7.69351	-7.18515
745	2	1	12	88	2	1	5	-3.9478	-3.43637	-5.49626	-5.33732
746	2	4	5	2	2	5	5	-3.66136	-6.90399	-7.03913	-5.89325
747	2	1	12	3	2	1	5	-2.6207	-2.12199	-3.5248	-4.79813
748	7	21	5	62	4	61	44	-7.56993	-3.84298	-5.49155	-7.41864
749	9	2	4	62	4	5	6	-3.70763	-5.19419	-5.80842	-6.68974
750	10	1	16	19	10	5	7	-6.43923	-2.75872	-4.09145	-5.17694
751	10	1	16	19	10	5	7	-6.43923	-2.75872	-4.09145	-5.17694
752	8	10	2	2	11	12	6	-3.94406	-7.16583	-7.69351	-7.18515
753	1	4	2	2	6	3	17	-4.68827	-2.45967	-4.34885	-5.51983
754	2	1	12	3	2	1	5	-2.6207	-2.12199	-3.5248	-4.79813
755	2	1	12	88	2	1	5	-3.9478	-3.43637	-5.49626	-5.33732
756	2	29	4	27	10	25	57	-20.1255	-22.1148	-14.6866	-11.9903
757	2	1	5	3	2	3	5	-4.24237	-3.26005	-5.26342	-4.7981
758	2	1	12	3	2	1	5	-2.6207	-2.12199	-3.5248	-4.79813
759	37	52	57	26	107	29	23	-8.78928	-9.57874	-5.79608	-4.92758
760	2	4	1	2	7	1	5	-2.29441	-5.55368	-5.9406	-5.16884
761	1	2	3	4	5	9	3	-4.68957	-2.49963	-3.54343	-4.91975
762	2	1	12	3	2	1	5	-2.6207	-2.12199	-3.5248	-4.79813
763	1	4	2	2	6	3	17	-4.68827	-2.45967	-4.34885	-5.51983
764	1	4	2	2	6	3	17	-4.68827	-2.45967	-4.34885	-5.51983
765	1	2	3	4	5	9	3	-4.68957	-2.49963	-3.54343	-4.91975
766	4	7	10	4	1	7	1	-1.82571	-3.78931	-2.69633	-1.94577
767	2	1	21	3	2	1	5	-2.92922	-2.4954	-4.2497	-4.51774
768	2	1	12	3	2	1	5	-2.6207	-2.12199	-3.5248	-4.79813
769	2	4	1	2	2	5	5	-6.79985	-6.40722	-8.51789	-9.48244
770	2	4	1	2	2	1	5	-2.76828	-3.64813	-4.15891	-4.12772
771	2	4	5	2	2	5	5	-3.66136	-6.90399	-7.03913	-5.89325
772	10	1	16	19	10	5	7	-6.43923	-2.75872	-4.09145	-5.17694
773	7	21	5	62	4	61	44	-7.56993	-3.84298	-5.49155	-7.41864
774	9	2	4	62	4	5	6	-3.70763	-5.19419	-5.80842	-6.68974
775	2	1	12	3	2	1	5	-2.6207	-2.12199	-3.5248	-4.79813
776	1	4	2	2	6	3	17	-4.68827	-2.45967	-4.34885	-5.51983
777	4	7	10	4	1	7	1	-1.82571	-3.78931	-2.69633	-1.94577
778	2	1	12	3	2	1	5	-2.6207	-2.12199	-3.5248	-4.79813
779	2	1	5	3	2	5	5	-5.65792	-2.84069	-4.01167	-5.49468
780	2	23	21	3	2	1	5	-7.07876	-6.73067	-6.8732	-7.56916
781	2	4	5	2	2	5	5	-3.66136	-6.90399	-7.03913	-5.89325
782	2	4	2	2	6	1	5	-6.09981	-4.84157	-5.87496	-7.76431
783	2	1	12	3	2	1	5	-2.6207	-2.12199	-3.5248	-4.79813
784	4	7	10	4	42	51	1	-2.92237	-4.62389	-4.96308	-3.8192
785	7	17	5	2	86	232	1	-28.6842	-32.4893	-27.195	-26.3977
786	2	4	1	2	2	1	5	-2.76828	-3.64813	-4.15891	-4.12772
787	2	1	12	3	2	1	5	-2.6207	-2.12199	-3.5248	-4.79813
788	2	1	21	3	2	1	5	-2.92922	-2.4954	-4.2497	-4.51774
789	7	17	2	15	23	3	12	-6.89135	-10.1581	-10.6463	-10.1316
790	2	1	5	3	2	5	5	-5.65792	-2.84069	-4.01167	-5.49468
791	1	6	60	24	12	28	1	-30.4205	-31.6696	-19.1977	-21.1474
792	1	2	3	4	5	9	3	-4.68957	-2.49963	-3.54343	-4.91975
793	2	4	5	2	2	5	5	-3.66136	-6.90399	-7.03913	-5.89325
794	1	2	3	4	5	9	3	-4.68957	-2.49963	-3.54343	-4.91975
795	1	6	60	24	12	28	1	-30.4205	-31.6696	-19.1977	-21.1474
796	9	2	4	62	4	5	6	-3.70763	-5.19419	-5.80842	-6.68974
797	2	4	1	2	2	1	5	-2.76828	-3.64813	-4.15891	-4.12772
798	4	7	10	4	1	7	1	-1.82571	-3.78931	-2.69633	-1.94577
799	2	4	5	2	2	5	5	-3.66136	-6.90399	-7.03913	-5.89325
800	7	2	2	2	11	12	6	-4.49071	-7.75753	-8.24525	-7.73155
801	2	1	21	3	2	1	941	-7.07932	-6.71158	-6.86224	-7.56615
802	9	2	2	10	10	3	5	-29.4101	-25.0246	-25.5396	-25.2325
803	8	10	149	2	11	12	6	-4.88251	-3.98123	-5.52859	-7.104
804	7	1	5	2	10	3	6	-31.9282	-29.0004	-29.277	-28.8237
805	2	1	21	3	2	1	5	-2.92922	-2.4954	-4.2497	-4.51774
806	33	39	30	82	113	43	17	-9.92589	-6.46387	-6.15818	-8.39408
807	1	6	60	24	12	28	1	-30.4205	-31.6696	-19.1977	-21.1474
808	1	6	60	24	12	28	1	-30.4205	-31.6696	-19.1977	-21.1474
809	7	17	2	15	23	3	12	-6.89135	-10.1581	-10.6463	-10.1316
810	1	4	2	2	6	3	17	-4.68827	-2.45967	-4.34885	-5.51983
811	1	4	2	2	6	3	17	-4.68827	-2.45967	-4.34885	-5.51983
812	7	21	5	62	4	61	44	-7.56993	-3.84298	-5.49155	-7.41864
813	239	27	16	19	10	5	7	-10.2217	-6.48126	-8.77995	-10.4564
814	9	2	4	62	4	5	6	-3.70763	-5.19419	-5.80842	-6.68974
815	10	1	16	19	10	5	7	-6.43923	-2.75872	-4.09145	-5.17694
816	2	1	5	3	2	5	5	-5.65792	-2.84069	-4.01167	-5.49468
817	2	4	5	2	2	5	5	-3.66136	-6.90399	-7.03913	-5.89325
818	8	10	2	2	11	12	6	-3.94406	-7.16583	-7.69351	-7.18515
819	7	17	2	15	23	3	12	-6.89135	-10.1581	-10.6463	-10.1316
820	2	4	1	4	1	1	5	-15.1109	-17.8461	-15.549	-14.8818
821	4	7	10	4	1	7	1	-1.82571	-3.78931	-2.69633	-1.94577
822	8	10	149	2	11	12	6	-4.88251	-3.98123	-5.52859	-7.104
823	2	1	12	88	2	1	5	-3.9478	-3.43637	-5.49626	-5.33732
824	2	4	2	2	6	1	5	-6.09981	-4.84157	-5.87496	-7.76431
825	10	81	50	99	120	76	52	-6.7475	-6.41161	-5.31989	-5.17389
826	2	4	5	2	2	5	5	-3.66136	-6.90399	-7.03913	-5.89325
827	2	4	1	2	2	5	5	-6.79985	-6.40722	-8.51789	-9.48244
828	8	10	149	2	11	12	6	-4.88251	-3.98123	-5.52859	-7.104
829	1	4	2	2	6	3	17	-4.68827	-2.45967	-4.34885	-5.51983
830	2	165	73	147	220	190	104	-9.11633	-10.233	-7.12856	-5.25489
831	4	7	10	4	42	25	1	-9.01582	-9.76064	-5.8735	-5.18404
832	7	2	2	2	11	12	6	-4.49071	-7.75753	-8.24525	-7.73155
833	1	6	60	24	12	28	1	-30.4205	-31.6696	-19.1977	-21.1474
834	2	1	12	3	2	1	5	-2.6207	-2.12199	-3.5248	-4.79813
835	33	39	65	79	104	77	17	-5.28069	-8.54771	-9.03609	-8.52205
836	4	7	10	4	1	7	1	-1.82571	-3.78931	-2.69633	-1.94577
837	1	2	3	4	5	9	3	-4.68957	-2.49963	-3.54343	-4.91975
838	2	1	21	3	2	1	5	-2.92922	-2.4954	-4.2497	-4.51774
839	2	1	12	3	2	1	5	-2.6207	-2.12199	-3.5248	-4.79813
840	4	7	10	4	1	7	1	-1.82571	-3.78931	-2.69633	-1.94577
841	2	4	1	2	7	1	5	-2.29441	-5.55368	-5.9406	-5.16884
842	184	39	30	82	113	43	17	-3.94377	-6.08871	-7.40819	-7.14926
843	4	7	10	4	1	7	1	-1.82571	-3.78931	-2.69633	-1.94577
844	2	4	1	2	2	1	5	-2.76828	-3.64813	-4.15891	-4.12772
845	4	7	10	4	1	7	1	-1.82571	-3.78931	-2.69633	-1.94577
846	2	1	12	88	2	1	5	-3.9478	-3.43637	-5.49626	-5.33732
847	2	1	21	3	2	1	5	-2.92922	-2.4954	-4.2497	-4.51774
848	1	2	3	4	5	9	3	-4.68957	-2.49963	-3.54343	-4.91975
849	4	7	10	4	1	7	1	-1.82571	-3.78931	-2.69633	-1.94577
850	2	1	21	3	2	1	5	-2.92922	-2.4954	-4.2497	-4.51774
851	8	10	2	2	11	12	6	-3.94406	-7.16583	-7.69351	-7.18515
852	2	4	1	2	2	1	5	-2.76828	-3.64813	-4.15891	-4.12772
853	2	4	1	2	2	1	5	-2.76828	-3.64813	-4.15891	-4.12772
854	2	4	2	2	6	1	5	-6.09981	-4.84157	-5.87496	-7.76431
855	2	4	1	2	2	1	5	-2.76828	-3.64813	-4.15891	-4.12772
856	2	4	1	2	2	1	5	-2.76828	-3.64813	-4.15891	-4.12772
857	2	4	1	2	2	1	5	-2.76828	-3.64813	-4.15891	-4.12772
858	1	2	3	4	5	9	3	-4.68957	-2.49963	-3.54343	-4.91975
859	2	4	1	2	2	1	5	-2.76828	-3.64813	-4.15891	-4.12772
860	2	4	1	2	2	1	5	-2.76828	-3.64813	-4.15891	-4.12772
861	8	10	2	2	11	12	6	-3.94406	-7.16583	-7.69351	-7.18515
862	2	1	5	3	2	3	5	-4.24237	-3.26005	-5.26342	-4.7981
863	33	39	30	82	104	173	68	-5.40239	-3.98921	-6.2459	-7.59199
864	2	4	1	2	7	1	5	-2.29441	-5.55368	-5.9406	-5.16884
865	8	10	2	2	11	12	6	-3.94406	-7.16583	-7.69351	-7.18515
866	2	4	1	2	7	1	5	-2.29441	-5.55368	-5.9406	-5.16884
867	1	2	3	4	5	9	3	-4.68957	-2.49963	-3.54343	-4.91975
868	1	2	215	4	90	24	8	-30.6725	-29.0386	-21.3488	-22.1693
869	2	1	1	3	2	1	5	-4.6144	-3.79282	-6.01856	-7.15585
870	10	81	50	99	120	76	52	-6.7475	-6.41161	-5.31989	-5.17389
871	2	4	1	2	7	1	5	-2.29441	-5.55368	-5.9406	-5.16884
872	2	1	12	3	2	1	5	-2.6207	-2.12199	-3.5248	-4.79813
873	2	4	1	2	2	1	5	-2.76828	-3.64813	-4.15891	-4.12772
874	2	4	1	2	2	1	5	-2.76828	-3.64813	-4.15891	-4.12772
875	2	4	1	2	2	1	5	-2.76828	-3.64813	-4.15891	-4.12772
876	2	1	5	3	2	3	5	-4.24237	-3.26005	-5.26342	-4.7981
877	2	4	1	2	2	1	5	-2.76828	-3.64813	-4.15891	-4.12772
878	4	7	10	4	1	7	1	-1.82571	-3.78931	-2.69633	-1.94577
879	2	4	1	2	7	1	5	-2.29441	-5.55368	-5.9406	-5.16884
880	2	4	5	2	2	5	5	-3.66136	-6.90399	-7.03913	-5.89325
881	2	4	1	2	2	1	5	-2.76828	-3.64813	-4.15891	-4.12772
882	8	10	2	2	11	12	6	-3.94406	-7.16583	-7.69351	-7.18515
883	4	7	10	4	1	7	1	-1.82571	-3.78931	-2.69633	-1.94577
884	2	4	1	2	2	1	5	-2.76828	-3.64813	-4.15891	-4.12772
885	166	2	1	10	17	3	1	-34.1247	-35.9679	-30.8802	-30.2802
886	2	4	1	2	7	1	5	-2.29441	-5.55368	-5.9406	-5.16884
887	2	4	1	2	2	1	5	-2.76828	-3.64813	-4.15891	-4.12772
888	4	7	10	4	1	7	1	-1.82571	-3.78931	-2.69633	-1.94577
889	4	7	10	4	1	7	1	-1.82571	-3.78931	-2.69633	-1.94577
890	2	4	1	2	7	1	5	-2.29441	-5.55368	-5.9406	-5.16884
891	2	4	1	2	2	1	5	-2.76828	-3.64813	-4.15891	-4.12772
892	2	1	5	3	2	3	5	-4.24237	-3.26005	-5.26342	-4.7981
893	9	25	2	10	22	3	6	-4.46999	-7.57831	-6.15216	-4.37467
894	2	1	21	3	62	1	5	-5.78363	-9.03642	-9.53304	-9.02285
895	129	66	30	82	189	47	17	-3.241	-4.8671	-5.61181	-4.16574
896	129	66	30	82	189	47	17	-3.241	-4.8671	-5.61181	-4.16574
897	4	7	10	4	1	7	1	-1.82571	-3.78931	-2.69633	-1.94577
898	2	4	1	2	2	1	5	-2.76828	-3.64813	-4.15891	-4.12772
899	4	7	10	4	42	7	1	-6.62271	-8.96787	-5.66799	-4.6668
900	2	4	1	2	7	1	5	-2.29441	-5.55368	-5.9406	-5.16884
901	1	307	3	4	5	9	3	-6.84947	-6.43778	-6.13278	-8.22629
902	2	1	21	3	2	1	5	-2.92922	-2.4954	-4.2497	-4.51774
903	4	7	10	4	1	7	1	-1.82571	-3.78931	-2.69633	-1.94577
904	2	1	21	3	2	1	5	-2.92922	-2.4954	-4.2497	-4.51774
905	2	4	1	2	2	5	5	-6.79985	-6.40722	-8.51789	-9.48244
906	2	4	1	2	7	1	5	-2.29441	-5.55368	-5.9406	-5.16884
907	2	4	1	2	7	1	5	-2.29441	-5.55368	-5.9406	-5.16884
908	2	4	1	2	7	1	5	-2.29441	-5.55368	-5.9406	-5.16884
909	4	7	10	4	1	7	1	-1.82571	-3.78931	-2.69633	-1.94577
910	8	10	2	2	11	12	6	-3.94406	-7.16583	-7.69351	-7.18515
911	7	21	5	62	4	61	44	-7.56993	-3.84298	-5.49155	-7.41864
912	2	1	12	88	2	1	5	-3.9478	-3.43637	-5.49626	-5.33732
913	2	4	1	2	2	1	5	-2.76828	-3.64813	-4.15891	-4.12772
914	1	2	3	4	5	9	3	-4.68957	-2.49963	-3.54343	-4.91975
915	2	4	1	2	7	1	5	-2.29441	-5.55368	-5.9406	-5.16884
916	2	4	1	2	2	1	5	-2.76828	-3.64813	-4.15891	-4.12772
917	2	4	1	2	2	1	5	-2.76828	-3.64813	-4.15891	-4.12772
918	2	4	1	2	7	1	5	-2.29441	-5.55368	-5.9406	-5.16884
919	4	7	10	4	1	7	1	-1.82571	-3.78931	-2.69633	-1.94577
920	2	1	5	3	2	3	5	-4.24237	-3.26005	-5.26342	-4.7981
921	2	4	1	2	7	1	5	-2.29441	-5.55368	-5.9406	-5.16884
922	2	4	1	2	2	1	5	-2.76828	-3.64813	-4.15891	-4.12772
923	8	10	2	2	11	12	6	-3.94406	-7.16583	-7.69351	-7.18515
924	2	1	12	3	2	1	5	-2.6207	-2.12199	-3.5248	-4.79813
925	48	7	10	4	183	7	1	-10.0321	-12.1563	-7.88512	-7.98529
926	7	21	5	62	4	61	44	-7.56993	-3.84298	-5.49155	-7.41864
927	4	7	10	4	1	7	1	-1.82571	-3.78931	-2.69633	-1.94577
928	9	25	2	10	22	3	6	-4.46999	-7.57831	-6.15216	-4.37467
929	2	4	1	2	2	1	5	-2.76828	-3.64813	-4.15891	-4.12772
930	2	4	1	2	7	1	5	-2.29441	-5.55368	-5.9406	-5.16884
931	2	4	1	2	2	1	5	-2.76828	-3.64813	-4.15891	-4.12772
932	2	4	1	2	2	1	5	-2.76828	-3.64813	-4.15891	-4.12772
933	9	25	2	10	22	3	6	-4.46999	-7.57831	-6.15216	-4.37467
934	2	4	1	2	2	1	5	-2.76828	-3.64813	-4.15891	-4.12772
935	2	4	1	2	2	1	5	-2.76828	-3.64813	-4.15891	-4.12772
936	2	4	1	2	7	1	5	-2.29441	-5.55368	-5.9406	-5.16884
937	2	4	1	2	7	1	5	-2.29441	-5.55368	-5.9406	-5.16884
938	2	4	1	2	2	1	5	-2.76828	-3.64813	-4.15891	-4.12772
939	2	4	1	2	2	1	5	-2.76828	-3.64813	-4.15891	-4.12772
940	4	7	10	4	1	7	1	-1.82571	-3.78931	-2.69633	-1.94577
941	2	4	1	2	2	1	5	-2.76828	-3.64813	-4.15891	-4.12772
942	4	7	10	4	1	7	1	-1.82571	-3.78931	-2.69633	-1.94577
943	2	4	1	2	7	1	5	-2.29441	-5.55368	-5.9406	-5.16884
944	2	4	1	2	2	1	5	-2.76828	-3.64813	-4.15891	-4.12772
945	4	7	10	4	1	7	1	-1.82571	-3.78931	-2.69633	-1.94577
946	9	25	2	10	22	3	6	-4.46999	-7.57831	-6.15216	-4.37467
947	10	81	50	99	120	76	52	-6.7475	-6.41161	-5.31989	-5.17389
948	2	1	21	3	2	1	5	-2.92922	-2.4954	-4.2497	-4.51774
949	4	7	10	4	1	7	1	-1.82571	-3.78931	-2.69633	-1.94577
950	2	4	1	2	7	1	5	-2.29441	-5.55368	-5.9406	-5.16884
951	4	7	10	4	1	7	1	-1.82571	-3.78931	-2.69633	-1.94577
952	4	7	10	4	1	7	1	-1.82571	-3.78931	-2.69633	-1.94577
953	8	315	2	2	11	12	6	-8.09242	-11.3954	-10.3138	-10.2344
954	8	10	2	2	11	12	6	-3.94406	-7.16583	-7.69351	-7.18515
955	2	4	1	2	2	1	5	-2.76828	-3.64813	-4.15891	-4.12772
956	4	7	10	4	1	7	1	-1.82571	-3.78931	-2.69633	-1.94577
957	2	4	1	2	2	1	5	-2.76828	-3.64813	-4.15891	-4.12772
958	2	4	1	2	2	1	5	-2.76828	-3.64813	-4.15891	-4.12772
959	2	4	1	2	2	1	5	-2.76828	-3.64813	-4.15891	-4.12772
960	2	4	1	2	7	1	5	-2.29441	-5.55368	-5.9406	-5.16884
961	2	4	1	2	2	1	5	-2.76828	-3.64813	-4.15891	-4.12772
962	2	4	1	2	2	1	5	-2.76828	-3.64813	-4.15891	-4.12772
963	2	1	21	3	2	1	5	-2.92922	-2.4954	-4.2497	-4.51774
964	2	4	1	2	2	1	5	-2.76828	-3.64813	-4.15891	-4.12772
965	1	4	2	2	2	3	17	-11.0129	-7.66218	-10.1591	-12.0477
966	2	4	1	2	2	1	5	-2.76828	-3.64813	-4.15891	-4.12772
967	2	4	1	2	2	1	5	-2.76828	-3.64813	-4.15891	-4.12772
968	7	21	5	62	4	61	44	-7.56993	-3.84298	-5.49155	-7.41864
969	2	4	1	2	2	1	5	-2.76828	-3.64813	-4.15891	-4.12772
970	4	7	10	4	1	7	1	-1.82571	-3.78931	-2.69633	-1.94577
971	2	4	1	2	2	1	5	-2.76828	-3.64813	-4.15891	-4.12772
972	10	1	16	19	10	5	7	-6.43923	-2.75872	-4.09145	-5.17694
973	8	10	2	2	11	12	6	-3.94406	-7.16583	-7.69351	-7.18515
974	4	7	10	4	1	7	1	-1.82571	-3.78931	-2.69633	-1.94577
975	2	4	2	2	6	1	5	-6.09981	-4.84157	-5.87496	-7.76431
976	2	4	1	2	2	1	5	-2.76828	-3.64813	-4.15891	-4.12772
977	2	4	1	2	2	1	5	-2.76828	-3.64813	-4.15891	-4.12772
978	2	1	12	3	2	1	5	-2.6207	-2.12199	-3.5248	-4.79813
979	2	1	21	3	2	1	5	-2.92922	-2.4954	-4.2497	-4.51774
980	1	4	2	2	6	3	17	-4.68827	-2.45967	-4.34885	-5.51983
981	9	2	4	62	4	5	6	-3.70763	-5.19419	-5.80842	-6.68974
982	9	2	4	62	4	5	6	-3.70763	-5.19419	-5.80842	-6.68974
983	2	4	1	2	2	1	5	-2.76828	-3.64813	-4.15891	-4.12772
984	9	25	2	10	22	3	6	-4.46999	-7.57831	-6.15216	-4.37467
985	2	1	12	3	2	1	5	-2.6207	-2.12199	-3.5248	-4.79813
986	2	4	1	2	2	1	5	-2.76828	-3.64813	-4.15891	-4.12772
987	2	4	1	2	2	1	5	-2.76828	-3.64813	-4.15891	-4.12772
988	2	4	1	2	2	1	5	-2.76828	-3.64813	-4.15891	-4.12772
989	1	4	2	2	6	3	17	-4.68827	-2.45967	-4.34885	-5.51983
990	1	4	2	2	6	3	17	-4.68827	-2.45967	-4.34885	-5.51983
991	9	25	2	10	22	3	6	-4.46999	-7.57831	-6.15216	-4.37467
992	1	4	2	2	6	3	17	-4.68827	-2.45967	-4.34885	-5.51983
993	2	4	1	2	2	1	5	-2.76828	-3.64813	-4.15891	-4.12772
994	2	4	1	2	2	1	5	-2.76828	-3.64813	-4.15891	-4.12772
995	8	10	2	2	11	12	6	-3.94406	-7.16583	-7.69351	-7.18515
996	2	4	1	2	2	1	5	-2.76828	-3.64813	-4.15891	-4.12772
997	2	1	5	3	2	5	5	-5.65792	-2.84069	-4.01167	-5.49468
998	8	10	2	2	11	12	6	-3.94406	-7.16583	-7.69351	-7.18515
999	2	4	1	2	2	1	5	-2.76828	-3.64813	-4.15891	-4.12772
1000	2	4	1	2	2	1	5	-2.76828	-3.64813	-4.15891	-4.12772
1001	2	1	21	3	2	1	5	-2.92922	-2.4954	-4.2497	-4.51774
1002	1	2	4	62	4	5	17	-6.11154	-4.85749	-7.10272	-8.40146
1003	2	1	12	3	2	1	5	-2.6207	-2.12199	-3.5248	-4.79813
1004	2	4	1	2	7	1	5	-2.29441	-5.55368	-5.9406	-5.16884
1005	1	307	3	4	5	9	3	-6.84947	-6.43778	-6.13278	-8.22629
1006	2	4	2	4	19	3	6	-5.78689	-9.05018	-9.53693	-9.02081
1007	2	4	1	2	2	1	5	-2.76828	-3.64813	-4.15891	-4.12772
1008	1	4	2	2	6	3	17	-4.68827	-2.45967	-4.34885	-5.51983
1009	9	25	2	10	22	3	6	-4.46999	-7.57831	-6.15216	-4.37467
1010	4	7	10	4	1	7	1	-1.82571	-3.78931	-2.69633	-1.94577
1011	2	4	1	2	2	1	5	-2.76828	-3.64813	-4.15891	-4.12772
1012	10	1	16	19	10	5	7	-6.43923	-2.75872	-4.09145	-5.17694
1013	2	1	21	3	2	1	5	-2.92922	-2.4954	-4.2497	-4.51774
1014	4	7	10	4	1	7	1	-1.82571	-3.78931	-2.69633	-1.94577
1015	2	4	1	2	2	1	5	-2.76828	-3.64813	-4.15891	-4.12772
1016	1	2	3	4	5	9	3	-4.68957	-2.49963	-3.54343	-4.91975
1017	9	316	4	62	4	5	6	-6.85541	-6.45784	-8.63529	-9.58466
1018	9	25	2	10	22	3	6	-4.46999	-7.57831	-6.15216	-4.37467
1019	1	307	3	4	5	9	3	-6.84947	-6.43778	-6.13278	-8.22629
1020	2	4	1	2	2	1	5	-2.76828	-3.64813	-4.15891	-4.12772
1021	9	25	2	10	22	3	6	-4.46999	-7.57831	-6.15216	-4.37467
1022	2	4	1	2	2	1	5	-2.76828	-3.64813	-4.15891	-4.12772
1023	2	1	12	3	2	1	5	-2.6207	-2.12199	-3.5248	-4.79813
1024	2	1	5	3	2	5	5	-5.65792	-2.84069	-4.01167	-5.49468
1025	2	4	1	2	2	1	5	-2.76828	-3.64813	-4.15891	-4.12772
1026	2	1	12	3	2	1	5	-2.6207	-2.12199	-3.5248	-4.79813
1027	2	1	12	3	2	1	5	-2.6207	-2.12199	-3.5248	-4.79813
1028	10	1	16	19	10	5	7	-6.43923	-2.75872	-4.09145	-5.17694
1029	4	7	10	4	1	7	1	-1.82571	-3.78931	-2.69633	-1.94577
1030	2	4	1	2	2	1	5	-2.76828	-3.64813	-4.15891	-4.12772
1031	2	1	12	88	2	1	5	-3.9478	-3.43637	-5.49626	-5.33732
1032	2	1	21	3	2	1	5	-2.92922	-2.4954	-4.2497	-4.51774
1033	1	2	3	4	5	9	3	-4.68957	-2.49963	-3.54343	-4.91975
1034	8	10	2	2	11	12	6	-3.94406	-7.16583	-7.69351	-7.18515
1035	2	1	12	88	2	1	5	-3.9478	-3.43637	-5.49626	-5.33732
1036	33	39	30	82	104	173	68	-5.40239	-3.98921	-6.2459	-7.59199
1037	1	2	3	4	5	9	3	-4.68957	-2.49963	-3.54343	-4.91975
1038	9	25	2	10	22	3	6	-4.46999	-7.57831	-6.15216	-4.37467
1039	2	4	1	2	2	1	5	-2.76828	-3.64813	-4.15891	-4.12772
1040	8	10	2	2	11	12	6	-3.94406	-7.16583	-7.69351	-7.18515
1041	1	2	4	62	4	5	17	-6.11154	-4.85749	-7.10272	-8.40146
1042	10	1	16	19	10	5	7	-6.43923	-2.75872	-4.09145	-5.17694
1043	33	39	30	82	104	173	68	-5.40239	-3.98921	-6.2459	-7.59199
1044	2	4	1	2	2	1	5	-2.76828	-3.64813	-4.15891	-4.12772
1045	8	10	2	2	11	12	6	-3.94406	-7.16583	-7.69351	-7.18515
1046	2	1	5	3	2	5	5	-5.65792	-2.84069	-4.01167	-5.49468
1047	47	2	4	2	6	5	17	-11.9835	-10.7381	-6.22948	-8.52758
1048	1	2	3	4	5	9	3	-4.68957	-2.49963	-3.54343	-4.91975
1049	4	7	10	4	1	7	1	-1.82571	-3.78931	-2.69633	-1.94577
1050	2	1	5	3	2	3	5	-4.24237	-3.26005	-5.26342	-4.7981
1051	2	4	2	2	6	1	5	-6.09981	-4.84157	-5.87496	-7.76431
1052	2	4	1	2	2	1	5	-2.76828	-3.64813	-4.15891	-4.12772
1053	8	10	149	2	11	12	6	-4.88251	-3.98123	-5.52859	-7.104
1054	9	25	2	10	22	3	6	-4.46999	-7.57831	-6.15216	-4.37467
1055	2	4	1	2	2	1	5	-2.76828	-3.64813	-4.15891	-4.12772
1056	1	2	3	4	5	9	3	-4.68957	-2.49963	-3.54343	-4.91975
1057	2	1	12	3	2	1	5	-2.6207	-2.12199	-3.5248	-4.79813
1058	4	7	10	4	42	51	1	-2.92237	-4.62389	-4.96308	-3.8192
1059	2	4	1	2	2	1	5	-2.76828	-3.64813	-4.15891	-4.12772
1060	2	1	1	3	2	1	5	-4.6144	-3.79282	-6.01856	-7.15585
1061	2	4	1	2	7	1	5	-2.29441	-5.55368	-5.9406	-5.16884
1062	8	10	2	2	11	12	6	-3.94406	-7.16583	-7.69351	-7.18515
1063	2	4	1	2	2	1	5	-2.76828	-3.64813	-4.15891	-4.12772
1064	9	2	4	62	4	5	6	-3.70763	-5.19419	-5.80842	-6.68974
1065	2	4	1	2	2	1	5	-2.76828	-3.64813	-4.15891	-4.12772
1066	4	7	10	4	1	7	1	-1.82571	-3.78931	-2.69633	-1.94577
1067	8	10	2	2	11	12	6	-3.94406	-7.16583	-7.69351	-7.18515
1068	2	4	2	2	6	1	5	-6.09981	-4.84157	-5.87496	-7.76431
1069	2	4	2	2	6	1	5	-6.09981	-4.84157	-5.87496	-7.76431
1070	2	4	2	2	6	1	5	-6.09981	-4.84157	-5.87496	-7.76431
1071	2	4	2	2	6	1	5	-6.09981	-4.84157	-5.87496	-7.76431
1072	2	4	1	2	2	1	5	-2.76828	-3.64813	-4.15891	-4.12772
1073	2	4	1	2	2	1	5	-2.76828	-3.64813	-4.15891	-4.12772
1074	2	1	12	3	2	1	5	-2.6207	-2.12199	-3.5248	-4.79813
1075	2	4	1	2	7	1	5	-2.29441	-5.55368	-5.9406	-5.16884
1076	4	7	10	4	42	51	1	-2.92237	-4.62389	-4.96308	-3.8192
1077	2	4	1	2	2	1	5	-2.76828	-3.64813	-4.15891	-4.12772
1078	8	10	2	2	11	12	6	-3.94406	-7.16583	-7.69351	-7.18515
1079	1	2	3	4	5	9	3	-4.68957	-2.49963	-3.54343	-4.91975
1080	1	2	3	4	5	9	3	-4.68957	-2.49963	-3.54343	-4.91975
1081	10	1	16	19	10	5	7	-6.43923	-2.75872	-4.09145	-5.17694
1082	8	10	2	2	11	12	6	-3.94406	-7.16583	-7.69351	-7.18515
1083	4	7	10	4	1	7	1	-1.82571	-3.78931	-2.69633	-1.94577
1084	2	4	1	2	2	1	5	-2.76828	-3.64813	-4.15891	-4.12772
1085	2	4	1	2	7	1	5	-2.29441	-5.55368	-5.9406	-5.16884
1086	2	1	21	3	2	1	5	-2.92922	-2.4954	-4.2497	-4.51774
1087	2	1	12	3	2	1	5	-2.6207	-2.12199	-3.5248	-4.79813
1088	2	4	2	4	19	3	6	-5.78689	-9.05018	-9.53693	-9.02081
1089	8	10	149	2	11	12	6	-4.88251	-3.98123	-5.52859	-7.104
1090	8	10	2	2	11	12	6	-3.94406	-7.16583	-7.69351	-7.18515
1091	2	1	12	3	2	1	5	-2.6207	-2.12199	-3.5248	-4.79813
1092	2	1	12	3	2	1	5	-2.6207	-2.12199	-3.5248	-4.79813
1093	2	1	5	3	2	3	5	-4.24237	-3.26005	-5.26342	-4.7981
1094	184	39	30	82	113	43	17	-3.94377	-6.08871	-7.40819	-7.14926
1095	2	1	12	3	2	1	5	-2.6207	-2.12199	-3.5248	-4.79813
1096	2	4	1	2	2	1	5	-2.76828	-3.64813	-4.15891	-4.12772
1097	4	7	10	4	1	7	1	-1.82571	-3.78931	-2.69633	-1.94577
1098	8	10	2	2	11	12	6	-3.94406	-7.16583	-7.69351	-7.18515
1099	4	7	10	4	1	7	1	-1.82571	-3.78931	-2.69633	-1.94577
1100	4	7	10	4	42	51	1	-2.92237	-4.62389	-4.96308	-3.8192
1101	9	25	2	10	22	3	6	-4.46999	-7.57831	-6.15216	-4.37467
1102	9	2	4	62	4	5	6	-3.70763	-5.19419	-5.80842	-6.68974
1103	4	7	10	4	1	7	1	-1.82571	-3.78931	-2.69633	-1.94577
1104	2	4	1	2	7	1	5	-2.29441	-5.55368	-5.9406	-5.16884
1105	4	7	10	4	1	7	1	-1.82571	-3.78931	-2.69633	-1.94577
1106	8	10	2	2	11	12	6	-3.94406	-7.16583	-7.69351	-7.18515
1107	2	4	1	2	2	1	5	-2.76828	-3.64813	-4.15891	-4.12772
1108	4	7	10	4	42	51	1	-2.92237	-4.62389	-4.96308	-3.8192
1109	1	2	3	4	5	9	3	-4.68957	-2.49963	-3.54343	-4.91975
1110	2	1	12	3	2	1	5	-2.6207	-2.12199	-3.5248	-4.79813
1111	2	4	1	2	2	1	5	-2.76828	-3.64813	-4.15891	-4.12772
1112	10	81	50	99	120	76	52	-6.7475	-6.41161	-5.31989	-5.17389
1113	2	4	1	2	2	1	5	-2.76828	-3.64813	-4.15891	-4.12772
1114	4	7	10	4	42	51	1	-2.92237	-4.62389	-4.96308	-3.8192
1115	4	7	10	4	42	51	1	-2.92237	-4.62389	-4.96308	-3.8192
1116	4	7	10	4	1	7	1	-1.82571	-3.78931	-2.69633	-1.94577
1117	3	1	5	10	11	11	6	-10.2195	-6.47828	-8.7754	-10.453
1118	10	81	50	99	120	76	52	-6.7475	-6.41161	-5.31989	-5.17389
1119	2	4	1	2	2	1	5	-2.76828	-3.64813	-4.15891	-4.12772
1120	4	7	10	4	1	7	1	-1.82571	-3.78931	-2.69633	-1.94577
1121	4	7	10	4	1	7	1	-1.82571	-3.78931	-2.69633	-1.94577
1122	4	7	10	4	42	51	1	-2.92237	-4.62389	-4.96308	-3.8192
1123	2	1	12	3	2	1	5	-2.6207	-2.12199	-3.5248	-4.79813
1124	2	4	1	2	2	1	5	-2.76828	-3.64813	-4.15891	-4.12772
1125	2	1	1	3	2	1	5	-4.6144	-3.79282	-6.01856	-7.15585
1126	2	4	1	2	2	1	5	-2.76828	-3.64813	-4.15891	-4.12772
1127	2	4	1	2	2	1	5	-2.76828	-3.64813	-4.15891	-4.12772
1128	2	4	1	2	2	1	5	-2.76828	-3.64813	-4.15891	-4.12772
1129	2	4	1	2	2	1	5	-2.76828	-3.64813	-4.15891	-4.12772
1130	1	2	3	4	5	9	3	-4.68957	-2.49963	-3.54343	-4.91975
1131	8	10	2	2	11	12	6	-3.94406	-7.16583	-7.69351	-7.18515
1132	2	1	21	3	2	1	5	-2.92922	-2.4954	-4.2497	-4.51774
1133	2	4	1	2	2	1	5	-2.76828	-3.64813	-4.15891	-4.12772
1134	2	1	21	3	2	1	5	-2.92922	-2.4954	-4.2497	-4.51774
1135	2	1	21	3	2	1	5	-2.92922	-2.4954	-4.2497	-4.51774
1136	2	4	1	2	2	1	5	-2.76828	-3.64813	-4.15891	-4.12772
1137	1	2	3	4	5	9	3	-4.68957	-2.49963	-3.54343	-4.91975
1138	10	1	16	19	10	5	7	-6.43923	-2.75872	-4.09145	-5.17694
1139	2	1	12	3	2	1	5	-2.6207	-2.12199	-3.5248	-4.79813
1140	7	21	5	62	4	61	44	-7.56993	-3.84298	-5.49155	-7.41864
1141	2	4	1	2	2	1	5	-2.76828	-3.64813	-4.15891	-4.12772
1142	2	1	12	3	2	1	5	-2.6207	-2.12199	-3.5248	-4.79813
1143	2	4	1	2	7	1	5	-2.29441	-5.55368	-5.9406	-5.16884
1144	2	1	5	3	2	3	5	-4.24237	-3.26005	-5.26342	-4.7981
1145	2	1	21	3	2	1	5	-2.92922	-2.4954	-4.2497	-4.51774
1146	2	1	21	3	2	1	5	-2.92922	-2.4954	-4.2497	-4.51774
1147	2	1	21	3	2	1	5	-2.92922	-2.4954	-4.2497	-4.51774
1148	2	1	21	3	2	1	5	-2.92922	-2.4954	-4.2497	-4.51774
1149	2	1	12	3	2	1	5	-2.6207	-2.12199	-3.5248	-4.79813
1150	8	10	2	2	11	12	6	-3.94406	-7.16583	-7.69351	-7.18515
1151	129	66	30	82	189	47	17	-3.241	-4.8671	-5.61181	-4.16574
1152	1	307	3	4	5	9	3	-6.84947	-6.43778	-6.13278	-8.22629
1153	8	10	2	2	11	12	6	-3.94406	-7.16583	-7.69351	-7.18515
1154	2	4	2	2	6	1	5	-6.09981	-4.84157	-5.87496	-7.76431
1155	1	4	2	2	6	3	17	-4.68827	-2.45967	-4.34885	-5.51983
1156	2	4	1	2	2	1	5	-2.76828	-3.64813	-4.15891	-4.12772
1157	8	10	2	2	11	12	6	-3.94406	-7.16583	-7.69351	-7.18515
1158	2	4	2	2	6	1	5	-6.09981	-4.84157	-5.87496	-7.76431
1159	2	1	21	3	2	1	5	-2.92922	-2.4954	-4.2497	-4.51774
1160	2	4	5	2	2	5	5	-3.66136	-6.90399	-7.03913	-5.89325
1161	7	21	5	62	4	61	44	-7.56993	-3.84298	-5.49155	-7.41864
1162	2	1	12	3	2	1	5	-2.6207	-2.12199	-3.5248	-4.79813
1163	10	27	16	19	10	5	7	-20.4481	-12.7985	-15.4478	-17.3918
1164	33	283	44	82	189	44	17	-7.16752	-3.48339	-5.23901	-5.9887
1165	9	25	2	10	22	3	6	-4.46999	-7.57831	-6.15216	-4.37467
1166	7	21	5	62	4	61	44	-7.56993	-3.84298	-5.49155	-7.41864
1167	2	1	5	3	2	3	5	-4.24237	-3.26005	-5.26342	-4.7981
1168	2	1	5	3	2	3	5	-4.24237	-3.26005	-5.26342	-4.7981
1169	9	25	2	10	22	3	6	-4.46999	-7.57831	-6.15216	-4.37467
1170	2	1	5	3	2	3	5	-4.24237	-3.26005	-5.26342	-4.7981
1171	2	4	1	2	2	1	5	-2.76828	-3.64813	-4.15891	-4.12772
1172	129	66	30	82	189	47	17	-3.241	-4.8671	-5.61181	-4.16574
1173	2	4	1	2	2	1	5	-2.76828	-3.64813	-4.15891	-4.12772
1174	2	1	5	3	2	3	5	-4.24237	-3.26005	-5.26342	-4.7981
1175	2	1	12	3	2	1	5	-2.6207	-2.12199	-3.5248	-4.79813
1176	2	4	1	2	2	1	5	-2.76828	-3.64813	-4.15891	-4.12772
1177	1	4	2	2	6	3	17	-4.68827	-2.45967	-4.34885	-5.51983
1178	2	1	12	3	2	1	5	-2.6207	-2.12199	-3.5248	-4.79813
1179	1	4	2	2	446	3	17	-8.82871	-6.65528	-6.94613	-8.5551
1180	2	1	5	88	2	11	5	-9.05927	-5.35913	-6.00805	-8.15847
1181	2	4	2	2	6	1	5	-6.09981	-4.84157	-5.87496	-7.76431
1182	9	25	2	10	22	3	6	-4.46999	-7.57831	-6.15216	-4.37467
1183	2	1	5	3	2	3	5	-4.24237	-3.26005	-5.26342	-4.7981
1184	7	21	5	62	4	61	44	-7.56993	-3.84298	-5.49155	-7.41864
1185	1	2	3	4	5	9	3	-4.68957	-2.49963	-3.54343	-4.91975
1186	2	4	1	2	2	1	5	-2.76828	-3.64813	-4.15891	-4.12772
1187	7	21	5	62	4	61	44	-7.56993	-3.84298	-5.49155	-7.41864
1188	33	39	30	82	104	173	68	-5.40239	-3.98921	-6.2459	-7.59199
1189	1	4	2	2	6	3	17	-4.68827	-2.45967	-4.34885	-5.51983
1190	2	1	21	3	2	1	5	-2.92922	-2.4954	-4.2497	-4.51774
1191	4	7	10	4	1	7	1	-1.82571	-3.78931	-2.69633	-1.94577
1192	2	1	5	3	2	5	5	-5.65792	-2.84069	-4.01167	-5.49468
1193	1	4	2	2	6	3	17	-4.68827	-2.45967	-4.34885	-5.51983
1194	2	4	1	2	2	1	5	-2.76828	-3.64813	-4.15891	-4.12772
1195	2	4	1	2	2	1	5	-2.76828	-3.64813	-4.15891	-4.12772
1196	2	1	12	3	2	1	5	-2.6207	-2.12199	-3.5248	-4.79813
1197	2	1	6	3	2	3	5	-7.39013	-7.45334	-7.68534	-7.41461
1198	4	7	10	4	1	7	1	-1.82571	-3.78931	-2.69633	-1.94577
1199	2	4	1	2	7	1	5	-2.29441	-5.55368	-5.9406	-5.16884
1200	2	1	1	3	2	1	5	-4.6144	-3.79282	-6.01856	-7.15585
1201	2	4	1	2	2	1	5	-2.76828	-3.64813	-4.15891	-4.12772
1202	7	2	5	2	10	3	6	-30.9442	-27.2409	-28.0461	-28.5689
1203	2	1	21	3	2	1	5	-2.92922	-2.4954	-4.2497	-4.51774
1204	2	4	1	2	7	1	5	-2.29441	-5.55368	-5.9406	-5.16884
1205	4	7	10	4	1	7	1	-1.82571	-3.78931	-2.69633	-1.94577
1206	2	4	1	2	7	1	5	-2.29441	-5.55368	-5.9406	-5.16884
1207	2	4	1	2	2	1	5	-2.76828	-3.64813	-4.15891	-4.12772
1208	1	4	2	2	6	3	17	-4.68827	-2.45967	-4.34885	-5.51983
1209	2	4	1	2	2	1	5	-2.76828	-3.64813	-4.15891	-4.12772
1210	2	4	1	2	2	1	5	-2.76828	-3.64813	-4.15891	-4.12772
1211	74	10	2	2	11	12	6	-8.09243	-11.3955	-10.3139	-10.2349
1212	1	2	3	4	5	9	3	-4.68957	-2.49963	-3.54343	-4.91975
1213	2	1	5	3	2	3	5	-4.24237	-3.26005	-5.26342	-4.7981
1214	4	7	10	4	1	7	1	-1.82571	-3.78931	-2.69633	-1.94577
1215	2	4	2	2	6	1	5	-6.09981	-4.84157	-5.87496	-7.76431
1216	2	1	12	3	2	1	5	-2.6207	-2.12199	-3.5248	-4.79813
1217	2	1	21	3	2	1	5	-2.92922	-2.4954	-4.2497	-4.51774
1218	2	4	1	2	2	1	5	-2.76828	-3.64813	-4.15891	-4.12772
1219	2	1	21	3	2	1	5	-2.92922	-2.4954	-4.2497	-4.51774
1220	4	7	10	4	1	7	1	-1.82571	-3.78931	-2.69633	-1.94577
1221	2	1	21	3	2	1	5	-2.92922	-2.4954	-4.2497	-4.51774
1222	2	4	1	2	2	1	5	-2.76828	-3.64813	-4.15891	-4.12772
1223	4	7	10	4	1	7	1	-1.82571	-3.78931	-2.69633	-1.94577
1224	2	4	1	2	2	1	5	-2.76828	-3.64813	-4.15891	-4.12772
1225	4	7	10	4	1	7	1	-1.82571	-3.78931	-2.69633	-1.94577
1226	4	7	10	4	42	51	1	-2.92237	-4.62389	-4.96308	-3.8192
1227	4	7	10	4	42	7	1	-6.62271	-8.96787	-5.66799	-4.6668
1228	2	4	1	2	2	1	5	-2.76828	-3.64813	-4.15891	-4.12772
1229	2	1	5	3	2	3	5	-4.24237	-3.26005	-5.26342	-4.7981
1230	10	81	50	99	120	76	52	-6.7475	-6.41161	-5.31989	-5.17389
1231	2	4	1	2	7	1	5	-2.29441	-5.55368	-5.9406	-5.16884
1232	2	4	1	2	7	1	5	-2.29441	-5.55368	-5.9406	-5.16884
1233	4	7	10	4	1	7	1	-1.82571	-3.78931	-2.69633	-1.94577
1234	1	4	2	2	6	3	17	-4.68827	-2.45967	-4.34885	-5.51983
1235	4	7	10	4	1	7	1	-1.82571	-3.78931	-2.69633	-1.94577
1236	2	4	1	2	2	1	5	-2.76828	-3.64813	-4.15891	-4.12772
1237	4	7	10	4	1	7	1	-1.82571	-3.78931	-2.69633	-1.94577
1238	4	7	10	4	42	51	1	-2.92237	-4.62389	-4.96308	-3.8192
1239	1	307	3	4	5	9	3	-6.84947	-6.43778	-6.13278	-8.22629
1240	2	4	2	2	6	1	5	-6.09981	-4.84157	-5.87496	-7.76431
1241	8	10	149	2	11	12	6	-4.88251	-3.98123	-5.52859	-7.104
1242	2	1	12	3	2	1	5	-2.6207	-2.12199	-3.5248	-4.79813
1243	2	4	1	2	2	1	5	-2.76828	-3.64813	-4.15891	-4.12772
1244	2	4	1	2	2	1	5	-2.76828	-3.64813	-4.15891	-4.12772
1245	2	4	1	2	2	1	5	-2.76828	-3.64813	-4.15891	-4.12772
1246	4	7	10	4	42	51	1	-2.92237	-4.62389	-4.96308	-3.8192
1247	2	4	1	2	2	1	5	-2.76828	-3.64813	-4.15891	-4.12772
1248	2	4	1	2	2	1	5	-2.76828	-3.64813	-4.15891	-4.12772
1249	2	1	12	88	2	1	5	-3.9478	-3.43637	-5.49626	-5.33732
1250	1	4	2	2	6	3	17	-4.68827	-2.45967	-4.34885	-5.51983
1251	9	2	4	62	4	5	6	-3.70763	-5.19419	-5.80842	-6.68974
1252	2	4	1	2	7	1	5	-2.29441	-5.55368	-5.9406	-5.16884
1253	2	4	5	2	2	5	5	-3.66136	-6.90399	-7.03913	-5.89325
1254	2	1	21	3	2	1	5	-2.92922	-2.4954	-4.2497	-4.51774
1255	1	4	2	2	6	3	17	-4.68827	-2.45967	-4.34885	-5.51983
1256	2	1	21	3	2	1	5	-2.92922	-2.4954	-4.2497	-4.51774
1257	2	4	1	2	2	5	5	-6.79985	-6.40722	-8.51789	-9.48244
1258	2	1	12	3	2	1	5	-2.6207	-2.12199	-3.5248	-4.79813
1259	2	4	2	2	6	1	5	-6.09981	-4.84157	-5.87496	-7.76431
1260	2	4	1	2	2	1	5	-2.76828	-3.64813	-4.15891	-4.12772
1261	2	4	1	2	2	1	5	-2.76828	-3.64813	-4.15891	-4.12772
1262	1	307	3	4	5	9	3	-6.84947	-6.43778	-6.13278	-8.22629
1263	9	25	2	10	22	3	6	-4.46999	-7.57831	-6.15216	-4.37467
1264	2	1	1	380	2	1	5	-6.15275	-5.74134	-7.92934	-8.88385
1265	2	4	1	2	2	1	5	-2.76828	-3.64813	-4.15891	-4.12772
1266	2	4	1	2	2	1	5	-2.76828	-3.64813	-4.15891	-4.12772
1267	2	1	12	3	2	1	5	-2.6207	-2.12199	-3.5248	-4.79813
1268	1	2	3	4	5	9	3	-4.68957	-2.49963	-3.54343	-4.91975
1269	2	4	1	2	2	1	5	-2.76828	-3.64813	-4.15891	-4.12772
1270	2	4	1	2	2	1	5	-2.76828	-3.64813	-4.15891	-4.12772
1271	2	4	1	2	2	1	5	-2.76828	-3.64813	-4.15891	-4.12772
1272	1	2	3	4	5	9	3	-4.68957	-2.49963	-3.54343	-4.91975
1273	9	2	2	212	309	253	147	-27.2928	-27.5648	-22.2057	-23.3431
1274	2	1	21	3	2	1	5	-2.92922	-2.4954	-4.2497	-4.51774
1275	47	2	4	2	6	5	17	-11.9835	-10.7381	-6.22948	-8.52758
1276	1	2	3	4	5	9	3	-4.68957	-2.49963	-3.54343	-4.91975
1277	2	4	1	2	2	1	5	-2.76828	-3.64813	-4.15891	-4.12772
1278	2	4	1	2	2	1	5	-2.76828	-3.64813	-4.15891	-4.12772
1279	9	2	4	62	4	5	6	-3.70763	-5.19419	-5.80842	-6.68974
1280	2	1	12	3	2	1	5	-2.6207	-2.12199	-3.5248	-4.79813
1281	2	4	1	2	2	1	5	-2.76828	-3.64813	-4.15891	-4.12772
1282	2	4	1	2	7	1	5	-2.29441	-5.55368	-5.9406	-5.16884
1283	7	17	2	15	23	3	12	-6.89135	-10.1581	-10.6463	-10.1316
1284	2	1	1	3	2	1	5	-4.6144	-3.79282	-6.01856	-7.15585
1285	2	1	12	3	2	1	5	-2.6207	-2.12199	-3.5248	-4.79813
1286	2	4	1	2	2	1	5	-2.76828	-3.64813	-4.15891	-4.12772
1287	2	1	5	3	2	3	5	-4.24237	-3.26005	-5.26342	-4.7981
1288	2	4	1	2	2	1	5	-2.76828	-3.64813	-4.15891	-4.12772
1289	2	4	1	2	2	1	5	-2.76828	-3.64813	-4.15891	-4.12772
1290	1	4	2	2	6	3	17	-4.68827	-2.45967	-4.34885	-5.51983
1291	2	1	2	3	2	3	5	-3.74645	-6.92023	-7.4869	-6.97835
1292	2	1	5	3	2	3	5	-4.24237	-3.26005	-5.26342	-4.7981
1293	1	2	3	3	5	9	3	-11.5128	-7.93421	-9.63149	-11.9627
1294	4	7	10	4	42	51	1	-2.92237	-4.62389	-4.96308	-3.8192
1295	1	4	2	2	6	3	17	-4.68827	-2.45967	-4.34885	-5.51983
1296	2	1	5	3	2	3	5	-4.24237	-3.26005	-5.26342	-4.7981
1297	4	7	10	4	1	7	1	-1.82571	-3.78931	-2.69633	-1.94577
1298	2	4	1	2	2	1	5	-2.76828	-3.64813	-4.15891	-4.12772
1299	4	7	10	4	1	7	1	-1.82571	-3.78931	-2.69633	-1.94577
1300	2	1	21	3	2	1	5	-2.92922	-2.4954	-4.2497	-4.51774
1301	2	4	1	2	2	1	5	-2.76828	-3.64813	-4.15891	-4.12772
1302	4	7	10	4	1	7	1	-1.82571	-3.78931	-2.69633	-1.94577
1303	2	4	1	2	2	1	5	-2.76828	-3.64813	-4.15891	-4.12772
1304	2	1	5	3	2	5	5	-5.65792	-2.84069	-4.01167	-5.49468
1305	2	4	1	2	2	1	5	-2.76828	-3.64813	-4.15891	-4.12772
1306	2	1	21	3	2	1	5	-2.92922	-2.4954	-4.2497	-4.51774
1307	2	1	5	3	2	5	5	-5.65792	-2.84069	-4.01167	-5.49468
1308	1	4	2	2	6	3	17	-4.68827	-2.45967	-4.34885	-5.51983
1309	1	4	2	2	6	3	17	-4.68827	-2.45967	-4.34885	-5.51983
1310	2	1	5	3	2	3	5	-4.24237	-3.26005	-5.26342	-4.7981
1311	1	4	2	2	6	3	17	-4.68827	-2.45967	-4.34885	-5.51983
1312	2	4	1	2	2	1	5	-2.76828	-3.64813	-4.15891	-4.12772
1313	2	1	12	88	2	1	5	-3.9478	-3.43637	-5.49626	-5.33732
1314	2	1	5	3	2	3	5	-4.24237	-3.26005	-5.26342	-4.7981
1315	2	4	5	2	2	1	5	-6.14779	-8.94667	-9.08351	-9.15964
1316	2	4	1	2	2	1	5	-2.76828	-3.64813	-4.15891	-4.12772
1317	1	4	2	2	6	3	17	-4.68827	-2.45967	-4.34885	-5.51983
1318	2	1	21	3	2	1	5	-2.92922	-2.4954	-4.2497	-4.51774
1319	4	7	10	4	1	7	1	-1.82571	-3.78931	-2.69633	-1.94577
1320	1	2	3	4	5	9	3	-4.68957	-2.49963	-3.54343	-4.91975
1321	2	4	1	2	7	1	5	-2.29441	-5.55368	-5.9406	-5.16884
1322	4	7	10	4	1	7	1	-1.82571	-3.78931	-2.69633	-1.94577
1323	4	7	10	4	1	7	1	-1.82571	-3.78931	-2.69633	-1.94577
1324	1	4	2	2	6	3	17	-4.68827	-2.45967	-4.34885	-5.51983
1325	2	4	1	2	7	1	5	-2.29441	-5.55368	-5.9406	-5.16884
1326	4	7	10	4	1	7	1	-1.82571	-3.78931	-2.69633	-1.94577
1327	8	10	2	2	11	12	6	-3.94406	-7.16583	-7.69351	-7.18515
1328	969	7	10	4	1	7	1	-5.89597	-7.99721	-5.31452	-4.99565
1329	4	7	10	4	1	7	1	-1.82571	-3.78931	-2.69633	-1.94577
1330	10	27	16	942	10	5	7	-24.5964	-17.0289	-18.0686	-20.4413
1331	10	27	16	941	10	5	7	-24.5964	-17.0289	-18.0686	-20.4413
1332	4	7	10	4	1	7	1	-1.82571	-3.78931	-2.69633	-1.94577
1333	4	7	10	4	1	7	1	-1.82571	-3.78931	-2.69633	-1.94577
1334	129	66	30	82	189	47	17	-3.241	-4.8671	-5.61181	-4.16574
1335	4	7	10	4	1	7	1	-1.82571	-3.78931	-2.69633	-1.94577
1336	4	7	10	4	1	7	1	-1.82571	-3.78931	-2.69633	-1.94577
1337	2	4	1	2	2	1	5	-2.76828	-3.64813	-4.15891	-4.12772
1338	2	1	2	3	2	3	5	-3.74645	-6.92023	-7.4869	-6.97835
1339	10	27	16	19	10	5	7	-20.4481	-12.7985	-15.4478	-17.3918
1340	2	4	1	2	2	1	5	-2.76828	-3.64813	-4.15891	-4.12772
1341	33	39	30	82	104	173	68	-5.40239	-3.98921	-6.2459	-7.59199
1342	1	4	2	2	6	3	17	-4.68827	-2.45967	-4.34885	-5.51983
1343	2	1	5	3	2	5	5	-5.65792	-2.84069	-4.01167	-5.49468
1344	2	1	12	3	2	1	5	-2.6207	-2.12199	-3.5248	-4.79813
1345	8	10	2	2	11	12	6	-3.94406	-7.16583	-7.69351	-7.18515
1346	2	1	1	3	2	1	5	-4.6144	-3.79282	-6.01856	-7.15585
1347	1	4	2	2	6	3	17	-4.68827	-2.45967	-4.34885	-5.51983
1348	7	2	2	2	11	12	6	-4.49071	-7.75753	-8.24525	-7.73155
1349	9	2	4	62	4	5	6	-3.70763	-5.19419	-5.80842	-6.68974
1350	2	1	21	3	2	1	5	-2.92922	-2.4954	-4.2497	-4.51774
1351	9	7	10	4	1	7	1	-9.98115	-12.1436	-11.2585	-9.94142
1352	2	1	12	3	920	1	5	-6.77022	-6.34376	-6.14267	-7.84546
1353	239	27	16	19	10	5	7	-10.2217	-6.48126	-8.77995	-10.4564
1354	7	17	2	15	23	3	12	-6.89135	-10.1581	-10.6463	-10.1316
1355	1	4	2	2	6	3	17	-4.68827	-2.45967	-4.34885	-5.51983
1356	1	6	60	24	12	28	1	-30.4205	-31.6696	-19.1977	-21.1474
1357	2	4	5	2	10	1	5	-6.88168	-10.1372	-10.627	-10.1193
1358	10	81	50	99	120	76	52	-6.7475	-6.41161	-5.31989	-5.17389
1359	4	7	10	4	1	7	1	-1.82571	-3.78931	-2.69633	-1.94577
1360	2	1	5	3	2	5	5	-5.65792	-2.84069	-4.01167	-5.49468
1361	4	7	10	1	1	7	1	-5.26577	-8.39045	-6.03772	-6.12481
1362	2	4	5	2	10	1	5	-6.88168	-10.1372	-10.627	-10.1193
1363	2	1	21	3	2	1	5	-2.92922	-2.4954	-4.2497	-4.51774
1364	2	1	21	3	2	1	5	-2.92922	-2.4954	-4.2497	-4.51774
1365	2	4	1	2	2	1	5	-2.76828	-3.64813	-4.15891	-4.12772
1366	2	4	2	2	6	1	5	-6.09981	-4.84157	-5.87496	-7.76431
1367	2	4	1	2	7	1	5	-2.29441	-5.55368	-5.9406	-5.16884
1368	2	4	1	2	2	1	5	-2.76828	-3.64813	-4.15891	-4.12772
1369	2	4	1	2	2	1	5	-2.76828	-3.64813	-4.15891	-4.12772
1370	4	7	10	4	1	7	1	-1.82571	-3.78931	-2.69633	-1.94577
1371	4	7	10	4	42	51	1	-2.92237	-4.62389	-4.96308	-3.8192
1372	2	1	5	3	2	3	5	-4.24237	-3.26005	-5.26342	-4.7981
1373	2	1	12	3	2	1	5	-2.6207	-2.12199	-3.5248	-4.79813
1374	2	1	1	3	2	1	5	-4.6144	-3.79282	-6.01856	-7.15585
1375	2	4	1	2	2	1	5	-2.76828	-3.64813	-4.15891	-4.12772
1376	4	7	10	4	1	7	1	-1.82571	-3.78931	-2.69633	-1.94577
1377	10	1	16	19	10	5	7	-6.43923	-2.75872	-4.09145	-5.17694
1378	2	4	1	2	7	1	5	-2.29441	-5.55368	-5.9406	-5.16884
1379	2	4	1	2	2	1	5	-2.76828	-3.64813	-4.15891	-4.12772
1380	10	81	50	99	120	76	52	-6.7475	-6.41161	-5.31989	-5.17389
1381	2	1	12	3	2	1	5	-2.6207	-2.12199	-3.5248	-4.79813
1382	2	4	1	2	2	1	5	-2.76828	-3.64813	-4.15891	-4.12772
1383	2	4	1	2	7	1	5	-2.29441	-5.55368	-5.9406	-5.16884
1384	1	2	3	4	5	9	3	-4.68957	-2.49963	-3.54343	-4.91975
1385	8	10	2	2	11	12	6	-3.94406	-7.16583	-7.69351	-7.18515
1386	1	4	2	2	6	3	17	-4.68827	-2.45967	-4.34885	-5.51983
1387	2	4	1	2	2	1	5	-2.76828	-3.64813	-4.15891	-4.12772
1388	2	4	1	2	2	1	5	-2.76828	-3.64813	-4.15891	-4.12772
1389	10	7	10	4	1	7	1	-12.2892	-10.7425	-9.86434	-9.02898
1390	2	1	21	3	2	1	5	-2.92922	-2.4954	-4.2497	-4.51774
1391	2	1	21	3	2	1	5	-2.92922	-2.4954	-4.2497	-4.51774
1392	10	1	16	19	10	5	7	-6.43923	-2.75872	-4.09145	-5.17694
1393	2	1	5	3	2	3	5	-4.24237	-3.26005	-5.26342	-4.7981
1394	2	1	5	3	2	3	5	-4.24237	-3.26005	-5.26342	-4.7981
1395	2	4	1	2	2	5	5	-6.79985	-6.40722	-8.51789	-9.48244
1396	2	4	1	2	7	1	5	-2.29441	-5.55368	-5.9406	-5.16884
1397	10	1	16	19	10	5	7	-6.43923	-2.75872	-4.09145	-5.17694
1398	2	4	1	2	7	1	5	-2.29441	-5.55368	-5.9406	-5.16884
1399	2	934	1	2	2	1	5	-6.83894	-7.86962	-6.77274	-7.1662
