Isolate	Loci0	Loci1	Loci2	Loci3	Loci4	Loci5	Loci6	Source0	Source1	Source2	Source3
0	1	2	3	4	5	9	3	-4.66253	-2.49268	-3.63791	-4.91639
1	4	7	10	4	1	7	1	-1.83317	-3.79325	-2.58213	-1.90996
2	2	4	1	2	2	1	5	-2.78722	-3.66857	-4.13568	-4.01483
3	2	4	1	2	2	1	5	-2.78722	-3.66857	-4.13568	-4.01483
4	9	25	2	10	22	3	6	-4.47272	-7.4971	-5.95148	-4.34715
5	4	7	10	4	1	7	1	-1.83317	-3.79325	-2.58213	-1.90996
6	4	7	10	4	1	7	1	-1.83317	-3.79325	-2.58213	-1.90996
7	4	7	10	4	42	51	1	-2.93823	-4.66058	-4.86332	-3.74993
8	2	4	1	2	2	1	5	-2.78722	-3.66857	-4.13568	-4.01483
9	10	81	50	99	120	76	52	-6.67605	-6.37064	-5.23279	-5.15405
10	2	1	21	3	2	1	5	-2.94433	-2.49613	-4.52678	-4.42703
11	2	1	21	3	2	1	5	-2.94433	-2.49613	-4.52678	-4.42703
12	9	25	2	10	22	3	6	-4.47272	-7.4971	-5.95148	-4.34715
13	2	1	21	3	2	1	5	-2.94433	-2.49613	-4.52678	-4.42703
14	10	27	16	19	10	5	7	-20.2923	-12.8412	-16.5022	-18.161
15	2	4	1	2	2	1	5	-2.78722	-3.66857	-4.13568	-4.01483
16	2	4	1	2	2	1	5	-2.78722	-3.66857	-4.13568	-4.01483
17	9	2	4	62	4	5	6	-3.72893	-5.24989	-5.78219	-6.21441
18	9	53	2	53	11	3	3	-29.332	-27.7769	-27.3511	-24.5255
19	2	4	1	2	2	1	5	-2.78722	-3.66857	-4.13568	-4.01483
20	2	4	1	2	2	1	5	-2.78722	-3.66857	-4.13568	-4.01483
21	4	7	10	4	1	7	1	-1.83317	-3.79325	-2.58213	-1.90996
22	2	4	1	2	2	1	5	-2.78722	-3.66857	-4.13568	-4.01483
23	1	4	2	2	6	3	17	-4.66855	-2.45267	-4.7401	-5.61195
24	4	7	10	4	1	7	1	-1.83317	-3.79325	-2.58213	-1.90996
25	2	1	21	3	2	1	5	-2.94433	-2.49613	-4.52678	-4.42703
26	8	10	2	2	11	12	6	-3.96671	-7.58796	-7.45572	-6.60813
27	2	4	2	2	6	1	5	-6.10657	-4.83867	-5.96399	-7.65921
28	2	1	12	3	2	1	5	-2.63703	-2.12379	-3.68923	-4.62147
29	2	4	1	2	2	1	5	-2.78722	-3.66857	-4.13568	-4.01483
30	4	7	10	4	1	7	1	-1.83317	-3.79325	-2.58213	-1.90996
31	10	1	16	19	10	5	7	-6.25925	-2.75013	-4.25068	-5.2253
32	1	2	3	4	5	9	3	-4.66253	-2.49268	-3.63791	-4.91639
33	2	4	1	2	2	1	5	-2.78722	-3.66857	-4.13568	-4.01483
34	2	4	1	2	2	1	5	-2.78722	-3.66857	-4.13568	-4.01483
35	2	4	1	2	2	1	5	-2.78722	-3.66857	-4.13568	-4.01483
36	4	7	10	4	1	7	1	-1.83317	-3.79325	-2.58213	-1.90996
37	129	66	30	82	189	47	17	-3.25617	-4.90015	-5.51454	-4.09445
38	2	1	12	3	357	1	5	-6.2485	-6.28605	-7.25962	-6.93175
39	9	2	4	62	4	5	6	-3.72893	-5.24989	-5.78219	-6.21441
40	2	1	1	3	2	1	5	-4.6314	-3.7923	-6.65078	-7.01968
41	2	1	12	3	357	1	5	-6.2485	-6.28605	-7.25962	-6.93175
42	2	1	5	3	2	3	5	-4.24633	-3.25503	-5.67197	-4.78466
43	2	1	5	3	2	3	5	-4.24633	-3.25503	-5.67197	-4.78466
44	2	4	1	2	2	1	5	-2.78722	-3.66857	-4.13568	-4.01483
45	2	4	1	2	2	1	5	-2.78722	-3.66857	-4.13568	-4.01483
46	2	4	2	2	6	1	5	-6.10657	-4.83867	-5.96399	-7.65921
47	1	4	2	2	6	3	17	-4.66855	-2.45267	-4.7401	-5.61195
48	2	1	21	3	2	1	5	-2.94433	-2.49613	-4.52678	-4.42703
49	2	1	2	3	2	3	5	-3.7701	-7.33045	-7.25393	-6.40594
50	2	1	21	3	2	1	5	-2.94433	-2.49613	-4.52678	-4.42703
51	7	17	2	15	23	3	12	-6.91353	-10.6009	-10.4043	-9.55426
52	2	4	1	2	7	1	5	-2.31813	-5.98455	-5.70586	-4.73724
53	9	2	4	62	4	5	6	-3.72893	-5.24989	-5.78219	-6.21441
54	2	4	1	2	7	1	5	-2.31813	-5.98455	-5.70586	-4.73724
55	9	2	4	62	4	5	6	-3.72893	-5.24989	-5.78219	-6.21441
56	2	1	12	88	2	1	5	-3.96154	-3.43566	-5.93925	-5.27273
57	2	1	5	3	2	3	5	-4.24633	-3.25503	-5.67197	-4.78466
58	2	4	1	2	2	1	5	-2.78722	-3.66857	-4.13568	-4.01483
59	9	2	4	62	4	5	6	-3.72893	-5.24989	-5.78219	-6.21441
60	2	1	5	3	2	3	5	-4.24633	-3.25503	-5.67197	-4.78466
61	2	4	1	2	2	1	5	-2.78722	-3.66857	-4.13568	-4.01483
62	2	4	1	2	2	1	5	-2.78722	-3.66857	-4.13568	-4.01483
63	2	4	1	2	2	1	5	-2.78722	-3.66857	-4.13568	-4.01483
64	2	4	1	2	2	1	5	-2.78722	-3.66857	-4.13568	-4.01483
65	2	4	1	2	2	1	5	-2.78722	-3.66857	-4.13568	-4.01483
66	2	4	1	2	2	1	5	-2.78722	-3.66857	-4.13568	-4.01483
67	1	2	215	4	90	24	8	-28.5772	-27.7127	-24.273	-20.1717
68	2	4	1	2	2	1	5	-2.78722	-3.66857	-4.13568	-4.01483
69	1	2	3	4	5	9	3	-4.66253	-2.49268	-3.63791	-4.91639
70	2	4	1	2	2	1	5	-2.78722	-3.66857	-4.13568	-4.01483
71	2	4	1	2	2	1	5	-2.78722	-3.66857	-4.13568	-4.01483
72	9	25	2	10	22	3	6	-4.47272	-7.4971	-5.95148	-4.34715
73	2	15	4	48	360	25	23	-6.66274	-8.52183	-5.65899	-4.91438
74	2	4	1	2	2	1	5	-2.78722	-3.66857	-4.13568	-4.01483
75	2	1	12	88	2	1	5	-3.96154	-3.43566	-5.93925	-5.27273
76	2	4	2	2	6	1	5	-6.10657	-4.83867	-5.96399	-7.65921
77	10	1	16	19	10	5	7	-6.25925	-2.75013	-4.25068	-5.2253
78	2	4	1	2	2	1	5	-2.78722	-3.66857	-4.13568	-4.01483
79	2	1	12	3	2	1	5	-2.63703	-2.12379	-3.68923	-4.62147
80	2	4	1	2	2	1	5	-2.78722	-3.66857	-4.13568	-4.01483
81	2	4	1	2	2	1	5	-2.78722	-3.66857	-4.13568	-4.01483
82	1	4	2	2	6	3	17	-4.66855	-2.45267	-4.7401	-5.61195
83	10	1	16	19	10	5	7	-6.25925	-2.75013	-4.25068	-5.2253
84	8	10	149	2	11	12	6	-4.89417	-3.97829	-5.74723	-6.96875
85	2	4	1	2	2	1	5	-2.78722	-3.66857	-4.13568	-4.01483
86	2	4	1	2	7	1	5	-2.31813	-5.98455	-5.70586	-4.73724
87	32	39	30	82	104	324	17	-8.28767	-4.68079	-7.76977	-9.20111
88	1	2	3	4	5	9	3	-4.66253	-2.49268	-3.63791	-4.91639
89	2	1	5	3	2	3	5	-4.24633	-3.25503	-5.67197	-4.78466
90	2	4	1	2	2	1	5	-2.78722	-3.66857	-4.13568	-4.01483
91	2	4	1	2	7	1	5	-2.31813	-5.98455	-5.70586	-4.73724
92	4	7	10	4	1	7	1	-1.83317	-3.79325	-2.58213	-1.90996
93	2	1	2	3	2	3	5	-3.7701	-7.33045	-7.25393	-6.40594
94	2	1	12	3	2	1	5	-2.63703	-2.12379	-3.68923	-4.62147
95	2	1	21	3	2	1	5	-2.94433	-2.49613	-4.52678	-4.42703
96	2	1	21	3	2	1	5	-2.94433	-2.49613	-4.52678	-4.42703
97	9	2	5	2	11	3	1	-29.0764	-31.5383	-28.3769	-26.3879
98	4	7	10	4	1	7	1	-1.83317	-3.79325	-2.58213	-1.90996
99	2	1	2	3	2	3	5	-3.7701	-7.33045	-7.25393	-6.40594
100	2	1	21	3	2	1	5	-2.94433	-2.49613	-4.52678	-4.42703
101	4	7	10	4	1	7	1	-1.83317	-3.79325	-2.58213	-1.90996
102	2	1	21	3	2	1	5	-2.94433	-2.49613	-4.52678	-4.42703
103	1	4	2	2	6	3	17	-4.66855	-2.45267	-4.7401	-5.61195
104	2	4	5	2	10	1	5	-6.90539	-10.5808	-10.3893	-9.54372
105	2	1	12	88	2	1	5	-3.96154	-3.43566	-5.93925	-5.27273
106	9	2	4	62	4	5	6	-3.72893	-5.24989	-5.78219	-6.21441
107	2	165	73	147	220	190	104	-8.50558	-9.02824	-6.93393	-5.25458
108	2	1	21	3	2	1	5	-2.94433	-2.49613	-4.52678	-4.42703
109	2	4	1	2	2	1	5	-2.78722	-3.66857	-4.13568	-4.01483
110	2	1	12	3	11	1	6	-18.7524	-17.6697	-20.5544	-20.8023
111	2	1	2	3	2	3	5	-3.7701	-7.33045	-7.25393	-6.40594
112	2	4	1	2	7	1	5	-2.31813	-5.98455	-5.70586	-4.73724
113	2	1	2	3	2	3	5	-3.7701	-7.33045	-7.25393	-6.40594
114	2	1	21	3	2	1	5	-2.94433	-2.49613	-4.52678	-4.42703
115	2	4	1	2	7	1	5	-2.31813	-5.98455	-5.70586	-4.73724
116	33	39	30	82	113	43	17	-9.73955	-6.4605	-6.11651	-8.25839
117	2	4	1	2	2	1	5	-2.78722	-3.66857	-4.13568	-4.01483
118	2	4	1	2	2	1	5	-2.78722	-3.66857	-4.13568	-4.01483
119	2	4	1	2	2	1	5	-2.78722	-3.66857	-4.13568	-4.01483
120	2	4	1	2	7	1	5	-2.31813	-5.98455	-5.70586	-4.73724
121	4	7	10	1	1	7	1	-5.28171	-8.6322	-5.9317	-6.03862
122	2	1	12	3	2	1	5	-2.63703	-2.12379	-3.68923	-4.62147
123	2	4	1	2	2	1	5	-2.78722	-3.66857	-4.13568	-4.01483
124	2	4	1	2	2	1	5	-2.78722	-3.66857	-4.13568	-4.01483
125	2	4	1	2	7	1	5	-2.31813	-5.98455	-5.70586	-4.73724
126	2	4	1	2	2	1	5	-2.78722	-3.66857	-4.13568	-4.01483
127	2	4	1	2	2	1	5	-2.78722	-3.66857	-4.13568	-4.01483
128	2	1	12	88	2	1	5	-3.96154	-3.43566	-5.93925	-5.27273
129	2	1	12	3	2	1	5	-2.63703	-2.12379	-3.68923	-4.62147
130	2	1	12	3	2	1	5	-2.63703	-2.12379	-3.68923	-4.62147
131	2	4	1	2	7	1	5	-2.31813	-5.98455	-5.70586	-4.73724
132	2	1	21	3	2	1	5	-2.94433	-2.49613	-4.52678	-4.42703
133	2	1	21	3	2	1	5	-2.94433	-2.49613	-4.52678	-4.42703
134	2	4	5	2	2	5	5	-3.6838	-7.297	-6.81542	-5.64332
135	2	1	21	3	2	1	5	-2.94433	-2.49613	-4.52678	-4.42703
136	1	4	2	2	6	3	1	-11.3619	-10.0432	-10.6457	-11.2088
137	2	1	5	3	2	3	5	-4.24633	-3.25503	-5.67197	-4.78466
138	2	1	5	3	2	3	5	-4.24633	-3.25503	-5.67197	-4.78466
139	4	7	10	4	1	7	1	-1.83317	-3.79325	-2.58213	-1.90996
140	8	10	2	2	11	12	6	-3.96671	-7.58796	-7.45572	-6.60813
141	2	1	2	3	2	3	5	-3.7701	-7.33045	-7.25393	-6.40594
142	2	1	5	3	2	3	5	-4.24633	-3.25503	-5.67197	-4.78466
143	2	1	2	3	2	3	5	-3.7701	-7.33045	-7.25393	-6.40594
144	129	66	30	82	189	47	17	-3.25617	-4.90015	-5.51454	-4.09445
145	2	4	1	2	2	1	5	-2.78722	-3.66857	-4.13568	-4.01483
146	2	4	1	2	2	1	5	-2.78722	-3.66857	-4.13568	-4.01483
147	7	21	5	62	4	61	44	-7.42141	-3.83456	-5.7678	-7.64749
148	2	4	1	2	2	1	5	-2.78722	-3.66857	-4.13568	-4.01483
149	2	937	1	2	2	1	5	-6.32039	-7.83359	-7.69842	-6.30722
150	1	14	2	2	6	1	17	-9.11736	-6.43177	-7.8308	-6.34422
151	1	4	2	2	6	3	17	-4.66855	-2.45267	-4.7401	-5.61195
152	8	10	149	2	11	12	6	-4.89417	-3.97829	-5.74723	-6.96875
153	2	1	12	3	2	1	5	-2.63703	-2.12379	-3.68923	-4.62147
154	9	30	2	2	89	59	6	-4.96585	-8.65455	-8.4574	-7.60722
155	1	2	3	4	5	9	3	-4.66253	-2.49268	-3.63791	-4.91639
156	2	4	1	2	2	1	5	-2.78722	-3.66857	-4.13568	-4.01483
157	2	4	1	2	2	1	5	-2.78722	-3.66857	-4.13568	-4.01483
158	180	194	2	68	19	231	147	-23.3571	-29.8441	-26.6509	-19.4988
159	2	4	1	2	2	1	5	-2.78722	-3.66857	-4.13568	-4.01483
160	2	4	1	2	2	1	5	-2.78722	-3.66857	-4.13568	-4.01483
161	2	4	1	2	2	1	5	-2.78722	-3.66857	-4.13568	-4.01483
162	4	7	10	4	1	7	1	-1.83317	-3.79325	-2.58213	-1.90996
163	2	4	1	2	2	1	5	-2.78722	-3.66857	-4.13568	-4.01483
164	2	1	21	3	2	1	5	-2.94433	-2.49613	-4.52678	-4.42703
165	2	4	1	2	7	1	5	-2.31813	-5.98455	-5.70586	-4.73724
166	2	4	1	2	2	1	5	-2.78722	-3.66857	-4.13568	-4.01483
167	10	1	16	19	10	5	7	-6.25925	-2.75013	-4.25068	-5.2253
168	104	7	10	4	1	7	1	-4.42191	-8.11625	-7.90039	-7.04607
169	2	4	1	2	2	1	5	-2.78722	-3.66857	-4.13568	-4.01483
170	10	27	16	19	10	5	7	-20.2923	-12.8412	-16.5022	-18.161
171	2	4	1	2	2	1	5	-2.78722	-3.66857	-4.13568	-4.01483
172	2	1	1	3	2	1	5	-4.6314	-3.7923	-6.65078	-7.01968
173	7	21	5	62	4	61	44	-7.42141	-3.83456	-5.7678	-7.64749
174	2	1	1	3	2	1	5	-4.6314	-3.7923	-6.65078	-7.01968
175	10	1	16	19	10	5	7	-6.25925	-2.75013	-4.25068	-5.2253
176	2	4	1	2	2	1	5	-2.78722	-3.66857	-4.13568	-4.01483
177	2	4	1	2	2	1	5	-2.78722	-3.66857	-4.13568	-4.01483
178	2	1	12	3	2	1	5	-2.63703	-2.12379	-3.68923	-4.62147
179	2	4	1	2	2	1	5	-2.78722	-3.66857	-4.13568	-4.01483
180	2	4	1	2	2	1	5	-2.78722	-3.66857	-4.13568	-4.01483
181	1	4	2	2	6	3	17	-4.66855	-2.45267	-4.7401	-5.61195
182	2	1	12	3	2	1	5	-2.63703	-2.12379	-3.68923	-4.62147
183	4	7	10	4	1	7	1	-1.83317	-3.79325	-2.58213	-1.90996
184	2	4	1	2	2	1	5	-2.78722	-3.66857	-4.13568	-4.01483
185	2	4	1	2	2	1	5	-2.78722	-3.66857	-4.13568	-4.01483
186	2	1	21	3	2	1	5	-2.94433	-2.49613	-4.52678	-4.42703
187	4	7	10	4	1	7	1	-1.83317	-3.79325	-2.58213	-1.90996
188	4	7	10	4	42	51	1	-2.93823	-4.66058	-4.86332	-3.74993
189	2	1	5	3	2	3	5	-4.24633	-3.25503	-5.67197	-4.78466
190	1	2	4	62	4	5	17	-6.11942	-4.8527	-7.78592	-8.39163
191	4	7	10	4	1	7	1	-1.83317	-3.79325	-2.58213	-1.90996
192	4	7	10	4	42	51	1	-2.93823	-4.66058	-4.86332	-3.74993
193	2	1	21	3	2	1	5	-2.94433	-2.49613	-4.52678	-4.42703
194	4	7	10	4	42	51	1	-2.93823	-4.66058	-4.86332	-3.74993
195	2	4	1	2	7	1	5	-2.31813	-5.98455	-5.70586	-4.73724
196	2	4	1	2	2	1	5	-2.78722	-3.66857	-4.13568	-4.01483
197	1	2	3	4	5	9	3	-4.66253	-2.49268	-3.63791	-4.91639
198	1	2	4	62	4	5	17	-6.11942	-4.8527	-7.78592	-8.39163
199	2	250	4	281	358	25	57	-27.9485	-29.5247	-21.0066	-18.0943
200	9	2	4	62	4	5	6	-3.72893	-5.24989	-5.78219	-6.21441
201	1	2	3	4	5	9	3	-4.66253	-2.49268	-3.63791	-4.91639
202	4	7	10	4	1	7	1	-1.83317	-3.79325	-2.58213	-1.90996
203	2	4	2	4	19	3	6	-5.80998	-9.49358	-9.29658	-8.44538
204	4	7	10	4	1	7	1	-1.83317	-3.79325	-2.58213	-1.90996
205	4	7	10	4	42	51	1	-2.93823	-4.66058	-4.86332	-3.74993
206	2	1	12	3	2	1	5	-2.63703	-2.12379	-3.68923	-4.62147
207	4	7	10	4	1	7	1	-1.83317	-3.79325	-2.58213	-1.90996
208	2	1	12	3	2	1	5	-2.63703	-2.12379	-3.68923	-4.62147
209	1	2	4	62	4	5	17	-6.11942	-4.8527	-7.78592	-8.39163
210	4	7	10	4	42	51	1	-2.93823	-4.66058	-4.86332	-3.74993
211	2	4	1	2	2	1	5	-2.78722	-3.66857	-4.13568	-4.01483
212	4	7	10	4	1	7	1	-1.83317	-3.79325	-2.58213	-1.90996
213	2	1	21	3	2	1	5	-2.94433	-2.49613	-4.52678	-4.42703
214	47	2	4	2	6	5	17	-11.3422	-11.1635	-6.14543	-8.32371
215	2	1	21	3	2	1	5	-2.94433	-2.49613	-4.52678	-4.42703
216	2	1	21	3	2	1	5	-2.94433	-2.49613	-4.52678	-4.42703
217	2	4	1	2	2	1	5	-2.78722	-3.66857	-4.13568	-4.01483
218	2	4	1	2	2	1	5	-2.78722	-3.66857	-4.13568	-4.01483
219	10	81	50	99	120	76	52	-6.67605	-6.37064	-5.23279	-5.15405
220	2	4	1	2	2	1	5	-2.78722	-3.66857	-4.13568	-4.01483
221	2	4	1	2	2	1	5	-2.78722	-3.66857	-4.13568	-4.01483
222	1	4	2	2	6	3	17	-4.66855	-2.45267	-4.7401	-5.61195
223	1	2	4	62	4	5	17	-6.11942	-4.8527	-7.78592	-8.39163
224	4	7	10	4	1	7	1	-1.83317	-3.79325	-2.58213	-1.90996
225	4	7	10	4	1	7	1	-1.83317	-3.79325	-2.58213	-1.90996
226	10	1	16	19	10	5	7	-6.25925	-2.75013	-4.25068	-5.2253
227	2	4	1	2	2	1	5	-2.78722	-3.66857	-4.13568	-4.01483
228	2	4	1	2	7	1	5	-2.31813	-5.98455	-5.70586	-4.73724
229	1	4	2	348	6	3	17	-8.97986	-5.36586	-8.45713	-9.8917
230	1	2	4	62	4	5	17	-6.11942	-4.8527	-7.78592	-8.39163
231	10	27	16	19	10	5	7	-20.2923	-12.8412	-16.5022	-18.161
232	1	4	2	2	6	3	17	-4.66855	-2.45267	-4.7401	-5.61195
233	4	7	10	4	42	51	1	-2.93823	-4.66058	-4.86332	-3.74993
234	2	4	1	2	2	1	5	-2.78722	-3.66857	-4.13568	-4.01483
235	2	1	12	3	2	1	5	-2.63703	-2.12379	-3.68923	-4.62147
236	2	1	12	88	2	1	5	-3.96154	-3.43566	-5.93925	-5.27273
237	2	4	1	2	7	1	5	-2.31813	-5.98455	-5.70586	-4.73724
238	2	1	12	3	2	1	5	-2.63703	-2.12379	-3.68923	-4.62147
239	1	4	2	2	6	3	17	-4.66855	-2.45267	-4.7401	-5.61195
240	2	1	4	28	58	25	58	-5.64283	-7.79652	-5.32827	-4.23524
241	2	1	5	3	2	3	5	-4.24633	-3.25503	-5.67197	-4.78466
242	2	1	12	3	2	1	5	-2.63703	-2.12379	-3.68923	-4.62147
243	2	4	1	2	2	1	5	-2.78722	-3.66857	-4.13568	-4.01483
244	2	1	5	10	11	1	5	-27.0952	-22.4179	-24.3999	-25.2787
245	2	1	12	3	2	1	5	-2.63703	-2.12379	-3.68923	-4.62147
246	2	1	12	88	2	1	5	-3.96154	-3.43566	-5.93925	-5.27273
247	2	1	12	3	2	1	5	-2.63703	-2.12379	-3.68923	-4.62147
248	2	1	12	3	2	1	5	-2.63703	-2.12379	-3.68923	-4.62147
249	1	4	2	2	6	3	17	-4.66855	-2.45267	-4.7401	-5.61195
250	9	2	4	62	4	5	6	-3.72893	-5.24989	-5.78219	-6.21441
251	2	1	12	3	2	1	5	-2.63703	-2.12379	-3.68923	-4.62147
252	8	10	149	2	11	12	6	-4.89417	-3.97829	-5.74723	-6.96875
253	2	1	21	3	2	1	5	-2.94433	-2.49613	-4.52678	-4.42703
254	1	2	3	4	5	9	3	-4.66253	-2.49268	-3.63791	-4.91639
255	2	1	5	3	2	3	5	-4.24633	-3.25503	-5.67197	-4.78466
256	1	307	3	4	5	9	3	-6.86019	-6.44307	-6.0902	-8.01206
257	1	4	2	2	6	3	17	-4.66855	-2.45267	-4.7401	-5.61195
258	2	4	1	2	7	1	5	-2.31813	-5.98455	-5.70586	-4.73724
259	2	4	1	2	2	1	5	-2.78722	-3.66857	-4.13568	-4.01483
260	2	61	4	64	126	7	23	-5.97801	-7.90193	-5.92169	-4.25226
261	7	21	5	62	4	61	44	-7.42141	-3.83456	-5.7678	-7.64749
262	2	1	12	3	2	1	5	-2.63703	-2.12379	-3.68923	-4.62147
263	2	4	1	2	2	1	5	-2.78722	-3.66857	-4.13568	-4.01483
264	2	1	12	3	2	1	5	-2.63703	-2.12379	-3.68923	-4.62147
265	2	1	21	3	2	1	5	-2.94433	-2.49613	-4.52678	-4.42703
266	2	1	21	3	2	1	5	-2.94433	-2.49613	-4.52678	-4.42703
267	2	4	1	2	2	1	5	-2.78722	-3.66857	-4.13568	-4.01483
268	2	4	1	2	2	1	5	-2.78722	-3.66857	-4.13568	-4.01483
269	2	4	1	2	7	1	5	-2.31813	-5.98455	-5.70586	-4.73724
270	4	7	10	4	1	7	1	-1.83317	-3.79325	-2.58213	-1.90996
271	1	2	4	62	4	5	17	-6.11942	-4.8527	-7.78592	-8.39163
272	4	1	21	3	2	1	5	-9.71774	-10.1812	-10.5554	-10.0874
273	10	1	16	19	10	5	7	-6.25925	-2.75013	-4.25068	-5.2253
274	33	283	44	82	189	44	17	-6.99376	-3.47413	-5.55484	-6.06878
275	2	1	12	3	2	1	5	-2.63703	-2.12379	-3.68923	-4.62147
276	10	81	50	99	120	76	52	-6.67605	-6.37064	-5.23279	-5.15405
277	4	7	10	4	42	25	1	-8.42367	-8.91579	-5.75615	-5.18091
278	2	4	1	2	2	1	5	-2.78722	-3.66857	-4.13568	-4.01483
279	2	4	5	2	10	1	5	-6.90539	-10.5808	-10.3893	-9.54372
280	2	4	1	2	2	1	5	-2.78722	-3.66857	-4.13568	-4.01483
281	9	2	4	62	4	5	6	-3.72893	-5.24989	-5.78219	-6.21441
282	4	7	10	4	1	7	1	-1.83317	-3.79325	-2.58213	-1.90996
283	2	1	12	3	2	1	5	-2.63703	-2.12379	-3.68923	-4.62147
284	9	2	4	62	4	5	6	-3.72893	-5.24989	-5.78219	-6.21441
285	9	2	4	62	4	5	6	-3.72893	-5.24989	-5.78219	-6.21441
286	2	4	1	2	2	1	5	-2.78722	-3.66857	-4.13568	-4.01483
287	2	1	12	88	2	1	5	-3.96154	-3.43566	-5.93925	-5.27273
288	2	1	21	3	2	1	5	-2.94433	-2.49613	-4.52678	-4.42703
289	33	39	30	79	113	44	17	-25.9208	-24.316	-25.0404	-26.7568
290	1	2	3	4	5	9	3	-4.66253	-2.49268	-3.63791	-4.91639
291	1	4	2	2	6	3	17	-4.66855	-2.45267	-4.7401	-5.61195
292	9	2	4	62	4	5	6	-3.72893	-5.24989	-5.78219	-6.21441
293	2	1	12	3	2	1	5	-2.63703	-2.12379	-3.68923	-4.62147
294	2	1	5	3	2	5	5	-5.59699	-2.8344	-4.13344	-5.5238
295	2	1	5	3	2	5	5	-5.59699	-2.8344	-4.13344	-5.5238
296	2	4	1	2	2	1	5	-2.78722	-3.66857	-4.13568	-4.01483
297	2	4	1	2	2	1	5	-2.78722	-3.66857	-4.13568	-4.01483
298	2	1	21	3	2	1	5	-2.94433	-2.49613	-4.52678	-4.42703
299	32	39	30	82	104	324	17	-8.28767	-4.68079	-7.76977	-9.20111
300	2	1	12	3	2	1	5	-2.63703	-2.12379	-3.68923	-4.62147
301	4	7	10	4	1	7	1	-1.83317	-3.79325	-2.58213	-1.90996
302	1	4	2	2	6	3	5	-8.83143	-5.27099	-8.36483	-9.78623
303	2	1	21	3	2	1	5	-2.94433	-2.49613	-4.52678	-4.42703
304	4	7	10	4	42	51	1	-2.93823	-4.66058	-4.86332	-3.74993
305	2	4	1	2	7	1	5	-2.31813	-5.98455	-5.70586	-4.73724
306	7	21	5	62	4	61	44	-7.42141	-3.83456	-5.7678	-7.64749
307	104	7	10	4	1	7	1	-4.42191	-8.11625	-7.90039	-7.04607
308	9	25	2	10	22	3	6	-4.47272	-7.4971	-5.95148	-4.34715
309	2	4	2	2	6	3	17	-10.7725	-7.70055	-10.3354	-11.0252
310	2	4	1	2	7	1	5	-2.31813	-5.98455	-5.70586	-4.73724
311	129	66	30	82	189	47	17	-3.25617	-4.90015	-5.51454	-4.09445
312	33	39	30	82	104	173	68	-5.40766	-3.98353	-6.94282	-7.63058
313	2	1	12	3	2	1	5	-2.63703	-2.12379	-3.68923	-4.62147
314	2	1	1	3	2	1	5	-4.6314	-3.7923	-6.65078	-7.01968
315	7	21	5	62	4	61	44	-7.42141	-3.83456	-5.7678	-7.64749
316	2	1	21	3	2	1	5	-2.94433	-2.49613	-4.52678	-4.42703
317	4	7	10	4	1	7	1	-1.83317	-3.79325	-2.58213	-1.90996
318	10	2	107	62	120	76	1	-6.84727	-9.64459	-7.9417	-6.31255
319	4	7	10	4	1	7	1	-1.83317	-3.79325	-2.58213	-1.90996
320	2	1	12	3	2	1	5	-2.63703	-2.12379	-3.68923	-4.62147
321	2	1	5	3	2	3	5	-4.24633	-3.25503	-5.67197	-4.78466
322	4	7	10	4	1	7	1	-1.83317	-3.79325	-2.58213	-1.90996
323	2	1	12	88	2	1	5	-3.96154	-3.43566	-5.93925	-5.27273
324	4	7	10	4	42	7	1	-6.53746	-8.31268	-5.53901	-4.6652
325	4	7	10	4	42	51	1	-2.93823	-4.66058	-4.86332	-3.74993
326	2	1	21	3	2	1	5	-2.94433	-2.49613	-4.52678	-4.42703
327	2	1	12	3	2	1	5	-2.63703	-2.12379	-3.68923	-4.62147
328	4	7	10	4	1	7	1	-1.83317	-3.79325	-2.58213	-1.90996
329	2	4	1	2	7	1	5	-2.31813	-5.98455	-5.70586	-4.73724
330	4	7	10	4	1	7	1	-1.83317	-3.79325	-2.58213	-1.90996
331	2	1	12	3	2	1	5	-2.63703	-2.12379	-3.68923	-4.62147
332	4	7	10	4	1	7	1	-1.83317	-3.79325	-2.58213	-1.90996
333	4	7	10	4	1	7	1	-1.83317	-3.79325	-2.58213	-1.90996
334	1	4	2	2	6	3	17	-4.66855	-2.45267	-4.7401	-5.61195
335	2	4	1	2	2	1	5	-2.78722	-3.66857	-4.13568	-4.01483
336	4	7	10	4	1	7	1	-1.83317	-3.79325	-2.58213	-1.90996
337	7	17	2	15	23	3	12	-6.91353	-10.6009	-10.4043	-9.55426
338	2	1	5	3	2	3	5	-4.24633	-3.25503	-5.67197	-4.78466
339	4	7	10	4	1	7	1	-1.83317	-3.79325	-2.58213	-1.90996
340	4	7	10	4	1	7	1	-1.83317	-3.79325	-2.58213	-1.90996
341	4	7	10	4	42	51	1	-2.93823	-4.66058	-4.86332	-3.74993
342	2	4	1	2	2	1	5	-2.78722	-3.66857	-4.13568	-4.01483
343	2	1	12	88	2	1	5	-3.96154	-3.43566	-5.93925	-5.27273
344	2	1	1	3	2	1	5	-4.6314	-3.7923	-6.65078	-7.01968
345	1	2	3	4	5	9	3	-4.66253	-2.49268	-3.63791	-4.91639
346	2	1	12	88	2	1	5	-3.96154	-3.43566	-5.93925	-5.27273
347	2	1	1	3	2	1	5	-4.6314	-3.7923	-6.65078	-7.01968
348	24	17	2	10	23	68	5	-9.38535	-5.77755	-8.86743	-10.2991
349	4	7	10	4	1	7	1	-1.83317	-3.79325	-2.58213	-1.90996
350	2	1	21	3	2	1	5	-2.94433	-2.49613	-4.52678	-4.42703
351	1	4	2	2	6	3	17	-4.66855	-2.45267	-4.7401	-5.61195
352	2	1	5	3	2	3	5	-4.24633	-3.25503	-5.67197	-4.78466
353	4	7	10	4	1	7	1	-1.83317	-3.79325	-2.58213	-1.90996
354	2	1	1	3	2	1	5	-4.6314	-3.7923	-6.65078	-7.01968
355	2	1	12	3	2	1	5	-2.63703	-2.12379	-3.68923	-4.62147
356	8	10	149	2	11	12	6	-4.89417	-3.97829	-5.74723	-6.96875
357	2	4	1	2	2	5	5	-6.82489	-6.41123	-9.05205	-9.25481
358	10	1	16	19	10	5	7	-6.25925	-2.75013	-4.25068	-5.2253
359	24	17	2	10	23	68	5	-9.38535	-5.77755	-8.86743	-10.2991
360	1	2	4	62	4	5	17	-6.11942	-4.8527	-7.78592	-8.39163
361	2	4	1	2	7	1	5	-2.31813	-5.98455	-5.70586	-4.73724
362	7	71	5	62	11	67	6	-28.3183	-27.6431	-28.8648	-27.264
363	7	17	5	2	10	3	6	-25.4367	-24.0133	-23.9582	-22.8335
364	2	1	5	3	2	3	5	-4.24633	-3.25503	-5.67197	-4.78466
365	9	2	4	62	4	5	6	-3.72893	-5.24989	-5.78219	-6.21441
366	33	38	30	82	104	325	36	-13.6906	-10.6452	-13.1333	-13.3041
367	2	4	1	2	7	1	5	-2.31813	-5.98455	-5.70586	-4.73724
368	47	2	4	2	6	5	17	-11.3422	-11.1635	-6.14543	-8.32371
369	2	1	12	88	2	1	5	-3.96154	-3.43566	-5.93925	-5.27273
370	2	1	12	88	2	1	5	-3.96154	-3.43566	-5.93925	-5.27273
371	2	1	12	88	2	1	5	-3.96154	-3.43566	-5.93925	-5.27273
372	2	1	12	88	2	1	5	-3.96154	-3.43566	-5.93925	-5.27273
373	2	4	1	2	2	1	5	-2.78722	-3.66857	-4.13568	-4.01483
374	2	1	12	88	2	1	5	-3.96154	-3.43566	-5.93925	-5.27273
375	1	1	2	2	6	3	17	-9.85852	-6.17922	-9.24178	-10.6572
376	2	1	12	88	2	1	5	-3.96154	-3.43566	-5.93925	-5.27273
377	2	1	12	88	2	1	5	-3.96154	-3.43566	-5.93925	-5.27273
378	2	4	1	2	2	1	5	-2.78722	-3.66857	-4.13568	-4.01483
379	2	1	12	88	2	1	5	-3.96154	-3.43566	-5.93925	-5.27273
380	2	1	5	3	2	3	5	-4.24633	-3.25503	-5.67197	-4.78466
381	4	7	10	4	1	7	1	-1.83317	-3.79325	-2.58213	-1.90996
382	2	1	12	3	2	1	5	-2.63703	-2.12379	-3.68923	-4.62147
383	1	2	4	62	4	5	17	-6.11942	-4.8527	-7.78592	-8.39163
384	1	4	2	2	6	3	17	-4.66855	-2.45267	-4.7401	-5.61195
385	2	1	12	3	2	1	5	-2.63703	-2.12379	-3.68923	-4.62147
386	2	1	12	88	2	1	5	-3.96154	-3.43566	-5.93925	-5.27273
387	9	2	4	62	4	5	6	-3.72893	-5.24989	-5.78219	-6.21441
388	2	4	1	2	7	1	5	-2.31813	-5.98455	-5.70586	-4.73724
389	2	1	5	3	2	3	5	-4.24633	-3.25503	-5.67197	-4.78466
390	7	21	5	62	4	61	44	-7.42141	-3.83456	-5.7678	-7.64749
391	1	2	215	4	90	24	8	-28.5772	-27.7127	-24.273	-20.1717
392	2	1	21	3	2	1	5	-2.94433	-2.49613	-4.52678	-4.42703
393	1	4	2	2	6	3	17	-4.66855	-2.45267	-4.7401	-5.61195
394	2	4	1	2	2	1	5	-2.78722	-3.66857	-4.13568	-4.01483
395	2	1	12	3	2	1	5	-2.63703	-2.12379	-3.68923	-4.62147
396	1	2	3	4	5	9	3	-4.66253	-2.49268	-3.63791	-4.91639
397	2	1	5	3	2	3	5	-4.24633	-3.25503	-5.67197	-4.78466
398	10	1	16	19	10	5	7	-6.25925	-2.75013	-4.25068	-5.2253
399	2	1	2	3	2	959	5	-7.37827	-10.9419	-10.7868	-8.70994
400	10	1	16	19	10	5	7	-6.25925	-2.75013	-4.25068	-5.2253
401	2	4	1	2	7	1	5	-2.31813	-5.98455	-5.70586	-4.73724
402	2	1	12	3	2	1	5	-2.63703	-2.12379	-3.68923	-4.62147
403	8	10	149	2	11	12	6	-4.89417	-3.97829	-5.74723	-6.96875
404	2	4	1	2	7	1	5	-2.31813	-5.98455	-5.70586	-4.73724
405	4	7	10	4	1	7	1	-1.83317	-3.79325	-2.58213	-1.90996
406	4	7	10	4	1	7	1	-1.83317	-3.79325	-2.58213	-1.90996
407	2	4	5	2	2	5	5	-3.6838	-7.297	-6.81542	-5.64332
408	2	1	12	3	2	1	5	-2.63703	-2.12379	-3.68923	-4.62147
409	166	2	27	10	151	3	1	-30.1957	-32.9631	-29.0702	-23.9232
410	33	39	30	79	113	44	17	-25.9208	-24.316	-25.0404	-26.7568
411	7	17	2	15	23	3	12	-6.91353	-10.6009	-10.4043	-9.55426
412	1	2	3	4	5	9	3	-4.66253	-2.49268	-3.63791	-4.91639
413	2	4	1	2	7	1	5	-2.31813	-5.98455	-5.70586	-4.73724
414	7	21	5	62	4	61	44	-7.42141	-3.83456	-5.7678	-7.64749
415	2	1	12	3	2	1	5	-2.63703	-2.12379	-3.68923	-4.62147
416	1	2	3	4	5	9	3	-4.66253	-2.49268	-3.63791	-4.91639
417	2	1	5	88	2	11	5	-8.88529	-5.35326	-6.04321	-8.12914
418	2	4	1	2	7	1	5	-2.31813	-5.98455	-5.70586	-4.73724
419	2	1	21	3	2	1	5	-2.94433	-2.49613	-4.52678	-4.42703
420	7	17	2	15	23	3	12	-6.91353	-10.6009	-10.4043	-9.55426
421	2	1	5	88	2	11	5	-8.88529	-5.35326	-6.04321	-8.12914
422	47	2	4	2	6	5	17	-11.3422	-11.1635	-6.14543	-8.32371
423	1	2	3	4	5	9	3	-4.66253	-2.49268	-3.63791	-4.91639
424	7	17	2	15	23	3	12	-6.91353	-10.6009	-10.4043	-9.55426
425	2	4	1	2	2	1	5	-2.78722	-3.66857	-4.13568	-4.01483
426	2	4	1	2	2	1	5	-2.78722	-3.66857	-4.13568	-4.01483
427	2	4	1	2	2	1	5	-2.78722	-3.66857	-4.13568	-4.01483
428	2	1	12	3	2	1	5	-2.63703	-2.12379	-3.68923	-4.62147
429	2	4	5	2	2	5	5	-3.6838	-7.297	-6.81542	-5.64332
430	2	1	21	3	2	1	5	-2.94433	-2.49613	-4.52678	-4.42703
431	4	7	10	4	42	25	1	-8.42367	-8.91579	-5.75615	-5.18091
432	1	4	2	2	6	3	17	-4.66855	-2.45267	-4.7401	-5.61195
433	1	2	215	4	923	24	8	-28.5772	-27.7127	-24.273	-20.1717
434	1	2	3	4	5	9	3	-4.66253	-2.49268	-3.63791	-4.91639
435	2	1	1	3	2	1	5	-4.6314	-3.7923	-6.65078	-7.01968
436	1	4	2	2	6	3	17	-4.66855	-2.45267	-4.7401	-5.61195
437	2	4	1	2	2	1	5	-2.78722	-3.66857	-4.13568	-4.01483
438	2	1	5	3	2	5	5	-5.59699	-2.8344	-4.13344	-5.5238
439	4	7	10	4	42	51	1	-2.93823	-4.66058	-4.86332	-3.74993
440	4	7	10	4	1	7	1	-1.83317	-3.79325	-2.58213	-1.90996
441	4	7	10	4	1	7	1	-1.83317	-3.79325	-2.58213	-1.90996
442	4	7	10	4	1	7	1	-1.83317	-3.79325	-2.58213	-1.90996
443	2	1	21	3	2	1	5	-2.94433	-2.49613	-4.52678	-4.42703
444	2	1	21	3	2	1	5	-2.94433	-2.49613	-4.52678	-4.42703
445	2	4	1	2	7	1	5	-2.31813	-5.98455	-5.70586	-4.73724
446	4	7	10	4	1	7	1	-1.83317	-3.79325	-2.58213	-1.90996
447	4	7	10	4	1	7	1	-1.83317	-3.79325	-2.58213	-1.90996
448	2	1	1	3	2	1	5	-4.6314	-3.7923	-6.65078	-7.01968
449	2	1	21	3	2	1	5	-2.94433	-2.49613	-4.52678	-4.42703
450	2	1	21	3	2	1	5	-2.94433	-2.49613	-4.52678	-4.42703
451	4	7	10	4	42	51	1	-2.93823	-4.66058	-4.86332	-3.74993
452	4	7	10	1	1	7	1	-5.28171	-8.6322	-5.9317	-6.03862
453	239	27	16	19	10	5	7	-10.0809	-6.47257	-9.561	-10.9936
454	2	1	12	3	2	1	5	-2.63703	-2.12379	-3.68923	-4.62147
455	2	4	1	2	2	1	5	-2.78722	-3.66857	-4.13568	-4.01483
456	2	1	12	3	2	1	5	-2.63703	-2.12379	-3.68923	-4.62147
457	2	1	12	3	2	1	5	-2.63703	-2.12379	-3.68923	-4.62147
458	10	81	50	99	120	76	52	-6.67605	-6.37064	-5.23279	-5.15405
459	47	2	4	2	6	5	17	-11.3422	-11.1635	-6.14543	-8.32371
460	2	4	1	3	2	1	5	-6.83874	-8.67919	-9.75686	-9.35301
461	4	7	10	4	1	7	1	-1.83317	-3.79325	-2.58213	-1.90996
462	2	1	1	380	2	1	5	-6.17047	-5.74308	-8.49941	-8.63901
463	2	4	1	2	7	1	5	-2.31813	-5.98455	-5.70586	-4.73724
464	2	1	12	88	2	1	5	-3.96154	-3.43566	-5.93925	-5.27273
465	7	71	5	62	11	67	1	-29.8205	-27.8446	-27.8001	-26.837
466	2	4	1	2	7	1	5	-2.31813	-5.98455	-5.70586	-4.73724
467	4	7	10	4	1	7	1	-1.83317	-3.79325	-2.58213	-1.90996
468	2	1	1	380	2	1	5	-6.17047	-5.74308	-8.49941	-8.63901
469	2	4	1	2	2	1	5	-2.78722	-3.66857	-4.13568	-4.01483
470	2	1	12	3	2	1	5	-2.63703	-2.12379	-3.68923	-4.62147
471	1	14	2	2	6	1	17	-9.11736	-6.43177	-7.8308	-6.34422
472	1	2	4	62	4	5	17	-6.11942	-4.8527	-7.78592	-8.39163
473	4	7	10	4	1	7	1	-1.83317	-3.79325	-2.58213	-1.90996
474	2	1	21	3	2	1	5	-2.94433	-2.49613	-4.52678	-4.42703
475	2	4	1	2	2	1	5	-2.78722	-3.66857	-4.13568	-4.01483
476	1	4	2	2	6	3	17	-4.66855	-2.45267	-4.7401	-5.61195
477	4	7	10	4	1	7	1	-1.83317	-3.79325	-2.58213	-1.90996
478	10	2	107	62	120	76	1	-6.84727	-9.64459	-7.9417	-6.31255
479	2	1	12	3	2	1	5	-2.63703	-2.12379	-3.68923	-4.62147
480	2	1	5	3	2	3	5	-4.24633	-3.25503	-5.67197	-4.78466
481	2	1	21	3	2	1	5	-2.94433	-2.49613	-4.52678	-4.42703
482	1	2	3	4	5	9	3	-4.66253	-2.49268	-3.63791	-4.91639
483	1	307	3	4	5	9	3	-6.86019	-6.44307	-6.0902	-8.01206
484	7	2	5	2	10	3	6	-31.2686	-27.8291	-28.6668	-28.7207
485	1	2	3	4	5	9	3	-4.66253	-2.49268	-3.63791	-4.91639
486	33	39	30	82	104	173	68	-5.40766	-3.98353	-6.94282	-7.63058
487	4	7	10	4	42	7	1	-6.53746	-8.31268	-5.53901	-4.6652
488	2	1	12	88	2	1	5	-3.96154	-3.43566	-5.93925	-5.27273
489	2	4	1	2	2	1	5	-2.78722	-3.66857	-4.13568	-4.01483
490	2	1	21	3	2	1	5	-2.94433	-2.49613	-4.52678	-4.42703
491	9	2	4	62	4	5	6	-3.72893	-5.24989	-5.78219	-6.21441
492	2	1	5	3	2	3	5	-4.24633	-3.25503	-5.67197	-4.78466
493	4	7	10	4	1	7	1	-1.83317	-3.79325	-2.58213	-1.90996
494	2	1	57	26	127	29	35	-6.89702	-10.1421	-6.12792	-8.055
495	2	1	57	26	127	29	35	-6.89702	-10.1421	-6.12792	-8.055
496	2	4	2	4	19	3	6	-5.80998	-9.49358	-9.29658	-8.44538
497	2	1	12	3	2	1	5	-2.63703	-2.12379	-3.68923	-4.62147
498	2	4	1	2	2	1	5	-2.78722	-3.66857	-4.13568	-4.01483
499	2	4	1	2	2	1	5	-2.78722	-3.66857	-4.13568	-4.01483
500	2	1	21	3	2	1	5	-2.94433	-2.49613	-4.52678	-4.42703
501	33	39	65	79	104	43	17	-4.61014	-8.29814	-8.10098	-7.25162
502	1	14	2	2	6	1	17	-9.11736	-6.43177	-7.8308	-6.34422
503	2	1	12	3	2	1	5	-2.63703	-2.12379	-3.68923	-4.62147
504	7	21	5	62	4	61	44	-7.42141	-3.83456	-5.7678	-7.64749
505	9	2	4	62	4	5	6	-3.72893	-5.24989	-5.78219	-6.21441
506	129	66	30	82	189	47	17	-3.25617	-4.90015	-5.51454	-4.09445
507	2	1	21	3	2	1	5	-2.94433	-2.49613	-4.52678	-4.42703
508	47	2	4	2	6	5	17	-11.3422	-11.1635	-6.14543	-8.32371
509	2	4	1	2	7	1	5	-2.31813	-5.98455	-5.70586	-4.73724
510	33	38	30	82	104	325	36	-13.6906	-10.6452	-13.1333	-13.3041
511	1	4	2	2	6	3	17	-4.66855	-2.45267	-4.7401	-5.61195
512	1	4	2	2	6	3	17	-4.66855	-2.45267	-4.7401	-5.61195
513	2	4	1	2	2	1	5	-2.78722	-3.66857	-4.13568	-4.01483
514	4	7	10	4	1	7	1	-1.83317	-3.79325	-2.58213	-1.90996
515	33	283	44	82	189	44	17	-6.99376	-3.47413	-5.55484	-6.06878
516	8	10	149	2	11	12	6	-4.89417	-3.97829	-5.74723	-6.96875
517	2	1	21	3	62	1	5	-5.80725	-9.48067	-9.29463	-8.44684
518	10	1	16	19	10	5	7	-6.25925	-2.75013	-4.25068	-5.2253
519	180	194	2	68	19	231	147	-23.3571	-29.8441	-26.6509	-19.4988
520	2	4	1	2	7	1	5	-2.31813	-5.98455	-5.70586	-4.73724
521	2	4	2	2	6	1	5	-6.10657	-4.83867	-5.96399	-7.65921
522	1	2	3	4	5	9	3	-4.66253	-2.49268	-3.63791	-4.91639
523	2	1	21	3	2	1	5	-2.94433	-2.49613	-4.52678	-4.42703
524	2	1	12	3	2	1	5	-2.63703	-2.12379	-3.68923	-4.62147
525	2	1	5	3	2	3	5	-4.24633	-3.25503	-5.67197	-4.78466
526	1	307	3	4	5	9	3	-6.86019	-6.44307	-6.0902	-8.01206
527	2	4	1	2	7	1	5	-2.31813	-5.98455	-5.70586	-4.73724
528	2	1	12	3	2	1	5	-2.63703	-2.12379	-3.68923	-4.62147
529	7	21	5	62	4	61	44	-7.42141	-3.83456	-5.7678	-7.64749
530	2	1	5	3	2	3	5	-4.24633	-3.25503	-5.67197	-4.78466
531	2	1	12	88	2	1	5	-3.96154	-3.43566	-5.93925	-5.27273
532	2	1	21	3	2	1	5	-2.94433	-2.49613	-4.52678	-4.42703
533	1	4	2	2	6	3	17	-4.66855	-2.45267	-4.7401	-5.61195
534	2	4	1	2	7	1	5	-2.31813	-5.98455	-5.70586	-4.73724
535	47	2	4	2	6	5	17	-11.3422	-11.1635	-6.14543	-8.32371
536	1	4	2	2	6	3	17	-4.66855	-2.45267	-4.7401	-5.61195
537	1	2	3	4	5	9	3	-4.66253	-2.49268	-3.63791	-4.91639
538	2	4	1	2	2	1	5	-2.78722	-3.66857	-4.13568	-4.01483
539	4	7	10	4	42	7	1	-6.53746	-8.31268	-5.53901	-4.6652
540	2	4	1	9	2	1	5	-6.38293	-7.83839	-7.70593	-6.32242
541	2	1	12	3	2	1	5	-2.63703	-2.12379	-3.68923	-4.62147
542	1	4	2	9	6	3	17	-8.26728	-6.57232	-8.28833	-7.9098
543	1	2	3	4	922	9	3	-8.27318	-6.66417	-7.20981	-7.22733
544	4	7	10	4	1	7	1	-1.83317	-3.79325	-2.58213	-1.90996
545	2	1	5	3	2	3	5	-4.24633	-3.25503	-5.67197	-4.78466
546	2	4	1	2	7	1	5	-2.31813	-5.98455	-5.70586	-4.73724
547	4	7	10	4	1	7	1	-1.83317	-3.79325	-2.58213	-1.90996
548	2	4	1	2	2	1	5	-2.78722	-3.66857	-4.13568	-4.01483
549	2	1	21	3	2	1	5	-2.94433	-2.49613	-4.52678	-4.42703
550	4	7	10	4	1	7	1	-1.83317	-3.79325	-2.58213	-1.90996
551	1	4	2	2	6	3	17	-4.66855	-2.45267	-4.7401	-5.61195
552	2	1	5	3	2	5	5	-5.59699	-2.8344	-4.13344	-5.5238
553	2	1	12	3	2	1	5	-2.63703	-2.12379	-3.68923	-4.62147
554	4	936	10	4	1	7	1	-5.43866	-7.96237	-6.12698	-4.22207
555	180	194	2	68	19	231	147	-23.3571	-29.8441	-26.6509	-19.4988
556	4	7	10	4	42	51	1	-2.93823	-4.66058	-4.86332	-3.74993
557	4	7	10	4	42	25	1	-8.42367	-8.91579	-5.75615	-5.18091
558	2	1	21	3	2	1	5	-2.94433	-2.49613	-4.52678	-4.42703
559	2	1	5	3	2	3	5	-4.24633	-3.25503	-5.67197	-4.78466
560	2	1	5	3	2	3	5	-4.24633	-3.25503	-5.67197	-4.78466
561	4	7	10	4	42	51	1	-2.93823	-4.66058	-4.86332	-3.74993
562	4	7	10	4	1	7	1	-1.83317	-3.79325	-2.58213	-1.90996
563	2	4	1	2	7	1	5	-2.31813	-5.98455	-5.70586	-4.73724
564	2	1	21	3	2	1	5	-2.94433	-2.49613	-4.52678	-4.42703
565	1	4	2	2	6	3	17	-4.66855	-2.45267	-4.7401	-5.61195
566	188	313	5	2	89	5	6	-39.5207	-36.4221	-37.9104	-39.6219
567	2	1	21	3	2	1	5	-2.94433	-2.49613	-4.52678	-4.42703
568	2	1	1	3	2	1	5	-4.6314	-3.7923	-6.65078	-7.01968
569	2	1	5	3	2	3	5	-4.24633	-3.25503	-5.67197	-4.78466
570	2	4	1	2	2	1	5	-2.78722	-3.66857	-4.13568	-4.01483
571	2	1	5	3	2	3	5	-4.24633	-3.25503	-5.67197	-4.78466
572	2	1	1	3	2	1	5	-4.6314	-3.7923	-6.65078	-7.01968
573	2	1	5	3	2	3	5	-4.24633	-3.25503	-5.67197	-4.78466
574	1	4	2	2	6	3	17	-4.66855	-2.45267	-4.7401	-5.61195
575	1	4	2	2	6	3	17	-4.66855	-2.45267	-4.7401	-5.61195
576	2	1	21	3	2	1	5	-2.94433	-2.49613	-4.52678	-4.42703
577	239	27	16	19	10	5	7	-10.0809	-6.47257	-9.561	-10.9936
578	2	4	5	2	2	5	5	-3.6838	-7.297	-6.81542	-5.64332
579	9	2	4	62	4	5	6	-3.72893	-5.24989	-5.78219	-6.21441
580	2	1	1	3	2	1	5	-4.6314	-3.7923	-6.65078	-7.01968
581	2	1	5	3	2	3	5	-4.24633	-3.25503	-5.67197	-4.78466
582	1	4	2	2	6	3	17	-4.66855	-2.45267	-4.7401	-5.61195
583	2	4	5	2	2	5	5	-3.6838	-7.297	-6.81542	-5.64332
584	2	4	5	2	2	5	5	-3.6838	-7.297	-6.81542	-5.64332
585	2	1	5	3	2	3	5	-4.24633	-3.25503	-5.67197	-4.78466
586	2	1	1	380	2	1	5	-6.17047	-5.74308	-8.49941	-8.63901
587	2	7	10	4	1	7	1	-6.58192	-8.85162	-8.07384	-7.21934
588	2	1	12	3	2	1	5	-2.63703	-2.12379	-3.68923	-4.62147
589	2	4	1	2	2	1	5	-2.78722	-3.66857	-4.13568	-4.01483
590	9	2	4	62	4	5	6	-3.72893	-5.24989	-5.78219	-6.21441
591	2	4	5	2	2	5	5	-3.6838	-7.297	-6.81542	-5.64332
592	1	4	2	2	6	3	17	-4.66855	-2.45267	-4.7401	-5.61195
593	1	4	2	2	6	5	17	-12.7761	-8.76378	-11.7194	-13.7488
594	2	4	2	2	6	1	5	-6.10657	-4.83867	-5.96399	-7.65921
595	1	4	2	2	6	5	17	-12.7761	-8.76378	-11.7194	-13.7488
596	2	23	21	3	2	1	5	-6.55599	-6.672	-8.10028	-6.73943
597	7	21	5	62	4	61	44	-7.42141	-3.83456	-5.7678	-7.64749
598	2	4	1	2	2	1	5	-2.78722	-3.66857	-4.13568	-4.01483
599	1	307	3	4	5	9	3	-6.86019	-6.44307	-6.0902	-8.01206
600	1	2	3	4	5	9	3	-4.66253	-2.49268	-3.63791	-4.91639
601	9	2	4	62	4	5	6	-3.72893	-5.24989	-5.78219	-6.21441
602	2	1	12	3	2	1	5	-2.63703	-2.12379	-3.68923	-4.62147
603	1	4	2	2	6	3	17	-4.66855	-2.45267	-4.7401	-5.61195
604	10	1	16	19	10	5	7	-6.25925	-2.75013	-4.25068	-5.2253
605	2	1	12	3	2	1	5	-2.63703	-2.12379	-3.68923	-4.62147
606	180	194	2	68	19	231	147	-23.3571	-29.8441	-26.6509	-19.4988
607	2	1	12	3	2	1	5	-2.63703	-2.12379	-3.68923	-4.62147
608	4	7	10	4	1	7	1	-1.83317	-3.79325	-2.58213	-1.90996
609	129	66	30	82	189	47	17	-3.25617	-4.90015	-5.51454	-4.09445
610	4	7	10	4	1	7	1	-1.83317	-3.79325	-2.58213	-1.90996
611	2	1	12	3	2	1	5	-2.63703	-2.12379	-3.68923	-4.62147
612	2	1	21	3	2	1	5	-2.94433	-2.49613	-4.52678	-4.42703
613	4	7	10	4	1	7	1	-1.83317	-3.79325	-2.58213	-1.90996
614	10	1	16	19	10	5	7	-6.25925	-2.75013	-4.25068	-5.2253
615	8	10	149	2	11	12	6	-4.89417	-3.97829	-5.74723	-6.96875
616	129	66	30	82	189	47	17	-3.25617	-4.90015	-5.51454	-4.09445
617	2	4	1	2	2	1	5	-2.78722	-3.66857	-4.13568	-4.01483
618	180	194	2	68	19	231	147	-23.3571	-29.8441	-26.6509	-19.4988
619	2	1	5	3	2	3	5	-4.24633	-3.25503	-5.67197	-4.78466
620	2	4	1	2	2	1	5	-2.78722	-3.66857	-4.13568	-4.01483
621	1	2	3	4	5	9	3	-4.66253	-2.49268	-3.63791	-4.91639
622	180	194	2	68	19	231	147	-23.3571	-29.8441	-26.6509	-19.4988
623	33	39	65	79	104	43	17	-4.61014	-8.29814	-8.10098	-7.25162
624	2	4	5	2	2	5	5	-3.6838	-7.297	-6.81542	-5.64332
625	2	1	5	3	2	5	5	-5.59699	-2.8344	-4.13344	-5.5238
626	2	1	12	3	2	1	5	-2.63703	-2.12379	-3.68923	-4.62147
627	180	194	2	68	19	231	147	-23.3571	-29.8441	-26.6509	-19.4988
628	2	1	21	3	2	1	5	-2.94433	-2.49613	-4.52678	-4.42703
629	2	1	5	3	2	5	5	-5.59699	-2.8344	-4.13344	-5.5238
630	2	1	21	3	2	1	5	-2.94433	-2.49613	-4.52678	-4.42703
631	1	2	3	4	5	9	3	-4.66253	-2.49268	-3.63791	-4.91639
632	2	1	21	3	2	1	5	-2.94433	-2.49613	-4.52678	-4.42703
633	8	10	2	2	11	12	6	-3.96671	-7.58796	-7.45572	-6.60813
634	2	4	1	2	7	1	5	-2.31813	-5.98455	-5.70586	-4.73724
635	2	1	5	3	2	3	5	-4.24633	-3.25503	-5.67197	-4.78466
636	1	2	3	4	5	9	3	-4.66253	-2.49268	-3.63791	-4.91639
637	9	2	4	62	4	5	6	-3.72893	-5.24989	-5.78219	-6.21441
638	2	1	21	3	2	1	5	-2.94433	-2.49613	-4.52678	-4.42703
639	8	10	149	2	11	12	6	-4.89417	-3.97829	-5.74723	-6.96875
640	2	1	12	88	2	1	5	-3.96154	-3.43566	-5.93925	-5.27273
641	2	4	1	2	2	1	5	-2.78722	-3.66857	-4.13568	-4.01483
642	2	1	5	10	10	1	5	-23.3895	-23.3619	-23.0467	-23.443
643	1	2	3	4	5	9	3	-4.66253	-2.49268	-3.63791	-4.91639
644	2	4	1	2	7	1	5	-2.31813	-5.98455	-5.70586	-4.73724
645	2	4	1	2	2	1	5	-2.78722	-3.66857	-4.13568	-4.01483
646	1	2	3	4	5	9	3	-4.66253	-2.49268	-3.63791	-4.91639
647	2	1	12	88	2	1	5	-3.96154	-3.43566	-5.93925	-5.27273
648	4	7	10	4	1	7	1	-1.83317	-3.79325	-2.58213	-1.90996
649	2	1	21	3	2	1	5	-2.94433	-2.49613	-4.52678	-4.42703
650	2	4	1	2	7	1	5	-2.31813	-5.98455	-5.70586	-4.73724
651	33	38	30	82	118	43	17	-19.9668	-19.1397	-21.3481	-22.2141
652	2	4	1	2	2	1	5	-2.78722	-3.66857	-4.13568	-4.01483
653	2	1	5	3	2	3	5	-4.24633	-3.25503	-5.67197	-4.78466
654	4	7	10	4	1	7	1	-1.83317	-3.79325	-2.58213	-1.90996
655	8	10	2	2	11	12	6	-3.96671	-7.58796	-7.45572	-6.60813
656	2	4	5	2	2	5	5	-3.6838	-7.297	-6.81542	-5.64332
657	4	7	10	4	1	7	1	-1.83317	-3.79325	-2.58213	-1.90996
658	2	1	5	3	2	3	5	-4.24633	-3.25503	-5.67197	-4.78466
659	33	39	30	82	113	47	17	-5.78594	-5.75488	-8.36837	-8.3076
660	2	1	21	3	2	1	5	-2.94433	-2.49613	-4.52678	-4.42703
661	2	4	1	2	7	1	5	-2.31813	-5.98455	-5.70586	-4.73724
662	2	1	1	3	2	1	5	-4.6314	-3.7923	-6.65078	-7.01968
663	4	7	10	4	1	7	1	-1.83317	-3.79325	-2.58213	-1.90996
664	7	21	5	62	4	61	44	-7.42141	-3.83456	-5.7678	-7.64749
665	10	81	50	99	120	76	52	-6.67605	-6.37064	-5.23279	-5.15405
666	4	7	10	4	1	7	1	-1.83317	-3.79325	-2.58213	-1.90996
667	1	2	3	4	5	9	3	-4.66253	-2.49268	-3.63791	-4.91639
668	1	2	3	4	5	9	3	-4.66253	-2.49268	-3.63791	-4.91639
669	2	4	1	2	7	1	5	-2.31813	-5.98455	-5.70586	-4.73724
670	4	7	10	4	1	7	1	-1.83317	-3.79325	-2.58213	-1.90996
671	2	1	5	3	2	3	5	-4.24633	-3.25503	-5.67197	-4.78466
672	1	4	2	2	6	3	17	-4.66855	-2.45267	-4.7401	-5.61195
673	4	935	10	4	1	7	1	-5.43866	-7.96237	-6.12698	-4.22207
674	10	1	16	19	10	5	7	-6.25925	-2.75013	-4.25068	-5.2253
675	4	7	10	4	1	7	1	-1.83317	-3.79325	-2.58213	-1.90996
676	33	39	65	79	104	43	17	-4.61014	-8.29814	-8.10098	-7.25162
677	2	4	2	2	6	1	5	-6.10657	-4.83867	-5.96399	-7.65921
678	4	7	10	4	42	25	1	-8.42367	-8.91579	-5.75615	-5.18091
679	1	4	2	2	6	3	17	-4.66855	-2.45267	-4.7401	-5.61195
680	4	7	10	4	42	25	1	-8.42367	-8.91579	-5.75615	-5.18091
681	4	7	10	4	42	25	1	-8.42367	-8.91579	-5.75615	-5.18091
682	4	7	10	4	1	7	1	-1.83317	-3.79325	-2.58213	-1.90996
683	2	4	1	2	7	1	5	-2.31813	-5.98455	-5.70586	-4.73724
684	4	7	10	4	1	7	1	-1.83317	-3.79325	-2.58213	-1.90996
685	4	7	10	4	42	7	1	-6.53746	-8.31268	-5.53901	-4.6652
686	10	27	16	19	10	5	7	-20.2923	-12.8412	-16.5022	-18.161
687	10	81	50	99	120	76	52	-6.67605	-6.37064	-5.23279	-5.15405
688	4	7	10	4	1	7	1	-1.83317	-3.79325	-2.58213	-1.90996
689	4	7	10	4	42	51	1	-2.93823	-4.66058	-4.86332	-3.74993
690	4	7	10	4	1	7	1	-1.83317	-3.79325	-2.58213	-1.90996
691	10	81	50	99	120	76	52	-6.67605	-6.37064	-5.23279	-5.15405
692	2	4	1	2	2	1	5	-2.78722	-3.66857	-4.13568	-4.01483
693	4	7	10	4	42	51	1	-2.93823	-4.66058	-4.86332	-3.74993
694	4	7	10	4	42	51	1	-2.93823	-4.66058	-4.86332	-3.74993
695	4	7	10	4	42	51	1	-2.93823	-4.66058	-4.86332	-3.74993
696	8	10	2	2	11	12	6	-3.96671	-7.58796	-7.45572	-6.60813
697	33	38	30	82	104	43	17	-5.30314	-8.98986	-8.79285	-7.94209
698	4	7	10	4	1	7	1	-1.83317	-3.79325	-2.58213	-1.90996
699	10	81	50	99	120	76	52	-6.67605	-6.37064	-5.23279	-5.15405
700	2	4	1	2	7	1	5	-2.31813	-5.98455	-5.70586	-4.73724
701	4	7	10	4	1	7	1	-1.83317	-3.79325	-2.58213	-1.90996
702	4	7	10	4	1	7	1	-1.83317	-3.79325	-2.58213	-1.90996
703	10	81	50	99	120	76	52	-6.67605	-6.37064	-5.23279	-5.15405
704	4	7	10	4	42	51	1	-2.93823	-4.66058	-4.86332	-3.74993
705	9	2	4	62	4	5	6	-3.72893	-5.24989	-5.78219	-6.21441
706	4	7	10	4	1	7	1	-1.83317	-3.79325	-2.58213	-1.90996
707	2	1	1	3	2	1	5	-4.6314	-3.7923	-6.65078	-7.01968
708	1	14	2	2	6	1	17	-9.11736	-6.43177	-7.8308	-6.34422
709	2	4	2	2	6	1	5	-6.10657	-4.83867	-5.96399	-7.65921
710	2	4	2	2	6	1	5	-6.10657	-4.83867	-5.96399	-7.65921
711	4	7	10	4	42	51	1	-2.93823	-4.66058	-4.86332	-3.74993
712	10	2	107	62	120	76	1	-6.84727	-9.64459	-7.9417	-6.31255
713	2	1	12	3	2	1	5	-2.63703	-2.12379	-3.68923	-4.62147
714	2	4	1	2	2	1	5	-2.78722	-3.66857	-4.13568	-4.01483
715	47	2	4	2	6	5	17	-11.3422	-11.1635	-6.14543	-8.32371
716	4	7	10	4	42	5	1	-11.0158	-10.9308	-11.197	-11.3993
717	2	1	12	3	2	1	5	-2.63703	-2.12379	-3.68923	-4.62147
718	4	7	10	4	42	51	1	-2.93823	-4.66058	-4.86332	-3.74993
719	1	307	3	4	5	9	3	-6.86019	-6.44307	-6.0902	-8.01206
720	2	1	21	3	2	1	5	-2.94433	-2.49613	-4.52678	-4.42703
721	4	7	10	4	1	7	1	-1.83317	-3.79325	-2.58213	-1.90996
722	2	4	1	2	2	1	5	-2.78722	-3.66857	-4.13568	-4.01483
723	2	1	12	3	2	1	5	-2.63703	-2.12379	-3.68923	-4.62147
724	4	7	10	4	1	7	1	-1.83317	-3.79325	-2.58213	-1.90996
725	2	1	21	3	2	1	5	-2.94433	-2.49613	-4.52678	-4.42703
726	2	1	1	3	2	1	5	-4.6314	-3.7923	-6.65078	-7.01968
727	4	7	10	4	1	7	1	-1.83317	-3.79325	-2.58213	-1.90996
728	2	1	12	3	2	1	5	-2.63703	-2.12379	-3.68923	-4.62147
729	1	4	3	2	6	3	17	-14.4847	-9.24849	-11.9727	-14.2495
730	2	1	12	3	2	1	5	-2.63703	-2.12379	-3.68923	-4.62147
731	2	1	12	88	2	1	5	-3.96154	-3.43566	-5.93925	-5.27273
732	1	4	2	2	6	3	17	-4.66855	-2.45267	-4.7401	-5.61195
733	4	7	10	4	42	51	1	-2.93823	-4.66058	-4.86332	-3.74993
734	2	1	12	3	2	1	5	-2.63703	-2.12379	-3.68923	-4.62147
735	4	7	10	4	1	7	1	-1.83317	-3.79325	-2.58213	-1.90996
736	2	1	12	88	2	1	5	-3.96154	-3.43566	-5.93925	-5.27273
737	2	1	21	3	2	1	5	-2.94433	-2.49613	-4.52678	-4.42703
738	2	4	5	2	2	5	5	-3.6838	-7.297	-6.81542	-5.64332
739	2	4	5	2	2	5	5	-3.6838	-7.297	-6.81542	-5.64332
740	2	1	21	3	62	1	5	-5.80725	-9.48067	-9.29463	-8.44684
741	4	7	10	4	42	25	1	-8.42367	-8.91579	-5.75615	-5.18091
742	1	2	4	62	4	5	17	-6.11942	-4.8527	-7.78592	-8.39163
743	1	2	3	4	5	9	3	-4.66253	-2.49268	-3.63791	-4.91639
744	8	10	2	2	11	12	6	-3.96671	-7.58796	-7.45572	-6.60813
745	2	1	12	88	2	1	5	-3.96154	-3.43566	-5.93925	-5.27273
746	2	4	5	2	2	5	5	-3.6838	-7.297	-6.81542	-5.64332
747	2	1	12	3	2	1	5	-2.63703	-2.12379	-3.68923	-4.62147
748	7	21	5	62	4	61	44	-7.42141	-3.83456	-5.7678	-7.64749
749	9	2	4	62	4	5	6	-3.72893	-5.24989	-5.78219	-6.21441
750	10	1	16	19	10	5	7	-6.25925	-2.75013	-4.25068	-5.2253
751	10	1	16	19	10	5	7	-6.25925	-2.75013	-4.25068	-5.2253
752	8	10	2	2	11	12	6	-3.96671	-7.58796	-7.45572	-6.60813
753	1	4	2	2	6	3	17	-4.66855	-2.45267	-4.7401	-5.61195
754	2	1	12	3	2	1	5	-2.63703	-2.12379	-3.68923	-4.62147
755	2	1	12	88	2	1	5	-3.96154	-3.43566	-5.93925	-5.27273
756	2	29	4	27	10	25	57	-19.4015	-20.0856	-14.5338	-12.207
757	2	1	5	3	2	3	5	-4.24633	-3.25503	-5.67197	-4.78466
758	2	1	12	3	2	1	5	-2.63703	-2.12379	-3.68923	-4.62147
759	37	52	57	26	107	29	23	-8.17683	-8.66089	-5.6705	-4.9235
760	2	4	1	2	7	1	5	-2.31813	-5.98455	-5.70586	-4.73724
761	1	2	3	4	5	9	3	-4.66253	-2.49268	-3.63791	-4.91639
762	2	1	12	3	2	1	5	-2.63703	-2.12379	-3.68923	-4.62147
763	1	4	2	2	6	3	17	-4.66855	-2.45267	-4.7401	-5.61195
764	1	4	2	2	6	3	17	-4.66855	-2.45267	-4.7401	-5.61195
765	1	2	3	4	5	9	3	-4.66253	-2.49268	-3.63791	-4.91639
766	4	7	10	4	1	7	1	-1.83317	-3.79325	-2.58213	-1.90996
767	2	1	21	3	2	1	5	-2.94433	-2.49613	-4.52678	-4.42703
768	2	1	12	3	2	1	5	-2.63703	-2.12379	-3.68923	-4.62147
769	2	4	1	2	2	5	5	-6.82489	-6.41123	-9.05205	-9.25481
770	2	4	1	2	2	1	5	-2.78722	-3.66857	-4.13568	-4.01483
771	2	4	5	2	2	5	5	-3.6838	-7.297	-6.81542	-5.64332
772	10	1	16	19	10	5	7	-6.25925	-2.75013	-4.25068	-5.2253
773	7	21	5	62	4	61	44	-7.42141	-3.83456	-5.7678	-7.64749
774	9	2	4	62	4	5	6	-3.72893	-5.24989	-5.78219	-6.21441
775	2	1	12	3	2	1	5	-2.63703	-2.12379	-3.68923	-4.62147
776	1	4	2	2	6	3	17	-4.66855	-2.45267	-4.7401	-5.61195
777	4	7	10	4	1	7	1	-1.83317	-3.79325	-2.58213	-1.90996
778	2	1	12	3	2	1	5	-2.63703	-2.12379	-3.68923	-4.62147
779	2	1	5	3	2	5	5	-5.59699	-2.8344	-4.13344	-5.5238
780	2	23	21	3	2	1	5	-6.55599	-6.672	-8.10028	-6.73943
781	2	4	5	2	2	5	5	-3.6838	-7.297	-6.81542	-5.64332
782	2	4	2	2	6	1	5	-6.10657	-4.83867	-5.96399	-7.65921
783	2	1	12	3	2	1	5	-2.63703	-2.12379	-3.68923	-4.62147
784	4	7	10	4	42	51	1	-2.93823	-4.66058	-4.86332	-3.74993
785	7	17	5	2	86	232	1	-27.957	-32.5877	-29.2786	-25.0211
786	2	4	1	2	2	1	5	-2.78722	-3.66857	-4.13568	-4.01483
787	2	1	12	3	2	1	5	-2.63703	-2.12379	-3.68923	-4.62147
788	2	1	21	3	2	1	5	-2.94433	-2.49613	-4.52678	-4.42703
789	7	17	2	15	23	3	12	-6.91353	-10.6009	-10.4043	-9.55426
790	2	1	5	3	2	5	5	-5.59699	-2.8344	-4.13344	-5.5238
791	1	6	60	24	12	28	1	-27.8178	-31.2845	-22.9771	-18.3292
792	1	2	3	4	5	9	3	-4.66253	-2.49268	-3.63791	-4.91639
793	2	4	5	2	2	5	5	-3.6838	-7.297	-6.81542	-5.64332
794	1	2	3	4	5	9	3	-4.66253	-2.49268	-3.63791	-4.91639
795	1	6	60	24	12	28	1	-27.8178	-31.2845	-22.9771	-18.3292
796	9	2	4	62	4	5	6	-3.72893	-5.24989	-5.78219	-6.21441
797	2	4	1	2	2	1	5	-2.78722	-3.66857	-4.13568	-4.01483
798	4	7	10	4	1	7	1	-1.83317	-3.79325	-2.58213	-1.90996
799	2	4	5	2	2	5	5	-3.6838	-7.297	-6.81542	-5.64332
800	7	2	2	2	11	12	6	-4.51333	-8.20056	-8.00374	-7.15441
801	2	1	21	3	2	1	941	-6.55623	-6.65273	-8.0937	-6.73786
802	9	2	2	10	10	3	5	-29.7273	-25.1737	-26.1363	-25.7006
803	8	10	149	2	11	12	6	-4.89417	-3.97829	-5.74723	-6.96875
804	7	1	5	2	10	3	6	-32.2583	-29.1224	-30.0099	-29.2185
805	2	1	21	3	2	1	5	-2.94433	-2.49613	-4.52678	-4.42703
806	33	39	30	82	113	43	17	-9.73955	-6.4605	-6.11651	-8.25839
807	1	6	60	24	12	28	1	-27.8178	-31.2845	-22.9771	-18.3292
808	1	6	60	24	12	28	1	-27.8178	-31.2845	-22.9771	-18.3292
809	7	17	2	15	23	3	12	-6.91353	-10.6009	-10.4043	-9.55426
810	1	4	2	2	6	3	17	-4.66855	-2.45267	-4.7401	-5.61195
811	1	4	2	2	6	3	17	-4.66855	-2.45267	-4.7401	-5.61195
812	7	21	5	62	4	61	44	-7.42141	-3.83456	-5.7678	-7.64749
813	239	27	16	19	10	5	7	-10.0809	-6.47257	-9.561	-10.9936
814	9	2	4	62	4	5	6	-3.72893	-5.24989	-5.78219	-6.21441
815	10	1	16	19	10	5	7	-6.25925	-2.75013	-4.25068	-5.2253
816	2	1	5	3	2	5	5	-5.59699	-2.8344	-4.13344	-5.5238
817	2	4	5	2	2	5	5	-3.6838	-7.297	-6.81542	-5.64332
818	8	10	2	2	11	12	6	-3.96671	-7.58796	-7.45572	-6.60813
819	7	17	2	15	23	3	12	-6.91353	-10.6009	-10.4043	-9.55426
820	2	4	1	4	1	1	5	-15.4637	-18.0549	-15.6636	-15.0288
821	4	7	10	4	1	7	1	-1.83317	-3.79325	-2.58213	-1.90996
822	8	10	149	2	11	12	6	-4.89417	-3.97829	-5.74723	-6.96875
823	2	1	12	88	2	1	5	-3.96154	-3.43566	-5.93925	-5.27273
824	2	4	2	2	6	1	5	-6.10657	-4.83867	-5.96399	-7.65921
825	10	81	50	99	120	76	52	-6.67605	-6.37064	-5.23279	-5.15405
826	2	4	5	2	2	5	5	-3.6838	-7.297	-6.81542	-5.64332
827	2	4	1	2	2	5	5	-6.82489	-6.41123	-9.05205	-9.25481
828	8	10	149	2	11	12	6	-4.89417	-3.97829	-5.74723	-6.96875
829	1	4	2	2	6	3	17	-4.66855	-2.45267	-4.7401	-5.61195
830	2	165	73	147	220	190	104	-8.50558	-9.02824	-6.93393	-5.25458
831	4	7	10	4	42	25	1	-8.42367	-8.91579	-5.75615	-5.18091
832	7	2	2	2	11	12	6	-4.51333	-8.20056	-8.00374	-7.15441
833	1	6	60	24	12	28	1	-27.8178	-31.2845	-22.9771	-18.3292
834	2	1	12	3	2	1	5	-2.63703	-2.12379	-3.68923	-4.62147
835	33	39	65	79	104	77	17	-5.30307	-8.99062	-8.79425	-7.94466
836	4	7	10	4	1	7	1	-1.83317	-3.79325	-2.58213	-1.90996
837	1	2	3	4	5	9	3	-4.66253	-2.49268	-3.63791	-4.91639
838	2	1	21	3	2	1	5	-2.94433	-2.49613	-4.52678	-4.42703
839	2	1	12	3	2	1	5	-2.63703	-2.12379	-3.68923	-4.62147
840	4	7	10	4	1	7	1	-1.83317	-3.79325	-2.58213	-1.90996
841	2	4	1	2	7	1	5	-2.31813	-5.98455	-5.70586	-4.73724
842	184	39	30	82	113	43	17	-3.96582	-6.20568	-7.34354	-6.59687
843	4	7	10	4	1	7	1	-1.83317	-3.79325	-2.58213	-1.90996
844	2	4	1	2	2	1	5	-2.78722	-3.66857	-4.13568	-4.01483
845	4	7	10	4	1	7	1	-1.83317	-3.79325	-2.58213	-1.90996
846	2	1	12	88	2	1	5	-3.96154	-3.43566	-5.93925	-5.27273
847	2	1	21	3	2	1	5	-2.94433	-2.49613	-4.52678	-4.42703
848	1	2	3	4	5	9	3	-4.66253	-2.49268	-3.63791	-4.91639
849	4	7	10	4	1	7	1	-1.83317	-3.79325	-2.58213	-1.90996
850	2	1	21	3	2	1	5	-2.94433	-2.49613	-4.52678	-4.42703
851	8	10	2	2	11	12	6	-3.96671	-7.58796	-7.45572	-6.60813
852	2	4	1	2	2	1	5	-2.78722	-3.66857	-4.13568	-4.01483
853	2	4	1	2	2	1	5	-2.78722	-3.66857	-4.13568	-4.01483
854	2	4	2	2	6	1	5	-6.10657	-4.83867	-5.96399	-7.65921
855	2	4	1	2	2	1	5	-2.78722	-3.66857	-4.13568	-4.01483
856	2	4	1	2	2	1	5	-2.78722	-3.66857	-4.13568	-4.01483
857	2	4	1	2	2	1	5	-2.78722	-3.66857	-4.13568	-4.01483
858	1	2	3	4	5	9	3	-4.66253	-2.49268	-3.63791	-4.91639
859	2	4	1	2	2	1	5	-2.78722	-3.66857	-4.13568	-4.01483
860	2	4	1	2	2	1	5	-2.78722	-3.66857	-4.13568	-4.01483
861	8	10	2	2	11	12	6	-3.96671	-7.58796	-7.45572	-6.60813
862	2	1	5	3	2	3	5	-4.24633	-3.25503	-5.67197	-4.78466
863	33	39	30	82	104	173	68	-5.40766	-3.98353	-6.94282	-7.63058
864	2	4	1	2	7	1	5	-2.31813	-5.98455	-5.70586	-4.73724
865	8	10	2	2	11	12	6	-3.96671	-7.58796	-7.45572	-6.60813
866	2	4	1	2	7	1	5	-2.31813	-5.98455	-5.70586	-4.73724
867	1	2	3	4	5	9	3	-4.66253	-2.49268	-3.63791	-4.91639
868	1	2	215	4	90	24	8	-28.5772	-27.7127	-24.273	-20.1717
869	2	1	1	3	2	1	5	-4.6314	-3.7923	-6.65078	-7.01968
870	10	81	50	99	120	76	52	-6.67605	-6.37064	-5.23279	-5.15405
871	2	4	1	2	7	1	5	-2.31813	-5.98455	-5.70586	-4.73724
872	2	1	12	3	2	1	5	-2.63703	-2.12379	-3.68923	-4.62147
873	2	4	1	2	2	1	5	-2.78722	-3.66857	-4.13568	-4.01483
874	2	4	1	2	2	1	5	-2.78722	-3.66857	-4.13568	-4.01483
875	2	4	1	2	2	1	5	-2.78722	-3.66857	-4.13568	-4.01483
876	2	1	5	3	2	3	5	-4.24633	-3.25503	-5.67197	-4.78466
877	2	4	1	2	2	1	5	-2.78722	-3.66857	-4.13568	-4.01483
878	4	7	10	4	1	7	1	-1.83317	-3.79325	-2.58213	-1.90996
879	2	4	1	2	7	1	5	-2.31813	-5.98455	-5.70586	-4.73724
880	2	4	5	2	2	5	5	-3.6838	-7.297	-6.81542	-5.64332
881	2	4	1	2	2	1	5	-2.78722	-3.66857	-4.13568	-4.01483
882	8	10	2	2	11	12	6	-3.96671	-7.58796	-7.45572	-6.60813
883	4	7	10	4	1	7	1	-1.83317	-3.79325	-2.58213	-1.90996
884	2	4	1	2	2	1	5	-2.78722	-3.66857	-4.13568	-4.01483
885	166	2	1	10	17	3	1	-33.5555	-36.0593	-33.0525	-29.1448
886	2	4	1	2	7	1	5	-2.31813	-5.98455	-5.70586	-4.73724
887	2	4	1	2	2	1	5	-2.78722	-3.66857	-4.13568	-4.01483
888	4	7	10	4	1	7	1	-1.83317	-3.79325	-2.58213	-1.90996
889	4	7	10	4	1	7	1	-1.83317	-3.79325	-2.58213	-1.90996
890	2	4	1	2	7	1	5	-2.31813	-5.98455	-5.70586	-4.73724
891	2	4	1	2	2	1	5	-2.78722	-3.66857	-4.13568	-4.01483
892	2	1	5	3	2	3	5	-4.24633	-3.25503	-5.67197	-4.78466
893	9	25	2	10	22	3	6	-4.47272	-7.4971	-5.95148	-4.34715
894	2	1	21	3	62	1	5	-5.80725	-9.48067	-9.29463	-8.44684
895	129	66	30	82	189	47	17	-3.25617	-4.90015	-5.51454	-4.09445
896	129	66	30	82	189	47	17	-3.25617	-4.90015	-5.51454	-4.09445
897	4	7	10	4	1	7	1	-1.83317	-3.79325	-2.58213	-1.90996
898	2	4	1	2	2	1	5	-2.78722	-3.66857	-4.13568	-4.01483
899	4	7	10	4	42	7	1	-6.53746	-8.31268	-5.53901	-4.6652
900	2	4	1	2	7	1	5	-2.31813	-5.98455	-5.70586	-4.73724
901	1	307	3	4	5	9	3	-6.86019	-6.44307	-6.0902	-8.01206
902	2	1	21	3	2	1	5	-2.94433	-2.49613	-4.52678	-4.42703
903	4	7	10	4	1	7	1	-1.83317	-3.79325	-2.58213	-1.90996
904	2	1	21	3	2	1	5	-2.94433	-2.49613	-4.52678	-4.42703
905	2	4	1	2	2	5	5	-6.82489	-6.41123	-9.05205	-9.25481
906	2	4	1	2	7	1	5	-2.31813	-5.98455	-5.70586	-4.73724
907	2	4	1	2	7	1	5	-2.31813	-5.98455	-5.70586	-4.73724
908	2	4	1	2	7	1	5	-2.31813	-5.98455	-5.70586	-4.73724
909	4	7	10	4	1	7	1	-1.83317	-3.79325	-2.58213	-1.90996
910	8	10	2	2	11	12	6	-3.96671	-7.58796	-7.45572	-6.60813
911	7	21	5	62	4	61	44	-7.42141	-3.83456	-5.7678	-7.64749
912	2	1	12	88	2	1	5	-3.96154	-3.43566	-5.93925	-5.27273
913	2	4	1	2	2	1	5	-2.78722	-3.66857	-4.13568	-4.01483
914	1	2	3	4	5	9	3	-4.66253	-2.49268	-3.63791	-4.91639
915	2	4	1	2	7	1	5	-2.31813	-5.98455	-5.70586	-4.73724
916	2	4	1	2	2	1	5	-2.78722	-3.66857	-4.13568	-4.01483
917	2	4	1	2	2	1	5	-2.78722	-3.66857	-4.13568	-4.01483
918	2	4	1	2	7	1	5	-2.31813	-5.98455	-5.70586	-4.73724
919	4	7	10	4	1	7	1	-1.83317	-3.79325	-2.58213	-1.90996
920	2	1	5	3	2	3	5	-4.24633	-3.25503	-5.67197	-4.78466
921	2	4	1	2	7	1	5	-2.31813	-5.98455	-5.70586	-4.73724
922	2	4	1	2	2	1	5	-2.78722	-3.66857	-4.13568	-4.01483
923	8	10	2	2	11	12	6	-3.96671	-7.58796	-7.45572	-6.60813
924	2	1	12	3	2	1	5	-2.63703	-2.12379	-3.68923	-4.62147
925	48	7	10	4	183	7	1	-8.96423	-12.0443	-9.6723	-6.47024
926	7	21	5	62	4	61	44	-7.42141	-3.83456	-5.7678	-7.64749
927	4	7	10	4	1	7	1	-1.83317	-3.79325	-2.58213	-1.90996
928	9	25	2	10	22	3	6	-4.47272	-7.4971	-5.95148	-4.34715
929	2	4	1	2	2	1	5	-2.78722	-3.66857	-4.13568	-4.01483
930	2	4	1	2	7	1	5	-2.31813	-5.98455	-5.70586	-4.73724
931	2	4	1	2	2	1	5	-2.78722	-3.66857	-4.13568	-4.01483
932	2	4	1	2	2	1	5	-2.78722	-3.66857	-4.13568	-4.01483
933	9	25	2	10	22	3	6	-4.47272	-7.4971	-5.95148	-4.34715
934	2	4	1	2	2	1	5	-2.78722	-3.66857	-4.13568	-4.01483
935	2	4	1	2	2	1	5	-2.78722	-3.66857	-4.13568	-4.01483
936	2	4	1	2	7	1	5	-2.31813	-5.98455	-5.70586	-4.73724
937	2	4	1	2	7	1	5	-2.31813	-5.98455	-5.70586	-4.73724
938	2	4	1	2	2	1	5	-2.78722	-3.66857	-4.13568	-4.01483
939	2	4	1	2	2	1	5	-2.78722	-3.66857	-4.13568	-4.01483
940	4	7	10	4	1	7	1	-1.83317	-3.79325	-2.58213	-1.90996
941	2	4	1	2	2	1	5	-2.78722	-3.66857	-4.13568	-4.01483
942	4	7	10	4	1	7	1	-1.83317	-3.79325	-2.58213	-1.90996
943	2	4	1	2	7	1	5	-2.31813	-5.98455	-5.70586	-4.73724
944	2	4	1	2	2	1	5	-2.78722	-3.66857	-4.13568	-4.01483
945	4	7	10	4	1	7	1	-1.83317	-3.79325	-2.58213	-1.90996
946	9	25	2	10	22	3	6	-4.47272	-7.4971	-5.95148	-4.34715
947	10	81	50	99	120	76	52	-6.67605	-6.37064	-5.23279	-5.15405
948	2	1	21	3	2	1	5	-2.94433	-2.49613	-4.52678	-4.42703
949	4	7	10	4	1	7	1	-1.83317	-3.79325	-2.58213	-1.90996
950	2	4	1	2	7	1	5	-2.31813	-5.98455	-5.70586	-4.73724
951	4	7	10	4	1	7	1	-1.83317	-3.79325	-2.58213	-1.90996
952	4	7	10	4	1	7	1	-1.83317	-3.79325	-2.58213	-1.90996
953	8	315	2	2	11	12	6	-7.57736	-11.7585	-11.0269	-8.91874
954	8	10	2	2	11	12	6	-3.96671	-7.58796	-7.45572	-6.60813
955	2	4	1	2	2	1	5	-2.78722	-3.66857	-4.13568	-4.01483
956	4	7	10	4	1	7	1	-1.83317	-3.79325	-2.58213	-1.90996
957	2	4	1	2	2	1	5	-2.78722	-3.66857	-4.13568	-4.01483
958	2	4	1	2	2	1	5	-2.78722	-3.66857	-4.13568	-4.01483
959	2	4	1	2	2	1	5	-2.78722	-3.66857	-4.13568	-4.01483
960	2	4	1	2	7	1	5	-2.31813	-5.98455	-5.70586	-4.73724
961	2	4	1	2	2	1	5	-2.78722	-3.66857	-4.13568	-4.01483
962	2	4	1	2	2	1	5	-2.78722	-3.66857	-4.13568	-4.01483
963	2	1	21	3	2	1	5	-2.94433	-2.49613	-4.52678	-4.42703
964	2	4	1	2	2	1	5	-2.78722	-3.66857	-4.13568	-4.01483
965	1	4	2	2	2	3	17	-11.165	-7.71893	-10.8824	-12.2604
966	2	4	1	2	2	1	5	-2.78722	-3.66857	-4.13568	-4.01483
967	2	4	1	2	2	1	5	-2.78722	-3.66857	-4.13568	-4.01483
968	7	21	5	62	4	61	44	-7.42141	-3.83456	-5.7678	-7.64749
969	2	4	1	2	2	1	5	-2.78722	-3.66857	-4.13568	-4.01483
970	4	7	10	4	1	7	1	-1.83317	-3.79325	-2.58213	-1.90996
971	2	4	1	2	2	1	5	-2.78722	-3.66857	-4.13568	-4.01483
972	10	1	16	19	10	5	7	-6.25925	-2.75013	-4.25068	-5.2253
973	8	10	2	2	11	12	6	-3.96671	-7.58796	-7.45572	-6.60813
974	4	7	10	4	1	7	1	-1.83317	-3.79325	-2.58213	-1.90996
975	2	4	2	2	6	1	5	-6.10657	-4.83867	-5.96399	-7.65921
976	2	4	1	2	2	1	5	-2.78722	-3.66857	-4.13568	-4.01483
977	2	4	1	2	2	1	5	-2.78722	-3.66857	-4.13568	-4.01483
978	2	1	12	3	2	1	5	-2.63703	-2.12379	-3.68923	-4.62147
979	2	1	21	3	2	1	5	-2.94433	-2.49613	-4.52678	-4.42703
980	1	4	2	2	6	3	17	-4.66855	-2.45267	-4.7401	-5.61195
981	9	2	4	62	4	5	6	-3.72893	-5.24989	-5.78219	-6.21441
982	9	2	4	62	4	5	6	-3.72893	-5.24989	-5.78219	-6.21441
983	2	4	1	2	2	1	5	-2.78722	-3.66857	-4.13568	-4.01483
984	9	25	2	10	22	3	6	-4.47272	-7.4971	-5.95148	-4.34715
985	2	1	12	3	2	1	5	-2.63703	-2.12379	-3.68923	-4.62147
986	2	4	1	2	2	1	5	-2.78722	-3.66857	-4.13568	-4.01483
987	2	4	1	2	2	1	5	-2.78722	-3.66857	-4.13568	-4.01483
988	2	4	1	2	2	1	5	-2.78722	-3.66857	-4.13568	-4.01483
989	1	4	2	2	6	3	17	-4.66855	-2.45267	-4.7401	-5.61195
990	1	4	2	2	6	3	17	-4.66855	-2.45267	-4.7401	-5.61195
991	9	25	2	10	22	3	6	-4.47272	-7.4971	-5.95148	-4.34715
992	1	4	2	2	6	3	17	-4.66855	-2.45267	-4.7401	-5.61195
993	2	4	1	2	2	1	5	-2.78722	-3.66857	-4.13568	-4.01483
994	2	4	1	2	2	1	5	-2.78722	-3.66857	-4.13568	-4.01483
995	8	10	2	2	11	12	6	-3.96671	-7.58796	-7.45572	-6.60813
996	2	4	1	2	2	1	5	-2.78722	-3.66857	-4.13568	-4.01483
997	2	1	5	3	2	5	5	-5.59699	-2.8344	-4.13344	-5.5238
998	8	10	2	2	11	12	6	-3.96671	-7.58796	-7.45572	-6.60813
999	2	4	1	2	2	1	5	-2.78722	-3.66857	-4.13568	-4.01483
1000	2	4	1	2	2	1	5	-2.78722	-3.66857	-4.13568	-4.01483
1001	2	1	21	3	2	1	5	-2.94433	-2.49613	-4.52678	-4.42703
1002	1	2	4	62	4	5	17	-6.11942	-4.8527	-7.78592	-8.39163
1003	2	1	12	3	2	1	5	-2.63703	-2.12379	-3.68923	-4.62147
1004	2	4	1	2	7	1	5	-2.31813	-5.98455	-5.70586	-4.73724
1005	1	307	3	4	5	9	3	-6.86019	-6.44307	-6.0902	-8.01206
1006	2	4	2	4	19	3	6	-5.80998	-9.49358	-9.29658	-8.44538
1007	2	4	1	2	2	1	5	-2.78722	-3.66857	-4.13568	-4.01483
1008	1	4	2	2	6	3	17	-4.66855	-2.45267	-4.7401	-5.61195
1009	9	25	2	10	22	3	6	-4.47272	-7.4971	-5.95148	-4.34715
1010	4	7	10	4	1	7	1	-1.83317	-3.79325	-2.58213	-1.90996
1011	2	4	1	2	2	1	5	-2.78722	-3.66857	-4.13568	-4.01483
1012	10	1	16	19	10	5	7	-6.25925	-2.75013	-4.25068	-5.2253
1013	2	1	21	3	2	1	5	-2.94433	-2.49613	-4.52678	-4.42703
1014	4	7	10	4	1	7	1	-1.83317	-3.79325	-2.58213	-1.90996
1015	2	4	1	2	2	1	5	-2.78722	-3.66857	-4.13568	-4.01483
1016	1	2	3	4	5	9	3	-4.66253	-2.49268	-3.63791	-4.91639
1017	9	316	4	62	4	5	6	-6.87161	-6.45809	-9.20187	-9.33902
1018	9	25	2	10	22	3	6	-4.47272	-7.4971	-5.95148	-4.34715
1019	1	307	3	4	5	9	3	-6.86019	-6.44307	-6.0902	-8.01206
1020	2	4	1	2	2	1	5	-2.78722	-3.66857	-4.13568	-4.01483
1021	9	25	2	10	22	3	6	-4.47272	-7.4971	-5.95148	-4.34715
1022	2	4	1	2	2	1	5	-2.78722	-3.66857	-4.13568	-4.01483
1023	2	1	12	3	2	1	5	-2.63703	-2.12379	-3.68923	-4.62147
1024	2	1	5	3	2	5	5	-5.59699	-2.8344	-4.13344	-5.5238
1025	2	4	1	2	2	1	5	-2.78722	-3.66857	-4.13568	-4.01483
1026	2	1	12	3	2	1	5	-2.63703	-2.12379	-3.68923	-4.62147
1027	2	1	12	3	2	1	5	-2.63703	-2.12379	-3.68923	-4.62147
1028	10	1	16	19	10	5	7	-6.25925	-2.75013	-4.25068	-5.2253
1029	4	7	10	4	1	7	1	-1.83317	-3.79325	-2.58213	-1.90996
1030	2	4	1	2	2	1	5	-2.78722	-3.66857	-4.13568	-4.01483
1031	2	1	12	88	2	1	5	-3.96154	-3.43566	-5.93925	-5.27273
1032	2	1	21	3	2	1	5	-2.94433	-2.49613	-4.52678	-4.42703
1033	1	2	3	4	5	9	3	-4.66253	-2.49268	-3.63791	-4.91639
1034	8	10	2	2	11	12	6	-3.96671	-7.58796	-7.45572	-6.60813
1035	2	1	12	88	2	1	5	-3.96154	-3.43566	-5.93925	-5.27273
1036	33	39	30	82	104	173	68	-5.40766	-3.98353	-6.94282	-7.63058
1037	1	2	3	4	5	9	3	-4.66253	-2.49268	-3.63791	-4.91639
1038	9	25	2	10	22	3	6	-4.47272	-7.4971	-5.95148	-4.34715
1039	2	4	1	2	2	1	5	-2.78722	-3.66857	-4.13568	-4.01483
1040	8	10	2	2	11	12	6	-3.96671	-7.58796	-7.45572	-6.60813
1041	1	2	4	62	4	5	17	-6.11942	-4.8527	-7.78592	-8.39163
1042	10	1	16	19	10	5	7	-6.25925	-2.75013	-4.25068	-5.2253
1043	33	39	30	82	104	173	68	-5.40766	-3.98353	-6.94282	-7.63058
1044	2	4	1	2	2	1	5	-2.78722	-3.66857	-4.13568	-4.01483
1045	8	10	2	2	11	12	6	-3.96671	-7.58796	-7.45572	-6.60813
1046	2	1	5	3	2	5	5	-5.59699	-2.8344	-4.13344	-5.5238
1047	47	2	4	2	6	5	17	-11.3422	-11.1635	-6.14543	-8.32371
1048	1	2	3	4	5	9	3	-4.66253	-2.49268	-3.63791	-4.91639
1049	4	7	10	4	1	7	1	-1.83317	-3.79325	-2.58213	-1.90996
1050	2	1	5	3	2	3	5	-4.24633	-3.25503	-5.67197	-4.78466
1051	2	4	2	2	6	1	5	-6.10657	-4.83867	-5.96399	-7.65921
1052	2	4	1	2	2	1	5	-2.78722	-3.66857	-4.13568	-4.01483
1053	8	10	149	2	11	12	6	-4.89417	-3.97829	-5.74723	-6.96875
1054	9	25	2	10	22	3	6	-4.47272	-7.4971	-5.95148	-4.34715
1055	2	4	1	2	2	1	5	-2.78722	-3.66857	-4.13568	-4.01483
1056	1	2	3	4	5	9	3	-4.66253	-2.49268	-3.63791	-4.91639
1057	2	1	12	3	2	1	5	-2.63703	-2.12379	-3.68923	-4.62147
1058	4	7	10	4	42	51	1	-2.93823	-4.66058	-4.86332	-3.74993
1059	2	4	1	2	2	1	5	-2.78722	-3.66857	-4.13568	-4.01483
1060	2	1	1	3	2	1	5	-4.6314	-3.7923	-6.65078	-7.01968
1061	2	4	1	2	7	1	5	-2.31813	-5.98455	-5.70586	-4.73724
1062	8	10	2	2	11	12	6	-3.96671	-7.58796	-7.45572	-6.60813
1063	2	4	1	2	2	1	5	-2.78722	-3.66857	-4.13568	-4.01483
1064	9	2	4	62	4	5	6	-3.72893	-5.24989	-5.78219	-6.21441
1065	2	4	1	2	2	1	5	-2.78722	-3.66857	-4.13568	-4.01483
1066	4	7	10	4	1	7	1	-1.83317	-3.79325	-2.58213	-1.90996
1067	8	10	2	2	11	12	6	-3.96671	-7.58796	-7.45572	-6.60813
1068	2	4	2	2	6	1	5	-6.10657	-4.83867	-5.96399	-7.65921
1069	2	4	2	2	6	1	5	-6.10657	-4.83867	-5.96399	-7.65921
1070	2	4	2	2	6	1	5	-6.10657	-4.83867	-5.96399	-7.65921
1071	2	4	2	2	6	1	5	-6.10657	-4.83867	-5.96399	-7.65921
1072	2	4	1	2	2	1	5	-2.78722	-3.66857	-4.13568	-4.01483
1073	2	4	1	2	2	1	5	-2.78722	-3.66857	-4.13568	-4.01483
1074	2	1	12	3	2	1	5	-2.63703	-2.12379	-3.68923	-4.62147
1075	2	4	1	2	7	1	5	-2.31813	-5.98455	-5.70586	-4.73724
1076	4	7	10	4	42	51	1	-2.93823	-4.66058	-4.86332	-3.74993
1077	2	4	1	2	2	1	5	-2.78722	-3.66857	-4.13568	-4.01483
1078	8	10	2	2	11	12	6	-3.96671	-7.58796	-7.45572	-6.60813
1079	1	2	3	4	5	9	3	-4.66253	-2.49268	-3.63791	-4.91639
1080	1	2	3	4	5	9	3	-4.66253	-2.49268	-3.63791	-4.91639
1081	10	1	16	19	10	5	7	-6.25925	-2.75013	-4.25068	-5.2253
1082	8	10	2	2	11	12	6	-3.96671	-7.58796	-7.45572	-6.60813
1083	4	7	10	4	1	7	1	-1.83317	-3.79325	-2.58213	-1.90996
1084	2	4	1	2	2	1	5	-2.78722	-3.66857	-4.13568	-4.01483
1085	2	4	1	2	7	1	5	-2.31813	-5.98455	-5.70586	-4.73724
1086	2	1	21	3	2	1	5	-2.94433	-2.49613	-4.52678	-4.42703
1087	2	1	12	3	2	1	5	-2.63703	-2.12379	-3.68923	-4.62147
1088	2	4	2	4	19	3	6	-5.80998	-9.49358	-9.29658	-8.44538
1089	8	10	149	2	11	12	6	-4.89417	-3.97829	-5.74723	-6.96875
1090	8	10	2	2	11	12	6	-3.96671	-7.58796	-7.45572	-6.60813
1091	2	1	12	3	2	1	5	-2.63703	-2.12379	-3.68923	-4.62147
1092	2	1	12	3	2	1	5	-2.63703	-2.12379	-3.68923	-4.62147
1093	2	1	5	3	2	3	5	-4.24633	-3.25503	-5.67197	-4.78466
1094	184	39	30	82	113	43	17	-3.96582	-6.20568	-7.34354	-6.59687
1095	2	1	12	3	2	1	5	-2.63703	-2.12379	-3.68923	-4.62147
1096	2	4	1	2	2	1	5	-2.78722	-3.66857	-4.13568	-4.01483
1097	4	7	10	4	1	7	1	-1.83317	-3.79325	-2.58213	-1.90996
1098	8	10	2	2	11	12	6	-3.96671	-7.58796	-7.45572	-6.60813
1099	4	7	10	4	1	7	1	-1.83317	-3.79325	-2.58213	-1.90996
1100	4	7	10	4	42	51	1	-2.93823	-4.66058	-4.86332	-3.74993
1101	9	25	2	10	22	3	6	-4.47272	-7.4971	-5.95148	-4.34715
1102	9	2	4	62	4	5	6	-3.72893	-5.24989	-5.78219	-6.21441
1103	4	7	10	4	1	7	1	-1.83317	-3.79325	-2.58213	-1.90996
1104	2	4	1	2	7	1	5	-2.31813	-5.98455	-5.70586	-4.73724
1105	4	7	10	4	1	7	1	-1.83317	-3.79325	-2.58213	-1.90996
1106	8	10	2	2	11	12	6	-3.96671	-7.58796	-7.45572	-6.60813
1107	2	4	1	2	2	1	5	-2.78722	-3.66857	-4.13568	-4.01483
1108	4	7	10	4	42	51	1	-2.93823	-4.66058	-4.86332	-3.74993
1109	1	2	3	4	5	9	3	-4.66253	-2.49268	-3.63791	-4.91639
1110	2	1	12	3	2	1	5	-2.63703	-2.12379	-3.68923	-4.62147
1111	2	4	1	2	2	1	5	-2.78722	-3.66857	-4.13568	-4.01483
1112	10	81	50	99	120	76	52	-6.67605	-6.37064	-5.23279	-5.15405
1113	2	4	1	2	2	1	5	-2.78722	-3.66857	-4.13568	-4.01483
1114	4	7	10	4	42	51	1	-2.93823	-4.66058	-4.86332	-3.74993
1115	4	7	10	4	42	51	1	-2.93823	-4.66058	-4.86332	-3.74993
1116	4	7	10	4	1	7	1	-1.83317	-3.79325	-2.58213	-1.90996
1117	3	1	5	10	11	11	6	-10.0791	-6.46979	-9.55708	-10.9907
1118	10	81	50	99	120	76	52	-6.67605	-6.37064	-5.23279	-5.15405
1119	2	4	1	2	2	1	5	-2.78722	-3.66857	-4.13568	-4.01483
1120	4	7	10	4	1	7	1	-1.83317	-3.79325	-2.58213	-1.90996
1121	4	7	10	4	1	7	1	-1.83317	-3.79325	-2.58213	-1.90996
1122	4	7	10	4	42	51	1	-2.93823	-4.66058	-4.86332	-3.74993
1123	2	1	12	3	2	1	5	-2.63703	-2.12379	-3.68923	-4.62147
1124	2	4	1	2	2	1	5	-2.78722	-3.66857	-4.13568	-4.01483
1125	2	1	1	3	2	1	5	-4.6314	-3.7923	-6.65078	-7.01968
1126	2	4	1	2	2	1	5	-2.78722	-3.66857	-4.13568	-4.01483
1127	2	4	1	2	2	1	5	-2.78722	-3.66857	-4.13568	-4.01483
1128	2	4	1	2	2	1	5	-2.78722	-3.66857	-4.13568	-4.01483
1129	2	4	1	2	2	1	5	-2.78722	-3.66857	-4.13568	-4.01483
1130	1	2	3	4	5	9	3	-4.66253	-2.49268	-3.63791	-4.91639
1131	8	10	2	2	11	12	6	-3.96671	-7.58796	-7.45572	-6.60813
1132	2	1	21	3	2	1	5	-2.94433	-2.49613	-4.52678	-4.42703
1133	2	4	1	2	2	1	5	-2.78722	-3.66857	-4.13568	-4.01483
1134	2	1	21	3	2	1	5	-2.94433	-2.49613	-4.52678	-4.42703
1135	2	1	21	3	2	1	5	-2.94433	-2.49613	-4.52678	-4.42703
1136	2	4	1	2	2	1	5	-2.78722	-3.66857	-4.13568	-4.01483
1137	1	2	3	4	5	9	3	-4.66253	-2.49268	-3.63791	-4.91639
1138	10	1	16	19	10	5	7	-6.25925	-2.75013	-4.25068	-5.2253
1139	2	1	12	3	2	1	5	-2.63703	-2.12379	-3.68923	-4.62147
1140	7	21	5	62	4	61	44	-7.42141	-3.83456	-5.7678	-7.64749
1141	2	4	1	2	2	1	5	-2.78722	-3.66857	-4.13568	-4.01483
1142	2	1	12	3	2	1	5	-2.63703	-2.12379	-3.68923	-4.62147
1143	2	4	1	2	7	1	5	-2.31813	-5.98455	-5.70586	-4.73724
1144	2	1	5	3	2	3	5	-4.24633	-3.25503	-5.67197	-4.78466
1145	2	1	21	3	2	1	5	-2.94433	-2.49613	-4.52678	-4.42703
1146	2	1	21	3	2	1	5	-2.94433	-2.49613	-4.52678	-4.42703
1147	2	1	21	3	2	1	5	-2.94433	-2.49613	-4.52678	-4.42703
1148	2	1	21	3	2	1	5	-2.94433	-2.49613	-4.52678	-4.42703
1149	2	1	12	3	2	1	5	-2.63703	-2.12379	-3.68923	-4.62147
1150	8	10	2	2	11	12	6	-3.96671	-7.58796	-7.45572	-6.60813
1151	129	66	30	82	189	47	17	-3.25617	-4.90015	-5.51454	-4.09445
1152	1	307	3	4	5	9	3	-6.86019	-6.44307	-6.0902	-8.01206
1153	8	10	2	2	11	12	6	-3.96671	-7.58796	-7.45572	-6.60813
1154	2	4	2	2	6	1	5	-6.10657	-4.83867	-5.96399	-7.65921
1155	1	4	2	2	6	3	17	-4.66855	-2.45267	-4.7401	-5.61195
1156	2	4	1	2	2	1	5	-2.78722	-3.66857	-4.13568	-4.01483
1157	8	10	2	2	11	12	6	-3.96671	-7.58796	-7.45572	-6.60813
1158	2	4	2	2	6	1	5	-6.10657	-4.83867	-5.96399	-7.65921
1159	2	1	21	3	2	1	5	-2.94433	-2.49613	-4.52678	-4.42703
1160	2	4	5	2	2	5	5	-3.6838	-7.297	-6.81542	-5.64332
1161	7	21	5	62	4	61	44	-7.42141	-3.83456	-5.7678	-7.64749
1162	2	1	12	3	2	1	5	-2.63703	-2.12379	-3.68923	-4.62147
1163	10	27	16	19	10	5	7	-20.2923	-12.8412	-16.5022	-18.161
1164	33	283	44	82	189	44	17	-6.99376	-3.47413	-5.55484	-6.06878
1165	9	25	2	10	22	3	6	-4.47272	-7.4971	-5.95148	-4.34715
1166	7	21	5	62	4	61	44	-7.42141	-3.83456	-5.7678	-7.64749
1167	2	1	5	3	2	3	5	-4.24633	-3.25503	-5.67197	-4.78466
1168	2	1	5	3	2	3	5	-4.24633	-3.25503	-5.67197	-4.78466
1169	9	25	2	10	22	3	6	-4.47272	-7.4971	-5.95148	-4.34715
1170	2	1	5	3	2	3	5	-4.24633	-3.25503	-5.67197	-4.78466
1171	2	4	1	2	2	1	5	-2.78722	-3.66857	-4.13568	-4.01483
1172	129	66	30	82	189	47	17	-3.25617	-4.90015	-5.51454	-4.09445
1173	2	4	1	2	2	1	5	-2.78722	-3.66857	-4.13568	-4.01483
1174	2	1	5	3	2	3	5	-4.24633	-3.25503	-5.67197	-4.78466
1175	2	1	12	3	2	1	5	-2.63703	-2.12379	-3.68923	-4.62147
1176	2	4	1	2	2	1	5	-2.78722	-3.66857	-4.13568	-4.01483
1177	1	4	2	2	6	3	17	-4.66855	-2.45267	-4.7401	-5.61195
1178	2	1	12	3	2	1	5	-2.63703	-2.12379	-3.68923	-4.62147
1179	1	4	2	2	446	3	17	-8.27028	-6.58908	-8.29562	-7.91362
1180	2	1	5	88	2	11	5	-8.88529	-5.35326	-6.04321	-8.12914
1181	2	4	2	2	6	1	5	-6.10657	-4.83867	-5.96399	-7.65921
1182	9	25	2	10	22	3	6	-4.47272	-7.4971	-5.95148	-4.34715
1183	2	1	5	3	2	3	5	-4.24633	-3.25503	-5.67197	-4.78466
1184	7	21	5	62	4	61	44	-7.42141	-3.83456	-5.7678	-7.64749
1185	1	2	3	4	5	9	3	-4.66253	-2.49268	-3.63791	-4.91639
1186	2	4	1	2	2	1	5	-2.78722	-3.66857	-4.13568	-4.01483
1187	7	21	5	62	4	61	44	-7.42141	-3.83456	-5.7678	-7.64749
1188	33	39	30	82	104	173	68	-5.40766	-3.98353	-6.94282	-7.63058
1189	1	4	2	2	6	3	17	-4.66855	-2.45267	-4.7401	-5.61195
1190	2	1	21	3	2	1	5	-2.94433	-2.49613	-4.52678	-4.42703
1191	4	7	10	4	1	7	1	-1.83317	-3.79325	-2.58213	-1.90996
1192	2	1	5	3	2	5	5	-5.59699	-2.8344	-4.13344	-5.5238
1193	1	4	2	2	6	3	17	-4.66855	-2.45267	-4.7401	-5.61195
1194	2	4	1	2	2	1	5	-2.78722	-3.66857	-4.13568	-4.01483
1195	2	4	1	2	2	1	5	-2.78722	-3.66857	-4.13568	-4.01483
1196	2	1	12	3	2	1	5	-2.63703	-2.12379	-3.68923	-4.62147
1197	2	1	6	3	2	3	5	-6.86721	-7.3972	-8.90292	-6.61029
1198	4	7	10	4	1	7	1	-1.83317	-3.79325	-2.58213	-1.90996
1199	2	4	1	2	7	1	5	-2.31813	-5.98455	-5.70586	-4.73724
1200	2	1	1	3	2	1	5	-4.6314	-3.7923	-6.65078	-7.01968
1201	2	4	1	2	2	1	5	-2.78722	-3.66857	-4.13568	-4.01483
1202	7	2	5	2	10	3	6	-31.2686	-27.8291	-28.6668	-28.7207
1203	2	1	21	3	2	1	5	-2.94433	-2.49613	-4.52678	-4.42703
1204	2	4	1	2	7	1	5	-2.31813	-5.98455	-5.70586	-4.73724
1205	4	7	10	4	1	7	1	-1.83317	-3.79325	-2.58213	-1.90996
1206	2	4	1	2	7	1	5	-2.31813	-5.98455	-5.70586	-4.73724
1207	2	4	1	2	2	1	5	-2.78722	-3.66857	-4.13568	-4.01483
1208	1	4	2	2	6	3	17	-4.66855	-2.45267	-4.7401	-5.61195
1209	2	4	1	2	2	1	5	-2.78722	-3.66857	-4.13568	-4.01483
1210	2	4	1	2	2	1	5	-2.78722	-3.66857	-4.13568	-4.01483
1211	74	10	2	2	11	12	6	-7.57737	-11.7585	-11.027	-8.91915
1212	1	2	3	4	5	9	3	-4.66253	-2.49268	-3.63791	-4.91639
1213	2	1	5	3	2	3	5	-4.24633	-3.25503	-5.67197	-4.78466
1214	4	7	10	4	1	7	1	-1.83317	-3.79325	-2.58213	-1.90996
1215	2	4	2	2	6	1	5	-6.10657	-4.83867	-5.96399	-7.65921
1216	2	1	12	3	2	1	5	-2.63703	-2.12379	-3.68923	-4.62147
1217	2	1	21	3	2	1	5	-2.94433	-2.49613	-4.52678	-4.42703
1218	2	4	1	2	2	1	5	-2.78722	-3.66857	-4.13568	-4.01483
1219	2	1	21	3	2	1	5	-2.94433	-2.49613	-4.52678	-4.42703
1220	4	7	10	4	1	7	1	-1.83317	-3.79325	-2.58213	-1.90996
1221	2	1	21	3	2	1	5	-2.94433	-2.49613	-4.52678	-4.42703
1222	2	4	1	2	2	1	5	-2.78722	-3.66857	-4.13568	-4.01483
1223	4	7	10	4	1	7	1	-1.83317	-3.79325	-2.58213	-1.90996
1224	2	4	1	2	2	1	5	-2.78722	-3.66857	-4.13568	-4.01483
1225	4	7	10	4	1	7	1	-1.83317	-3.79325	-2.58213	-1.90996
1226	4	7	10	4	42	51	1	-2.93823	-4.66058	-4.86332	-3.74993
1227	4	7	10	4	42	7	1	-6.53746	-8.31268	-5.53901	-4.6652
1228	2	4	1	2	2	1	5	-2.78722	-3.66857	-4.13568	-4.01483
1229	2	1	5	3	2	3	5	-4.24633	-3.25503	-5.67197	-4.78466
1230	10	81	50	99	120	76	52	-6.67605	-6.37064	-5.23279	-5.15405
1231	2	4	1	2	7	1	5	-2.31813	-5.98455	-5.70586	-4.73724
1232	2	4	1	2	7	1	5	-2.31813	-5.98455	-5.70586	-4.73724
1233	4	7	10	4	1	7	1	-1.83317	-3.79325	-2.58213	-1.90996
1234	1	4	2	2	6	3	17	-4.66855	-2.45267	-4.7401	-5.61195
1235	4	7	10	4	1	7	1	-1.83317	-3.79325	-2.58213	-1.90996
1236	2	4	1	2	2	1	5	-2.78722	-3.66857	-4.13568	-4.01483
1237	4	7	10	4	1	7	1	-1.83317	-3.79325	-2.58213	-1.90996
1238	4	7	10	4	42	51	1	-2.93823	-4.66058	-4.86332	-3.74993
1239	1	307	3	4	5	9	3	-6.86019	-6.44307	-6.0902	-8.01206
1240	2	4	2	2	6	1	5	-6.10657	-4.83867	-5.96399	-7.65921
1241	8	10	149	2	11	12	6	-4.89417	-3.97829	-5.74723	-6.96875
1242	2	1	12	3	2	1	5	-2.63703	-2.12379	-3.68923	-4.62147
1243	2	4	1	2	2	1	5	-2.78722	-3.66857	-4.13568	-4.01483
1244	2	4	1	2	2	1	5	-2.78722	-3.66857	-4.13568	-4.01483
1245	2	4	1	2	2	1	5	-2.78722	-3.66857	-4.13568	-4.01483
1246	4	7	10	4	42	51	1	-2.93823	-4.66058	-4.86332	-3.74993
1247	2	4	1	2	2	1	5	-2.78722	-3.66857	-4.13568	-4.01483
1248	2	4	1	2	2	1	5	-2.78722	-3.66857	-4.13568	-4.01483
1249	2	1	12	88	2	1	5	-3.96154	-3.43566	-5.93925	-5.27273
1250	1	4	2	2	6	3	17	-4.66855	-2.45267	-4.7401	-5.61195
1251	9	2	4	62	4	5	6	-3.72893	-5.24989	-5.78219	-6.21441
1252	2	4	1	2	7	1	5	-2.31813	-5.98455	-5.70586	-4.73724
1253	2	4	5	2	2	5	5	-3.6838	-7.297	-6.81542	-5.64332
1254	2	1	21	3	2	1	5	-2.94433	-2.49613	-4.52678	-4.42703
1255	1	4	2	2	6	3	17	-4.66855	-2.45267	-4.7401	-5.61195
1256	2	1	21	3	2	1	5	-2.94433	-2.49613	-4.52678	-4.42703
1257	2	4	1	2	2	5	5	-6.82489	-6.41123	-9.05205	-9.25481
1258	2	1	12	3	2	1	5	-2.63703	-2.12379	-3.68923	-4.62147
1259	2	4	2	2	6	1	5	-6.10657	-4.83867	-5.96399	-7.65921
1260	2	4	1	2	2	1	5	-2.78722	-3.66857	-4.13568	-4.01483
1261	2	4	1	2	2	1	5	-2.78722	-3.66857	-4.13568	-4.01483
1262	1	307	3	4	5	9	3	-6.86019	-6.44307	-6.0902	-8.01206
1263	9	25	2	10	22	3	6	-4.47272	-7.4971	-5.95148	-4.34715
1264	2	1	1	380	2	1	5	-6.17047	-5.74308	-8.49941	-8.63901
1265	2	4	1	2	2	1	5	-2.78722	-3.66857	-4.13568	-4.01483
1266	2	4	1	2	2	1	5	-2.78722	-3.66857	-4.13568	-4.01483
1267	2	1	12	3	2	1	5	-2.63703	-2.12379	-3.68923	-4.62147
1268	1	2	3	4	5	9	3	-4.66253	-2.49268	-3.63791	-4.91639
1269	2	4	1	2	2	1	5	-2.78722	-3.66857	-4.13568	-4.01483
1270	2	4	1	2	2	1	5	-2.78722	-3.66857	-4.13568	-4.01483
1271	2	4	1	2	2	1	5	-2.78722	-3.66857	-4.13568	-4.01483
1272	1	2	3	4	5	9	3	-4.66253	-2.49268	-3.63791	-4.91639
1273	9	2	2	212	309	253	147	-25.3282	-27.4121	-26.2348	-20.4974
1274	2	1	21	3	2	1	5	-2.94433	-2.49613	-4.52678	-4.42703
1275	47	2	4	2	6	5	17	-11.3422	-11.1635	-6.14543	-8.32371
1276	1	2	3	4	5	9	3	-4.66253	-2.49268	-3.63791	-4.91639
1277	2	4	1	2	2	1	5	-2.78722	-3.66857	-4.13568	-4.01483
1278	2	4	1	2	2	1	5	-2.78722	-3.66857	-4.13568	-4.01483
1279	9	2	4	62	4	5	6	-3.72893	-5.24989	-5.78219	-6.21441
1280	2	1	12	3	2	1	5	-2.63703	-2.12379	-3.68923	-4.62147
1281	2	4	1	2	2	1	5	-2.78722	-3.66857	-4.13568	-4.01483
1282	2	4	1	2	7	1	5	-2.31813	-5.98455	-5.70586	-4.73724
1283	7	17	2	15	23	3	12	-6.91353	-10.6009	-10.4043	-9.55426
1284	2	1	1	3	2	1	5	-4.6314	-3.7923	-6.65078	-7.01968
1285	2	1	12	3	2	1	5	-2.63703	-2.12379	-3.68923	-4.62147
1286	2	4	1	2	2	1	5	-2.78722	-3.66857	-4.13568	-4.01483
1287	2	1	5	3	2	3	5	-4.24633	-3.25503	-5.67197	-4.78466
1288	2	4	1	2	2	1	5	-2.78722	-3.66857	-4.13568	-4.01483
1289	2	4	1	2	2	1	5	-2.78722	-3.66857	-4.13568	-4.01483
1290	1	4	2	2	6	3	17	-4.66855	-2.45267	-4.7401	-5.61195
1291	2	1	2	3	2	3	5	-3.7701	-7.33045	-7.25393	-6.40594
1292	2	1	5	3	2	3	5	-4.24633	-3.25503	-5.67197	-4.78466
1293	1	2	3	3	5	9	3	-11.6565	-7.98888	-10.0747	-12.0859
1294	4	7	10	4	42	51	1	-2.93823	-4.66058	-4.86332	-3.74993
1295	1	4	2	2	6	3	17	-4.66855	-2.45267	-4.7401	-5.61195
1296	2	1	5	3	2	3	5	-4.24633	-3.25503	-5.67197	-4.78466
1297	4	7	10	4	1	7	1	-1.83317	-3.79325	-2.58213	-1.90996
1298	2	4	1	2	2	1	5	-2.78722	-3.66857	-4.13568	-4.01483
1299	4	7	10	4	1	7	1	-1.83317	-3.79325	-2.58213	-1.90996
1300	2	1	21	3	2	1	5	-2.94433	-2.49613	-4.52678	-4.42703
1301	2	4	1	2	2	1	5	-2.78722	-3.66857	-4.13568	-4.01483
1302	4	7	10	4	1	7	1	-1.83317	-3.79325	-2.58213	-1.90996
1303	2	4	1	2	2	1	5	-2.78722	-3.66857	-4.13568	-4.01483
1304	2	1	5	3	2	5	5	-5.59699	-2.8344	-4.13344	-5.5238
1305	2	4	1	2	2	1	5	-2.78722	-3.66857	-4.13568	-4.01483
1306	2	1	21	3	2	1	5	-2.94433	-2.49613	-4.52678	-4.42703
1307	2	1	5	3	2	5	5	-5.59699	-2.8344	-4.13344	-5.5238
1308	1	4	2	2	6	3	17	-4.66855	-2.45267	-4.7401	-5.61195
1309	1	4	2	2	6	3	17	-4.66855	-2.45267	-4.7401	-5.61195
1310	2	1	5	3	2	3	5	-4.24633	-3.25503	-5.67197	-4.78466
1311	1	4	2	2	6	3	17	-4.66855	-2.45267	-4.7401	-5.61195
1312	2	4	1	2	2	1	5	-2.78722	-3.66857	-4.13568	-4.01483
1313	2	1	12	88	2	1	5	-3.96154	-3.43566	-5.93925	-5.27273
1314	2	1	5	3	2	3	5	-4.24633	-3.25503	-5.67197	-4.78466
1315	2	4	5	2	2	1	5	-6.17769	-9.24531	-9.03394	-8.69328
1316	2	4	1	2	2	1	5	-2.78722	-3.66857	-4.13568	-4.01483
1317	1	4	2	2	6	3	17	-4.66855	-2.45267	-4.7401	-5.61195
1318	2	1	21	3	2	1	5	-2.94433	-2.49613	-4.52678	-4.42703
1319	4	7	10	4	1	7	1	-1.83317	-3.79325	-2.58213	-1.90996
1320	1	2	3	4	5	9	3	-4.66253	-2.49268	-3.63791	-4.91639
1321	2	4	1	2	7	1	5	-2.31813	-5.98455	-5.70586	-4.73724
1322	4	7	10	4	1	7	1	-1.83317	-3.79325	-2.58213	-1.90996
1323	4	7	10	4	1	7	1	-1.83317	-3.79325	-2.58213	-1.90996
1324	1	4	2	2	6	3	17	-4.66855	-2.45267	-4.7401	-5.61195
1325	2	4	1	2	7	1	5	-2.31813	-5.98455	-5.70586	-4.73724
1326	4	7	10	4	1	7	1	-1.83317	-3.79325	-2.58213	-1.90996
1327	8	10	2	2	11	12	6	-3.96671	-7.58796	-7.45572	-6.60813
1328	969	7	10	4	1	7	1	-5.36672	-7.94983	-6.15041	-4.21784
1329	4	7	10	4	1	7	1	-1.83317	-3.79325	-2.58213	-1.90996
1330	10	27	16	942	10	5	7	-23.9029	-17.0125	-20.0737	-20.4719
1331	10	27	16	941	10	5	7	-23.9029	-17.0125	-20.0737	-20.4719
1332	4	7	10	4	1	7	1	-1.83317	-3.79325	-2.58213	-1.90996
1333	4	7	10	4	1	7	1	-1.83317	-3.79325	-2.58213	-1.90996
1334	129	66	30	82	189	47	17	-3.25617	-4.90015	-5.51454	-4.09445
1335	4	7	10	4	1	7	1	-1.83317	-3.79325	-2.58213	-1.90996
1336	4	7	10	4	1	7	1	-1.83317	-3.79325	-2.58213	-1.90996
1337	2	4	1	2	2	1	5	-2.78722	-3.66857	-4.13568	-4.01483
1338	2	1	2	3	2	3	5	-3.7701	-7.33045	-7.25393	-6.40594
1339	10	27	16	19	10	5	7	-20.2923	-12.8412	-16.5022	-18.161
1340	2	4	1	2	2	1	5	-2.78722	-3.66857	-4.13568	-4.01483
1341	33	39	30	82	104	173	68	-5.40766	-3.98353	-6.94282	-7.63058
1342	1	4	2	2	6	3	17	-4.66855	-2.45267	-4.7401	-5.61195
1343	2	1	5	3	2	5	5	-5.59699	-2.8344	-4.13344	-5.5238
1344	2	1	12	3	2	1	5	-2.63703	-2.12379	-3.68923	-4.62147
1345	8	10	2	2	11	12	6	-3.96671	-7.58796	-7.45572	-6.60813
1346	2	1	1	3	2	1	5	-4.6314	-3.7923	-6.65078	-7.01968
1347	1	4	2	2	6	3	17	-4.66855	-2.45267	-4.7401	-5.61195
1348	7	2	2	2	11	12	6	-4.51333	-8.20056	-8.00374	-7.15441
1349	9	2	4	62	4	5	6	-3.72893	-5.24989	-5.78219	-6.21441
1350	2	1	21	3	2	1	5	-2.94433	-2.49613	-4.52678	-4.42703
1351	9	7	10	4	1	7	1	-10.1639	-12.235	-11.3159	-10.0392
1352	2	1	12	3	920	1	5	-6.2485	-6.28605	-7.25962	-6.93175
1353	239	27	16	19	10	5	7	-10.0809	-6.47257	-9.561	-10.9936
1354	7	17	2	15	23	3	12	-6.91353	-10.6009	-10.4043	-9.55426
1355	1	4	2	2	6	3	17	-4.66855	-2.45267	-4.7401	-5.61195
1356	1	6	60	24	12	28	1	-27.8178	-31.2845	-22.9771	-18.3292
1357	2	4	5	2	10	1	5	-6.90539	-10.5808	-10.3893	-9.54372
1358	10	81	50	99	120	76	52	-6.67605	-6.37064	-5.23279	-5.15405
1359	4	7	10	4	1	7	1	-1.83317	-3.79325	-2.58213	-1.90996
1360	2	1	5	3	2	5	5	-5.59699	-2.8344	-4.13344	-5.5238
1361	4	7	10	1	1	7	1	-5.28171	-8.6322	-5.9317	-6.03862
1362	2	4	5	2	10	1	5	-6.90539	-10.5808	-10.3893	-9.54372
1363	2	1	21	3	2	1	5	-2.94433	-2.49613	-4.52678	-4.42703
1364	2	1	21	3	2	1	5	-2.94433	-2.49613	-4.52678	-4.42703
1365	2	4	1	2	2	1	5	-2.78722	-3.66857	-4.13568	-4.01483
1366	2	4	2	2	6	1	5	-6.10657	-4.83867	-5.96399	-7.65921
1367	2	4	1	2	7	1	5	-2.31813	-5.98455	-5.70586	-4.73724
1368	2	4	1	2	2	1	5	-2.78722	-3.66857	-4.13568	-4.01483
1369	2	4	1	2	2	1	5	-2.78722	-3.66857	-4.13568	-4.01483
1370	4	7	10	4	1	7	1	-1.83317	-3.79325	-2.58213	-1.90996
1371	4	7	10	4	42	51	1	-2.93823	-4.66058	-4.86332	-3.74993
1372	2	1	5	3	2	3	5	-4.24633	-3.25503	-5.67197	-4.78466
1373	2	1	12	3	2	1	5	-2.63703	-2.12379	-3.68923	-4.62147
1374	2	1	1	3	2	1	5	-4.6314	-3.7923	-6.65078	-7.01968
1375	2	4	1	2	2	1	5	-2.78722	-3.66857	-4.13568	-4.01483
1376	4	7	10	4	1	7	1	-1.83317	-3.79325	-2.58213	-1.90996
1377	10	1	16	19	10	5	7	-6.25925	-2.75013	-4.25068	-5.2253
1378	2	4	1	2	7	1	5	-2.31813	-5.98455	-5.70586	-4.73724
1379	2	4	1	2	2	1	5	-2.78722	-3.66857	-4.13568	-4.01483
1380	10	81	50	99	120	76	52	-6.67605	-6.37064	-5.23279	-5.15405
1381	2	1	12	3	2	1	5	-2.63703	-2.12379	-3.68923	-4.62147
1382	2	4	1	2	2	1	5	-2.78722	-3.66857	-4.13568	-4.01483
1383	2	4	1	2	7	1	5	-2.31813	-5.98455	-5.70586	-4.73724
1384	1	2	3	4	5	9	3	-4.66253	-2.49268	-3.63791	-4.91639
1385	8	10	2	2	11	12	6	-3.96671	-7.58796	-7.45572	-6.60813
1386	1	4	2	2	6	3	17	-4.66855	-2.45267	-4.7401	-5.61195
1387	2	4	1	2	2	1	5	-2.78722	-3.66857	-4.13568	-4.01483
1388	2	4	1	2	2	1	5	-2.78722	-3.66857	-4.13568	-4.01483
1389	10	7	10	4	1	7	1	-12.2846	-10.8026	-9.98242	-9.21564
1390	2	1	21	3	2	1	5	-2.94433	-2.49613	-4.52678	-4.42703
1391	2	1	21	3	2	1	5	-2.94433	-2.49613	-4.52678	-4.42703
1392	10	1	16	19	10	5	7	-6.25925	-2.75013	-4.25068	-5.2253
1393	2	1	5	3	2	3	5	-4.24633	-3.25503	-5.67197	-4.78466
1394	2	1	5	3	2	3	5	-4.24633	-3.25503	-5.67197	-4.78466
1395	2	4	1	2	2	5	5	-6.82489	-6.41123	-9.05205	-9.25481
1396	2	4	1	2	7	1	5	-2.31813	-5.98455	-5.70586	-4.73724
1397	10	1	16	19	10	5	7	-6.25925	-2.75013	-4.25068	-5.2253
1398	2	4	1	2	7	1	5	-2.31813	-5.98455	-5.70586	-4.73724
1399	2	934	1	2	2	1	5	-6.32039	-7.83359	-7.69842	-6.30722
