Isolate	Loci0	Loci1	Loci2	Loci3	Loci4	Loci5	Loci6	Source0	Source1	Source2	Source3
0	1	2	3	4	5	9	3	-4.41388	-2.48557	-3.57167	-4.89826
1	4	7	10	4	1	7	1	-1.85515	-3.76672	-2.63992	-1.95618
2	2	4	1	2	2	1	5	-2.78772	-3.6537	-4.12942	-4.07259
3	2	4	1	2	2	1	5	-2.78772	-3.6537	-4.12942	-4.07259
4	9	25	2	10	22	3	6	-4.50313	-7.40867	-6.04307	-4.38849
5	4	7	10	4	1	7	1	-1.85515	-3.76672	-2.63992	-1.95618
6	4	7	10	4	1	7	1	-1.85515	-3.76672	-2.63992	-1.95618
7	4	7	10	4	42	51	1	-2.94984	-4.6262	-4.88948	-3.79413
8	2	4	1	2	2	1	5	-2.78772	-3.6537	-4.12942	-4.07259
9	10	81	50	99	120	76	52	-6.71893	-6.37655	-5.27789	-5.21493
10	2	1	21	3	2	1	5	-2.90591	-2.48906	-4.32134	-4.40286
11	2	1	21	3	2	1	5	-2.90591	-2.48906	-4.32134	-4.40286
12	9	25	2	10	22	3	6	-4.50313	-7.40867	-6.04307	-4.38849
13	2	1	21	3	2	1	5	-2.90591	-2.48906	-4.32134	-4.40286
14	10	27	16	19	10	5	7	-19.1682	-13.0485	-16.0523	-17.0342
15	2	4	1	2	2	1	5	-2.78772	-3.6537	-4.12942	-4.07259
16	2	4	1	2	2	1	5	-2.78772	-3.6537	-4.12942	-4.07259
17	9	2	4	62	4	5	6	-3.73098	-5.21985	-5.75959	-6.33641
18	9	53	2	53	11	3	3	-31.7304	-30.0829	-25.5604	-25.5845
19	2	4	1	2	2	1	5	-2.78772	-3.6537	-4.12942	-4.07259
20	2	4	1	2	2	1	5	-2.78772	-3.6537	-4.12942	-4.07259
21	4	7	10	4	1	7	1	-1.85515	-3.76672	-2.63992	-1.95618
22	2	4	1	2	2	1	5	-2.78772	-3.6537	-4.12942	-4.07259
23	1	4	2	2	6	3	17	-4.40972	-2.44509	-4.46507	-5.39021
24	4	7	10	4	1	7	1	-1.85515	-3.76672	-2.63992	-1.95618
25	2	1	21	3	2	1	5	-2.90591	-2.48906	-4.32134	-4.40286
26	8	10	2	2	11	12	6	-3.97565	-7.41228	-7.44852	-6.7402
27	2	4	2	2	6	1	5	-6.00149	-4.83285	-5.89812	-7.64291
28	2	1	12	3	2	1	5	-2.59291	-2.11786	-3.56735	-4.59084
29	2	4	1	2	2	1	5	-2.78772	-3.6537	-4.12942	-4.07259
30	4	7	10	4	1	7	1	-1.85515	-3.76672	-2.63992	-1.95618
31	10	1	16	19	10	5	7	-5.52326	-2.74318	-4.13932	-5.16271
32	1	2	3	4	5	9	3	-4.41388	-2.48557	-3.57167	-4.89826
33	2	4	1	2	2	1	5	-2.78772	-3.6537	-4.12942	-4.07259
34	2	4	1	2	2	1	5	-2.78772	-3.6537	-4.12942	-4.07259
35	2	4	1	2	2	1	5	-2.78772	-3.6537	-4.12942	-4.07259
36	4	7	10	4	1	7	1	-1.85515	-3.76672	-2.63992	-1.95618
37	129	66	30	82	189	47	17	-3.2668	-4.8664	-5.52418	-4.13965
38	2	1	12	3	357	1	5	-7.34835	-7.22187	-6.11433	-7.65729
39	9	2	4	62	4	5	6	-3.73098	-5.21985	-5.75959	-6.33641
40	2	1	1	3	2	1	5	-4.56782	-3.78665	-6.18483	-6.78799
41	2	1	12	3	357	1	5	-7.34835	-7.22187	-6.11433	-7.65729
42	2	1	5	3	2	3	5	-4.17941	-3.24914	-5.37708	-4.76226
43	2	1	5	3	2	3	5	-4.17941	-3.24914	-5.37708	-4.76226
44	2	4	1	2	2	1	5	-2.78772	-3.6537	-4.12942	-4.07259
45	2	4	1	2	2	1	5	-2.78772	-3.6537	-4.12942	-4.07259
46	2	4	2	2	6	1	5	-6.00149	-4.83285	-5.89812	-7.64291
47	1	4	2	2	6	3	17	-4.40972	-2.44509	-4.46507	-5.39021
48	2	1	21	3	2	1	5	-2.90591	-2.48906	-4.32134	-4.40286
49	2	1	2	3	2	3	5	-3.77939	-7.17282	-7.24734	-6.53351
50	2	1	21	3	2	1	5	-2.90591	-2.48906	-4.32134	-4.40286
51	7	17	2	15	23	3	12	-6.92225	-10.4034	-10.3973	-9.68696
52	2	4	1	2	7	1	5	-2.32812	-5.79319	-5.71079	-4.84711
53	9	2	4	62	4	5	6	-3.73098	-5.21985	-5.75959	-6.33641
54	2	4	1	2	7	1	5	-2.32812	-5.79319	-5.71079	-4.84711
55	9	2	4	62	4	5	6	-3.73098	-5.21985	-5.75959	-6.33641
56	2	1	12	88	2	1	5	-3.9201	-3.42807	-5.60932	-5.24046
57	2	1	5	3	2	3	5	-4.17941	-3.24914	-5.37708	-4.76226
58	2	4	1	2	2	1	5	-2.78772	-3.6537	-4.12942	-4.07259
59	9	2	4	62	4	5	6	-3.73098	-5.21985	-5.75959	-6.33641
60	2	1	5	3	2	3	5	-4.17941	-3.24914	-5.37708	-4.76226
61	2	4	1	2	2	1	5	-2.78772	-3.6537	-4.12942	-4.07259
62	2	4	1	2	2	1	5	-2.78772	-3.6537	-4.12942	-4.07259
63	2	4	1	2	2	1	5	-2.78772	-3.6537	-4.12942	-4.07259
64	2	4	1	2	2	1	5	-2.78772	-3.6537	-4.12942	-4.07259
65	2	4	1	2	2	1	5	-2.78772	-3.6537	-4.12942	-4.07259
66	2	4	1	2	2	1	5	-2.78772	-3.6537	-4.12942	-4.07259
67	1	2	215	4	90	24	8	-32.6115	-30.7878	-21.4428	-22.1624
68	2	4	1	2	2	1	5	-2.78772	-3.6537	-4.12942	-4.07259
69	1	2	3	4	5	9	3	-4.41388	-2.48557	-3.57167	-4.89826
70	2	4	1	2	2	1	5	-2.78772	-3.6537	-4.12942	-4.07259
71	2	4	1	2	2	1	5	-2.78772	-3.6537	-4.12942	-4.07259
72	9	25	2	10	22	3	6	-4.50313	-7.40867	-6.04307	-4.38849
73	2	15	4	48	360	25	23	-6.78329	-8.59104	-5.72833	-4.95878
74	2	4	1	2	2	1	5	-2.78772	-3.6537	-4.12942	-4.07259
75	2	1	12	88	2	1	5	-3.9201	-3.42807	-5.60932	-5.24046
76	2	4	2	2	6	1	5	-6.00149	-4.83285	-5.89812	-7.64291
77	10	1	16	19	10	5	7	-5.52326	-2.74318	-4.13932	-5.16271
78	2	4	1	2	2	1	5	-2.78772	-3.6537	-4.12942	-4.07259
79	2	1	12	3	2	1	5	-2.59291	-2.11786	-3.56735	-4.59084
80	2	4	1	2	2	1	5	-2.78772	-3.6537	-4.12942	-4.07259
81	2	4	1	2	2	1	5	-2.78772	-3.6537	-4.12942	-4.07259
82	1	4	2	2	6	3	17	-4.40972	-2.44509	-4.46507	-5.39021
83	10	1	16	19	10	5	7	-5.52326	-2.74318	-4.13932	-5.16271
84	8	10	149	2	11	12	6	-4.82134	-3.96759	-5.58661	-6.85425
85	2	4	1	2	2	1	5	-2.78772	-3.6537	-4.12942	-4.07259
86	2	4	1	2	7	1	5	-2.32812	-5.79319	-5.71079	-4.84711
87	32	39	30	82	104	324	17	-7.48225	-4.67143	-7.19898	-8.3741
88	1	2	3	4	5	9	3	-4.41388	-2.48557	-3.57167	-4.89826
89	2	1	5	3	2	3	5	-4.17941	-3.24914	-5.37708	-4.76226
90	2	4	1	2	2	1	5	-2.78772	-3.6537	-4.12942	-4.07259
91	2	4	1	2	7	1	5	-2.32812	-5.79319	-5.71079	-4.84711
92	4	7	10	4	1	7	1	-1.85515	-3.76672	-2.63992	-1.95618
93	2	1	2	3	2	3	5	-3.77939	-7.17282	-7.24734	-6.53351
94	2	1	12	3	2	1	5	-2.59291	-2.11786	-3.56735	-4.59084
95	2	1	21	3	2	1	5	-2.90591	-2.48906	-4.32134	-4.40286
96	2	1	21	3	2	1	5	-2.90591	-2.48906	-4.32134	-4.40286
97	9	2	5	2	11	3	1	-29.4092	-32.0722	-29.0523	-25.6448
98	4	7	10	4	1	7	1	-1.85515	-3.76672	-2.63992	-1.95618
99	2	1	2	3	2	3	5	-3.77939	-7.17282	-7.24734	-6.53351
100	2	1	21	3	2	1	5	-2.90591	-2.48906	-4.32134	-4.40286
101	4	7	10	4	1	7	1	-1.85515	-3.76672	-2.63992	-1.95618
102	2	1	21	3	2	1	5	-2.90591	-2.48906	-4.32134	-4.40286
103	1	4	2	2	6	3	17	-4.40972	-2.44509	-4.46507	-5.39021
104	2	4	5	2	10	1	5	-6.91481	-10.3876	-10.3846	-9.67306
105	2	1	12	88	2	1	5	-3.9201	-3.42807	-5.60932	-5.24046
106	9	2	4	62	4	5	6	-3.73098	-5.21985	-5.75959	-6.33641
107	2	165	73	147	220	190	104	-9.24307	-9.0586	-7.04128	-5.28976
108	2	1	21	3	2	1	5	-2.90591	-2.48906	-4.32134	-4.40286
109	2	4	1	2	2	1	5	-2.78772	-3.6537	-4.12942	-4.07259
110	2	1	12	3	11	1	6	-18.9109	-18.0749	-20.6428	-20.2176
111	2	1	2	3	2	3	5	-3.77939	-7.17282	-7.24734	-6.53351
112	2	4	1	2	7	1	5	-2.32812	-5.79319	-5.71079	-4.84711
113	2	1	2	3	2	3	5	-3.77939	-7.17282	-7.24734	-6.53351
114	2	1	21	3	2	1	5	-2.90591	-2.48906	-4.32134	-4.40286
115	2	4	1	2	7	1	5	-2.32812	-5.79319	-5.71079	-4.84711
116	33	39	30	82	113	43	17	-9.07003	-6.46062	-6.13539	-8.53397
117	2	4	1	2	2	1	5	-2.78772	-3.6537	-4.12942	-4.07259
118	2	4	1	2	2	1	5	-2.78772	-3.6537	-4.12942	-4.07259
119	2	4	1	2	2	1	5	-2.78772	-3.6537	-4.12942	-4.07259
120	2	4	1	2	7	1	5	-2.32812	-5.79319	-5.71079	-4.84711
121	4	7	10	1	1	7	1	-5.29725	-8.56655	-5.98555	-6.11712
122	2	1	12	3	2	1	5	-2.59291	-2.11786	-3.56735	-4.59084
123	2	4	1	2	2	1	5	-2.78772	-3.6537	-4.12942	-4.07259
124	2	4	1	2	2	1	5	-2.78772	-3.6537	-4.12942	-4.07259
125	2	4	1	2	7	1	5	-2.32812	-5.79319	-5.71079	-4.84711
126	2	4	1	2	2	1	5	-2.78772	-3.6537	-4.12942	-4.07259
127	2	4	1	2	2	1	5	-2.78772	-3.6537	-4.12942	-4.07259
128	2	1	12	88	2	1	5	-3.9201	-3.42807	-5.60932	-5.24046
129	2	1	12	3	2	1	5	-2.59291	-2.11786	-3.56735	-4.59084
130	2	1	12	3	2	1	5	-2.59291	-2.11786	-3.56735	-4.59084
131	2	4	1	2	7	1	5	-2.32812	-5.79319	-5.71079	-4.84711
132	2	1	21	3	2	1	5	-2.90591	-2.48906	-4.32134	-4.40286
133	2	1	21	3	2	1	5	-2.90591	-2.48906	-4.32134	-4.40286
134	2	4	5	2	2	5	5	-3.69461	-7.11682	-6.84296	-5.72418
135	2	1	21	3	2	1	5	-2.90591	-2.48906	-4.32134	-4.40286
136	1	4	2	2	6	3	1	-11.2188	-10.2343	-10.6049	-10.7197
137	2	1	5	3	2	3	5	-4.17941	-3.24914	-5.37708	-4.76226
138	2	1	5	3	2	3	5	-4.17941	-3.24914	-5.37708	-4.76226
139	4	7	10	4	1	7	1	-1.85515	-3.76672	-2.63992	-1.95618
140	8	10	2	2	11	12	6	-3.97565	-7.41228	-7.44852	-6.7402
141	2	1	2	3	2	3	5	-3.77939	-7.17282	-7.24734	-6.53351
142	2	1	5	3	2	3	5	-4.17941	-3.24914	-5.37708	-4.76226
143	2	1	2	3	2	3	5	-3.77939	-7.17282	-7.24734	-6.53351
144	129	66	30	82	189	47	17	-3.2668	-4.8664	-5.52418	-4.13965
145	2	4	1	2	2	1	5	-2.78772	-3.6537	-4.12942	-4.07259
146	2	4	1	2	2	1	5	-2.78772	-3.6537	-4.12942	-4.07259
147	7	21	5	62	4	61	44	-6.62345	-3.82552	-5.57563	-7.27038
148	2	4	1	2	2	1	5	-2.78772	-3.6537	-4.12942	-4.07259
149	2	937	1	2	2	1	5	-7.46622	-8.76054	-6.67031	-7.12452
150	1	14	2	2	6	1	17	-8.97448	-6.42629	-7.7788	-6.36644
151	1	4	2	2	6	3	17	-4.40972	-2.44509	-4.46507	-5.39021
152	8	10	149	2	11	12	6	-4.82134	-3.96759	-5.58661	-6.85425
153	2	1	12	3	2	1	5	-2.59291	-2.11786	-3.56735	-4.59084
154	9	30	2	2	89	59	6	-4.97476	-8.45713	-8.45063	-7.73962
155	1	2	3	4	5	9	3	-4.41388	-2.48557	-3.57167	-4.89826
156	2	4	1	2	2	1	5	-2.78772	-3.6537	-4.12942	-4.07259
157	2	4	1	2	2	1	5	-2.78772	-3.6537	-4.12942	-4.07259
158	180	194	2	68	19	231	147	-29.0895	-34.36	-21.5356	-23.4207
159	2	4	1	2	2	1	5	-2.78772	-3.6537	-4.12942	-4.07259
160	2	4	1	2	2	1	5	-2.78772	-3.6537	-4.12942	-4.07259
161	2	4	1	2	2	1	5	-2.78772	-3.6537	-4.12942	-4.07259
162	4	7	10	4	1	7	1	-1.85515	-3.76672	-2.63992	-1.95618
163	2	4	1	2	2	1	5	-2.78772	-3.6537	-4.12942	-4.07259
164	2	1	21	3	2	1	5	-2.90591	-2.48906	-4.32134	-4.40286
165	2	4	1	2	7	1	5	-2.32812	-5.79319	-5.71079	-4.84711
166	2	4	1	2	2	1	5	-2.78772	-3.6537	-4.12942	-4.07259
167	10	1	16	19	10	5	7	-5.52326	-2.74318	-4.13932	-5.16271
168	104	7	10	4	1	7	1	-4.43147	-7.91869	-7.89773	-7.17213
169	2	4	1	2	2	1	5	-2.78772	-3.6537	-4.12942	-4.07259
170	10	27	16	19	10	5	7	-19.1682	-13.0485	-16.0523	-17.0342
171	2	4	1	2	2	1	5	-2.78772	-3.6537	-4.12942	-4.07259
172	2	1	1	3	2	1	5	-4.56782	-3.78665	-6.18483	-6.78799
173	7	21	5	62	4	61	44	-6.62345	-3.82552	-5.57563	-7.27038
174	2	1	1	3	2	1	5	-4.56782	-3.78665	-6.18483	-6.78799
175	10	1	16	19	10	5	7	-5.52326	-2.74318	-4.13932	-5.16271
176	2	4	1	2	2	1	5	-2.78772	-3.6537	-4.12942	-4.07259
177	2	4	1	2	2	1	5	-2.78772	-3.6537	-4.12942	-4.07259
178	2	1	12	3	2	1	5	-2.59291	-2.11786	-3.56735	-4.59084
179	2	4	1	2	2	1	5	-2.78772	-3.6537	-4.12942	-4.07259
180	2	4	1	2	2	1	5	-2.78772	-3.6537	-4.12942	-4.07259
181	1	4	2	2	6	3	17	-4.40972	-2.44509	-4.46507	-5.39021
182	2	1	12	3	2	1	5	-2.59291	-2.11786	-3.56735	-4.59084
183	4	7	10	4	1	7	1	-1.85515	-3.76672	-2.63992	-1.95618
184	2	4	1	2	2	1	5	-2.78772	-3.6537	-4.12942	-4.07259
185	2	4	1	2	2	1	5	-2.78772	-3.6537	-4.12942	-4.07259
186	2	1	21	3	2	1	5	-2.90591	-2.48906	-4.32134	-4.40286
187	4	7	10	4	1	7	1	-1.85515	-3.76672	-2.63992	-1.95618
188	4	7	10	4	42	51	1	-2.94984	-4.6262	-4.88948	-3.79413
189	2	1	5	3	2	3	5	-4.17941	-3.24914	-5.37708	-4.76226
190	1	2	4	62	4	5	17	-6.01499	-4.8428	-7.28191	-8.05353
191	4	7	10	4	1	7	1	-1.85515	-3.76672	-2.63992	-1.95618
192	4	7	10	4	42	51	1	-2.94984	-4.6262	-4.88948	-3.79413
193	2	1	21	3	2	1	5	-2.90591	-2.48906	-4.32134	-4.40286
194	4	7	10	4	42	51	1	-2.94984	-4.6262	-4.88948	-3.79413
195	2	4	1	2	7	1	5	-2.32812	-5.79319	-5.71079	-4.84711
196	2	4	1	2	2	1	5	-2.78772	-3.6537	-4.12942	-4.07259
197	1	2	3	4	5	9	3	-4.41388	-2.48557	-3.57167	-4.89826
198	1	2	4	62	4	5	17	-6.01499	-4.8428	-7.28191	-8.05353
199	2	250	4	281	358	25	57	-31.1843	-32.0485	-19.2831	-19.4177
200	9	2	4	62	4	5	6	-3.73098	-5.21985	-5.75959	-6.33641
201	1	2	3	4	5	9	3	-4.41388	-2.48557	-3.57167	-4.89826
202	4	7	10	4	1	7	1	-1.85515	-3.76672	-2.63992	-1.95618
203	2	4	2	4	19	3	6	-5.81918	-9.29774	-9.29113	-8.57494
204	4	7	10	4	1	7	1	-1.85515	-3.76672	-2.63992	-1.95618
205	4	7	10	4	42	51	1	-2.94984	-4.6262	-4.88948	-3.79413
206	2	1	12	3	2	1	5	-2.59291	-2.11786	-3.56735	-4.59084
207	4	7	10	4	1	7	1	-1.85515	-3.76672	-2.63992	-1.95618
208	2	1	12	3	2	1	5	-2.59291	-2.11786	-3.56735	-4.59084
209	1	2	4	62	4	5	17	-6.01499	-4.8428	-7.28191	-8.05353
210	4	7	10	4	42	51	1	-2.94984	-4.6262	-4.88948	-3.79413
211	2	4	1	2	2	1	5	-2.78772	-3.6537	-4.12942	-4.07259
212	4	7	10	4	1	7	1	-1.85515	-3.76672	-2.63992	-1.95618
213	2	1	21	3	2	1	5	-2.90591	-2.48906	-4.32134	-4.40286
214	47	2	4	2	6	5	17	-11.0157	-15.5512	-6.19177	-8.75012
215	2	1	21	3	2	1	5	-2.90591	-2.48906	-4.32134	-4.40286
216	2	1	21	3	2	1	5	-2.90591	-2.48906	-4.32134	-4.40286
217	2	4	1	2	2	1	5	-2.78772	-3.6537	-4.12942	-4.07259
218	2	4	1	2	2	1	5	-2.78772	-3.6537	-4.12942	-4.07259
219	10	81	50	99	120	76	52	-6.71893	-6.37655	-5.27789	-5.21493
220	2	4	1	2	2	1	5	-2.78772	-3.6537	-4.12942	-4.07259
221	2	4	1	2	2	1	5	-2.78772	-3.6537	-4.12942	-4.07259
222	1	4	2	2	6	3	17	-4.40972	-2.44509	-4.46507	-5.39021
223	1	2	4	62	4	5	17	-6.01499	-4.8428	-7.28191	-8.05353
224	4	7	10	4	1	7	1	-1.85515	-3.76672	-2.63992	-1.95618
225	4	7	10	4	1	7	1	-1.85515	-3.76672	-2.63992	-1.95618
226	10	1	16	19	10	5	7	-5.52326	-2.74318	-4.13932	-5.16271
227	2	4	1	2	2	1	5	-2.78772	-3.6537	-4.12942	-4.07259
228	2	4	1	2	7	1	5	-2.32812	-5.79319	-5.71079	-4.84711
229	1	4	2	348	6	3	17	-8.17445	-5.35806	-7.8871	-9.06383
230	1	2	4	62	4	5	17	-6.01499	-4.8428	-7.28191	-8.05353
231	10	27	16	19	10	5	7	-19.1682	-13.0485	-16.0523	-17.0342
232	1	4	2	2	6	3	17	-4.40972	-2.44509	-4.46507	-5.39021
233	4	7	10	4	42	51	1	-2.94984	-4.6262	-4.88948	-3.79413
234	2	4	1	2	2	1	5	-2.78772	-3.6537	-4.12942	-4.07259
235	2	1	12	3	2	1	5	-2.59291	-2.11786	-3.56735	-4.59084
236	2	1	12	88	2	1	5	-3.9201	-3.42807	-5.60932	-5.24046
237	2	4	1	2	7	1	5	-2.32812	-5.79319	-5.71079	-4.84711
238	2	1	12	3	2	1	5	-2.59291	-2.11786	-3.56735	-4.59084
239	1	4	2	2	6	3	17	-4.40972	-2.44509	-4.46507	-5.39021
240	2	1	4	28	58	25	58	-5.73255	-7.81541	-5.40665	-4.27528
241	2	1	5	3	2	3	5	-4.17941	-3.24914	-5.37708	-4.76226
242	2	1	12	3	2	1	5	-2.59291	-2.11786	-3.56735	-4.59084
243	2	4	1	2	2	1	5	-2.78772	-3.6537	-4.12942	-4.07259
244	2	1	5	10	11	1	5	-27.0703	-23.044	-24.6826	-24.963
245	2	1	12	3	2	1	5	-2.59291	-2.11786	-3.56735	-4.59084
246	2	1	12	88	2	1	5	-3.9201	-3.42807	-5.60932	-5.24046
247	2	1	12	3	2	1	5	-2.59291	-2.11786	-3.56735	-4.59084
248	2	1	12	3	2	1	5	-2.59291	-2.11786	-3.56735	-4.59084
249	1	4	2	2	6	3	17	-4.40972	-2.44509	-4.46507	-5.39021
250	9	2	4	62	4	5	6	-3.73098	-5.21985	-5.75959	-6.33641
251	2	1	12	3	2	1	5	-2.59291	-2.11786	-3.56735	-4.59084
252	8	10	149	2	11	12	6	-4.82134	-3.96759	-5.58661	-6.85425
253	2	1	21	3	2	1	5	-2.90591	-2.48906	-4.32134	-4.40286
254	1	2	3	4	5	9	3	-4.41388	-2.48557	-3.57167	-4.89826
255	2	1	5	3	2	3	5	-4.17941	-3.24914	-5.37708	-4.76226
256	1	307	3	4	5	9	3	-6.81561	-6.44019	-6.11127	-8.25436
257	1	4	2	2	6	3	17	-4.40972	-2.44509	-4.46507	-5.39021
258	2	4	1	2	7	1	5	-2.32812	-5.79319	-5.71079	-4.84711
259	2	4	1	2	2	1	5	-2.78772	-3.6537	-4.12942	-4.07259
260	2	61	4	64	126	7	23	-6.10396	-7.89855	-6.02814	-4.28501
261	7	21	5	62	4	61	44	-6.62345	-3.82552	-5.57563	-7.27038
262	2	1	12	3	2	1	5	-2.59291	-2.11786	-3.56735	-4.59084
263	2	4	1	2	2	1	5	-2.78772	-3.6537	-4.12942	-4.07259
264	2	1	12	3	2	1	5	-2.59291	-2.11786	-3.56735	-4.59084
265	2	1	21	3	2	1	5	-2.90591	-2.48906	-4.32134	-4.40286
266	2	1	21	3	2	1	5	-2.90591	-2.48906	-4.32134	-4.40286
267	2	4	1	2	2	1	5	-2.78772	-3.6537	-4.12942	-4.07259
268	2	4	1	2	2	1	5	-2.78772	-3.6537	-4.12942	-4.07259
269	2	4	1	2	7	1	5	-2.32812	-5.79319	-5.71079	-4.84711
270	4	7	10	4	1	7	1	-1.85515	-3.76672	-2.63992	-1.95618
271	1	2	4	62	4	5	17	-6.01499	-4.8428	-7.28191	-8.05353
272	4	1	21	3	2	1	5	-9.80391	-10.3718	-10.5894	-9.80534
273	10	1	16	19	10	5	7	-5.52326	-2.74318	-4.13932	-5.16271
274	33	283	44	82	189	44	17	-6.25299	-3.46545	-5.33412	-5.95181
275	2	1	12	3	2	1	5	-2.59291	-2.11786	-3.56735	-4.59084
276	10	81	50	99	120	76	52	-6.71893	-6.37655	-5.27789	-5.21493
277	4	7	10	4	42	25	1	-9.05265	-9.05591	-5.82473	-5.22228
278	2	4	1	2	2	1	5	-2.78772	-3.6537	-4.12942	-4.07259
279	2	4	5	2	10	1	5	-6.91481	-10.3876	-10.3846	-9.67306
280	2	4	1	2	2	1	5	-2.78772	-3.6537	-4.12942	-4.07259
281	9	2	4	62	4	5	6	-3.73098	-5.21985	-5.75959	-6.33641
282	4	7	10	4	1	7	1	-1.85515	-3.76672	-2.63992	-1.95618
283	2	1	12	3	2	1	5	-2.59291	-2.11786	-3.56735	-4.59084
284	9	2	4	62	4	5	6	-3.73098	-5.21985	-5.75959	-6.33641
285	9	2	4	62	4	5	6	-3.73098	-5.21985	-5.75959	-6.33641
286	2	4	1	2	2	1	5	-2.78772	-3.6537	-4.12942	-4.07259
287	2	1	12	88	2	1	5	-3.9201	-3.42807	-5.60932	-5.24046
288	2	1	21	3	2	1	5	-2.90591	-2.48906	-4.32134	-4.40286
289	33	39	30	79	113	44	17	-25.3769	-24.5552	-25.2579	-26.2271
290	1	2	3	4	5	9	3	-4.41388	-2.48557	-3.57167	-4.89826
291	1	4	2	2	6	3	17	-4.40972	-2.44509	-4.46507	-5.39021
292	9	2	4	62	4	5	6	-3.73098	-5.21985	-5.75959	-6.33641
293	2	1	12	3	2	1	5	-2.59291	-2.11786	-3.56735	-4.59084
294	2	1	5	3	2	5	5	-5.18246	-2.83098	-4.05021	-5.46717
295	2	1	5	3	2	5	5	-5.18246	-2.83098	-4.05021	-5.46717
296	2	4	1	2	2	1	5	-2.78772	-3.6537	-4.12942	-4.07259
297	2	4	1	2	2	1	5	-2.78772	-3.6537	-4.12942	-4.07259
298	2	1	21	3	2	1	5	-2.90591	-2.48906	-4.32134	-4.40286
299	32	39	30	82	104	324	17	-7.48225	-4.67143	-7.19898	-8.3741
300	2	1	12	3	2	1	5	-2.59291	-2.11786	-3.56735	-4.59084
301	4	7	10	4	1	7	1	-1.85515	-3.76672	-2.63992	-1.95618
302	1	4	2	2	6	3	5	-8.09175	-5.28054	-7.8223	-8.98487
303	2	1	21	3	2	1	5	-2.90591	-2.48906	-4.32134	-4.40286
304	4	7	10	4	42	51	1	-2.94984	-4.6262	-4.88948	-3.79413
305	2	4	1	2	7	1	5	-2.32812	-5.79319	-5.71079	-4.84711
306	7	21	5	62	4	61	44	-6.62345	-3.82552	-5.57563	-7.27038
307	104	7	10	4	1	7	1	-4.43147	-7.91869	-7.89773	-7.17213
308	9	25	2	10	22	3	6	-4.50313	-7.40867	-6.04307	-4.38849
309	2	4	2	2	6	3	17	-10.6039	-7.90408	-10.2057	-10.5246
310	2	4	1	2	7	1	5	-2.32812	-5.79319	-5.71079	-4.84711
311	129	66	30	82	189	47	17	-3.2668	-4.8664	-5.52418	-4.13965
312	33	39	30	82	104	173	68	-5.28443	-3.97283	-6.42767	-7.25077
313	2	1	12	3	2	1	5	-2.59291	-2.11786	-3.56735	-4.59084
314	2	1	1	3	2	1	5	-4.56782	-3.78665	-6.18483	-6.78799
315	7	21	5	62	4	61	44	-6.62345	-3.82552	-5.57563	-7.27038
316	2	1	21	3	2	1	5	-2.90591	-2.48906	-4.32134	-4.40286
317	4	7	10	4	1	7	1	-1.85515	-3.76672	-2.63992	-1.95618
318	10	2	107	62	120	76	1	-6.88948	-9.58093	-8.03923	-6.35125
319	4	7	10	4	1	7	1	-1.85515	-3.76672	-2.63992	-1.95618
320	2	1	12	3	2	1	5	-2.59291	-2.11786	-3.56735	-4.59084
321	2	1	5	3	2	3	5	-4.17941	-3.24914	-5.37708	-4.76226
322	4	7	10	4	1	7	1	-1.85515	-3.76672	-2.63992	-1.95618
323	2	1	12	88	2	1	5	-3.9201	-3.42807	-5.60932	-5.24046
324	4	7	10	4	42	7	1	-6.68196	-8.37801	-5.61781	-4.69782
325	4	7	10	4	42	51	1	-2.94984	-4.6262	-4.88948	-3.79413
326	2	1	21	3	2	1	5	-2.90591	-2.48906	-4.32134	-4.40286
327	2	1	12	3	2	1	5	-2.59291	-2.11786	-3.56735	-4.59084
328	4	7	10	4	1	7	1	-1.85515	-3.76672	-2.63992	-1.95618
329	2	4	1	2	7	1	5	-2.32812	-5.79319	-5.71079	-4.84711
330	4	7	10	4	1	7	1	-1.85515	-3.76672	-2.63992	-1.95618
331	2	1	12	3	2	1	5	-2.59291	-2.11786	-3.56735	-4.59084
332	4	7	10	4	1	7	1	-1.85515	-3.76672	-2.63992	-1.95618
333	4	7	10	4	1	7	1	-1.85515	-3.76672	-2.63992	-1.95618
334	1	4	2	2	6	3	17	-4.40972	-2.44509	-4.46507	-5.39021
335	2	4	1	2	2	1	5	-2.78772	-3.6537	-4.12942	-4.07259
336	4	7	10	4	1	7	1	-1.85515	-3.76672	-2.63992	-1.95618
337	7	17	2	15	23	3	12	-6.92225	-10.4034	-10.3973	-9.68696
338	2	1	5	3	2	3	5	-4.17941	-3.24914	-5.37708	-4.76226
339	4	7	10	4	1	7	1	-1.85515	-3.76672	-2.63992	-1.95618
340	4	7	10	4	1	7	1	-1.85515	-3.76672	-2.63992	-1.95618
341	4	7	10	4	42	51	1	-2.94984	-4.6262	-4.88948	-3.79413
342	2	4	1	2	2	1	5	-2.78772	-3.6537	-4.12942	-4.07259
343	2	1	12	88	2	1	5	-3.9201	-3.42807	-5.60932	-5.24046
344	2	1	1	3	2	1	5	-4.56782	-3.78665	-6.18483	-6.78799
345	1	2	3	4	5	9	3	-4.41388	-2.48557	-3.57167	-4.89826
346	2	1	12	88	2	1	5	-3.9201	-3.42807	-5.60932	-5.24046
347	2	1	1	3	2	1	5	-4.56782	-3.78665	-6.18483	-6.78799
348	24	17	2	10	23	68	5	-8.58001	-5.76854	-8.29673	-9.47195
349	4	7	10	4	1	7	1	-1.85515	-3.76672	-2.63992	-1.95618
350	2	1	21	3	2	1	5	-2.90591	-2.48906	-4.32134	-4.40286
351	1	4	2	2	6	3	17	-4.40972	-2.44509	-4.46507	-5.39021
352	2	1	5	3	2	3	5	-4.17941	-3.24914	-5.37708	-4.76226
353	4	7	10	4	1	7	1	-1.85515	-3.76672	-2.63992	-1.95618
354	2	1	1	3	2	1	5	-4.56782	-3.78665	-6.18483	-6.78799
355	2	1	12	3	2	1	5	-2.59291	-2.11786	-3.56735	-4.59084
356	8	10	149	2	11	12	6	-4.82134	-3.96759	-5.58661	-6.85425
357	2	4	1	2	2	5	5	-6.78913	-6.40703	-8.6769	-9.10786
358	10	1	16	19	10	5	7	-5.52326	-2.74318	-4.13932	-5.16271
359	24	17	2	10	23	68	5	-8.58001	-5.76854	-8.29673	-9.47195
360	1	2	4	62	4	5	17	-6.01499	-4.8428	-7.28191	-8.05353
361	2	4	1	2	7	1	5	-2.32812	-5.79319	-5.71079	-4.84711
362	7	71	5	62	11	67	6	-30.6668	-29.9235	-26.9729	-28.1605
363	7	17	5	2	10	3	6	-25.2515	-24.3531	-24.2306	-22.2902
364	2	1	5	3	2	3	5	-4.17941	-3.24914	-5.37708	-4.76226
365	9	2	4	62	4	5	6	-3.73098	-5.21985	-5.75959	-6.33641
366	33	38	30	82	104	325	36	-14.0299	-11.5781	-11.5409	-13.2351
367	2	4	1	2	7	1	5	-2.32812	-5.79319	-5.71079	-4.84711
368	47	2	4	2	6	5	17	-11.0157	-15.5512	-6.19177	-8.75012
369	2	1	12	88	2	1	5	-3.9201	-3.42807	-5.60932	-5.24046
370	2	1	12	88	2	1	5	-3.9201	-3.42807	-5.60932	-5.24046
371	2	1	12	88	2	1	5	-3.9201	-3.42807	-5.60932	-5.24046
372	2	1	12	88	2	1	5	-3.9201	-3.42807	-5.60932	-5.24046
373	2	4	1	2	2	1	5	-2.78772	-3.6537	-4.12942	-4.07259
374	2	1	12	88	2	1	5	-3.9201	-3.42807	-5.60932	-5.24046
375	1	1	2	2	6	3	17	-9.14446	-6.22038	-8.76777	-9.90798
376	2	1	12	88	2	1	5	-3.9201	-3.42807	-5.60932	-5.24046
377	2	1	12	88	2	1	5	-3.9201	-3.42807	-5.60932	-5.24046
378	2	4	1	2	2	1	5	-2.78772	-3.6537	-4.12942	-4.07259
379	2	1	12	88	2	1	5	-3.9201	-3.42807	-5.60932	-5.24046
380	2	1	5	3	2	3	5	-4.17941	-3.24914	-5.37708	-4.76226
381	4	7	10	4	1	7	1	-1.85515	-3.76672	-2.63992	-1.95618
382	2	1	12	3	2	1	5	-2.59291	-2.11786	-3.56735	-4.59084
383	1	2	4	62	4	5	17	-6.01499	-4.8428	-7.28191	-8.05353
384	1	4	2	2	6	3	17	-4.40972	-2.44509	-4.46507	-5.39021
385	2	1	12	3	2	1	5	-2.59291	-2.11786	-3.56735	-4.59084
386	2	1	12	88	2	1	5	-3.9201	-3.42807	-5.60932	-5.24046
387	9	2	4	62	4	5	6	-3.73098	-5.21985	-5.75959	-6.33641
388	2	4	1	2	7	1	5	-2.32812	-5.79319	-5.71079	-4.84711
389	2	1	5	3	2	3	5	-4.17941	-3.24914	-5.37708	-4.76226
390	7	21	5	62	4	61	44	-6.62345	-3.82552	-5.57563	-7.27038
391	1	2	215	4	90	24	8	-32.6115	-30.7878	-21.4428	-22.1624
392	2	1	21	3	2	1	5	-2.90591	-2.48906	-4.32134	-4.40286
393	1	4	2	2	6	3	17	-4.40972	-2.44509	-4.46507	-5.39021
394	2	4	1	2	2	1	5	-2.78772	-3.6537	-4.12942	-4.07259
395	2	1	12	3	2	1	5	-2.59291	-2.11786	-3.56735	-4.59084
396	1	2	3	4	5	9	3	-4.41388	-2.48557	-3.57167	-4.89826
397	2	1	5	3	2	3	5	-4.17941	-3.24914	-5.37708	-4.76226
398	10	1	16	19	10	5	7	-5.52326	-2.74318	-4.13932	-5.16271
399	2	1	2	3	2	959	5	-8.5323	-11.8667	-9.75386	-9.591
400	10	1	16	19	10	5	7	-5.52326	-2.74318	-4.13932	-5.16271
401	2	4	1	2	7	1	5	-2.32812	-5.79319	-5.71079	-4.84711
402	2	1	12	3	2	1	5	-2.59291	-2.11786	-3.56735	-4.59084
403	8	10	149	2	11	12	6	-4.82134	-3.96759	-5.58661	-6.85425
404	2	4	1	2	7	1	5	-2.32812	-5.79319	-5.71079	-4.84711
405	4	7	10	4	1	7	1	-1.85515	-3.76672	-2.63992	-1.95618
406	4	7	10	4	1	7	1	-1.85515	-3.76672	-2.63992	-1.95618
407	2	4	5	2	2	5	5	-3.69461	-7.11682	-6.84296	-5.72418
408	2	1	12	3	2	1	5	-2.59291	-2.11786	-3.56735	-4.59084
409	166	2	27	10	151	3	1	-33.8477	-36.1796	-26.4962	-25.7174
410	33	39	30	79	113	44	17	-25.3769	-24.5552	-25.2579	-26.2271
411	7	17	2	15	23	3	12	-6.92225	-10.4034	-10.3973	-9.68696
412	1	2	3	4	5	9	3	-4.41388	-2.48557	-3.57167	-4.89826
413	2	4	1	2	7	1	5	-2.32812	-5.79319	-5.71079	-4.84711
414	7	21	5	62	4	61	44	-6.62345	-3.82552	-5.57563	-7.27038
415	2	1	12	3	2	1	5	-2.59291	-2.11786	-3.56735	-4.59084
416	1	2	3	4	5	9	3	-4.41388	-2.48557	-3.57167	-4.89826
417	2	1	5	88	2	11	5	-8.11358	-5.35028	-6.0165	-8.19444
418	2	4	1	2	7	1	5	-2.32812	-5.79319	-5.71079	-4.84711
419	2	1	21	3	2	1	5	-2.90591	-2.48906	-4.32134	-4.40286
420	7	17	2	15	23	3	12	-6.92225	-10.4034	-10.3973	-9.68696
421	2	1	5	88	2	11	5	-8.11358	-5.35028	-6.0165	-8.19444
422	47	2	4	2	6	5	17	-11.0157	-15.5512	-6.19177	-8.75012
423	1	2	3	4	5	9	3	-4.41388	-2.48557	-3.57167	-4.89826
424	7	17	2	15	23	3	12	-6.92225	-10.4034	-10.3973	-9.68696
425	2	4	1	2	2	1	5	-2.78772	-3.6537	-4.12942	-4.07259
426	2	4	1	2	2	1	5	-2.78772	-3.6537	-4.12942	-4.07259
427	2	4	1	2	2	1	5	-2.78772	-3.6537	-4.12942	-4.07259
428	2	1	12	3	2	1	5	-2.59291	-2.11786	-3.56735	-4.59084
429	2	4	5	2	2	5	5	-3.69461	-7.11682	-6.84296	-5.72418
430	2	1	21	3	2	1	5	-2.90591	-2.48906	-4.32134	-4.40286
431	4	7	10	4	42	25	1	-9.05265	-9.05591	-5.82473	-5.22228
432	1	4	2	2	6	3	17	-4.40972	-2.44509	-4.46507	-5.39021
433	1	2	215	4	923	24	8	-32.6115	-30.7878	-21.4428	-22.1624
434	1	2	3	4	5	9	3	-4.41388	-2.48557	-3.57167	-4.89826
435	2	1	1	3	2	1	5	-4.56782	-3.78665	-6.18483	-6.78799
436	1	4	2	2	6	3	17	-4.40972	-2.44509	-4.46507	-5.39021
437	2	4	1	2	2	1	5	-2.78772	-3.6537	-4.12942	-4.07259
438	2	1	5	3	2	5	5	-5.18246	-2.83098	-4.05021	-5.46717
439	4	7	10	4	42	51	1	-2.94984	-4.6262	-4.88948	-3.79413
440	4	7	10	4	1	7	1	-1.85515	-3.76672	-2.63992	-1.95618
441	4	7	10	4	1	7	1	-1.85515	-3.76672	-2.63992	-1.95618
442	4	7	10	4	1	7	1	-1.85515	-3.76672	-2.63992	-1.95618
443	2	1	21	3	2	1	5	-2.90591	-2.48906	-4.32134	-4.40286
444	2	1	21	3	2	1	5	-2.90591	-2.48906	-4.32134	-4.40286
445	2	4	1	2	7	1	5	-2.32812	-5.79319	-5.71079	-4.84711
446	4	7	10	4	1	7	1	-1.85515	-3.76672	-2.63992	-1.95618
447	4	7	10	4	1	7	1	-1.85515	-3.76672	-2.63992	-1.95618
448	2	1	1	3	2	1	5	-4.56782	-3.78665	-6.18483	-6.78799
449	2	1	21	3	2	1	5	-2.90591	-2.48906	-4.32134	-4.40286
450	2	1	21	3	2	1	5	-2.90591	-2.48906	-4.32134	-4.40286
451	4	7	10	4	42	51	1	-2.94984	-4.6262	-4.88948	-3.79413
452	4	7	10	1	1	7	1	-5.29725	-8.56655	-5.98555	-6.11712
453	239	27	16	19	10	5	7	-9.27531	-6.46322	-8.99032	-10.1668
454	2	1	12	3	2	1	5	-2.59291	-2.11786	-3.56735	-4.59084
455	2	4	1	2	2	1	5	-2.78772	-3.6537	-4.12942	-4.07259
456	2	1	12	3	2	1	5	-2.59291	-2.11786	-3.56735	-4.59084
457	2	1	12	3	2	1	5	-2.59291	-2.11786	-3.56735	-4.59084
458	10	81	50	99	120	76	52	-6.71893	-6.37655	-5.27789	-5.21493
459	47	2	4	2	6	5	17	-11.0157	-15.5512	-6.19177	-8.75012
460	2	4	1	3	2	1	5	-6.85108	-8.8089	-9.7671	-9.396
461	4	7	10	4	1	7	1	-1.85515	-3.76672	-2.63992	-1.95618
462	2	1	1	380	2	1	5	-6.13031	-5.73431	-8.06874	-8.49962
463	2	4	1	2	7	1	5	-2.32812	-5.79319	-5.71079	-4.84711
464	2	1	12	88	2	1	5	-3.9201	-3.42807	-5.60932	-5.24046
465	7	71	5	62	11	67	1	-31.5392	-30.1277	-25.8693	-27.4407
466	2	4	1	2	7	1	5	-2.32812	-5.79319	-5.71079	-4.84711
467	4	7	10	4	1	7	1	-1.85515	-3.76672	-2.63992	-1.95618
468	2	1	1	380	2	1	5	-6.13031	-5.73431	-8.06874	-8.49962
469	2	4	1	2	2	1	5	-2.78772	-3.6537	-4.12942	-4.07259
470	2	1	12	3	2	1	5	-2.59291	-2.11786	-3.56735	-4.59084
471	1	14	2	2	6	1	17	-8.97448	-6.42629	-7.7788	-6.36644
472	1	2	4	62	4	5	17	-6.01499	-4.8428	-7.28191	-8.05353
473	4	7	10	4	1	7	1	-1.85515	-3.76672	-2.63992	-1.95618
474	2	1	21	3	2	1	5	-2.90591	-2.48906	-4.32134	-4.40286
475	2	4	1	2	2	1	5	-2.78772	-3.6537	-4.12942	-4.07259
476	1	4	2	2	6	3	17	-4.40972	-2.44509	-4.46507	-5.39021
477	4	7	10	4	1	7	1	-1.85515	-3.76672	-2.63992	-1.95618
478	10	2	107	62	120	76	1	-6.88948	-9.58093	-8.03923	-6.35125
479	2	1	12	3	2	1	5	-2.59291	-2.11786	-3.56735	-4.59084
480	2	1	5	3	2	3	5	-4.17941	-3.24914	-5.37708	-4.76226
481	2	1	21	3	2	1	5	-2.90591	-2.48906	-4.32134	-4.40286
482	1	2	3	4	5	9	3	-4.41388	-2.48557	-3.57167	-4.89826
483	1	307	3	4	5	9	3	-6.81561	-6.44019	-6.11127	-8.25436
484	7	2	5	2	10	3	6	-31.0814	-28.2871	-28.9947	-27.9781
485	1	2	3	4	5	9	3	-4.41388	-2.48557	-3.57167	-4.89826
486	33	39	30	82	104	173	68	-5.28443	-3.97283	-6.42767	-7.25077
487	4	7	10	4	42	7	1	-6.68196	-8.37801	-5.61781	-4.69782
488	2	1	12	88	2	1	5	-3.9201	-3.42807	-5.60932	-5.24046
489	2	4	1	2	2	1	5	-2.78772	-3.6537	-4.12942	-4.07259
490	2	1	21	3	2	1	5	-2.90591	-2.48906	-4.32134	-4.40286
491	9	2	4	62	4	5	6	-3.73098	-5.21985	-5.75959	-6.33641
492	2	1	5	3	2	3	5	-4.17941	-3.24914	-5.37708	-4.76226
493	4	7	10	4	1	7	1	-1.85515	-3.76672	-2.63992	-1.95618
494	2	1	57	26	127	29	35	-6.90152	-10.3882	-6.17425	-8.4016
495	2	1	57	26	127	29	35	-6.90152	-10.3882	-6.17425	-8.4016
496	2	4	2	4	19	3	6	-5.81918	-9.29774	-9.29113	-8.57494
497	2	1	12	3	2	1	5	-2.59291	-2.11786	-3.56735	-4.59084
498	2	4	1	2	2	1	5	-2.78772	-3.6537	-4.12942	-4.07259
499	2	4	1	2	2	1	5	-2.78772	-3.6537	-4.12942	-4.07259
500	2	1	21	3	2	1	5	-2.90591	-2.48906	-4.32134	-4.40286
501	33	39	65	79	104	43	17	-4.61894	-8.10067	-8.09417	-7.38434
502	1	14	2	2	6	1	17	-8.97448	-6.42629	-7.7788	-6.36644
503	2	1	12	3	2	1	5	-2.59291	-2.11786	-3.56735	-4.59084
504	7	21	5	62	4	61	44	-6.62345	-3.82552	-5.57563	-7.27038
505	9	2	4	62	4	5	6	-3.73098	-5.21985	-5.75959	-6.33641
506	129	66	30	82	189	47	17	-3.2668	-4.8664	-5.52418	-4.13965
507	2	1	21	3	2	1	5	-2.90591	-2.48906	-4.32134	-4.40286
508	47	2	4	2	6	5	17	-11.0157	-15.5512	-6.19177	-8.75012
509	2	4	1	2	7	1	5	-2.32812	-5.79319	-5.71079	-4.84711
510	33	38	30	82	104	325	36	-14.0299	-11.5781	-11.5409	-13.2351
511	1	4	2	2	6	3	17	-4.40972	-2.44509	-4.46507	-5.39021
512	1	4	2	2	6	3	17	-4.40972	-2.44509	-4.46507	-5.39021
513	2	4	1	2	2	1	5	-2.78772	-3.6537	-4.12942	-4.07259
514	4	7	10	4	1	7	1	-1.85515	-3.76672	-2.63992	-1.95618
515	33	283	44	82	189	44	17	-6.25299	-3.46545	-5.33412	-5.95181
516	8	10	149	2	11	12	6	-4.82134	-3.96759	-5.58661	-6.85425
517	2	1	21	3	62	1	5	-5.81657	-9.2873	-9.28877	-8.57661
518	10	1	16	19	10	5	7	-5.52326	-2.74318	-4.13932	-5.16271
519	180	194	2	68	19	231	147	-29.0895	-34.36	-21.5356	-23.4207
520	2	4	1	2	7	1	5	-2.32812	-5.79319	-5.71079	-4.84711
521	2	4	2	2	6	1	5	-6.00149	-4.83285	-5.89812	-7.64291
522	1	2	3	4	5	9	3	-4.41388	-2.48557	-3.57167	-4.89826
523	2	1	21	3	2	1	5	-2.90591	-2.48906	-4.32134	-4.40286
524	2	1	12	3	2	1	5	-2.59291	-2.11786	-3.56735	-4.59084
525	2	1	5	3	2	3	5	-4.17941	-3.24914	-5.37708	-4.76226
526	1	307	3	4	5	9	3	-6.81561	-6.44019	-6.11127	-8.25436
527	2	4	1	2	7	1	5	-2.32812	-5.79319	-5.71079	-4.84711
528	2	1	12	3	2	1	5	-2.59291	-2.11786	-3.56735	-4.59084
529	7	21	5	62	4	61	44	-6.62345	-3.82552	-5.57563	-7.27038
530	2	1	5	3	2	3	5	-4.17941	-3.24914	-5.37708	-4.76226
531	2	1	12	88	2	1	5	-3.9201	-3.42807	-5.60932	-5.24046
532	2	1	21	3	2	1	5	-2.90591	-2.48906	-4.32134	-4.40286
533	1	4	2	2	6	3	17	-4.40972	-2.44509	-4.46507	-5.39021
534	2	4	1	2	7	1	5	-2.32812	-5.79319	-5.71079	-4.84711
535	47	2	4	2	6	5	17	-11.0157	-15.5512	-6.19177	-8.75012
536	1	4	2	2	6	3	17	-4.40972	-2.44509	-4.46507	-5.39021
537	1	2	3	4	5	9	3	-4.41388	-2.48557	-3.57167	-4.89826
538	2	4	1	2	2	1	5	-2.78772	-3.6537	-4.12942	-4.07259
539	4	7	10	4	42	7	1	-6.68196	-8.37801	-5.61781	-4.69782
540	2	4	1	9	2	1	5	-7.52819	-8.76595	-6.67787	-7.13849
541	2	1	12	3	2	1	5	-2.59291	-2.11786	-3.56735	-4.59084
542	1	4	2	9	6	3	17	-9.14347	-7.50703	-6.98342	-8.43481
543	1	2	3	4	922	9	3	-9.16927	-7.59954	-6.12182	-7.96709
544	4	7	10	4	1	7	1	-1.85515	-3.76672	-2.63992	-1.95618
545	2	1	5	3	2	3	5	-4.17941	-3.24914	-5.37708	-4.76226
546	2	4	1	2	7	1	5	-2.32812	-5.79319	-5.71079	-4.84711
547	4	7	10	4	1	7	1	-1.85515	-3.76672	-2.63992	-1.95618
548	2	4	1	2	2	1	5	-2.78772	-3.6537	-4.12942	-4.07259
549	2	1	21	3	2	1	5	-2.90591	-2.48906	-4.32134	-4.40286
550	4	7	10	4	1	7	1	-1.85515	-3.76672	-2.63992	-1.95618
551	1	4	2	2	6	3	17	-4.40972	-2.44509	-4.46507	-5.39021
552	2	1	5	3	2	5	5	-5.18246	-2.83098	-4.05021	-5.46717
553	2	1	12	3	2	1	5	-2.59291	-2.11786	-3.56735	-4.59084
554	4	936	10	4	1	7	1	-6.60514	-8.87887	-5.16235	-5.0277
555	180	194	2	68	19	231	147	-29.0895	-34.36	-21.5356	-23.4207
556	4	7	10	4	42	51	1	-2.94984	-4.6262	-4.88948	-3.79413
557	4	7	10	4	42	25	1	-9.05265	-9.05591	-5.82473	-5.22228
558	2	1	21	3	2	1	5	-2.90591	-2.48906	-4.32134	-4.40286
559	2	1	5	3	2	3	5	-4.17941	-3.24914	-5.37708	-4.76226
560	2	1	5	3	2	3	5	-4.17941	-3.24914	-5.37708	-4.76226
561	4	7	10	4	42	51	1	-2.94984	-4.6262	-4.88948	-3.79413
562	4	7	10	4	1	7	1	-1.85515	-3.76672	-2.63992	-1.95618
563	2	4	1	2	7	1	5	-2.32812	-5.79319	-5.71079	-4.84711
564	2	1	21	3	2	1	5	-2.90591	-2.48906	-4.32134	-4.40286
565	1	4	2	2	6	3	17	-4.40972	-2.44509	-4.46507	-5.39021
566	188	313	5	2	89	5	6	-40.122	-37.8158	-36.8113	-38.8351
567	2	1	21	3	2	1	5	-2.90591	-2.48906	-4.32134	-4.40286
568	2	1	1	3	2	1	5	-4.56782	-3.78665	-6.18483	-6.78799
569	2	1	5	3	2	3	5	-4.17941	-3.24914	-5.37708	-4.76226
570	2	4	1	2	2	1	5	-2.78772	-3.6537	-4.12942	-4.07259
571	2	1	5	3	2	3	5	-4.17941	-3.24914	-5.37708	-4.76226
572	2	1	1	3	2	1	5	-4.56782	-3.78665	-6.18483	-6.78799
573	2	1	5	3	2	3	5	-4.17941	-3.24914	-5.37708	-4.76226
574	1	4	2	2	6	3	17	-4.40972	-2.44509	-4.46507	-5.39021
575	1	4	2	2	6	3	17	-4.40972	-2.44509	-4.46507	-5.39021
576	2	1	21	3	2	1	5	-2.90591	-2.48906	-4.32134	-4.40286
577	239	27	16	19	10	5	7	-9.27531	-6.46322	-8.99032	-10.1668
578	2	4	5	2	2	5	5	-3.69461	-7.11682	-6.84296	-5.72418
579	9	2	4	62	4	5	6	-3.73098	-5.21985	-5.75959	-6.33641
580	2	1	1	3	2	1	5	-4.56782	-3.78665	-6.18483	-6.78799
581	2	1	5	3	2	3	5	-4.17941	-3.24914	-5.37708	-4.76226
582	1	4	2	2	6	3	17	-4.40972	-2.44509	-4.46507	-5.39021
583	2	4	5	2	2	5	5	-3.69461	-7.11682	-6.84296	-5.72418
584	2	4	5	2	2	5	5	-3.69461	-7.11682	-6.84296	-5.72418
585	2	1	5	3	2	3	5	-4.17941	-3.24914	-5.37708	-4.76226
586	2	1	1	380	2	1	5	-6.13031	-5.73431	-8.06874	-8.49962
587	2	7	10	4	1	7	1	-6.61947	-8.95671	-8.25688	-7.02172
588	2	1	12	3	2	1	5	-2.59291	-2.11786	-3.56735	-4.59084
589	2	4	1	2	2	1	5	-2.78772	-3.6537	-4.12942	-4.07259
590	9	2	4	62	4	5	6	-3.73098	-5.21985	-5.75959	-6.33641
591	2	4	5	2	2	5	5	-3.69461	-7.11682	-6.84296	-5.72418
592	1	4	2	2	6	3	17	-4.40972	-2.44509	-4.46507	-5.39021
593	1	4	2	2	6	5	17	-12.5551	-8.97033	-11.5441	-13.2059
594	2	4	2	2	6	1	5	-6.00149	-4.83285	-5.89812	-7.64291
595	1	4	2	2	6	5	17	-12.5551	-8.97033	-11.5441	-13.2059
596	2	23	21	3	2	1	5	-7.66225	-7.60657	-6.87301	-7.47368
597	7	21	5	62	4	61	44	-6.62345	-3.82552	-5.57563	-7.27038
598	2	4	1	2	2	1	5	-2.78772	-3.6537	-4.12942	-4.07259
599	1	307	3	4	5	9	3	-6.81561	-6.44019	-6.11127	-8.25436
600	1	2	3	4	5	9	3	-4.41388	-2.48557	-3.57167	-4.89826
601	9	2	4	62	4	5	6	-3.73098	-5.21985	-5.75959	-6.33641
602	2	1	12	3	2	1	5	-2.59291	-2.11786	-3.56735	-4.59084
603	1	4	2	2	6	3	17	-4.40972	-2.44509	-4.46507	-5.39021
604	10	1	16	19	10	5	7	-5.52326	-2.74318	-4.13932	-5.16271
605	2	1	12	3	2	1	5	-2.59291	-2.11786	-3.56735	-4.59084
606	180	194	2	68	19	231	147	-29.0895	-34.36	-21.5356	-23.4207
607	2	1	12	3	2	1	5	-2.59291	-2.11786	-3.56735	-4.59084
608	4	7	10	4	1	7	1	-1.85515	-3.76672	-2.63992	-1.95618
609	129	66	30	82	189	47	17	-3.2668	-4.8664	-5.52418	-4.13965
610	4	7	10	4	1	7	1	-1.85515	-3.76672	-2.63992	-1.95618
611	2	1	12	3	2	1	5	-2.59291	-2.11786	-3.56735	-4.59084
612	2	1	21	3	2	1	5	-2.90591	-2.48906	-4.32134	-4.40286
613	4	7	10	4	1	7	1	-1.85515	-3.76672	-2.63992	-1.95618
614	10	1	16	19	10	5	7	-5.52326	-2.74318	-4.13932	-5.16271
615	8	10	149	2	11	12	6	-4.82134	-3.96759	-5.58661	-6.85425
616	129	66	30	82	189	47	17	-3.2668	-4.8664	-5.52418	-4.13965
617	2	4	1	2	2	1	5	-2.78772	-3.6537	-4.12942	-4.07259
618	180	194	2	68	19	231	147	-29.0895	-34.36	-21.5356	-23.4207
619	2	1	5	3	2	3	5	-4.17941	-3.24914	-5.37708	-4.76226
620	2	4	1	2	2	1	5	-2.78772	-3.6537	-4.12942	-4.07259
621	1	2	3	4	5	9	3	-4.41388	-2.48557	-3.57167	-4.89826
622	180	194	2	68	19	231	147	-29.0895	-34.36	-21.5356	-23.4207
623	33	39	65	79	104	43	17	-4.61894	-8.10067	-8.09417	-7.38434
624	2	4	5	2	2	5	5	-3.69461	-7.11682	-6.84296	-5.72418
625	2	1	5	3	2	5	5	-5.18246	-2.83098	-4.05021	-5.46717
626	2	1	12	3	2	1	5	-2.59291	-2.11786	-3.56735	-4.59084
627	180	194	2	68	19	231	147	-29.0895	-34.36	-21.5356	-23.4207
628	2	1	21	3	2	1	5	-2.90591	-2.48906	-4.32134	-4.40286
629	2	1	5	3	2	5	5	-5.18246	-2.83098	-4.05021	-5.46717
630	2	1	21	3	2	1	5	-2.90591	-2.48906	-4.32134	-4.40286
631	1	2	3	4	5	9	3	-4.41388	-2.48557	-3.57167	-4.89826
632	2	1	21	3	2	1	5	-2.90591	-2.48906	-4.32134	-4.40286
633	8	10	2	2	11	12	6	-3.97565	-7.41228	-7.44852	-6.7402
634	2	4	1	2	7	1	5	-2.32812	-5.79319	-5.71079	-4.84711
635	2	1	5	3	2	3	5	-4.17941	-3.24914	-5.37708	-4.76226
636	1	2	3	4	5	9	3	-4.41388	-2.48557	-3.57167	-4.89826
637	9	2	4	62	4	5	6	-3.73098	-5.21985	-5.75959	-6.33641
638	2	1	21	3	2	1	5	-2.90591	-2.48906	-4.32134	-4.40286
639	8	10	149	2	11	12	6	-4.82134	-3.96759	-5.58661	-6.85425
640	2	1	12	88	2	1	5	-3.9201	-3.42807	-5.60932	-5.24046
641	2	4	1	2	2	1	5	-2.78772	-3.6537	-4.12942	-4.07259
642	2	1	5	10	10	1	5	-23.5725	-23.9273	-23.4152	-23.0629
643	1	2	3	4	5	9	3	-4.41388	-2.48557	-3.57167	-4.89826
644	2	4	1	2	7	1	5	-2.32812	-5.79319	-5.71079	-4.84711
645	2	4	1	2	2	1	5	-2.78772	-3.6537	-4.12942	-4.07259
646	1	2	3	4	5	9	3	-4.41388	-2.48557	-3.57167	-4.89826
647	2	1	12	88	2	1	5	-3.9201	-3.42807	-5.60932	-5.24046
648	4	7	10	4	1	7	1	-1.85515	-3.76672	-2.63992	-1.95618
649	2	1	21	3	2	1	5	-2.90591	-2.48906	-4.32134	-4.40286
650	2	4	1	2	7	1	5	-2.32812	-5.79319	-5.71079	-4.84711
651	33	38	30	82	118	43	17	-19.2769	-19.1578	-20.9634	-21.2079
652	2	4	1	2	2	1	5	-2.78772	-3.6537	-4.12942	-4.07259
653	2	1	5	3	2	3	5	-4.17941	-3.24914	-5.37708	-4.76226
654	4	7	10	4	1	7	1	-1.85515	-3.76672	-2.63992	-1.95618
655	8	10	2	2	11	12	6	-3.97565	-7.41228	-7.44852	-6.7402
656	2	4	5	2	2	5	5	-3.69461	-7.11682	-6.84296	-5.72418
657	4	7	10	4	1	7	1	-1.85515	-3.76672	-2.63992	-1.95618
658	2	1	5	3	2	3	5	-4.17941	-3.24914	-5.37708	-4.76226
659	33	39	30	82	113	47	17	-5.761	-5.74076	-7.98348	-8.2413
660	2	1	21	3	2	1	5	-2.90591	-2.48906	-4.32134	-4.40286
661	2	4	1	2	7	1	5	-2.32812	-5.79319	-5.71079	-4.84711
662	2	1	1	3	2	1	5	-4.56782	-3.78665	-6.18483	-6.78799
663	4	7	10	4	1	7	1	-1.85515	-3.76672	-2.63992	-1.95618
664	7	21	5	62	4	61	44	-6.62345	-3.82552	-5.57563	-7.27038
665	10	81	50	99	120	76	52	-6.71893	-6.37655	-5.27789	-5.21493
666	4	7	10	4	1	7	1	-1.85515	-3.76672	-2.63992	-1.95618
667	1	2	3	4	5	9	3	-4.41388	-2.48557	-3.57167	-4.89826
668	1	2	3	4	5	9	3	-4.41388	-2.48557	-3.57167	-4.89826
669	2	4	1	2	7	1	5	-2.32812	-5.79319	-5.71079	-4.84711
670	4	7	10	4	1	7	1	-1.85515	-3.76672	-2.63992	-1.95618
671	2	1	5	3	2	3	5	-4.17941	-3.24914	-5.37708	-4.76226
672	1	4	2	2	6	3	17	-4.40972	-2.44509	-4.46507	-5.39021
673	4	935	10	4	1	7	1	-6.60514	-8.87887	-5.16235	-5.0277
674	10	1	16	19	10	5	7	-5.52326	-2.74318	-4.13932	-5.16271
675	4	7	10	4	1	7	1	-1.85515	-3.76672	-2.63992	-1.95618
676	33	39	65	79	104	43	17	-4.61894	-8.10067	-8.09417	-7.38434
677	2	4	2	2	6	1	5	-6.00149	-4.83285	-5.89812	-7.64291
678	4	7	10	4	42	25	1	-9.05265	-9.05591	-5.82473	-5.22228
679	1	4	2	2	6	3	17	-4.40972	-2.44509	-4.46507	-5.39021
680	4	7	10	4	42	25	1	-9.05265	-9.05591	-5.82473	-5.22228
681	4	7	10	4	42	25	1	-9.05265	-9.05591	-5.82473	-5.22228
682	4	7	10	4	1	7	1	-1.85515	-3.76672	-2.63992	-1.95618
683	2	4	1	2	7	1	5	-2.32812	-5.79319	-5.71079	-4.84711
684	4	7	10	4	1	7	1	-1.85515	-3.76672	-2.63992	-1.95618
685	4	7	10	4	42	7	1	-6.68196	-8.37801	-5.61781	-4.69782
686	10	27	16	19	10	5	7	-19.1682	-13.0485	-16.0523	-17.0342
687	10	81	50	99	120	76	52	-6.71893	-6.37655	-5.27789	-5.21493
688	4	7	10	4	1	7	1	-1.85515	-3.76672	-2.63992	-1.95618
689	4	7	10	4	42	51	1	-2.94984	-4.6262	-4.88948	-3.79413
690	4	7	10	4	1	7	1	-1.85515	-3.76672	-2.63992	-1.95618
691	10	81	50	99	120	76	52	-6.71893	-6.37655	-5.27789	-5.21493
692	2	4	1	2	2	1	5	-2.78772	-3.6537	-4.12942	-4.07259
693	4	7	10	4	42	51	1	-2.94984	-4.6262	-4.88948	-3.79413
694	4	7	10	4	42	51	1	-2.94984	-4.6262	-4.88948	-3.79413
695	4	7	10	4	42	51	1	-2.94984	-4.6262	-4.88948	-3.79413
696	8	10	2	2	11	12	6	-3.97565	-7.41228	-7.44852	-6.7402
697	33	38	30	82	104	43	17	-5.31195	-8.79273	-8.7862	-8.07359
698	4	7	10	4	1	7	1	-1.85515	-3.76672	-2.63992	-1.95618
699	10	81	50	99	120	76	52	-6.71893	-6.37655	-5.27789	-5.21493
700	2	4	1	2	7	1	5	-2.32812	-5.79319	-5.71079	-4.84711
701	4	7	10	4	1	7	1	-1.85515	-3.76672	-2.63992	-1.95618
702	4	7	10	4	1	7	1	-1.85515	-3.76672	-2.63992	-1.95618
703	10	81	50	99	120	76	52	-6.71893	-6.37655	-5.27789	-5.21493
704	4	7	10	4	42	51	1	-2.94984	-4.6262	-4.88948	-3.79413
705	9	2	4	62	4	5	6	-3.73098	-5.21985	-5.75959	-6.33641
706	4	7	10	4	1	7	1	-1.85515	-3.76672	-2.63992	-1.95618
707	2	1	1	3	2	1	5	-4.56782	-3.78665	-6.18483	-6.78799
708	1	14	2	2	6	1	17	-8.97448	-6.42629	-7.7788	-6.36644
709	2	4	2	2	6	1	5	-6.00149	-4.83285	-5.89812	-7.64291
710	2	4	2	2	6	1	5	-6.00149	-4.83285	-5.89812	-7.64291
711	4	7	10	4	42	51	1	-2.94984	-4.6262	-4.88948	-3.79413
712	10	2	107	62	120	76	1	-6.88948	-9.58093	-8.03923	-6.35125
713	2	1	12	3	2	1	5	-2.59291	-2.11786	-3.56735	-4.59084
714	2	4	1	2	2	1	5	-2.78772	-3.6537	-4.12942	-4.07259
715	47	2	4	2	6	5	17	-11.0157	-15.5512	-6.19177	-8.75012
716	4	7	10	4	42	5	1	-11.0702	-11.1154	-11.3442	-11.1208
717	2	1	12	3	2	1	5	-2.59291	-2.11786	-3.56735	-4.59084
718	4	7	10	4	42	51	1	-2.94984	-4.6262	-4.88948	-3.79413
719	1	307	3	4	5	9	3	-6.81561	-6.44019	-6.11127	-8.25436
720	2	1	21	3	2	1	5	-2.90591	-2.48906	-4.32134	-4.40286
721	4	7	10	4	1	7	1	-1.85515	-3.76672	-2.63992	-1.95618
722	2	4	1	2	2	1	5	-2.78772	-3.6537	-4.12942	-4.07259
723	2	1	12	3	2	1	5	-2.59291	-2.11786	-3.56735	-4.59084
724	4	7	10	4	1	7	1	-1.85515	-3.76672	-2.63992	-1.95618
725	2	1	21	3	2	1	5	-2.90591	-2.48906	-4.32134	-4.40286
726	2	1	1	3	2	1	5	-4.56782	-3.78665	-6.18483	-6.78799
727	4	7	10	4	1	7	1	-1.85515	-3.76672	-2.63992	-1.95618
728	2	1	12	3	2	1	5	-2.59291	-2.11786	-3.56735	-4.59084
729	1	4	3	2	6	3	17	-14.0973	-9.4571	-11.8237	-13.71
730	2	1	12	3	2	1	5	-2.59291	-2.11786	-3.56735	-4.59084
731	2	1	12	88	2	1	5	-3.9201	-3.42807	-5.60932	-5.24046
732	1	4	2	2	6	3	17	-4.40972	-2.44509	-4.46507	-5.39021
733	4	7	10	4	42	51	1	-2.94984	-4.6262	-4.88948	-3.79413
734	2	1	12	3	2	1	5	-2.59291	-2.11786	-3.56735	-4.59084
735	4	7	10	4	1	7	1	-1.85515	-3.76672	-2.63992	-1.95618
736	2	1	12	88	2	1	5	-3.9201	-3.42807	-5.60932	-5.24046
737	2	1	21	3	2	1	5	-2.90591	-2.48906	-4.32134	-4.40286
738	2	4	5	2	2	5	5	-3.69461	-7.11682	-6.84296	-5.72418
739	2	4	5	2	2	5	5	-3.69461	-7.11682	-6.84296	-5.72418
740	2	1	21	3	62	1	5	-5.81657	-9.2873	-9.28877	-8.57661
741	4	7	10	4	42	25	1	-9.05265	-9.05591	-5.82473	-5.22228
742	1	2	4	62	4	5	17	-6.01499	-4.8428	-7.28191	-8.05353
743	1	2	3	4	5	9	3	-4.41388	-2.48557	-3.57167	-4.89826
744	8	10	2	2	11	12	6	-3.97565	-7.41228	-7.44852	-6.7402
745	2	1	12	88	2	1	5	-3.9201	-3.42807	-5.60932	-5.24046
746	2	4	5	2	2	5	5	-3.69461	-7.11682	-6.84296	-5.72418
747	2	1	12	3	2	1	5	-2.59291	-2.11786	-3.56735	-4.59084
748	7	21	5	62	4	61	44	-6.62345	-3.82552	-5.57563	-7.27038
749	9	2	4	62	4	5	6	-3.73098	-5.21985	-5.75959	-6.33641
750	10	1	16	19	10	5	7	-5.52326	-2.74318	-4.13932	-5.16271
751	10	1	16	19	10	5	7	-5.52326	-2.74318	-4.13932	-5.16271
752	8	10	2	2	11	12	6	-3.97565	-7.41228	-7.44852	-6.7402
753	1	4	2	2	6	3	17	-4.40972	-2.44509	-4.46507	-5.39021
754	2	1	12	3	2	1	5	-2.59291	-2.11786	-3.56735	-4.59084
755	2	1	12	88	2	1	5	-3.9201	-3.42807	-5.60932	-5.24046
756	2	29	4	27	10	25	57	-20.5638	-20.4198	-14.908	-11.9739
757	2	1	5	3	2	3	5	-4.17941	-3.24914	-5.37708	-4.76226
758	2	1	12	3	2	1	5	-2.59291	-2.11786	-3.56735	-4.59084
759	37	52	57	26	107	29	23	-8.83736	-8.77378	-5.7403	-4.96687
760	2	4	1	2	7	1	5	-2.32812	-5.79319	-5.71079	-4.84711
761	1	2	3	4	5	9	3	-4.41388	-2.48557	-3.57167	-4.89826
762	2	1	12	3	2	1	5	-2.59291	-2.11786	-3.56735	-4.59084
763	1	4	2	2	6	3	17	-4.40972	-2.44509	-4.46507	-5.39021
764	1	4	2	2	6	3	17	-4.40972	-2.44509	-4.46507	-5.39021
765	1	2	3	4	5	9	3	-4.41388	-2.48557	-3.57167	-4.89826
766	4	7	10	4	1	7	1	-1.85515	-3.76672	-2.63992	-1.95618
767	2	1	21	3	2	1	5	-2.90591	-2.48906	-4.32134	-4.40286
768	2	1	12	3	2	1	5	-2.59291	-2.11786	-3.56735	-4.59084
769	2	4	1	2	2	5	5	-6.78913	-6.40703	-8.6769	-9.10786
770	2	4	1	2	2	1	5	-2.78772	-3.6537	-4.12942	-4.07259
771	2	4	5	2	2	5	5	-3.69461	-7.11682	-6.84296	-5.72418
772	10	1	16	19	10	5	7	-5.52326	-2.74318	-4.13932	-5.16271
773	7	21	5	62	4	61	44	-6.62345	-3.82552	-5.57563	-7.27038
774	9	2	4	62	4	5	6	-3.73098	-5.21985	-5.75959	-6.33641
775	2	1	12	3	2	1	5	-2.59291	-2.11786	-3.56735	-4.59084
776	1	4	2	2	6	3	17	-4.40972	-2.44509	-4.46507	-5.39021
777	4	7	10	4	1	7	1	-1.85515	-3.76672	-2.63992	-1.95618
778	2	1	12	3	2	1	5	-2.59291	-2.11786	-3.56735	-4.59084
779	2	1	5	3	2	5	5	-5.18246	-2.83098	-4.05021	-5.46717
780	2	23	21	3	2	1	5	-7.66225	-7.60657	-6.87301	-7.47368
781	2	4	5	2	2	5	5	-3.69461	-7.11682	-6.84296	-5.72418
782	2	4	2	2	6	1	5	-6.00149	-4.83285	-5.89812	-7.64291
783	2	1	12	3	2	1	5	-2.59291	-2.11786	-3.56735	-4.59084
784	4	7	10	4	42	51	1	-2.94984	-4.6262	-4.88948	-3.79413
785	7	17	5	2	86	232	1	-30.4928	-34.774	-27.6258	-26.0547
786	2	4	1	2	2	1	5	-2.78772	-3.6537	-4.12942	-4.07259
787	2	1	12	3	2	1	5	-2.59291	-2.11786	-3.56735	-4.59084
788	2	1	21	3	2	1	5	-2.90591	-2.48906	-4.32134	-4.40286
789	7	17	2	15	23	3	12	-6.92225	-10.4034	-10.3973	-9.68696
790	2	1	5	3	2	5	5	-5.18246	-2.83098	-4.05021	-5.46717
791	1	6	60	24	12	28	1	-32.867	-35.7962	-19.1856	-21.2109
792	1	2	3	4	5	9	3	-4.41388	-2.48557	-3.57167	-4.89826
793	2	4	5	2	2	5	5	-3.69461	-7.11682	-6.84296	-5.72418
794	1	2	3	4	5	9	3	-4.41388	-2.48557	-3.57167	-4.89826
795	1	6	60	24	12	28	1	-32.867	-35.7962	-19.1856	-21.2109
796	9	2	4	62	4	5	6	-3.73098	-5.21985	-5.75959	-6.33641
797	2	4	1	2	2	1	5	-2.78772	-3.6537	-4.12942	-4.07259
798	4	7	10	4	1	7	1	-1.85515	-3.76672	-2.63992	-1.95618
799	2	4	5	2	2	5	5	-3.69461	-7.11682	-6.84296	-5.72418
800	7	2	2	2	11	12	6	-4.52228	-8.00353	-7.99722	-7.28655
801	2	1	21	3	2	1	941	-7.66145	-7.58741	-6.86355	-7.47026
802	9	2	2	10	10	3	5	-29.5953	-25.7863	-26.5886	-24.8886
803	8	10	149	2	11	12	6	-4.82134	-3.96759	-5.58661	-6.85425
804	7	1	5	2	10	3	6	-32.1282	-29.6939	-30.3598	-28.3657
805	2	1	21	3	2	1	5	-2.90591	-2.48906	-4.32134	-4.40286
806	33	39	30	82	113	43	17	-9.07003	-6.46062	-6.13539	-8.53397
807	1	6	60	24	12	28	1	-32.867	-35.7962	-19.1856	-21.2109
808	1	6	60	24	12	28	1	-32.867	-35.7962	-19.1856	-21.2109
809	7	17	2	15	23	3	12	-6.92225	-10.4034	-10.3973	-9.68696
810	1	4	2	2	6	3	17	-4.40972	-2.44509	-4.46507	-5.39021
811	1	4	2	2	6	3	17	-4.40972	-2.44509	-4.46507	-5.39021
812	7	21	5	62	4	61	44	-6.62345	-3.82552	-5.57563	-7.27038
813	239	27	16	19	10	5	7	-9.27531	-6.46322	-8.99032	-10.1668
814	9	2	4	62	4	5	6	-3.73098	-5.21985	-5.75959	-6.33641
815	10	1	16	19	10	5	7	-5.52326	-2.74318	-4.13932	-5.16271
816	2	1	5	3	2	5	5	-5.18246	-2.83098	-4.05021	-5.46717
817	2	4	5	2	2	5	5	-3.69461	-7.11682	-6.84296	-5.72418
818	8	10	2	2	11	12	6	-3.97565	-7.41228	-7.44852	-6.7402
819	7	17	2	15	23	3	12	-6.92225	-10.4034	-10.3973	-9.68696
820	2	4	1	4	1	1	5	-15.7083	-18.4302	-16.1228	-14.5928
821	4	7	10	4	1	7	1	-1.85515	-3.76672	-2.63992	-1.95618
822	8	10	149	2	11	12	6	-4.82134	-3.96759	-5.58661	-6.85425
823	2	1	12	88	2	1	5	-3.9201	-3.42807	-5.60932	-5.24046
824	2	4	2	2	6	1	5	-6.00149	-4.83285	-5.89812	-7.64291
825	10	81	50	99	120	76	52	-6.71893	-6.37655	-5.27789	-5.21493
826	2	4	5	2	2	5	5	-3.69461	-7.11682	-6.84296	-5.72418
827	2	4	1	2	2	5	5	-6.78913	-6.40703	-8.6769	-9.10786
828	8	10	149	2	11	12	6	-4.82134	-3.96759	-5.58661	-6.85425
829	1	4	2	2	6	3	17	-4.40972	-2.44509	-4.46507	-5.39021
830	2	165	73	147	220	190	104	-9.24307	-9.0586	-7.04128	-5.28976
831	4	7	10	4	42	25	1	-9.05265	-9.05591	-5.82473	-5.22228
832	7	2	2	2	11	12	6	-4.52228	-8.00353	-7.99722	-7.28655
833	1	6	60	24	12	28	1	-32.867	-35.7962	-19.1856	-21.2109
834	2	1	12	3	2	1	5	-2.59291	-2.11786	-3.56735	-4.59084
835	33	39	65	79	104	77	17	-5.31189	-8.79328	-8.78737	-8.07732
836	4	7	10	4	1	7	1	-1.85515	-3.76672	-2.63992	-1.95618
837	1	2	3	4	5	9	3	-4.41388	-2.48557	-3.57167	-4.89826
838	2	1	21	3	2	1	5	-2.90591	-2.48906	-4.32134	-4.40286
839	2	1	12	3	2	1	5	-2.59291	-2.11786	-3.56735	-4.59084
840	4	7	10	4	1	7	1	-1.85515	-3.76672	-2.63992	-1.95618
841	2	4	1	2	7	1	5	-2.32812	-5.79319	-5.71079	-4.84711
842	184	39	30	82	113	43	17	-3.97187	-6.14889	-7.25753	-6.70978
843	4	7	10	4	1	7	1	-1.85515	-3.76672	-2.63992	-1.95618
844	2	4	1	2	2	1	5	-2.78772	-3.6537	-4.12942	-4.07259
845	4	7	10	4	1	7	1	-1.85515	-3.76672	-2.63992	-1.95618
846	2	1	12	88	2	1	5	-3.9201	-3.42807	-5.60932	-5.24046
847	2	1	21	3	2	1	5	-2.90591	-2.48906	-4.32134	-4.40286
848	1	2	3	4	5	9	3	-4.41388	-2.48557	-3.57167	-4.89826
849	4	7	10	4	1	7	1	-1.85515	-3.76672	-2.63992	-1.95618
850	2	1	21	3	2	1	5	-2.90591	-2.48906	-4.32134	-4.40286
851	8	10	2	2	11	12	6	-3.97565	-7.41228	-7.44852	-6.7402
852	2	4	1	2	2	1	5	-2.78772	-3.6537	-4.12942	-4.07259
853	2	4	1	2	2	1	5	-2.78772	-3.6537	-4.12942	-4.07259
854	2	4	2	2	6	1	5	-6.00149	-4.83285	-5.89812	-7.64291
855	2	4	1	2	2	1	5	-2.78772	-3.6537	-4.12942	-4.07259
856	2	4	1	2	2	1	5	-2.78772	-3.6537	-4.12942	-4.07259
857	2	4	1	2	2	1	5	-2.78772	-3.6537	-4.12942	-4.07259
858	1	2	3	4	5	9	3	-4.41388	-2.48557	-3.57167	-4.89826
859	2	4	1	2	2	1	5	-2.78772	-3.6537	-4.12942	-4.07259
860	2	4	1	2	2	1	5	-2.78772	-3.6537	-4.12942	-4.07259
861	8	10	2	2	11	12	6	-3.97565	-7.41228	-7.44852	-6.7402
862	2	1	5	3	2	3	5	-4.17941	-3.24914	-5.37708	-4.76226
863	33	39	30	82	104	173	68	-5.28443	-3.97283	-6.42767	-7.25077
864	2	4	1	2	7	1	5	-2.32812	-5.79319	-5.71079	-4.84711
865	8	10	2	2	11	12	6	-3.97565	-7.41228	-7.44852	-6.7402
866	2	4	1	2	7	1	5	-2.32812	-5.79319	-5.71079	-4.84711
867	1	2	3	4	5	9	3	-4.41388	-2.48557	-3.57167	-4.89826
868	1	2	215	4	90	24	8	-32.6115	-30.7878	-21.4428	-22.1624
869	2	1	1	3	2	1	5	-4.56782	-3.78665	-6.18483	-6.78799
870	10	81	50	99	120	76	52	-6.71893	-6.37655	-5.27789	-5.21493
871	2	4	1	2	7	1	5	-2.32812	-5.79319	-5.71079	-4.84711
872	2	1	12	3	2	1	5	-2.59291	-2.11786	-3.56735	-4.59084
873	2	4	1	2	2	1	5	-2.78772	-3.6537	-4.12942	-4.07259
874	2	4	1	2	2	1	5	-2.78772	-3.6537	-4.12942	-4.07259
875	2	4	1	2	2	1	5	-2.78772	-3.6537	-4.12942	-4.07259
876	2	1	5	3	2	3	5	-4.17941	-3.24914	-5.37708	-4.76226
877	2	4	1	2	2	1	5	-2.78772	-3.6537	-4.12942	-4.07259
878	4	7	10	4	1	7	1	-1.85515	-3.76672	-2.63992	-1.95618
879	2	4	1	2	7	1	5	-2.32812	-5.79319	-5.71079	-4.84711
880	2	4	5	2	2	5	5	-3.69461	-7.11682	-6.84296	-5.72418
881	2	4	1	2	2	1	5	-2.78772	-3.6537	-4.12942	-4.07259
882	8	10	2	2	11	12	6	-3.97565	-7.41228	-7.44852	-6.7402
883	4	7	10	4	1	7	1	-1.85515	-3.76672	-2.63992	-1.95618
884	2	4	1	2	2	1	5	-2.78772	-3.6537	-4.12942	-4.07259
885	166	2	1	10	17	3	1	-36.1694	-38.5323	-31.6439	-29.9352
886	2	4	1	2	7	1	5	-2.32812	-5.79319	-5.71079	-4.84711
887	2	4	1	2	2	1	5	-2.78772	-3.6537	-4.12942	-4.07259
888	4	7	10	4	1	7	1	-1.85515	-3.76672	-2.63992	-1.95618
889	4	7	10	4	1	7	1	-1.85515	-3.76672	-2.63992	-1.95618
890	2	4	1	2	7	1	5	-2.32812	-5.79319	-5.71079	-4.84711
891	2	4	1	2	2	1	5	-2.78772	-3.6537	-4.12942	-4.07259
892	2	1	5	3	2	3	5	-4.17941	-3.24914	-5.37708	-4.76226
893	9	25	2	10	22	3	6	-4.50313	-7.40867	-6.04307	-4.38849
894	2	1	21	3	62	1	5	-5.81657	-9.2873	-9.28877	-8.57661
895	129	66	30	82	189	47	17	-3.2668	-4.8664	-5.52418	-4.13965
896	129	66	30	82	189	47	17	-3.2668	-4.8664	-5.52418	-4.13965
897	4	7	10	4	1	7	1	-1.85515	-3.76672	-2.63992	-1.95618
898	2	4	1	2	2	1	5	-2.78772	-3.6537	-4.12942	-4.07259
899	4	7	10	4	42	7	1	-6.68196	-8.37801	-5.61781	-4.69782
900	2	4	1	2	7	1	5	-2.32812	-5.79319	-5.71079	-4.84711
901	1	307	3	4	5	9	3	-6.81561	-6.44019	-6.11127	-8.25436
902	2	1	21	3	2	1	5	-2.90591	-2.48906	-4.32134	-4.40286
903	4	7	10	4	1	7	1	-1.85515	-3.76672	-2.63992	-1.95618
904	2	1	21	3	2	1	5	-2.90591	-2.48906	-4.32134	-4.40286
905	2	4	1	2	2	5	5	-6.78913	-6.40703	-8.6769	-9.10786
906	2	4	1	2	7	1	5	-2.32812	-5.79319	-5.71079	-4.84711
907	2	4	1	2	7	1	5	-2.32812	-5.79319	-5.71079	-4.84711
908	2	4	1	2	7	1	5	-2.32812	-5.79319	-5.71079	-4.84711
909	4	7	10	4	1	7	1	-1.85515	-3.76672	-2.63992	-1.95618
910	8	10	2	2	11	12	6	-3.97565	-7.41228	-7.44852	-6.7402
911	7	21	5	62	4	61	44	-6.62345	-3.82552	-5.57563	-7.27038
912	2	1	12	88	2	1	5	-3.9201	-3.42807	-5.60932	-5.24046
913	2	4	1	2	2	1	5	-2.78772	-3.6537	-4.12942	-4.07259
914	1	2	3	4	5	9	3	-4.41388	-2.48557	-3.57167	-4.89826
915	2	4	1	2	7	1	5	-2.32812	-5.79319	-5.71079	-4.84711
916	2	4	1	2	2	1	5	-2.78772	-3.6537	-4.12942	-4.07259
917	2	4	1	2	2	1	5	-2.78772	-3.6537	-4.12942	-4.07259
918	2	4	1	2	7	1	5	-2.32812	-5.79319	-5.71079	-4.84711
919	4	7	10	4	1	7	1	-1.85515	-3.76672	-2.63992	-1.95618
920	2	1	5	3	2	3	5	-4.17941	-3.24914	-5.37708	-4.76226
921	2	4	1	2	7	1	5	-2.32812	-5.79319	-5.71079	-4.84711
922	2	4	1	2	2	1	5	-2.78772	-3.6537	-4.12942	-4.07259
923	8	10	2	2	11	12	6	-3.97565	-7.41228	-7.44852	-6.7402
924	2	1	12	3	2	1	5	-2.59291	-2.11786	-3.56735	-4.59084
925	48	7	10	4	183	7	1	-11.2751	-13.9023	-7.68564	-8.03367
926	7	21	5	62	4	61	44	-6.62345	-3.82552	-5.57563	-7.27038
927	4	7	10	4	1	7	1	-1.85515	-3.76672	-2.63992	-1.95618
928	9	25	2	10	22	3	6	-4.50313	-7.40867	-6.04307	-4.38849
929	2	4	1	2	2	1	5	-2.78772	-3.6537	-4.12942	-4.07259
930	2	4	1	2	7	1	5	-2.32812	-5.79319	-5.71079	-4.84711
931	2	4	1	2	2	1	5	-2.78772	-3.6537	-4.12942	-4.07259
932	2	4	1	2	2	1	5	-2.78772	-3.6537	-4.12942	-4.07259
933	9	25	2	10	22	3	6	-4.50313	-7.40867	-6.04307	-4.38849
934	2	4	1	2	2	1	5	-2.78772	-3.6537	-4.12942	-4.07259
935	2	4	1	2	2	1	5	-2.78772	-3.6537	-4.12942	-4.07259
936	2	4	1	2	7	1	5	-2.32812	-5.79319	-5.71079	-4.84711
937	2	4	1	2	7	1	5	-2.32812	-5.79319	-5.71079	-4.84711
938	2	4	1	2	2	1	5	-2.78772	-3.6537	-4.12942	-4.07259
939	2	4	1	2	2	1	5	-2.78772	-3.6537	-4.12942	-4.07259
940	4	7	10	4	1	7	1	-1.85515	-3.76672	-2.63992	-1.95618
941	2	4	1	2	2	1	5	-2.78772	-3.6537	-4.12942	-4.07259
942	4	7	10	4	1	7	1	-1.85515	-3.76672	-2.63992	-1.95618
943	2	4	1	2	7	1	5	-2.32812	-5.79319	-5.71079	-4.84711
944	2	4	1	2	2	1	5	-2.78772	-3.6537	-4.12942	-4.07259
945	4	7	10	4	1	7	1	-1.85515	-3.76672	-2.63992	-1.95618
946	9	25	2	10	22	3	6	-4.50313	-7.40867	-6.04307	-4.38849
947	10	81	50	99	120	76	52	-6.71893	-6.37655	-5.27789	-5.21493
948	2	1	21	3	2	1	5	-2.90591	-2.48906	-4.32134	-4.40286
949	4	7	10	4	1	7	1	-1.85515	-3.76672	-2.63992	-1.95618
950	2	4	1	2	7	1	5	-2.32812	-5.79319	-5.71079	-4.84711
951	4	7	10	4	1	7	1	-1.85515	-3.76672	-2.63992	-1.95618
952	4	7	10	4	1	7	1	-1.85515	-3.76672	-2.63992	-1.95618
953	8	315	2	2	11	12	6	-8.73104	-12.5255	-9.99804	-9.80858
954	8	10	2	2	11	12	6	-3.97565	-7.41228	-7.44852	-6.7402
955	2	4	1	2	2	1	5	-2.78772	-3.6537	-4.12942	-4.07259
956	4	7	10	4	1	7	1	-1.85515	-3.76672	-2.63992	-1.95618
957	2	4	1	2	2	1	5	-2.78772	-3.6537	-4.12942	-4.07259
958	2	4	1	2	2	1	5	-2.78772	-3.6537	-4.12942	-4.07259
959	2	4	1	2	2	1	5	-2.78772	-3.6537	-4.12942	-4.07259
960	2	4	1	2	7	1	5	-2.32812	-5.79319	-5.71079	-4.84711
961	2	4	1	2	2	1	5	-2.78772	-3.6537	-4.12942	-4.07259
962	2	4	1	2	2	1	5	-2.78772	-3.6537	-4.12942	-4.07259
963	2	1	21	3	2	1	5	-2.90591	-2.48906	-4.32134	-4.40286
964	2	4	1	2	2	1	5	-2.78772	-3.6537	-4.12942	-4.07259
965	1	4	2	2	2	3	17	-10.9734	-7.92348	-10.6765	-11.727
966	2	4	1	2	2	1	5	-2.78772	-3.6537	-4.12942	-4.07259
967	2	4	1	2	2	1	5	-2.78772	-3.6537	-4.12942	-4.07259
968	7	21	5	62	4	61	44	-6.62345	-3.82552	-5.57563	-7.27038
969	2	4	1	2	2	1	5	-2.78772	-3.6537	-4.12942	-4.07259
970	4	7	10	4	1	7	1	-1.85515	-3.76672	-2.63992	-1.95618
971	2	4	1	2	2	1	5	-2.78772	-3.6537	-4.12942	-4.07259
972	10	1	16	19	10	5	7	-5.52326	-2.74318	-4.13932	-5.16271
973	8	10	2	2	11	12	6	-3.97565	-7.41228	-7.44852	-6.7402
974	4	7	10	4	1	7	1	-1.85515	-3.76672	-2.63992	-1.95618
975	2	4	2	2	6	1	5	-6.00149	-4.83285	-5.89812	-7.64291
976	2	4	1	2	2	1	5	-2.78772	-3.6537	-4.12942	-4.07259
977	2	4	1	2	2	1	5	-2.78772	-3.6537	-4.12942	-4.07259
978	2	1	12	3	2	1	5	-2.59291	-2.11786	-3.56735	-4.59084
979	2	1	21	3	2	1	5	-2.90591	-2.48906	-4.32134	-4.40286
980	1	4	2	2	6	3	17	-4.40972	-2.44509	-4.46507	-5.39021
981	9	2	4	62	4	5	6	-3.73098	-5.21985	-5.75959	-6.33641
982	9	2	4	62	4	5	6	-3.73098	-5.21985	-5.75959	-6.33641
983	2	4	1	2	2	1	5	-2.78772	-3.6537	-4.12942	-4.07259
984	9	25	2	10	22	3	6	-4.50313	-7.40867	-6.04307	-4.38849
985	2	1	12	3	2	1	5	-2.59291	-2.11786	-3.56735	-4.59084
986	2	4	1	2	2	1	5	-2.78772	-3.6537	-4.12942	-4.07259
987	2	4	1	2	2	1	5	-2.78772	-3.6537	-4.12942	-4.07259
988	2	4	1	2	2	1	5	-2.78772	-3.6537	-4.12942	-4.07259
989	1	4	2	2	6	3	17	-4.40972	-2.44509	-4.46507	-5.39021
990	1	4	2	2	6	3	17	-4.40972	-2.44509	-4.46507	-5.39021
991	9	25	2	10	22	3	6	-4.50313	-7.40867	-6.04307	-4.38849
992	1	4	2	2	6	3	17	-4.40972	-2.44509	-4.46507	-5.39021
993	2	4	1	2	2	1	5	-2.78772	-3.6537	-4.12942	-4.07259
994	2	4	1	2	2	1	5	-2.78772	-3.6537	-4.12942	-4.07259
995	8	10	2	2	11	12	6	-3.97565	-7.41228	-7.44852	-6.7402
996	2	4	1	2	2	1	5	-2.78772	-3.6537	-4.12942	-4.07259
997	2	1	5	3	2	5	5	-5.18246	-2.83098	-4.05021	-5.46717
998	8	10	2	2	11	12	6	-3.97565	-7.41228	-7.44852	-6.7402
999	2	4	1	2	2	1	5	-2.78772	-3.6537	-4.12942	-4.07259
1000	2	4	1	2	2	1	5	-2.78772	-3.6537	-4.12942	-4.07259
1001	2	1	21	3	2	1	5	-2.90591	-2.48906	-4.32134	-4.40286
1002	1	2	4	62	4	5	17	-6.01499	-4.8428	-7.28191	-8.05353
1003	2	1	12	3	2	1	5	-2.59291	-2.11786	-3.56735	-4.59084
1004	2	4	1	2	7	1	5	-2.32812	-5.79319	-5.71079	-4.84711
1005	1	307	3	4	5	9	3	-6.81561	-6.44019	-6.11127	-8.25436
1006	2	4	2	4	19	3	6	-5.81918	-9.29774	-9.29113	-8.57494
1007	2	4	1	2	2	1	5	-2.78772	-3.6537	-4.12942	-4.07259
1008	1	4	2	2	6	3	17	-4.40972	-2.44509	-4.46507	-5.39021
1009	9	25	2	10	22	3	6	-4.50313	-7.40867	-6.04307	-4.38849
1010	4	7	10	4	1	7	1	-1.85515	-3.76672	-2.63992	-1.95618
1011	2	4	1	2	2	1	5	-2.78772	-3.6537	-4.12942	-4.07259
1012	10	1	16	19	10	5	7	-5.52326	-2.74318	-4.13932	-5.16271
1013	2	1	21	3	2	1	5	-2.90591	-2.48906	-4.32134	-4.40286
1014	4	7	10	4	1	7	1	-1.85515	-3.76672	-2.63992	-1.95618
1015	2	4	1	2	2	1	5	-2.78772	-3.6537	-4.12942	-4.07259
1016	1	2	3	4	5	9	3	-4.41388	-2.48557	-3.57167	-4.89826
1017	9	316	4	62	4	5	6	-6.83082	-6.44516	-8.77052	-9.20198
1018	9	25	2	10	22	3	6	-4.50313	-7.40867	-6.04307	-4.38849
1019	1	307	3	4	5	9	3	-6.81561	-6.44019	-6.11127	-8.25436
1020	2	4	1	2	2	1	5	-2.78772	-3.6537	-4.12942	-4.07259
1021	9	25	2	10	22	3	6	-4.50313	-7.40867	-6.04307	-4.38849
1022	2	4	1	2	2	1	5	-2.78772	-3.6537	-4.12942	-4.07259
1023	2	1	12	3	2	1	5	-2.59291	-2.11786	-3.56735	-4.59084
1024	2	1	5	3	2	5	5	-5.18246	-2.83098	-4.05021	-5.46717
1025	2	4	1	2	2	1	5	-2.78772	-3.6537	-4.12942	-4.07259
1026	2	1	12	3	2	1	5	-2.59291	-2.11786	-3.56735	-4.59084
1027	2	1	12	3	2	1	5	-2.59291	-2.11786	-3.56735	-4.59084
1028	10	1	16	19	10	5	7	-5.52326	-2.74318	-4.13932	-5.16271
1029	4	7	10	4	1	7	1	-1.85515	-3.76672	-2.63992	-1.95618
1030	2	4	1	2	2	1	5	-2.78772	-3.6537	-4.12942	-4.07259
1031	2	1	12	88	2	1	5	-3.9201	-3.42807	-5.60932	-5.24046
1032	2	1	21	3	2	1	5	-2.90591	-2.48906	-4.32134	-4.40286
1033	1	2	3	4	5	9	3	-4.41388	-2.48557	-3.57167	-4.89826
1034	8	10	2	2	11	12	6	-3.97565	-7.41228	-7.44852	-6.7402
1035	2	1	12	88	2	1	5	-3.9201	-3.42807	-5.60932	-5.24046
1036	33	39	30	82	104	173	68	-5.28443	-3.97283	-6.42767	-7.25077
1037	1	2	3	4	5	9	3	-4.41388	-2.48557	-3.57167	-4.89826
1038	9	25	2	10	22	3	6	-4.50313	-7.40867	-6.04307	-4.38849
1039	2	4	1	2	2	1	5	-2.78772	-3.6537	-4.12942	-4.07259
1040	8	10	2	2	11	12	6	-3.97565	-7.41228	-7.44852	-6.7402
1041	1	2	4	62	4	5	17	-6.01499	-4.8428	-7.28191	-8.05353
1042	10	1	16	19	10	5	7	-5.52326	-2.74318	-4.13932	-5.16271
1043	33	39	30	82	104	173	68	-5.28443	-3.97283	-6.42767	-7.25077
1044	2	4	1	2	2	1	5	-2.78772	-3.6537	-4.12942	-4.07259
1045	8	10	2	2	11	12	6	-3.97565	-7.41228	-7.44852	-6.7402
1046	2	1	5	3	2	5	5	-5.18246	-2.83098	-4.05021	-5.46717
1047	47	2	4	2	6	5	17	-11.0157	-15.5512	-6.19177	-8.75012
1048	1	2	3	4	5	9	3	-4.41388	-2.48557	-3.57167	-4.89826
1049	4	7	10	4	1	7	1	-1.85515	-3.76672	-2.63992	-1.95618
1050	2	1	5	3	2	3	5	-4.17941	-3.24914	-5.37708	-4.76226
1051	2	4	2	2	6	1	5	-6.00149	-4.83285	-5.89812	-7.64291
1052	2	4	1	2	2	1	5	-2.78772	-3.6537	-4.12942	-4.07259
1053	8	10	149	2	11	12	6	-4.82134	-3.96759	-5.58661	-6.85425
1054	9	25	2	10	22	3	6	-4.50313	-7.40867	-6.04307	-4.38849
1055	2	4	1	2	2	1	5	-2.78772	-3.6537	-4.12942	-4.07259
1056	1	2	3	4	5	9	3	-4.41388	-2.48557	-3.57167	-4.89826
1057	2	1	12	3	2	1	5	-2.59291	-2.11786	-3.56735	-4.59084
1058	4	7	10	4	42	51	1	-2.94984	-4.6262	-4.88948	-3.79413
1059	2	4	1	2	2	1	5	-2.78772	-3.6537	-4.12942	-4.07259
1060	2	1	1	3	2	1	5	-4.56782	-3.78665	-6.18483	-6.78799
1061	2	4	1	2	7	1	5	-2.32812	-5.79319	-5.71079	-4.84711
1062	8	10	2	2	11	12	6	-3.97565	-7.41228	-7.44852	-6.7402
1063	2	4	1	2	2	1	5	-2.78772	-3.6537	-4.12942	-4.07259
1064	9	2	4	62	4	5	6	-3.73098	-5.21985	-5.75959	-6.33641
1065	2	4	1	2	2	1	5	-2.78772	-3.6537	-4.12942	-4.07259
1066	4	7	10	4	1	7	1	-1.85515	-3.76672	-2.63992	-1.95618
1067	8	10	2	2	11	12	6	-3.97565	-7.41228	-7.44852	-6.7402
1068	2	4	2	2	6	1	5	-6.00149	-4.83285	-5.89812	-7.64291
1069	2	4	2	2	6	1	5	-6.00149	-4.83285	-5.89812	-7.64291
1070	2	4	2	2	6	1	5	-6.00149	-4.83285	-5.89812	-7.64291
1071	2	4	2	2	6	1	5	-6.00149	-4.83285	-5.89812	-7.64291
1072	2	4	1	2	2	1	5	-2.78772	-3.6537	-4.12942	-4.07259
1073	2	4	1	2	2	1	5	-2.78772	-3.6537	-4.12942	-4.07259
1074	2	1	12	3	2	1	5	-2.59291	-2.11786	-3.56735	-4.59084
1075	2	4	1	2	7	1	5	-2.32812	-5.79319	-5.71079	-4.84711
1076	4	7	10	4	42	51	1	-2.94984	-4.6262	-4.88948	-3.79413
1077	2	4	1	2	2	1	5	-2.78772	-3.6537	-4.12942	-4.07259
1078	8	10	2	2	11	12	6	-3.97565	-7.41228	-7.44852	-6.7402
1079	1	2	3	4	5	9	3	-4.41388	-2.48557	-3.57167	-4.89826
1080	1	2	3	4	5	9	3	-4.41388	-2.48557	-3.57167	-4.89826
1081	10	1	16	19	10	5	7	-5.52326	-2.74318	-4.13932	-5.16271
1082	8	10	2	2	11	12	6	-3.97565	-7.41228	-7.44852	-6.7402
1083	4	7	10	4	1	7	1	-1.85515	-3.76672	-2.63992	-1.95618
1084	2	4	1	2	2	1	5	-2.78772	-3.6537	-4.12942	-4.07259
1085	2	4	1	2	7	1	5	-2.32812	-5.79319	-5.71079	-4.84711
1086	2	1	21	3	2	1	5	-2.90591	-2.48906	-4.32134	-4.40286
1087	2	1	12	3	2	1	5	-2.59291	-2.11786	-3.56735	-4.59084
1088	2	4	2	4	19	3	6	-5.81918	-9.29774	-9.29113	-8.57494
1089	8	10	149	2	11	12	6	-4.82134	-3.96759	-5.58661	-6.85425
1090	8	10	2	2	11	12	6	-3.97565	-7.41228	-7.44852	-6.7402
1091	2	1	12	3	2	1	5	-2.59291	-2.11786	-3.56735	-4.59084
1092	2	1	12	3	2	1	5	-2.59291	-2.11786	-3.56735	-4.59084
1093	2	1	5	3	2	3	5	-4.17941	-3.24914	-5.37708	-4.76226
1094	184	39	30	82	113	43	17	-3.97187	-6.14889	-7.25753	-6.70978
1095	2	1	12	3	2	1	5	-2.59291	-2.11786	-3.56735	-4.59084
1096	2	4	1	2	2	1	5	-2.78772	-3.6537	-4.12942	-4.07259
1097	4	7	10	4	1	7	1	-1.85515	-3.76672	-2.63992	-1.95618
1098	8	10	2	2	11	12	6	-3.97565	-7.41228	-7.44852	-6.7402
1099	4	7	10	4	1	7	1	-1.85515	-3.76672	-2.63992	-1.95618
1100	4	7	10	4	42	51	1	-2.94984	-4.6262	-4.88948	-3.79413
1101	9	25	2	10	22	3	6	-4.50313	-7.40867	-6.04307	-4.38849
1102	9	2	4	62	4	5	6	-3.73098	-5.21985	-5.75959	-6.33641
1103	4	7	10	4	1	7	1	-1.85515	-3.76672	-2.63992	-1.95618
1104	2	4	1	2	7	1	5	-2.32812	-5.79319	-5.71079	-4.84711
1105	4	7	10	4	1	7	1	-1.85515	-3.76672	-2.63992	-1.95618
1106	8	10	2	2	11	12	6	-3.97565	-7.41228	-7.44852	-6.7402
1107	2	4	1	2	2	1	5	-2.78772	-3.6537	-4.12942	-4.07259
1108	4	7	10	4	42	51	1	-2.94984	-4.6262	-4.88948	-3.79413
1109	1	2	3	4	5	9	3	-4.41388	-2.48557	-3.57167	-4.89826
1110	2	1	12	3	2	1	5	-2.59291	-2.11786	-3.56735	-4.59084
1111	2	4	1	2	2	1	5	-2.78772	-3.6537	-4.12942	-4.07259
1112	10	81	50	99	120	76	52	-6.71893	-6.37655	-5.27789	-5.21493
1113	2	4	1	2	2	1	5	-2.78772	-3.6537	-4.12942	-4.07259
1114	4	7	10	4	42	51	1	-2.94984	-4.6262	-4.88948	-3.79413
1115	4	7	10	4	42	51	1	-2.94984	-4.6262	-4.88948	-3.79413
1116	4	7	10	4	1	7	1	-1.85515	-3.76672	-2.63992	-1.95618
1117	3	1	5	10	11	11	6	-9.27367	-6.46097	-8.98708	-10.1631
1118	10	81	50	99	120	76	52	-6.71893	-6.37655	-5.27789	-5.21493
1119	2	4	1	2	2	1	5	-2.78772	-3.6537	-4.12942	-4.07259
1120	4	7	10	4	1	7	1	-1.85515	-3.76672	-2.63992	-1.95618
1121	4	7	10	4	1	7	1	-1.85515	-3.76672	-2.63992	-1.95618
1122	4	7	10	4	42	51	1	-2.94984	-4.6262	-4.88948	-3.79413
1123	2	1	12	3	2	1	5	-2.59291	-2.11786	-3.56735	-4.59084
1124	2	4	1	2	2	1	5	-2.78772	-3.6537	-4.12942	-4.07259
1125	2	1	1	3	2	1	5	-4.56782	-3.78665	-6.18483	-6.78799
1126	2	4	1	2	2	1	5	-2.78772	-3.6537	-4.12942	-4.07259
1127	2	4	1	2	2	1	5	-2.78772	-3.6537	-4.12942	-4.07259
1128	2	4	1	2	2	1	5	-2.78772	-3.6537	-4.12942	-4.07259
1129	2	4	1	2	2	1	5	-2.78772	-3.6537	-4.12942	-4.07259
1130	1	2	3	4	5	9	3	-4.41388	-2.48557	-3.57167	-4.89826
1131	8	10	2	2	11	12	6	-3.97565	-7.41228	-7.44852	-6.7402
1132	2	1	21	3	2	1	5	-2.90591	-2.48906	-4.32134	-4.40286
1133	2	4	1	2	2	1	5	-2.78772	-3.6537	-4.12942	-4.07259
1134	2	1	21	3	2	1	5	-2.90591	-2.48906	-4.32134	-4.40286
1135	2	1	21	3	2	1	5	-2.90591	-2.48906	-4.32134	-4.40286
1136	2	4	1	2	2	1	5	-2.78772	-3.6537	-4.12942	-4.07259
1137	1	2	3	4	5	9	3	-4.41388	-2.48557	-3.57167	-4.89826
1138	10	1	16	19	10	5	7	-5.52326	-2.74318	-4.13932	-5.16271
1139	2	1	12	3	2	1	5	-2.59291	-2.11786	-3.56735	-4.59084
1140	7	21	5	62	4	61	44	-6.62345	-3.82552	-5.57563	-7.27038
1141	2	4	1	2	2	1	5	-2.78772	-3.6537	-4.12942	-4.07259
1142	2	1	12	3	2	1	5	-2.59291	-2.11786	-3.56735	-4.59084
1143	2	4	1	2	7	1	5	-2.32812	-5.79319	-5.71079	-4.84711
1144	2	1	5	3	2	3	5	-4.17941	-3.24914	-5.37708	-4.76226
1145	2	1	21	3	2	1	5	-2.90591	-2.48906	-4.32134	-4.40286
1146	2	1	21	3	2	1	5	-2.90591	-2.48906	-4.32134	-4.40286
1147	2	1	21	3	2	1	5	-2.90591	-2.48906	-4.32134	-4.40286
1148	2	1	21	3	2	1	5	-2.90591	-2.48906	-4.32134	-4.40286
1149	2	1	12	3	2	1	5	-2.59291	-2.11786	-3.56735	-4.59084
1150	8	10	2	2	11	12	6	-3.97565	-7.41228	-7.44852	-6.7402
1151	129	66	30	82	189	47	17	-3.2668	-4.8664	-5.52418	-4.13965
1152	1	307	3	4	5	9	3	-6.81561	-6.44019	-6.11127	-8.25436
1153	8	10	2	2	11	12	6	-3.97565	-7.41228	-7.44852	-6.7402
1154	2	4	2	2	6	1	5	-6.00149	-4.83285	-5.89812	-7.64291
1155	1	4	2	2	6	3	17	-4.40972	-2.44509	-4.46507	-5.39021
1156	2	4	1	2	2	1	5	-2.78772	-3.6537	-4.12942	-4.07259
1157	8	10	2	2	11	12	6	-3.97565	-7.41228	-7.44852	-6.7402
1158	2	4	2	2	6	1	5	-6.00149	-4.83285	-5.89812	-7.64291
1159	2	1	21	3	2	1	5	-2.90591	-2.48906	-4.32134	-4.40286
1160	2	4	5	2	2	5	5	-3.69461	-7.11682	-6.84296	-5.72418
1161	7	21	5	62	4	61	44	-6.62345	-3.82552	-5.57563	-7.27038
1162	2	1	12	3	2	1	5	-2.59291	-2.11786	-3.56735	-4.59084
1163	10	27	16	19	10	5	7	-19.1682	-13.0485	-16.0523	-17.0342
1164	33	283	44	82	189	44	17	-6.25299	-3.46545	-5.33412	-5.95181
1165	9	25	2	10	22	3	6	-4.50313	-7.40867	-6.04307	-4.38849
1166	7	21	5	62	4	61	44	-6.62345	-3.82552	-5.57563	-7.27038
1167	2	1	5	3	2	3	5	-4.17941	-3.24914	-5.37708	-4.76226
1168	2	1	5	3	2	3	5	-4.17941	-3.24914	-5.37708	-4.76226
1169	9	25	2	10	22	3	6	-4.50313	-7.40867	-6.04307	-4.38849
1170	2	1	5	3	2	3	5	-4.17941	-3.24914	-5.37708	-4.76226
1171	2	4	1	2	2	1	5	-2.78772	-3.6537	-4.12942	-4.07259
1172	129	66	30	82	189	47	17	-3.2668	-4.8664	-5.52418	-4.13965
1173	2	4	1	2	2	1	5	-2.78772	-3.6537	-4.12942	-4.07259
1174	2	1	5	3	2	3	5	-4.17941	-3.24914	-5.37708	-4.76226
1175	2	1	12	3	2	1	5	-2.59291	-2.11786	-3.56735	-4.59084
1176	2	4	1	2	2	1	5	-2.78772	-3.6537	-4.12942	-4.07259
1177	1	4	2	2	6	3	17	-4.40972	-2.44509	-4.46507	-5.39021
1178	2	1	12	3	2	1	5	-2.59291	-2.11786	-3.56735	-4.59084
1179	1	4	2	2	446	3	17	-9.14978	-7.52389	-6.99347	-8.44217
1180	2	1	5	88	2	11	5	-8.11358	-5.35028	-6.0165	-8.19444
1181	2	4	2	2	6	1	5	-6.00149	-4.83285	-5.89812	-7.64291
1182	9	25	2	10	22	3	6	-4.50313	-7.40867	-6.04307	-4.38849
1183	2	1	5	3	2	3	5	-4.17941	-3.24914	-5.37708	-4.76226
1184	7	21	5	62	4	61	44	-6.62345	-3.82552	-5.57563	-7.27038
1185	1	2	3	4	5	9	3	-4.41388	-2.48557	-3.57167	-4.89826
1186	2	4	1	2	2	1	5	-2.78772	-3.6537	-4.12942	-4.07259
1187	7	21	5	62	4	61	44	-6.62345	-3.82552	-5.57563	-7.27038
1188	33	39	30	82	104	173	68	-5.28443	-3.97283	-6.42767	-7.25077
1189	1	4	2	2	6	3	17	-4.40972	-2.44509	-4.46507	-5.39021
1190	2	1	21	3	2	1	5	-2.90591	-2.48906	-4.32134	-4.40286
1191	4	7	10	4	1	7	1	-1.85515	-3.76672	-2.63992	-1.95618
1192	2	1	5	3	2	5	5	-5.18246	-2.83098	-4.05021	-5.46717
1193	1	4	2	2	6	3	17	-4.40972	-2.44509	-4.46507	-5.39021
1194	2	4	1	2	2	1	5	-2.78772	-3.6537	-4.12942	-4.07259
1195	2	4	1	2	2	1	5	-2.78772	-3.6537	-4.12942	-4.07259
1196	2	1	12	3	2	1	5	-2.59291	-2.11786	-3.56735	-4.59084
1197	2	1	6	3	2	3	5	-7.99396	-8.33288	-7.6727	-7.3778
1198	4	7	10	4	1	7	1	-1.85515	-3.76672	-2.63992	-1.95618
1199	2	4	1	2	7	1	5	-2.32812	-5.79319	-5.71079	-4.84711
1200	2	1	1	3	2	1	5	-4.56782	-3.78665	-6.18483	-6.78799
1201	2	4	1	2	2	1	5	-2.78772	-3.6537	-4.12942	-4.07259
1202	7	2	5	2	10	3	6	-31.0814	-28.2871	-28.9947	-27.9781
1203	2	1	21	3	2	1	5	-2.90591	-2.48906	-4.32134	-4.40286
1204	2	4	1	2	7	1	5	-2.32812	-5.79319	-5.71079	-4.84711
1205	4	7	10	4	1	7	1	-1.85515	-3.76672	-2.63992	-1.95618
1206	2	4	1	2	7	1	5	-2.32812	-5.79319	-5.71079	-4.84711
1207	2	4	1	2	2	1	5	-2.78772	-3.6537	-4.12942	-4.07259
1208	1	4	2	2	6	3	17	-4.40972	-2.44509	-4.46507	-5.39021
1209	2	4	1	2	2	1	5	-2.78772	-3.6537	-4.12942	-4.07259
1210	2	4	1	2	2	1	5	-2.78772	-3.6537	-4.12942	-4.07259
1211	74	10	2	2	11	12	6	-8.73105	-12.5255	-9.99812	-9.80912
1212	1	2	3	4	5	9	3	-4.41388	-2.48557	-3.57167	-4.89826
1213	2	1	5	3	2	3	5	-4.17941	-3.24914	-5.37708	-4.76226
1214	4	7	10	4	1	7	1	-1.85515	-3.76672	-2.63992	-1.95618
1215	2	4	2	2	6	1	5	-6.00149	-4.83285	-5.89812	-7.64291
1216	2	1	12	3	2	1	5	-2.59291	-2.11786	-3.56735	-4.59084
1217	2	1	21	3	2	1	5	-2.90591	-2.48906	-4.32134	-4.40286
1218	2	4	1	2	2	1	5	-2.78772	-3.6537	-4.12942	-4.07259
1219	2	1	21	3	2	1	5	-2.90591	-2.48906	-4.32134	-4.40286
1220	4	7	10	4	1	7	1	-1.85515	-3.76672	-2.63992	-1.95618
1221	2	1	21	3	2	1	5	-2.90591	-2.48906	-4.32134	-4.40286
1222	2	4	1	2	2	1	5	-2.78772	-3.6537	-4.12942	-4.07259
1223	4	7	10	4	1	7	1	-1.85515	-3.76672	-2.63992	-1.95618
1224	2	4	1	2	2	1	5	-2.78772	-3.6537	-4.12942	-4.07259
1225	4	7	10	4	1	7	1	-1.85515	-3.76672	-2.63992	-1.95618
1226	4	7	10	4	42	51	1	-2.94984	-4.6262	-4.88948	-3.79413
1227	4	7	10	4	42	7	1	-6.68196	-8.37801	-5.61781	-4.69782
1228	2	4	1	2	2	1	5	-2.78772	-3.6537	-4.12942	-4.07259
1229	2	1	5	3	2	3	5	-4.17941	-3.24914	-5.37708	-4.76226
1230	10	81	50	99	120	76	52	-6.71893	-6.37655	-5.27789	-5.21493
1231	2	4	1	2	7	1	5	-2.32812	-5.79319	-5.71079	-4.84711
1232	2	4	1	2	7	1	5	-2.32812	-5.79319	-5.71079	-4.84711
1233	4	7	10	4	1	7	1	-1.85515	-3.76672	-2.63992	-1.95618
1234	1	4	2	2	6	3	17	-4.40972	-2.44509	-4.46507	-5.39021
1235	4	7	10	4	1	7	1	-1.85515	-3.76672	-2.63992	-1.95618
1236	2	4	1	2	2	1	5	-2.78772	-3.6537	-4.12942	-4.07259
1237	4	7	10	4	1	7	1	-1.85515	-3.76672	-2.63992	-1.95618
1238	4	7	10	4	42	51	1	-2.94984	-4.6262	-4.88948	-3.79413
1239	1	307	3	4	5	9	3	-6.81561	-6.44019	-6.11127	-8.25436
1240	2	4	2	2	6	1	5	-6.00149	-4.83285	-5.89812	-7.64291
1241	8	10	149	2	11	12	6	-4.82134	-3.96759	-5.58661	-6.85425
1242	2	1	12	3	2	1	5	-2.59291	-2.11786	-3.56735	-4.59084
1243	2	4	1	2	2	1	5	-2.78772	-3.6537	-4.12942	-4.07259
1244	2	4	1	2	2	1	5	-2.78772	-3.6537	-4.12942	-4.07259
1245	2	4	1	2	2	1	5	-2.78772	-3.6537	-4.12942	-4.07259
1246	4	7	10	4	42	51	1	-2.94984	-4.6262	-4.88948	-3.79413
1247	2	4	1	2	2	1	5	-2.78772	-3.6537	-4.12942	-4.07259
1248	2	4	1	2	2	1	5	-2.78772	-3.6537	-4.12942	-4.07259
1249	2	1	12	88	2	1	5	-3.9201	-3.42807	-5.60932	-5.24046
1250	1	4	2	2	6	3	17	-4.40972	-2.44509	-4.46507	-5.39021
1251	9	2	4	62	4	5	6	-3.73098	-5.21985	-5.75959	-6.33641
1252	2	4	1	2	7	1	5	-2.32812	-5.79319	-5.71079	-4.84711
1253	2	4	5	2	2	5	5	-3.69461	-7.11682	-6.84296	-5.72418
1254	2	1	21	3	2	1	5	-2.90591	-2.48906	-4.32134	-4.40286
1255	1	4	2	2	6	3	17	-4.40972	-2.44509	-4.46507	-5.39021
1256	2	1	21	3	2	1	5	-2.90591	-2.48906	-4.32134	-4.40286
1257	2	4	1	2	2	5	5	-6.78913	-6.40703	-8.6769	-9.10786
1258	2	1	12	3	2	1	5	-2.59291	-2.11786	-3.56735	-4.59084
1259	2	4	2	2	6	1	5	-6.00149	-4.83285	-5.89812	-7.64291
1260	2	4	1	2	2	1	5	-2.78772	-3.6537	-4.12942	-4.07259
1261	2	4	1	2	2	1	5	-2.78772	-3.6537	-4.12942	-4.07259
1262	1	307	3	4	5	9	3	-6.81561	-6.44019	-6.11127	-8.25436
1263	9	25	2	10	22	3	6	-4.50313	-7.40867	-6.04307	-4.38849
1264	2	1	1	380	2	1	5	-6.13031	-5.73431	-8.06874	-8.49962
1265	2	4	1	2	2	1	5	-2.78772	-3.6537	-4.12942	-4.07259
1266	2	4	1	2	2	1	5	-2.78772	-3.6537	-4.12942	-4.07259
1267	2	1	12	3	2	1	5	-2.59291	-2.11786	-3.56735	-4.59084
1268	1	2	3	4	5	9	3	-4.41388	-2.48557	-3.57167	-4.89826
1269	2	4	1	2	2	1	5	-2.78772	-3.6537	-4.12942	-4.07259
1270	2	4	1	2	2	1	5	-2.78772	-3.6537	-4.12942	-4.07259
1271	2	4	1	2	2	1	5	-2.78772	-3.6537	-4.12942	-4.07259
1272	1	2	3	4	5	9	3	-4.41388	-2.48557	-3.57167	-4.89826
1273	9	2	2	212	309	253	147	-29.9843	-31.374	-22.2572	-23.3053
1274	2	1	21	3	2	1	5	-2.90591	-2.48906	-4.32134	-4.40286
1275	47	2	4	2	6	5	17	-11.0157	-15.5512	-6.19177	-8.75012
1276	1	2	3	4	5	9	3	-4.41388	-2.48557	-3.57167	-4.89826
1277	2	4	1	2	2	1	5	-2.78772	-3.6537	-4.12942	-4.07259
1278	2	4	1	2	2	1	5	-2.78772	-3.6537	-4.12942	-4.07259
1279	9	2	4	62	4	5	6	-3.73098	-5.21985	-5.75959	-6.33641
1280	2	1	12	3	2	1	5	-2.59291	-2.11786	-3.56735	-4.59084
1281	2	4	1	2	2	1	5	-2.78772	-3.6537	-4.12942	-4.07259
1282	2	4	1	2	7	1	5	-2.32812	-5.79319	-5.71079	-4.84711
1283	7	17	2	15	23	3	12	-6.92225	-10.4034	-10.3973	-9.68696
1284	2	1	1	3	2	1	5	-4.56782	-3.78665	-6.18483	-6.78799
1285	2	1	12	3	2	1	5	-2.59291	-2.11786	-3.56735	-4.59084
1286	2	4	1	2	2	1	5	-2.78772	-3.6537	-4.12942	-4.07259
1287	2	1	5	3	2	3	5	-4.17941	-3.24914	-5.37708	-4.76226
1288	2	4	1	2	2	1	5	-2.78772	-3.6537	-4.12942	-4.07259
1289	2	4	1	2	2	1	5	-2.78772	-3.6537	-4.12942	-4.07259
1290	1	4	2	2	6	3	17	-4.40972	-2.44509	-4.46507	-5.39021
1291	2	1	2	3	2	3	5	-3.77939	-7.17282	-7.24734	-6.53351
1292	2	1	5	3	2	3	5	-4.17941	-3.24914	-5.37708	-4.76226
1293	1	2	3	3	5	9	3	-11.4661	-8.19481	-10.0685	-11.7428
1294	4	7	10	4	42	51	1	-2.94984	-4.6262	-4.88948	-3.79413
1295	1	4	2	2	6	3	17	-4.40972	-2.44509	-4.46507	-5.39021
1296	2	1	5	3	2	3	5	-4.17941	-3.24914	-5.37708	-4.76226
1297	4	7	10	4	1	7	1	-1.85515	-3.76672	-2.63992	-1.95618
1298	2	4	1	2	2	1	5	-2.78772	-3.6537	-4.12942	-4.07259
1299	4	7	10	4	1	7	1	-1.85515	-3.76672	-2.63992	-1.95618
1300	2	1	21	3	2	1	5	-2.90591	-2.48906	-4.32134	-4.40286
1301	2	4	1	2	2	1	5	-2.78772	-3.6537	-4.12942	-4.07259
1302	4	7	10	4	1	7	1	-1.85515	-3.76672	-2.63992	-1.95618
1303	2	4	1	2	2	1	5	-2.78772	-3.6537	-4.12942	-4.07259
1304	2	1	5	3	2	5	5	-5.18246	-2.83098	-4.05021	-5.46717
1305	2	4	1	2	2	1	5	-2.78772	-3.6537	-4.12942	-4.07259
1306	2	1	21	3	2	1	5	-2.90591	-2.48906	-4.32134	-4.40286
1307	2	1	5	3	2	5	5	-5.18246	-2.83098	-4.05021	-5.46717
1308	1	4	2	2	6	3	17	-4.40972	-2.44509	-4.46507	-5.39021
1309	1	4	2	2	6	3	17	-4.40972	-2.44509	-4.46507	-5.39021
1310	2	1	5	3	2	3	5	-4.17941	-3.24914	-5.37708	-4.76226
1311	1	4	2	2	6	3	17	-4.40972	-2.44509	-4.46507	-5.39021
1312	2	4	1	2	2	1	5	-2.78772	-3.6537	-4.12942	-4.07259
1313	2	1	12	88	2	1	5	-3.9201	-3.42807	-5.60932	-5.24046
1314	2	1	5	3	2	3	5	-4.17941	-3.24914	-5.37708	-4.76226
1315	2	4	5	2	2	1	5	-6.18967	-9.21669	-9.12052	-8.77295
1316	2	4	1	2	2	1	5	-2.78772	-3.6537	-4.12942	-4.07259
1317	1	4	2	2	6	3	17	-4.40972	-2.44509	-4.46507	-5.39021
1318	2	1	21	3	2	1	5	-2.90591	-2.48906	-4.32134	-4.40286
1319	4	7	10	4	1	7	1	-1.85515	-3.76672	-2.63992	-1.95618
1320	1	2	3	4	5	9	3	-4.41388	-2.48557	-3.57167	-4.89826
1321	2	4	1	2	7	1	5	-2.32812	-5.79319	-5.71079	-4.84711
1322	4	7	10	4	1	7	1	-1.85515	-3.76672	-2.63992	-1.95618
1323	4	7	10	4	1	7	1	-1.85515	-3.76672	-2.63992	-1.95618
1324	1	4	2	2	6	3	17	-4.40972	-2.44509	-4.46507	-5.39021
1325	2	4	1	2	7	1	5	-2.32812	-5.79319	-5.71079	-4.84711
1326	4	7	10	4	1	7	1	-1.85515	-3.76672	-2.63992	-1.95618
1327	8	10	2	2	11	12	6	-3.97565	-7.41228	-7.44852	-6.7402
1328	969	7	10	4	1	7	1	-6.53237	-8.86328	-5.1857	-5.02339
1329	4	7	10	4	1	7	1	-1.85515	-3.76672	-2.63992	-1.95618
1330	10	27	16	942	10	5	7	-23.9236	-18.1623	-18.6021	-20.1029
1331	10	27	16	941	10	5	7	-23.9236	-18.1623	-18.6021	-20.1029
1332	4	7	10	4	1	7	1	-1.85515	-3.76672	-2.63992	-1.95618
1333	4	7	10	4	1	7	1	-1.85515	-3.76672	-2.63992	-1.95618
1334	129	66	30	82	189	47	17	-3.2668	-4.8664	-5.52418	-4.13965
1335	4	7	10	4	1	7	1	-1.85515	-3.76672	-2.63992	-1.95618
1336	4	7	10	4	1	7	1	-1.85515	-3.76672	-2.63992	-1.95618
1337	2	4	1	2	2	1	5	-2.78772	-3.6537	-4.12942	-4.07259
1338	2	1	2	3	2	3	5	-3.77939	-7.17282	-7.24734	-6.53351
1339	10	27	16	19	10	5	7	-19.1682	-13.0485	-16.0523	-17.0342
1340	2	4	1	2	2	1	5	-2.78772	-3.6537	-4.12942	-4.07259
1341	33	39	30	82	104	173	68	-5.28443	-3.97283	-6.42767	-7.25077
1342	1	4	2	2	6	3	17	-4.40972	-2.44509	-4.46507	-5.39021
1343	2	1	5	3	2	5	5	-5.18246	-2.83098	-4.05021	-5.46717
1344	2	1	12	3	2	1	5	-2.59291	-2.11786	-3.56735	-4.59084
1345	8	10	2	2	11	12	6	-3.97565	-7.41228	-7.44852	-6.7402
1346	2	1	1	3	2	1	5	-4.56782	-3.78665	-6.18483	-6.78799
1347	1	4	2	2	6	3	17	-4.40972	-2.44509	-4.46507	-5.39021
1348	7	2	2	2	11	12	6	-4.52228	-8.00353	-7.99722	-7.28655
1349	9	2	4	62	4	5	6	-3.73098	-5.21985	-5.75959	-6.33641
1350	2	1	21	3	2	1	5	-2.90591	-2.48906	-4.32134	-4.40286
1351	9	7	10	4	1	7	1	-10.2939	-12.4093	-11.531	-9.82057
1352	2	1	12	3	920	1	5	-7.34835	-7.22187	-6.11433	-7.65729
1353	239	27	16	19	10	5	7	-9.27531	-6.46322	-8.99032	-10.1668
1354	7	17	2	15	23	3	12	-6.92225	-10.4034	-10.3973	-9.68696
1355	1	4	2	2	6	3	17	-4.40972	-2.44509	-4.46507	-5.39021
1356	1	6	60	24	12	28	1	-32.867	-35.7962	-19.1856	-21.2109
1357	2	4	5	2	10	1	5	-6.91481	-10.3876	-10.3846	-9.67306
1358	10	81	50	99	120	76	52	-6.71893	-6.37655	-5.27789	-5.21493
1359	4	7	10	4	1	7	1	-1.85515	-3.76672	-2.63992	-1.95618
1360	2	1	5	3	2	5	5	-5.18246	-2.83098	-4.05021	-5.46717
1361	4	7	10	1	1	7	1	-5.29725	-8.56655	-5.98555	-6.11712
1362	2	4	5	2	10	1	5	-6.91481	-10.3876	-10.3846	-9.67306
1363	2	1	21	3	2	1	5	-2.90591	-2.48906	-4.32134	-4.40286
1364	2	1	21	3	2	1	5	-2.90591	-2.48906	-4.32134	-4.40286
1365	2	4	1	2	2	1	5	-2.78772	-3.6537	-4.12942	-4.07259
1366	2	4	2	2	6	1	5	-6.00149	-4.83285	-5.89812	-7.64291
1367	2	4	1	2	7	1	5	-2.32812	-5.79319	-5.71079	-4.84711
1368	2	4	1	2	2	1	5	-2.78772	-3.6537	-4.12942	-4.07259
1369	2	4	1	2	2	1	5	-2.78772	-3.6537	-4.12942	-4.07259
1370	4	7	10	4	1	7	1	-1.85515	-3.76672	-2.63992	-1.95618
1371	4	7	10	4	42	51	1	-2.94984	-4.6262	-4.88948	-3.79413
1372	2	1	5	3	2	3	5	-4.17941	-3.24914	-5.37708	-4.76226
1373	2	1	12	3	2	1	5	-2.59291	-2.11786	-3.56735	-4.59084
1374	2	1	1	3	2	1	5	-4.56782	-3.78665	-6.18483	-6.78799
1375	2	4	1	2	2	1	5	-2.78772	-3.6537	-4.12942	-4.07259
1376	4	7	10	4	1	7	1	-1.85515	-3.76672	-2.63992	-1.95618
1377	10	1	16	19	10	5	7	-5.52326	-2.74318	-4.13932	-5.16271
1378	2	4	1	2	7	1	5	-2.32812	-5.79319	-5.71079	-4.84711
1379	2	4	1	2	2	1	5	-2.78772	-3.6537	-4.12942	-4.07259
1380	10	81	50	99	120	76	52	-6.71893	-6.37655	-5.27789	-5.21493
1381	2	1	12	3	2	1	5	-2.59291	-2.11786	-3.56735	-4.59084
1382	2	4	1	2	2	1	5	-2.78772	-3.6537	-4.12942	-4.07259
1383	2	4	1	2	7	1	5	-2.32812	-5.79319	-5.71079	-4.84711
1384	1	2	3	4	5	9	3	-4.41388	-2.48557	-3.57167	-4.89826
1385	8	10	2	2	11	12	6	-3.97565	-7.41228	-7.44852	-6.7402
1386	1	4	2	2	6	3	17	-4.40972	-2.44509	-4.46507	-5.39021
1387	2	4	1	2	2	1	5	-2.78772	-3.6537	-4.12942	-4.07259
1388	2	4	1	2	2	1	5	-2.78772	-3.6537	-4.12942	-4.07259
1389	10	7	10	4	1	7	1	-12.134	-10.9902	-10.186	-8.97546
1390	2	1	21	3	2	1	5	-2.90591	-2.48906	-4.32134	-4.40286
1391	2	1	21	3	2	1	5	-2.90591	-2.48906	-4.32134	-4.40286
1392	10	1	16	19	10	5	7	-5.52326	-2.74318	-4.13932	-5.16271
1393	2	1	5	3	2	3	5	-4.17941	-3.24914	-5.37708	-4.76226
1394	2	1	5	3	2	3	5	-4.17941	-3.24914	-5.37708	-4.76226
1395	2	4	1	2	2	5	5	-6.78913	-6.40703	-8.6769	-9.10786
1396	2	4	1	2	7	1	5	-2.32812	-5.79319	-5.71079	-4.84711
1397	10	1	16	19	10	5	7	-5.52326	-2.74318	-4.13932	-5.16271
1398	2	4	1	2	7	1	5	-2.32812	-5.79319	-5.71079	-4.84711
1399	2	934	1	2	2	1	5	-7.46622	-8.76054	-6.67031	-7.12452
