Isolate	Loci0	Loci1	Loci2	Loci3	Loci4	Loci5	Loci6	Source0	Source1	Source2	Source3
0	1	2	3	4	5	9	3	-4.46683	-2.50551	-3.60798	-4.87808
1	4	7	10	4	1	7	1	-1.86105	-3.7445	-2.72626	-1.91216
2	2	4	1	2	2	1	5	-2.7995	-3.62818	-4.2335	-4.10023
3	2	4	1	2	2	1	5	-2.7995	-3.62818	-4.2335	-4.10023
4	9	25	2	10	22	3	6	-4.50749	-7.44312	-6.2774	-4.3341
5	4	7	10	4	1	7	1	-1.86105	-3.7445	-2.72626	-1.91216
6	4	7	10	4	1	7	1	-1.86105	-3.7445	-2.72626	-1.91216
7	4	7	10	4	42	51	1	-2.9609	-4.57515	-5.10407	-3.78939
8	2	4	1	2	2	1	5	-2.7995	-3.62818	-4.2335	-4.10023
9	10	81	50	99	120	76	52	-6.70351	-6.4325	-5.31455	-5.1291
10	2	1	21	3	2	1	5	-2.92526	-2.49431	-4.4703	-4.49483
11	2	1	21	3	2	1	5	-2.92526	-2.49431	-4.4703	-4.49483
12	9	25	2	10	22	3	6	-4.50749	-7.44312	-6.2774	-4.3341
13	2	1	21	3	2	1	5	-2.92526	-2.49431	-4.4703	-4.49483
14	10	27	16	19	10	5	7	-18.9872	-12.8208	-15.8072	-17.6228
15	2	4	1	2	2	1	5	-2.7995	-3.62818	-4.2335	-4.10023
16	2	4	1	2	2	1	5	-2.7995	-3.62818	-4.2335	-4.10023
17	9	2	4	62	4	5	6	-3.74784	-5.14832	-5.92006	-6.72325
18	9	53	2	53	11	3	3	-29.1089	-26.6851	-24.1358	-25.736
19	2	4	1	2	2	1	5	-2.7995	-3.62818	-4.2335	-4.10023
20	2	4	1	2	2	1	5	-2.7995	-3.62818	-4.2335	-4.10023
21	4	7	10	4	1	7	1	-1.86105	-3.7445	-2.72626	-1.91216
22	2	4	1	2	2	1	5	-2.7995	-3.62818	-4.2335	-4.10023
23	1	4	2	2	6	3	17	-4.46244	-2.46491	-4.5601	-5.48411
24	4	7	10	4	1	7	1	-1.86105	-3.7445	-2.72626	-1.91216
25	2	1	21	3	2	1	5	-2.92526	-2.49431	-4.4703	-4.49483
26	8	10	2	2	11	12	6	-3.99077	-6.90296	-8.26835	-7.24515
27	2	4	2	2	6	1	5	-6.03321	-4.84505	-5.94169	-7.73579
28	2	1	12	3	2	1	5	-2.61394	-2.12128	-3.65552	-4.78849
29	2	4	1	2	2	1	5	-2.7995	-3.62818	-4.2335	-4.10023
30	4	7	10	4	1	7	1	-1.86105	-3.7445	-2.72626	-1.91216
31	10	1	16	19	10	5	7	-5.62414	-2.76551	-4.18893	-5.13157
32	1	2	3	4	5	9	3	-4.46683	-2.50551	-3.60798	-4.87808
33	2	4	1	2	2	1	5	-2.7995	-3.62818	-4.2335	-4.10023
34	2	4	1	2	2	1	5	-2.7995	-3.62818	-4.2335	-4.10023
35	2	4	1	2	2	1	5	-2.7995	-3.62818	-4.2335	-4.10023
36	4	7	10	4	1	7	1	-1.86105	-3.7445	-2.72626	-1.91216
37	129	66	30	82	189	47	17	-3.27941	-4.82146	-5.8356	-4.13142
38	2	1	12	3	357	1	5	-6.37715	-5.78923	-5.72198	-7.53986
39	9	2	4	62	4	5	6	-3.74784	-5.14832	-5.92006	-6.72325
40	2	1	1	3	2	1	5	-4.588	-3.79357	-6.38473	-7.16815
41	2	1	12	3	357	1	5	-6.37715	-5.78923	-5.72198	-7.53986
42	2	1	5	3	2	3	5	-4.20105	-3.26279	-5.55953	-4.76355
43	2	1	5	3	2	3	5	-4.20105	-3.26279	-5.55953	-4.76355
44	2	4	1	2	2	1	5	-2.7995	-3.62818	-4.2335	-4.10023
45	2	4	1	2	2	1	5	-2.7995	-3.62818	-4.2335	-4.10023
46	2	4	2	2	6	1	5	-6.03321	-4.84505	-5.94169	-7.73579
47	1	4	2	2	6	3	17	-4.46244	-2.46491	-4.5601	-5.48411
48	2	1	21	3	2	1	5	-2.92526	-2.49431	-4.4703	-4.49483
49	2	1	2	3	2	3	5	-3.79253	-6.66474	-8.06333	-7.04172
50	2	1	21	3	2	1	5	-2.92526	-2.49431	-4.4703	-4.49483
51	7	17	2	15	23	3	12	-6.9382	-9.88414	-11.2234	-10.1911
52	2	4	1	2	7	1	5	-2.34049	-5.28212	-6.4536	-5.19774
53	9	2	4	62	4	5	6	-3.74784	-5.14832	-5.92006	-6.72325
54	2	4	1	2	7	1	5	-2.34049	-5.28212	-6.4536	-5.19774
55	9	2	4	62	4	5	6	-3.74784	-5.14832	-5.92006	-6.72325
56	2	1	12	88	2	1	5	-3.93973	-3.43586	-5.82554	-5.31114
57	2	1	5	3	2	3	5	-4.20105	-3.26279	-5.55953	-4.76355
58	2	4	1	2	2	1	5	-2.7995	-3.62818	-4.2335	-4.10023
59	9	2	4	62	4	5	6	-3.74784	-5.14832	-5.92006	-6.72325
60	2	1	5	3	2	3	5	-4.20105	-3.26279	-5.55953	-4.76355
61	2	4	1	2	2	1	5	-2.7995	-3.62818	-4.2335	-4.10023
62	2	4	1	2	2	1	5	-2.7995	-3.62818	-4.2335	-4.10023
63	2	4	1	2	2	1	5	-2.7995	-3.62818	-4.2335	-4.10023
64	2	4	1	2	2	1	5	-2.7995	-3.62818	-4.2335	-4.10023
65	2	4	1	2	2	1	5	-2.7995	-3.62818	-4.2335	-4.10023
66	2	4	1	2	2	1	5	-2.7995	-3.62818	-4.2335	-4.10023
67	1	2	215	4	90	24	8	-28.9121	-28.6667	-19.7573	-21.5113
68	2	4	1	2	2	1	5	-2.7995	-3.62818	-4.2335	-4.10023
69	1	2	3	4	5	9	3	-4.46683	-2.50551	-3.60798	-4.87808
70	2	4	1	2	2	1	5	-2.7995	-3.62818	-4.2335	-4.10023
71	2	4	1	2	2	1	5	-2.7995	-3.62818	-4.2335	-4.10023
72	9	25	2	10	22	3	6	-4.50749	-7.44312	-6.2774	-4.3341
73	2	15	4	48	360	25	23	-6.73962	-9.42871	-5.79026	-4.88237
74	2	4	1	2	2	1	5	-2.7995	-3.62818	-4.2335	-4.10023
75	2	1	12	88	2	1	5	-3.93973	-3.43586	-5.82554	-5.31114
76	2	4	2	2	6	1	5	-6.03321	-4.84505	-5.94169	-7.73579
77	10	1	16	19	10	5	7	-5.62414	-2.76551	-4.18893	-5.13157
78	2	4	1	2	2	1	5	-2.7995	-3.62818	-4.2335	-4.10023
79	2	1	12	3	2	1	5	-2.61394	-2.12128	-3.65552	-4.78849
80	2	4	1	2	2	1	5	-2.7995	-3.62818	-4.2335	-4.10023
81	2	4	1	2	2	1	5	-2.7995	-3.62818	-4.2335	-4.10023
82	1	4	2	2	6	3	17	-4.46244	-2.46491	-4.5601	-5.48411
83	10	1	16	19	10	5	7	-5.62414	-2.76551	-4.18893	-5.13157
84	8	10	149	2	11	12	6	-4.84962	-3.98274	-5.67653	-7.09254
85	2	4	1	2	2	1	5	-2.7995	-3.62818	-4.2335	-4.10023
86	2	4	1	2	7	1	5	-2.34049	-5.28212	-6.4536	-5.19774
87	32	39	30	82	104	324	17	-7.59187	-4.69539	-7.33692	-8.62506
88	1	2	3	4	5	9	3	-4.46683	-2.50551	-3.60798	-4.87808
89	2	1	5	3	2	3	5	-4.20105	-3.26279	-5.55953	-4.76355
90	2	4	1	2	2	1	5	-2.7995	-3.62818	-4.2335	-4.10023
91	2	4	1	2	7	1	5	-2.34049	-5.28212	-6.4536	-5.19774
92	4	7	10	4	1	7	1	-1.86105	-3.7445	-2.72626	-1.91216
93	2	1	2	3	2	3	5	-3.79253	-6.66474	-8.06333	-7.04172
94	2	1	12	3	2	1	5	-2.61394	-2.12128	-3.65552	-4.78849
95	2	1	21	3	2	1	5	-2.92526	-2.49431	-4.4703	-4.49483
96	2	1	21	3	2	1	5	-2.92526	-2.49431	-4.4703	-4.49483
97	9	2	5	2	11	3	1	-28.4263	-31.2522	-28.2961	-26.7083
98	4	7	10	4	1	7	1	-1.86105	-3.7445	-2.72626	-1.91216
99	2	1	2	3	2	3	5	-3.79253	-6.66474	-8.06333	-7.04172
100	2	1	21	3	2	1	5	-2.92526	-2.49431	-4.4703	-4.49483
101	4	7	10	4	1	7	1	-1.86105	-3.7445	-2.72626	-1.91216
102	2	1	21	3	2	1	5	-2.92526	-2.49431	-4.4703	-4.49483
103	1	4	2	2	6	3	17	-4.46244	-2.46491	-4.5601	-5.48411
104	2	4	5	2	10	1	5	-6.92791	-9.86359	-11.2028	-10.1819
105	2	1	12	88	2	1	5	-3.93973	-3.43586	-5.82554	-5.31114
106	9	2	4	62	4	5	6	-3.74784	-5.14832	-5.92006	-6.72325
107	2	165	73	147	220	190	104	-8.81405	-11.508	-7.20389	-5.21147
108	2	1	21	3	2	1	5	-2.92526	-2.49431	-4.4703	-4.49483
109	2	4	1	2	2	1	5	-2.7995	-3.62818	-4.2335	-4.10023
110	2	1	12	3	11	1	6	-18.2797	-17.5066	-20.2449	-21.3464
111	2	1	2	3	2	3	5	-3.79253	-6.66474	-8.06333	-7.04172
112	2	4	1	2	7	1	5	-2.34049	-5.28212	-6.4536	-5.19774
113	2	1	2	3	2	3	5	-3.79253	-6.66474	-8.06333	-7.04172
114	2	1	21	3	2	1	5	-2.92526	-2.49431	-4.4703	-4.49483
115	2	4	1	2	7	1	5	-2.34049	-5.28212	-6.4536	-5.19774
116	33	39	30	82	113	43	17	-9.17664	-6.47326	-6.14698	-8.33759
117	2	4	1	2	2	1	5	-2.7995	-3.62818	-4.2335	-4.10023
118	2	4	1	2	2	1	5	-2.7995	-3.62818	-4.2335	-4.10023
119	2	4	1	2	2	1	5	-2.7995	-3.62818	-4.2335	-4.10023
120	2	4	1	2	7	1	5	-2.34049	-5.28212	-6.4536	-5.19774
121	4	7	10	1	1	7	1	-5.30796	-8.20316	-6.03745	-6.09471
122	2	1	12	3	2	1	5	-2.61394	-2.12128	-3.65552	-4.78849
123	2	4	1	2	2	1	5	-2.7995	-3.62818	-4.2335	-4.10023
124	2	4	1	2	2	1	5	-2.7995	-3.62818	-4.2335	-4.10023
125	2	4	1	2	7	1	5	-2.34049	-5.28212	-6.4536	-5.19774
126	2	4	1	2	2	1	5	-2.7995	-3.62818	-4.2335	-4.10023
127	2	4	1	2	2	1	5	-2.7995	-3.62818	-4.2335	-4.10023
128	2	1	12	88	2	1	5	-3.93973	-3.43586	-5.82554	-5.31114
129	2	1	12	3	2	1	5	-2.61394	-2.12128	-3.65552	-4.78849
130	2	1	12	3	2	1	5	-2.61394	-2.12128	-3.65552	-4.78849
131	2	4	1	2	7	1	5	-2.34049	-5.28212	-6.4536	-5.19774
132	2	1	21	3	2	1	5	-2.92526	-2.49431	-4.4703	-4.49483
133	2	1	21	3	2	1	5	-2.92526	-2.49431	-4.4703	-4.49483
134	2	4	5	2	2	5	5	-3.70698	-6.64045	-7.43271	-5.88815
135	2	1	21	3	2	1	5	-2.92526	-2.49431	-4.4703	-4.49483
136	1	4	2	2	6	3	1	-10.9389	-9.9459	-10.3496	-11.1711
137	2	1	5	3	2	3	5	-4.20105	-3.26279	-5.55953	-4.76355
138	2	1	5	3	2	3	5	-4.20105	-3.26279	-5.55953	-4.76355
139	4	7	10	4	1	7	1	-1.86105	-3.7445	-2.72626	-1.91216
140	8	10	2	2	11	12	6	-3.99077	-6.90296	-8.26835	-7.24515
141	2	1	2	3	2	3	5	-3.79253	-6.66474	-8.06333	-7.04172
142	2	1	5	3	2	3	5	-4.20105	-3.26279	-5.55953	-4.76355
143	2	1	2	3	2	3	5	-3.79253	-6.66474	-8.06333	-7.04172
144	129	66	30	82	189	47	17	-3.27941	-4.82146	-5.8356	-4.13142
145	2	4	1	2	2	1	5	-2.7995	-3.62818	-4.2335	-4.10023
146	2	4	1	2	2	1	5	-2.7995	-3.62818	-4.2335	-4.10023
147	7	21	5	62	4	61	44	-6.73501	-3.8492	-5.63839	-7.37293
148	2	4	1	2	2	1	5	-2.7995	-3.62818	-4.2335	-4.10023
149	2	937	1	2	2	1	5	-6.48552	-7.29367	-6.29813	-6.8439
150	1	14	2	2	6	1	17	-8.91527	-6.46865	-7.9315	-6.29456
151	1	4	2	2	6	3	17	-4.46244	-2.46491	-4.5601	-5.48411
152	8	10	149	2	11	12	6	-4.84962	-3.98274	-5.67653	-7.09254
153	2	1	12	3	2	1	5	-2.61394	-2.12128	-3.65552	-4.78849
154	9	30	2	2	89	59	6	-4.9901	-7.9376	-9.27643	-8.24432
155	1	2	3	4	5	9	3	-4.46683	-2.50551	-3.60798	-4.87808
156	2	4	1	2	2	1	5	-2.7995	-3.62818	-4.2335	-4.10023
157	2	4	1	2	2	1	5	-2.7995	-3.62818	-4.2335	-4.10023
158	180	194	2	68	19	231	147	-24.1412	-26.6533	-19.9543	-22.3515
159	2	4	1	2	2	1	5	-2.7995	-3.62818	-4.2335	-4.10023
160	2	4	1	2	2	1	5	-2.7995	-3.62818	-4.2335	-4.10023
161	2	4	1	2	2	1	5	-2.7995	-3.62818	-4.2335	-4.10023
162	4	7	10	4	1	7	1	-1.86105	-3.7445	-2.72626	-1.91216
163	2	4	1	2	2	1	5	-2.7995	-3.62818	-4.2335	-4.10023
164	2	1	21	3	2	1	5	-2.92526	-2.49431	-4.4703	-4.49483
165	2	4	1	2	7	1	5	-2.34049	-5.28212	-6.4536	-5.19774
166	2	4	1	2	2	1	5	-2.7995	-3.62818	-4.2335	-4.10023
167	10	1	16	19	10	5	7	-5.62414	-2.76551	-4.18893	-5.13157
168	104	7	10	4	1	7	1	-4.44508	-7.3993	-8.71717	-7.68501
169	2	4	1	2	2	1	5	-2.7995	-3.62818	-4.2335	-4.10023
170	10	27	16	19	10	5	7	-18.9872	-12.8208	-15.8072	-17.6228
171	2	4	1	2	2	1	5	-2.7995	-3.62818	-4.2335	-4.10023
172	2	1	1	3	2	1	5	-4.588	-3.79357	-6.38473	-7.16815
173	7	21	5	62	4	61	44	-6.73501	-3.8492	-5.63839	-7.37293
174	2	1	1	3	2	1	5	-4.588	-3.79357	-6.38473	-7.16815
175	10	1	16	19	10	5	7	-5.62414	-2.76551	-4.18893	-5.13157
176	2	4	1	2	2	1	5	-2.7995	-3.62818	-4.2335	-4.10023
177	2	4	1	2	2	1	5	-2.7995	-3.62818	-4.2335	-4.10023
178	2	1	12	3	2	1	5	-2.61394	-2.12128	-3.65552	-4.78849
179	2	4	1	2	2	1	5	-2.7995	-3.62818	-4.2335	-4.10023
180	2	4	1	2	2	1	5	-2.7995	-3.62818	-4.2335	-4.10023
181	1	4	2	2	6	3	17	-4.46244	-2.46491	-4.5601	-5.48411
182	2	1	12	3	2	1	5	-2.61394	-2.12128	-3.65552	-4.78849
183	4	7	10	4	1	7	1	-1.86105	-3.7445	-2.72626	-1.91216
184	2	4	1	2	2	1	5	-2.7995	-3.62818	-4.2335	-4.10023
185	2	4	1	2	2	1	5	-2.7995	-3.62818	-4.2335	-4.10023
186	2	1	21	3	2	1	5	-2.92526	-2.49431	-4.4703	-4.49483
187	4	7	10	4	1	7	1	-1.86105	-3.7445	-2.72626	-1.91216
188	4	7	10	4	42	51	1	-2.9609	-4.57515	-5.10407	-3.78939
189	2	1	5	3	2	3	5	-4.20105	-3.26279	-5.55953	-4.76355
190	1	2	4	62	4	5	17	-6.04803	-4.8603	-7.46226	-8.39766
191	4	7	10	4	1	7	1	-1.86105	-3.7445	-2.72626	-1.91216
192	4	7	10	4	42	51	1	-2.9609	-4.57515	-5.10407	-3.78939
193	2	1	21	3	2	1	5	-2.92526	-2.49431	-4.4703	-4.49483
194	4	7	10	4	42	51	1	-2.9609	-4.57515	-5.10407	-3.78939
195	2	4	1	2	7	1	5	-2.34049	-5.28212	-6.4536	-5.19774
196	2	4	1	2	2	1	5	-2.7995	-3.62818	-4.2335	-4.10023
197	1	2	3	4	5	9	3	-4.46683	-2.50551	-3.60798	-4.87808
198	1	2	4	62	4	5	17	-6.04803	-4.8603	-7.46226	-8.39766
199	2	250	4	281	358	25	57	-28.4313	-31.1166	-17.968	-19.0138
200	9	2	4	62	4	5	6	-3.74784	-5.14832	-5.92006	-6.72325
201	1	2	3	4	5	9	3	-4.46683	-2.50551	-3.60798	-4.87808
202	4	7	10	4	1	7	1	-1.86105	-3.7445	-2.72626	-1.91216
203	2	4	2	4	19	3	6	-5.8334	-8.77621	-10.114	-9.08327
204	4	7	10	4	1	7	1	-1.86105	-3.7445	-2.72626	-1.91216
205	4	7	10	4	42	51	1	-2.9609	-4.57515	-5.10407	-3.78939
206	2	1	12	3	2	1	5	-2.61394	-2.12128	-3.65552	-4.78849
207	4	7	10	4	1	7	1	-1.86105	-3.7445	-2.72626	-1.91216
208	2	1	12	3	2	1	5	-2.61394	-2.12128	-3.65552	-4.78849
209	1	2	4	62	4	5	17	-6.04803	-4.8603	-7.46226	-8.39766
210	4	7	10	4	42	51	1	-2.9609	-4.57515	-5.10407	-3.78939
211	2	4	1	2	2	1	5	-2.7995	-3.62818	-4.2335	-4.10023
212	4	7	10	4	1	7	1	-1.86105	-3.7445	-2.72626	-1.91216
213	2	1	21	3	2	1	5	-2.92526	-2.49431	-4.4703	-4.49483
214	47	2	4	2	6	5	17	-11.2622	-11.0427	-6.19469	-8.46907
215	2	1	21	3	2	1	5	-2.92526	-2.49431	-4.4703	-4.49483
216	2	1	21	3	2	1	5	-2.92526	-2.49431	-4.4703	-4.49483
217	2	4	1	2	2	1	5	-2.7995	-3.62818	-4.2335	-4.10023
218	2	4	1	2	2	1	5	-2.7995	-3.62818	-4.2335	-4.10023
219	10	81	50	99	120	76	52	-6.70351	-6.4325	-5.31455	-5.1291
220	2	4	1	2	2	1	5	-2.7995	-3.62818	-4.2335	-4.10023
221	2	4	1	2	2	1	5	-2.7995	-3.62818	-4.2335	-4.10023
222	1	4	2	2	6	3	17	-4.46244	-2.46491	-4.5601	-5.48411
223	1	2	4	62	4	5	17	-6.04803	-4.8603	-7.46226	-8.39766
224	4	7	10	4	1	7	1	-1.86105	-3.7445	-2.72626	-1.91216
225	4	7	10	4	1	7	1	-1.86105	-3.7445	-2.72626	-1.91216
226	10	1	16	19	10	5	7	-5.62414	-2.76551	-4.18893	-5.13157
227	2	4	1	2	2	1	5	-2.7995	-3.62818	-4.2335	-4.10023
228	2	4	1	2	7	1	5	-2.34049	-5.28212	-6.4536	-5.19774
229	1	4	2	348	6	3	17	-8.28372	-5.3801	-8.02264	-9.31585
230	1	2	4	62	4	5	17	-6.04803	-4.8603	-7.46226	-8.39766
231	10	27	16	19	10	5	7	-18.9872	-12.8208	-15.8072	-17.6228
232	1	4	2	2	6	3	17	-4.46244	-2.46491	-4.5601	-5.48411
233	4	7	10	4	42	51	1	-2.9609	-4.57515	-5.10407	-3.78939
234	2	4	1	2	2	1	5	-2.7995	-3.62818	-4.2335	-4.10023
235	2	1	12	3	2	1	5	-2.61394	-2.12128	-3.65552	-4.78849
236	2	1	12	88	2	1	5	-3.93973	-3.43586	-5.82554	-5.31114
237	2	4	1	2	7	1	5	-2.34049	-5.28212	-6.4536	-5.19774
238	2	1	12	3	2	1	5	-2.61394	-2.12128	-3.65552	-4.78849
239	1	4	2	2	6	3	17	-4.46244	-2.46491	-4.5601	-5.48411
240	2	1	4	28	58	25	58	-5.70487	-8.53231	-5.50094	-4.20285
241	2	1	5	3	2	3	5	-4.20105	-3.26279	-5.55953	-4.76355
242	2	1	12	3	2	1	5	-2.61394	-2.12128	-3.65552	-4.78849
243	2	4	1	2	2	1	5	-2.7995	-3.62818	-4.2335	-4.10023
244	2	1	5	10	11	1	5	-26.1887	-22.2422	-24.1578	-25.7543
245	2	1	12	3	2	1	5	-2.61394	-2.12128	-3.65552	-4.78849
246	2	1	12	88	2	1	5	-3.93973	-3.43586	-5.82554	-5.31114
247	2	1	12	3	2	1	5	-2.61394	-2.12128	-3.65552	-4.78849
248	2	1	12	3	2	1	5	-2.61394	-2.12128	-3.65552	-4.78849
249	1	4	2	2	6	3	17	-4.46244	-2.46491	-4.5601	-5.48411
250	9	2	4	62	4	5	6	-3.74784	-5.14832	-5.92006	-6.72325
251	2	1	12	3	2	1	5	-2.61394	-2.12128	-3.65552	-4.78849
252	8	10	149	2	11	12	6	-4.84962	-3.98274	-5.67653	-7.09254
253	2	1	21	3	2	1	5	-2.92526	-2.49431	-4.4703	-4.49483
254	1	2	3	4	5	9	3	-4.46683	-2.50551	-3.60798	-4.87808
255	2	1	5	3	2	3	5	-4.20105	-3.26279	-5.55953	-4.76355
256	1	307	3	4	5	9	3	-6.84212	-6.43948	-6.12518	-8.18761
257	1	4	2	2	6	3	17	-4.46244	-2.46491	-4.5601	-5.48411
258	2	4	1	2	7	1	5	-2.34049	-5.28212	-6.4536	-5.19774
259	2	4	1	2	2	1	5	-2.7995	-3.62818	-4.2335	-4.10023
260	2	61	4	64	126	7	23	-6.05627	-8.95612	-6.20024	-4.21491
261	7	21	5	62	4	61	44	-6.73501	-3.8492	-5.63839	-7.37293
262	2	1	12	3	2	1	5	-2.61394	-2.12128	-3.65552	-4.78849
263	2	4	1	2	2	1	5	-2.7995	-3.62818	-4.2335	-4.10023
264	2	1	12	3	2	1	5	-2.61394	-2.12128	-3.65552	-4.78849
265	2	1	21	3	2	1	5	-2.92526	-2.49431	-4.4703	-4.49483
266	2	1	21	3	2	1	5	-2.92526	-2.49431	-4.4703	-4.49483
267	2	4	1	2	2	1	5	-2.7995	-3.62818	-4.2335	-4.10023
268	2	4	1	2	2	1	5	-2.7995	-3.62818	-4.2335	-4.10023
269	2	4	1	2	7	1	5	-2.34049	-5.28212	-6.4536	-5.19774
270	4	7	10	4	1	7	1	-1.86105	-3.7445	-2.72626	-1.91216
271	1	2	4	62	4	5	17	-6.04803	-4.8603	-7.46226	-8.39766
272	4	1	21	3	2	1	5	-9.48999	-10.0731	-10.3923	-10.2499
273	10	1	16	19	10	5	7	-5.62414	-2.76551	-4.18893	-5.13157
274	33	283	44	82	189	44	17	-6.35194	-3.48984	-5.41458	-5.94444
275	2	1	12	3	2	1	5	-2.61394	-2.12128	-3.65552	-4.78849
276	10	81	50	99	120	76	52	-6.70351	-6.4325	-5.31455	-5.1291
277	4	7	10	4	42	25	1	-8.69508	-10.5541	-5.8687	-5.14814
278	2	4	1	2	2	1	5	-2.7995	-3.62818	-4.2335	-4.10023
279	2	4	5	2	10	1	5	-6.92791	-9.86359	-11.2028	-10.1819
280	2	4	1	2	2	1	5	-2.7995	-3.62818	-4.2335	-4.10023
281	9	2	4	62	4	5	6	-3.74784	-5.14832	-5.92006	-6.72325
282	4	7	10	4	1	7	1	-1.86105	-3.7445	-2.72626	-1.91216
283	2	1	12	3	2	1	5	-2.61394	-2.12128	-3.65552	-4.78849
284	9	2	4	62	4	5	6	-3.74784	-5.14832	-5.92006	-6.72325
285	9	2	4	62	4	5	6	-3.74784	-5.14832	-5.92006	-6.72325
286	2	4	1	2	2	1	5	-2.7995	-3.62818	-4.2335	-4.10023
287	2	1	12	88	2	1	5	-3.93973	-3.43586	-5.82554	-5.31114
288	2	1	21	3	2	1	5	-2.92526	-2.49431	-4.4703	-4.49483
289	33	39	30	79	113	44	17	-24.8275	-23.5293	-25.1349	-27.4293
290	1	2	3	4	5	9	3	-4.46683	-2.50551	-3.60798	-4.87808
291	1	4	2	2	6	3	17	-4.46244	-2.46491	-4.5601	-5.48411
292	9	2	4	62	4	5	6	-3.74784	-5.14832	-5.92006	-6.72325
293	2	1	12	3	2	1	5	-2.61394	-2.12128	-3.65552	-4.78849
294	2	1	5	3	2	5	5	-5.25332	-2.84714	-4.0879	-5.45211
295	2	1	5	3	2	5	5	-5.25332	-2.84714	-4.0879	-5.45211
296	2	4	1	2	2	1	5	-2.7995	-3.62818	-4.2335	-4.10023
297	2	4	1	2	2	1	5	-2.7995	-3.62818	-4.2335	-4.10023
298	2	1	21	3	2	1	5	-2.92526	-2.49431	-4.4703	-4.49483
299	32	39	30	82	104	324	17	-7.59187	-4.69539	-7.33692	-8.62506
300	2	1	12	3	2	1	5	-2.61394	-2.12128	-3.65552	-4.78849
301	4	7	10	4	1	7	1	-1.86105	-3.7445	-2.72626	-1.91216
302	1	4	2	2	6	3	5	-8.16521	-5.27899	-7.93155	-9.25953
303	2	1	21	3	2	1	5	-2.92526	-2.49431	-4.4703	-4.49483
304	4	7	10	4	42	51	1	-2.9609	-4.57515	-5.10407	-3.78939
305	2	4	1	2	7	1	5	-2.34049	-5.28212	-6.4536	-5.19774
306	7	21	5	62	4	61	44	-6.73501	-3.8492	-5.63839	-7.37293
307	104	7	10	4	1	7	1	-4.44508	-7.3993	-8.71717	-7.68501
308	9	25	2	10	22	3	6	-4.50749	-7.44312	-6.2774	-4.3341
309	2	4	2	2	6	3	17	-10.3302	-7.65511	-9.9723	-11.0016
310	2	4	1	2	7	1	5	-2.34049	-5.28212	-6.4536	-5.19774
311	129	66	30	82	189	47	17	-3.27941	-4.82146	-5.8356	-4.13142
312	33	39	30	82	104	173	68	-5.32031	-3.99246	-6.60403	-7.58312
313	2	1	12	3	2	1	5	-2.61394	-2.12128	-3.65552	-4.78849
314	2	1	1	3	2	1	5	-4.588	-3.79357	-6.38473	-7.16815
315	7	21	5	62	4	61	44	-6.73501	-3.8492	-5.63839	-7.37293
316	2	1	21	3	2	1	5	-2.92526	-2.49431	-4.4703	-4.49483
317	4	7	10	4	1	7	1	-1.86105	-3.7445	-2.72626	-1.91216
318	10	2	107	62	120	76	1	-6.88762	-9.82169	-8.24829	-6.28902
319	4	7	10	4	1	7	1	-1.86105	-3.7445	-2.72626	-1.91216
320	2	1	12	3	2	1	5	-2.61394	-2.12128	-3.65552	-4.78849
321	2	1	5	3	2	3	5	-4.20105	-3.26279	-5.55953	-4.76355
322	4	7	10	4	1	7	1	-1.86105	-3.7445	-2.72626	-1.91216
323	2	1	12	88	2	1	5	-3.93973	-3.43586	-5.82554	-5.31114
324	4	7	10	4	42	7	1	-6.60336	-9.3007	-5.67859	-4.63557
325	4	7	10	4	42	51	1	-2.9609	-4.57515	-5.10407	-3.78939
326	2	1	21	3	2	1	5	-2.92526	-2.49431	-4.4703	-4.49483
327	2	1	12	3	2	1	5	-2.61394	-2.12128	-3.65552	-4.78849
328	4	7	10	4	1	7	1	-1.86105	-3.7445	-2.72626	-1.91216
329	2	4	1	2	7	1	5	-2.34049	-5.28212	-6.4536	-5.19774
330	4	7	10	4	1	7	1	-1.86105	-3.7445	-2.72626	-1.91216
331	2	1	12	3	2	1	5	-2.61394	-2.12128	-3.65552	-4.78849
332	4	7	10	4	1	7	1	-1.86105	-3.7445	-2.72626	-1.91216
333	4	7	10	4	1	7	1	-1.86105	-3.7445	-2.72626	-1.91216
334	1	4	2	2	6	3	17	-4.46244	-2.46491	-4.5601	-5.48411
335	2	4	1	2	2	1	5	-2.7995	-3.62818	-4.2335	-4.10023
336	4	7	10	4	1	7	1	-1.86105	-3.7445	-2.72626	-1.91216
337	7	17	2	15	23	3	12	-6.9382	-9.88414	-11.2234	-10.1911
338	2	1	5	3	2	3	5	-4.20105	-3.26279	-5.55953	-4.76355
339	4	7	10	4	1	7	1	-1.86105	-3.7445	-2.72626	-1.91216
340	4	7	10	4	1	7	1	-1.86105	-3.7445	-2.72626	-1.91216
341	4	7	10	4	42	51	1	-2.9609	-4.57515	-5.10407	-3.78939
342	2	4	1	2	2	1	5	-2.7995	-3.62818	-4.2335	-4.10023
343	2	1	12	88	2	1	5	-3.93973	-3.43586	-5.82554	-5.31114
344	2	1	1	3	2	1	5	-4.588	-3.79357	-6.38473	-7.16815
345	1	2	3	4	5	9	3	-4.46683	-2.50551	-3.60798	-4.87808
346	2	1	12	88	2	1	5	-3.93973	-3.43586	-5.82554	-5.31114
347	2	1	1	3	2	1	5	-4.588	-3.79357	-6.38473	-7.16815
348	24	17	2	10	23	68	5	-8.68931	-5.79202	-8.43435	-9.72322
349	4	7	10	4	1	7	1	-1.86105	-3.7445	-2.72626	-1.91216
350	2	1	21	3	2	1	5	-2.92526	-2.49431	-4.4703	-4.49483
351	1	4	2	2	6	3	17	-4.46244	-2.46491	-4.5601	-5.48411
352	2	1	5	3	2	3	5	-4.20105	-3.26279	-5.55953	-4.76355
353	4	7	10	4	1	7	1	-1.86105	-3.7445	-2.72626	-1.91216
354	2	1	1	3	2	1	5	-4.588	-3.79357	-6.38473	-7.16815
355	2	1	12	3	2	1	5	-2.61394	-2.12128	-3.65552	-4.78849
356	8	10	149	2	11	12	6	-4.84962	-3.98274	-5.67653	-7.09254
357	2	4	1	2	2	5	5	-6.79676	-6.40489	-8.86358	-9.52187
358	10	1	16	19	10	5	7	-5.62414	-2.76551	-4.18893	-5.13157
359	24	17	2	10	23	68	5	-8.68931	-5.79202	-8.43435	-9.72322
360	1	2	4	62	4	5	17	-6.04803	-4.8603	-7.46226	-8.39766
361	2	4	1	2	7	1	5	-2.34049	-5.28212	-6.4536	-5.19774
362	7	71	5	62	11	67	6	-28.0667	-26.462	-25.8104	-28.7071
363	7	17	5	2	10	3	6	-24.6373	-23.8722	-23.8077	-23.1473
364	2	1	5	3	2	3	5	-4.20105	-3.26279	-5.55953	-4.76355
365	9	2	4	62	4	5	6	-3.74784	-5.14832	-5.92006	-6.72325
366	33	38	30	82	104	325	36	-13.1468	-10.1651	-11.1976	-13.1712
367	2	4	1	2	7	1	5	-2.34049	-5.28212	-6.4536	-5.19774
368	47	2	4	2	6	5	17	-11.2622	-11.0427	-6.19469	-8.46907
369	2	1	12	88	2	1	5	-3.93973	-3.43586	-5.82554	-5.31114
370	2	1	12	88	2	1	5	-3.93973	-3.43586	-5.82554	-5.31114
371	2	1	12	88	2	1	5	-3.93973	-3.43586	-5.82554	-5.31114
372	2	1	12	88	2	1	5	-3.93973	-3.43586	-5.82554	-5.31114
373	2	4	1	2	2	1	5	-2.7995	-3.62818	-4.2335	-4.10023
374	2	1	12	88	2	1	5	-3.93973	-3.43586	-5.82554	-5.31114
375	1	1	2	2	6	3	17	-9.20053	-6.18051	-8.81175	-10.2099
376	2	1	12	88	2	1	5	-3.93973	-3.43586	-5.82554	-5.31114
377	2	1	12	88	2	1	5	-3.93973	-3.43586	-5.82554	-5.31114
378	2	4	1	2	2	1	5	-2.7995	-3.62818	-4.2335	-4.10023
379	2	1	12	88	2	1	5	-3.93973	-3.43586	-5.82554	-5.31114
380	2	1	5	3	2	3	5	-4.20105	-3.26279	-5.55953	-4.76355
381	4	7	10	4	1	7	1	-1.86105	-3.7445	-2.72626	-1.91216
382	2	1	12	3	2	1	5	-2.61394	-2.12128	-3.65552	-4.78849
383	1	2	4	62	4	5	17	-6.04803	-4.8603	-7.46226	-8.39766
384	1	4	2	2	6	3	17	-4.46244	-2.46491	-4.5601	-5.48411
385	2	1	12	3	2	1	5	-2.61394	-2.12128	-3.65552	-4.78849
386	2	1	12	88	2	1	5	-3.93973	-3.43586	-5.82554	-5.31114
387	9	2	4	62	4	5	6	-3.74784	-5.14832	-5.92006	-6.72325
388	2	4	1	2	7	1	5	-2.34049	-5.28212	-6.4536	-5.19774
389	2	1	5	3	2	3	5	-4.20105	-3.26279	-5.55953	-4.76355
390	7	21	5	62	4	61	44	-6.73501	-3.8492	-5.63839	-7.37293
391	1	2	215	4	90	24	8	-28.9121	-28.6667	-19.7573	-21.5113
392	2	1	21	3	2	1	5	-2.92526	-2.49431	-4.4703	-4.49483
393	1	4	2	2	6	3	17	-4.46244	-2.46491	-4.5601	-5.48411
394	2	4	1	2	2	1	5	-2.7995	-3.62818	-4.2335	-4.10023
395	2	1	12	3	2	1	5	-2.61394	-2.12128	-3.65552	-4.78849
396	1	2	3	4	5	9	3	-4.46683	-2.50551	-3.60798	-4.87808
397	2	1	5	3	2	3	5	-4.20105	-3.26279	-5.55953	-4.76355
398	10	1	16	19	10	5	7	-5.62414	-2.76551	-4.18893	-5.13157
399	2	1	2	3	2	959	5	-7.55171	-10.0005	-10.0153	-9.78512
400	10	1	16	19	10	5	7	-5.62414	-2.76551	-4.18893	-5.13157
401	2	4	1	2	7	1	5	-2.34049	-5.28212	-6.4536	-5.19774
402	2	1	12	3	2	1	5	-2.61394	-2.12128	-3.65552	-4.78849
403	8	10	149	2	11	12	6	-4.84962	-3.98274	-5.67653	-7.09254
404	2	4	1	2	7	1	5	-2.34049	-5.28212	-6.4536	-5.19774
405	4	7	10	4	1	7	1	-1.86105	-3.7445	-2.72626	-1.91216
406	4	7	10	4	1	7	1	-1.86105	-3.7445	-2.72626	-1.91216
407	2	4	5	2	2	5	5	-3.70698	-6.64045	-7.43271	-5.88815
408	2	1	12	3	2	1	5	-2.61394	-2.12128	-3.65552	-4.78849
409	166	2	27	10	151	3	1	-30.2168	-31.3199	-24.5363	-25.4277
410	33	39	30	79	113	44	17	-24.8275	-23.5293	-25.1349	-27.4293
411	7	17	2	15	23	3	12	-6.9382	-9.88414	-11.2234	-10.1911
412	1	2	3	4	5	9	3	-4.46683	-2.50551	-3.60798	-4.87808
413	2	4	1	2	7	1	5	-2.34049	-5.28212	-6.4536	-5.19774
414	7	21	5	62	4	61	44	-6.73501	-3.8492	-5.63839	-7.37293
415	2	1	12	3	2	1	5	-2.61394	-2.12128	-3.65552	-4.78849
416	1	2	3	4	5	9	3	-4.46683	-2.50551	-3.60798	-4.87808
417	2	1	5	88	2	11	5	-8.22836	-5.36642	-6.03603	-8.10765
418	2	4	1	2	7	1	5	-2.34049	-5.28212	-6.4536	-5.19774
419	2	1	21	3	2	1	5	-2.92526	-2.49431	-4.4703	-4.49483
420	7	17	2	15	23	3	12	-6.9382	-9.88414	-11.2234	-10.1911
421	2	1	5	88	2	11	5	-8.22836	-5.36642	-6.03603	-8.10765
422	47	2	4	2	6	5	17	-11.2622	-11.0427	-6.19469	-8.46907
423	1	2	3	4	5	9	3	-4.46683	-2.50551	-3.60798	-4.87808
424	7	17	2	15	23	3	12	-6.9382	-9.88414	-11.2234	-10.1911
425	2	4	1	2	2	1	5	-2.7995	-3.62818	-4.2335	-4.10023
426	2	4	1	2	2	1	5	-2.7995	-3.62818	-4.2335	-4.10023
427	2	4	1	2	2	1	5	-2.7995	-3.62818	-4.2335	-4.10023
428	2	1	12	3	2	1	5	-2.61394	-2.12128	-3.65552	-4.78849
429	2	4	5	2	2	5	5	-3.70698	-6.64045	-7.43271	-5.88815
430	2	1	21	3	2	1	5	-2.92526	-2.49431	-4.4703	-4.49483
431	4	7	10	4	42	25	1	-8.69508	-10.5541	-5.8687	-5.14814
432	1	4	2	2	6	3	17	-4.46244	-2.46491	-4.5601	-5.48411
433	1	2	215	4	923	24	8	-28.9121	-28.6667	-19.7573	-21.5113
434	1	2	3	4	5	9	3	-4.46683	-2.50551	-3.60798	-4.87808
435	2	1	1	3	2	1	5	-4.588	-3.79357	-6.38473	-7.16815
436	1	4	2	2	6	3	17	-4.46244	-2.46491	-4.5601	-5.48411
437	2	4	1	2	2	1	5	-2.7995	-3.62818	-4.2335	-4.10023
438	2	1	5	3	2	5	5	-5.25332	-2.84714	-4.0879	-5.45211
439	4	7	10	4	42	51	1	-2.9609	-4.57515	-5.10407	-3.78939
440	4	7	10	4	1	7	1	-1.86105	-3.7445	-2.72626	-1.91216
441	4	7	10	4	1	7	1	-1.86105	-3.7445	-2.72626	-1.91216
442	4	7	10	4	1	7	1	-1.86105	-3.7445	-2.72626	-1.91216
443	2	1	21	3	2	1	5	-2.92526	-2.49431	-4.4703	-4.49483
444	2	1	21	3	2	1	5	-2.92526	-2.49431	-4.4703	-4.49483
445	2	4	1	2	7	1	5	-2.34049	-5.28212	-6.4536	-5.19774
446	4	7	10	4	1	7	1	-1.86105	-3.7445	-2.72626	-1.91216
447	4	7	10	4	1	7	1	-1.86105	-3.7445	-2.72626	-1.91216
448	2	1	1	3	2	1	5	-4.588	-3.79357	-6.38473	-7.16815
449	2	1	21	3	2	1	5	-2.92526	-2.49431	-4.4703	-4.49483
450	2	1	21	3	2	1	5	-2.92526	-2.49431	-4.4703	-4.49483
451	4	7	10	4	42	51	1	-2.9609	-4.57515	-5.10407	-3.78939
452	4	7	10	1	1	7	1	-5.30796	-8.20316	-6.03745	-6.09471
453	239	27	16	19	10	5	7	-9.38544	-6.48727	-9.12785	-10.4174
454	2	1	12	3	2	1	5	-2.61394	-2.12128	-3.65552	-4.78849
455	2	4	1	2	2	1	5	-2.7995	-3.62818	-4.2335	-4.10023
456	2	1	12	3	2	1	5	-2.61394	-2.12128	-3.65552	-4.78849
457	2	1	12	3	2	1	5	-2.61394	-2.12128	-3.65552	-4.78849
458	10	81	50	99	120	76	52	-6.70351	-6.4325	-5.31455	-5.1291
459	47	2	4	2	6	5	17	-11.2622	-11.0427	-6.19469	-8.46907
460	2	4	1	3	2	1	5	-6.84118	-8.46815	-9.9688	-9.91193
461	4	7	10	4	1	7	1	-1.86105	-3.7445	-2.72626	-1.91216
462	2	1	1	380	2	1	5	-6.15105	-5.73945	-8.306	-8.90351
463	2	4	1	2	7	1	5	-2.34049	-5.28212	-6.4536	-5.19774
464	2	1	12	88	2	1	5	-3.93973	-3.43586	-5.82554	-5.31114
465	7	71	5	62	11	67	1	-29.004	-26.6815	-24.3702	-27.8001
466	2	4	1	2	7	1	5	-2.34049	-5.28212	-6.4536	-5.19774
467	4	7	10	4	1	7	1	-1.86105	-3.7445	-2.72626	-1.91216
468	2	1	1	380	2	1	5	-6.15105	-5.73945	-8.306	-8.90351
469	2	4	1	2	2	1	5	-2.7995	-3.62818	-4.2335	-4.10023
470	2	1	12	3	2	1	5	-2.61394	-2.12128	-3.65552	-4.78849
471	1	14	2	2	6	1	17	-8.91527	-6.46865	-7.9315	-6.29456
472	1	2	4	62	4	5	17	-6.04803	-4.8603	-7.46226	-8.39766
473	4	7	10	4	1	7	1	-1.86105	-3.7445	-2.72626	-1.91216
474	2	1	21	3	2	1	5	-2.92526	-2.49431	-4.4703	-4.49483
475	2	4	1	2	2	1	5	-2.7995	-3.62818	-4.2335	-4.10023
476	1	4	2	2	6	3	17	-4.46244	-2.46491	-4.5601	-5.48411
477	4	7	10	4	1	7	1	-1.86105	-3.7445	-2.72626	-1.91216
478	10	2	107	62	120	76	1	-6.88762	-9.82169	-8.24829	-6.28902
479	2	1	12	3	2	1	5	-2.61394	-2.12128	-3.65552	-4.78849
480	2	1	5	3	2	3	5	-4.20105	-3.26279	-5.55953	-4.76355
481	2	1	21	3	2	1	5	-2.92526	-2.49431	-4.4703	-4.49483
482	1	2	3	4	5	9	3	-4.46683	-2.50551	-3.60798	-4.87808
483	1	307	3	4	5	9	3	-6.84212	-6.43948	-6.12518	-8.18761
484	7	2	5	2	10	3	6	-30.1612	-27.011	-28.6236	-29.4188
485	1	2	3	4	5	9	3	-4.46683	-2.50551	-3.60798	-4.87808
486	33	39	30	82	104	173	68	-5.32031	-3.99246	-6.60403	-7.58312
487	4	7	10	4	42	7	1	-6.60336	-9.3007	-5.67859	-4.63557
488	2	1	12	88	2	1	5	-3.93973	-3.43586	-5.82554	-5.31114
489	2	4	1	2	2	1	5	-2.7995	-3.62818	-4.2335	-4.10023
490	2	1	21	3	2	1	5	-2.92526	-2.49431	-4.4703	-4.49483
491	9	2	4	62	4	5	6	-3.74784	-5.14832	-5.92006	-6.72325
492	2	1	5	3	2	3	5	-4.20105	-3.26279	-5.55953	-4.76355
493	4	7	10	4	1	7	1	-1.86105	-3.7445	-2.72626	-1.91216
494	2	1	57	26	127	29	35	-6.9192	-9.60146	-6.18448	-8.29296
495	2	1	57	26	127	29	35	-6.9192	-9.60146	-6.18448	-8.29296
496	2	4	2	4	19	3	6	-5.8334	-8.77621	-10.114	-9.08327
497	2	1	12	3	2	1	5	-2.61394	-2.12128	-3.65552	-4.78849
498	2	4	1	2	2	1	5	-2.7995	-3.62818	-4.2335	-4.10023
499	2	4	1	2	2	1	5	-2.7995	-3.62818	-4.2335	-4.10023
500	2	1	21	3	2	1	5	-2.92526	-2.49431	-4.4703	-4.49483
501	33	39	65	79	104	43	17	-4.63462	-7.58126	-8.91994	-7.88856
502	1	14	2	2	6	1	17	-8.91527	-6.46865	-7.9315	-6.29456
503	2	1	12	3	2	1	5	-2.61394	-2.12128	-3.65552	-4.78849
504	7	21	5	62	4	61	44	-6.73501	-3.8492	-5.63839	-7.37293
505	9	2	4	62	4	5	6	-3.74784	-5.14832	-5.92006	-6.72325
506	129	66	30	82	189	47	17	-3.27941	-4.82146	-5.8356	-4.13142
507	2	1	21	3	2	1	5	-2.92526	-2.49431	-4.4703	-4.49483
508	47	2	4	2	6	5	17	-11.2622	-11.0427	-6.19469	-8.46907
509	2	4	1	2	7	1	5	-2.34049	-5.28212	-6.4536	-5.19774
510	33	38	30	82	104	325	36	-13.1468	-10.1651	-11.1976	-13.1712
511	1	4	2	2	6	3	17	-4.46244	-2.46491	-4.5601	-5.48411
512	1	4	2	2	6	3	17	-4.46244	-2.46491	-4.5601	-5.48411
513	2	4	1	2	2	1	5	-2.7995	-3.62818	-4.2335	-4.10023
514	4	7	10	4	1	7	1	-1.86105	-3.7445	-2.72626	-1.91216
515	33	283	44	82	189	44	17	-6.35194	-3.48984	-5.41458	-5.94444
516	8	10	149	2	11	12	6	-4.84962	-3.98274	-5.67653	-7.09254
517	2	1	21	3	62	1	5	-5.82983	-8.76255	-10.1109	-9.08487
518	10	1	16	19	10	5	7	-5.62414	-2.76551	-4.18893	-5.13157
519	180	194	2	68	19	231	147	-24.1412	-26.6533	-19.9543	-22.3515
520	2	4	1	2	7	1	5	-2.34049	-5.28212	-6.4536	-5.19774
521	2	4	2	2	6	1	5	-6.03321	-4.84505	-5.94169	-7.73579
522	1	2	3	4	5	9	3	-4.46683	-2.50551	-3.60798	-4.87808
523	2	1	21	3	2	1	5	-2.92526	-2.49431	-4.4703	-4.49483
524	2	1	12	3	2	1	5	-2.61394	-2.12128	-3.65552	-4.78849
525	2	1	5	3	2	3	5	-4.20105	-3.26279	-5.55953	-4.76355
526	1	307	3	4	5	9	3	-6.84212	-6.43948	-6.12518	-8.18761
527	2	4	1	2	7	1	5	-2.34049	-5.28212	-6.4536	-5.19774
528	2	1	12	3	2	1	5	-2.61394	-2.12128	-3.65552	-4.78849
529	7	21	5	62	4	61	44	-6.73501	-3.8492	-5.63839	-7.37293
530	2	1	5	3	2	3	5	-4.20105	-3.26279	-5.55953	-4.76355
531	2	1	12	88	2	1	5	-3.93973	-3.43586	-5.82554	-5.31114
532	2	1	21	3	2	1	5	-2.92526	-2.49431	-4.4703	-4.49483
533	1	4	2	2	6	3	17	-4.46244	-2.46491	-4.5601	-5.48411
534	2	4	1	2	7	1	5	-2.34049	-5.28212	-6.4536	-5.19774
535	47	2	4	2	6	5	17	-11.2622	-11.0427	-6.19469	-8.46907
536	1	4	2	2	6	3	17	-4.46244	-2.46491	-4.5601	-5.48411
537	1	2	3	4	5	9	3	-4.46683	-2.50551	-3.60798	-4.87808
538	2	4	1	2	2	1	5	-2.7995	-3.62818	-4.2335	-4.10023
539	4	7	10	4	42	7	1	-6.60336	-9.3007	-5.67859	-4.63557
540	2	4	1	9	2	1	5	-6.54757	-7.30235	-6.30174	-6.85248
541	2	1	12	3	2	1	5	-2.61394	-2.12128	-3.65552	-4.78849
542	1	4	2	9	6	3	17	-8.20509	-6.09003	-6.59854	-8.21723
543	1	2	3	4	922	9	3	-8.22938	-6.18224	-5.67697	-7.63219
544	4	7	10	4	1	7	1	-1.86105	-3.7445	-2.72626	-1.91216
545	2	1	5	3	2	3	5	-4.20105	-3.26279	-5.55953	-4.76355
546	2	4	1	2	7	1	5	-2.34049	-5.28212	-6.4536	-5.19774
547	4	7	10	4	1	7	1	-1.86105	-3.7445	-2.72626	-1.91216
548	2	4	1	2	2	1	5	-2.7995	-3.62818	-4.2335	-4.10023
549	2	1	21	3	2	1	5	-2.92526	-2.49431	-4.4703	-4.49483
550	4	7	10	4	1	7	1	-1.86105	-3.7445	-2.72626	-1.91216
551	1	4	2	2	6	3	17	-4.46244	-2.46491	-4.5601	-5.48411
552	2	1	5	3	2	5	5	-5.25332	-2.84714	-4.0879	-5.45211
553	2	1	12	3	2	1	5	-2.61394	-2.12128	-3.65552	-4.78849
554	4	936	10	4	1	7	1	-5.61867	-7.41777	-4.76562	-4.66757
555	180	194	2	68	19	231	147	-24.1412	-26.6533	-19.9543	-22.3515
556	4	7	10	4	42	51	1	-2.9609	-4.57515	-5.10407	-3.78939
557	4	7	10	4	42	25	1	-8.69508	-10.5541	-5.8687	-5.14814
558	2	1	21	3	2	1	5	-2.92526	-2.49431	-4.4703	-4.49483
559	2	1	5	3	2	3	5	-4.20105	-3.26279	-5.55953	-4.76355
560	2	1	5	3	2	3	5	-4.20105	-3.26279	-5.55953	-4.76355
561	4	7	10	4	42	51	1	-2.9609	-4.57515	-5.10407	-3.78939
562	4	7	10	4	1	7	1	-1.86105	-3.7445	-2.72626	-1.91216
563	2	4	1	2	7	1	5	-2.34049	-5.28212	-6.4536	-5.19774
564	2	1	21	3	2	1	5	-2.92526	-2.49431	-4.4703	-4.49483
565	1	4	2	2	6	3	17	-4.46244	-2.46491	-4.5601	-5.48411
566	188	313	5	2	89	5	6	-38.2667	-35.0713	-36.0626	-40.4948
567	2	1	21	3	2	1	5	-2.92526	-2.49431	-4.4703	-4.49483
568	2	1	1	3	2	1	5	-4.588	-3.79357	-6.38473	-7.16815
569	2	1	5	3	2	3	5	-4.20105	-3.26279	-5.55953	-4.76355
570	2	4	1	2	2	1	5	-2.7995	-3.62818	-4.2335	-4.10023
571	2	1	5	3	2	3	5	-4.20105	-3.26279	-5.55953	-4.76355
572	2	1	1	3	2	1	5	-4.588	-3.79357	-6.38473	-7.16815
573	2	1	5	3	2	3	5	-4.20105	-3.26279	-5.55953	-4.76355
574	1	4	2	2	6	3	17	-4.46244	-2.46491	-4.5601	-5.48411
575	1	4	2	2	6	3	17	-4.46244	-2.46491	-4.5601	-5.48411
576	2	1	21	3	2	1	5	-2.92526	-2.49431	-4.4703	-4.49483
577	239	27	16	19	10	5	7	-9.38544	-6.48727	-9.12785	-10.4174
578	2	4	5	2	2	5	5	-3.70698	-6.64045	-7.43271	-5.88815
579	9	2	4	62	4	5	6	-3.74784	-5.14832	-5.92006	-6.72325
580	2	1	1	3	2	1	5	-4.588	-3.79357	-6.38473	-7.16815
581	2	1	5	3	2	3	5	-4.20105	-3.26279	-5.55953	-4.76355
582	1	4	2	2	6	3	17	-4.46244	-2.46491	-4.5601	-5.48411
583	2	4	5	2	2	5	5	-3.70698	-6.64045	-7.43271	-5.88815
584	2	4	5	2	2	5	5	-3.70698	-6.64045	-7.43271	-5.88815
585	2	1	5	3	2	3	5	-4.20105	-3.26279	-5.55953	-4.76355
586	2	1	1	380	2	1	5	-6.15105	-5.73945	-8.306	-8.90351
587	2	7	10	4	1	7	1	-6.53618	-8.59894	-8.09762	-7.37269
588	2	1	12	3	2	1	5	-2.61394	-2.12128	-3.65552	-4.78849
589	2	4	1	2	2	1	5	-2.7995	-3.62818	-4.2335	-4.10023
590	9	2	4	62	4	5	6	-3.74784	-5.14832	-5.92006	-6.72325
591	2	4	5	2	2	5	5	-3.70698	-6.64045	-7.43271	-5.88815
592	1	4	2	2	6	3	17	-4.46244	-2.46491	-4.5601	-5.48411
593	1	4	2	2	6	5	17	-12.2922	-8.72652	-11.2644	-13.763
594	2	4	2	2	6	1	5	-6.03321	-4.84505	-5.94169	-7.73579
595	1	4	2	2	6	5	17	-12.2922	-8.72652	-11.2644	-13.763
596	2	23	21	3	2	1	5	-6.68913	-6.17565	-6.54138	-7.25025
597	7	21	5	62	4	61	44	-6.73501	-3.8492	-5.63839	-7.37293
598	2	4	1	2	2	1	5	-2.7995	-3.62818	-4.2335	-4.10023
599	1	307	3	4	5	9	3	-6.84212	-6.43948	-6.12518	-8.18761
600	1	2	3	4	5	9	3	-4.46683	-2.50551	-3.60798	-4.87808
601	9	2	4	62	4	5	6	-3.74784	-5.14832	-5.92006	-6.72325
602	2	1	12	3	2	1	5	-2.61394	-2.12128	-3.65552	-4.78849
603	1	4	2	2	6	3	17	-4.46244	-2.46491	-4.5601	-5.48411
604	10	1	16	19	10	5	7	-5.62414	-2.76551	-4.18893	-5.13157
605	2	1	12	3	2	1	5	-2.61394	-2.12128	-3.65552	-4.78849
606	180	194	2	68	19	231	147	-24.1412	-26.6533	-19.9543	-22.3515
607	2	1	12	3	2	1	5	-2.61394	-2.12128	-3.65552	-4.78849
608	4	7	10	4	1	7	1	-1.86105	-3.7445	-2.72626	-1.91216
609	129	66	30	82	189	47	17	-3.27941	-4.82146	-5.8356	-4.13142
610	4	7	10	4	1	7	1	-1.86105	-3.7445	-2.72626	-1.91216
611	2	1	12	3	2	1	5	-2.61394	-2.12128	-3.65552	-4.78849
612	2	1	21	3	2	1	5	-2.92526	-2.49431	-4.4703	-4.49483
613	4	7	10	4	1	7	1	-1.86105	-3.7445	-2.72626	-1.91216
614	10	1	16	19	10	5	7	-5.62414	-2.76551	-4.18893	-5.13157
615	8	10	149	2	11	12	6	-4.84962	-3.98274	-5.67653	-7.09254
616	129	66	30	82	189	47	17	-3.27941	-4.82146	-5.8356	-4.13142
617	2	4	1	2	2	1	5	-2.7995	-3.62818	-4.2335	-4.10023
618	180	194	2	68	19	231	147	-24.1412	-26.6533	-19.9543	-22.3515
619	2	1	5	3	2	3	5	-4.20105	-3.26279	-5.55953	-4.76355
620	2	4	1	2	2	1	5	-2.7995	-3.62818	-4.2335	-4.10023
621	1	2	3	4	5	9	3	-4.46683	-2.50551	-3.60798	-4.87808
622	180	194	2	68	19	231	147	-24.1412	-26.6533	-19.9543	-22.3515
623	33	39	65	79	104	43	17	-4.63462	-7.58126	-8.91994	-7.88856
624	2	4	5	2	2	5	5	-3.70698	-6.64045	-7.43271	-5.88815
625	2	1	5	3	2	5	5	-5.25332	-2.84714	-4.0879	-5.45211
626	2	1	12	3	2	1	5	-2.61394	-2.12128	-3.65552	-4.78849
627	180	194	2	68	19	231	147	-24.1412	-26.6533	-19.9543	-22.3515
628	2	1	21	3	2	1	5	-2.92526	-2.49431	-4.4703	-4.49483
629	2	1	5	3	2	5	5	-5.25332	-2.84714	-4.0879	-5.45211
630	2	1	21	3	2	1	5	-2.92526	-2.49431	-4.4703	-4.49483
631	1	2	3	4	5	9	3	-4.46683	-2.50551	-3.60798	-4.87808
632	2	1	21	3	2	1	5	-2.92526	-2.49431	-4.4703	-4.49483
633	8	10	2	2	11	12	6	-3.99077	-6.90296	-8.26835	-7.24515
634	2	4	1	2	7	1	5	-2.34049	-5.28212	-6.4536	-5.19774
635	2	1	5	3	2	3	5	-4.20105	-3.26279	-5.55953	-4.76355
636	1	2	3	4	5	9	3	-4.46683	-2.50551	-3.60798	-4.87808
637	9	2	4	62	4	5	6	-3.74784	-5.14832	-5.92006	-6.72325
638	2	1	21	3	2	1	5	-2.92526	-2.49431	-4.4703	-4.49483
639	8	10	149	2	11	12	6	-4.84962	-3.98274	-5.67653	-7.09254
640	2	1	12	88	2	1	5	-3.93973	-3.43586	-5.82554	-5.31114
641	2	4	1	2	2	1	5	-2.7995	-3.62818	-4.2335	-4.10023
642	2	1	5	10	10	1	5	-22.9298	-23.0783	-22.8196	-23.9529
643	1	2	3	4	5	9	3	-4.46683	-2.50551	-3.60798	-4.87808
644	2	4	1	2	7	1	5	-2.34049	-5.28212	-6.4536	-5.19774
645	2	4	1	2	2	1	5	-2.7995	-3.62818	-4.2335	-4.10023
646	1	2	3	4	5	9	3	-4.46683	-2.50551	-3.60798	-4.87808
647	2	1	12	88	2	1	5	-3.93973	-3.43586	-5.82554	-5.31114
648	4	7	10	4	1	7	1	-1.86105	-3.7445	-2.72626	-1.91216
649	2	1	21	3	2	1	5	-2.92526	-2.49431	-4.4703	-4.49483
650	2	4	1	2	7	1	5	-2.34049	-5.28212	-6.4536	-5.19774
651	33	38	30	82	118	43	17	-19.059	-18.3831	-21.4819	-22.3661
652	2	4	1	2	2	1	5	-2.7995	-3.62818	-4.2335	-4.10023
653	2	1	5	3	2	3	5	-4.20105	-3.26279	-5.55953	-4.76355
654	4	7	10	4	1	7	1	-1.86105	-3.7445	-2.72626	-1.91216
655	8	10	2	2	11	12	6	-3.99077	-6.90296	-8.26835	-7.24515
656	2	4	5	2	2	5	5	-3.70698	-6.64045	-7.43271	-5.88815
657	4	7	10	4	1	7	1	-1.86105	-3.7445	-2.72626	-1.91216
658	2	1	5	3	2	3	5	-4.20105	-3.26279	-5.55953	-4.76355
659	33	39	30	82	113	47	17	-5.78187	-5.74428	-8.26453	-8.66493
660	2	1	21	3	2	1	5	-2.92526	-2.49431	-4.4703	-4.49483
661	2	4	1	2	7	1	5	-2.34049	-5.28212	-6.4536	-5.19774
662	2	1	1	3	2	1	5	-4.588	-3.79357	-6.38473	-7.16815
663	4	7	10	4	1	7	1	-1.86105	-3.7445	-2.72626	-1.91216
664	7	21	5	62	4	61	44	-6.73501	-3.8492	-5.63839	-7.37293
665	10	81	50	99	120	76	52	-6.70351	-6.4325	-5.31455	-5.1291
666	4	7	10	4	1	7	1	-1.86105	-3.7445	-2.72626	-1.91216
667	1	2	3	4	5	9	3	-4.46683	-2.50551	-3.60798	-4.87808
668	1	2	3	4	5	9	3	-4.46683	-2.50551	-3.60798	-4.87808
669	2	4	1	2	7	1	5	-2.34049	-5.28212	-6.4536	-5.19774
670	4	7	10	4	1	7	1	-1.86105	-3.7445	-2.72626	-1.91216
671	2	1	5	3	2	3	5	-4.20105	-3.26279	-5.55953	-4.76355
672	1	4	2	2	6	3	17	-4.46244	-2.46491	-4.5601	-5.48411
673	4	935	10	4	1	7	1	-5.61867	-7.41777	-4.76562	-4.66757
674	10	1	16	19	10	5	7	-5.62414	-2.76551	-4.18893	-5.13157
675	4	7	10	4	1	7	1	-1.86105	-3.7445	-2.72626	-1.91216
676	33	39	65	79	104	43	17	-4.63462	-7.58126	-8.91994	-7.88856
677	2	4	2	2	6	1	5	-6.03321	-4.84505	-5.94169	-7.73579
678	4	7	10	4	42	25	1	-8.69508	-10.5541	-5.8687	-5.14814
679	1	4	2	2	6	3	17	-4.46244	-2.46491	-4.5601	-5.48411
680	4	7	10	4	42	25	1	-8.69508	-10.5541	-5.8687	-5.14814
681	4	7	10	4	42	25	1	-8.69508	-10.5541	-5.8687	-5.14814
682	4	7	10	4	1	7	1	-1.86105	-3.7445	-2.72626	-1.91216
683	2	4	1	2	7	1	5	-2.34049	-5.28212	-6.4536	-5.19774
684	4	7	10	4	1	7	1	-1.86105	-3.7445	-2.72626	-1.91216
685	4	7	10	4	42	7	1	-6.60336	-9.3007	-5.67859	-4.63557
686	10	27	16	19	10	5	7	-18.9872	-12.8208	-15.8072	-17.6228
687	10	81	50	99	120	76	52	-6.70351	-6.4325	-5.31455	-5.1291
688	4	7	10	4	1	7	1	-1.86105	-3.7445	-2.72626	-1.91216
689	4	7	10	4	42	51	1	-2.9609	-4.57515	-5.10407	-3.78939
690	4	7	10	4	1	7	1	-1.86105	-3.7445	-2.72626	-1.91216
691	10	81	50	99	120	76	52	-6.70351	-6.4325	-5.31455	-5.1291
692	2	4	1	2	2	1	5	-2.7995	-3.62818	-4.2335	-4.10023
693	4	7	10	4	42	51	1	-2.9609	-4.57515	-5.10407	-3.78939
694	4	7	10	4	42	51	1	-2.9609	-4.57515	-5.10407	-3.78939
695	4	7	10	4	42	51	1	-2.9609	-4.57515	-5.10407	-3.78939
696	8	10	2	2	11	12	6	-3.99077	-6.90296	-8.26835	-7.24515
697	33	38	30	82	104	43	17	-5.32757	-8.27327	-9.61069	-8.5776
698	4	7	10	4	1	7	1	-1.86105	-3.7445	-2.72626	-1.91216
699	10	81	50	99	120	76	52	-6.70351	-6.4325	-5.31455	-5.1291
700	2	4	1	2	7	1	5	-2.34049	-5.28212	-6.4536	-5.19774
701	4	7	10	4	1	7	1	-1.86105	-3.7445	-2.72626	-1.91216
702	4	7	10	4	1	7	1	-1.86105	-3.7445	-2.72626	-1.91216
703	10	81	50	99	120	76	52	-6.70351	-6.4325	-5.31455	-5.1291
704	4	7	10	4	42	51	1	-2.9609	-4.57515	-5.10407	-3.78939
705	9	2	4	62	4	5	6	-3.74784	-5.14832	-5.92006	-6.72325
706	4	7	10	4	1	7	1	-1.86105	-3.7445	-2.72626	-1.91216
707	2	1	1	3	2	1	5	-4.588	-3.79357	-6.38473	-7.16815
708	1	14	2	2	6	1	17	-8.91527	-6.46865	-7.9315	-6.29456
709	2	4	2	2	6	1	5	-6.03321	-4.84505	-5.94169	-7.73579
710	2	4	2	2	6	1	5	-6.03321	-4.84505	-5.94169	-7.73579
711	4	7	10	4	42	51	1	-2.9609	-4.57515	-5.10407	-3.78939
712	10	2	107	62	120	76	1	-6.88762	-9.82169	-8.24829	-6.28902
713	2	1	12	3	2	1	5	-2.61394	-2.12128	-3.65552	-4.78849
714	2	4	1	2	2	1	5	-2.7995	-3.62818	-4.2335	-4.10023
715	47	2	4	2	6	5	17	-11.2622	-11.0427	-6.19469	-8.46907
716	4	7	10	4	42	5	1	-10.7629	-10.8238	-11.1076	-11.5522
717	2	1	12	3	2	1	5	-2.61394	-2.12128	-3.65552	-4.78849
718	4	7	10	4	42	51	1	-2.9609	-4.57515	-5.10407	-3.78939
719	1	307	3	4	5	9	3	-6.84212	-6.43948	-6.12518	-8.18761
720	2	1	21	3	2	1	5	-2.92526	-2.49431	-4.4703	-4.49483
721	4	7	10	4	1	7	1	-1.86105	-3.7445	-2.72626	-1.91216
722	2	4	1	2	2	1	5	-2.7995	-3.62818	-4.2335	-4.10023
723	2	1	12	3	2	1	5	-2.61394	-2.12128	-3.65552	-4.78849
724	4	7	10	4	1	7	1	-1.86105	-3.7445	-2.72626	-1.91216
725	2	1	21	3	2	1	5	-2.92526	-2.49431	-4.4703	-4.49483
726	2	1	1	3	2	1	5	-4.588	-3.79357	-6.38473	-7.16815
727	4	7	10	4	1	7	1	-1.86105	-3.7445	-2.72626	-1.91216
728	2	1	12	3	2	1	5	-2.61394	-2.12128	-3.65552	-4.78849
729	1	4	3	2	6	3	17	-13.8574	-9.21919	-11.5181	-14.1762
730	2	1	12	3	2	1	5	-2.61394	-2.12128	-3.65552	-4.78849
731	2	1	12	88	2	1	5	-3.93973	-3.43586	-5.82554	-5.31114
732	1	4	2	2	6	3	17	-4.46244	-2.46491	-4.5601	-5.48411
733	4	7	10	4	42	51	1	-2.9609	-4.57515	-5.10407	-3.78939
734	2	1	12	3	2	1	5	-2.61394	-2.12128	-3.65552	-4.78849
735	4	7	10	4	1	7	1	-1.86105	-3.7445	-2.72626	-1.91216
736	2	1	12	88	2	1	5	-3.93973	-3.43586	-5.82554	-5.31114
737	2	1	21	3	2	1	5	-2.92526	-2.49431	-4.4703	-4.49483
738	2	4	5	2	2	5	5	-3.70698	-6.64045	-7.43271	-5.88815
739	2	4	5	2	2	5	5	-3.70698	-6.64045	-7.43271	-5.88815
740	2	1	21	3	62	1	5	-5.82983	-8.76255	-10.1109	-9.08487
741	4	7	10	4	42	25	1	-8.69508	-10.5541	-5.8687	-5.14814
742	1	2	4	62	4	5	17	-6.04803	-4.8603	-7.46226	-8.39766
743	1	2	3	4	5	9	3	-4.46683	-2.50551	-3.60798	-4.87808
744	8	10	2	2	11	12	6	-3.99077	-6.90296	-8.26835	-7.24515
745	2	1	12	88	2	1	5	-3.93973	-3.43586	-5.82554	-5.31114
746	2	4	5	2	2	5	5	-3.70698	-6.64045	-7.43271	-5.88815
747	2	1	12	3	2	1	5	-2.61394	-2.12128	-3.65552	-4.78849
748	7	21	5	62	4	61	44	-6.73501	-3.8492	-5.63839	-7.37293
749	9	2	4	62	4	5	6	-3.74784	-5.14832	-5.92006	-6.72325
750	10	1	16	19	10	5	7	-5.62414	-2.76551	-4.18893	-5.13157
751	10	1	16	19	10	5	7	-5.62414	-2.76551	-4.18893	-5.13157
752	8	10	2	2	11	12	6	-3.99077	-6.90296	-8.26835	-7.24515
753	1	4	2	2	6	3	17	-4.46244	-2.46491	-4.5601	-5.48411
754	2	1	12	3	2	1	5	-2.61394	-2.12128	-3.65552	-4.78849
755	2	1	12	88	2	1	5	-3.93973	-3.43586	-5.82554	-5.31114
756	2	29	4	27	10	25	57	-19.6354	-24.0784	-14.6994	-12.2187
757	2	1	5	3	2	3	5	-4.20105	-3.26279	-5.55953	-4.76355
758	2	1	12	3	2	1	5	-2.61394	-2.12128	-3.65552	-4.78849
759	37	52	57	26	107	29	23	-8.46608	-10.4423	-5.79821	-4.88646
760	2	4	1	2	7	1	5	-2.34049	-5.28212	-6.4536	-5.19774
761	1	2	3	4	5	9	3	-4.46683	-2.50551	-3.60798	-4.87808
762	2	1	12	3	2	1	5	-2.61394	-2.12128	-3.65552	-4.78849
763	1	4	2	2	6	3	17	-4.46244	-2.46491	-4.5601	-5.48411
764	1	4	2	2	6	3	17	-4.46244	-2.46491	-4.5601	-5.48411
765	1	2	3	4	5	9	3	-4.46683	-2.50551	-3.60798	-4.87808
766	4	7	10	4	1	7	1	-1.86105	-3.7445	-2.72626	-1.91216
767	2	1	21	3	2	1	5	-2.92526	-2.49431	-4.4703	-4.49483
768	2	1	12	3	2	1	5	-2.61394	-2.12128	-3.65552	-4.78849
769	2	4	1	2	2	5	5	-6.79676	-6.40489	-8.86358	-9.52187
770	2	4	1	2	2	1	5	-2.7995	-3.62818	-4.2335	-4.10023
771	2	4	5	2	2	5	5	-3.70698	-6.64045	-7.43271	-5.88815
772	10	1	16	19	10	5	7	-5.62414	-2.76551	-4.18893	-5.13157
773	7	21	5	62	4	61	44	-6.73501	-3.8492	-5.63839	-7.37293
774	9	2	4	62	4	5	6	-3.74784	-5.14832	-5.92006	-6.72325
775	2	1	12	3	2	1	5	-2.61394	-2.12128	-3.65552	-4.78849
776	1	4	2	2	6	3	17	-4.46244	-2.46491	-4.5601	-5.48411
777	4	7	10	4	1	7	1	-1.86105	-3.7445	-2.72626	-1.91216
778	2	1	12	3	2	1	5	-2.61394	-2.12128	-3.65552	-4.78849
779	2	1	5	3	2	5	5	-5.25332	-2.84714	-4.0879	-5.45211
780	2	23	21	3	2	1	5	-6.68913	-6.17565	-6.54138	-7.25025
781	2	4	5	2	2	5	5	-3.70698	-6.64045	-7.43271	-5.88815
782	2	4	2	2	6	1	5	-6.03321	-4.84505	-5.94169	-7.73579
783	2	1	12	3	2	1	5	-2.61394	-2.12128	-3.65552	-4.78849
784	4	7	10	4	42	51	1	-2.9609	-4.57515	-5.10407	-3.78939
785	7	17	5	2	86	232	1	-27.8538	-31.1685	-26.3261	-26.3551
786	2	4	1	2	2	1	5	-2.7995	-3.62818	-4.2335	-4.10023
787	2	1	12	3	2	1	5	-2.61394	-2.12128	-3.65552	-4.78849
788	2	1	21	3	2	1	5	-2.92526	-2.49431	-4.4703	-4.49483
789	7	17	2	15	23	3	12	-6.9382	-9.88414	-11.2234	-10.1911
790	2	1	5	3	2	5	5	-5.25332	-2.84714	-4.0879	-5.45211
791	1	6	60	24	12	28	1	-28.4121	-29.8743	-16.9165	-20.1938
792	1	2	3	4	5	9	3	-4.46683	-2.50551	-3.60798	-4.87808
793	2	4	5	2	2	5	5	-3.70698	-6.64045	-7.43271	-5.88815
794	1	2	3	4	5	9	3	-4.46683	-2.50551	-3.60798	-4.87808
795	1	6	60	24	12	28	1	-28.4121	-29.8743	-16.9165	-20.1938
796	9	2	4	62	4	5	6	-3.74784	-5.14832	-5.92006	-6.72325
797	2	4	1	2	2	1	5	-2.7995	-3.62818	-4.2335	-4.10023
798	4	7	10	4	1	7	1	-1.86105	-3.7445	-2.72626	-1.91216
799	2	4	5	2	2	5	5	-3.70698	-6.64045	-7.43271	-5.88815
800	7	2	2	2	11	12	6	-4.53743	-7.48351	-8.82235	-7.79161
801	2	1	21	3	2	1	941	-6.68883	-6.15673	-6.53168	-7.24727
802	9	2	2	10	10	3	5	-28.6605	-25.0245	-25.7277	-26.0279
803	8	10	149	2	11	12	6	-4.84962	-3.98274	-5.67653	-7.09254
804	7	1	5	2	10	3	6	-31.1896	-28.896	-29.5919	-29.6376
805	2	1	21	3	2	1	5	-2.92526	-2.49431	-4.4703	-4.49483
806	33	39	30	82	113	43	17	-9.17664	-6.47326	-6.14698	-8.33759
807	1	6	60	24	12	28	1	-28.4121	-29.8743	-16.9165	-20.1938
808	1	6	60	24	12	28	1	-28.4121	-29.8743	-16.9165	-20.1938
809	7	17	2	15	23	3	12	-6.9382	-9.88414	-11.2234	-10.1911
810	1	4	2	2	6	3	17	-4.46244	-2.46491	-4.5601	-5.48411
811	1	4	2	2	6	3	17	-4.46244	-2.46491	-4.5601	-5.48411
812	7	21	5	62	4	61	44	-6.73501	-3.8492	-5.63839	-7.37293
813	239	27	16	19	10	5	7	-9.38544	-6.48727	-9.12785	-10.4174
814	9	2	4	62	4	5	6	-3.74784	-5.14832	-5.92006	-6.72325
815	10	1	16	19	10	5	7	-5.62414	-2.76551	-4.18893	-5.13157
816	2	1	5	3	2	5	5	-5.25332	-2.84714	-4.0879	-5.45211
817	2	4	5	2	2	5	5	-3.70698	-6.64045	-7.43271	-5.88815
818	8	10	2	2	11	12	6	-3.99077	-6.90296	-8.26835	-7.24515
819	7	17	2	15	23	3	12	-6.9382	-9.88414	-11.2234	-10.1911
820	2	4	1	4	1	1	5	-15.0559	-17.7473	-15.5858	-15.4174
821	4	7	10	4	1	7	1	-1.86105	-3.7445	-2.72626	-1.91216
822	8	10	149	2	11	12	6	-4.84962	-3.98274	-5.67653	-7.09254
823	2	1	12	88	2	1	5	-3.93973	-3.43586	-5.82554	-5.31114
824	2	4	2	2	6	1	5	-6.03321	-4.84505	-5.94169	-7.73579
825	10	81	50	99	120	76	52	-6.70351	-6.4325	-5.31455	-5.1291
826	2	4	5	2	2	5	5	-3.70698	-6.64045	-7.43271	-5.88815
827	2	4	1	2	2	5	5	-6.79676	-6.40489	-8.86358	-9.52187
828	8	10	149	2	11	12	6	-4.84962	-3.98274	-5.67653	-7.09254
829	1	4	2	2	6	3	17	-4.46244	-2.46491	-4.5601	-5.48411
830	2	165	73	147	220	190	104	-8.81405	-11.508	-7.20389	-5.21147
831	4	7	10	4	42	25	1	-8.69508	-10.5541	-5.8687	-5.14814
832	7	2	2	2	11	12	6	-4.53743	-7.48351	-8.82235	-7.79161
833	1	6	60	24	12	28	1	-28.4121	-29.8743	-16.9165	-20.1938
834	2	1	12	3	2	1	5	-2.61394	-2.12128	-3.65552	-4.78849
835	33	39	65	79	104	77	17	-5.32748	-8.2737	-9.61321	-8.58161
836	4	7	10	4	1	7	1	-1.86105	-3.7445	-2.72626	-1.91216
837	1	2	3	4	5	9	3	-4.46683	-2.50551	-3.60798	-4.87808
838	2	1	21	3	2	1	5	-2.92526	-2.49431	-4.4703	-4.49483
839	2	1	12	3	2	1	5	-2.61394	-2.12128	-3.65552	-4.78849
840	4	7	10	4	1	7	1	-1.86105	-3.7445	-2.72626	-1.91216
841	2	4	1	2	7	1	5	-2.34049	-5.28212	-6.4536	-5.19774
842	184	39	30	82	113	43	17	-3.9879	-5.99483	-7.92204	-7.20514
843	4	7	10	4	1	7	1	-1.86105	-3.7445	-2.72626	-1.91216
844	2	4	1	2	2	1	5	-2.7995	-3.62818	-4.2335	-4.10023
845	4	7	10	4	1	7	1	-1.86105	-3.7445	-2.72626	-1.91216
846	2	1	12	88	2	1	5	-3.93973	-3.43586	-5.82554	-5.31114
847	2	1	21	3	2	1	5	-2.92526	-2.49431	-4.4703	-4.49483
848	1	2	3	4	5	9	3	-4.46683	-2.50551	-3.60798	-4.87808
849	4	7	10	4	1	7	1	-1.86105	-3.7445	-2.72626	-1.91216
850	2	1	21	3	2	1	5	-2.92526	-2.49431	-4.4703	-4.49483
851	8	10	2	2	11	12	6	-3.99077	-6.90296	-8.26835	-7.24515
852	2	4	1	2	2	1	5	-2.7995	-3.62818	-4.2335	-4.10023
853	2	4	1	2	2	1	5	-2.7995	-3.62818	-4.2335	-4.10023
854	2	4	2	2	6	1	5	-6.03321	-4.84505	-5.94169	-7.73579
855	2	4	1	2	2	1	5	-2.7995	-3.62818	-4.2335	-4.10023
856	2	4	1	2	2	1	5	-2.7995	-3.62818	-4.2335	-4.10023
857	2	4	1	2	2	1	5	-2.7995	-3.62818	-4.2335	-4.10023
858	1	2	3	4	5	9	3	-4.46683	-2.50551	-3.60798	-4.87808
859	2	4	1	2	2	1	5	-2.7995	-3.62818	-4.2335	-4.10023
860	2	4	1	2	2	1	5	-2.7995	-3.62818	-4.2335	-4.10023
861	8	10	2	2	11	12	6	-3.99077	-6.90296	-8.26835	-7.24515
862	2	1	5	3	2	3	5	-4.20105	-3.26279	-5.55953	-4.76355
863	33	39	30	82	104	173	68	-5.32031	-3.99246	-6.60403	-7.58312
864	2	4	1	2	7	1	5	-2.34049	-5.28212	-6.4536	-5.19774
865	8	10	2	2	11	12	6	-3.99077	-6.90296	-8.26835	-7.24515
866	2	4	1	2	7	1	5	-2.34049	-5.28212	-6.4536	-5.19774
867	1	2	3	4	5	9	3	-4.46683	-2.50551	-3.60798	-4.87808
868	1	2	215	4	90	24	8	-28.9121	-28.6667	-19.7573	-21.5113
869	2	1	1	3	2	1	5	-4.588	-3.79357	-6.38473	-7.16815
870	10	81	50	99	120	76	52	-6.70351	-6.4325	-5.31455	-5.1291
871	2	4	1	2	7	1	5	-2.34049	-5.28212	-6.4536	-5.19774
872	2	1	12	3	2	1	5	-2.61394	-2.12128	-3.65552	-4.78849
873	2	4	1	2	2	1	5	-2.7995	-3.62818	-4.2335	-4.10023
874	2	4	1	2	2	1	5	-2.7995	-3.62818	-4.2335	-4.10023
875	2	4	1	2	2	1	5	-2.7995	-3.62818	-4.2335	-4.10023
876	2	1	5	3	2	3	5	-4.20105	-3.26279	-5.55953	-4.76355
877	2	4	1	2	2	1	5	-2.7995	-3.62818	-4.2335	-4.10023
878	4	7	10	4	1	7	1	-1.86105	-3.7445	-2.72626	-1.91216
879	2	4	1	2	7	1	5	-2.34049	-5.28212	-6.4536	-5.19774
880	2	4	5	2	2	5	5	-3.70698	-6.64045	-7.43271	-5.88815
881	2	4	1	2	2	1	5	-2.7995	-3.62818	-4.2335	-4.10023
882	8	10	2	2	11	12	6	-3.99077	-6.90296	-8.26835	-7.24515
883	4	7	10	4	1	7	1	-1.86105	-3.7445	-2.72626	-1.91216
884	2	4	1	2	2	1	5	-2.7995	-3.62818	-4.2335	-4.10023
885	166	2	1	10	17	3	1	-33.2047	-34.7811	-29.9214	-30.4986
886	2	4	1	2	7	1	5	-2.34049	-5.28212	-6.4536	-5.19774
887	2	4	1	2	2	1	5	-2.7995	-3.62818	-4.2335	-4.10023
888	4	7	10	4	1	7	1	-1.86105	-3.7445	-2.72626	-1.91216
889	4	7	10	4	1	7	1	-1.86105	-3.7445	-2.72626	-1.91216
890	2	4	1	2	7	1	5	-2.34049	-5.28212	-6.4536	-5.19774
891	2	4	1	2	2	1	5	-2.7995	-3.62818	-4.2335	-4.10023
892	2	1	5	3	2	3	5	-4.20105	-3.26279	-5.55953	-4.76355
893	9	25	2	10	22	3	6	-4.50749	-7.44312	-6.2774	-4.3341
894	2	1	21	3	62	1	5	-5.82983	-8.76255	-10.1109	-9.08487
895	129	66	30	82	189	47	17	-3.27941	-4.82146	-5.8356	-4.13142
896	129	66	30	82	189	47	17	-3.27941	-4.82146	-5.8356	-4.13142
897	4	7	10	4	1	7	1	-1.86105	-3.7445	-2.72626	-1.91216
898	2	4	1	2	2	1	5	-2.7995	-3.62818	-4.2335	-4.10023
899	4	7	10	4	42	7	1	-6.60336	-9.3007	-5.67859	-4.63557
900	2	4	1	2	7	1	5	-2.34049	-5.28212	-6.4536	-5.19774
901	1	307	3	4	5	9	3	-6.84212	-6.43948	-6.12518	-8.18761
902	2	1	21	3	2	1	5	-2.92526	-2.49431	-4.4703	-4.49483
903	4	7	10	4	1	7	1	-1.86105	-3.7445	-2.72626	-1.91216
904	2	1	21	3	2	1	5	-2.92526	-2.49431	-4.4703	-4.49483
905	2	4	1	2	2	5	5	-6.79676	-6.40489	-8.86358	-9.52187
906	2	4	1	2	7	1	5	-2.34049	-5.28212	-6.4536	-5.19774
907	2	4	1	2	7	1	5	-2.34049	-5.28212	-6.4536	-5.19774
908	2	4	1	2	7	1	5	-2.34049	-5.28212	-6.4536	-5.19774
909	4	7	10	4	1	7	1	-1.86105	-3.7445	-2.72626	-1.91216
910	8	10	2	2	11	12	6	-3.99077	-6.90296	-8.26835	-7.24515
911	7	21	5	62	4	61	44	-6.73501	-3.8492	-5.63839	-7.37293
912	2	1	12	88	2	1	5	-3.93973	-3.43586	-5.82554	-5.31114
913	2	4	1	2	2	1	5	-2.7995	-3.62818	-4.2335	-4.10023
914	1	2	3	4	5	9	3	-4.46683	-2.50551	-3.60798	-4.87808
915	2	4	1	2	7	1	5	-2.34049	-5.28212	-6.4536	-5.19774
916	2	4	1	2	2	1	5	-2.7995	-3.62818	-4.2335	-4.10023
917	2	4	1	2	2	1	5	-2.7995	-3.62818	-4.2335	-4.10023
918	2	4	1	2	7	1	5	-2.34049	-5.28212	-6.4536	-5.19774
919	4	7	10	4	1	7	1	-1.86105	-3.7445	-2.72626	-1.91216
920	2	1	5	3	2	3	5	-4.20105	-3.26279	-5.55953	-4.76355
921	2	4	1	2	7	1	5	-2.34049	-5.28212	-6.4536	-5.19774
922	2	4	1	2	2	1	5	-2.7995	-3.62818	-4.2335	-4.10023
923	8	10	2	2	11	12	6	-3.99077	-6.90296	-8.26835	-7.24515
924	2	1	12	3	2	1	5	-2.61394	-2.12128	-3.65552	-4.78849
925	48	7	10	4	183	7	1	-9.29611	-11.0029	-6.8124	-7.35914
926	7	21	5	62	4	61	44	-6.73501	-3.8492	-5.63839	-7.37293
927	4	7	10	4	1	7	1	-1.86105	-3.7445	-2.72626	-1.91216
928	9	25	2	10	22	3	6	-4.50749	-7.44312	-6.2774	-4.3341
929	2	4	1	2	2	1	5	-2.7995	-3.62818	-4.2335	-4.10023
930	2	4	1	2	7	1	5	-2.34049	-5.28212	-6.4536	-5.19774
931	2	4	1	2	2	1	5	-2.7995	-3.62818	-4.2335	-4.10023
932	2	4	1	2	2	1	5	-2.7995	-3.62818	-4.2335	-4.10023
933	9	25	2	10	22	3	6	-4.50749	-7.44312	-6.2774	-4.3341
934	2	4	1	2	2	1	5	-2.7995	-3.62818	-4.2335	-4.10023
935	2	4	1	2	2	1	5	-2.7995	-3.62818	-4.2335	-4.10023
936	2	4	1	2	7	1	5	-2.34049	-5.28212	-6.4536	-5.19774
937	2	4	1	2	7	1	5	-2.34049	-5.28212	-6.4536	-5.19774
938	2	4	1	2	2	1	5	-2.7995	-3.62818	-4.2335	-4.10023
939	2	4	1	2	2	1	5	-2.7995	-3.62818	-4.2335	-4.10023
940	4	7	10	4	1	7	1	-1.86105	-3.7445	-2.72626	-1.91216
941	2	4	1	2	2	1	5	-2.7995	-3.62818	-4.2335	-4.10023
942	4	7	10	4	1	7	1	-1.86105	-3.7445	-2.72626	-1.91216
943	2	4	1	2	7	1	5	-2.34049	-5.28212	-6.4536	-5.19774
944	2	4	1	2	2	1	5	-2.7995	-3.62818	-4.2335	-4.10023
945	4	7	10	4	1	7	1	-1.86105	-3.7445	-2.72626	-1.91216
946	9	25	2	10	22	3	6	-4.50749	-7.44312	-6.2774	-4.3341
947	10	81	50	99	120	76	52	-6.70351	-6.4325	-5.31455	-5.1291
948	2	1	21	3	2	1	5	-2.92526	-2.49431	-4.4703	-4.49483
949	4	7	10	4	1	7	1	-1.86105	-3.7445	-2.72626	-1.91216
950	2	4	1	2	7	1	5	-2.34049	-5.28212	-6.4536	-5.19774
951	4	7	10	4	1	7	1	-1.86105	-3.7445	-2.72626	-1.91216
952	4	7	10	4	1	7	1	-1.86105	-3.7445	-2.72626	-1.91216
953	8	315	2	2	11	12	6	-7.75332	-10.5787	-10.3364	-9.99892
954	8	10	2	2	11	12	6	-3.99077	-6.90296	-8.26835	-7.24515
955	2	4	1	2	2	1	5	-2.7995	-3.62818	-4.2335	-4.10023
956	4	7	10	4	1	7	1	-1.86105	-3.7445	-2.72626	-1.91216
957	2	4	1	2	2	1	5	-2.7995	-3.62818	-4.2335	-4.10023
958	2	4	1	2	2	1	5	-2.7995	-3.62818	-4.2335	-4.10023
959	2	4	1	2	2	1	5	-2.7995	-3.62818	-4.2335	-4.10023
960	2	4	1	2	7	1	5	-2.34049	-5.28212	-6.4536	-5.19774
961	2	4	1	2	2	1	5	-2.7995	-3.62818	-4.2335	-4.10023
962	2	4	1	2	2	1	5	-2.7995	-3.62818	-4.2335	-4.10023
963	2	1	21	3	2	1	5	-2.92526	-2.49431	-4.4703	-4.49483
964	2	4	1	2	2	1	5	-2.7995	-3.62818	-4.2335	-4.10023
965	1	4	2	2	2	3	17	-10.7054	-7.67396	-10.4405	-12.3
966	2	4	1	2	2	1	5	-2.7995	-3.62818	-4.2335	-4.10023
967	2	4	1	2	2	1	5	-2.7995	-3.62818	-4.2335	-4.10023
968	7	21	5	62	4	61	44	-6.73501	-3.8492	-5.63839	-7.37293
969	2	4	1	2	2	1	5	-2.7995	-3.62818	-4.2335	-4.10023
970	4	7	10	4	1	7	1	-1.86105	-3.7445	-2.72626	-1.91216
971	2	4	1	2	2	1	5	-2.7995	-3.62818	-4.2335	-4.10023
972	10	1	16	19	10	5	7	-5.62414	-2.76551	-4.18893	-5.13157
973	8	10	2	2	11	12	6	-3.99077	-6.90296	-8.26835	-7.24515
974	4	7	10	4	1	7	1	-1.86105	-3.7445	-2.72626	-1.91216
975	2	4	2	2	6	1	5	-6.03321	-4.84505	-5.94169	-7.73579
976	2	4	1	2	2	1	5	-2.7995	-3.62818	-4.2335	-4.10023
977	2	4	1	2	2	1	5	-2.7995	-3.62818	-4.2335	-4.10023
978	2	1	12	3	2	1	5	-2.61394	-2.12128	-3.65552	-4.78849
979	2	1	21	3	2	1	5	-2.92526	-2.49431	-4.4703	-4.49483
980	1	4	2	2	6	3	17	-4.46244	-2.46491	-4.5601	-5.48411
981	9	2	4	62	4	5	6	-3.74784	-5.14832	-5.92006	-6.72325
982	9	2	4	62	4	5	6	-3.74784	-5.14832	-5.92006	-6.72325
983	2	4	1	2	2	1	5	-2.7995	-3.62818	-4.2335	-4.10023
984	9	25	2	10	22	3	6	-4.50749	-7.44312	-6.2774	-4.3341
985	2	1	12	3	2	1	5	-2.61394	-2.12128	-3.65552	-4.78849
986	2	4	1	2	2	1	5	-2.7995	-3.62818	-4.2335	-4.10023
987	2	4	1	2	2	1	5	-2.7995	-3.62818	-4.2335	-4.10023
988	2	4	1	2	2	1	5	-2.7995	-3.62818	-4.2335	-4.10023
989	1	4	2	2	6	3	17	-4.46244	-2.46491	-4.5601	-5.48411
990	1	4	2	2	6	3	17	-4.46244	-2.46491	-4.5601	-5.48411
991	9	25	2	10	22	3	6	-4.50749	-7.44312	-6.2774	-4.3341
992	1	4	2	2	6	3	17	-4.46244	-2.46491	-4.5601	-5.48411
993	2	4	1	2	2	1	5	-2.7995	-3.62818	-4.2335	-4.10023
994	2	4	1	2	2	1	5	-2.7995	-3.62818	-4.2335	-4.10023
995	8	10	2	2	11	12	6	-3.99077	-6.90296	-8.26835	-7.24515
996	2	4	1	2	2	1	5	-2.7995	-3.62818	-4.2335	-4.10023
997	2	1	5	3	2	5	5	-5.25332	-2.84714	-4.0879	-5.45211
998	8	10	2	2	11	12	6	-3.99077	-6.90296	-8.26835	-7.24515
999	2	4	1	2	2	1	5	-2.7995	-3.62818	-4.2335	-4.10023
1000	2	4	1	2	2	1	5	-2.7995	-3.62818	-4.2335	-4.10023
1001	2	1	21	3	2	1	5	-2.92526	-2.49431	-4.4703	-4.49483
1002	1	2	4	62	4	5	17	-6.04803	-4.8603	-7.46226	-8.39766
1003	2	1	12	3	2	1	5	-2.61394	-2.12128	-3.65552	-4.78849
1004	2	4	1	2	7	1	5	-2.34049	-5.28212	-6.4536	-5.19774
1005	1	307	3	4	5	9	3	-6.84212	-6.43948	-6.12518	-8.18761
1006	2	4	2	4	19	3	6	-5.8334	-8.77621	-10.114	-9.08327
1007	2	4	1	2	2	1	5	-2.7995	-3.62818	-4.2335	-4.10023
1008	1	4	2	2	6	3	17	-4.46244	-2.46491	-4.5601	-5.48411
1009	9	25	2	10	22	3	6	-4.50749	-7.44312	-6.2774	-4.3341
1010	4	7	10	4	1	7	1	-1.86105	-3.7445	-2.72626	-1.91216
1011	2	4	1	2	2	1	5	-2.7995	-3.62818	-4.2335	-4.10023
1012	10	1	16	19	10	5	7	-5.62414	-2.76551	-4.18893	-5.13157
1013	2	1	21	3	2	1	5	-2.92526	-2.49431	-4.4703	-4.49483
1014	4	7	10	4	1	7	1	-1.86105	-3.7445	-2.72626	-1.91216
1015	2	4	1	2	2	1	5	-2.7995	-3.62818	-4.2335	-4.10023
1016	1	2	3	4	5	9	3	-4.46683	-2.50551	-3.60798	-4.87808
1017	9	316	4	62	4	5	6	-6.85437	-6.45583	-9.01099	-9.6024
1018	9	25	2	10	22	3	6	-4.50749	-7.44312	-6.2774	-4.3341
1019	1	307	3	4	5	9	3	-6.84212	-6.43948	-6.12518	-8.18761
1020	2	4	1	2	2	1	5	-2.7995	-3.62818	-4.2335	-4.10023
1021	9	25	2	10	22	3	6	-4.50749	-7.44312	-6.2774	-4.3341
1022	2	4	1	2	2	1	5	-2.7995	-3.62818	-4.2335	-4.10023
1023	2	1	12	3	2	1	5	-2.61394	-2.12128	-3.65552	-4.78849
1024	2	1	5	3	2	5	5	-5.25332	-2.84714	-4.0879	-5.45211
1025	2	4	1	2	2	1	5	-2.7995	-3.62818	-4.2335	-4.10023
1026	2	1	12	3	2	1	5	-2.61394	-2.12128	-3.65552	-4.78849
1027	2	1	12	3	2	1	5	-2.61394	-2.12128	-3.65552	-4.78849
1028	10	1	16	19	10	5	7	-5.62414	-2.76551	-4.18893	-5.13157
1029	4	7	10	4	1	7	1	-1.86105	-3.7445	-2.72626	-1.91216
1030	2	4	1	2	2	1	5	-2.7995	-3.62818	-4.2335	-4.10023
1031	2	1	12	88	2	1	5	-3.93973	-3.43586	-5.82554	-5.31114
1032	2	1	21	3	2	1	5	-2.92526	-2.49431	-4.4703	-4.49483
1033	1	2	3	4	5	9	3	-4.46683	-2.50551	-3.60798	-4.87808
1034	8	10	2	2	11	12	6	-3.99077	-6.90296	-8.26835	-7.24515
1035	2	1	12	88	2	1	5	-3.93973	-3.43586	-5.82554	-5.31114
1036	33	39	30	82	104	173	68	-5.32031	-3.99246	-6.60403	-7.58312
1037	1	2	3	4	5	9	3	-4.46683	-2.50551	-3.60798	-4.87808
1038	9	25	2	10	22	3	6	-4.50749	-7.44312	-6.2774	-4.3341
1039	2	4	1	2	2	1	5	-2.7995	-3.62818	-4.2335	-4.10023
1040	8	10	2	2	11	12	6	-3.99077	-6.90296	-8.26835	-7.24515
1041	1	2	4	62	4	5	17	-6.04803	-4.8603	-7.46226	-8.39766
1042	10	1	16	19	10	5	7	-5.62414	-2.76551	-4.18893	-5.13157
1043	33	39	30	82	104	173	68	-5.32031	-3.99246	-6.60403	-7.58312
1044	2	4	1	2	2	1	5	-2.7995	-3.62818	-4.2335	-4.10023
1045	8	10	2	2	11	12	6	-3.99077	-6.90296	-8.26835	-7.24515
1046	2	1	5	3	2	5	5	-5.25332	-2.84714	-4.0879	-5.45211
1047	47	2	4	2	6	5	17	-11.2622	-11.0427	-6.19469	-8.46907
1048	1	2	3	4	5	9	3	-4.46683	-2.50551	-3.60798	-4.87808
1049	4	7	10	4	1	7	1	-1.86105	-3.7445	-2.72626	-1.91216
1050	2	1	5	3	2	3	5	-4.20105	-3.26279	-5.55953	-4.76355
1051	2	4	2	2	6	1	5	-6.03321	-4.84505	-5.94169	-7.73579
1052	2	4	1	2	2	1	5	-2.7995	-3.62818	-4.2335	-4.10023
1053	8	10	149	2	11	12	6	-4.84962	-3.98274	-5.67653	-7.09254
1054	9	25	2	10	22	3	6	-4.50749	-7.44312	-6.2774	-4.3341
1055	2	4	1	2	2	1	5	-2.7995	-3.62818	-4.2335	-4.10023
1056	1	2	3	4	5	9	3	-4.46683	-2.50551	-3.60798	-4.87808
1057	2	1	12	3	2	1	5	-2.61394	-2.12128	-3.65552	-4.78849
1058	4	7	10	4	42	51	1	-2.9609	-4.57515	-5.10407	-3.78939
1059	2	4	1	2	2	1	5	-2.7995	-3.62818	-4.2335	-4.10023
1060	2	1	1	3	2	1	5	-4.588	-3.79357	-6.38473	-7.16815
1061	2	4	1	2	7	1	5	-2.34049	-5.28212	-6.4536	-5.19774
1062	8	10	2	2	11	12	6	-3.99077	-6.90296	-8.26835	-7.24515
1063	2	4	1	2	2	1	5	-2.7995	-3.62818	-4.2335	-4.10023
1064	9	2	4	62	4	5	6	-3.74784	-5.14832	-5.92006	-6.72325
1065	2	4	1	2	2	1	5	-2.7995	-3.62818	-4.2335	-4.10023
1066	4	7	10	4	1	7	1	-1.86105	-3.7445	-2.72626	-1.91216
1067	8	10	2	2	11	12	6	-3.99077	-6.90296	-8.26835	-7.24515
1068	2	4	2	2	6	1	5	-6.03321	-4.84505	-5.94169	-7.73579
1069	2	4	2	2	6	1	5	-6.03321	-4.84505	-5.94169	-7.73579
1070	2	4	2	2	6	1	5	-6.03321	-4.84505	-5.94169	-7.73579
1071	2	4	2	2	6	1	5	-6.03321	-4.84505	-5.94169	-7.73579
1072	2	4	1	2	2	1	5	-2.7995	-3.62818	-4.2335	-4.10023
1073	2	4	1	2	2	1	5	-2.7995	-3.62818	-4.2335	-4.10023
1074	2	1	12	3	2	1	5	-2.61394	-2.12128	-3.65552	-4.78849
1075	2	4	1	2	7	1	5	-2.34049	-5.28212	-6.4536	-5.19774
1076	4	7	10	4	42	51	1	-2.9609	-4.57515	-5.10407	-3.78939
1077	2	4	1	2	2	1	5	-2.7995	-3.62818	-4.2335	-4.10023
1078	8	10	2	2	11	12	6	-3.99077	-6.90296	-8.26835	-7.24515
1079	1	2	3	4	5	9	3	-4.46683	-2.50551	-3.60798	-4.87808
1080	1	2	3	4	5	9	3	-4.46683	-2.50551	-3.60798	-4.87808
1081	10	1	16	19	10	5	7	-5.62414	-2.76551	-4.18893	-5.13157
1082	8	10	2	2	11	12	6	-3.99077	-6.90296	-8.26835	-7.24515
1083	4	7	10	4	1	7	1	-1.86105	-3.7445	-2.72626	-1.91216
1084	2	4	1	2	2	1	5	-2.7995	-3.62818	-4.2335	-4.10023
1085	2	4	1	2	7	1	5	-2.34049	-5.28212	-6.4536	-5.19774
1086	2	1	21	3	2	1	5	-2.92526	-2.49431	-4.4703	-4.49483
1087	2	1	12	3	2	1	5	-2.61394	-2.12128	-3.65552	-4.78849
1088	2	4	2	4	19	3	6	-5.8334	-8.77621	-10.114	-9.08327
1089	8	10	149	2	11	12	6	-4.84962	-3.98274	-5.67653	-7.09254
1090	8	10	2	2	11	12	6	-3.99077	-6.90296	-8.26835	-7.24515
1091	2	1	12	3	2	1	5	-2.61394	-2.12128	-3.65552	-4.78849
1092	2	1	12	3	2	1	5	-2.61394	-2.12128	-3.65552	-4.78849
1093	2	1	5	3	2	3	5	-4.20105	-3.26279	-5.55953	-4.76355
1094	184	39	30	82	113	43	17	-3.9879	-5.99483	-7.92204	-7.20514
1095	2	1	12	3	2	1	5	-2.61394	-2.12128	-3.65552	-4.78849
1096	2	4	1	2	2	1	5	-2.7995	-3.62818	-4.2335	-4.10023
1097	4	7	10	4	1	7	1	-1.86105	-3.7445	-2.72626	-1.91216
1098	8	10	2	2	11	12	6	-3.99077	-6.90296	-8.26835	-7.24515
1099	4	7	10	4	1	7	1	-1.86105	-3.7445	-2.72626	-1.91216
1100	4	7	10	4	42	51	1	-2.9609	-4.57515	-5.10407	-3.78939
1101	9	25	2	10	22	3	6	-4.50749	-7.44312	-6.2774	-4.3341
1102	9	2	4	62	4	5	6	-3.74784	-5.14832	-5.92006	-6.72325
1103	4	7	10	4	1	7	1	-1.86105	-3.7445	-2.72626	-1.91216
1104	2	4	1	2	7	1	5	-2.34049	-5.28212	-6.4536	-5.19774
1105	4	7	10	4	1	7	1	-1.86105	-3.7445	-2.72626	-1.91216
1106	8	10	2	2	11	12	6	-3.99077	-6.90296	-8.26835	-7.24515
1107	2	4	1	2	2	1	5	-2.7995	-3.62818	-4.2335	-4.10023
1108	4	7	10	4	42	51	1	-2.9609	-4.57515	-5.10407	-3.78939
1109	1	2	3	4	5	9	3	-4.46683	-2.50551	-3.60798	-4.87808
1110	2	1	12	3	2	1	5	-2.61394	-2.12128	-3.65552	-4.78849
1111	2	4	1	2	2	1	5	-2.7995	-3.62818	-4.2335	-4.10023
1112	10	81	50	99	120	76	52	-6.70351	-6.4325	-5.31455	-5.1291
1113	2	4	1	2	2	1	5	-2.7995	-3.62818	-4.2335	-4.10023
1114	4	7	10	4	42	51	1	-2.9609	-4.57515	-5.10407	-3.78939
1115	4	7	10	4	42	51	1	-2.9609	-4.57515	-5.10407	-3.78939
1116	4	7	10	4	1	7	1	-1.86105	-3.7445	-2.72626	-1.91216
1117	3	1	5	10	11	11	6	-9.38315	-6.48428	-9.12318	-10.4148
1118	10	81	50	99	120	76	52	-6.70351	-6.4325	-5.31455	-5.1291
1119	2	4	1	2	2	1	5	-2.7995	-3.62818	-4.2335	-4.10023
1120	4	7	10	4	1	7	1	-1.86105	-3.7445	-2.72626	-1.91216
1121	4	7	10	4	1	7	1	-1.86105	-3.7445	-2.72626	-1.91216
1122	4	7	10	4	42	51	1	-2.9609	-4.57515	-5.10407	-3.78939
1123	2	1	12	3	2	1	5	-2.61394	-2.12128	-3.65552	-4.78849
1124	2	4	1	2	2	1	5	-2.7995	-3.62818	-4.2335	-4.10023
1125	2	1	1	3	2	1	5	-4.588	-3.79357	-6.38473	-7.16815
1126	2	4	1	2	2	1	5	-2.7995	-3.62818	-4.2335	-4.10023
1127	2	4	1	2	2	1	5	-2.7995	-3.62818	-4.2335	-4.10023
1128	2	4	1	2	2	1	5	-2.7995	-3.62818	-4.2335	-4.10023
1129	2	4	1	2	2	1	5	-2.7995	-3.62818	-4.2335	-4.10023
1130	1	2	3	4	5	9	3	-4.46683	-2.50551	-3.60798	-4.87808
1131	8	10	2	2	11	12	6	-3.99077	-6.90296	-8.26835	-7.24515
1132	2	1	21	3	2	1	5	-2.92526	-2.49431	-4.4703	-4.49483
1133	2	4	1	2	2	1	5	-2.7995	-3.62818	-4.2335	-4.10023
1134	2	1	21	3	2	1	5	-2.92526	-2.49431	-4.4703	-4.49483
1135	2	1	21	3	2	1	5	-2.92526	-2.49431	-4.4703	-4.49483
1136	2	4	1	2	2	1	5	-2.7995	-3.62818	-4.2335	-4.10023
1137	1	2	3	4	5	9	3	-4.46683	-2.50551	-3.60798	-4.87808
1138	10	1	16	19	10	5	7	-5.62414	-2.76551	-4.18893	-5.13157
1139	2	1	12	3	2	1	5	-2.61394	-2.12128	-3.65552	-4.78849
1140	7	21	5	62	4	61	44	-6.73501	-3.8492	-5.63839	-7.37293
1141	2	4	1	2	2	1	5	-2.7995	-3.62818	-4.2335	-4.10023
1142	2	1	12	3	2	1	5	-2.61394	-2.12128	-3.65552	-4.78849
1143	2	4	1	2	7	1	5	-2.34049	-5.28212	-6.4536	-5.19774
1144	2	1	5	3	2	3	5	-4.20105	-3.26279	-5.55953	-4.76355
1145	2	1	21	3	2	1	5	-2.92526	-2.49431	-4.4703	-4.49483
1146	2	1	21	3	2	1	5	-2.92526	-2.49431	-4.4703	-4.49483
1147	2	1	21	3	2	1	5	-2.92526	-2.49431	-4.4703	-4.49483
1148	2	1	21	3	2	1	5	-2.92526	-2.49431	-4.4703	-4.49483
1149	2	1	12	3	2	1	5	-2.61394	-2.12128	-3.65552	-4.78849
1150	8	10	2	2	11	12	6	-3.99077	-6.90296	-8.26835	-7.24515
1151	129	66	30	82	189	47	17	-3.27941	-4.82146	-5.8356	-4.13142
1152	1	307	3	4	5	9	3	-6.84212	-6.43948	-6.12518	-8.18761
1153	8	10	2	2	11	12	6	-3.99077	-6.90296	-8.26835	-7.24515
1154	2	4	2	2	6	1	5	-6.03321	-4.84505	-5.94169	-7.73579
1155	1	4	2	2	6	3	17	-4.46244	-2.46491	-4.5601	-5.48411
1156	2	4	1	2	2	1	5	-2.7995	-3.62818	-4.2335	-4.10023
1157	8	10	2	2	11	12	6	-3.99077	-6.90296	-8.26835	-7.24515
1158	2	4	2	2	6	1	5	-6.03321	-4.84505	-5.94169	-7.73579
1159	2	1	21	3	2	1	5	-2.92526	-2.49431	-4.4703	-4.49483
1160	2	4	5	2	2	5	5	-3.70698	-6.64045	-7.43271	-5.88815
1161	7	21	5	62	4	61	44	-6.73501	-3.8492	-5.63839	-7.37293
1162	2	1	12	3	2	1	5	-2.61394	-2.12128	-3.65552	-4.78849
1163	10	27	16	19	10	5	7	-18.9872	-12.8208	-15.8072	-17.6228
1164	33	283	44	82	189	44	17	-6.35194	-3.48984	-5.41458	-5.94444
1165	9	25	2	10	22	3	6	-4.50749	-7.44312	-6.2774	-4.3341
1166	7	21	5	62	4	61	44	-6.73501	-3.8492	-5.63839	-7.37293
1167	2	1	5	3	2	3	5	-4.20105	-3.26279	-5.55953	-4.76355
1168	2	1	5	3	2	3	5	-4.20105	-3.26279	-5.55953	-4.76355
1169	9	25	2	10	22	3	6	-4.50749	-7.44312	-6.2774	-4.3341
1170	2	1	5	3	2	3	5	-4.20105	-3.26279	-5.55953	-4.76355
1171	2	4	1	2	2	1	5	-2.7995	-3.62818	-4.2335	-4.10023
1172	129	66	30	82	189	47	17	-3.27941	-4.82146	-5.8356	-4.13142
1173	2	4	1	2	2	1	5	-2.7995	-3.62818	-4.2335	-4.10023
1174	2	1	5	3	2	3	5	-4.20105	-3.26279	-5.55953	-4.76355
1175	2	1	12	3	2	1	5	-2.61394	-2.12128	-3.65552	-4.78849
1176	2	4	1	2	2	1	5	-2.7995	-3.62818	-4.2335	-4.10023
1177	1	4	2	2	6	3	17	-4.46244	-2.46491	-4.5601	-5.48411
1178	2	1	12	3	2	1	5	-2.61394	-2.12128	-3.65552	-4.78849
1179	1	4	2	2	446	3	17	-8.2105	-6.10664	-6.60807	-8.2238
1180	2	1	5	88	2	11	5	-8.22836	-5.36642	-6.03603	-8.10765
1181	2	4	2	2	6	1	5	-6.03321	-4.84505	-5.94169	-7.73579
1182	9	25	2	10	22	3	6	-4.50749	-7.44312	-6.2774	-4.3341
1183	2	1	5	3	2	3	5	-4.20105	-3.26279	-5.55953	-4.76355
1184	7	21	5	62	4	61	44	-6.73501	-3.8492	-5.63839	-7.37293
1185	1	2	3	4	5	9	3	-4.46683	-2.50551	-3.60798	-4.87808
1186	2	4	1	2	2	1	5	-2.7995	-3.62818	-4.2335	-4.10023
1187	7	21	5	62	4	61	44	-6.73501	-3.8492	-5.63839	-7.37293
1188	33	39	30	82	104	173	68	-5.32031	-3.99246	-6.60403	-7.58312
1189	1	4	2	2	6	3	17	-4.46244	-2.46491	-4.5601	-5.48411
1190	2	1	21	3	2	1	5	-2.92526	-2.49431	-4.4703	-4.49483
1191	4	7	10	4	1	7	1	-1.86105	-3.7445	-2.72626	-1.91216
1192	2	1	5	3	2	5	5	-5.25332	-2.84714	-4.0879	-5.45211
1193	1	4	2	2	6	3	17	-4.46244	-2.46491	-4.5601	-5.48411
1194	2	4	1	2	2	1	5	-2.7995	-3.62818	-4.2335	-4.10023
1195	2	4	1	2	2	1	5	-2.7995	-3.62818	-4.2335	-4.10023
1196	2	1	12	3	2	1	5	-2.61394	-2.12128	-3.65552	-4.78849
1197	2	1	6	3	2	3	5	-7.01649	-6.89513	-7.43102	-7.08952
1198	4	7	10	4	1	7	1	-1.86105	-3.7445	-2.72626	-1.91216
1199	2	4	1	2	7	1	5	-2.34049	-5.28212	-6.4536	-5.19774
1200	2	1	1	3	2	1	5	-4.588	-3.79357	-6.38473	-7.16815
1201	2	4	1	2	2	1	5	-2.7995	-3.62818	-4.2335	-4.10023
1202	7	2	5	2	10	3	6	-30.1612	-27.011	-28.6236	-29.4188
1203	2	1	21	3	2	1	5	-2.92526	-2.49431	-4.4703	-4.49483
1204	2	4	1	2	7	1	5	-2.34049	-5.28212	-6.4536	-5.19774
1205	4	7	10	4	1	7	1	-1.86105	-3.7445	-2.72626	-1.91216
1206	2	4	1	2	7	1	5	-2.34049	-5.28212	-6.4536	-5.19774
1207	2	4	1	2	2	1	5	-2.7995	-3.62818	-4.2335	-4.10023
1208	1	4	2	2	6	3	17	-4.46244	-2.46491	-4.5601	-5.48411
1209	2	4	1	2	2	1	5	-2.7995	-3.62818	-4.2335	-4.10023
1210	2	4	1	2	2	1	5	-2.7995	-3.62818	-4.2335	-4.10023
1211	74	10	2	2	11	12	6	-7.75334	-10.5787	-10.3365	-9.99932
1212	1	2	3	4	5	9	3	-4.46683	-2.50551	-3.60798	-4.87808
1213	2	1	5	3	2	3	5	-4.20105	-3.26279	-5.55953	-4.76355
1214	4	7	10	4	1	7	1	-1.86105	-3.7445	-2.72626	-1.91216
1215	2	4	2	2	6	1	5	-6.03321	-4.84505	-5.94169	-7.73579
1216	2	1	12	3	2	1	5	-2.61394	-2.12128	-3.65552	-4.78849
1217	2	1	21	3	2	1	5	-2.92526	-2.49431	-4.4703	-4.49483
1218	2	4	1	2	2	1	5	-2.7995	-3.62818	-4.2335	-4.10023
1219	2	1	21	3	2	1	5	-2.92526	-2.49431	-4.4703	-4.49483
1220	4	7	10	4	1	7	1	-1.86105	-3.7445	-2.72626	-1.91216
1221	2	1	21	3	2	1	5	-2.92526	-2.49431	-4.4703	-4.49483
1222	2	4	1	2	2	1	5	-2.7995	-3.62818	-4.2335	-4.10023
1223	4	7	10	4	1	7	1	-1.86105	-3.7445	-2.72626	-1.91216
1224	2	4	1	2	2	1	5	-2.7995	-3.62818	-4.2335	-4.10023
1225	4	7	10	4	1	7	1	-1.86105	-3.7445	-2.72626	-1.91216
1226	4	7	10	4	42	51	1	-2.9609	-4.57515	-5.10407	-3.78939
1227	4	7	10	4	42	7	1	-6.60336	-9.3007	-5.67859	-4.63557
1228	2	4	1	2	2	1	5	-2.7995	-3.62818	-4.2335	-4.10023
1229	2	1	5	3	2	3	5	-4.20105	-3.26279	-5.55953	-4.76355
1230	10	81	50	99	120	76	52	-6.70351	-6.4325	-5.31455	-5.1291
1231	2	4	1	2	7	1	5	-2.34049	-5.28212	-6.4536	-5.19774
1232	2	4	1	2	7	1	5	-2.34049	-5.28212	-6.4536	-5.19774
1233	4	7	10	4	1	7	1	-1.86105	-3.7445	-2.72626	-1.91216
1234	1	4	2	2	6	3	17	-4.46244	-2.46491	-4.5601	-5.48411
1235	4	7	10	4	1	7	1	-1.86105	-3.7445	-2.72626	-1.91216
1236	2	4	1	2	2	1	5	-2.7995	-3.62818	-4.2335	-4.10023
1237	4	7	10	4	1	7	1	-1.86105	-3.7445	-2.72626	-1.91216
1238	4	7	10	4	42	51	1	-2.9609	-4.57515	-5.10407	-3.78939
1239	1	307	3	4	5	9	3	-6.84212	-6.43948	-6.12518	-8.18761
1240	2	4	2	2	6	1	5	-6.03321	-4.84505	-5.94169	-7.73579
1241	8	10	149	2	11	12	6	-4.84962	-3.98274	-5.67653	-7.09254
1242	2	1	12	3	2	1	5	-2.61394	-2.12128	-3.65552	-4.78849
1243	2	4	1	2	2	1	5	-2.7995	-3.62818	-4.2335	-4.10023
1244	2	4	1	2	2	1	5	-2.7995	-3.62818	-4.2335	-4.10023
1245	2	4	1	2	2	1	5	-2.7995	-3.62818	-4.2335	-4.10023
1246	4	7	10	4	42	51	1	-2.9609	-4.57515	-5.10407	-3.78939
1247	2	4	1	2	2	1	5	-2.7995	-3.62818	-4.2335	-4.10023
1248	2	4	1	2	2	1	5	-2.7995	-3.62818	-4.2335	-4.10023
1249	2	1	12	88	2	1	5	-3.93973	-3.43586	-5.82554	-5.31114
1250	1	4	2	2	6	3	17	-4.46244	-2.46491	-4.5601	-5.48411
1251	9	2	4	62	4	5	6	-3.74784	-5.14832	-5.92006	-6.72325
1252	2	4	1	2	7	1	5	-2.34049	-5.28212	-6.4536	-5.19774
1253	2	4	5	2	2	5	5	-3.70698	-6.64045	-7.43271	-5.88815
1254	2	1	21	3	2	1	5	-2.92526	-2.49431	-4.4703	-4.49483
1255	1	4	2	2	6	3	17	-4.46244	-2.46491	-4.5601	-5.48411
1256	2	1	21	3	2	1	5	-2.92526	-2.49431	-4.4703	-4.49483
1257	2	4	1	2	2	5	5	-6.79676	-6.40489	-8.86358	-9.52187
1258	2	1	12	3	2	1	5	-2.61394	-2.12128	-3.65552	-4.78849
1259	2	4	2	2	6	1	5	-6.03321	-4.84505	-5.94169	-7.73579
1260	2	4	1	2	2	1	5	-2.7995	-3.62818	-4.2335	-4.10023
1261	2	4	1	2	2	1	5	-2.7995	-3.62818	-4.2335	-4.10023
1262	1	307	3	4	5	9	3	-6.84212	-6.43948	-6.12518	-8.18761
1263	9	25	2	10	22	3	6	-4.50749	-7.44312	-6.2774	-4.3341
1264	2	1	1	380	2	1	5	-6.15105	-5.73945	-8.306	-8.90351
1265	2	4	1	2	2	1	5	-2.7995	-3.62818	-4.2335	-4.10023
1266	2	4	1	2	2	1	5	-2.7995	-3.62818	-4.2335	-4.10023
1267	2	1	12	3	2	1	5	-2.61394	-2.12128	-3.65552	-4.78849
1268	1	2	3	4	5	9	3	-4.46683	-2.50551	-3.60798	-4.87808
1269	2	4	1	2	2	1	5	-2.7995	-3.62818	-4.2335	-4.10023
1270	2	4	1	2	2	1	5	-2.7995	-3.62818	-4.2335	-4.10023
1271	2	4	1	2	2	1	5	-2.7995	-3.62818	-4.2335	-4.10023
1272	1	2	3	4	5	9	3	-4.46683	-2.50551	-3.60798	-4.87808
1273	9	2	2	212	309	253	147	-25.7056	-25.3316	-20.1874	-22.4003
1274	2	1	21	3	2	1	5	-2.92526	-2.49431	-4.4703	-4.49483
1275	47	2	4	2	6	5	17	-11.2622	-11.0427	-6.19469	-8.46907
1276	1	2	3	4	5	9	3	-4.46683	-2.50551	-3.60798	-4.87808
1277	2	4	1	2	2	1	5	-2.7995	-3.62818	-4.2335	-4.10023
1278	2	4	1	2	2	1	5	-2.7995	-3.62818	-4.2335	-4.10023
1279	9	2	4	62	4	5	6	-3.74784	-5.14832	-5.92006	-6.72325
1280	2	1	12	3	2	1	5	-2.61394	-2.12128	-3.65552	-4.78849
1281	2	4	1	2	2	1	5	-2.7995	-3.62818	-4.2335	-4.10023
1282	2	4	1	2	7	1	5	-2.34049	-5.28212	-6.4536	-5.19774
1283	7	17	2	15	23	3	12	-6.9382	-9.88414	-11.2234	-10.1911
1284	2	1	1	3	2	1	5	-4.588	-3.79357	-6.38473	-7.16815
1285	2	1	12	3	2	1	5	-2.61394	-2.12128	-3.65552	-4.78849
1286	2	4	1	2	2	1	5	-2.7995	-3.62818	-4.2335	-4.10023
1287	2	1	5	3	2	3	5	-4.20105	-3.26279	-5.55953	-4.76355
1288	2	4	1	2	2	1	5	-2.7995	-3.62818	-4.2335	-4.10023
1289	2	4	1	2	2	1	5	-2.7995	-3.62818	-4.2335	-4.10023
1290	1	4	2	2	6	3	17	-4.46244	-2.46491	-4.5601	-5.48411
1291	2	1	2	3	2	3	5	-3.79253	-6.66474	-8.06333	-7.04172
1292	2	1	5	3	2	3	5	-4.20105	-3.26279	-5.55953	-4.76355
1293	1	2	3	3	5	9	3	-11.2004	-7.94878	-9.76242	-12.2079
1294	4	7	10	4	42	51	1	-2.9609	-4.57515	-5.10407	-3.78939
1295	1	4	2	2	6	3	17	-4.46244	-2.46491	-4.5601	-5.48411
1296	2	1	5	3	2	3	5	-4.20105	-3.26279	-5.55953	-4.76355
1297	4	7	10	4	1	7	1	-1.86105	-3.7445	-2.72626	-1.91216
1298	2	4	1	2	2	1	5	-2.7995	-3.62818	-4.2335	-4.10023
1299	4	7	10	4	1	7	1	-1.86105	-3.7445	-2.72626	-1.91216
1300	2	1	21	3	2	1	5	-2.92526	-2.49431	-4.4703	-4.49483
1301	2	4	1	2	2	1	5	-2.7995	-3.62818	-4.2335	-4.10023
1302	4	7	10	4	1	7	1	-1.86105	-3.7445	-2.72626	-1.91216
1303	2	4	1	2	2	1	5	-2.7995	-3.62818	-4.2335	-4.10023
1304	2	1	5	3	2	5	5	-5.25332	-2.84714	-4.0879	-5.45211
1305	2	4	1	2	2	1	5	-2.7995	-3.62818	-4.2335	-4.10023
1306	2	1	21	3	2	1	5	-2.92526	-2.49431	-4.4703	-4.49483
1307	2	1	5	3	2	5	5	-5.25332	-2.84714	-4.0879	-5.45211
1308	1	4	2	2	6	3	17	-4.46244	-2.46491	-4.5601	-5.48411
1309	1	4	2	2	6	3	17	-4.46244	-2.46491	-4.5601	-5.48411
1310	2	1	5	3	2	3	5	-4.20105	-3.26279	-5.55953	-4.76355
1311	1	4	2	2	6	3	17	-4.46244	-2.46491	-4.5601	-5.48411
1312	2	4	1	2	2	1	5	-2.7995	-3.62818	-4.2335	-4.10023
1313	2	1	12	88	2	1	5	-3.93973	-3.43586	-5.82554	-5.31114
1314	2	1	5	3	2	3	5	-4.20105	-3.26279	-5.55953	-4.76355
1315	2	4	5	2	2	1	5	-6.19082	-8.76093	-9.30453	-9.26314
1316	2	4	1	2	2	1	5	-2.7995	-3.62818	-4.2335	-4.10023
1317	1	4	2	2	6	3	17	-4.46244	-2.46491	-4.5601	-5.48411
1318	2	1	21	3	2	1	5	-2.92526	-2.49431	-4.4703	-4.49483
1319	4	7	10	4	1	7	1	-1.86105	-3.7445	-2.72626	-1.91216
1320	1	2	3	4	5	9	3	-4.46683	-2.50551	-3.60798	-4.87808
1321	2	4	1	2	7	1	5	-2.34049	-5.28212	-6.4536	-5.19774
1322	4	7	10	4	1	7	1	-1.86105	-3.7445	-2.72626	-1.91216
1323	4	7	10	4	1	7	1	-1.86105	-3.7445	-2.72626	-1.91216
1324	1	4	2	2	6	3	17	-4.46244	-2.46491	-4.5601	-5.48411
1325	2	4	1	2	7	1	5	-2.34049	-5.28212	-6.4536	-5.19774
1326	4	7	10	4	1	7	1	-1.86105	-3.7445	-2.72626	-1.91216
1327	8	10	2	2	11	12	6	-3.99077	-6.90296	-8.26835	-7.24515
1328	969	7	10	4	1	7	1	-5.54641	-7.39295	-4.79426	-4.66587
1329	4	7	10	4	1	7	1	-1.86105	-3.7445	-2.72626	-1.91216
1330	10	27	16	942	10	5	7	-22.7497	-16.4973	-17.8758	-20.3768
1331	10	27	16	941	10	5	7	-22.7497	-16.4973	-17.8758	-20.3768
1332	4	7	10	4	1	7	1	-1.86105	-3.7445	-2.72626	-1.91216
1333	4	7	10	4	1	7	1	-1.86105	-3.7445	-2.72626	-1.91216
1334	129	66	30	82	189	47	17	-3.27941	-4.82146	-5.8356	-4.13142
1335	4	7	10	4	1	7	1	-1.86105	-3.7445	-2.72626	-1.91216
1336	4	7	10	4	1	7	1	-1.86105	-3.7445	-2.72626	-1.91216
1337	2	4	1	2	2	1	5	-2.7995	-3.62818	-4.2335	-4.10023
1338	2	1	2	3	2	3	5	-3.79253	-6.66474	-8.06333	-7.04172
1339	10	27	16	19	10	5	7	-18.9872	-12.8208	-15.8072	-17.6228
1340	2	4	1	2	2	1	5	-2.7995	-3.62818	-4.2335	-4.10023
1341	33	39	30	82	104	173	68	-5.32031	-3.99246	-6.60403	-7.58312
1342	1	4	2	2	6	3	17	-4.46244	-2.46491	-4.5601	-5.48411
1343	2	1	5	3	2	5	5	-5.25332	-2.84714	-4.0879	-5.45211
1344	2	1	12	3	2	1	5	-2.61394	-2.12128	-3.65552	-4.78849
1345	8	10	2	2	11	12	6	-3.99077	-6.90296	-8.26835	-7.24515
1346	2	1	1	3	2	1	5	-4.588	-3.79357	-6.38473	-7.16815
1347	1	4	2	2	6	3	17	-4.46244	-2.46491	-4.5601	-5.48411
1348	7	2	2	2	11	12	6	-4.53743	-7.48351	-8.82235	-7.79161
1349	9	2	4	62	4	5	6	-3.74784	-5.14832	-5.92006	-6.72325
1350	2	1	21	3	2	1	5	-2.92526	-2.49431	-4.4703	-4.49483
1351	9	7	10	4	1	7	1	-9.97232	-12.0805	-11.3795	-10.1893
1352	2	1	12	3	920	1	5	-6.37715	-5.78923	-5.72198	-7.53986
1353	239	27	16	19	10	5	7	-9.38544	-6.48727	-9.12785	-10.4174
1354	7	17	2	15	23	3	12	-6.9382	-9.88414	-11.2234	-10.1911
1355	1	4	2	2	6	3	17	-4.46244	-2.46491	-4.5601	-5.48411
1356	1	6	60	24	12	28	1	-28.4121	-29.8743	-16.9165	-20.1938
1357	2	4	5	2	10	1	5	-6.92791	-9.86359	-11.2028	-10.1819
1358	10	81	50	99	120	76	52	-6.70351	-6.4325	-5.31455	-5.1291
1359	4	7	10	4	1	7	1	-1.86105	-3.7445	-2.72626	-1.91216
1360	2	1	5	3	2	5	5	-5.25332	-2.84714	-4.0879	-5.45211
1361	4	7	10	1	1	7	1	-5.30796	-8.20316	-6.03745	-6.09471
1362	2	4	5	2	10	1	5	-6.92791	-9.86359	-11.2028	-10.1819
1363	2	1	21	3	2	1	5	-2.92526	-2.49431	-4.4703	-4.49483
1364	2	1	21	3	2	1	5	-2.92526	-2.49431	-4.4703	-4.49483
1365	2	4	1	2	2	1	5	-2.7995	-3.62818	-4.2335	-4.10023
1366	2	4	2	2	6	1	5	-6.03321	-4.84505	-5.94169	-7.73579
1367	2	4	1	2	7	1	5	-2.34049	-5.28212	-6.4536	-5.19774
1368	2	4	1	2	2	1	5	-2.7995	-3.62818	-4.2335	-4.10023
1369	2	4	1	2	2	1	5	-2.7995	-3.62818	-4.2335	-4.10023
1370	4	7	10	4	1	7	1	-1.86105	-3.7445	-2.72626	-1.91216
1371	4	7	10	4	42	51	1	-2.9609	-4.57515	-5.10407	-3.78939
1372	2	1	5	3	2	3	5	-4.20105	-3.26279	-5.55953	-4.76355
1373	2	1	12	3	2	1	5	-2.61394	-2.12128	-3.65552	-4.78849
1374	2	1	1	3	2	1	5	-4.588	-3.79357	-6.38473	-7.16815
1375	2	4	1	2	2	1	5	-2.7995	-3.62818	-4.2335	-4.10023
1376	4	7	10	4	1	7	1	-1.86105	-3.7445	-2.72626	-1.91216
1377	10	1	16	19	10	5	7	-5.62414	-2.76551	-4.18893	-5.13157
1378	2	4	1	2	7	1	5	-2.34049	-5.28212	-6.4536	-5.19774
1379	2	4	1	2	2	1	5	-2.7995	-3.62818	-4.2335	-4.10023
1380	10	81	50	99	120	76	52	-6.70351	-6.4325	-5.31455	-5.1291
1381	2	1	12	3	2	1	5	-2.61394	-2.12128	-3.65552	-4.78849
1382	2	4	1	2	2	1	5	-2.7995	-3.62818	-4.2335	-4.10023
1383	2	4	1	2	7	1	5	-2.34049	-5.28212	-6.4536	-5.19774
1384	1	2	3	4	5	9	3	-4.46683	-2.50551	-3.60798	-4.87808
1385	8	10	2	2	11	12	6	-3.99077	-6.90296	-8.26835	-7.24515
1386	1	4	2	2	6	3	17	-4.46244	-2.46491	-4.5601	-5.48411
1387	2	4	1	2	2	1	5	-2.7995	-3.62818	-4.2335	-4.10023
1388	2	4	1	2	2	1	5	-2.7995	-3.62818	-4.2335	-4.10023
1389	10	7	10	4	1	7	1	-11.8219	-10.7093	-9.89948	-9.26492
1390	2	1	21	3	2	1	5	-2.92526	-2.49431	-4.4703	-4.49483
1391	2	1	21	3	2	1	5	-2.92526	-2.49431	-4.4703	-4.49483
1392	10	1	16	19	10	5	7	-5.62414	-2.76551	-4.18893	-5.13157
1393	2	1	5	3	2	3	5	-4.20105	-3.26279	-5.55953	-4.76355
1394	2	1	5	3	2	3	5	-4.20105	-3.26279	-5.55953	-4.76355
1395	2	4	1	2	2	5	5	-6.79676	-6.40489	-8.86358	-9.52187
1396	2	4	1	2	7	1	5	-2.34049	-5.28212	-6.4536	-5.19774
1397	10	1	16	19	10	5	7	-5.62414	-2.76551	-4.18893	-5.13157
1398	2	4	1	2	7	1	5	-2.34049	-5.28212	-6.4536	-5.19774
1399	2	934	1	2	2	1	5	-6.48552	-7.29367	-6.29813	-6.8439
