Isolate	Loci0	Loci1	Loci2	Loci3	Loci4	Loci5	Loci6	Source0	Source1	Source2	Source3
0	1	2	3	4	5	9	3	-4.66019	-2.46659	-3.64178	-4.93311
1	4	7	10	4	1	7	1	-1.82357	-3.84487	-2.59144	-1.9192
2	2	4	1	2	2	1	5	-2.77239	-3.63978	-4.19172	-4.1067
3	2	4	1	2	2	1	5	-2.77239	-3.63978	-4.19172	-4.1067
4	9	25	2	10	22	3	6	-4.46891	-7.92153	-5.81631	-4.34218
5	4	7	10	4	1	7	1	-1.82357	-3.84487	-2.59144	-1.9192
6	4	7	10	4	1	7	1	-1.82357	-3.84487	-2.59144	-1.9192
7	4	7	10	4	42	51	1	-2.92582	-4.64118	-4.85824	-3.78999
8	2	4	1	2	2	1	5	-2.77239	-3.63978	-4.19172	-4.1067
9	10	81	50	99	120	76	52	-6.67874	-6.39992	-5.26427	-5.15107
10	2	1	21	3	2	1	5	-2.93418	-2.4737	-4.43445	-4.49649
11	2	1	21	3	2	1	5	-2.93418	-2.4737	-4.43445	-4.49649
12	9	25	2	10	22	3	6	-4.46891	-7.92153	-5.81631	-4.34218
13	2	1	21	3	2	1	5	-2.93418	-2.4737	-4.43445	-4.49649
14	10	27	16	19	10	5	7	-20.5604	-13.1178	-16.0306	-17.4469
15	2	4	1	2	2	1	5	-2.77239	-3.63978	-4.19172	-4.1067
16	2	4	1	2	2	1	5	-2.77239	-3.63978	-4.19172	-4.1067
17	9	2	4	62	4	5	6	-3.71151	-5.19107	-5.94499	-6.69077
18	9	53	2	53	11	3	3	-31.8288	-30.0473	-25.6616	-25.8038
19	2	4	1	2	2	1	5	-2.77239	-3.63978	-4.19172	-4.1067
20	2	4	1	2	2	1	5	-2.77239	-3.63978	-4.19172	-4.1067
21	4	7	10	4	1	7	1	-1.82357	-3.84487	-2.59144	-1.9192
22	2	4	1	2	2	1	5	-2.77239	-3.63978	-4.19172	-4.1067
23	1	4	2	2	6	3	17	-4.68571	-2.42811	-4.57118	-5.51296
24	4	7	10	4	1	7	1	-1.82357	-3.84487	-2.59144	-1.9192
25	2	1	21	3	2	1	5	-2.93418	-2.4737	-4.43445	-4.49649
26	8	10	2	2	11	12	6	-3.94951	-7.34726	-8.14345	-7.16372
27	2	4	2	2	6	1	5	-6.09304	-4.81328	-5.98553	-7.81297
28	2	1	12	3	2	1	5	-2.62419	-2.10018	-3.68407	-4.8049
29	2	4	1	2	2	1	5	-2.77239	-3.63978	-4.19172	-4.1067
30	4	7	10	4	1	7	1	-1.82357	-3.84487	-2.59144	-1.9192
31	10	1	16	19	10	5	7	-6.34158	-2.72567	-4.20707	-5.17507
32	1	2	3	4	5	9	3	-4.66019	-2.46659	-3.64178	-4.93311
33	2	4	1	2	2	1	5	-2.77239	-3.63978	-4.19172	-4.1067
34	2	4	1	2	2	1	5	-2.77239	-3.63978	-4.19172	-4.1067
35	2	4	1	2	2	1	5	-2.77239	-3.63978	-4.19172	-4.1067
36	4	7	10	4	1	7	1	-1.82357	-3.84487	-2.59144	-1.9192
37	129	66	30	82	189	47	17	-3.24412	-4.88102	-5.46744	-4.13416
38	2	1	12	3	357	1	5	-7.4799	-7.10255	-6.44699	-7.79741
39	9	2	4	62	4	5	6	-3.71151	-5.19107	-5.94499	-6.69077
40	2	1	1	3	2	1	5	-4.62374	-3.77057	-6.38816	-7.14415
41	2	1	12	3	357	1	5	-7.4799	-7.10255	-6.44699	-7.79741
42	2	1	5	3	2	3	5	-4.24599	-3.23692	-5.41213	-4.76895
43	2	1	5	3	2	3	5	-4.24599	-3.23692	-5.41213	-4.76895
44	2	4	1	2	2	1	5	-2.77239	-3.63978	-4.19172	-4.1067
45	2	4	1	2	2	1	5	-2.77239	-3.63978	-4.19172	-4.1067
46	2	4	2	2	6	1	5	-6.09304	-4.81328	-5.98553	-7.81297
47	1	4	2	2	6	3	17	-4.68571	-2.42811	-4.57118	-5.51296
48	2	1	21	3	2	1	5	-2.93418	-2.4737	-4.43445	-4.49649
49	2	1	2	3	2	3	5	-3.75307	-7.11339	-7.93964	-6.95778
50	2	1	21	3	2	1	5	-2.93418	-2.4737	-4.43445	-4.49649
51	7	17	2	15	23	3	12	-6.89628	-10.3327	-11.0954	-10.11
52	2	4	1	2	7	1	5	-2.30133	-5.73622	-6.26198	-5.14435
53	9	2	4	62	4	5	6	-3.71151	-5.19107	-5.94499	-6.69077
54	2	4	1	2	7	1	5	-2.30133	-5.73622	-6.26198	-5.14435
55	9	2	4	62	4	5	6	-3.71151	-5.19107	-5.94499	-6.69077
56	2	1	12	88	2	1	5	-3.95341	-3.41371	-5.72336	-5.30996
57	2	1	5	3	2	3	5	-4.24599	-3.23692	-5.41213	-4.76895
58	2	4	1	2	2	1	5	-2.77239	-3.63978	-4.19172	-4.1067
59	9	2	4	62	4	5	6	-3.71151	-5.19107	-5.94499	-6.69077
60	2	1	5	3	2	3	5	-4.24599	-3.23692	-5.41213	-4.76895
61	2	4	1	2	2	1	5	-2.77239	-3.63978	-4.19172	-4.1067
62	2	4	1	2	2	1	5	-2.77239	-3.63978	-4.19172	-4.1067
63	2	4	1	2	2	1	5	-2.77239	-3.63978	-4.19172	-4.1067
64	2	4	1	2	2	1	5	-2.77239	-3.63978	-4.19172	-4.1067
65	2	4	1	2	2	1	5	-2.77239	-3.63978	-4.19172	-4.1067
66	2	4	1	2	2	1	5	-2.77239	-3.63978	-4.19172	-4.1067
67	1	2	215	4	90	24	8	-32.7194	-34.7831	-21.6523	-22.0607
68	2	4	1	2	2	1	5	-2.77239	-3.63978	-4.19172	-4.1067
69	1	2	3	4	5	9	3	-4.66019	-2.46659	-3.64178	-4.93311
70	2	4	1	2	2	1	5	-2.77239	-3.63978	-4.19172	-4.1067
71	2	4	1	2	2	1	5	-2.77239	-3.63978	-4.19172	-4.1067
72	9	25	2	10	22	3	6	-4.46891	-7.92153	-5.81631	-4.34218
73	2	15	4	48	360	25	23	-6.69676	-9.76099	-5.6346	-4.89498
74	2	4	1	2	2	1	5	-2.77239	-3.63978	-4.19172	-4.1067
75	2	1	12	88	2	1	5	-3.95341	-3.41371	-5.72336	-5.30996
76	2	4	2	2	6	1	5	-6.09304	-4.81328	-5.98553	-7.81297
77	10	1	16	19	10	5	7	-6.34158	-2.72567	-4.20707	-5.17507
78	2	4	1	2	2	1	5	-2.77239	-3.63978	-4.19172	-4.1067
79	2	1	12	3	2	1	5	-2.62419	-2.10018	-3.68407	-4.8049
80	2	4	1	2	2	1	5	-2.77239	-3.63978	-4.19172	-4.1067
81	2	4	1	2	2	1	5	-2.77239	-3.63978	-4.19172	-4.1067
82	1	4	2	2	6	3	17	-4.68571	-2.42811	-4.57118	-5.51296
83	10	1	16	19	10	5	7	-6.34158	-2.72567	-4.20707	-5.17507
84	8	10	149	2	11	12	6	-4.88382	-3.94836	-5.70718	-7.12155
85	2	4	1	2	2	1	5	-2.77239	-3.63978	-4.19172	-4.1067
86	2	4	1	2	7	1	5	-2.30133	-5.73622	-6.26198	-5.14435
87	32	39	30	82	104	324	17	-8.43026	-4.65404	-7.34531	-8.65807
88	1	2	3	4	5	9	3	-4.66019	-2.46659	-3.64178	-4.93311
89	2	1	5	3	2	3	5	-4.24599	-3.23692	-5.41213	-4.76895
90	2	4	1	2	2	1	5	-2.77239	-3.63978	-4.19172	-4.1067
91	2	4	1	2	7	1	5	-2.30133	-5.73622	-6.26198	-5.14435
92	4	7	10	4	1	7	1	-1.82357	-3.84487	-2.59144	-1.9192
93	2	1	2	3	2	3	5	-3.75307	-7.11339	-7.93964	-6.95778
94	2	1	12	3	2	1	5	-2.62419	-2.10018	-3.68407	-4.8049
95	2	1	21	3	2	1	5	-2.93418	-2.4737	-4.43445	-4.49649
96	2	1	21	3	2	1	5	-2.93418	-2.4737	-4.43445	-4.49649
97	9	2	5	2	11	3	1	-29.1521	-32.9346	-28.3045	-26.0641
98	4	7	10	4	1	7	1	-1.82357	-3.84487	-2.59144	-1.9192
99	2	1	2	3	2	3	5	-3.75307	-7.11339	-7.93964	-6.95778
100	2	1	21	3	2	1	5	-2.93418	-2.4737	-4.43445	-4.49649
101	4	7	10	4	1	7	1	-1.82357	-3.84487	-2.59144	-1.9192
102	2	1	21	3	2	1	5	-2.93418	-2.4737	-4.43445	-4.49649
103	1	4	2	2	6	3	17	-4.68571	-2.42811	-4.57118	-5.51296
104	2	4	5	2	10	1	5	-6.88834	-10.3183	-11.0798	-10.0985
105	2	1	12	88	2	1	5	-3.95341	-3.41371	-5.72336	-5.30996
106	9	2	4	62	4	5	6	-3.71151	-5.19107	-5.94499	-6.69077
107	2	165	73	147	220	190	104	-8.87756	-13.2765	-6.71941	-5.22215
108	2	1	21	3	2	1	5	-2.93418	-2.4737	-4.43445	-4.49649
109	2	4	1	2	2	1	5	-2.77239	-3.63978	-4.19172	-4.1067
110	2	1	12	3	11	1	6	-18.7893	-18.2331	-20.5463	-20.9006
111	2	1	2	3	2	3	5	-3.75307	-7.11339	-7.93964	-6.95778
112	2	4	1	2	7	1	5	-2.30133	-5.73622	-6.26198	-5.14435
113	2	1	2	3	2	3	5	-3.75307	-7.11339	-7.93964	-6.95778
114	2	1	21	3	2	1	5	-2.93418	-2.4737	-4.43445	-4.49649
115	2	4	1	2	7	1	5	-2.30133	-5.73622	-6.26198	-5.14435
116	33	39	30	82	113	43	17	-9.47014	-6.42929	-6.19817	-8.49731
117	2	4	1	2	2	1	5	-2.77239	-3.63978	-4.19172	-4.1067
118	2	4	1	2	2	1	5	-2.77239	-3.63978	-4.19172	-4.1067
119	2	4	1	2	2	1	5	-2.77239	-3.63978	-4.19172	-4.1067
120	2	4	1	2	7	1	5	-2.30133	-5.73622	-6.26198	-5.14435
121	4	7	10	1	1	7	1	-5.26434	-8.59042	-6.01544	-6.10763
122	2	1	12	3	2	1	5	-2.62419	-2.10018	-3.68407	-4.8049
123	2	4	1	2	2	1	5	-2.77239	-3.63978	-4.19172	-4.1067
124	2	4	1	2	2	1	5	-2.77239	-3.63978	-4.19172	-4.1067
125	2	4	1	2	7	1	5	-2.30133	-5.73622	-6.26198	-5.14435
126	2	4	1	2	2	1	5	-2.77239	-3.63978	-4.19172	-4.1067
127	2	4	1	2	2	1	5	-2.77239	-3.63978	-4.19172	-4.1067
128	2	1	12	88	2	1	5	-3.95341	-3.41371	-5.72336	-5.30996
129	2	1	12	3	2	1	5	-2.62419	-2.10018	-3.68407	-4.8049
130	2	1	12	3	2	1	5	-2.62419	-2.10018	-3.68407	-4.8049
131	2	4	1	2	7	1	5	-2.30133	-5.73622	-6.26198	-5.14435
132	2	1	21	3	2	1	5	-2.93418	-2.4737	-4.43445	-4.49649
133	2	1	21	3	2	1	5	-2.93418	-2.4737	-4.43445	-4.49649
134	2	4	5	2	2	5	5	-3.66762	-7.09669	-7.14119	-5.8651
135	2	1	21	3	2	1	5	-2.93418	-2.4737	-4.43445	-4.49649
136	1	4	2	2	6	3	1	-11.4076	-10.3709	-10.4978	-10.9818
137	2	1	5	3	2	3	5	-4.24599	-3.23692	-5.41213	-4.76895
138	2	1	5	3	2	3	5	-4.24599	-3.23692	-5.41213	-4.76895
139	4	7	10	4	1	7	1	-1.82357	-3.84487	-2.59144	-1.9192
140	8	10	2	2	11	12	6	-3.94951	-7.34726	-8.14345	-7.16372
141	2	1	2	3	2	3	5	-3.75307	-7.11339	-7.93964	-6.95778
142	2	1	5	3	2	3	5	-4.24599	-3.23692	-5.41213	-4.76895
143	2	1	2	3	2	3	5	-3.75307	-7.11339	-7.93964	-6.95778
144	129	66	30	82	189	47	17	-3.24412	-4.88102	-5.46744	-4.13416
145	2	4	1	2	2	1	5	-2.77239	-3.63978	-4.19172	-4.1067
146	2	4	1	2	2	1	5	-2.77239	-3.63978	-4.19172	-4.1067
147	7	21	5	62	4	61	44	-7.51621	-3.807	-5.67304	-7.45254
148	2	4	1	2	2	1	5	-2.77239	-3.63978	-4.19172	-4.1067
149	2	937	1	2	2	1	5	-7.54957	-8.64495	-6.95287	-7.09042
150	1	14	2	2	6	1	17	-9.395	-6.43397	-7.57564	-6.30582
151	1	4	2	2	6	3	17	-4.68571	-2.42811	-4.57118	-5.51296
152	8	10	149	2	11	12	6	-4.88382	-3.94836	-5.70718	-7.12155
153	2	1	12	3	2	1	5	-2.62419	-2.10018	-3.68407	-4.8049
154	9	30	2	2	89	59	6	-4.94864	-8.38642	-9.14861	-8.163
155	1	2	3	4	5	9	3	-4.66019	-2.46659	-3.64178	-4.93311
156	2	4	1	2	2	1	5	-2.77239	-3.63978	-4.19172	-4.1067
157	2	4	1	2	2	1	5	-2.77239	-3.63978	-4.19172	-4.1067
158	180	194	2	68	19	231	147	-29.5608	-33.7825	-23.3119	-23.4747
159	2	4	1	2	2	1	5	-2.77239	-3.63978	-4.19172	-4.1067
160	2	4	1	2	2	1	5	-2.77239	-3.63978	-4.19172	-4.1067
161	2	4	1	2	2	1	5	-2.77239	-3.63978	-4.19172	-4.1067
162	4	7	10	4	1	7	1	-1.82357	-3.84487	-2.59144	-1.9192
163	2	4	1	2	2	1	5	-2.77239	-3.63978	-4.19172	-4.1067
164	2	1	21	3	2	1	5	-2.93418	-2.4737	-4.43445	-4.49649
165	2	4	1	2	7	1	5	-2.30133	-5.73622	-6.26198	-5.14435
166	2	4	1	2	2	1	5	-2.77239	-3.63978	-4.19172	-4.1067
167	10	1	16	19	10	5	7	-6.34158	-2.72567	-4.20707	-5.17507
168	104	7	10	4	1	7	1	-4.40484	-7.84809	-8.59226	-7.5988
169	2	4	1	2	2	1	5	-2.77239	-3.63978	-4.19172	-4.1067
170	10	27	16	19	10	5	7	-20.5604	-13.1178	-16.0306	-17.4469
171	2	4	1	2	2	1	5	-2.77239	-3.63978	-4.19172	-4.1067
172	2	1	1	3	2	1	5	-4.62374	-3.77057	-6.38816	-7.14415
173	7	21	5	62	4	61	44	-7.51621	-3.807	-5.67304	-7.45254
174	2	1	1	3	2	1	5	-4.62374	-3.77057	-6.38816	-7.14415
175	10	1	16	19	10	5	7	-6.34158	-2.72567	-4.20707	-5.17507
176	2	4	1	2	2	1	5	-2.77239	-3.63978	-4.19172	-4.1067
177	2	4	1	2	2	1	5	-2.77239	-3.63978	-4.19172	-4.1067
178	2	1	12	3	2	1	5	-2.62419	-2.10018	-3.68407	-4.8049
179	2	4	1	2	2	1	5	-2.77239	-3.63978	-4.19172	-4.1067
180	2	4	1	2	2	1	5	-2.77239	-3.63978	-4.19172	-4.1067
181	1	4	2	2	6	3	17	-4.68571	-2.42811	-4.57118	-5.51296
182	2	1	12	3	2	1	5	-2.62419	-2.10018	-3.68407	-4.8049
183	4	7	10	4	1	7	1	-1.82357	-3.84487	-2.59144	-1.9192
184	2	4	1	2	2	1	5	-2.77239	-3.63978	-4.19172	-4.1067
185	2	4	1	2	2	1	5	-2.77239	-3.63978	-4.19172	-4.1067
186	2	1	21	3	2	1	5	-2.93418	-2.4737	-4.43445	-4.49649
187	4	7	10	4	1	7	1	-1.82357	-3.84487	-2.59144	-1.9192
188	4	7	10	4	42	51	1	-2.92582	-4.64118	-4.85824	-3.78999
189	2	1	5	3	2	3	5	-4.24599	-3.23692	-5.41213	-4.76895
190	1	2	4	62	4	5	17	-6.11637	-4.82525	-7.46583	-8.39034
191	4	7	10	4	1	7	1	-1.82357	-3.84487	-2.59144	-1.9192
192	4	7	10	4	42	51	1	-2.92582	-4.64118	-4.85824	-3.78999
193	2	1	21	3	2	1	5	-2.93418	-2.4737	-4.43445	-4.49649
194	4	7	10	4	42	51	1	-2.92582	-4.64118	-4.85824	-3.78999
195	2	4	1	2	7	1	5	-2.30133	-5.73622	-6.26198	-5.14435
196	2	4	1	2	2	1	5	-2.77239	-3.63978	-4.19172	-4.1067
197	1	2	3	4	5	9	3	-4.66019	-2.46659	-3.64178	-4.93311
198	1	2	4	62	4	5	17	-6.11637	-4.82525	-7.46583	-8.39034
199	2	250	4	281	358	25	57	-30.5818	-34.2868	-19.412	-19.3049
200	9	2	4	62	4	5	6	-3.71151	-5.19107	-5.94499	-6.69077
201	1	2	3	4	5	9	3	-4.66019	-2.46659	-3.64178	-4.93311
202	4	7	10	4	1	7	1	-1.82357	-3.84487	-2.59144	-1.9192
203	2	4	2	4	19	3	6	-5.79286	-9.22763	-9.98776	-8.99993
204	4	7	10	4	1	7	1	-1.82357	-3.84487	-2.59144	-1.9192
205	4	7	10	4	42	51	1	-2.92582	-4.64118	-4.85824	-3.78999
206	2	1	12	3	2	1	5	-2.62419	-2.10018	-3.68407	-4.8049
207	4	7	10	4	1	7	1	-1.82357	-3.84487	-2.59144	-1.9192
208	2	1	12	3	2	1	5	-2.62419	-2.10018	-3.68407	-4.8049
209	1	2	4	62	4	5	17	-6.11637	-4.82525	-7.46583	-8.39034
210	4	7	10	4	42	51	1	-2.92582	-4.64118	-4.85824	-3.78999
211	2	4	1	2	2	1	5	-2.77239	-3.63978	-4.19172	-4.1067
212	4	7	10	4	1	7	1	-1.82357	-3.84487	-2.59144	-1.9192
213	2	1	21	3	2	1	5	-2.93418	-2.4737	-4.43445	-4.49649
214	47	2	4	2	6	5	17	-10.2399	-10.6861	-6.24905	-8.64804
215	2	1	21	3	2	1	5	-2.93418	-2.4737	-4.43445	-4.49649
216	2	1	21	3	2	1	5	-2.93418	-2.4737	-4.43445	-4.49649
217	2	4	1	2	2	1	5	-2.77239	-3.63978	-4.19172	-4.1067
218	2	4	1	2	2	1	5	-2.77239	-3.63978	-4.19172	-4.1067
219	10	81	50	99	120	76	52	-6.67874	-6.39992	-5.26427	-5.15107
220	2	4	1	2	2	1	5	-2.77239	-3.63978	-4.19172	-4.1067
221	2	4	1	2	2	1	5	-2.77239	-3.63978	-4.19172	-4.1067
222	1	4	2	2	6	3	17	-4.68571	-2.42811	-4.57118	-5.51296
223	1	2	4	62	4	5	17	-6.11637	-4.82525	-7.46583	-8.39034
224	4	7	10	4	1	7	1	-1.82357	-3.84487	-2.59144	-1.9192
225	4	7	10	4	1	7	1	-1.82357	-3.84487	-2.59144	-1.9192
226	10	1	16	19	10	5	7	-6.34158	-2.72567	-4.20707	-5.17507
227	2	4	1	2	2	1	5	-2.77239	-3.63978	-4.19172	-4.1067
228	2	4	1	2	7	1	5	-2.30133	-5.73622	-6.26198	-5.14435
229	1	4	2	348	6	3	17	-9.12248	-5.34119	-8.03275	-9.34833
230	1	2	4	62	4	5	17	-6.11637	-4.82525	-7.46583	-8.39034
231	10	27	16	19	10	5	7	-20.5604	-13.1178	-16.0306	-17.4469
232	1	4	2	2	6	3	17	-4.68571	-2.42811	-4.57118	-5.51296
233	4	7	10	4	42	51	1	-2.92582	-4.64118	-4.85824	-3.78999
234	2	4	1	2	2	1	5	-2.77239	-3.63978	-4.19172	-4.1067
235	2	1	12	3	2	1	5	-2.62419	-2.10018	-3.68407	-4.8049
236	2	1	12	88	2	1	5	-3.95341	-3.41371	-5.72336	-5.30996
237	2	4	1	2	7	1	5	-2.30133	-5.73622	-6.26198	-5.14435
238	2	1	12	3	2	1	5	-2.62419	-2.10018	-3.68407	-4.8049
239	1	4	2	2	6	3	17	-4.68571	-2.42811	-4.57118	-5.51296
240	2	1	4	28	58	25	58	-5.6692	-8.98232	-5.2551	-4.21358
241	2	1	5	3	2	3	5	-4.24599	-3.23692	-5.41213	-4.76895
242	2	1	12	3	2	1	5	-2.62419	-2.10018	-3.68407	-4.8049
243	2	4	1	2	2	1	5	-2.77239	-3.63978	-4.19172	-4.1067
244	2	1	5	10	11	1	5	-27.0161	-23.2793	-24.3465	-25.4017
245	2	1	12	3	2	1	5	-2.62419	-2.10018	-3.68407	-4.8049
246	2	1	12	88	2	1	5	-3.95341	-3.41371	-5.72336	-5.30996
247	2	1	12	3	2	1	5	-2.62419	-2.10018	-3.68407	-4.8049
248	2	1	12	3	2	1	5	-2.62419	-2.10018	-3.68407	-4.8049
249	1	4	2	2	6	3	17	-4.68571	-2.42811	-4.57118	-5.51296
250	9	2	4	62	4	5	6	-3.71151	-5.19107	-5.94499	-6.69077
251	2	1	12	3	2	1	5	-2.62419	-2.10018	-3.68407	-4.8049
252	8	10	149	2	11	12	6	-4.88382	-3.94836	-5.70718	-7.12155
253	2	1	21	3	2	1	5	-2.93418	-2.4737	-4.43445	-4.49649
254	1	2	3	4	5	9	3	-4.66019	-2.46659	-3.64178	-4.93311
255	2	1	5	3	2	3	5	-4.24599	-3.23692	-5.41213	-4.76895
256	1	307	3	4	5	9	3	-6.82685	-6.40818	-6.17882	-8.3103
257	1	4	2	2	6	3	17	-4.68571	-2.42811	-4.57118	-5.51296
258	2	4	1	2	7	1	5	-2.30133	-5.73622	-6.26198	-5.14435
259	2	4	1	2	2	1	5	-2.77239	-3.63978	-4.19172	-4.1067
260	2	61	4	64	126	7	23	-6.03206	-9.57061	-5.72095	-4.22256
261	7	21	5	62	4	61	44	-7.51621	-3.807	-5.67304	-7.45254
262	2	1	12	3	2	1	5	-2.62419	-2.10018	-3.68407	-4.8049
263	2	4	1	2	2	1	5	-2.77239	-3.63978	-4.19172	-4.1067
264	2	1	12	3	2	1	5	-2.62419	-2.10018	-3.68407	-4.8049
265	2	1	21	3	2	1	5	-2.93418	-2.4737	-4.43445	-4.49649
266	2	1	21	3	2	1	5	-2.93418	-2.4737	-4.43445	-4.49649
267	2	4	1	2	2	1	5	-2.77239	-3.63978	-4.19172	-4.1067
268	2	4	1	2	2	1	5	-2.77239	-3.63978	-4.19172	-4.1067
269	2	4	1	2	7	1	5	-2.30133	-5.73622	-6.26198	-5.14435
270	4	7	10	4	1	7	1	-1.82357	-3.84487	-2.59144	-1.9192
271	1	2	4	62	4	5	17	-6.11637	-4.82525	-7.46583	-8.39034
272	4	1	21	3	2	1	5	-9.7351	-10.513	-10.4826	-10.0339
273	10	1	16	19	10	5	7	-6.34158	-2.72567	-4.20707	-5.17507
274	33	283	44	82	189	44	17	-7.11961	-3.44864	-5.40792	-5.97324
275	2	1	12	3	2	1	5	-2.62419	-2.10018	-3.68407	-4.8049
276	10	81	50	99	120	76	52	-6.67874	-6.39992	-5.26427	-5.15107
277	4	7	10	4	42	25	1	-8.62208	-10.6153	-5.74914	-5.15828
278	2	4	1	2	2	1	5	-2.77239	-3.63978	-4.19172	-4.1067
279	2	4	5	2	10	1	5	-6.88834	-10.3183	-11.0798	-10.0985
280	2	4	1	2	2	1	5	-2.77239	-3.63978	-4.19172	-4.1067
281	9	2	4	62	4	5	6	-3.71151	-5.19107	-5.94499	-6.69077
282	4	7	10	4	1	7	1	-1.82357	-3.84487	-2.59144	-1.9192
283	2	1	12	3	2	1	5	-2.62419	-2.10018	-3.68407	-4.8049
284	9	2	4	62	4	5	6	-3.71151	-5.19107	-5.94499	-6.69077
285	9	2	4	62	4	5	6	-3.71151	-5.19107	-5.94499	-6.69077
286	2	4	1	2	2	1	5	-2.77239	-3.63978	-4.19172	-4.1067
287	2	1	12	88	2	1	5	-3.95341	-3.41371	-5.72336	-5.30996
288	2	1	21	3	2	1	5	-2.93418	-2.4737	-4.43445	-4.49649
289	33	39	30	79	113	44	17	-26.0632	-24.6754	-25.447	-27.0266
290	1	2	3	4	5	9	3	-4.66019	-2.46659	-3.64178	-4.93311
291	1	4	2	2	6	3	17	-4.68571	-2.42811	-4.57118	-5.51296
292	9	2	4	62	4	5	6	-3.71151	-5.19107	-5.94499	-6.69077
293	2	1	12	3	2	1	5	-2.62419	-2.10018	-3.68407	-4.8049
294	2	1	5	3	2	5	5	-5.61073	-2.81346	-4.12317	-5.51229
295	2	1	5	3	2	5	5	-5.61073	-2.81346	-4.12317	-5.51229
296	2	4	1	2	2	1	5	-2.77239	-3.63978	-4.19172	-4.1067
297	2	4	1	2	2	1	5	-2.77239	-3.63978	-4.19172	-4.1067
298	2	1	21	3	2	1	5	-2.93418	-2.4737	-4.43445	-4.49649
299	32	39	30	82	104	324	17	-8.43026	-4.65404	-7.34531	-8.65807
300	2	1	12	3	2	1	5	-2.62419	-2.10018	-3.68407	-4.8049
301	4	7	10	4	1	7	1	-1.82357	-3.84487	-2.59144	-1.9192
302	1	4	2	2	6	3	5	-8.95981	-5.26953	-7.9608	-9.27797
303	2	1	21	3	2	1	5	-2.93418	-2.4737	-4.43445	-4.49649
304	4	7	10	4	42	51	1	-2.92582	-4.64118	-4.85824	-3.78999
305	2	4	1	2	7	1	5	-2.30133	-5.73622	-6.26198	-5.14435
306	7	21	5	62	4	61	44	-7.51621	-3.807	-5.67304	-7.45254
307	104	7	10	4	1	7	1	-4.40484	-7.84809	-8.59226	-7.5988
308	9	25	2	10	22	3	6	-4.46891	-7.92153	-5.81631	-4.34218
309	2	4	2	2	6	3	17	-10.818	-7.97619	-10.1498	-10.8109
310	2	4	1	2	7	1	5	-2.30133	-5.73622	-6.26198	-5.14435
311	129	66	30	82	189	47	17	-3.24412	-4.88102	-5.46744	-4.13416
312	33	39	30	82	104	173	68	-5.40714	-3.955	-6.6066	-7.58119
313	2	1	12	3	2	1	5	-2.62419	-2.10018	-3.68407	-4.8049
314	2	1	1	3	2	1	5	-4.62374	-3.77057	-6.38816	-7.14415
315	7	21	5	62	4	61	44	-7.51621	-3.807	-5.67304	-7.45254
316	2	1	21	3	2	1	5	-2.93418	-2.4737	-4.43445	-4.49649
317	4	7	10	4	1	7	1	-1.82357	-3.84487	-2.59144	-1.9192
318	10	2	107	62	120	76	1	-6.85071	-10.3162	-7.77968	-6.29761
319	4	7	10	4	1	7	1	-1.82357	-3.84487	-2.59144	-1.9192
320	2	1	12	3	2	1	5	-2.62419	-2.10018	-3.68407	-4.8049
321	2	1	5	3	2	3	5	-4.24599	-3.23692	-5.41213	-4.76895
322	4	7	10	4	1	7	1	-1.82357	-3.84487	-2.59144	-1.9192
323	2	1	12	88	2	1	5	-3.95341	-3.41371	-5.72336	-5.30996
324	4	7	10	4	42	7	1	-6.58385	-9.67703	-5.49909	-4.64006
325	4	7	10	4	42	51	1	-2.92582	-4.64118	-4.85824	-3.78999
326	2	1	21	3	2	1	5	-2.93418	-2.4737	-4.43445	-4.49649
327	2	1	12	3	2	1	5	-2.62419	-2.10018	-3.68407	-4.8049
328	4	7	10	4	1	7	1	-1.82357	-3.84487	-2.59144	-1.9192
329	2	4	1	2	7	1	5	-2.30133	-5.73622	-6.26198	-5.14435
330	4	7	10	4	1	7	1	-1.82357	-3.84487	-2.59144	-1.9192
331	2	1	12	3	2	1	5	-2.62419	-2.10018	-3.68407	-4.8049
332	4	7	10	4	1	7	1	-1.82357	-3.84487	-2.59144	-1.9192
333	4	7	10	4	1	7	1	-1.82357	-3.84487	-2.59144	-1.9192
334	1	4	2	2	6	3	17	-4.68571	-2.42811	-4.57118	-5.51296
335	2	4	1	2	2	1	5	-2.77239	-3.63978	-4.19172	-4.1067
336	4	7	10	4	1	7	1	-1.82357	-3.84487	-2.59144	-1.9192
337	7	17	2	15	23	3	12	-6.89628	-10.3327	-11.0954	-10.11
338	2	1	5	3	2	3	5	-4.24599	-3.23692	-5.41213	-4.76895
339	4	7	10	4	1	7	1	-1.82357	-3.84487	-2.59144	-1.9192
340	4	7	10	4	1	7	1	-1.82357	-3.84487	-2.59144	-1.9192
341	4	7	10	4	42	51	1	-2.92582	-4.64118	-4.85824	-3.78999
342	2	4	1	2	2	1	5	-2.77239	-3.63978	-4.19172	-4.1067
343	2	1	12	88	2	1	5	-3.95341	-3.41371	-5.72336	-5.30996
344	2	1	1	3	2	1	5	-4.62374	-3.77057	-6.38816	-7.14415
345	1	2	3	4	5	9	3	-4.66019	-2.46659	-3.64178	-4.93311
346	2	1	12	88	2	1	5	-3.95341	-3.41371	-5.72336	-5.30996
347	2	1	1	3	2	1	5	-4.62374	-3.77057	-6.38816	-7.14415
348	24	17	2	10	23	68	5	-9.52796	-5.75127	-8.44301	-9.75611
349	4	7	10	4	1	7	1	-1.82357	-3.84487	-2.59144	-1.9192
350	2	1	21	3	2	1	5	-2.93418	-2.4737	-4.43445	-4.49649
351	1	4	2	2	6	3	17	-4.68571	-2.42811	-4.57118	-5.51296
352	2	1	5	3	2	3	5	-4.24599	-3.23692	-5.41213	-4.76895
353	4	7	10	4	1	7	1	-1.82357	-3.84487	-2.59144	-1.9192
354	2	1	1	3	2	1	5	-4.62374	-3.77057	-6.38816	-7.14415
355	2	1	12	3	2	1	5	-2.62419	-2.10018	-3.68407	-4.8049
356	8	10	149	2	11	12	6	-4.88382	-3.94836	-5.70718	-7.12155
357	2	4	1	2	2	5	5	-6.81457	-6.39155	-8.88584	-9.47427
358	10	1	16	19	10	5	7	-6.34158	-2.72567	-4.20707	-5.17507
359	24	17	2	10	23	68	5	-9.52796	-5.75127	-8.44301	-9.75611
360	1	2	4	62	4	5	17	-6.11637	-4.82525	-7.46583	-8.39034
361	2	4	1	2	7	1	5	-2.30133	-5.73622	-6.26198	-5.14435
362	7	71	5	62	11	67	6	-30.8421	-29.8763	-27.5423	-28.753
363	7	17	5	2	10	3	6	-25.5845	-25.0553	-23.7986	-22.7078
364	2	1	5	3	2	3	5	-4.24599	-3.23692	-5.41213	-4.76895
365	9	2	4	62	4	5	6	-3.71151	-5.19107	-5.94499	-6.69077
366	33	38	30	82	104	325	36	-15.0773	-11.4592	-11.9029	-13.4451
367	2	4	1	2	7	1	5	-2.30133	-5.73622	-6.26198	-5.14435
368	47	2	4	2	6	5	17	-10.2399	-10.6861	-6.24905	-8.64804
369	2	1	12	88	2	1	5	-3.95341	-3.41371	-5.72336	-5.30996
370	2	1	12	88	2	1	5	-3.95341	-3.41371	-5.72336	-5.30996
371	2	1	12	88	2	1	5	-3.95341	-3.41371	-5.72336	-5.30996
372	2	1	12	88	2	1	5	-3.95341	-3.41371	-5.72336	-5.30996
373	2	4	1	2	2	1	5	-2.77239	-3.63978	-4.19172	-4.1067
374	2	1	12	88	2	1	5	-3.95341	-3.41371	-5.72336	-5.30996
375	1	1	2	2	6	3	17	-9.98154	-6.22049	-8.87983	-10.1995
376	2	1	12	88	2	1	5	-3.95341	-3.41371	-5.72336	-5.30996
377	2	1	12	88	2	1	5	-3.95341	-3.41371	-5.72336	-5.30996
378	2	4	1	2	2	1	5	-2.77239	-3.63978	-4.19172	-4.1067
379	2	1	12	88	2	1	5	-3.95341	-3.41371	-5.72336	-5.30996
380	2	1	5	3	2	3	5	-4.24599	-3.23692	-5.41213	-4.76895
381	4	7	10	4	1	7	1	-1.82357	-3.84487	-2.59144	-1.9192
382	2	1	12	3	2	1	5	-2.62419	-2.10018	-3.68407	-4.8049
383	1	2	4	62	4	5	17	-6.11637	-4.82525	-7.46583	-8.39034
384	1	4	2	2	6	3	17	-4.68571	-2.42811	-4.57118	-5.51296
385	2	1	12	3	2	1	5	-2.62419	-2.10018	-3.68407	-4.8049
386	2	1	12	88	2	1	5	-3.95341	-3.41371	-5.72336	-5.30996
387	9	2	4	62	4	5	6	-3.71151	-5.19107	-5.94499	-6.69077
388	2	4	1	2	7	1	5	-2.30133	-5.73622	-6.26198	-5.14435
389	2	1	5	3	2	3	5	-4.24599	-3.23692	-5.41213	-4.76895
390	7	21	5	62	4	61	44	-7.51621	-3.807	-5.67304	-7.45254
391	1	2	215	4	90	24	8	-32.7194	-34.7831	-21.6523	-22.0607
392	2	1	21	3	2	1	5	-2.93418	-2.4737	-4.43445	-4.49649
393	1	4	2	2	6	3	17	-4.68571	-2.42811	-4.57118	-5.51296
394	2	4	1	2	2	1	5	-2.77239	-3.63978	-4.19172	-4.1067
395	2	1	12	3	2	1	5	-2.62419	-2.10018	-3.68407	-4.8049
396	1	2	3	4	5	9	3	-4.66019	-2.46659	-3.64178	-4.93311
397	2	1	5	3	2	3	5	-4.24599	-3.23692	-5.41213	-4.76895
398	10	1	16	19	10	5	7	-6.34158	-2.72567	-4.20707	-5.17507
399	2	1	2	3	2	959	5	-8.6055	-11.7472	-10.622	-9.94071
400	10	1	16	19	10	5	7	-6.34158	-2.72567	-4.20707	-5.17507
401	2	4	1	2	7	1	5	-2.30133	-5.73622	-6.26198	-5.14435
402	2	1	12	3	2	1	5	-2.62419	-2.10018	-3.68407	-4.8049
403	8	10	149	2	11	12	6	-4.88382	-3.94836	-5.70718	-7.12155
404	2	4	1	2	7	1	5	-2.30133	-5.73622	-6.26198	-5.14435
405	4	7	10	4	1	7	1	-1.82357	-3.84487	-2.59144	-1.9192
406	4	7	10	4	1	7	1	-1.82357	-3.84487	-2.59144	-1.9192
407	2	4	5	2	2	5	5	-3.66762	-7.09669	-7.14119	-5.8651
408	2	1	12	3	2	1	5	-2.62419	-2.10018	-3.68407	-4.8049
409	166	2	27	10	151	3	1	-33.979	-36.2232	-26.57	-25.7329
410	33	39	30	79	113	44	17	-26.0632	-24.6754	-25.447	-27.0266
411	7	17	2	15	23	3	12	-6.89628	-10.3327	-11.0954	-10.11
412	1	2	3	4	5	9	3	-4.66019	-2.46659	-3.64178	-4.93311
413	2	4	1	2	7	1	5	-2.30133	-5.73622	-6.26198	-5.14435
414	7	21	5	62	4	61	44	-7.51621	-3.807	-5.67304	-7.45254
415	2	1	12	3	2	1	5	-2.62419	-2.10018	-3.68407	-4.8049
416	1	2	3	4	5	9	3	-4.66019	-2.46659	-3.64178	-4.93311
417	2	1	5	88	2	11	5	-8.83506	-5.3293	-6.08618	-8.23921
418	2	4	1	2	7	1	5	-2.30133	-5.73622	-6.26198	-5.14435
419	2	1	21	3	2	1	5	-2.93418	-2.4737	-4.43445	-4.49649
420	7	17	2	15	23	3	12	-6.89628	-10.3327	-11.0954	-10.11
421	2	1	5	88	2	11	5	-8.83506	-5.3293	-6.08618	-8.23921
422	47	2	4	2	6	5	17	-10.2399	-10.6861	-6.24905	-8.64804
423	1	2	3	4	5	9	3	-4.66019	-2.46659	-3.64178	-4.93311
424	7	17	2	15	23	3	12	-6.89628	-10.3327	-11.0954	-10.11
425	2	4	1	2	2	1	5	-2.77239	-3.63978	-4.19172	-4.1067
426	2	4	1	2	2	1	5	-2.77239	-3.63978	-4.19172	-4.1067
427	2	4	1	2	2	1	5	-2.77239	-3.63978	-4.19172	-4.1067
428	2	1	12	3	2	1	5	-2.62419	-2.10018	-3.68407	-4.8049
429	2	4	5	2	2	5	5	-3.66762	-7.09669	-7.14119	-5.8651
430	2	1	21	3	2	1	5	-2.93418	-2.4737	-4.43445	-4.49649
431	4	7	10	4	42	25	1	-8.62208	-10.6153	-5.74914	-5.15828
432	1	4	2	2	6	3	17	-4.68571	-2.42811	-4.57118	-5.51296
433	1	2	215	4	923	24	8	-32.7194	-34.7831	-21.6523	-22.0607
434	1	2	3	4	5	9	3	-4.66019	-2.46659	-3.64178	-4.93311
435	2	1	1	3	2	1	5	-4.62374	-3.77057	-6.38816	-7.14415
436	1	4	2	2	6	3	17	-4.68571	-2.42811	-4.57118	-5.51296
437	2	4	1	2	2	1	5	-2.77239	-3.63978	-4.19172	-4.1067
438	2	1	5	3	2	5	5	-5.61073	-2.81346	-4.12317	-5.51229
439	4	7	10	4	42	51	1	-2.92582	-4.64118	-4.85824	-3.78999
440	4	7	10	4	1	7	1	-1.82357	-3.84487	-2.59144	-1.9192
441	4	7	10	4	1	7	1	-1.82357	-3.84487	-2.59144	-1.9192
442	4	7	10	4	1	7	1	-1.82357	-3.84487	-2.59144	-1.9192
443	2	1	21	3	2	1	5	-2.93418	-2.4737	-4.43445	-4.49649
444	2	1	21	3	2	1	5	-2.93418	-2.4737	-4.43445	-4.49649
445	2	4	1	2	7	1	5	-2.30133	-5.73622	-6.26198	-5.14435
446	4	7	10	4	1	7	1	-1.82357	-3.84487	-2.59144	-1.9192
447	4	7	10	4	1	7	1	-1.82357	-3.84487	-2.59144	-1.9192
448	2	1	1	3	2	1	5	-4.62374	-3.77057	-6.38816	-7.14415
449	2	1	21	3	2	1	5	-2.93418	-2.4737	-4.43445	-4.49649
450	2	1	21	3	2	1	5	-2.93418	-2.4737	-4.43445	-4.49649
451	4	7	10	4	42	51	1	-2.92582	-4.64118	-4.85824	-3.78999
452	4	7	10	1	1	7	1	-5.26434	-8.59042	-6.01544	-6.10763
453	239	27	16	19	10	5	7	-10.2235	-6.44582	-9.13654	-10.4506
454	2	1	12	3	2	1	5	-2.62419	-2.10018	-3.68407	-4.8049
455	2	4	1	2	2	1	5	-2.77239	-3.63978	-4.19172	-4.1067
456	2	1	12	3	2	1	5	-2.62419	-2.10018	-3.68407	-4.8049
457	2	1	12	3	2	1	5	-2.62419	-2.10018	-3.68407	-4.8049
458	10	81	50	99	120	76	52	-6.67874	-6.39992	-5.26427	-5.15107
459	47	2	4	2	6	5	17	-10.2399	-10.6861	-6.24905	-8.64804
460	2	4	1	3	2	1	5	-6.82358	-8.84723	-10.0749	-9.79659
461	4	7	10	4	1	7	1	-1.82357	-3.84487	-2.59144	-1.9192
462	2	1	1	380	2	1	5	-6.15943	-5.7172	-8.30115	-8.86951
463	2	4	1	2	7	1	5	-2.30133	-5.73622	-6.26198	-5.14435
464	2	1	12	88	2	1	5	-3.95341	-3.41371	-5.72336	-5.30996
465	7	71	5	62	11	67	1	-32.4534	-30.1424	-26.1453	-27.9058
466	2	4	1	2	7	1	5	-2.30133	-5.73622	-6.26198	-5.14435
467	4	7	10	4	1	7	1	-1.82357	-3.84487	-2.59144	-1.9192
468	2	1	1	380	2	1	5	-6.15943	-5.7172	-8.30115	-8.86951
469	2	4	1	2	2	1	5	-2.77239	-3.63978	-4.19172	-4.1067
470	2	1	12	3	2	1	5	-2.62419	-2.10018	-3.68407	-4.8049
471	1	14	2	2	6	1	17	-9.395	-6.43397	-7.57564	-6.30582
472	1	2	4	62	4	5	17	-6.11637	-4.82525	-7.46583	-8.39034
473	4	7	10	4	1	7	1	-1.82357	-3.84487	-2.59144	-1.9192
474	2	1	21	3	2	1	5	-2.93418	-2.4737	-4.43445	-4.49649
475	2	4	1	2	2	1	5	-2.77239	-3.63978	-4.19172	-4.1067
476	1	4	2	2	6	3	17	-4.68571	-2.42811	-4.57118	-5.51296
477	4	7	10	4	1	7	1	-1.82357	-3.84487	-2.59144	-1.9192
478	10	2	107	62	120	76	1	-6.85071	-10.3162	-7.77968	-6.29761
479	2	1	12	3	2	1	5	-2.62419	-2.10018	-3.68407	-4.8049
480	2	1	5	3	2	3	5	-4.24599	-3.23692	-5.41213	-4.76895
481	2	1	21	3	2	1	5	-2.93418	-2.4737	-4.43445	-4.49649
482	1	2	3	4	5	9	3	-4.66019	-2.46659	-3.64178	-4.93311
483	1	307	3	4	5	9	3	-6.82685	-6.40818	-6.17882	-8.3103
484	7	2	5	2	10	3	6	-31.4302	-28.4913	-29.082	-28.74
485	1	2	3	4	5	9	3	-4.66019	-2.46659	-3.64178	-4.93311
486	33	39	30	82	104	173	68	-5.40714	-3.955	-6.6066	-7.58119
487	4	7	10	4	42	7	1	-6.58385	-9.67703	-5.49909	-4.64006
488	2	1	12	88	2	1	5	-3.95341	-3.41371	-5.72336	-5.30996
489	2	4	1	2	2	1	5	-2.77239	-3.63978	-4.19172	-4.1067
490	2	1	21	3	2	1	5	-2.93418	-2.4737	-4.43445	-4.49649
491	9	2	4	62	4	5	6	-3.71151	-5.19107	-5.94499	-6.69077
492	2	1	5	3	2	3	5	-4.24599	-3.23692	-5.41213	-4.76895
493	4	7	10	4	1	7	1	-1.82357	-3.84487	-2.59144	-1.9192
494	2	1	57	26	127	29	35	-6.85717	-9.79531	-6.23742	-8.42428
495	2	1	57	26	127	29	35	-6.85717	-9.79531	-6.23742	-8.42428
496	2	4	2	4	19	3	6	-5.79286	-9.22763	-9.98776	-8.99993
497	2	1	12	3	2	1	5	-2.62419	-2.10018	-3.68407	-4.8049
498	2	4	1	2	2	1	5	-2.77239	-3.63978	-4.19172	-4.1067
499	2	4	1	2	2	1	5	-2.77239	-3.63978	-4.19172	-4.1067
500	2	1	21	3	2	1	5	-2.93418	-2.4737	-4.43445	-4.49649
501	33	39	65	79	104	43	17	-4.5929	-8.02995	-8.79219	-7.80748
502	1	14	2	2	6	1	17	-9.395	-6.43397	-7.57564	-6.30582
503	2	1	12	3	2	1	5	-2.62419	-2.10018	-3.68407	-4.8049
504	7	21	5	62	4	61	44	-7.51621	-3.807	-5.67304	-7.45254
505	9	2	4	62	4	5	6	-3.71151	-5.19107	-5.94499	-6.69077
506	129	66	30	82	189	47	17	-3.24412	-4.88102	-5.46744	-4.13416
507	2	1	21	3	2	1	5	-2.93418	-2.4737	-4.43445	-4.49649
508	47	2	4	2	6	5	17	-10.2399	-10.6861	-6.24905	-8.64804
509	2	4	1	2	7	1	5	-2.30133	-5.73622	-6.26198	-5.14435
510	33	38	30	82	104	325	36	-15.0773	-11.4592	-11.9029	-13.4451
511	1	4	2	2	6	3	17	-4.68571	-2.42811	-4.57118	-5.51296
512	1	4	2	2	6	3	17	-4.68571	-2.42811	-4.57118	-5.51296
513	2	4	1	2	2	1	5	-2.77239	-3.63978	-4.19172	-4.1067
514	4	7	10	4	1	7	1	-1.82357	-3.84487	-2.59144	-1.9192
515	33	283	44	82	189	44	17	-7.11961	-3.44864	-5.40792	-5.97324
516	8	10	149	2	11	12	6	-4.88382	-3.94836	-5.70718	-7.12155
517	2	1	21	3	62	1	5	-5.7902	-9.21797	-9.98566	-9.00189
518	10	1	16	19	10	5	7	-6.34158	-2.72567	-4.20707	-5.17507
519	180	194	2	68	19	231	147	-29.5608	-33.7825	-23.3119	-23.4747
520	2	4	1	2	7	1	5	-2.30133	-5.73622	-6.26198	-5.14435
521	2	4	2	2	6	1	5	-6.09304	-4.81328	-5.98553	-7.81297
522	1	2	3	4	5	9	3	-4.66019	-2.46659	-3.64178	-4.93311
523	2	1	21	3	2	1	5	-2.93418	-2.4737	-4.43445	-4.49649
524	2	1	12	3	2	1	5	-2.62419	-2.10018	-3.68407	-4.8049
525	2	1	5	3	2	3	5	-4.24599	-3.23692	-5.41213	-4.76895
526	1	307	3	4	5	9	3	-6.82685	-6.40818	-6.17882	-8.3103
527	2	4	1	2	7	1	5	-2.30133	-5.73622	-6.26198	-5.14435
528	2	1	12	3	2	1	5	-2.62419	-2.10018	-3.68407	-4.8049
529	7	21	5	62	4	61	44	-7.51621	-3.807	-5.67304	-7.45254
530	2	1	5	3	2	3	5	-4.24599	-3.23692	-5.41213	-4.76895
531	2	1	12	88	2	1	5	-3.95341	-3.41371	-5.72336	-5.30996
532	2	1	21	3	2	1	5	-2.93418	-2.4737	-4.43445	-4.49649
533	1	4	2	2	6	3	17	-4.68571	-2.42811	-4.57118	-5.51296
534	2	4	1	2	7	1	5	-2.30133	-5.73622	-6.26198	-5.14435
535	47	2	4	2	6	5	17	-10.2399	-10.6861	-6.24905	-8.64804
536	1	4	2	2	6	3	17	-4.68571	-2.42811	-4.57118	-5.51296
537	1	2	3	4	5	9	3	-4.66019	-2.46659	-3.64178	-4.93311
538	2	4	1	2	2	1	5	-2.77239	-3.63978	-4.19172	-4.1067
539	4	7	10	4	42	7	1	-6.58385	-9.67703	-5.49909	-4.64006
540	2	4	1	9	2	1	5	-7.61223	-8.6506	-6.95677	-7.09973
541	2	1	12	3	2	1	5	-2.62419	-2.10018	-3.68407	-4.8049
542	1	4	2	9	6	3	17	-9.53016	-7.38857	-7.30646	-8.48717
543	1	2	3	4	922	9	3	-9.51502	-7.47915	-6.40766	-7.92809
544	4	7	10	4	1	7	1	-1.82357	-3.84487	-2.59144	-1.9192
545	2	1	5	3	2	3	5	-4.24599	-3.23692	-5.41213	-4.76895
546	2	4	1	2	7	1	5	-2.30133	-5.73622	-6.26198	-5.14435
547	4	7	10	4	1	7	1	-1.82357	-3.84487	-2.59144	-1.9192
548	2	4	1	2	2	1	5	-2.77239	-3.63978	-4.19172	-4.1067
549	2	1	21	3	2	1	5	-2.93418	-2.4737	-4.43445	-4.49649
550	4	7	10	4	1	7	1	-1.82357	-3.84487	-2.59144	-1.9192
551	1	4	2	2	6	3	17	-4.68571	-2.42811	-4.57118	-5.51296
552	2	1	5	3	2	5	5	-5.61073	-2.81346	-4.12317	-5.51229
553	2	1	12	3	2	1	5	-2.62419	-2.10018	-3.68407	-4.8049
554	4	936	10	4	1	7	1	-6.67303	-8.85435	-5.33295	-4.91643
555	180	194	2	68	19	231	147	-29.5608	-33.7825	-23.3119	-23.4747
556	4	7	10	4	42	51	1	-2.92582	-4.64118	-4.85824	-3.78999
557	4	7	10	4	42	25	1	-8.62208	-10.6153	-5.74914	-5.15828
558	2	1	21	3	2	1	5	-2.93418	-2.4737	-4.43445	-4.49649
559	2	1	5	3	2	3	5	-4.24599	-3.23692	-5.41213	-4.76895
560	2	1	5	3	2	3	5	-4.24599	-3.23692	-5.41213	-4.76895
561	4	7	10	4	42	51	1	-2.92582	-4.64118	-4.85824	-3.78999
562	4	7	10	4	1	7	1	-1.82357	-3.84487	-2.59144	-1.9192
563	2	4	1	2	7	1	5	-2.30133	-5.73622	-6.26198	-5.14435
564	2	1	21	3	2	1	5	-2.93418	-2.4737	-4.43445	-4.49649
565	1	4	2	2	6	3	17	-4.68571	-2.42811	-4.57118	-5.51296
566	188	313	5	2	89	5	6	-40.9727	-37.8868	-37.4618	-40.0559
567	2	1	21	3	2	1	5	-2.93418	-2.4737	-4.43445	-4.49649
568	2	1	1	3	2	1	5	-4.62374	-3.77057	-6.38816	-7.14415
569	2	1	5	3	2	3	5	-4.24599	-3.23692	-5.41213	-4.76895
570	2	4	1	2	2	1	5	-2.77239	-3.63978	-4.19172	-4.1067
571	2	1	5	3	2	3	5	-4.24599	-3.23692	-5.41213	-4.76895
572	2	1	1	3	2	1	5	-4.62374	-3.77057	-6.38816	-7.14415
573	2	1	5	3	2	3	5	-4.24599	-3.23692	-5.41213	-4.76895
574	1	4	2	2	6	3	17	-4.68571	-2.42811	-4.57118	-5.51296
575	1	4	2	2	6	3	17	-4.68571	-2.42811	-4.57118	-5.51296
576	2	1	21	3	2	1	5	-2.93418	-2.4737	-4.43445	-4.49649
577	239	27	16	19	10	5	7	-10.2235	-6.44582	-9.13654	-10.4506
578	2	4	5	2	2	5	5	-3.66762	-7.09669	-7.14119	-5.8651
579	9	2	4	62	4	5	6	-3.71151	-5.19107	-5.94499	-6.69077
580	2	1	1	3	2	1	5	-4.62374	-3.77057	-6.38816	-7.14415
581	2	1	5	3	2	3	5	-4.24599	-3.23692	-5.41213	-4.76895
582	1	4	2	2	6	3	17	-4.68571	-2.42811	-4.57118	-5.51296
583	2	4	5	2	2	5	5	-3.66762	-7.09669	-7.14119	-5.8651
584	2	4	5	2	2	5	5	-3.66762	-7.09669	-7.14119	-5.8651
585	2	1	5	3	2	3	5	-4.24599	-3.23692	-5.41213	-4.76895
586	2	1	1	380	2	1	5	-6.15943	-5.7172	-8.30115	-8.86951
587	2	7	10	4	1	7	1	-6.57435	-9.06083	-8.12262	-7.16759
588	2	1	12	3	2	1	5	-2.62419	-2.10018	-3.68407	-4.8049
589	2	4	1	2	2	1	5	-2.77239	-3.63978	-4.19172	-4.1067
590	9	2	4	62	4	5	6	-3.71151	-5.19107	-5.94499	-6.69077
591	2	4	5	2	2	5	5	-3.66762	-7.09669	-7.14119	-5.8651
592	1	4	2	2	6	3	17	-4.68571	-2.42811	-4.57118	-5.51296
593	1	4	2	2	6	5	17	-12.82	-9.03435	-11.557	-13.5917
594	2	4	2	2	6	1	5	-6.09304	-4.81328	-5.98553	-7.81297
595	1	4	2	2	6	5	17	-12.82	-9.03435	-11.557	-13.5917
596	2	23	21	3	2	1	5	-7.78999	-7.48952	-7.20203	-7.49311
597	7	21	5	62	4	61	44	-7.51621	-3.807	-5.67304	-7.45254
598	2	4	1	2	2	1	5	-2.77239	-3.63978	-4.19172	-4.1067
599	1	307	3	4	5	9	3	-6.82685	-6.40818	-6.17882	-8.3103
600	1	2	3	4	5	9	3	-4.66019	-2.46659	-3.64178	-4.93311
601	9	2	4	62	4	5	6	-3.71151	-5.19107	-5.94499	-6.69077
602	2	1	12	3	2	1	5	-2.62419	-2.10018	-3.68407	-4.8049
603	1	4	2	2	6	3	17	-4.68571	-2.42811	-4.57118	-5.51296
604	10	1	16	19	10	5	7	-6.34158	-2.72567	-4.20707	-5.17507
605	2	1	12	3	2	1	5	-2.62419	-2.10018	-3.68407	-4.8049
606	180	194	2	68	19	231	147	-29.5608	-33.7825	-23.3119	-23.4747
607	2	1	12	3	2	1	5	-2.62419	-2.10018	-3.68407	-4.8049
608	4	7	10	4	1	7	1	-1.82357	-3.84487	-2.59144	-1.9192
609	129	66	30	82	189	47	17	-3.24412	-4.88102	-5.46744	-4.13416
610	4	7	10	4	1	7	1	-1.82357	-3.84487	-2.59144	-1.9192
611	2	1	12	3	2	1	5	-2.62419	-2.10018	-3.68407	-4.8049
612	2	1	21	3	2	1	5	-2.93418	-2.4737	-4.43445	-4.49649
613	4	7	10	4	1	7	1	-1.82357	-3.84487	-2.59144	-1.9192
614	10	1	16	19	10	5	7	-6.34158	-2.72567	-4.20707	-5.17507
615	8	10	149	2	11	12	6	-4.88382	-3.94836	-5.70718	-7.12155
616	129	66	30	82	189	47	17	-3.24412	-4.88102	-5.46744	-4.13416
617	2	4	1	2	2	1	5	-2.77239	-3.63978	-4.19172	-4.1067
618	180	194	2	68	19	231	147	-29.5608	-33.7825	-23.3119	-23.4747
619	2	1	5	3	2	3	5	-4.24599	-3.23692	-5.41213	-4.76895
620	2	4	1	2	2	1	5	-2.77239	-3.63978	-4.19172	-4.1067
621	1	2	3	4	5	9	3	-4.66019	-2.46659	-3.64178	-4.93311
622	180	194	2	68	19	231	147	-29.5608	-33.7825	-23.3119	-23.4747
623	33	39	65	79	104	43	17	-4.5929	-8.02995	-8.79219	-7.80748
624	2	4	5	2	2	5	5	-3.66762	-7.09669	-7.14119	-5.8651
625	2	1	5	3	2	5	5	-5.61073	-2.81346	-4.12317	-5.51229
626	2	1	12	3	2	1	5	-2.62419	-2.10018	-3.68407	-4.8049
627	180	194	2	68	19	231	147	-29.5608	-33.7825	-23.3119	-23.4747
628	2	1	21	3	2	1	5	-2.93418	-2.4737	-4.43445	-4.49649
629	2	1	5	3	2	5	5	-5.61073	-2.81346	-4.12317	-5.51229
630	2	1	21	3	2	1	5	-2.93418	-2.4737	-4.43445	-4.49649
631	1	2	3	4	5	9	3	-4.66019	-2.46659	-3.64178	-4.93311
632	2	1	21	3	2	1	5	-2.93418	-2.4737	-4.43445	-4.49649
633	8	10	2	2	11	12	6	-3.94951	-7.34726	-8.14345	-7.16372
634	2	4	1	2	7	1	5	-2.30133	-5.73622	-6.26198	-5.14435
635	2	1	5	3	2	3	5	-4.24599	-3.23692	-5.41213	-4.76895
636	1	2	3	4	5	9	3	-4.66019	-2.46659	-3.64178	-4.93311
637	9	2	4	62	4	5	6	-3.71151	-5.19107	-5.94499	-6.69077
638	2	1	21	3	2	1	5	-2.93418	-2.4737	-4.43445	-4.49649
639	8	10	149	2	11	12	6	-4.88382	-3.94836	-5.70718	-7.12155
640	2	1	12	88	2	1	5	-3.95341	-3.41371	-5.72336	-5.30996
641	2	4	1	2	2	1	5	-2.77239	-3.63978	-4.19172	-4.1067
642	2	1	5	10	10	1	5	-23.4385	-24.1416	-22.9667	-23.5542
643	1	2	3	4	5	9	3	-4.66019	-2.46659	-3.64178	-4.93311
644	2	4	1	2	7	1	5	-2.30133	-5.73622	-6.26198	-5.14435
645	2	4	1	2	2	1	5	-2.77239	-3.63978	-4.19172	-4.1067
646	1	2	3	4	5	9	3	-4.66019	-2.46659	-3.64178	-4.93311
647	2	1	12	88	2	1	5	-3.95341	-3.41371	-5.72336	-5.30996
648	4	7	10	4	1	7	1	-1.82357	-3.84487	-2.59144	-1.9192
649	2	1	21	3	2	1	5	-2.93418	-2.4737	-4.43445	-4.49649
650	2	4	1	2	7	1	5	-2.30133	-5.73622	-6.26198	-5.14435
651	33	38	30	82	118	43	17	-20.13	-19.17	-21.6244	-22.0867
652	2	4	1	2	2	1	5	-2.77239	-3.63978	-4.19172	-4.1067
653	2	1	5	3	2	3	5	-4.24599	-3.23692	-5.41213	-4.76895
654	4	7	10	4	1	7	1	-1.82357	-3.84487	-2.59144	-1.9192
655	8	10	2	2	11	12	6	-3.94951	-7.34726	-8.14345	-7.16372
656	2	4	5	2	2	5	5	-3.66762	-7.09669	-7.14119	-5.8651
657	4	7	10	4	1	7	1	-1.82357	-3.84487	-2.59144	-1.9192
658	2	1	5	3	2	3	5	-4.24599	-3.23692	-5.41213	-4.76895
659	33	39	30	82	113	47	17	-5.77277	-5.72187	-8.25051	-8.62182
660	2	1	21	3	2	1	5	-2.93418	-2.4737	-4.43445	-4.49649
661	2	4	1	2	7	1	5	-2.30133	-5.73622	-6.26198	-5.14435
662	2	1	1	3	2	1	5	-4.62374	-3.77057	-6.38816	-7.14415
663	4	7	10	4	1	7	1	-1.82357	-3.84487	-2.59144	-1.9192
664	7	21	5	62	4	61	44	-7.51621	-3.807	-5.67304	-7.45254
665	10	81	50	99	120	76	52	-6.67874	-6.39992	-5.26427	-5.15107
666	4	7	10	4	1	7	1	-1.82357	-3.84487	-2.59144	-1.9192
667	1	2	3	4	5	9	3	-4.66019	-2.46659	-3.64178	-4.93311
668	1	2	3	4	5	9	3	-4.66019	-2.46659	-3.64178	-4.93311
669	2	4	1	2	7	1	5	-2.30133	-5.73622	-6.26198	-5.14435
670	4	7	10	4	1	7	1	-1.82357	-3.84487	-2.59144	-1.9192
671	2	1	5	3	2	3	5	-4.24599	-3.23692	-5.41213	-4.76895
672	1	4	2	2	6	3	17	-4.68571	-2.42811	-4.57118	-5.51296
673	4	935	10	4	1	7	1	-6.67303	-8.85435	-5.33295	-4.91643
674	10	1	16	19	10	5	7	-6.34158	-2.72567	-4.20707	-5.17507
675	4	7	10	4	1	7	1	-1.82357	-3.84487	-2.59144	-1.9192
676	33	39	65	79	104	43	17	-4.5929	-8.02995	-8.79219	-7.80748
677	2	4	2	2	6	1	5	-6.09304	-4.81328	-5.98553	-7.81297
678	4	7	10	4	42	25	1	-8.62208	-10.6153	-5.74914	-5.15828
679	1	4	2	2	6	3	17	-4.68571	-2.42811	-4.57118	-5.51296
680	4	7	10	4	42	25	1	-8.62208	-10.6153	-5.74914	-5.15828
681	4	7	10	4	42	25	1	-8.62208	-10.6153	-5.74914	-5.15828
682	4	7	10	4	1	7	1	-1.82357	-3.84487	-2.59144	-1.9192
683	2	4	1	2	7	1	5	-2.30133	-5.73622	-6.26198	-5.14435
684	4	7	10	4	1	7	1	-1.82357	-3.84487	-2.59144	-1.9192
685	4	7	10	4	42	7	1	-6.58385	-9.67703	-5.49909	-4.64006
686	10	27	16	19	10	5	7	-20.5604	-13.1178	-16.0306	-17.4469
687	10	81	50	99	120	76	52	-6.67874	-6.39992	-5.26427	-5.15107
688	4	7	10	4	1	7	1	-1.82357	-3.84487	-2.59144	-1.9192
689	4	7	10	4	42	51	1	-2.92582	-4.64118	-4.85824	-3.78999
690	4	7	10	4	1	7	1	-1.82357	-3.84487	-2.59144	-1.9192
691	10	81	50	99	120	76	52	-6.67874	-6.39992	-5.26427	-5.15107
692	2	4	1	2	2	1	5	-2.77239	-3.63978	-4.19172	-4.1067
693	4	7	10	4	42	51	1	-2.92582	-4.64118	-4.85824	-3.78999
694	4	7	10	4	42	51	1	-2.92582	-4.64118	-4.85824	-3.78999
695	4	7	10	4	42	51	1	-2.92582	-4.64118	-4.85824	-3.78999
696	8	10	2	2	11	12	6	-3.94951	-7.34726	-8.14345	-7.16372
697	33	38	30	82	104	43	17	-5.28591	-8.7223	-9.48269	-8.49587
698	4	7	10	4	1	7	1	-1.82357	-3.84487	-2.59144	-1.9192
699	10	81	50	99	120	76	52	-6.67874	-6.39992	-5.26427	-5.15107
700	2	4	1	2	7	1	5	-2.30133	-5.73622	-6.26198	-5.14435
701	4	7	10	4	1	7	1	-1.82357	-3.84487	-2.59144	-1.9192
702	4	7	10	4	1	7	1	-1.82357	-3.84487	-2.59144	-1.9192
703	10	81	50	99	120	76	52	-6.67874	-6.39992	-5.26427	-5.15107
704	4	7	10	4	42	51	1	-2.92582	-4.64118	-4.85824	-3.78999
705	9	2	4	62	4	5	6	-3.71151	-5.19107	-5.94499	-6.69077
706	4	7	10	4	1	7	1	-1.82357	-3.84487	-2.59144	-1.9192
707	2	1	1	3	2	1	5	-4.62374	-3.77057	-6.38816	-7.14415
708	1	14	2	2	6	1	17	-9.395	-6.43397	-7.57564	-6.30582
709	2	4	2	2	6	1	5	-6.09304	-4.81328	-5.98553	-7.81297
710	2	4	2	2	6	1	5	-6.09304	-4.81328	-5.98553	-7.81297
711	4	7	10	4	42	51	1	-2.92582	-4.64118	-4.85824	-3.78999
712	10	2	107	62	120	76	1	-6.85071	-10.3162	-7.77968	-6.29761
713	2	1	12	3	2	1	5	-2.62419	-2.10018	-3.68407	-4.8049
714	2	4	1	2	2	1	5	-2.77239	-3.63978	-4.19172	-4.1067
715	47	2	4	2	6	5	17	-10.2399	-10.6861	-6.24905	-8.64804
716	4	7	10	4	42	5	1	-11.0323	-11.2372	-11.1884	-11.3566
717	2	1	12	3	2	1	5	-2.62419	-2.10018	-3.68407	-4.8049
718	4	7	10	4	42	51	1	-2.92582	-4.64118	-4.85824	-3.78999
719	1	307	3	4	5	9	3	-6.82685	-6.40818	-6.17882	-8.3103
720	2	1	21	3	2	1	5	-2.93418	-2.4737	-4.43445	-4.49649
721	4	7	10	4	1	7	1	-1.82357	-3.84487	-2.59144	-1.9192
722	2	4	1	2	2	1	5	-2.77239	-3.63978	-4.19172	-4.1067
723	2	1	12	3	2	1	5	-2.62419	-2.10018	-3.68407	-4.8049
724	4	7	10	4	1	7	1	-1.82357	-3.84487	-2.59144	-1.9192
725	2	1	21	3	2	1	5	-2.93418	-2.4737	-4.43445	-4.49649
726	2	1	1	3	2	1	5	-4.62374	-3.77057	-6.38816	-7.14415
727	4	7	10	4	1	7	1	-1.82357	-3.84487	-2.59144	-1.9192
728	2	1	12	3	2	1	5	-2.62419	-2.10018	-3.68407	-4.8049
729	1	4	3	2	6	3	17	-14.5379	-9.52109	-11.8166	-14.024
730	2	1	12	3	2	1	5	-2.62419	-2.10018	-3.68407	-4.8049
731	2	1	12	88	2	1	5	-3.95341	-3.41371	-5.72336	-5.30996
732	1	4	2	2	6	3	17	-4.68571	-2.42811	-4.57118	-5.51296
733	4	7	10	4	42	51	1	-2.92582	-4.64118	-4.85824	-3.78999
734	2	1	12	3	2	1	5	-2.62419	-2.10018	-3.68407	-4.8049
735	4	7	10	4	1	7	1	-1.82357	-3.84487	-2.59144	-1.9192
736	2	1	12	88	2	1	5	-3.95341	-3.41371	-5.72336	-5.30996
737	2	1	21	3	2	1	5	-2.93418	-2.4737	-4.43445	-4.49649
738	2	4	5	2	2	5	5	-3.66762	-7.09669	-7.14119	-5.8651
739	2	4	5	2	2	5	5	-3.66762	-7.09669	-7.14119	-5.8651
740	2	1	21	3	62	1	5	-5.7902	-9.21797	-9.98566	-9.00189
741	4	7	10	4	42	25	1	-8.62208	-10.6153	-5.74914	-5.15828
742	1	2	4	62	4	5	17	-6.11637	-4.82525	-7.46583	-8.39034
743	1	2	3	4	5	9	3	-4.66019	-2.46659	-3.64178	-4.93311
744	8	10	2	2	11	12	6	-3.94951	-7.34726	-8.14345	-7.16372
745	2	1	12	88	2	1	5	-3.95341	-3.41371	-5.72336	-5.30996
746	2	4	5	2	2	5	5	-3.66762	-7.09669	-7.14119	-5.8651
747	2	1	12	3	2	1	5	-2.62419	-2.10018	-3.68407	-4.8049
748	7	21	5	62	4	61	44	-7.51621	-3.807	-5.67304	-7.45254
749	9	2	4	62	4	5	6	-3.71151	-5.19107	-5.94499	-6.69077
750	10	1	16	19	10	5	7	-6.34158	-2.72567	-4.20707	-5.17507
751	10	1	16	19	10	5	7	-6.34158	-2.72567	-4.20707	-5.17507
752	8	10	2	2	11	12	6	-3.94951	-7.34726	-8.14345	-7.16372
753	1	4	2	2	6	3	17	-4.68571	-2.42811	-4.57118	-5.51296
754	2	1	12	3	2	1	5	-2.62419	-2.10018	-3.68407	-4.8049
755	2	1	12	88	2	1	5	-3.95341	-3.41371	-5.72336	-5.30996
756	2	29	4	27	10	25	57	-19.9424	-26.5687	-14.2755	-12.0119
757	2	1	5	3	2	3	5	-4.24599	-3.23692	-5.41213	-4.76895
758	2	1	12	3	2	1	5	-2.62419	-2.10018	-3.68407	-4.8049
759	37	52	57	26	107	29	23	-8.41623	-10.5975	-5.64134	-4.89935
760	2	4	1	2	7	1	5	-2.30133	-5.73622	-6.26198	-5.14435
761	1	2	3	4	5	9	3	-4.66019	-2.46659	-3.64178	-4.93311
762	2	1	12	3	2	1	5	-2.62419	-2.10018	-3.68407	-4.8049
763	1	4	2	2	6	3	17	-4.68571	-2.42811	-4.57118	-5.51296
764	1	4	2	2	6	3	17	-4.68571	-2.42811	-4.57118	-5.51296
765	1	2	3	4	5	9	3	-4.66019	-2.46659	-3.64178	-4.93311
766	4	7	10	4	1	7	1	-1.82357	-3.84487	-2.59144	-1.9192
767	2	1	21	3	2	1	5	-2.93418	-2.4737	-4.43445	-4.49649
768	2	1	12	3	2	1	5	-2.62419	-2.10018	-3.68407	-4.8049
769	2	4	1	2	2	5	5	-6.81457	-6.39155	-8.88584	-9.47427
770	2	4	1	2	2	1	5	-2.77239	-3.63978	-4.19172	-4.1067
771	2	4	5	2	2	5	5	-3.66762	-7.09669	-7.14119	-5.8651
772	10	1	16	19	10	5	7	-6.34158	-2.72567	-4.20707	-5.17507
773	7	21	5	62	4	61	44	-7.51621	-3.807	-5.67304	-7.45254
774	9	2	4	62	4	5	6	-3.71151	-5.19107	-5.94499	-6.69077
775	2	1	12	3	2	1	5	-2.62419	-2.10018	-3.68407	-4.8049
776	1	4	2	2	6	3	17	-4.68571	-2.42811	-4.57118	-5.51296
777	4	7	10	4	1	7	1	-1.82357	-3.84487	-2.59144	-1.9192
778	2	1	12	3	2	1	5	-2.62419	-2.10018	-3.68407	-4.8049
779	2	1	5	3	2	5	5	-5.61073	-2.81346	-4.12317	-5.51229
780	2	23	21	3	2	1	5	-7.78999	-7.48952	-7.20203	-7.49311
781	2	4	5	2	2	5	5	-3.66762	-7.09669	-7.14119	-5.8651
782	2	4	2	2	6	1	5	-6.09304	-4.81328	-5.98553	-7.81297
783	2	1	12	3	2	1	5	-2.62419	-2.10018	-3.68407	-4.8049
784	4	7	10	4	42	51	1	-2.92582	-4.64118	-4.85824	-3.78999
785	7	17	5	2	86	232	1	-30.4913	-35.1318	-27.6391	-26.3779
786	2	4	1	2	2	1	5	-2.77239	-3.63978	-4.19172	-4.1067
787	2	1	12	3	2	1	5	-2.62419	-2.10018	-3.68407	-4.8049
788	2	1	21	3	2	1	5	-2.93418	-2.4737	-4.43445	-4.49649
789	7	17	2	15	23	3	12	-6.89628	-10.3327	-11.0954	-10.11
790	2	1	5	3	2	5	5	-5.61073	-2.81346	-4.12317	-5.51229
791	1	6	60	24	12	28	1	-32.577	-35.4162	-19.8587	-20.9783
792	1	2	3	4	5	9	3	-4.66019	-2.46659	-3.64178	-4.93311
793	2	4	5	2	2	5	5	-3.66762	-7.09669	-7.14119	-5.8651
794	1	2	3	4	5	9	3	-4.66019	-2.46659	-3.64178	-4.93311
795	1	6	60	24	12	28	1	-32.577	-35.4162	-19.8587	-20.9783
796	9	2	4	62	4	5	6	-3.71151	-5.19107	-5.94499	-6.69077
797	2	4	1	2	2	1	5	-2.77239	-3.63978	-4.19172	-4.1067
798	4	7	10	4	1	7	1	-1.82357	-3.84487	-2.59144	-1.9192
799	2	4	5	2	2	5	5	-3.66762	-7.09669	-7.14119	-5.8651
800	7	2	2	2	11	12	6	-4.49613	-7.93295	-8.69501	-7.71012
801	2	1	21	3	2	1	941	-7.79032	-7.47036	-7.19276	-7.49015
802	9	2	2	10	10	3	5	-29.9028	-26.1452	-25.9888	-25.3938
803	8	10	149	2	11	12	6	-4.88382	-3.94836	-5.70718	-7.12155
804	7	1	5	2	10	3	6	-32.4359	-30.4359	-29.8167	-28.9814
805	2	1	21	3	2	1	5	-2.93418	-2.4737	-4.43445	-4.49649
806	33	39	30	82	113	43	17	-9.47014	-6.42929	-6.19817	-8.49731
807	1	6	60	24	12	28	1	-32.577	-35.4162	-19.8587	-20.9783
808	1	6	60	24	12	28	1	-32.577	-35.4162	-19.8587	-20.9783
809	7	17	2	15	23	3	12	-6.89628	-10.3327	-11.0954	-10.11
810	1	4	2	2	6	3	17	-4.68571	-2.42811	-4.57118	-5.51296
811	1	4	2	2	6	3	17	-4.68571	-2.42811	-4.57118	-5.51296
812	7	21	5	62	4	61	44	-7.51621	-3.807	-5.67304	-7.45254
813	239	27	16	19	10	5	7	-10.2235	-6.44582	-9.13654	-10.4506
814	9	2	4	62	4	5	6	-3.71151	-5.19107	-5.94499	-6.69077
815	10	1	16	19	10	5	7	-6.34158	-2.72567	-4.20707	-5.17507
816	2	1	5	3	2	5	5	-5.61073	-2.81346	-4.12317	-5.51229
817	2	4	5	2	2	5	5	-3.66762	-7.09669	-7.14119	-5.8651
818	8	10	2	2	11	12	6	-3.94951	-7.34726	-8.14345	-7.16372
819	7	17	2	15	23	3	12	-6.89628	-10.3327	-11.0954	-10.11
820	2	4	1	4	1	1	5	-15.501	-18.6774	-15.8565	-14.9756
821	4	7	10	4	1	7	1	-1.82357	-3.84487	-2.59144	-1.9192
822	8	10	149	2	11	12	6	-4.88382	-3.94836	-5.70718	-7.12155
823	2	1	12	88	2	1	5	-3.95341	-3.41371	-5.72336	-5.30996
824	2	4	2	2	6	1	5	-6.09304	-4.81328	-5.98553	-7.81297
825	10	81	50	99	120	76	52	-6.67874	-6.39992	-5.26427	-5.15107
826	2	4	5	2	2	5	5	-3.66762	-7.09669	-7.14119	-5.8651
827	2	4	1	2	2	5	5	-6.81457	-6.39155	-8.88584	-9.47427
828	8	10	149	2	11	12	6	-4.88382	-3.94836	-5.70718	-7.12155
829	1	4	2	2	6	3	17	-4.68571	-2.42811	-4.57118	-5.51296
830	2	165	73	147	220	190	104	-8.87756	-13.2765	-6.71941	-5.22215
831	4	7	10	4	42	25	1	-8.62208	-10.6153	-5.74914	-5.15828
832	7	2	2	2	11	12	6	-4.49613	-7.93295	-8.69501	-7.71012
833	1	6	60	24	12	28	1	-32.577	-35.4162	-19.8587	-20.9783
834	2	1	12	3	2	1	5	-2.62419	-2.10018	-3.68407	-4.8049
835	33	39	65	79	104	77	17	-5.28584	-8.72259	-9.48541	-8.5005
836	4	7	10	4	1	7	1	-1.82357	-3.84487	-2.59144	-1.9192
837	1	2	3	4	5	9	3	-4.66019	-2.46659	-3.64178	-4.93311
838	2	1	21	3	2	1	5	-2.93418	-2.4737	-4.43445	-4.49649
839	2	1	12	3	2	1	5	-2.62419	-2.10018	-3.68407	-4.8049
840	4	7	10	4	1	7	1	-1.82357	-3.84487	-2.59144	-1.9192
841	2	4	1	2	7	1	5	-2.30133	-5.73622	-6.26198	-5.14435
842	184	39	30	82	113	43	17	-3.94892	-6.1168	-7.83318	-7.1283
843	4	7	10	4	1	7	1	-1.82357	-3.84487	-2.59144	-1.9192
844	2	4	1	2	2	1	5	-2.77239	-3.63978	-4.19172	-4.1067
845	4	7	10	4	1	7	1	-1.82357	-3.84487	-2.59144	-1.9192
846	2	1	12	88	2	1	5	-3.95341	-3.41371	-5.72336	-5.30996
847	2	1	21	3	2	1	5	-2.93418	-2.4737	-4.43445	-4.49649
848	1	2	3	4	5	9	3	-4.66019	-2.46659	-3.64178	-4.93311
849	4	7	10	4	1	7	1	-1.82357	-3.84487	-2.59144	-1.9192
850	2	1	21	3	2	1	5	-2.93418	-2.4737	-4.43445	-4.49649
851	8	10	2	2	11	12	6	-3.94951	-7.34726	-8.14345	-7.16372
852	2	4	1	2	2	1	5	-2.77239	-3.63978	-4.19172	-4.1067
853	2	4	1	2	2	1	5	-2.77239	-3.63978	-4.19172	-4.1067
854	2	4	2	2	6	1	5	-6.09304	-4.81328	-5.98553	-7.81297
855	2	4	1	2	2	1	5	-2.77239	-3.63978	-4.19172	-4.1067
856	2	4	1	2	2	1	5	-2.77239	-3.63978	-4.19172	-4.1067
857	2	4	1	2	2	1	5	-2.77239	-3.63978	-4.19172	-4.1067
858	1	2	3	4	5	9	3	-4.66019	-2.46659	-3.64178	-4.93311
859	2	4	1	2	2	1	5	-2.77239	-3.63978	-4.19172	-4.1067
860	2	4	1	2	2	1	5	-2.77239	-3.63978	-4.19172	-4.1067
861	8	10	2	2	11	12	6	-3.94951	-7.34726	-8.14345	-7.16372
862	2	1	5	3	2	3	5	-4.24599	-3.23692	-5.41213	-4.76895
863	33	39	30	82	104	173	68	-5.40714	-3.955	-6.6066	-7.58119
864	2	4	1	2	7	1	5	-2.30133	-5.73622	-6.26198	-5.14435
865	8	10	2	2	11	12	6	-3.94951	-7.34726	-8.14345	-7.16372
866	2	4	1	2	7	1	5	-2.30133	-5.73622	-6.26198	-5.14435
867	1	2	3	4	5	9	3	-4.66019	-2.46659	-3.64178	-4.93311
868	1	2	215	4	90	24	8	-32.7194	-34.7831	-21.6523	-22.0607
869	2	1	1	3	2	1	5	-4.62374	-3.77057	-6.38816	-7.14415
870	10	81	50	99	120	76	52	-6.67874	-6.39992	-5.26427	-5.15107
871	2	4	1	2	7	1	5	-2.30133	-5.73622	-6.26198	-5.14435
872	2	1	12	3	2	1	5	-2.62419	-2.10018	-3.68407	-4.8049
873	2	4	1	2	2	1	5	-2.77239	-3.63978	-4.19172	-4.1067
874	2	4	1	2	2	1	5	-2.77239	-3.63978	-4.19172	-4.1067
875	2	4	1	2	2	1	5	-2.77239	-3.63978	-4.19172	-4.1067
876	2	1	5	3	2	3	5	-4.24599	-3.23692	-5.41213	-4.76895
877	2	4	1	2	2	1	5	-2.77239	-3.63978	-4.19172	-4.1067
878	4	7	10	4	1	7	1	-1.82357	-3.84487	-2.59144	-1.9192
879	2	4	1	2	7	1	5	-2.30133	-5.73622	-6.26198	-5.14435
880	2	4	5	2	2	5	5	-3.66762	-7.09669	-7.14119	-5.8651
881	2	4	1	2	2	1	5	-2.77239	-3.63978	-4.19172	-4.1067
882	8	10	2	2	11	12	6	-3.94951	-7.34726	-8.14345	-7.16372
883	4	7	10	4	1	7	1	-1.82357	-3.84487	-2.59144	-1.9192
884	2	4	1	2	2	1	5	-2.77239	-3.63978	-4.19172	-4.1067
885	166	2	1	10	17	3	1	-36.1171	-38.7562	-31.466	-30.3232
886	2	4	1	2	7	1	5	-2.30133	-5.73622	-6.26198	-5.14435
887	2	4	1	2	2	1	5	-2.77239	-3.63978	-4.19172	-4.1067
888	4	7	10	4	1	7	1	-1.82357	-3.84487	-2.59144	-1.9192
889	4	7	10	4	1	7	1	-1.82357	-3.84487	-2.59144	-1.9192
890	2	4	1	2	7	1	5	-2.30133	-5.73622	-6.26198	-5.14435
891	2	4	1	2	2	1	5	-2.77239	-3.63978	-4.19172	-4.1067
892	2	1	5	3	2	3	5	-4.24599	-3.23692	-5.41213	-4.76895
893	9	25	2	10	22	3	6	-4.46891	-7.92153	-5.81631	-4.34218
894	2	1	21	3	62	1	5	-5.7902	-9.21797	-9.98566	-9.00189
895	129	66	30	82	189	47	17	-3.24412	-4.88102	-5.46744	-4.13416
896	129	66	30	82	189	47	17	-3.24412	-4.88102	-5.46744	-4.13416
897	4	7	10	4	1	7	1	-1.82357	-3.84487	-2.59144	-1.9192
898	2	4	1	2	2	1	5	-2.77239	-3.63978	-4.19172	-4.1067
899	4	7	10	4	42	7	1	-6.58385	-9.67703	-5.49909	-4.64006
900	2	4	1	2	7	1	5	-2.30133	-5.73622	-6.26198	-5.14435
901	1	307	3	4	5	9	3	-6.82685	-6.40818	-6.17882	-8.3103
902	2	1	21	3	2	1	5	-2.93418	-2.4737	-4.43445	-4.49649
903	4	7	10	4	1	7	1	-1.82357	-3.84487	-2.59144	-1.9192
904	2	1	21	3	2	1	5	-2.93418	-2.4737	-4.43445	-4.49649
905	2	4	1	2	2	5	5	-6.81457	-6.39155	-8.88584	-9.47427
906	2	4	1	2	7	1	5	-2.30133	-5.73622	-6.26198	-5.14435
907	2	4	1	2	7	1	5	-2.30133	-5.73622	-6.26198	-5.14435
908	2	4	1	2	7	1	5	-2.30133	-5.73622	-6.26198	-5.14435
909	4	7	10	4	1	7	1	-1.82357	-3.84487	-2.59144	-1.9192
910	8	10	2	2	11	12	6	-3.94951	-7.34726	-8.14345	-7.16372
911	7	21	5	62	4	61	44	-7.51621	-3.807	-5.67304	-7.45254
912	2	1	12	88	2	1	5	-3.95341	-3.41371	-5.72336	-5.30996
913	2	4	1	2	2	1	5	-2.77239	-3.63978	-4.19172	-4.1067
914	1	2	3	4	5	9	3	-4.66019	-2.46659	-3.64178	-4.93311
915	2	4	1	2	7	1	5	-2.30133	-5.73622	-6.26198	-5.14435
916	2	4	1	2	2	1	5	-2.77239	-3.63978	-4.19172	-4.1067
917	2	4	1	2	2	1	5	-2.77239	-3.63978	-4.19172	-4.1067
918	2	4	1	2	7	1	5	-2.30133	-5.73622	-6.26198	-5.14435
919	4	7	10	4	1	7	1	-1.82357	-3.84487	-2.59144	-1.9192
920	2	1	5	3	2	3	5	-4.24599	-3.23692	-5.41213	-4.76895
921	2	4	1	2	7	1	5	-2.30133	-5.73622	-6.26198	-5.14435
922	2	4	1	2	2	1	5	-2.77239	-3.63978	-4.19172	-4.1067
923	8	10	2	2	11	12	6	-3.94951	-7.34726	-8.14345	-7.16372
924	2	1	12	3	2	1	5	-2.62419	-2.10018	-3.68407	-4.8049
925	48	7	10	4	183	7	1	-11.4428	-13.7752	-8.06918	-7.84892
926	7	21	5	62	4	61	44	-7.51621	-3.807	-5.67304	-7.45254
927	4	7	10	4	1	7	1	-1.82357	-3.84487	-2.59144	-1.9192
928	9	25	2	10	22	3	6	-4.46891	-7.92153	-5.81631	-4.34218
929	2	4	1	2	2	1	5	-2.77239	-3.63978	-4.19172	-4.1067
930	2	4	1	2	7	1	5	-2.30133	-5.73622	-6.26198	-5.14435
931	2	4	1	2	2	1	5	-2.77239	-3.63978	-4.19172	-4.1067
932	2	4	1	2	2	1	5	-2.77239	-3.63978	-4.19172	-4.1067
933	9	25	2	10	22	3	6	-4.46891	-7.92153	-5.81631	-4.34218
934	2	4	1	2	2	1	5	-2.77239	-3.63978	-4.19172	-4.1067
935	2	4	1	2	2	1	5	-2.77239	-3.63978	-4.19172	-4.1067
936	2	4	1	2	7	1	5	-2.30133	-5.73622	-6.26198	-5.14435
937	2	4	1	2	7	1	5	-2.30133	-5.73622	-6.26198	-5.14435
938	2	4	1	2	2	1	5	-2.77239	-3.63978	-4.19172	-4.1067
939	2	4	1	2	2	1	5	-2.77239	-3.63978	-4.19172	-4.1067
940	4	7	10	4	1	7	1	-1.82357	-3.84487	-2.59144	-1.9192
941	2	4	1	2	2	1	5	-2.77239	-3.63978	-4.19172	-4.1067
942	4	7	10	4	1	7	1	-1.82357	-3.84487	-2.59144	-1.9192
943	2	4	1	2	7	1	5	-2.30133	-5.73622	-6.26198	-5.14435
944	2	4	1	2	2	1	5	-2.77239	-3.63978	-4.19172	-4.1067
945	4	7	10	4	1	7	1	-1.82357	-3.84487	-2.59144	-1.9192
946	9	25	2	10	22	3	6	-4.46891	-7.92153	-5.81631	-4.34218
947	10	81	50	99	120	76	52	-6.67874	-6.39992	-5.26427	-5.15107
948	2	1	21	3	2	1	5	-2.93418	-2.4737	-4.43445	-4.49649
949	4	7	10	4	1	7	1	-1.82357	-3.84487	-2.59144	-1.9192
950	2	4	1	2	7	1	5	-2.30133	-5.73622	-6.26198	-5.14435
951	4	7	10	4	1	7	1	-1.82357	-3.84487	-2.59144	-1.9192
952	4	7	10	4	1	7	1	-1.82357	-3.84487	-2.59144	-1.9192
953	8	315	2	2	11	12	6	-8.80435	-12.3591	-10.9086	-10.1583
954	8	10	2	2	11	12	6	-3.94951	-7.34726	-8.14345	-7.16372
955	2	4	1	2	2	1	5	-2.77239	-3.63978	-4.19172	-4.1067
956	4	7	10	4	1	7	1	-1.82357	-3.84487	-2.59144	-1.9192
957	2	4	1	2	2	1	5	-2.77239	-3.63978	-4.19172	-4.1067
958	2	4	1	2	2	1	5	-2.77239	-3.63978	-4.19172	-4.1067
959	2	4	1	2	2	1	5	-2.77239	-3.63978	-4.19172	-4.1067
960	2	4	1	2	7	1	5	-2.30133	-5.73622	-6.26198	-5.14435
961	2	4	1	2	2	1	5	-2.77239	-3.63978	-4.19172	-4.1067
962	2	4	1	2	2	1	5	-2.77239	-3.63978	-4.19172	-4.1067
963	2	1	21	3	2	1	5	-2.93418	-2.4737	-4.43445	-4.49649
964	2	4	1	2	2	1	5	-2.77239	-3.63978	-4.19172	-4.1067
965	1	4	2	2	2	3	17	-11.2088	-7.98871	-10.7001	-12.1082
966	2	4	1	2	2	1	5	-2.77239	-3.63978	-4.19172	-4.1067
967	2	4	1	2	2	1	5	-2.77239	-3.63978	-4.19172	-4.1067
968	7	21	5	62	4	61	44	-7.51621	-3.807	-5.67304	-7.45254
969	2	4	1	2	2	1	5	-2.77239	-3.63978	-4.19172	-4.1067
970	4	7	10	4	1	7	1	-1.82357	-3.84487	-2.59144	-1.9192
971	2	4	1	2	2	1	5	-2.77239	-3.63978	-4.19172	-4.1067
972	10	1	16	19	10	5	7	-6.34158	-2.72567	-4.20707	-5.17507
973	8	10	2	2	11	12	6	-3.94951	-7.34726	-8.14345	-7.16372
974	4	7	10	4	1	7	1	-1.82357	-3.84487	-2.59144	-1.9192
975	2	4	2	2	6	1	5	-6.09304	-4.81328	-5.98553	-7.81297
976	2	4	1	2	2	1	5	-2.77239	-3.63978	-4.19172	-4.1067
977	2	4	1	2	2	1	5	-2.77239	-3.63978	-4.19172	-4.1067
978	2	1	12	3	2	1	5	-2.62419	-2.10018	-3.68407	-4.8049
979	2	1	21	3	2	1	5	-2.93418	-2.4737	-4.43445	-4.49649
980	1	4	2	2	6	3	17	-4.68571	-2.42811	-4.57118	-5.51296
981	9	2	4	62	4	5	6	-3.71151	-5.19107	-5.94499	-6.69077
982	9	2	4	62	4	5	6	-3.71151	-5.19107	-5.94499	-6.69077
983	2	4	1	2	2	1	5	-2.77239	-3.63978	-4.19172	-4.1067
984	9	25	2	10	22	3	6	-4.46891	-7.92153	-5.81631	-4.34218
985	2	1	12	3	2	1	5	-2.62419	-2.10018	-3.68407	-4.8049
986	2	4	1	2	2	1	5	-2.77239	-3.63978	-4.19172	-4.1067
987	2	4	1	2	2	1	5	-2.77239	-3.63978	-4.19172	-4.1067
988	2	4	1	2	2	1	5	-2.77239	-3.63978	-4.19172	-4.1067
989	1	4	2	2	6	3	17	-4.68571	-2.42811	-4.57118	-5.51296
990	1	4	2	2	6	3	17	-4.68571	-2.42811	-4.57118	-5.51296
991	9	25	2	10	22	3	6	-4.46891	-7.92153	-5.81631	-4.34218
992	1	4	2	2	6	3	17	-4.68571	-2.42811	-4.57118	-5.51296
993	2	4	1	2	2	1	5	-2.77239	-3.63978	-4.19172	-4.1067
994	2	4	1	2	2	1	5	-2.77239	-3.63978	-4.19172	-4.1067
995	8	10	2	2	11	12	6	-3.94951	-7.34726	-8.14345	-7.16372
996	2	4	1	2	2	1	5	-2.77239	-3.63978	-4.19172	-4.1067
997	2	1	5	3	2	5	5	-5.61073	-2.81346	-4.12317	-5.51229
998	8	10	2	2	11	12	6	-3.94951	-7.34726	-8.14345	-7.16372
999	2	4	1	2	2	1	5	-2.77239	-3.63978	-4.19172	-4.1067
1000	2	4	1	2	2	1	5	-2.77239	-3.63978	-4.19172	-4.1067
1001	2	1	21	3	2	1	5	-2.93418	-2.4737	-4.43445	-4.49649
1002	1	2	4	62	4	5	17	-6.11637	-4.82525	-7.46583	-8.39034
1003	2	1	12	3	2	1	5	-2.62419	-2.10018	-3.68407	-4.8049
1004	2	4	1	2	7	1	5	-2.30133	-5.73622	-6.26198	-5.14435
1005	1	307	3	4	5	9	3	-6.82685	-6.40818	-6.17882	-8.3103
1006	2	4	2	4	19	3	6	-5.79286	-9.22763	-9.98776	-8.99993
1007	2	4	1	2	2	1	5	-2.77239	-3.63978	-4.19172	-4.1067
1008	1	4	2	2	6	3	17	-4.68571	-2.42811	-4.57118	-5.51296
1009	9	25	2	10	22	3	6	-4.46891	-7.92153	-5.81631	-4.34218
1010	4	7	10	4	1	7	1	-1.82357	-3.84487	-2.59144	-1.9192
1011	2	4	1	2	2	1	5	-2.77239	-3.63978	-4.19172	-4.1067
1012	10	1	16	19	10	5	7	-6.34158	-2.72567	-4.20707	-5.17507
1013	2	1	21	3	2	1	5	-2.93418	-2.4737	-4.43445	-4.49649
1014	4	7	10	4	1	7	1	-1.82357	-3.84487	-2.59144	-1.9192
1015	2	4	1	2	2	1	5	-2.77239	-3.63978	-4.19172	-4.1067
1016	1	2	3	4	5	9	3	-4.66019	-2.46659	-3.64178	-4.93311
1017	9	316	4	62	4	5	6	-6.86037	-6.42665	-9.00367	-9.56984
1018	9	25	2	10	22	3	6	-4.46891	-7.92153	-5.81631	-4.34218
1019	1	307	3	4	5	9	3	-6.82685	-6.40818	-6.17882	-8.3103
1020	2	4	1	2	2	1	5	-2.77239	-3.63978	-4.19172	-4.1067
1021	9	25	2	10	22	3	6	-4.46891	-7.92153	-5.81631	-4.34218
1022	2	4	1	2	2	1	5	-2.77239	-3.63978	-4.19172	-4.1067
1023	2	1	12	3	2	1	5	-2.62419	-2.10018	-3.68407	-4.8049
1024	2	1	5	3	2	5	5	-5.61073	-2.81346	-4.12317	-5.51229
1025	2	4	1	2	2	1	5	-2.77239	-3.63978	-4.19172	-4.1067
1026	2	1	12	3	2	1	5	-2.62419	-2.10018	-3.68407	-4.8049
1027	2	1	12	3	2	1	5	-2.62419	-2.10018	-3.68407	-4.8049
1028	10	1	16	19	10	5	7	-6.34158	-2.72567	-4.20707	-5.17507
1029	4	7	10	4	1	7	1	-1.82357	-3.84487	-2.59144	-1.9192
1030	2	4	1	2	2	1	5	-2.77239	-3.63978	-4.19172	-4.1067
1031	2	1	12	88	2	1	5	-3.95341	-3.41371	-5.72336	-5.30996
1032	2	1	21	3	2	1	5	-2.93418	-2.4737	-4.43445	-4.49649
1033	1	2	3	4	5	9	3	-4.66019	-2.46659	-3.64178	-4.93311
1034	8	10	2	2	11	12	6	-3.94951	-7.34726	-8.14345	-7.16372
1035	2	1	12	88	2	1	5	-3.95341	-3.41371	-5.72336	-5.30996
1036	33	39	30	82	104	173	68	-5.40714	-3.955	-6.6066	-7.58119
1037	1	2	3	4	5	9	3	-4.66019	-2.46659	-3.64178	-4.93311
1038	9	25	2	10	22	3	6	-4.46891	-7.92153	-5.81631	-4.34218
1039	2	4	1	2	2	1	5	-2.77239	-3.63978	-4.19172	-4.1067
1040	8	10	2	2	11	12	6	-3.94951	-7.34726	-8.14345	-7.16372
1041	1	2	4	62	4	5	17	-6.11637	-4.82525	-7.46583	-8.39034
1042	10	1	16	19	10	5	7	-6.34158	-2.72567	-4.20707	-5.17507
1043	33	39	30	82	104	173	68	-5.40714	-3.955	-6.6066	-7.58119
1044	2	4	1	2	2	1	5	-2.77239	-3.63978	-4.19172	-4.1067
1045	8	10	2	2	11	12	6	-3.94951	-7.34726	-8.14345	-7.16372
1046	2	1	5	3	2	5	5	-5.61073	-2.81346	-4.12317	-5.51229
1047	47	2	4	2	6	5	17	-10.2399	-10.6861	-6.24905	-8.64804
1048	1	2	3	4	5	9	3	-4.66019	-2.46659	-3.64178	-4.93311
1049	4	7	10	4	1	7	1	-1.82357	-3.84487	-2.59144	-1.9192
1050	2	1	5	3	2	3	5	-4.24599	-3.23692	-5.41213	-4.76895
1051	2	4	2	2	6	1	5	-6.09304	-4.81328	-5.98553	-7.81297
1052	2	4	1	2	2	1	5	-2.77239	-3.63978	-4.19172	-4.1067
1053	8	10	149	2	11	12	6	-4.88382	-3.94836	-5.70718	-7.12155
1054	9	25	2	10	22	3	6	-4.46891	-7.92153	-5.81631	-4.34218
1055	2	4	1	2	2	1	5	-2.77239	-3.63978	-4.19172	-4.1067
1056	1	2	3	4	5	9	3	-4.66019	-2.46659	-3.64178	-4.93311
1057	2	1	12	3	2	1	5	-2.62419	-2.10018	-3.68407	-4.8049
1058	4	7	10	4	42	51	1	-2.92582	-4.64118	-4.85824	-3.78999
1059	2	4	1	2	2	1	5	-2.77239	-3.63978	-4.19172	-4.1067
1060	2	1	1	3	2	1	5	-4.62374	-3.77057	-6.38816	-7.14415
1061	2	4	1	2	7	1	5	-2.30133	-5.73622	-6.26198	-5.14435
1062	8	10	2	2	11	12	6	-3.94951	-7.34726	-8.14345	-7.16372
1063	2	4	1	2	2	1	5	-2.77239	-3.63978	-4.19172	-4.1067
1064	9	2	4	62	4	5	6	-3.71151	-5.19107	-5.94499	-6.69077
1065	2	4	1	2	2	1	5	-2.77239	-3.63978	-4.19172	-4.1067
1066	4	7	10	4	1	7	1	-1.82357	-3.84487	-2.59144	-1.9192
1067	8	10	2	2	11	12	6	-3.94951	-7.34726	-8.14345	-7.16372
1068	2	4	2	2	6	1	5	-6.09304	-4.81328	-5.98553	-7.81297
1069	2	4	2	2	6	1	5	-6.09304	-4.81328	-5.98553	-7.81297
1070	2	4	2	2	6	1	5	-6.09304	-4.81328	-5.98553	-7.81297
1071	2	4	2	2	6	1	5	-6.09304	-4.81328	-5.98553	-7.81297
1072	2	4	1	2	2	1	5	-2.77239	-3.63978	-4.19172	-4.1067
1073	2	4	1	2	2	1	5	-2.77239	-3.63978	-4.19172	-4.1067
1074	2	1	12	3	2	1	5	-2.62419	-2.10018	-3.68407	-4.8049
1075	2	4	1	2	7	1	5	-2.30133	-5.73622	-6.26198	-5.14435
1076	4	7	10	4	42	51	1	-2.92582	-4.64118	-4.85824	-3.78999
1077	2	4	1	2	2	1	5	-2.77239	-3.63978	-4.19172	-4.1067
1078	8	10	2	2	11	12	6	-3.94951	-7.34726	-8.14345	-7.16372
1079	1	2	3	4	5	9	3	-4.66019	-2.46659	-3.64178	-4.93311
1080	1	2	3	4	5	9	3	-4.66019	-2.46659	-3.64178	-4.93311
1081	10	1	16	19	10	5	7	-6.34158	-2.72567	-4.20707	-5.17507
1082	8	10	2	2	11	12	6	-3.94951	-7.34726	-8.14345	-7.16372
1083	4	7	10	4	1	7	1	-1.82357	-3.84487	-2.59144	-1.9192
1084	2	4	1	2	2	1	5	-2.77239	-3.63978	-4.19172	-4.1067
1085	2	4	1	2	7	1	5	-2.30133	-5.73622	-6.26198	-5.14435
1086	2	1	21	3	2	1	5	-2.93418	-2.4737	-4.43445	-4.49649
1087	2	1	12	3	2	1	5	-2.62419	-2.10018	-3.68407	-4.8049
1088	2	4	2	4	19	3	6	-5.79286	-9.22763	-9.98776	-8.99993
1089	8	10	149	2	11	12	6	-4.88382	-3.94836	-5.70718	-7.12155
1090	8	10	2	2	11	12	6	-3.94951	-7.34726	-8.14345	-7.16372
1091	2	1	12	3	2	1	5	-2.62419	-2.10018	-3.68407	-4.8049
1092	2	1	12	3	2	1	5	-2.62419	-2.10018	-3.68407	-4.8049
1093	2	1	5	3	2	3	5	-4.24599	-3.23692	-5.41213	-4.76895
1094	184	39	30	82	113	43	17	-3.94892	-6.1168	-7.83318	-7.1283
1095	2	1	12	3	2	1	5	-2.62419	-2.10018	-3.68407	-4.8049
1096	2	4	1	2	2	1	5	-2.77239	-3.63978	-4.19172	-4.1067
1097	4	7	10	4	1	7	1	-1.82357	-3.84487	-2.59144	-1.9192
1098	8	10	2	2	11	12	6	-3.94951	-7.34726	-8.14345	-7.16372
1099	4	7	10	4	1	7	1	-1.82357	-3.84487	-2.59144	-1.9192
1100	4	7	10	4	42	51	1	-2.92582	-4.64118	-4.85824	-3.78999
1101	9	25	2	10	22	3	6	-4.46891	-7.92153	-5.81631	-4.34218
1102	9	2	4	62	4	5	6	-3.71151	-5.19107	-5.94499	-6.69077
1103	4	7	10	4	1	7	1	-1.82357	-3.84487	-2.59144	-1.9192
1104	2	4	1	2	7	1	5	-2.30133	-5.73622	-6.26198	-5.14435
1105	4	7	10	4	1	7	1	-1.82357	-3.84487	-2.59144	-1.9192
1106	8	10	2	2	11	12	6	-3.94951	-7.34726	-8.14345	-7.16372
1107	2	4	1	2	2	1	5	-2.77239	-3.63978	-4.19172	-4.1067
1108	4	7	10	4	42	51	1	-2.92582	-4.64118	-4.85824	-3.78999
1109	1	2	3	4	5	9	3	-4.66019	-2.46659	-3.64178	-4.93311
1110	2	1	12	3	2	1	5	-2.62419	-2.10018	-3.68407	-4.8049
1111	2	4	1	2	2	1	5	-2.77239	-3.63978	-4.19172	-4.1067
1112	10	81	50	99	120	76	52	-6.67874	-6.39992	-5.26427	-5.15107
1113	2	4	1	2	2	1	5	-2.77239	-3.63978	-4.19172	-4.1067
1114	4	7	10	4	42	51	1	-2.92582	-4.64118	-4.85824	-3.78999
1115	4	7	10	4	42	51	1	-2.92582	-4.64118	-4.85824	-3.78999
1116	4	7	10	4	1	7	1	-1.82357	-3.84487	-2.59144	-1.9192
1117	3	1	5	10	11	11	6	-10.2217	-6.44376	-9.13282	-10.4474
1118	10	81	50	99	120	76	52	-6.67874	-6.39992	-5.26427	-5.15107
1119	2	4	1	2	2	1	5	-2.77239	-3.63978	-4.19172	-4.1067
1120	4	7	10	4	1	7	1	-1.82357	-3.84487	-2.59144	-1.9192
1121	4	7	10	4	1	7	1	-1.82357	-3.84487	-2.59144	-1.9192
1122	4	7	10	4	42	51	1	-2.92582	-4.64118	-4.85824	-3.78999
1123	2	1	12	3	2	1	5	-2.62419	-2.10018	-3.68407	-4.8049
1124	2	4	1	2	2	1	5	-2.77239	-3.63978	-4.19172	-4.1067
1125	2	1	1	3	2	1	5	-4.62374	-3.77057	-6.38816	-7.14415
1126	2	4	1	2	2	1	5	-2.77239	-3.63978	-4.19172	-4.1067
1127	2	4	1	2	2	1	5	-2.77239	-3.63978	-4.19172	-4.1067
1128	2	4	1	2	2	1	5	-2.77239	-3.63978	-4.19172	-4.1067
1129	2	4	1	2	2	1	5	-2.77239	-3.63978	-4.19172	-4.1067
1130	1	2	3	4	5	9	3	-4.66019	-2.46659	-3.64178	-4.93311
1131	8	10	2	2	11	12	6	-3.94951	-7.34726	-8.14345	-7.16372
1132	2	1	21	3	2	1	5	-2.93418	-2.4737	-4.43445	-4.49649
1133	2	4	1	2	2	1	5	-2.77239	-3.63978	-4.19172	-4.1067
1134	2	1	21	3	2	1	5	-2.93418	-2.4737	-4.43445	-4.49649
1135	2	1	21	3	2	1	5	-2.93418	-2.4737	-4.43445	-4.49649
1136	2	4	1	2	2	1	5	-2.77239	-3.63978	-4.19172	-4.1067
1137	1	2	3	4	5	9	3	-4.66019	-2.46659	-3.64178	-4.93311
1138	10	1	16	19	10	5	7	-6.34158	-2.72567	-4.20707	-5.17507
1139	2	1	12	3	2	1	5	-2.62419	-2.10018	-3.68407	-4.8049
1140	7	21	5	62	4	61	44	-7.51621	-3.807	-5.67304	-7.45254
1141	2	4	1	2	2	1	5	-2.77239	-3.63978	-4.19172	-4.1067
1142	2	1	12	3	2	1	5	-2.62419	-2.10018	-3.68407	-4.8049
1143	2	4	1	2	7	1	5	-2.30133	-5.73622	-6.26198	-5.14435
1144	2	1	5	3	2	3	5	-4.24599	-3.23692	-5.41213	-4.76895
1145	2	1	21	3	2	1	5	-2.93418	-2.4737	-4.43445	-4.49649
1146	2	1	21	3	2	1	5	-2.93418	-2.4737	-4.43445	-4.49649
1147	2	1	21	3	2	1	5	-2.93418	-2.4737	-4.43445	-4.49649
1148	2	1	21	3	2	1	5	-2.93418	-2.4737	-4.43445	-4.49649
1149	2	1	12	3	2	1	5	-2.62419	-2.10018	-3.68407	-4.8049
1150	8	10	2	2	11	12	6	-3.94951	-7.34726	-8.14345	-7.16372
1151	129	66	30	82	189	47	17	-3.24412	-4.88102	-5.46744	-4.13416
1152	1	307	3	4	5	9	3	-6.82685	-6.40818	-6.17882	-8.3103
1153	8	10	2	2	11	12	6	-3.94951	-7.34726	-8.14345	-7.16372
1154	2	4	2	2	6	1	5	-6.09304	-4.81328	-5.98553	-7.81297
1155	1	4	2	2	6	3	17	-4.68571	-2.42811	-4.57118	-5.51296
1156	2	4	1	2	2	1	5	-2.77239	-3.63978	-4.19172	-4.1067
1157	8	10	2	2	11	12	6	-3.94951	-7.34726	-8.14345	-7.16372
1158	2	4	2	2	6	1	5	-6.09304	-4.81328	-5.98553	-7.81297
1159	2	1	21	3	2	1	5	-2.93418	-2.4737	-4.43445	-4.49649
1160	2	4	5	2	2	5	5	-3.66762	-7.09669	-7.14119	-5.8651
1161	7	21	5	62	4	61	44	-7.51621	-3.807	-5.67304	-7.45254
1162	2	1	12	3	2	1	5	-2.62419	-2.10018	-3.68407	-4.8049
1163	10	27	16	19	10	5	7	-20.5604	-13.1178	-16.0306	-17.4469
1164	33	283	44	82	189	44	17	-7.11961	-3.44864	-5.40792	-5.97324
1165	9	25	2	10	22	3	6	-4.46891	-7.92153	-5.81631	-4.34218
1166	7	21	5	62	4	61	44	-7.51621	-3.807	-5.67304	-7.45254
1167	2	1	5	3	2	3	5	-4.24599	-3.23692	-5.41213	-4.76895
1168	2	1	5	3	2	3	5	-4.24599	-3.23692	-5.41213	-4.76895
1169	9	25	2	10	22	3	6	-4.46891	-7.92153	-5.81631	-4.34218
1170	2	1	5	3	2	3	5	-4.24599	-3.23692	-5.41213	-4.76895
1171	2	4	1	2	2	1	5	-2.77239	-3.63978	-4.19172	-4.1067
1172	129	66	30	82	189	47	17	-3.24412	-4.88102	-5.46744	-4.13416
1173	2	4	1	2	2	1	5	-2.77239	-3.63978	-4.19172	-4.1067
1174	2	1	5	3	2	3	5	-4.24599	-3.23692	-5.41213	-4.76895
1175	2	1	12	3	2	1	5	-2.62419	-2.10018	-3.68407	-4.8049
1176	2	4	1	2	2	1	5	-2.77239	-3.63978	-4.19172	-4.1067
1177	1	4	2	2	6	3	17	-4.68571	-2.42811	-4.57118	-5.51296
1178	2	1	12	3	2	1	5	-2.62419	-2.10018	-3.68407	-4.8049
1179	1	4	2	2	446	3	17	-9.53267	-7.40546	-7.31611	-8.49356
1180	2	1	5	88	2	11	5	-8.83506	-5.3293	-6.08618	-8.23921
1181	2	4	2	2	6	1	5	-6.09304	-4.81328	-5.98553	-7.81297
1182	9	25	2	10	22	3	6	-4.46891	-7.92153	-5.81631	-4.34218
1183	2	1	5	3	2	3	5	-4.24599	-3.23692	-5.41213	-4.76895
1184	7	21	5	62	4	61	44	-7.51621	-3.807	-5.67304	-7.45254
1185	1	2	3	4	5	9	3	-4.66019	-2.46659	-3.64178	-4.93311
1186	2	4	1	2	2	1	5	-2.77239	-3.63978	-4.19172	-4.1067
1187	7	21	5	62	4	61	44	-7.51621	-3.807	-5.67304	-7.45254
1188	33	39	30	82	104	173	68	-5.40714	-3.955	-6.6066	-7.58119
1189	1	4	2	2	6	3	17	-4.68571	-2.42811	-4.57118	-5.51296
1190	2	1	21	3	2	1	5	-2.93418	-2.4737	-4.43445	-4.49649
1191	4	7	10	4	1	7	1	-1.82357	-3.84487	-2.59144	-1.9192
1192	2	1	5	3	2	5	5	-5.61073	-2.81346	-4.12317	-5.51229
1193	1	4	2	2	6	3	17	-4.68571	-2.42811	-4.57118	-5.51296
1194	2	4	1	2	2	1	5	-2.77239	-3.63978	-4.19172	-4.1067
1195	2	4	1	2	2	1	5	-2.77239	-3.63978	-4.19172	-4.1067
1196	2	1	12	3	2	1	5	-2.62419	-2.10018	-3.68407	-4.8049
1197	2	1	6	3	2	3	5	-8.1017	-8.22083	-7.94138	-7.3305
1198	4	7	10	4	1	7	1	-1.82357	-3.84487	-2.59144	-1.9192
1199	2	4	1	2	7	1	5	-2.30133	-5.73622	-6.26198	-5.14435
1200	2	1	1	3	2	1	5	-4.62374	-3.77057	-6.38816	-7.14415
1201	2	4	1	2	2	1	5	-2.77239	-3.63978	-4.19172	-4.1067
1202	7	2	5	2	10	3	6	-31.4302	-28.4913	-29.082	-28.74
1203	2	1	21	3	2	1	5	-2.93418	-2.4737	-4.43445	-4.49649
1204	2	4	1	2	7	1	5	-2.30133	-5.73622	-6.26198	-5.14435
1205	4	7	10	4	1	7	1	-1.82357	-3.84487	-2.59144	-1.9192
1206	2	4	1	2	7	1	5	-2.30133	-5.73622	-6.26198	-5.14435
1207	2	4	1	2	2	1	5	-2.77239	-3.63978	-4.19172	-4.1067
1208	1	4	2	2	6	3	17	-4.68571	-2.42811	-4.57118	-5.51296
1209	2	4	1	2	2	1	5	-2.77239	-3.63978	-4.19172	-4.1067
1210	2	4	1	2	2	1	5	-2.77239	-3.63978	-4.19172	-4.1067
1211	74	10	2	2	11	12	6	-8.80436	-12.3591	-10.9087	-10.1588
1212	1	2	3	4	5	9	3	-4.66019	-2.46659	-3.64178	-4.93311
1213	2	1	5	3	2	3	5	-4.24599	-3.23692	-5.41213	-4.76895
1214	4	7	10	4	1	7	1	-1.82357	-3.84487	-2.59144	-1.9192
1215	2	4	2	2	6	1	5	-6.09304	-4.81328	-5.98553	-7.81297
1216	2	1	12	3	2	1	5	-2.62419	-2.10018	-3.68407	-4.8049
1217	2	1	21	3	2	1	5	-2.93418	-2.4737	-4.43445	-4.49649
1218	2	4	1	2	2	1	5	-2.77239	-3.63978	-4.19172	-4.1067
1219	2	1	21	3	2	1	5	-2.93418	-2.4737	-4.43445	-4.49649
1220	4	7	10	4	1	7	1	-1.82357	-3.84487	-2.59144	-1.9192
1221	2	1	21	3	2	1	5	-2.93418	-2.4737	-4.43445	-4.49649
1222	2	4	1	2	2	1	5	-2.77239	-3.63978	-4.19172	-4.1067
1223	4	7	10	4	1	7	1	-1.82357	-3.84487	-2.59144	-1.9192
1224	2	4	1	2	2	1	5	-2.77239	-3.63978	-4.19172	-4.1067
1225	4	7	10	4	1	7	1	-1.82357	-3.84487	-2.59144	-1.9192
1226	4	7	10	4	42	51	1	-2.92582	-4.64118	-4.85824	-3.78999
1227	4	7	10	4	42	7	1	-6.58385	-9.67703	-5.49909	-4.64006
1228	2	4	1	2	2	1	5	-2.77239	-3.63978	-4.19172	-4.1067
1229	2	1	5	3	2	3	5	-4.24599	-3.23692	-5.41213	-4.76895
1230	10	81	50	99	120	76	52	-6.67874	-6.39992	-5.26427	-5.15107
1231	2	4	1	2	7	1	5	-2.30133	-5.73622	-6.26198	-5.14435
1232	2	4	1	2	7	1	5	-2.30133	-5.73622	-6.26198	-5.14435
1233	4	7	10	4	1	7	1	-1.82357	-3.84487	-2.59144	-1.9192
1234	1	4	2	2	6	3	17	-4.68571	-2.42811	-4.57118	-5.51296
1235	4	7	10	4	1	7	1	-1.82357	-3.84487	-2.59144	-1.9192
1236	2	4	1	2	2	1	5	-2.77239	-3.63978	-4.19172	-4.1067
1237	4	7	10	4	1	7	1	-1.82357	-3.84487	-2.59144	-1.9192
1238	4	7	10	4	42	51	1	-2.92582	-4.64118	-4.85824	-3.78999
1239	1	307	3	4	5	9	3	-6.82685	-6.40818	-6.17882	-8.3103
1240	2	4	2	2	6	1	5	-6.09304	-4.81328	-5.98553	-7.81297
1241	8	10	149	2	11	12	6	-4.88382	-3.94836	-5.70718	-7.12155
1242	2	1	12	3	2	1	5	-2.62419	-2.10018	-3.68407	-4.8049
1243	2	4	1	2	2	1	5	-2.77239	-3.63978	-4.19172	-4.1067
1244	2	4	1	2	2	1	5	-2.77239	-3.63978	-4.19172	-4.1067
1245	2	4	1	2	2	1	5	-2.77239	-3.63978	-4.19172	-4.1067
1246	4	7	10	4	42	51	1	-2.92582	-4.64118	-4.85824	-3.78999
1247	2	4	1	2	2	1	5	-2.77239	-3.63978	-4.19172	-4.1067
1248	2	4	1	2	2	1	5	-2.77239	-3.63978	-4.19172	-4.1067
1249	2	1	12	88	2	1	5	-3.95341	-3.41371	-5.72336	-5.30996
1250	1	4	2	2	6	3	17	-4.68571	-2.42811	-4.57118	-5.51296
1251	9	2	4	62	4	5	6	-3.71151	-5.19107	-5.94499	-6.69077
1252	2	4	1	2	7	1	5	-2.30133	-5.73622	-6.26198	-5.14435
1253	2	4	5	2	2	5	5	-3.66762	-7.09669	-7.14119	-5.8651
1254	2	1	21	3	2	1	5	-2.93418	-2.4737	-4.43445	-4.49649
1255	1	4	2	2	6	3	17	-4.68571	-2.42811	-4.57118	-5.51296
1256	2	1	21	3	2	1	5	-2.93418	-2.4737	-4.43445	-4.49649
1257	2	4	1	2	2	5	5	-6.81457	-6.39155	-8.88584	-9.47427
1258	2	1	12	3	2	1	5	-2.62419	-2.10018	-3.68407	-4.8049
1259	2	4	2	2	6	1	5	-6.09304	-4.81328	-5.98553	-7.81297
1260	2	4	1	2	2	1	5	-2.77239	-3.63978	-4.19172	-4.1067
1261	2	4	1	2	2	1	5	-2.77239	-3.63978	-4.19172	-4.1067
1262	1	307	3	4	5	9	3	-6.82685	-6.40818	-6.17882	-8.3103
1263	9	25	2	10	22	3	6	-4.46891	-7.92153	-5.81631	-4.34218
1264	2	1	1	380	2	1	5	-6.15943	-5.7172	-8.30115	-8.86951
1265	2	4	1	2	2	1	5	-2.77239	-3.63978	-4.19172	-4.1067
1266	2	4	1	2	2	1	5	-2.77239	-3.63978	-4.19172	-4.1067
1267	2	1	12	3	2	1	5	-2.62419	-2.10018	-3.68407	-4.8049
1268	1	2	3	4	5	9	3	-4.66019	-2.46659	-3.64178	-4.93311
1269	2	4	1	2	2	1	5	-2.77239	-3.63978	-4.19172	-4.1067
1270	2	4	1	2	2	1	5	-2.77239	-3.63978	-4.19172	-4.1067
1271	2	4	1	2	2	1	5	-2.77239	-3.63978	-4.19172	-4.1067
1272	1	2	3	4	5	9	3	-4.66019	-2.46659	-3.64178	-4.93311
1273	9	2	2	212	309	253	147	-30.3175	-31.0439	-22.9524	-23.1602
1274	2	1	21	3	2	1	5	-2.93418	-2.4737	-4.43445	-4.49649
1275	47	2	4	2	6	5	17	-10.2399	-10.6861	-6.24905	-8.64804
1276	1	2	3	4	5	9	3	-4.66019	-2.46659	-3.64178	-4.93311
1277	2	4	1	2	2	1	5	-2.77239	-3.63978	-4.19172	-4.1067
1278	2	4	1	2	2	1	5	-2.77239	-3.63978	-4.19172	-4.1067
1279	9	2	4	62	4	5	6	-3.71151	-5.19107	-5.94499	-6.69077
1280	2	1	12	3	2	1	5	-2.62419	-2.10018	-3.68407	-4.8049
1281	2	4	1	2	2	1	5	-2.77239	-3.63978	-4.19172	-4.1067
1282	2	4	1	2	7	1	5	-2.30133	-5.73622	-6.26198	-5.14435
1283	7	17	2	15	23	3	12	-6.89628	-10.3327	-11.0954	-10.11
1284	2	1	1	3	2	1	5	-4.62374	-3.77057	-6.38816	-7.14415
1285	2	1	12	3	2	1	5	-2.62419	-2.10018	-3.68407	-4.8049
1286	2	4	1	2	2	1	5	-2.77239	-3.63978	-4.19172	-4.1067
1287	2	1	5	3	2	3	5	-4.24599	-3.23692	-5.41213	-4.76895
1288	2	4	1	2	2	1	5	-2.77239	-3.63978	-4.19172	-4.1067
1289	2	4	1	2	2	1	5	-2.77239	-3.63978	-4.19172	-4.1067
1290	1	4	2	2	6	3	17	-4.68571	-2.42811	-4.57118	-5.51296
1291	2	1	2	3	2	3	5	-3.75307	-7.11339	-7.93964	-6.95778
1292	2	1	5	3	2	3	5	-4.24599	-3.23692	-5.41213	-4.76895
1293	1	2	3	3	5	9	3	-11.6809	-8.25765	-10.058	-12.0477
1294	4	7	10	4	42	51	1	-2.92582	-4.64118	-4.85824	-3.78999
1295	1	4	2	2	6	3	17	-4.68571	-2.42811	-4.57118	-5.51296
1296	2	1	5	3	2	3	5	-4.24599	-3.23692	-5.41213	-4.76895
1297	4	7	10	4	1	7	1	-1.82357	-3.84487	-2.59144	-1.9192
1298	2	4	1	2	2	1	5	-2.77239	-3.63978	-4.19172	-4.1067
1299	4	7	10	4	1	7	1	-1.82357	-3.84487	-2.59144	-1.9192
1300	2	1	21	3	2	1	5	-2.93418	-2.4737	-4.43445	-4.49649
1301	2	4	1	2	2	1	5	-2.77239	-3.63978	-4.19172	-4.1067
1302	4	7	10	4	1	7	1	-1.82357	-3.84487	-2.59144	-1.9192
1303	2	4	1	2	2	1	5	-2.77239	-3.63978	-4.19172	-4.1067
1304	2	1	5	3	2	5	5	-5.61073	-2.81346	-4.12317	-5.51229
1305	2	4	1	2	2	1	5	-2.77239	-3.63978	-4.19172	-4.1067
1306	2	1	21	3	2	1	5	-2.93418	-2.4737	-4.43445	-4.49649
1307	2	1	5	3	2	5	5	-5.61073	-2.81346	-4.12317	-5.51229
1308	1	4	2	2	6	3	17	-4.68571	-2.42811	-4.57118	-5.51296
1309	1	4	2	2	6	3	17	-4.68571	-2.42811	-4.57118	-5.51296
1310	2	1	5	3	2	3	5	-4.24599	-3.23692	-5.41213	-4.76895
1311	1	4	2	2	6	3	17	-4.68571	-2.42811	-4.57118	-5.51296
1312	2	4	1	2	2	1	5	-2.77239	-3.63978	-4.19172	-4.1067
1313	2	1	12	88	2	1	5	-3.95341	-3.41371	-5.72336	-5.30996
1314	2	1	5	3	2	3	5	-4.24599	-3.23692	-5.41213	-4.76895
1315	2	4	5	2	2	1	5	-6.1614	-9.19587	-9.41703	-9.15676
1316	2	4	1	2	2	1	5	-2.77239	-3.63978	-4.19172	-4.1067
1317	1	4	2	2	6	3	17	-4.68571	-2.42811	-4.57118	-5.51296
1318	2	1	21	3	2	1	5	-2.93418	-2.4737	-4.43445	-4.49649
1319	4	7	10	4	1	7	1	-1.82357	-3.84487	-2.59144	-1.9192
1320	1	2	3	4	5	9	3	-4.66019	-2.46659	-3.64178	-4.93311
1321	2	4	1	2	7	1	5	-2.30133	-5.73622	-6.26198	-5.14435
1322	4	7	10	4	1	7	1	-1.82357	-3.84487	-2.59144	-1.9192
1323	4	7	10	4	1	7	1	-1.82357	-3.84487	-2.59144	-1.9192
1324	1	4	2	2	6	3	17	-4.68571	-2.42811	-4.57118	-5.51296
1325	2	4	1	2	7	1	5	-2.30133	-5.73622	-6.26198	-5.14435
1326	4	7	10	4	1	7	1	-1.82357	-3.84487	-2.59144	-1.9192
1327	8	10	2	2	11	12	6	-3.94951	-7.34726	-8.14345	-7.16372
1328	969	7	10	4	1	7	1	-6.60072	-8.83734	-5.35627	-4.9142
1329	4	7	10	4	1	7	1	-1.82357	-3.84487	-2.59144	-1.9192
1330	10	27	16	942	10	5	7	-25.4152	-18.1302	-18.7961	-20.4417
1331	10	27	16	941	10	5	7	-25.4152	-18.1302	-18.7961	-20.4417
1332	4	7	10	4	1	7	1	-1.82357	-3.84487	-2.59144	-1.9192
1333	4	7	10	4	1	7	1	-1.82357	-3.84487	-2.59144	-1.9192
1334	129	66	30	82	189	47	17	-3.24412	-4.88102	-5.46744	-4.13416
1335	4	7	10	4	1	7	1	-1.82357	-3.84487	-2.59144	-1.9192
1336	4	7	10	4	1	7	1	-1.82357	-3.84487	-2.59144	-1.9192
1337	2	4	1	2	2	1	5	-2.77239	-3.63978	-4.19172	-4.1067
1338	2	1	2	3	2	3	5	-3.75307	-7.11339	-7.93964	-6.95778
1339	10	27	16	19	10	5	7	-20.5604	-13.1178	-16.0306	-17.4469
1340	2	4	1	2	2	1	5	-2.77239	-3.63978	-4.19172	-4.1067
1341	33	39	30	82	104	173	68	-5.40714	-3.955	-6.6066	-7.58119
1342	1	4	2	2	6	3	17	-4.68571	-2.42811	-4.57118	-5.51296
1343	2	1	5	3	2	5	5	-5.61073	-2.81346	-4.12317	-5.51229
1344	2	1	12	3	2	1	5	-2.62419	-2.10018	-3.68407	-4.8049
1345	8	10	2	2	11	12	6	-3.94951	-7.34726	-8.14345	-7.16372
1346	2	1	1	3	2	1	5	-4.62374	-3.77057	-6.38816	-7.14415
1347	1	4	2	2	6	3	17	-4.68571	-2.42811	-4.57118	-5.51296
1348	7	2	2	2	11	12	6	-4.49613	-7.93295	-8.69501	-7.71012
1349	9	2	4	62	4	5	6	-3.71151	-5.19107	-5.94499	-6.69077
1350	2	1	21	3	2	1	5	-2.93418	-2.4737	-4.43445	-4.49649
1351	9	7	10	4	1	7	1	-10.1788	-12.5776	-11.3305	-9.9696
1352	2	1	12	3	920	1	5	-7.4799	-7.10255	-6.44699	-7.79741
1353	239	27	16	19	10	5	7	-10.2235	-6.44582	-9.13654	-10.4506
1354	7	17	2	15	23	3	12	-6.89628	-10.3327	-11.0954	-10.11
1355	1	4	2	2	6	3	17	-4.68571	-2.42811	-4.57118	-5.51296
1356	1	6	60	24	12	28	1	-32.577	-35.4162	-19.8587	-20.9783
1357	2	4	5	2	10	1	5	-6.88834	-10.3183	-11.0798	-10.0985
1358	10	81	50	99	120	76	52	-6.67874	-6.39992	-5.26427	-5.15107
1359	4	7	10	4	1	7	1	-1.82357	-3.84487	-2.59144	-1.9192
1360	2	1	5	3	2	5	5	-5.61073	-2.81346	-4.12317	-5.51229
1361	4	7	10	1	1	7	1	-5.26434	-8.59042	-6.01544	-6.10763
1362	2	4	5	2	10	1	5	-6.88834	-10.3183	-11.0798	-10.0985
1363	2	1	21	3	2	1	5	-2.93418	-2.4737	-4.43445	-4.49649
1364	2	1	21	3	2	1	5	-2.93418	-2.4737	-4.43445	-4.49649
1365	2	4	1	2	2	1	5	-2.77239	-3.63978	-4.19172	-4.1067
1366	2	4	2	2	6	1	5	-6.09304	-4.81328	-5.98553	-7.81297
1367	2	4	1	2	7	1	5	-2.30133	-5.73622	-6.26198	-5.14435
1368	2	4	1	2	2	1	5	-2.77239	-3.63978	-4.19172	-4.1067
1369	2	4	1	2	2	1	5	-2.77239	-3.63978	-4.19172	-4.1067
1370	4	7	10	4	1	7	1	-1.82357	-3.84487	-2.59144	-1.9192
1371	4	7	10	4	42	51	1	-2.92582	-4.64118	-4.85824	-3.78999
1372	2	1	5	3	2	3	5	-4.24599	-3.23692	-5.41213	-4.76895
1373	2	1	12	3	2	1	5	-2.62419	-2.10018	-3.68407	-4.8049
1374	2	1	1	3	2	1	5	-4.62374	-3.77057	-6.38816	-7.14415
1375	2	4	1	2	2	1	5	-2.77239	-3.63978	-4.19172	-4.1067
1376	4	7	10	4	1	7	1	-1.82357	-3.84487	-2.59144	-1.9192
1377	10	1	16	19	10	5	7	-6.34158	-2.72567	-4.20707	-5.17507
1378	2	4	1	2	7	1	5	-2.30133	-5.73622	-6.26198	-5.14435
1379	2	4	1	2	2	1	5	-2.77239	-3.63978	-4.19172	-4.1067
1380	10	81	50	99	120	76	52	-6.67874	-6.39992	-5.26427	-5.15107
1381	2	1	12	3	2	1	5	-2.62419	-2.10018	-3.68407	-4.8049
1382	2	4	1	2	2	1	5	-2.77239	-3.63978	-4.19172	-4.1067
1383	2	4	1	2	7	1	5	-2.30133	-5.73622	-6.26198	-5.14435
1384	1	2	3	4	5	9	3	-4.66019	-2.46659	-3.64178	-4.93311
1385	8	10	2	2	11	12	6	-3.94951	-7.34726	-8.14345	-7.16372
1386	1	4	2	2	6	3	17	-4.68571	-2.42811	-4.57118	-5.51296
1387	2	4	1	2	2	1	5	-2.77239	-3.63978	-4.19172	-4.1067
1388	2	4	1	2	2	1	5	-2.77239	-3.63978	-4.19172	-4.1067
1389	10	7	10	4	1	7	1	-12.4015	-11.1564	-9.93985	-9.05982
1390	2	1	21	3	2	1	5	-2.93418	-2.4737	-4.43445	-4.49649
1391	2	1	21	3	2	1	5	-2.93418	-2.4737	-4.43445	-4.49649
1392	10	1	16	19	10	5	7	-6.34158	-2.72567	-4.20707	-5.17507
1393	2	1	5	3	2	3	5	-4.24599	-3.23692	-5.41213	-4.76895
1394	2	1	5	3	2	3	5	-4.24599	-3.23692	-5.41213	-4.76895
1395	2	4	1	2	2	5	5	-6.81457	-6.39155	-8.88584	-9.47427
1396	2	4	1	2	7	1	5	-2.30133	-5.73622	-6.26198	-5.14435
1397	10	1	16	19	10	5	7	-6.34158	-2.72567	-4.20707	-5.17507
1398	2	4	1	2	7	1	5	-2.30133	-5.73622	-6.26198	-5.14435
1399	2	934	1	2	2	1	5	-7.54957	-8.64495	-6.95287	-7.09042
