Isolate	Loci0	Loci1	Loci2	Loci3	Loci4	Loci5	Loci6	Source0	Source1	Source2	Source3
0	1	2	3	4	5	9	3	-4.64969	-2.49889	-3.69223	-4.94467
1	4	7	10	4	1	7	1	-1.83564	-3.84434	-2.5613	-1.96538
2	2	4	1	2	2	1	5	-2.79086	-3.68617	-4.10053	-4.16388
3	2	4	1	2	2	1	5	-2.79086	-3.68617	-4.10053	-4.16388
4	9	25	2	10	22	3	6	-4.47483	-7.65749	-5.83322	-4.39759
5	4	7	10	4	1	7	1	-1.83564	-3.84434	-2.5613	-1.96538
6	4	7	10	4	1	7	1	-1.83564	-3.84434	-2.5613	-1.96538
7	4	7	10	4	42	51	1	-2.94158	-4.69674	-4.73868	-3.84894
8	2	4	1	2	2	1	5	-2.79086	-3.68617	-4.10053	-4.16388
9	10	81	50	99	120	76	52	-6.66634	-6.38576	-5.26565	-5.18771
10	2	1	21	3	2	1	5	-2.94628	-2.50452	-4.48508	-4.5746
11	2	1	21	3	2	1	5	-2.94628	-2.50452	-4.48508	-4.5746
12	9	25	2	10	22	3	6	-4.47483	-7.65749	-5.83322	-4.39759
13	2	1	21	3	2	1	5	-2.94628	-2.50452	-4.48508	-4.5746
14	10	27	16	19	10	5	7	-20.2888	-12.8229	-16.6803	-17.4616
15	2	4	1	2	2	1	5	-2.79086	-3.68617	-4.10053	-4.16388
16	2	4	1	2	2	1	5	-2.79086	-3.68617	-4.10053	-4.16388
17	9	2	4	62	4	5	6	-3.73233	-5.27657	-5.6852	-6.81234
18	9	53	2	53	11	3	3	-29.8841	-27.4571	-25.4564	-26.3619
19	2	4	1	2	2	1	5	-2.79086	-3.68617	-4.10053	-4.16388
20	2	4	1	2	2	1	5	-2.79086	-3.68617	-4.10053	-4.16388
21	4	7	10	4	1	7	1	-1.83564	-3.84434	-2.5613	-1.96538
22	2	4	1	2	2	1	5	-2.79086	-3.68617	-4.10053	-4.16388
23	1	4	2	2	6	3	17	-4.65826	-2.4588	-4.79056	-5.58849
24	4	7	10	4	1	7	1	-1.83564	-3.84434	-2.5613	-1.96538
25	2	1	21	3	2	1	5	-2.94628	-2.50452	-4.48508	-4.5746
26	8	10	2	2	11	12	6	-3.97066	-7.77838	-6.97521	-7.34912
27	2	4	2	2	6	1	5	-6.10441	-4.84536	-6.00871	-7.80925
28	2	1	12	3	2	1	5	-2.6388	-2.13175	-3.69382	-4.87785
29	2	4	1	2	2	1	5	-2.79086	-3.68617	-4.10053	-4.16388
30	4	7	10	4	1	7	1	-1.83564	-3.84434	-2.5613	-1.96538
31	10	1	16	19	10	5	7	-6.20453	-2.75598	-4.30952	-5.20553
32	1	2	3	4	5	9	3	-4.64969	-2.49889	-3.69223	-4.94467
33	2	4	1	2	2	1	5	-2.79086	-3.68617	-4.10053	-4.16388
34	2	4	1	2	2	1	5	-2.79086	-3.68617	-4.10053	-4.16388
35	2	4	1	2	2	1	5	-2.79086	-3.68617	-4.10053	-4.16388
36	4	7	10	4	1	7	1	-1.83564	-3.84434	-2.5613	-1.96538
37	129	66	30	82	189	47	17	-3.25922	-4.93413	-5.32794	-4.19821
38	2	1	12	3	357	1	5	-6.45104	-6.14761	-6.34463	-8.25909
39	9	2	4	62	4	5	6	-3.73233	-5.27657	-5.6852	-6.81234
40	2	1	1	3	2	1	5	-4.63356	-3.79954	-6.58661	-7.30926
41	2	1	12	3	357	1	5	-6.45104	-6.14761	-6.34463	-8.25909
42	2	1	5	3	2	3	5	-4.24611	-3.26242	-5.6247	-4.83473
43	2	1	5	3	2	3	5	-4.24611	-3.26242	-5.6247	-4.83473
44	2	4	1	2	2	1	5	-2.79086	-3.68617	-4.10053	-4.16388
45	2	4	1	2	2	1	5	-2.79086	-3.68617	-4.10053	-4.16388
46	2	4	2	2	6	1	5	-6.10441	-4.84536	-6.00871	-7.80925
47	1	4	2	2	6	3	17	-4.65826	-2.4588	-4.79056	-5.58849
48	2	1	21	3	2	1	5	-2.94628	-2.50452	-4.48508	-4.5746
49	2	1	2	3	2	3	5	-3.77449	-7.51078	-6.77381	-7.14044
50	2	1	21	3	2	1	5	-2.94628	-2.50452	-4.48508	-4.5746
51	7	17	2	15	23	3	12	-6.91729	-10.8072	-9.92276	-10.2957
52	2	4	1	2	7	1	5	-2.32265	-6.18907	-5.25924	-5.28522
53	9	2	4	62	4	5	6	-3.73233	-5.27657	-5.6852	-6.81234
54	2	4	1	2	7	1	5	-2.32265	-6.18907	-5.25924	-5.28522
55	9	2	4	62	4	5	6	-3.73233	-5.27657	-5.6852	-6.81234
56	2	1	12	88	2	1	5	-3.96329	-3.44396	-5.84797	-5.39086
57	2	1	5	3	2	3	5	-4.24611	-3.26242	-5.6247	-4.83473
58	2	4	1	2	2	1	5	-2.79086	-3.68617	-4.10053	-4.16388
59	9	2	4	62	4	5	6	-3.73233	-5.27657	-5.6852	-6.81234
60	2	1	5	3	2	3	5	-4.24611	-3.26242	-5.6247	-4.83473
61	2	4	1	2	2	1	5	-2.79086	-3.68617	-4.10053	-4.16388
62	2	4	1	2	2	1	5	-2.79086	-3.68617	-4.10053	-4.16388
63	2	4	1	2	2	1	5	-2.79086	-3.68617	-4.10053	-4.16388
64	2	4	1	2	2	1	5	-2.79086	-3.68617	-4.10053	-4.16388
65	2	4	1	2	2	1	5	-2.79086	-3.68617	-4.10053	-4.16388
66	2	4	1	2	2	1	5	-2.79086	-3.68617	-4.10053	-4.16388
67	1	2	215	4	90	24	8	-29.2126	-27.3668	-21.5608	-23.1122
68	2	4	1	2	2	1	5	-2.79086	-3.68617	-4.10053	-4.16388
69	1	2	3	4	5	9	3	-4.64969	-2.49889	-3.69223	-4.94467
70	2	4	1	2	2	1	5	-2.79086	-3.68617	-4.10053	-4.16388
71	2	4	1	2	2	1	5	-2.79086	-3.68617	-4.10053	-4.16388
72	9	25	2	10	22	3	6	-4.47483	-7.65749	-5.83322	-4.39759
73	2	15	4	48	360	25	23	-6.65546	-8.63719	-5.66825	-4.93863
74	2	4	1	2	2	1	5	-2.79086	-3.68617	-4.10053	-4.16388
75	2	1	12	88	2	1	5	-3.96329	-3.44396	-5.84797	-5.39086
76	2	4	2	2	6	1	5	-6.10441	-4.84536	-6.00871	-7.80925
77	10	1	16	19	10	5	7	-6.20453	-2.75598	-4.30952	-5.20553
78	2	4	1	2	2	1	5	-2.79086	-3.68617	-4.10053	-4.16388
79	2	1	12	3	2	1	5	-2.6388	-2.13175	-3.69382	-4.87785
80	2	4	1	2	2	1	5	-2.79086	-3.68617	-4.10053	-4.16388
81	2	4	1	2	2	1	5	-2.79086	-3.68617	-4.10053	-4.16388
82	1	4	2	2	6	3	17	-4.65826	-2.4588	-4.79056	-5.58849
83	10	1	16	19	10	5	7	-6.20453	-2.75598	-4.30952	-5.20553
84	8	10	149	2	11	12	6	-4.89402	-3.98591	-5.76614	-7.20198
85	2	4	1	2	2	1	5	-2.79086	-3.68617	-4.10053	-4.16388
86	2	4	1	2	7	1	5	-2.32265	-6.18907	-5.25924	-5.28522
87	32	39	30	82	104	324	17	-8.23842	-4.68674	-7.86048	-8.81242
88	1	2	3	4	5	9	3	-4.64969	-2.49889	-3.69223	-4.94467
89	2	1	5	3	2	3	5	-4.24611	-3.26242	-5.6247	-4.83473
90	2	4	1	2	2	1	5	-2.79086	-3.68617	-4.10053	-4.16388
91	2	4	1	2	7	1	5	-2.32265	-6.18907	-5.25924	-5.28522
92	4	7	10	4	1	7	1	-1.83564	-3.84434	-2.5613	-1.96538
93	2	1	2	3	2	3	5	-3.77449	-7.51078	-6.77381	-7.14044
94	2	1	12	3	2	1	5	-2.6388	-2.13175	-3.69382	-4.87785
95	2	1	21	3	2	1	5	-2.94628	-2.50452	-4.48508	-4.5746
96	2	1	21	3	2	1	5	-2.94628	-2.50452	-4.48508	-4.5746
97	9	2	5	2	11	3	1	-29.3292	-31.6782	-28.2969	-25.7215
98	4	7	10	4	1	7	1	-1.83564	-3.84434	-2.5613	-1.96538
99	2	1	2	3	2	3	5	-3.77449	-7.51078	-6.77381	-7.14044
100	2	1	21	3	2	1	5	-2.94628	-2.50452	-4.48508	-4.5746
101	4	7	10	4	1	7	1	-1.83564	-3.84434	-2.5613	-1.96538
102	2	1	21	3	2	1	5	-2.94628	-2.50452	-4.48508	-4.5746
103	1	4	2	2	6	3	17	-4.65826	-2.4588	-4.79056	-5.58849
104	2	4	5	2	10	1	5	-6.9098	-10.7862	-9.90875	-10.2825
105	2	1	12	88	2	1	5	-3.96329	-3.44396	-5.84797	-5.39086
106	9	2	4	62	4	5	6	-3.73233	-5.27657	-5.6852	-6.81234
107	2	165	73	147	220	190	104	-8.46898	-9.14619	-6.88234	-5.27286
108	2	1	21	3	2	1	5	-2.94628	-2.50452	-4.48508	-4.5746
109	2	4	1	2	2	1	5	-2.79086	-3.68617	-4.10053	-4.16388
110	2	1	12	3	11	1	6	-18.9238	-17.6474	-20.4392	-20.7573
111	2	1	2	3	2	3	5	-3.77449	-7.51078	-6.77381	-7.14044
112	2	4	1	2	7	1	5	-2.32265	-6.18907	-5.25924	-5.28522
113	2	1	2	3	2	3	5	-3.77449	-7.51078	-6.77381	-7.14044
114	2	1	21	3	2	1	5	-2.94628	-2.50452	-4.48508	-4.5746
115	2	4	1	2	7	1	5	-2.32265	-6.18907	-5.25924	-5.28522
116	33	39	30	82	113	43	17	-9.66067	-6.4659	-6.1745	-8.35413
117	2	4	1	2	2	1	5	-2.79086	-3.68617	-4.10053	-4.16388
118	2	4	1	2	2	1	5	-2.79086	-3.68617	-4.10053	-4.16388
119	2	4	1	2	2	1	5	-2.79086	-3.68617	-4.10053	-4.16388
120	2	4	1	2	7	1	5	-2.32265	-6.18907	-5.25924	-5.28522
121	4	7	10	1	1	7	1	-5.28481	-8.79555	-5.93504	-6.14555
122	2	1	12	3	2	1	5	-2.6388	-2.13175	-3.69382	-4.87785
123	2	4	1	2	2	1	5	-2.79086	-3.68617	-4.10053	-4.16388
124	2	4	1	2	2	1	5	-2.79086	-3.68617	-4.10053	-4.16388
125	2	4	1	2	7	1	5	-2.32265	-6.18907	-5.25924	-5.28522
126	2	4	1	2	2	1	5	-2.79086	-3.68617	-4.10053	-4.16388
127	2	4	1	2	2	1	5	-2.79086	-3.68617	-4.10053	-4.16388
128	2	1	12	88	2	1	5	-3.96329	-3.44396	-5.84797	-5.39086
129	2	1	12	3	2	1	5	-2.6388	-2.13175	-3.69382	-4.87785
130	2	1	12	3	2	1	5	-2.6388	-2.13175	-3.69382	-4.87785
131	2	4	1	2	7	1	5	-2.32265	-6.18907	-5.25924	-5.28522
132	2	1	21	3	2	1	5	-2.94628	-2.50452	-4.48508	-4.5746
133	2	1	21	3	2	1	5	-2.94628	-2.50452	-4.48508	-4.5746
134	2	4	5	2	2	5	5	-3.68811	-7.49633	-6.445	-5.96162
135	2	1	21	3	2	1	5	-2.94628	-2.50452	-4.48508	-4.5746
136	1	4	2	2	6	3	1	-11.4354	-10.0633	-10.722	-10.9254
137	2	1	5	3	2	3	5	-4.24611	-3.26242	-5.6247	-4.83473
138	2	1	5	3	2	3	5	-4.24611	-3.26242	-5.6247	-4.83473
139	4	7	10	4	1	7	1	-1.83564	-3.84434	-2.5613	-1.96538
140	8	10	2	2	11	12	6	-3.97066	-7.77838	-6.97521	-7.34912
141	2	1	2	3	2	3	5	-3.77449	-7.51078	-6.77381	-7.14044
142	2	1	5	3	2	3	5	-4.24611	-3.26242	-5.6247	-4.83473
143	2	1	2	3	2	3	5	-3.77449	-7.51078	-6.77381	-7.14044
144	129	66	30	82	189	47	17	-3.25922	-4.93413	-5.32794	-4.19821
145	2	4	1	2	2	1	5	-2.79086	-3.68617	-4.10053	-4.16388
146	2	4	1	2	2	1	5	-2.79086	-3.68617	-4.10053	-4.16388
147	7	21	5	62	4	61	44	-7.36804	-3.84049	-5.83562	-7.49193
148	2	4	1	2	2	1	5	-2.79086	-3.68617	-4.10053	-4.16388
149	2	937	1	2	2	1	5	-6.52494	-7.70553	-6.73821	-7.53755
150	1	14	2	2	6	1	17	-9.07615	-6.44005	-7.80355	-6.35825
151	1	4	2	2	6	3	17	-4.65826	-2.4588	-4.79056	-5.58849
152	8	10	149	2	11	12	6	-4.89402	-3.98591	-5.76614	-7.20198
153	2	1	12	3	2	1	5	-2.6388	-2.13175	-3.69382	-4.87785
154	9	30	2	2	89	59	6	-4.96975	-8.86082	-7.97578	-8.34855
155	1	2	3	4	5	9	3	-4.64969	-2.49889	-3.69223	-4.94467
156	2	4	1	2	2	1	5	-2.79086	-3.68617	-4.10053	-4.16388
157	2	4	1	2	2	1	5	-2.79086	-3.68617	-4.10053	-4.16388
158	180	194	2	68	19	231	147	-24.3654	-29.3181	-21.5706	-25.6019
159	2	4	1	2	2	1	5	-2.79086	-3.68617	-4.10053	-4.16388
160	2	4	1	2	2	1	5	-2.79086	-3.68617	-4.10053	-4.16388
161	2	4	1	2	2	1	5	-2.79086	-3.68617	-4.10053	-4.16388
162	4	7	10	4	1	7	1	-1.83564	-3.84434	-2.5613	-1.96538
163	2	4	1	2	2	1	5	-2.79086	-3.68617	-4.10053	-4.16388
164	2	1	21	3	2	1	5	-2.94628	-2.50452	-4.48508	-4.5746
165	2	4	1	2	7	1	5	-2.32265	-6.18907	-5.25924	-5.28522
166	2	4	1	2	2	1	5	-2.79086	-3.68617	-4.10053	-4.16388
167	10	1	16	19	10	5	7	-6.20453	-2.75598	-4.30952	-5.20553
168	104	7	10	4	1	7	1	-4.42621	-8.32263	-7.41957	-7.78063
169	2	4	1	2	2	1	5	-2.79086	-3.68617	-4.10053	-4.16388
170	10	27	16	19	10	5	7	-20.2888	-12.8229	-16.6803	-17.4616
171	2	4	1	2	2	1	5	-2.79086	-3.68617	-4.10053	-4.16388
172	2	1	1	3	2	1	5	-4.63356	-3.79954	-6.58661	-7.30926
173	7	21	5	62	4	61	44	-7.36804	-3.84049	-5.83562	-7.49193
174	2	1	1	3	2	1	5	-4.63356	-3.79954	-6.58661	-7.30926
175	10	1	16	19	10	5	7	-6.20453	-2.75598	-4.30952	-5.20553
176	2	4	1	2	2	1	5	-2.79086	-3.68617	-4.10053	-4.16388
177	2	4	1	2	2	1	5	-2.79086	-3.68617	-4.10053	-4.16388
178	2	1	12	3	2	1	5	-2.6388	-2.13175	-3.69382	-4.87785
179	2	4	1	2	2	1	5	-2.79086	-3.68617	-4.10053	-4.16388
180	2	4	1	2	2	1	5	-2.79086	-3.68617	-4.10053	-4.16388
181	1	4	2	2	6	3	17	-4.65826	-2.4588	-4.79056	-5.58849
182	2	1	12	3	2	1	5	-2.6388	-2.13175	-3.69382	-4.87785
183	4	7	10	4	1	7	1	-1.83564	-3.84434	-2.5613	-1.96538
184	2	4	1	2	2	1	5	-2.79086	-3.68617	-4.10053	-4.16388
185	2	4	1	2	2	1	5	-2.79086	-3.68617	-4.10053	-4.16388
186	2	1	21	3	2	1	5	-2.94628	-2.50452	-4.48508	-4.5746
187	4	7	10	4	1	7	1	-1.83564	-3.84434	-2.5613	-1.96538
188	4	7	10	4	42	51	1	-2.94158	-4.69674	-4.73868	-3.84894
189	2	1	5	3	2	3	5	-4.24611	-3.26242	-5.6247	-4.83473
190	1	2	4	62	4	5	17	-6.11806	-4.85971	-7.76974	-8.55514
191	4	7	10	4	1	7	1	-1.83564	-3.84434	-2.5613	-1.96538
192	4	7	10	4	42	51	1	-2.94158	-4.69674	-4.73868	-3.84894
193	2	1	21	3	2	1	5	-2.94628	-2.50452	-4.48508	-4.5746
194	4	7	10	4	42	51	1	-2.94158	-4.69674	-4.73868	-3.84894
195	2	4	1	2	7	1	5	-2.32265	-6.18907	-5.25924	-5.28522
196	2	4	1	2	2	1	5	-2.79086	-3.68617	-4.10053	-4.16388
197	1	2	3	4	5	9	3	-4.64969	-2.49889	-3.69223	-4.94467
198	1	2	4	62	4	5	17	-6.11806	-4.85971	-7.76974	-8.55514
199	2	250	4	281	358	25	57	-28.339	-29.3804	-19.2616	-19.9706
200	9	2	4	62	4	5	6	-3.73233	-5.27657	-5.6852	-6.81234
201	1	2	3	4	5	9	3	-4.64969	-2.49889	-3.69223	-4.94467
202	4	7	10	4	1	7	1	-1.83564	-3.84434	-2.5613	-1.96538
203	2	4	2	4	19	3	6	-5.81414	-9.6997	-8.81529	-9.18401
204	4	7	10	4	1	7	1	-1.83564	-3.84434	-2.5613	-1.96538
205	4	7	10	4	42	51	1	-2.94158	-4.69674	-4.73868	-3.84894
206	2	1	12	3	2	1	5	-2.6388	-2.13175	-3.69382	-4.87785
207	4	7	10	4	1	7	1	-1.83564	-3.84434	-2.5613	-1.96538
208	2	1	12	3	2	1	5	-2.6388	-2.13175	-3.69382	-4.87785
209	1	2	4	62	4	5	17	-6.11806	-4.85971	-7.76974	-8.55514
210	4	7	10	4	42	51	1	-2.94158	-4.69674	-4.73868	-3.84894
211	2	4	1	2	2	1	5	-2.79086	-3.68617	-4.10053	-4.16388
212	4	7	10	4	1	7	1	-1.83564	-3.84434	-2.5613	-1.96538
213	2	1	21	3	2	1	5	-2.94628	-2.50452	-4.48508	-4.5746
214	47	2	4	2	6	5	17	-11.1071	-11.111	-6.20265	-8.4624
215	2	1	21	3	2	1	5	-2.94628	-2.50452	-4.48508	-4.5746
216	2	1	21	3	2	1	5	-2.94628	-2.50452	-4.48508	-4.5746
217	2	4	1	2	2	1	5	-2.79086	-3.68617	-4.10053	-4.16388
218	2	4	1	2	2	1	5	-2.79086	-3.68617	-4.10053	-4.16388
219	10	81	50	99	120	76	52	-6.66634	-6.38576	-5.26565	-5.18771
220	2	4	1	2	2	1	5	-2.79086	-3.68617	-4.10053	-4.16388
221	2	4	1	2	2	1	5	-2.79086	-3.68617	-4.10053	-4.16388
222	1	4	2	2	6	3	17	-4.65826	-2.4588	-4.79056	-5.58849
223	1	2	4	62	4	5	17	-6.11806	-4.85971	-7.76974	-8.55514
224	4	7	10	4	1	7	1	-1.83564	-3.84434	-2.5613	-1.96538
225	4	7	10	4	1	7	1	-1.83564	-3.84434	-2.5613	-1.96538
226	10	1	16	19	10	5	7	-6.20453	-2.75598	-4.30952	-5.20553
227	2	4	1	2	2	1	5	-2.79086	-3.68617	-4.10053	-4.16388
228	2	4	1	2	7	1	5	-2.32265	-6.18907	-5.25924	-5.28522
229	1	4	2	348	6	3	17	-8.93068	-5.37161	-8.5483	-9.50222
230	1	2	4	62	4	5	17	-6.11806	-4.85971	-7.76974	-8.55514
231	10	27	16	19	10	5	7	-20.2888	-12.8229	-16.6803	-17.4616
232	1	4	2	2	6	3	17	-4.65826	-2.4588	-4.79056	-5.58849
233	4	7	10	4	42	51	1	-2.94158	-4.69674	-4.73868	-3.84894
234	2	4	1	2	2	1	5	-2.79086	-3.68617	-4.10053	-4.16388
235	2	1	12	3	2	1	5	-2.6388	-2.13175	-3.69382	-4.87785
236	2	1	12	88	2	1	5	-3.96329	-3.44396	-5.84797	-5.39086
237	2	4	1	2	7	1	5	-2.32265	-6.18907	-5.25924	-5.28522
238	2	1	12	3	2	1	5	-2.6388	-2.13175	-3.69382	-4.87785
239	1	4	2	2	6	3	17	-4.65826	-2.4588	-4.79056	-5.58849
240	2	1	4	28	58	25	58	-5.63962	-7.92342	-5.31304	-4.26112
241	2	1	5	3	2	3	5	-4.24611	-3.26242	-5.6247	-4.83473
242	2	1	12	3	2	1	5	-2.6388	-2.13175	-3.69382	-4.87785
243	2	4	1	2	2	1	5	-2.79086	-3.68617	-4.10053	-4.16388
244	2	1	5	10	11	1	5	-27.3013	-22.366	-24.3519	-25.0164
245	2	1	12	3	2	1	5	-2.6388	-2.13175	-3.69382	-4.87785
246	2	1	12	88	2	1	5	-3.96329	-3.44396	-5.84797	-5.39086
247	2	1	12	3	2	1	5	-2.6388	-2.13175	-3.69382	-4.87785
248	2	1	12	3	2	1	5	-2.6388	-2.13175	-3.69382	-4.87785
249	1	4	2	2	6	3	17	-4.65826	-2.4588	-4.79056	-5.58849
250	9	2	4	62	4	5	6	-3.73233	-5.27657	-5.6852	-6.81234
251	2	1	12	3	2	1	5	-2.6388	-2.13175	-3.69382	-4.87785
252	8	10	149	2	11	12	6	-4.89402	-3.98591	-5.76614	-7.20198
253	2	1	21	3	2	1	5	-2.94628	-2.50452	-4.48508	-4.5746
254	1	2	3	4	5	9	3	-4.64969	-2.49889	-3.69223	-4.94467
255	2	1	5	3	2	3	5	-4.24611	-3.26242	-5.6247	-4.83473
256	1	307	3	4	5	9	3	-6.85878	-6.45123	-6.13979	-8.21363
257	1	4	2	2	6	3	17	-4.65826	-2.4588	-4.79056	-5.58849
258	2	4	1	2	7	1	5	-2.32265	-6.18907	-5.25924	-5.28522
259	2	4	1	2	2	1	5	-2.79086	-3.68617	-4.10053	-4.16388
260	2	61	4	64	126	7	23	-5.97321	-8.03135	-5.85833	-4.27205
261	7	21	5	62	4	61	44	-7.36804	-3.84049	-5.83562	-7.49193
262	2	1	12	3	2	1	5	-2.6388	-2.13175	-3.69382	-4.87785
263	2	4	1	2	2	1	5	-2.79086	-3.68617	-4.10053	-4.16388
264	2	1	12	3	2	1	5	-2.6388	-2.13175	-3.69382	-4.87785
265	2	1	21	3	2	1	5	-2.94628	-2.50452	-4.48508	-4.5746
266	2	1	21	3	2	1	5	-2.94628	-2.50452	-4.48508	-4.5746
267	2	4	1	2	2	1	5	-2.79086	-3.68617	-4.10053	-4.16388
268	2	4	1	2	2	1	5	-2.79086	-3.68617	-4.10053	-4.16388
269	2	4	1	2	7	1	5	-2.32265	-6.18907	-5.25924	-5.28522
270	4	7	10	4	1	7	1	-1.83564	-3.84434	-2.5613	-1.96538
271	1	2	4	62	4	5	17	-6.11806	-4.85971	-7.76974	-8.55514
272	4	1	21	3	2	1	5	-9.80389	-10.2035	-10.5358	-9.97978
273	10	1	16	19	10	5	7	-6.20453	-2.75598	-4.30952	-5.20553
274	33	283	44	82	189	44	17	-6.94276	-3.48015	-5.61434	-6.02844
275	2	1	12	3	2	1	5	-2.6388	-2.13175	-3.69382	-4.87785
276	10	81	50	99	120	76	52	-6.66634	-6.38576	-5.26565	-5.18771
277	4	7	10	4	42	25	1	-8.37773	-9.01453	-5.77803	-5.19621
278	2	4	1	2	2	1	5	-2.79086	-3.68617	-4.10053	-4.16388
279	2	4	5	2	10	1	5	-6.9098	-10.7862	-9.90875	-10.2825
280	2	4	1	2	2	1	5	-2.79086	-3.68617	-4.10053	-4.16388
281	9	2	4	62	4	5	6	-3.73233	-5.27657	-5.6852	-6.81234
282	4	7	10	4	1	7	1	-1.83564	-3.84434	-2.5613	-1.96538
283	2	1	12	3	2	1	5	-2.6388	-2.13175	-3.69382	-4.87785
284	9	2	4	62	4	5	6	-3.73233	-5.27657	-5.6852	-6.81234
285	9	2	4	62	4	5	6	-3.73233	-5.27657	-5.6852	-6.81234
286	2	4	1	2	2	1	5	-2.79086	-3.68617	-4.10053	-4.16388
287	2	1	12	88	2	1	5	-3.96329	-3.44396	-5.84797	-5.39086
288	2	1	21	3	2	1	5	-2.94628	-2.50452	-4.48508	-4.5746
289	33	39	30	79	113	44	17	-26.0383	-24.4735	-24.8103	-26.8315
290	1	2	3	4	5	9	3	-4.64969	-2.49889	-3.69223	-4.94467
291	1	4	2	2	6	3	17	-4.65826	-2.4588	-4.79056	-5.58849
292	9	2	4	62	4	5	6	-3.73233	-5.27657	-5.6852	-6.81234
293	2	1	12	3	2	1	5	-2.6388	-2.13175	-3.69382	-4.87785
294	2	1	5	3	2	5	5	-5.57291	-2.83997	-4.19149	-5.52171
295	2	1	5	3	2	5	5	-5.57291	-2.83997	-4.19149	-5.52171
296	2	4	1	2	2	1	5	-2.79086	-3.68617	-4.10053	-4.16388
297	2	4	1	2	2	1	5	-2.79086	-3.68617	-4.10053	-4.16388
298	2	1	21	3	2	1	5	-2.94628	-2.50452	-4.48508	-4.5746
299	32	39	30	82	104	324	17	-8.23842	-4.68674	-7.86048	-8.81242
300	2	1	12	3	2	1	5	-2.6388	-2.13175	-3.69382	-4.87785
301	4	7	10	4	1	7	1	-1.83564	-3.84434	-2.5613	-1.96538
302	1	4	2	2	6	3	5	-8.79828	-5.27495	-8.45322	-9.41808
303	2	1	21	3	2	1	5	-2.94628	-2.50452	-4.48508	-4.5746
304	4	7	10	4	42	51	1	-2.94158	-4.69674	-4.73868	-3.84894
305	2	4	1	2	7	1	5	-2.32265	-6.18907	-5.25924	-5.28522
306	7	21	5	62	4	61	44	-7.36804	-3.84049	-5.83562	-7.49193
307	104	7	10	4	1	7	1	-4.42621	-8.32263	-7.41957	-7.78063
308	9	25	2	10	22	3	6	-4.47483	-7.65749	-5.83322	-4.39759
309	2	4	2	2	6	3	17	-10.8459	-7.6876	-10.4071	-10.7594
310	2	4	1	2	7	1	5	-2.32265	-6.18907	-5.25924	-5.28522
311	129	66	30	82	189	47	17	-3.25922	-4.93413	-5.32794	-4.19821
312	33	39	30	82	104	173	68	-5.40536	-3.99048	-6.94095	-7.74547
313	2	1	12	3	2	1	5	-2.6388	-2.13175	-3.69382	-4.87785
314	2	1	1	3	2	1	5	-4.63356	-3.79954	-6.58661	-7.30926
315	7	21	5	62	4	61	44	-7.36804	-3.84049	-5.83562	-7.49193
316	2	1	21	3	2	1	5	-2.94628	-2.50452	-4.48508	-4.5746
317	4	7	10	4	1	7	1	-1.83564	-3.84434	-2.5613	-1.96538
318	10	2	107	62	120	76	1	-6.84847	-9.79557	-7.84535	-6.35098
319	4	7	10	4	1	7	1	-1.83564	-3.84434	-2.5613	-1.96538
320	2	1	12	3	2	1	5	-2.6388	-2.13175	-3.69382	-4.87785
321	2	1	5	3	2	3	5	-4.24611	-3.26242	-5.6247	-4.83473
322	4	7	10	4	1	7	1	-1.83564	-3.84434	-2.5613	-1.96538
323	2	1	12	88	2	1	5	-3.96329	-3.44396	-5.84797	-5.39086
324	4	7	10	4	42	7	1	-6.53515	-8.42688	-5.54258	-4.67962
325	4	7	10	4	42	51	1	-2.94158	-4.69674	-4.73868	-3.84894
326	2	1	21	3	2	1	5	-2.94628	-2.50452	-4.48508	-4.5746
327	2	1	12	3	2	1	5	-2.6388	-2.13175	-3.69382	-4.87785
328	4	7	10	4	1	7	1	-1.83564	-3.84434	-2.5613	-1.96538
329	2	4	1	2	7	1	5	-2.32265	-6.18907	-5.25924	-5.28522
330	4	7	10	4	1	7	1	-1.83564	-3.84434	-2.5613	-1.96538
331	2	1	12	3	2	1	5	-2.6388	-2.13175	-3.69382	-4.87785
332	4	7	10	4	1	7	1	-1.83564	-3.84434	-2.5613	-1.96538
333	4	7	10	4	1	7	1	-1.83564	-3.84434	-2.5613	-1.96538
334	1	4	2	2	6	3	17	-4.65826	-2.4588	-4.79056	-5.58849
335	2	4	1	2	2	1	5	-2.79086	-3.68617	-4.10053	-4.16388
336	4	7	10	4	1	7	1	-1.83564	-3.84434	-2.5613	-1.96538
337	7	17	2	15	23	3	12	-6.91729	-10.8072	-9.92276	-10.2957
338	2	1	5	3	2	3	5	-4.24611	-3.26242	-5.6247	-4.83473
339	4	7	10	4	1	7	1	-1.83564	-3.84434	-2.5613	-1.96538
340	4	7	10	4	1	7	1	-1.83564	-3.84434	-2.5613	-1.96538
341	4	7	10	4	42	51	1	-2.94158	-4.69674	-4.73868	-3.84894
342	2	4	1	2	2	1	5	-2.79086	-3.68617	-4.10053	-4.16388
343	2	1	12	88	2	1	5	-3.96329	-3.44396	-5.84797	-5.39086
344	2	1	1	3	2	1	5	-4.63356	-3.79954	-6.58661	-7.30926
345	1	2	3	4	5	9	3	-4.64969	-2.49889	-3.69223	-4.94467
346	2	1	12	88	2	1	5	-3.96329	-3.44396	-5.84797	-5.39086
347	2	1	1	3	2	1	5	-4.63356	-3.79954	-6.58661	-7.30926
348	24	17	2	10	23	68	5	-9.33617	-5.78346	-8.95814	-9.9104
349	4	7	10	4	1	7	1	-1.83564	-3.84434	-2.5613	-1.96538
350	2	1	21	3	2	1	5	-2.94628	-2.50452	-4.48508	-4.5746
351	1	4	2	2	6	3	17	-4.65826	-2.4588	-4.79056	-5.58849
352	2	1	5	3	2	3	5	-4.24611	-3.26242	-5.6247	-4.83473
353	4	7	10	4	1	7	1	-1.83564	-3.84434	-2.5613	-1.96538
354	2	1	1	3	2	1	5	-4.63356	-3.79954	-6.58661	-7.30926
355	2	1	12	3	2	1	5	-2.6388	-2.13175	-3.69382	-4.87785
356	8	10	149	2	11	12	6	-4.89402	-3.98591	-5.76614	-7.20198
357	2	4	1	2	2	5	5	-6.83026	-6.41939	-8.95045	-9.62338
358	10	1	16	19	10	5	7	-6.20453	-2.75598	-4.30952	-5.20553
359	24	17	2	10	23	68	5	-9.33617	-5.78346	-8.95814	-9.9104
360	1	2	4	62	4	5	17	-6.11806	-4.85971	-7.76974	-8.55514
361	2	4	1	2	7	1	5	-2.32265	-6.18907	-5.25924	-5.28522
362	7	71	5	62	11	67	6	-28.8835	-27.3341	-26.782	-29.3907
363	7	17	5	2	10	3	6	-25.5696	-24.1301	-23.8923	-22.5326
364	2	1	5	3	2	3	5	-4.24611	-3.26242	-5.6247	-4.83473
365	9	2	4	62	4	5	6	-3.73233	-5.27657	-5.6852	-6.81234
366	33	38	30	82	104	325	36	-13.8422	-10.5047	-12.3043	-13.9878
367	2	4	1	2	7	1	5	-2.32265	-6.18907	-5.25924	-5.28522
368	47	2	4	2	6	5	17	-11.1071	-11.111	-6.20265	-8.4624
369	2	1	12	88	2	1	5	-3.96329	-3.44396	-5.84797	-5.39086
370	2	1	12	88	2	1	5	-3.96329	-3.44396	-5.84797	-5.39086
371	2	1	12	88	2	1	5	-3.96329	-3.44396	-5.84797	-5.39086
372	2	1	12	88	2	1	5	-3.96329	-3.44396	-5.84797	-5.39086
373	2	4	1	2	2	1	5	-2.79086	-3.68617	-4.10053	-4.16388
374	2	1	12	88	2	1	5	-3.96329	-3.44396	-5.84797	-5.39086
375	1	1	2	2	6	3	17	-9.83189	-6.17944	-9.33632	-10.3025
376	2	1	12	88	2	1	5	-3.96329	-3.44396	-5.84797	-5.39086
377	2	1	12	88	2	1	5	-3.96329	-3.44396	-5.84797	-5.39086
378	2	4	1	2	2	1	5	-2.79086	-3.68617	-4.10053	-4.16388
379	2	1	12	88	2	1	5	-3.96329	-3.44396	-5.84797	-5.39086
380	2	1	5	3	2	3	5	-4.24611	-3.26242	-5.6247	-4.83473
381	4	7	10	4	1	7	1	-1.83564	-3.84434	-2.5613	-1.96538
382	2	1	12	3	2	1	5	-2.6388	-2.13175	-3.69382	-4.87785
383	1	2	4	62	4	5	17	-6.11806	-4.85971	-7.76974	-8.55514
384	1	4	2	2	6	3	17	-4.65826	-2.4588	-4.79056	-5.58849
385	2	1	12	3	2	1	5	-2.6388	-2.13175	-3.69382	-4.87785
386	2	1	12	88	2	1	5	-3.96329	-3.44396	-5.84797	-5.39086
387	9	2	4	62	4	5	6	-3.73233	-5.27657	-5.6852	-6.81234
388	2	4	1	2	7	1	5	-2.32265	-6.18907	-5.25924	-5.28522
389	2	1	5	3	2	3	5	-4.24611	-3.26242	-5.6247	-4.83473
390	7	21	5	62	4	61	44	-7.36804	-3.84049	-5.83562	-7.49193
391	1	2	215	4	90	24	8	-29.2126	-27.3668	-21.5608	-23.1122
392	2	1	21	3	2	1	5	-2.94628	-2.50452	-4.48508	-4.5746
393	1	4	2	2	6	3	17	-4.65826	-2.4588	-4.79056	-5.58849
394	2	4	1	2	2	1	5	-2.79086	-3.68617	-4.10053	-4.16388
395	2	1	12	3	2	1	5	-2.6388	-2.13175	-3.69382	-4.87785
396	1	2	3	4	5	9	3	-4.64969	-2.49889	-3.69223	-4.94467
397	2	1	5	3	2	3	5	-4.24611	-3.26242	-5.6247	-4.83473
398	10	1	16	19	10	5	7	-6.20453	-2.75598	-4.30952	-5.20553
399	2	1	2	3	2	959	5	-7.58376	-10.8877	-9.40202	-10.5086
400	10	1	16	19	10	5	7	-6.20453	-2.75598	-4.30952	-5.20553
401	2	4	1	2	7	1	5	-2.32265	-6.18907	-5.25924	-5.28522
402	2	1	12	3	2	1	5	-2.6388	-2.13175	-3.69382	-4.87785
403	8	10	149	2	11	12	6	-4.89402	-3.98591	-5.76614	-7.20198
404	2	4	1	2	7	1	5	-2.32265	-6.18907	-5.25924	-5.28522
405	4	7	10	4	1	7	1	-1.83564	-3.84434	-2.5613	-1.96538
406	4	7	10	4	1	7	1	-1.83564	-3.84434	-2.5613	-1.96538
407	2	4	5	2	2	5	5	-3.68811	-7.49633	-6.445	-5.96162
408	2	1	12	3	2	1	5	-2.6388	-2.13175	-3.69382	-4.87785
409	166	2	27	10	151	3	1	-30.9658	-32.5597	-26.2974	-26.6745
410	33	39	30	79	113	44	17	-26.0383	-24.4735	-24.8103	-26.8315
411	7	17	2	15	23	3	12	-6.91729	-10.8072	-9.92276	-10.2957
412	1	2	3	4	5	9	3	-4.64969	-2.49889	-3.69223	-4.94467
413	2	4	1	2	7	1	5	-2.32265	-6.18907	-5.25924	-5.28522
414	7	21	5	62	4	61	44	-7.36804	-3.84049	-5.83562	-7.49193
415	2	1	12	3	2	1	5	-2.6388	-2.13175	-3.69382	-4.87785
416	1	2	3	4	5	9	3	-4.64969	-2.49889	-3.69223	-4.94467
417	2	1	5	88	2	11	5	-8.81903	-5.35865	-6.10374	-8.15326
418	2	4	1	2	7	1	5	-2.32265	-6.18907	-5.25924	-5.28522
419	2	1	21	3	2	1	5	-2.94628	-2.50452	-4.48508	-4.5746
420	7	17	2	15	23	3	12	-6.91729	-10.8072	-9.92276	-10.2957
421	2	1	5	88	2	11	5	-8.81903	-5.35865	-6.10374	-8.15326
422	47	2	4	2	6	5	17	-11.1071	-11.111	-6.20265	-8.4624
423	1	2	3	4	5	9	3	-4.64969	-2.49889	-3.69223	-4.94467
424	7	17	2	15	23	3	12	-6.91729	-10.8072	-9.92276	-10.2957
425	2	4	1	2	2	1	5	-2.79086	-3.68617	-4.10053	-4.16388
426	2	4	1	2	2	1	5	-2.79086	-3.68617	-4.10053	-4.16388
427	2	4	1	2	2	1	5	-2.79086	-3.68617	-4.10053	-4.16388
428	2	1	12	3	2	1	5	-2.6388	-2.13175	-3.69382	-4.87785
429	2	4	5	2	2	5	5	-3.68811	-7.49633	-6.445	-5.96162
430	2	1	21	3	2	1	5	-2.94628	-2.50452	-4.48508	-4.5746
431	4	7	10	4	42	25	1	-8.37773	-9.01453	-5.77803	-5.19621
432	1	4	2	2	6	3	17	-4.65826	-2.4588	-4.79056	-5.58849
433	1	2	215	4	923	24	8	-29.2126	-27.3668	-21.5608	-23.1122
434	1	2	3	4	5	9	3	-4.64969	-2.49889	-3.69223	-4.94467
435	2	1	1	3	2	1	5	-4.63356	-3.79954	-6.58661	-7.30926
436	1	4	2	2	6	3	17	-4.65826	-2.4588	-4.79056	-5.58849
437	2	4	1	2	2	1	5	-2.79086	-3.68617	-4.10053	-4.16388
438	2	1	5	3	2	5	5	-5.57291	-2.83997	-4.19149	-5.52171
439	4	7	10	4	42	51	1	-2.94158	-4.69674	-4.73868	-3.84894
440	4	7	10	4	1	7	1	-1.83564	-3.84434	-2.5613	-1.96538
441	4	7	10	4	1	7	1	-1.83564	-3.84434	-2.5613	-1.96538
442	4	7	10	4	1	7	1	-1.83564	-3.84434	-2.5613	-1.96538
443	2	1	21	3	2	1	5	-2.94628	-2.50452	-4.48508	-4.5746
444	2	1	21	3	2	1	5	-2.94628	-2.50452	-4.48508	-4.5746
445	2	4	1	2	7	1	5	-2.32265	-6.18907	-5.25924	-5.28522
446	4	7	10	4	1	7	1	-1.83564	-3.84434	-2.5613	-1.96538
447	4	7	10	4	1	7	1	-1.83564	-3.84434	-2.5613	-1.96538
448	2	1	1	3	2	1	5	-4.63356	-3.79954	-6.58661	-7.30926
449	2	1	21	3	2	1	5	-2.94628	-2.50452	-4.48508	-4.5746
450	2	1	21	3	2	1	5	-2.94628	-2.50452	-4.48508	-4.5746
451	4	7	10	4	42	51	1	-2.94158	-4.69674	-4.73868	-3.84894
452	4	7	10	1	1	7	1	-5.28481	-8.79555	-5.93504	-6.14555
453	239	27	16	19	10	5	7	-10.0315	-6.47849	-9.65191	-10.605
454	2	1	12	3	2	1	5	-2.6388	-2.13175	-3.69382	-4.87785
455	2	4	1	2	2	1	5	-2.79086	-3.68617	-4.10053	-4.16388
456	2	1	12	3	2	1	5	-2.6388	-2.13175	-3.69382	-4.87785
457	2	1	12	3	2	1	5	-2.6388	-2.13175	-3.69382	-4.87785
458	10	81	50	99	120	76	52	-6.66634	-6.38576	-5.26565	-5.18771
459	47	2	4	2	6	5	17	-11.1071	-11.111	-6.20265	-8.4624
460	2	4	1	3	2	1	5	-6.84826	-8.70207	-9.47623	-9.9135
461	4	7	10	4	1	7	1	-1.83564	-3.84434	-2.5613	-1.96538
462	2	1	1	380	2	1	5	-6.17272	-5.75149	-8.38126	-9.04079
463	2	4	1	2	7	1	5	-2.32265	-6.18907	-5.25924	-5.28522
464	2	1	12	88	2	1	5	-3.96329	-3.44396	-5.84797	-5.39086
465	7	71	5	62	11	67	1	-30.3395	-27.554	-25.9939	-28.491
466	2	4	1	2	7	1	5	-2.32265	-6.18907	-5.25924	-5.28522
467	4	7	10	4	1	7	1	-1.83564	-3.84434	-2.5613	-1.96538
468	2	1	1	380	2	1	5	-6.17272	-5.75149	-8.38126	-9.04079
469	2	4	1	2	2	1	5	-2.79086	-3.68617	-4.10053	-4.16388
470	2	1	12	3	2	1	5	-2.6388	-2.13175	-3.69382	-4.87785
471	1	14	2	2	6	1	17	-9.07615	-6.44005	-7.80355	-6.35825
472	1	2	4	62	4	5	17	-6.11806	-4.85971	-7.76974	-8.55514
473	4	7	10	4	1	7	1	-1.83564	-3.84434	-2.5613	-1.96538
474	2	1	21	3	2	1	5	-2.94628	-2.50452	-4.48508	-4.5746
475	2	4	1	2	2	1	5	-2.79086	-3.68617	-4.10053	-4.16388
476	1	4	2	2	6	3	17	-4.65826	-2.4588	-4.79056	-5.58849
477	4	7	10	4	1	7	1	-1.83564	-3.84434	-2.5613	-1.96538
478	10	2	107	62	120	76	1	-6.84847	-9.79557	-7.84535	-6.35098
479	2	1	12	3	2	1	5	-2.6388	-2.13175	-3.69382	-4.87785
480	2	1	5	3	2	3	5	-4.24611	-3.26242	-5.6247	-4.83473
481	2	1	21	3	2	1	5	-2.94628	-2.50452	-4.48508	-4.5746
482	1	2	3	4	5	9	3	-4.64969	-2.49889	-3.69223	-4.94467
483	1	307	3	4	5	9	3	-6.85878	-6.45123	-6.13979	-8.21363
484	7	2	5	2	10	3	6	-31.4802	-27.9637	-28.4285	-28.4645
485	1	2	3	4	5	9	3	-4.64969	-2.49889	-3.69223	-4.94467
486	33	39	30	82	104	173	68	-5.40536	-3.99048	-6.94095	-7.74547
487	4	7	10	4	42	7	1	-6.53515	-8.42688	-5.54258	-4.67962
488	2	1	12	88	2	1	5	-3.96329	-3.44396	-5.84797	-5.39086
489	2	4	1	2	2	1	5	-2.79086	-3.68617	-4.10053	-4.16388
490	2	1	21	3	2	1	5	-2.94628	-2.50452	-4.48508	-4.5746
491	9	2	4	62	4	5	6	-3.73233	-5.27657	-5.6852	-6.81234
492	2	1	5	3	2	3	5	-4.24611	-3.26242	-5.6247	-4.83473
493	4	7	10	4	1	7	1	-1.83564	-3.84434	-2.5613	-1.96538
494	2	1	57	26	127	29	35	-6.89799	-10.247	-6.17523	-8.29771
495	2	1	57	26	127	29	35	-6.89799	-10.247	-6.17523	-8.29771
496	2	4	2	4	19	3	6	-5.81414	-9.6997	-8.81529	-9.18401
497	2	1	12	3	2	1	5	-2.6388	-2.13175	-3.69382	-4.87785
498	2	4	1	2	2	1	5	-2.79086	-3.68617	-4.10053	-4.16388
499	2	4	1	2	2	1	5	-2.79086	-3.68617	-4.10053	-4.16388
500	2	1	21	3	2	1	5	-2.94628	-2.50452	-4.48508	-4.5746
501	33	39	65	79	104	43	17	-4.61396	-8.50441	-7.61945	-7.99316
502	1	14	2	2	6	1	17	-9.07615	-6.44005	-7.80355	-6.35825
503	2	1	12	3	2	1	5	-2.6388	-2.13175	-3.69382	-4.87785
504	7	21	5	62	4	61	44	-7.36804	-3.84049	-5.83562	-7.49193
505	9	2	4	62	4	5	6	-3.73233	-5.27657	-5.6852	-6.81234
506	129	66	30	82	189	47	17	-3.25922	-4.93413	-5.32794	-4.19821
507	2	1	21	3	2	1	5	-2.94628	-2.50452	-4.48508	-4.5746
508	47	2	4	2	6	5	17	-11.1071	-11.111	-6.20265	-8.4624
509	2	4	1	2	7	1	5	-2.32265	-6.18907	-5.25924	-5.28522
510	33	38	30	82	104	325	36	-13.8422	-10.5047	-12.3043	-13.9878
511	1	4	2	2	6	3	17	-4.65826	-2.4588	-4.79056	-5.58849
512	1	4	2	2	6	3	17	-4.65826	-2.4588	-4.79056	-5.58849
513	2	4	1	2	2	1	5	-2.79086	-3.68617	-4.10053	-4.16388
514	4	7	10	4	1	7	1	-1.83564	-3.84434	-2.5613	-1.96538
515	33	283	44	82	189	44	17	-6.94276	-3.48015	-5.61434	-6.02844
516	8	10	149	2	11	12	6	-4.89402	-3.98591	-5.76614	-7.20198
517	2	1	21	3	62	1	5	-5.81163	-9.68648	-8.81337	-9.18634
518	10	1	16	19	10	5	7	-6.20453	-2.75598	-4.30952	-5.20553
519	180	194	2	68	19	231	147	-24.3654	-29.3181	-21.5706	-25.6019
520	2	4	1	2	7	1	5	-2.32265	-6.18907	-5.25924	-5.28522
521	2	4	2	2	6	1	5	-6.10441	-4.84536	-6.00871	-7.80925
522	1	2	3	4	5	9	3	-4.64969	-2.49889	-3.69223	-4.94467
523	2	1	21	3	2	1	5	-2.94628	-2.50452	-4.48508	-4.5746
524	2	1	12	3	2	1	5	-2.6388	-2.13175	-3.69382	-4.87785
525	2	1	5	3	2	3	5	-4.24611	-3.26242	-5.6247	-4.83473
526	1	307	3	4	5	9	3	-6.85878	-6.45123	-6.13979	-8.21363
527	2	4	1	2	7	1	5	-2.32265	-6.18907	-5.25924	-5.28522
528	2	1	12	3	2	1	5	-2.6388	-2.13175	-3.69382	-4.87785
529	7	21	5	62	4	61	44	-7.36804	-3.84049	-5.83562	-7.49193
530	2	1	5	3	2	3	5	-4.24611	-3.26242	-5.6247	-4.83473
531	2	1	12	88	2	1	5	-3.96329	-3.44396	-5.84797	-5.39086
532	2	1	21	3	2	1	5	-2.94628	-2.50452	-4.48508	-4.5746
533	1	4	2	2	6	3	17	-4.65826	-2.4588	-4.79056	-5.58849
534	2	4	1	2	7	1	5	-2.32265	-6.18907	-5.25924	-5.28522
535	47	2	4	2	6	5	17	-11.1071	-11.111	-6.20265	-8.4624
536	1	4	2	2	6	3	17	-4.65826	-2.4588	-4.79056	-5.58849
537	1	2	3	4	5	9	3	-4.64969	-2.49889	-3.69223	-4.94467
538	2	4	1	2	2	1	5	-2.79086	-3.68617	-4.10053	-4.16388
539	4	7	10	4	42	7	1	-6.53515	-8.42688	-5.54258	-4.67962
540	2	4	1	9	2	1	5	-6.58739	-7.70967	-6.74999	-7.54559
541	2	1	12	3	2	1	5	-2.6388	-2.13175	-3.69382	-4.87785
542	1	4	2	9	6	3	17	-8.45726	-6.432	-7.42002	-8.95267
543	1	2	3	4	922	9	3	-8.46124	-6.52394	-6.34431	-8.32798
544	4	7	10	4	1	7	1	-1.83564	-3.84434	-2.5613	-1.96538
545	2	1	5	3	2	3	5	-4.24611	-3.26242	-5.6247	-4.83473
546	2	4	1	2	7	1	5	-2.32265	-6.18907	-5.25924	-5.28522
547	4	7	10	4	1	7	1	-1.83564	-3.84434	-2.5613	-1.96538
548	2	4	1	2	2	1	5	-2.79086	-3.68617	-4.10053	-4.16388
549	2	1	21	3	2	1	5	-2.94628	-2.50452	-4.48508	-4.5746
550	4	7	10	4	1	7	1	-1.83564	-3.84434	-2.5613	-1.96538
551	1	4	2	2	6	3	17	-4.65826	-2.4588	-4.79056	-5.58849
552	2	1	5	3	2	5	5	-5.57291	-2.83997	-4.19149	-5.52171
553	2	1	12	3	2	1	5	-2.6388	-2.13175	-3.69382	-4.87785
554	4	936	10	4	1	7	1	-5.64195	-7.86706	-5.18824	-5.35117
555	180	194	2	68	19	231	147	-24.3654	-29.3181	-21.5706	-25.6019
556	4	7	10	4	42	51	1	-2.94158	-4.69674	-4.73868	-3.84894
557	4	7	10	4	42	25	1	-8.37773	-9.01453	-5.77803	-5.19621
558	2	1	21	3	2	1	5	-2.94628	-2.50452	-4.48508	-4.5746
559	2	1	5	3	2	3	5	-4.24611	-3.26242	-5.6247	-4.83473
560	2	1	5	3	2	3	5	-4.24611	-3.26242	-5.6247	-4.83473
561	4	7	10	4	42	51	1	-2.94158	-4.69674	-4.73868	-3.84894
562	4	7	10	4	1	7	1	-1.83564	-3.84434	-2.5613	-1.96538
563	2	4	1	2	7	1	5	-2.32265	-6.18907	-5.25924	-5.28522
564	2	1	21	3	2	1	5	-2.94628	-2.50452	-4.48508	-4.5746
565	1	4	2	2	6	3	17	-4.65826	-2.4588	-4.79056	-5.58849
566	188	313	5	2	89	5	6	-39.9236	-36.4122	-36.8049	-40.3058
567	2	1	21	3	2	1	5	-2.94628	-2.50452	-4.48508	-4.5746
568	2	1	1	3	2	1	5	-4.63356	-3.79954	-6.58661	-7.30926
569	2	1	5	3	2	3	5	-4.24611	-3.26242	-5.6247	-4.83473
570	2	4	1	2	2	1	5	-2.79086	-3.68617	-4.10053	-4.16388
571	2	1	5	3	2	3	5	-4.24611	-3.26242	-5.6247	-4.83473
572	2	1	1	3	2	1	5	-4.63356	-3.79954	-6.58661	-7.30926
573	2	1	5	3	2	3	5	-4.24611	-3.26242	-5.6247	-4.83473
574	1	4	2	2	6	3	17	-4.65826	-2.4588	-4.79056	-5.58849
575	1	4	2	2	6	3	17	-4.65826	-2.4588	-4.79056	-5.58849
576	2	1	21	3	2	1	5	-2.94628	-2.50452	-4.48508	-4.5746
577	239	27	16	19	10	5	7	-10.0315	-6.47849	-9.65191	-10.605
578	2	4	5	2	2	5	5	-3.68811	-7.49633	-6.445	-5.96162
579	9	2	4	62	4	5	6	-3.73233	-5.27657	-5.6852	-6.81234
580	2	1	1	3	2	1	5	-4.63356	-3.79954	-6.58661	-7.30926
581	2	1	5	3	2	3	5	-4.24611	-3.26242	-5.6247	-4.83473
582	1	4	2	2	6	3	17	-4.65826	-2.4588	-4.79056	-5.58849
583	2	4	5	2	2	5	5	-3.68811	-7.49633	-6.445	-5.96162
584	2	4	5	2	2	5	5	-3.68811	-7.49633	-6.445	-5.96162
585	2	1	5	3	2	3	5	-4.24611	-3.26242	-5.6247	-4.83473
586	2	1	1	380	2	1	5	-6.17272	-5.75149	-8.38126	-9.04079
587	2	7	10	4	1	7	1	-6.60831	-8.91351	-8.01207	-7.09962
588	2	1	12	3	2	1	5	-2.6388	-2.13175	-3.69382	-4.87785
589	2	4	1	2	2	1	5	-2.79086	-3.68617	-4.10053	-4.16388
590	9	2	4	62	4	5	6	-3.73233	-5.27657	-5.6852	-6.81234
591	2	4	5	2	2	5	5	-3.68811	-7.49633	-6.445	-5.96162
592	1	4	2	2	6	3	17	-4.65826	-2.4588	-4.79056	-5.58849
593	1	4	2	2	6	5	17	-12.8475	-8.74687	-11.8432	-13.5303
594	2	4	2	2	6	1	5	-6.10441	-4.84536	-6.00871	-7.80925
595	1	4	2	2	6	5	17	-12.8475	-8.74687	-11.8432	-13.5303
596	2	23	21	3	2	1	5	-6.75877	-6.53405	-7.13872	-7.95976
597	7	21	5	62	4	61	44	-7.36804	-3.84049	-5.83562	-7.49193
598	2	4	1	2	2	1	5	-2.79086	-3.68617	-4.10053	-4.16388
599	1	307	3	4	5	9	3	-6.85878	-6.45123	-6.13979	-8.21363
600	1	2	3	4	5	9	3	-4.64969	-2.49889	-3.69223	-4.94467
601	9	2	4	62	4	5	6	-3.73233	-5.27657	-5.6852	-6.81234
602	2	1	12	3	2	1	5	-2.6388	-2.13175	-3.69382	-4.87785
603	1	4	2	2	6	3	17	-4.65826	-2.4588	-4.79056	-5.58849
604	10	1	16	19	10	5	7	-6.20453	-2.75598	-4.30952	-5.20553
605	2	1	12	3	2	1	5	-2.6388	-2.13175	-3.69382	-4.87785
606	180	194	2	68	19	231	147	-24.3654	-29.3181	-21.5706	-25.6019
607	2	1	12	3	2	1	5	-2.6388	-2.13175	-3.69382	-4.87785
608	4	7	10	4	1	7	1	-1.83564	-3.84434	-2.5613	-1.96538
609	129	66	30	82	189	47	17	-3.25922	-4.93413	-5.32794	-4.19821
610	4	7	10	4	1	7	1	-1.83564	-3.84434	-2.5613	-1.96538
611	2	1	12	3	2	1	5	-2.6388	-2.13175	-3.69382	-4.87785
612	2	1	21	3	2	1	5	-2.94628	-2.50452	-4.48508	-4.5746
613	4	7	10	4	1	7	1	-1.83564	-3.84434	-2.5613	-1.96538
614	10	1	16	19	10	5	7	-6.20453	-2.75598	-4.30952	-5.20553
615	8	10	149	2	11	12	6	-4.89402	-3.98591	-5.76614	-7.20198
616	129	66	30	82	189	47	17	-3.25922	-4.93413	-5.32794	-4.19821
617	2	4	1	2	2	1	5	-2.79086	-3.68617	-4.10053	-4.16388
618	180	194	2	68	19	231	147	-24.3654	-29.3181	-21.5706	-25.6019
619	2	1	5	3	2	3	5	-4.24611	-3.26242	-5.6247	-4.83473
620	2	4	1	2	2	1	5	-2.79086	-3.68617	-4.10053	-4.16388
621	1	2	3	4	5	9	3	-4.64969	-2.49889	-3.69223	-4.94467
622	180	194	2	68	19	231	147	-24.3654	-29.3181	-21.5706	-25.6019
623	33	39	65	79	104	43	17	-4.61396	-8.50441	-7.61945	-7.99316
624	2	4	5	2	2	5	5	-3.68811	-7.49633	-6.445	-5.96162
625	2	1	5	3	2	5	5	-5.57291	-2.83997	-4.19149	-5.52171
626	2	1	12	3	2	1	5	-2.6388	-2.13175	-3.69382	-4.87785
627	180	194	2	68	19	231	147	-24.3654	-29.3181	-21.5706	-25.6019
628	2	1	21	3	2	1	5	-2.94628	-2.50452	-4.48508	-4.5746
629	2	1	5	3	2	5	5	-5.57291	-2.83997	-4.19149	-5.52171
630	2	1	21	3	2	1	5	-2.94628	-2.50452	-4.48508	-4.5746
631	1	2	3	4	5	9	3	-4.64969	-2.49889	-3.69223	-4.94467
632	2	1	21	3	2	1	5	-2.94628	-2.50452	-4.48508	-4.5746
633	8	10	2	2	11	12	6	-3.97066	-7.77838	-6.97521	-7.34912
634	2	4	1	2	7	1	5	-2.32265	-6.18907	-5.25924	-5.28522
635	2	1	5	3	2	3	5	-4.24611	-3.26242	-5.6247	-4.83473
636	1	2	3	4	5	9	3	-4.64969	-2.49889	-3.69223	-4.94467
637	9	2	4	62	4	5	6	-3.73233	-5.27657	-5.6852	-6.81234
638	2	1	21	3	2	1	5	-2.94628	-2.50452	-4.48508	-4.5746
639	8	10	149	2	11	12	6	-4.89402	-3.98591	-5.76614	-7.20198
640	2	1	12	88	2	1	5	-3.96329	-3.44396	-5.84797	-5.39086
641	2	4	1	2	2	1	5	-2.79086	-3.68617	-4.10053	-4.16388
642	2	1	5	10	10	1	5	-23.5596	-23.3455	-23.0929	-23.2593
643	1	2	3	4	5	9	3	-4.64969	-2.49889	-3.69223	-4.94467
644	2	4	1	2	7	1	5	-2.32265	-6.18907	-5.25924	-5.28522
645	2	4	1	2	2	1	5	-2.79086	-3.68617	-4.10053	-4.16388
646	1	2	3	4	5	9	3	-4.64969	-2.49889	-3.69223	-4.94467
647	2	1	12	88	2	1	5	-3.96329	-3.44396	-5.84797	-5.39086
648	4	7	10	4	1	7	1	-1.83564	-3.84434	-2.5613	-1.96538
649	2	1	21	3	2	1	5	-2.94628	-2.50452	-4.48508	-4.5746
650	2	4	1	2	7	1	5	-2.32265	-6.18907	-5.25924	-5.28522
651	33	38	30	82	118	43	17	-20.0036	-19.321	-21.0038	-22.2417
652	2	4	1	2	2	1	5	-2.79086	-3.68617	-4.10053	-4.16388
653	2	1	5	3	2	3	5	-4.24611	-3.26242	-5.6247	-4.83473
654	4	7	10	4	1	7	1	-1.83564	-3.84434	-2.5613	-1.96538
655	8	10	2	2	11	12	6	-3.97066	-7.77838	-6.97521	-7.34912
656	2	4	5	2	2	5	5	-3.68811	-7.49633	-6.445	-5.96162
657	4	7	10	4	1	7	1	-1.83564	-3.84434	-2.5613	-1.96538
658	2	1	5	3	2	3	5	-4.24611	-3.26242	-5.6247	-4.83473
659	33	39	30	82	113	47	17	-5.78832	-5.76511	-8.19436	-8.79699
660	2	1	21	3	2	1	5	-2.94628	-2.50452	-4.48508	-4.5746
661	2	4	1	2	7	1	5	-2.32265	-6.18907	-5.25924	-5.28522
662	2	1	1	3	2	1	5	-4.63356	-3.79954	-6.58661	-7.30926
663	4	7	10	4	1	7	1	-1.83564	-3.84434	-2.5613	-1.96538
664	7	21	5	62	4	61	44	-7.36804	-3.84049	-5.83562	-7.49193
665	10	81	50	99	120	76	52	-6.66634	-6.38576	-5.26565	-5.18771
666	4	7	10	4	1	7	1	-1.83564	-3.84434	-2.5613	-1.96538
667	1	2	3	4	5	9	3	-4.64969	-2.49889	-3.69223	-4.94467
668	1	2	3	4	5	9	3	-4.64969	-2.49889	-3.69223	-4.94467
669	2	4	1	2	7	1	5	-2.32265	-6.18907	-5.25924	-5.28522
670	4	7	10	4	1	7	1	-1.83564	-3.84434	-2.5613	-1.96538
671	2	1	5	3	2	3	5	-4.24611	-3.26242	-5.6247	-4.83473
672	1	4	2	2	6	3	17	-4.65826	-2.4588	-4.79056	-5.58849
673	4	935	10	4	1	7	1	-5.64195	-7.86706	-5.18824	-5.35117
674	10	1	16	19	10	5	7	-6.20453	-2.75598	-4.30952	-5.20553
675	4	7	10	4	1	7	1	-1.83564	-3.84434	-2.5613	-1.96538
676	33	39	65	79	104	43	17	-4.61396	-8.50441	-7.61945	-7.99316
677	2	4	2	2	6	1	5	-6.10441	-4.84536	-6.00871	-7.80925
678	4	7	10	4	42	25	1	-8.37773	-9.01453	-5.77803	-5.19621
679	1	4	2	2	6	3	17	-4.65826	-2.4588	-4.79056	-5.58849
680	4	7	10	4	42	25	1	-8.37773	-9.01453	-5.77803	-5.19621
681	4	7	10	4	42	25	1	-8.37773	-9.01453	-5.77803	-5.19621
682	4	7	10	4	1	7	1	-1.83564	-3.84434	-2.5613	-1.96538
683	2	4	1	2	7	1	5	-2.32265	-6.18907	-5.25924	-5.28522
684	4	7	10	4	1	7	1	-1.83564	-3.84434	-2.5613	-1.96538
685	4	7	10	4	42	7	1	-6.53515	-8.42688	-5.54258	-4.67962
686	10	27	16	19	10	5	7	-20.2888	-12.8229	-16.6803	-17.4616
687	10	81	50	99	120	76	52	-6.66634	-6.38576	-5.26565	-5.18771
688	4	7	10	4	1	7	1	-1.83564	-3.84434	-2.5613	-1.96538
689	4	7	10	4	42	51	1	-2.94158	-4.69674	-4.73868	-3.84894
690	4	7	10	4	1	7	1	-1.83564	-3.84434	-2.5613	-1.96538
691	10	81	50	99	120	76	52	-6.66634	-6.38576	-5.26565	-5.18771
692	2	4	1	2	2	1	5	-2.79086	-3.68617	-4.10053	-4.16388
693	4	7	10	4	42	51	1	-2.94158	-4.69674	-4.73868	-3.84894
694	4	7	10	4	42	51	1	-2.94158	-4.69674	-4.73868	-3.84894
695	4	7	10	4	42	51	1	-2.94158	-4.69674	-4.73868	-3.84894
696	8	10	2	2	11	12	6	-3.97066	-7.77838	-6.97521	-7.34912
697	33	38	30	82	104	43	17	-5.30697	-9.19607	-8.31162	-8.68032
698	4	7	10	4	1	7	1	-1.83564	-3.84434	-2.5613	-1.96538
699	10	81	50	99	120	76	52	-6.66634	-6.38576	-5.26565	-5.18771
700	2	4	1	2	7	1	5	-2.32265	-6.18907	-5.25924	-5.28522
701	4	7	10	4	1	7	1	-1.83564	-3.84434	-2.5613	-1.96538
702	4	7	10	4	1	7	1	-1.83564	-3.84434	-2.5613	-1.96538
703	10	81	50	99	120	76	52	-6.66634	-6.38576	-5.26565	-5.18771
704	4	7	10	4	42	51	1	-2.94158	-4.69674	-4.73868	-3.84894
705	9	2	4	62	4	5	6	-3.73233	-5.27657	-5.6852	-6.81234
706	4	7	10	4	1	7	1	-1.83564	-3.84434	-2.5613	-1.96538
707	2	1	1	3	2	1	5	-4.63356	-3.79954	-6.58661	-7.30926
708	1	14	2	2	6	1	17	-9.07615	-6.44005	-7.80355	-6.35825
709	2	4	2	2	6	1	5	-6.10441	-4.84536	-6.00871	-7.80925
710	2	4	2	2	6	1	5	-6.10441	-4.84536	-6.00871	-7.80925
711	4	7	10	4	42	51	1	-2.94158	-4.69674	-4.73868	-3.84894
712	10	2	107	62	120	76	1	-6.84847	-9.79557	-7.84535	-6.35098
713	2	1	12	3	2	1	5	-2.6388	-2.13175	-3.69382	-4.87785
714	2	4	1	2	2	1	5	-2.79086	-3.68617	-4.10053	-4.16388
715	47	2	4	2	6	5	17	-11.1071	-11.111	-6.20265	-8.4624
716	4	7	10	4	42	5	1	-11.1004	-10.9466	-11.2083	-11.2716
717	2	1	12	3	2	1	5	-2.6388	-2.13175	-3.69382	-4.87785
718	4	7	10	4	42	51	1	-2.94158	-4.69674	-4.73868	-3.84894
719	1	307	3	4	5	9	3	-6.85878	-6.45123	-6.13979	-8.21363
720	2	1	21	3	2	1	5	-2.94628	-2.50452	-4.48508	-4.5746
721	4	7	10	4	1	7	1	-1.83564	-3.84434	-2.5613	-1.96538
722	2	4	1	2	2	1	5	-2.79086	-3.68617	-4.10053	-4.16388
723	2	1	12	3	2	1	5	-2.6388	-2.13175	-3.69382	-4.87785
724	4	7	10	4	1	7	1	-1.83564	-3.84434	-2.5613	-1.96538
725	2	1	21	3	2	1	5	-2.94628	-2.50452	-4.48508	-4.5746
726	2	1	1	3	2	1	5	-4.63356	-3.79954	-6.58661	-7.30926
727	4	7	10	4	1	7	1	-1.83564	-3.84434	-2.5613	-1.96538
728	2	1	12	3	2	1	5	-2.6388	-2.13175	-3.69382	-4.87785
729	1	4	3	2	6	3	17	-14.5444	-9.23025	-12.1213	-13.9343
730	2	1	12	3	2	1	5	-2.6388	-2.13175	-3.69382	-4.87785
731	2	1	12	88	2	1	5	-3.96329	-3.44396	-5.84797	-5.39086
732	1	4	2	2	6	3	17	-4.65826	-2.4588	-4.79056	-5.58849
733	4	7	10	4	42	51	1	-2.94158	-4.69674	-4.73868	-3.84894
734	2	1	12	3	2	1	5	-2.6388	-2.13175	-3.69382	-4.87785
735	4	7	10	4	1	7	1	-1.83564	-3.84434	-2.5613	-1.96538
736	2	1	12	88	2	1	5	-3.96329	-3.44396	-5.84797	-5.39086
737	2	1	21	3	2	1	5	-2.94628	-2.50452	-4.48508	-4.5746
738	2	4	5	2	2	5	5	-3.68811	-7.49633	-6.445	-5.96162
739	2	4	5	2	2	5	5	-3.68811	-7.49633	-6.445	-5.96162
740	2	1	21	3	62	1	5	-5.81163	-9.68648	-8.81337	-9.18634
741	4	7	10	4	42	25	1	-8.37773	-9.01453	-5.77803	-5.19621
742	1	2	4	62	4	5	17	-6.11806	-4.85971	-7.76974	-8.55514
743	1	2	3	4	5	9	3	-4.64969	-2.49889	-3.69223	-4.94467
744	8	10	2	2	11	12	6	-3.97066	-7.77838	-6.97521	-7.34912
745	2	1	12	88	2	1	5	-3.96329	-3.44396	-5.84797	-5.39086
746	2	4	5	2	2	5	5	-3.68811	-7.49633	-6.445	-5.96162
747	2	1	12	3	2	1	5	-2.6388	-2.13175	-3.69382	-4.87785
748	7	21	5	62	4	61	44	-7.36804	-3.84049	-5.83562	-7.49193
749	9	2	4	62	4	5	6	-3.73233	-5.27657	-5.6852	-6.81234
750	10	1	16	19	10	5	7	-6.20453	-2.75598	-4.30952	-5.20553
751	10	1	16	19	10	5	7	-6.20453	-2.75598	-4.30952	-5.20553
752	8	10	2	2	11	12	6	-3.97066	-7.77838	-6.97521	-7.34912
753	1	4	2	2	6	3	17	-4.65826	-2.4588	-4.79056	-5.58849
754	2	1	12	3	2	1	5	-2.6388	-2.13175	-3.69382	-4.87785
755	2	1	12	88	2	1	5	-3.96329	-3.44396	-5.84797	-5.39086
756	2	29	4	27	10	25	57	-19.4253	-20.283	-14.5323	-11.9247
757	2	1	5	3	2	3	5	-4.24611	-3.26242	-5.6247	-4.83473
758	2	1	12	3	2	1	5	-2.6388	-2.13175	-3.69382	-4.87785
759	37	52	57	26	107	29	23	-8.13087	-8.76399	-5.68528	-4.94209
760	2	4	1	2	7	1	5	-2.32265	-6.18907	-5.25924	-5.28522
761	1	2	3	4	5	9	3	-4.64969	-2.49889	-3.69223	-4.94467
762	2	1	12	3	2	1	5	-2.6388	-2.13175	-3.69382	-4.87785
763	1	4	2	2	6	3	17	-4.65826	-2.4588	-4.79056	-5.58849
764	1	4	2	2	6	3	17	-4.65826	-2.4588	-4.79056	-5.58849
765	1	2	3	4	5	9	3	-4.64969	-2.49889	-3.69223	-4.94467
766	4	7	10	4	1	7	1	-1.83564	-3.84434	-2.5613	-1.96538
767	2	1	21	3	2	1	5	-2.94628	-2.50452	-4.48508	-4.5746
768	2	1	12	3	2	1	5	-2.6388	-2.13175	-3.69382	-4.87785
769	2	4	1	2	2	5	5	-6.83026	-6.41939	-8.95045	-9.62338
770	2	4	1	2	2	1	5	-2.79086	-3.68617	-4.10053	-4.16388
771	2	4	5	2	2	5	5	-3.68811	-7.49633	-6.445	-5.96162
772	10	1	16	19	10	5	7	-6.20453	-2.75598	-4.30952	-5.20553
773	7	21	5	62	4	61	44	-7.36804	-3.84049	-5.83562	-7.49193
774	9	2	4	62	4	5	6	-3.73233	-5.27657	-5.6852	-6.81234
775	2	1	12	3	2	1	5	-2.6388	-2.13175	-3.69382	-4.87785
776	1	4	2	2	6	3	17	-4.65826	-2.4588	-4.79056	-5.58849
777	4	7	10	4	1	7	1	-1.83564	-3.84434	-2.5613	-1.96538
778	2	1	12	3	2	1	5	-2.6388	-2.13175	-3.69382	-4.87785
779	2	1	5	3	2	5	5	-5.57291	-2.83997	-4.19149	-5.52171
780	2	23	21	3	2	1	5	-6.75877	-6.53405	-7.13872	-7.95976
781	2	4	5	2	2	5	5	-3.68811	-7.49633	-6.445	-5.96162
782	2	4	2	2	6	1	5	-6.10441	-4.84536	-6.00871	-7.80925
783	2	1	12	3	2	1	5	-2.6388	-2.13175	-3.69382	-4.87785
784	4	7	10	4	42	51	1	-2.94158	-4.69674	-4.73868	-3.84894
785	7	17	5	2	86	232	1	-28.5305	-32.4557	-27.2595	-26.9988
786	2	4	1	2	2	1	5	-2.79086	-3.68617	-4.10053	-4.16388
787	2	1	12	3	2	1	5	-2.6388	-2.13175	-3.69382	-4.87785
788	2	1	21	3	2	1	5	-2.94628	-2.50452	-4.48508	-4.5746
789	7	17	2	15	23	3	12	-6.91729	-10.8072	-9.92276	-10.2957
790	2	1	5	3	2	5	5	-5.57291	-2.83997	-4.19149	-5.52171
791	1	6	60	24	12	28	1	-28.615	-30.7578	-19.373	-22.4071
792	1	2	3	4	5	9	3	-4.64969	-2.49889	-3.69223	-4.94467
793	2	4	5	2	2	5	5	-3.68811	-7.49633	-6.445	-5.96162
794	1	2	3	4	5	9	3	-4.64969	-2.49889	-3.69223	-4.94467
795	1	6	60	24	12	28	1	-28.615	-30.7578	-19.373	-22.4071
796	9	2	4	62	4	5	6	-3.73233	-5.27657	-5.6852	-6.81234
797	2	4	1	2	2	1	5	-2.79086	-3.68617	-4.10053	-4.16388
798	4	7	10	4	1	7	1	-1.83564	-3.84434	-2.5613	-1.96538
799	2	4	5	2	2	5	5	-3.68811	-7.49633	-6.445	-5.96162
800	7	2	2	2	11	12	6	-4.51728	-8.40679	-7.52223	-7.89553
801	2	1	21	3	2	1	941	-6.75888	-6.5147	-7.13303	-7.95692
802	9	2	2	10	10	3	5	-29.9406	-25.1519	-26.1937	-25.0553
803	8	10	149	2	11	12	6	-4.89402	-3.98591	-5.76614	-7.20198
804	7	1	5	2	10	3	6	-32.4747	-29.2071	-29.9923	-28.6801
805	2	1	21	3	2	1	5	-2.94628	-2.50452	-4.48508	-4.5746
806	33	39	30	82	113	43	17	-9.66067	-6.4659	-6.1745	-8.35413
807	1	6	60	24	12	28	1	-28.615	-30.7578	-19.373	-22.4071
808	1	6	60	24	12	28	1	-28.615	-30.7578	-19.373	-22.4071
809	7	17	2	15	23	3	12	-6.91729	-10.8072	-9.92276	-10.2957
810	1	4	2	2	6	3	17	-4.65826	-2.4588	-4.79056	-5.58849
811	1	4	2	2	6	3	17	-4.65826	-2.4588	-4.79056	-5.58849
812	7	21	5	62	4	61	44	-7.36804	-3.84049	-5.83562	-7.49193
813	239	27	16	19	10	5	7	-10.0315	-6.47849	-9.65191	-10.605
814	9	2	4	62	4	5	6	-3.73233	-5.27657	-5.6852	-6.81234
815	10	1	16	19	10	5	7	-6.20453	-2.75598	-4.30952	-5.20553
816	2	1	5	3	2	5	5	-5.57291	-2.83997	-4.19149	-5.52171
817	2	4	5	2	2	5	5	-3.68811	-7.49633	-6.445	-5.96162
818	8	10	2	2	11	12	6	-3.97066	-7.77838	-6.97521	-7.34912
819	7	17	2	15	23	3	12	-6.91729	-10.8072	-9.92276	-10.2957
820	2	4	1	4	1	1	5	-15.6356	-18.096	-15.6176	-14.7832
821	4	7	10	4	1	7	1	-1.83564	-3.84434	-2.5613	-1.96538
822	8	10	149	2	11	12	6	-4.89402	-3.98591	-5.76614	-7.20198
823	2	1	12	88	2	1	5	-3.96329	-3.44396	-5.84797	-5.39086
824	2	4	2	2	6	1	5	-6.10441	-4.84536	-6.00871	-7.80925
825	10	81	50	99	120	76	52	-6.66634	-6.38576	-5.26565	-5.18771
826	2	4	5	2	2	5	5	-3.68811	-7.49633	-6.445	-5.96162
827	2	4	1	2	2	5	5	-6.83026	-6.41939	-8.95045	-9.62338
828	8	10	149	2	11	12	6	-4.89402	-3.98591	-5.76614	-7.20198
829	1	4	2	2	6	3	17	-4.65826	-2.4588	-4.79056	-5.58849
830	2	165	73	147	220	190	104	-8.46898	-9.14619	-6.88234	-5.27286
831	4	7	10	4	42	25	1	-8.37773	-9.01453	-5.77803	-5.19621
832	7	2	2	2	11	12	6	-4.51728	-8.40679	-7.52223	-7.89553
833	1	6	60	24	12	28	1	-28.615	-30.7578	-19.373	-22.4071
834	2	1	12	3	2	1	5	-2.6388	-2.13175	-3.69382	-4.87785
835	33	39	65	79	104	77	17	-5.30691	-9.19687	-8.31268	-8.68618
836	4	7	10	4	1	7	1	-1.83564	-3.84434	-2.5613	-1.96538
837	1	2	3	4	5	9	3	-4.64969	-2.49889	-3.69223	-4.94467
838	2	1	21	3	2	1	5	-2.94628	-2.50452	-4.48508	-4.5746
839	2	1	12	3	2	1	5	-2.6388	-2.13175	-3.69382	-4.87785
840	4	7	10	4	1	7	1	-1.83564	-3.84434	-2.5613	-1.96538
841	2	4	1	2	7	1	5	-2.32265	-6.18907	-5.25924	-5.28522
842	184	39	30	82	113	43	17	-3.96955	-6.25515	-6.9106	-7.31277
843	4	7	10	4	1	7	1	-1.83564	-3.84434	-2.5613	-1.96538
844	2	4	1	2	2	1	5	-2.79086	-3.68617	-4.10053	-4.16388
845	4	7	10	4	1	7	1	-1.83564	-3.84434	-2.5613	-1.96538
846	2	1	12	88	2	1	5	-3.96329	-3.44396	-5.84797	-5.39086
847	2	1	21	3	2	1	5	-2.94628	-2.50452	-4.48508	-4.5746
848	1	2	3	4	5	9	3	-4.64969	-2.49889	-3.69223	-4.94467
849	4	7	10	4	1	7	1	-1.83564	-3.84434	-2.5613	-1.96538
850	2	1	21	3	2	1	5	-2.94628	-2.50452	-4.48508	-4.5746
851	8	10	2	2	11	12	6	-3.97066	-7.77838	-6.97521	-7.34912
852	2	4	1	2	2	1	5	-2.79086	-3.68617	-4.10053	-4.16388
853	2	4	1	2	2	1	5	-2.79086	-3.68617	-4.10053	-4.16388
854	2	4	2	2	6	1	5	-6.10441	-4.84536	-6.00871	-7.80925
855	2	4	1	2	2	1	5	-2.79086	-3.68617	-4.10053	-4.16388
856	2	4	1	2	2	1	5	-2.79086	-3.68617	-4.10053	-4.16388
857	2	4	1	2	2	1	5	-2.79086	-3.68617	-4.10053	-4.16388
858	1	2	3	4	5	9	3	-4.64969	-2.49889	-3.69223	-4.94467
859	2	4	1	2	2	1	5	-2.79086	-3.68617	-4.10053	-4.16388
860	2	4	1	2	2	1	5	-2.79086	-3.68617	-4.10053	-4.16388
861	8	10	2	2	11	12	6	-3.97066	-7.77838	-6.97521	-7.34912
862	2	1	5	3	2	3	5	-4.24611	-3.26242	-5.6247	-4.83473
863	33	39	30	82	104	173	68	-5.40536	-3.99048	-6.94095	-7.74547
864	2	4	1	2	7	1	5	-2.32265	-6.18907	-5.25924	-5.28522
865	8	10	2	2	11	12	6	-3.97066	-7.77838	-6.97521	-7.34912
866	2	4	1	2	7	1	5	-2.32265	-6.18907	-5.25924	-5.28522
867	1	2	3	4	5	9	3	-4.64969	-2.49889	-3.69223	-4.94467
868	1	2	215	4	90	24	8	-29.2126	-27.3668	-21.5608	-23.1122
869	2	1	1	3	2	1	5	-4.63356	-3.79954	-6.58661	-7.30926
870	10	81	50	99	120	76	52	-6.66634	-6.38576	-5.26565	-5.18771
871	2	4	1	2	7	1	5	-2.32265	-6.18907	-5.25924	-5.28522
872	2	1	12	3	2	1	5	-2.6388	-2.13175	-3.69382	-4.87785
873	2	4	1	2	2	1	5	-2.79086	-3.68617	-4.10053	-4.16388
874	2	4	1	2	2	1	5	-2.79086	-3.68617	-4.10053	-4.16388
875	2	4	1	2	2	1	5	-2.79086	-3.68617	-4.10053	-4.16388
876	2	1	5	3	2	3	5	-4.24611	-3.26242	-5.6247	-4.83473
877	2	4	1	2	2	1	5	-2.79086	-3.68617	-4.10053	-4.16388
878	4	7	10	4	1	7	1	-1.83564	-3.84434	-2.5613	-1.96538
879	2	4	1	2	7	1	5	-2.32265	-6.18907	-5.25924	-5.28522
880	2	4	5	2	2	5	5	-3.68811	-7.49633	-6.445	-5.96162
881	2	4	1	2	2	1	5	-2.79086	-3.68617	-4.10053	-4.16388
882	8	10	2	2	11	12	6	-3.97066	-7.77838	-6.97521	-7.34912
883	4	7	10	4	1	7	1	-1.83564	-3.84434	-2.5613	-1.96538
884	2	4	1	2	2	1	5	-2.79086	-3.68617	-4.10053	-4.16388
885	166	2	1	10	17	3	1	-34.2103	-35.7942	-31.1244	-30.778
886	2	4	1	2	7	1	5	-2.32265	-6.18907	-5.25924	-5.28522
887	2	4	1	2	2	1	5	-2.79086	-3.68617	-4.10053	-4.16388
888	4	7	10	4	1	7	1	-1.83564	-3.84434	-2.5613	-1.96538
889	4	7	10	4	1	7	1	-1.83564	-3.84434	-2.5613	-1.96538
890	2	4	1	2	7	1	5	-2.32265	-6.18907	-5.25924	-5.28522
891	2	4	1	2	2	1	5	-2.79086	-3.68617	-4.10053	-4.16388
892	2	1	5	3	2	3	5	-4.24611	-3.26242	-5.6247	-4.83473
893	9	25	2	10	22	3	6	-4.47483	-7.65749	-5.83322	-4.39759
894	2	1	21	3	62	1	5	-5.81163	-9.68648	-8.81337	-9.18634
895	129	66	30	82	189	47	17	-3.25922	-4.93413	-5.32794	-4.19821
896	129	66	30	82	189	47	17	-3.25922	-4.93413	-5.32794	-4.19821
897	4	7	10	4	1	7	1	-1.83564	-3.84434	-2.5613	-1.96538
898	2	4	1	2	2	1	5	-2.79086	-3.68617	-4.10053	-4.16388
899	4	7	10	4	42	7	1	-6.53515	-8.42688	-5.54258	-4.67962
900	2	4	1	2	7	1	5	-2.32265	-6.18907	-5.25924	-5.28522
901	1	307	3	4	5	9	3	-6.85878	-6.45123	-6.13979	-8.21363
902	2	1	21	3	2	1	5	-2.94628	-2.50452	-4.48508	-4.5746
903	4	7	10	4	1	7	1	-1.83564	-3.84434	-2.5613	-1.96538
904	2	1	21	3	2	1	5	-2.94628	-2.50452	-4.48508	-4.5746
905	2	4	1	2	2	5	5	-6.83026	-6.41939	-8.95045	-9.62338
906	2	4	1	2	7	1	5	-2.32265	-6.18907	-5.25924	-5.28522
907	2	4	1	2	7	1	5	-2.32265	-6.18907	-5.25924	-5.28522
908	2	4	1	2	7	1	5	-2.32265	-6.18907	-5.25924	-5.28522
909	4	7	10	4	1	7	1	-1.83564	-3.84434	-2.5613	-1.96538
910	8	10	2	2	11	12	6	-3.97066	-7.77838	-6.97521	-7.34912
911	7	21	5	62	4	61	44	-7.36804	-3.84049	-5.83562	-7.49193
912	2	1	12	88	2	1	5	-3.96329	-3.44396	-5.84797	-5.39086
913	2	4	1	2	2	1	5	-2.79086	-3.68617	-4.10053	-4.16388
914	1	2	3	4	5	9	3	-4.64969	-2.49889	-3.69223	-4.94467
915	2	4	1	2	7	1	5	-2.32265	-6.18907	-5.25924	-5.28522
916	2	4	1	2	2	1	5	-2.79086	-3.68617	-4.10053	-4.16388
917	2	4	1	2	2	1	5	-2.79086	-3.68617	-4.10053	-4.16388
918	2	4	1	2	7	1	5	-2.32265	-6.18907	-5.25924	-5.28522
919	4	7	10	4	1	7	1	-1.83564	-3.84434	-2.5613	-1.96538
920	2	1	5	3	2	3	5	-4.24611	-3.26242	-5.6247	-4.83473
921	2	4	1	2	7	1	5	-2.32265	-6.18907	-5.25924	-5.28522
922	2	4	1	2	2	1	5	-2.79086	-3.68617	-4.10053	-4.16388
923	8	10	2	2	11	12	6	-3.97066	-7.77838	-6.97521	-7.34912
924	2	1	12	3	2	1	5	-2.6388	-2.13175	-3.69382	-4.87785
925	48	7	10	4	183	7	1	-9.36843	-11.8022	-7.81001	-8.67289
926	7	21	5	62	4	61	44	-7.36804	-3.84049	-5.83562	-7.49193
927	4	7	10	4	1	7	1	-1.83564	-3.84434	-2.5613	-1.96538
928	9	25	2	10	22	3	6	-4.47483	-7.65749	-5.83322	-4.39759
929	2	4	1	2	2	1	5	-2.79086	-3.68617	-4.10053	-4.16388
930	2	4	1	2	7	1	5	-2.32265	-6.18907	-5.25924	-5.28522
931	2	4	1	2	2	1	5	-2.79086	-3.68617	-4.10053	-4.16388
932	2	4	1	2	2	1	5	-2.79086	-3.68617	-4.10053	-4.16388
933	9	25	2	10	22	3	6	-4.47483	-7.65749	-5.83322	-4.39759
934	2	4	1	2	2	1	5	-2.79086	-3.68617	-4.10053	-4.16388
935	2	4	1	2	2	1	5	-2.79086	-3.68617	-4.10053	-4.16388
936	2	4	1	2	7	1	5	-2.32265	-6.18907	-5.25924	-5.28522
937	2	4	1	2	7	1	5	-2.32265	-6.18907	-5.25924	-5.28522
938	2	4	1	2	2	1	5	-2.79086	-3.68617	-4.10053	-4.16388
939	2	4	1	2	2	1	5	-2.79086	-3.68617	-4.10053	-4.16388
940	4	7	10	4	1	7	1	-1.83564	-3.84434	-2.5613	-1.96538
941	2	4	1	2	2	1	5	-2.79086	-3.68617	-4.10053	-4.16388
942	4	7	10	4	1	7	1	-1.83564	-3.84434	-2.5613	-1.96538
943	2	4	1	2	7	1	5	-2.32265	-6.18907	-5.25924	-5.28522
944	2	4	1	2	2	1	5	-2.79086	-3.68617	-4.10053	-4.16388
945	4	7	10	4	1	7	1	-1.83564	-3.84434	-2.5613	-1.96538
946	9	25	2	10	22	3	6	-4.47483	-7.65749	-5.83322	-4.39759
947	10	81	50	99	120	76	52	-6.66634	-6.38576	-5.26565	-5.18771
948	2	1	21	3	2	1	5	-2.94628	-2.50452	-4.48508	-4.5746
949	4	7	10	4	1	7	1	-1.83564	-3.84434	-2.5613	-1.96538
950	2	4	1	2	7	1	5	-2.32265	-6.18907	-5.25924	-5.28522
951	4	7	10	4	1	7	1	-1.83564	-3.84434	-2.5613	-1.96538
952	4	7	10	4	1	7	1	-1.83564	-3.84434	-2.5613	-1.96538
953	8	315	2	2	11	12	6	-7.78222	-11.8024	-9.62664	-10.732
954	8	10	2	2	11	12	6	-3.97066	-7.77838	-6.97521	-7.34912
955	2	4	1	2	2	1	5	-2.79086	-3.68617	-4.10053	-4.16388
956	4	7	10	4	1	7	1	-1.83564	-3.84434	-2.5613	-1.96538
957	2	4	1	2	2	1	5	-2.79086	-3.68617	-4.10053	-4.16388
958	2	4	1	2	2	1	5	-2.79086	-3.68617	-4.10053	-4.16388
959	2	4	1	2	2	1	5	-2.79086	-3.68617	-4.10053	-4.16388
960	2	4	1	2	7	1	5	-2.32265	-6.18907	-5.25924	-5.28522
961	2	4	1	2	2	1	5	-2.79086	-3.68617	-4.10053	-4.16388
962	2	4	1	2	2	1	5	-2.79086	-3.68617	-4.10053	-4.16388
963	2	1	21	3	2	1	5	-2.94628	-2.50452	-4.48508	-4.5746
964	2	4	1	2	2	1	5	-2.79086	-3.68617	-4.10053	-4.16388
965	1	4	2	2	2	3	17	-11.238	-7.70365	-10.9643	-12.069
966	2	4	1	2	2	1	5	-2.79086	-3.68617	-4.10053	-4.16388
967	2	4	1	2	2	1	5	-2.79086	-3.68617	-4.10053	-4.16388
968	7	21	5	62	4	61	44	-7.36804	-3.84049	-5.83562	-7.49193
969	2	4	1	2	2	1	5	-2.79086	-3.68617	-4.10053	-4.16388
970	4	7	10	4	1	7	1	-1.83564	-3.84434	-2.5613	-1.96538
971	2	4	1	2	2	1	5	-2.79086	-3.68617	-4.10053	-4.16388
972	10	1	16	19	10	5	7	-6.20453	-2.75598	-4.30952	-5.20553
973	8	10	2	2	11	12	6	-3.97066	-7.77838	-6.97521	-7.34912
974	4	7	10	4	1	7	1	-1.83564	-3.84434	-2.5613	-1.96538
975	2	4	2	2	6	1	5	-6.10441	-4.84536	-6.00871	-7.80925
976	2	4	1	2	2	1	5	-2.79086	-3.68617	-4.10053	-4.16388
977	2	4	1	2	2	1	5	-2.79086	-3.68617	-4.10053	-4.16388
978	2	1	12	3	2	1	5	-2.6388	-2.13175	-3.69382	-4.87785
979	2	1	21	3	2	1	5	-2.94628	-2.50452	-4.48508	-4.5746
980	1	4	2	2	6	3	17	-4.65826	-2.4588	-4.79056	-5.58849
981	9	2	4	62	4	5	6	-3.73233	-5.27657	-5.6852	-6.81234
982	9	2	4	62	4	5	6	-3.73233	-5.27657	-5.6852	-6.81234
983	2	4	1	2	2	1	5	-2.79086	-3.68617	-4.10053	-4.16388
984	9	25	2	10	22	3	6	-4.47483	-7.65749	-5.83322	-4.39759
985	2	1	12	3	2	1	5	-2.6388	-2.13175	-3.69382	-4.87785
986	2	4	1	2	2	1	5	-2.79086	-3.68617	-4.10053	-4.16388
987	2	4	1	2	2	1	5	-2.79086	-3.68617	-4.10053	-4.16388
988	2	4	1	2	2	1	5	-2.79086	-3.68617	-4.10053	-4.16388
989	1	4	2	2	6	3	17	-4.65826	-2.4588	-4.79056	-5.58849
990	1	4	2	2	6	3	17	-4.65826	-2.4588	-4.79056	-5.58849
991	9	25	2	10	22	3	6	-4.47483	-7.65749	-5.83322	-4.39759
992	1	4	2	2	6	3	17	-4.65826	-2.4588	-4.79056	-5.58849
993	2	4	1	2	2	1	5	-2.79086	-3.68617	-4.10053	-4.16388
994	2	4	1	2	2	1	5	-2.79086	-3.68617	-4.10053	-4.16388
995	8	10	2	2	11	12	6	-3.97066	-7.77838	-6.97521	-7.34912
996	2	4	1	2	2	1	5	-2.79086	-3.68617	-4.10053	-4.16388
997	2	1	5	3	2	5	5	-5.57291	-2.83997	-4.19149	-5.52171
998	8	10	2	2	11	12	6	-3.97066	-7.77838	-6.97521	-7.34912
999	2	4	1	2	2	1	5	-2.79086	-3.68617	-4.10053	-4.16388
1000	2	4	1	2	2	1	5	-2.79086	-3.68617	-4.10053	-4.16388
1001	2	1	21	3	2	1	5	-2.94628	-2.50452	-4.48508	-4.5746
1002	1	2	4	62	4	5	17	-6.11806	-4.85971	-7.76974	-8.55514
1003	2	1	12	3	2	1	5	-2.6388	-2.13175	-3.69382	-4.87785
1004	2	4	1	2	7	1	5	-2.32265	-6.18907	-5.25924	-5.28522
1005	1	307	3	4	5	9	3	-6.85878	-6.45123	-6.13979	-8.21363
1006	2	4	2	4	19	3	6	-5.81414	-9.6997	-8.81529	-9.18401
1007	2	4	1	2	2	1	5	-2.79086	-3.68617	-4.10053	-4.16388
1008	1	4	2	2	6	3	17	-4.65826	-2.4588	-4.79056	-5.58849
1009	9	25	2	10	22	3	6	-4.47483	-7.65749	-5.83322	-4.39759
1010	4	7	10	4	1	7	1	-1.83564	-3.84434	-2.5613	-1.96538
1011	2	4	1	2	2	1	5	-2.79086	-3.68617	-4.10053	-4.16388
1012	10	1	16	19	10	5	7	-6.20453	-2.75598	-4.30952	-5.20553
1013	2	1	21	3	2	1	5	-2.94628	-2.50452	-4.48508	-4.5746
1014	4	7	10	4	1	7	1	-1.83564	-3.84434	-2.5613	-1.96538
1015	2	4	1	2	2	1	5	-2.79086	-3.68617	-4.10053	-4.16388
1016	1	2	3	4	5	9	3	-4.64969	-2.49889	-3.69223	-4.94467
1017	9	316	4	62	4	5	6	-6.87322	-6.46696	-9.0836	-9.74198
1018	9	25	2	10	22	3	6	-4.47483	-7.65749	-5.83322	-4.39759
1019	1	307	3	4	5	9	3	-6.85878	-6.45123	-6.13979	-8.21363
1020	2	4	1	2	2	1	5	-2.79086	-3.68617	-4.10053	-4.16388
1021	9	25	2	10	22	3	6	-4.47483	-7.65749	-5.83322	-4.39759
1022	2	4	1	2	2	1	5	-2.79086	-3.68617	-4.10053	-4.16388
1023	2	1	12	3	2	1	5	-2.6388	-2.13175	-3.69382	-4.87785
1024	2	1	5	3	2	5	5	-5.57291	-2.83997	-4.19149	-5.52171
1025	2	4	1	2	2	1	5	-2.79086	-3.68617	-4.10053	-4.16388
1026	2	1	12	3	2	1	5	-2.6388	-2.13175	-3.69382	-4.87785
1027	2	1	12	3	2	1	5	-2.6388	-2.13175	-3.69382	-4.87785
1028	10	1	16	19	10	5	7	-6.20453	-2.75598	-4.30952	-5.20553
1029	4	7	10	4	1	7	1	-1.83564	-3.84434	-2.5613	-1.96538
1030	2	4	1	2	2	1	5	-2.79086	-3.68617	-4.10053	-4.16388
1031	2	1	12	88	2	1	5	-3.96329	-3.44396	-5.84797	-5.39086
1032	2	1	21	3	2	1	5	-2.94628	-2.50452	-4.48508	-4.5746
1033	1	2	3	4	5	9	3	-4.64969	-2.49889	-3.69223	-4.94467
1034	8	10	2	2	11	12	6	-3.97066	-7.77838	-6.97521	-7.34912
1035	2	1	12	88	2	1	5	-3.96329	-3.44396	-5.84797	-5.39086
1036	33	39	30	82	104	173	68	-5.40536	-3.99048	-6.94095	-7.74547
1037	1	2	3	4	5	9	3	-4.64969	-2.49889	-3.69223	-4.94467
1038	9	25	2	10	22	3	6	-4.47483	-7.65749	-5.83322	-4.39759
1039	2	4	1	2	2	1	5	-2.79086	-3.68617	-4.10053	-4.16388
1040	8	10	2	2	11	12	6	-3.97066	-7.77838	-6.97521	-7.34912
1041	1	2	4	62	4	5	17	-6.11806	-4.85971	-7.76974	-8.55514
1042	10	1	16	19	10	5	7	-6.20453	-2.75598	-4.30952	-5.20553
1043	33	39	30	82	104	173	68	-5.40536	-3.99048	-6.94095	-7.74547
1044	2	4	1	2	2	1	5	-2.79086	-3.68617	-4.10053	-4.16388
1045	8	10	2	2	11	12	6	-3.97066	-7.77838	-6.97521	-7.34912
1046	2	1	5	3	2	5	5	-5.57291	-2.83997	-4.19149	-5.52171
1047	47	2	4	2	6	5	17	-11.1071	-11.111	-6.20265	-8.4624
1048	1	2	3	4	5	9	3	-4.64969	-2.49889	-3.69223	-4.94467
1049	4	7	10	4	1	7	1	-1.83564	-3.84434	-2.5613	-1.96538
1050	2	1	5	3	2	3	5	-4.24611	-3.26242	-5.6247	-4.83473
1051	2	4	2	2	6	1	5	-6.10441	-4.84536	-6.00871	-7.80925
1052	2	4	1	2	2	1	5	-2.79086	-3.68617	-4.10053	-4.16388
1053	8	10	149	2	11	12	6	-4.89402	-3.98591	-5.76614	-7.20198
1054	9	25	2	10	22	3	6	-4.47483	-7.65749	-5.83322	-4.39759
1055	2	4	1	2	2	1	5	-2.79086	-3.68617	-4.10053	-4.16388
1056	1	2	3	4	5	9	3	-4.64969	-2.49889	-3.69223	-4.94467
1057	2	1	12	3	2	1	5	-2.6388	-2.13175	-3.69382	-4.87785
1058	4	7	10	4	42	51	1	-2.94158	-4.69674	-4.73868	-3.84894
1059	2	4	1	2	2	1	5	-2.79086	-3.68617	-4.10053	-4.16388
1060	2	1	1	3	2	1	5	-4.63356	-3.79954	-6.58661	-7.30926
1061	2	4	1	2	7	1	5	-2.32265	-6.18907	-5.25924	-5.28522
1062	8	10	2	2	11	12	6	-3.97066	-7.77838	-6.97521	-7.34912
1063	2	4	1	2	2	1	5	-2.79086	-3.68617	-4.10053	-4.16388
1064	9	2	4	62	4	5	6	-3.73233	-5.27657	-5.6852	-6.81234
1065	2	4	1	2	2	1	5	-2.79086	-3.68617	-4.10053	-4.16388
1066	4	7	10	4	1	7	1	-1.83564	-3.84434	-2.5613	-1.96538
1067	8	10	2	2	11	12	6	-3.97066	-7.77838	-6.97521	-7.34912
1068	2	4	2	2	6	1	5	-6.10441	-4.84536	-6.00871	-7.80925
1069	2	4	2	2	6	1	5	-6.10441	-4.84536	-6.00871	-7.80925
1070	2	4	2	2	6	1	5	-6.10441	-4.84536	-6.00871	-7.80925
1071	2	4	2	2	6	1	5	-6.10441	-4.84536	-6.00871	-7.80925
1072	2	4	1	2	2	1	5	-2.79086	-3.68617	-4.10053	-4.16388
1073	2	4	1	2	2	1	5	-2.79086	-3.68617	-4.10053	-4.16388
1074	2	1	12	3	2	1	5	-2.6388	-2.13175	-3.69382	-4.87785
1075	2	4	1	2	7	1	5	-2.32265	-6.18907	-5.25924	-5.28522
1076	4	7	10	4	42	51	1	-2.94158	-4.69674	-4.73868	-3.84894
1077	2	4	1	2	2	1	5	-2.79086	-3.68617	-4.10053	-4.16388
1078	8	10	2	2	11	12	6	-3.97066	-7.77838	-6.97521	-7.34912
1079	1	2	3	4	5	9	3	-4.64969	-2.49889	-3.69223	-4.94467
1080	1	2	3	4	5	9	3	-4.64969	-2.49889	-3.69223	-4.94467
1081	10	1	16	19	10	5	7	-6.20453	-2.75598	-4.30952	-5.20553
1082	8	10	2	2	11	12	6	-3.97066	-7.77838	-6.97521	-7.34912
1083	4	7	10	4	1	7	1	-1.83564	-3.84434	-2.5613	-1.96538
1084	2	4	1	2	2	1	5	-2.79086	-3.68617	-4.10053	-4.16388
1085	2	4	1	2	7	1	5	-2.32265	-6.18907	-5.25924	-5.28522
1086	2	1	21	3	2	1	5	-2.94628	-2.50452	-4.48508	-4.5746
1087	2	1	12	3	2	1	5	-2.6388	-2.13175	-3.69382	-4.87785
1088	2	4	2	4	19	3	6	-5.81414	-9.6997	-8.81529	-9.18401
1089	8	10	149	2	11	12	6	-4.89402	-3.98591	-5.76614	-7.20198
1090	8	10	2	2	11	12	6	-3.97066	-7.77838	-6.97521	-7.34912
1091	2	1	12	3	2	1	5	-2.6388	-2.13175	-3.69382	-4.87785
1092	2	1	12	3	2	1	5	-2.6388	-2.13175	-3.69382	-4.87785
1093	2	1	5	3	2	3	5	-4.24611	-3.26242	-5.6247	-4.83473
1094	184	39	30	82	113	43	17	-3.96955	-6.25515	-6.9106	-7.31277
1095	2	1	12	3	2	1	5	-2.6388	-2.13175	-3.69382	-4.87785
1096	2	4	1	2	2	1	5	-2.79086	-3.68617	-4.10053	-4.16388
1097	4	7	10	4	1	7	1	-1.83564	-3.84434	-2.5613	-1.96538
1098	8	10	2	2	11	12	6	-3.97066	-7.77838	-6.97521	-7.34912
1099	4	7	10	4	1	7	1	-1.83564	-3.84434	-2.5613	-1.96538
1100	4	7	10	4	42	51	1	-2.94158	-4.69674	-4.73868	-3.84894
1101	9	25	2	10	22	3	6	-4.47483	-7.65749	-5.83322	-4.39759
1102	9	2	4	62	4	5	6	-3.73233	-5.27657	-5.6852	-6.81234
1103	4	7	10	4	1	7	1	-1.83564	-3.84434	-2.5613	-1.96538
1104	2	4	1	2	7	1	5	-2.32265	-6.18907	-5.25924	-5.28522
1105	4	7	10	4	1	7	1	-1.83564	-3.84434	-2.5613	-1.96538
1106	8	10	2	2	11	12	6	-3.97066	-7.77838	-6.97521	-7.34912
1107	2	4	1	2	2	1	5	-2.79086	-3.68617	-4.10053	-4.16388
1108	4	7	10	4	42	51	1	-2.94158	-4.69674	-4.73868	-3.84894
1109	1	2	3	4	5	9	3	-4.64969	-2.49889	-3.69223	-4.94467
1110	2	1	12	3	2	1	5	-2.6388	-2.13175	-3.69382	-4.87785
1111	2	4	1	2	2	1	5	-2.79086	-3.68617	-4.10053	-4.16388
1112	10	81	50	99	120	76	52	-6.66634	-6.38576	-5.26565	-5.18771
1113	2	4	1	2	2	1	5	-2.79086	-3.68617	-4.10053	-4.16388
1114	4	7	10	4	42	51	1	-2.94158	-4.69674	-4.73868	-3.84894
1115	4	7	10	4	42	51	1	-2.94158	-4.69674	-4.73868	-3.84894
1116	4	7	10	4	1	7	1	-1.83564	-3.84434	-2.5613	-1.96538
1117	3	1	5	10	11	11	6	-10.0298	-6.47567	-9.64815	-10.6013
1118	10	81	50	99	120	76	52	-6.66634	-6.38576	-5.26565	-5.18771
1119	2	4	1	2	2	1	5	-2.79086	-3.68617	-4.10053	-4.16388
1120	4	7	10	4	1	7	1	-1.83564	-3.84434	-2.5613	-1.96538
1121	4	7	10	4	1	7	1	-1.83564	-3.84434	-2.5613	-1.96538
1122	4	7	10	4	42	51	1	-2.94158	-4.69674	-4.73868	-3.84894
1123	2	1	12	3	2	1	5	-2.6388	-2.13175	-3.69382	-4.87785
1124	2	4	1	2	2	1	5	-2.79086	-3.68617	-4.10053	-4.16388
1125	2	1	1	3	2	1	5	-4.63356	-3.79954	-6.58661	-7.30926
1126	2	4	1	2	2	1	5	-2.79086	-3.68617	-4.10053	-4.16388
1127	2	4	1	2	2	1	5	-2.79086	-3.68617	-4.10053	-4.16388
1128	2	4	1	2	2	1	5	-2.79086	-3.68617	-4.10053	-4.16388
1129	2	4	1	2	2	1	5	-2.79086	-3.68617	-4.10053	-4.16388
1130	1	2	3	4	5	9	3	-4.64969	-2.49889	-3.69223	-4.94467
1131	8	10	2	2	11	12	6	-3.97066	-7.77838	-6.97521	-7.34912
1132	2	1	21	3	2	1	5	-2.94628	-2.50452	-4.48508	-4.5746
1133	2	4	1	2	2	1	5	-2.79086	-3.68617	-4.10053	-4.16388
1134	2	1	21	3	2	1	5	-2.94628	-2.50452	-4.48508	-4.5746
1135	2	1	21	3	2	1	5	-2.94628	-2.50452	-4.48508	-4.5746
1136	2	4	1	2	2	1	5	-2.79086	-3.68617	-4.10053	-4.16388
1137	1	2	3	4	5	9	3	-4.64969	-2.49889	-3.69223	-4.94467
1138	10	1	16	19	10	5	7	-6.20453	-2.75598	-4.30952	-5.20553
1139	2	1	12	3	2	1	5	-2.6388	-2.13175	-3.69382	-4.87785
1140	7	21	5	62	4	61	44	-7.36804	-3.84049	-5.83562	-7.49193
1141	2	4	1	2	2	1	5	-2.79086	-3.68617	-4.10053	-4.16388
1142	2	1	12	3	2	1	5	-2.6388	-2.13175	-3.69382	-4.87785
1143	2	4	1	2	7	1	5	-2.32265	-6.18907	-5.25924	-5.28522
1144	2	1	5	3	2	3	5	-4.24611	-3.26242	-5.6247	-4.83473
1145	2	1	21	3	2	1	5	-2.94628	-2.50452	-4.48508	-4.5746
1146	2	1	21	3	2	1	5	-2.94628	-2.50452	-4.48508	-4.5746
1147	2	1	21	3	2	1	5	-2.94628	-2.50452	-4.48508	-4.5746
1148	2	1	21	3	2	1	5	-2.94628	-2.50452	-4.48508	-4.5746
1149	2	1	12	3	2	1	5	-2.6388	-2.13175	-3.69382	-4.87785
1150	8	10	2	2	11	12	6	-3.97066	-7.77838	-6.97521	-7.34912
1151	129	66	30	82	189	47	17	-3.25922	-4.93413	-5.32794	-4.19821
1152	1	307	3	4	5	9	3	-6.85878	-6.45123	-6.13979	-8.21363
1153	8	10	2	2	11	12	6	-3.97066	-7.77838	-6.97521	-7.34912
1154	2	4	2	2	6	1	5	-6.10441	-4.84536	-6.00871	-7.80925
1155	1	4	2	2	6	3	17	-4.65826	-2.4588	-4.79056	-5.58849
1156	2	4	1	2	2	1	5	-2.79086	-3.68617	-4.10053	-4.16388
1157	8	10	2	2	11	12	6	-3.97066	-7.77838	-6.97521	-7.34912
1158	2	4	2	2	6	1	5	-6.10441	-4.84536	-6.00871	-7.80925
1159	2	1	21	3	2	1	5	-2.94628	-2.50452	-4.48508	-4.5746
1160	2	4	5	2	2	5	5	-3.68811	-7.49633	-6.445	-5.96162
1161	7	21	5	62	4	61	44	-7.36804	-3.84049	-5.83562	-7.49193
1162	2	1	12	3	2	1	5	-2.6388	-2.13175	-3.69382	-4.87785
1163	10	27	16	19	10	5	7	-20.2888	-12.8229	-16.6803	-17.4616
1164	33	283	44	82	189	44	17	-6.94276	-3.48015	-5.61434	-6.02844
1165	9	25	2	10	22	3	6	-4.47483	-7.65749	-5.83322	-4.39759
1166	7	21	5	62	4	61	44	-7.36804	-3.84049	-5.83562	-7.49193
1167	2	1	5	3	2	3	5	-4.24611	-3.26242	-5.6247	-4.83473
1168	2	1	5	3	2	3	5	-4.24611	-3.26242	-5.6247	-4.83473
1169	9	25	2	10	22	3	6	-4.47483	-7.65749	-5.83322	-4.39759
1170	2	1	5	3	2	3	5	-4.24611	-3.26242	-5.6247	-4.83473
1171	2	4	1	2	2	1	5	-2.79086	-3.68617	-4.10053	-4.16388
1172	129	66	30	82	189	47	17	-3.25922	-4.93413	-5.32794	-4.19821
1173	2	4	1	2	2	1	5	-2.79086	-3.68617	-4.10053	-4.16388
1174	2	1	5	3	2	3	5	-4.24611	-3.26242	-5.6247	-4.83473
1175	2	1	12	3	2	1	5	-2.6388	-2.13175	-3.69382	-4.87785
1176	2	4	1	2	2	1	5	-2.79086	-3.68617	-4.10053	-4.16388
1177	1	4	2	2	6	3	17	-4.65826	-2.4588	-4.79056	-5.58849
1178	2	1	12	3	2	1	5	-2.6388	-2.13175	-3.69382	-4.87785
1179	1	4	2	2	446	3	17	-8.46055	-6.44876	-7.42693	-8.95847
1180	2	1	5	88	2	11	5	-8.81903	-5.35865	-6.10374	-8.15326
1181	2	4	2	2	6	1	5	-6.10441	-4.84536	-6.00871	-7.80925
1182	9	25	2	10	22	3	6	-4.47483	-7.65749	-5.83322	-4.39759
1183	2	1	5	3	2	3	5	-4.24611	-3.26242	-5.6247	-4.83473
1184	7	21	5	62	4	61	44	-7.36804	-3.84049	-5.83562	-7.49193
1185	1	2	3	4	5	9	3	-4.64969	-2.49889	-3.69223	-4.94467
1186	2	4	1	2	2	1	5	-2.79086	-3.68617	-4.10053	-4.16388
1187	7	21	5	62	4	61	44	-7.36804	-3.84049	-5.83562	-7.49193
1188	33	39	30	82	104	173	68	-5.40536	-3.99048	-6.94095	-7.74547
1189	1	4	2	2	6	3	17	-4.65826	-2.4588	-4.79056	-5.58849
1190	2	1	21	3	2	1	5	-2.94628	-2.50452	-4.48508	-4.5746
1191	4	7	10	4	1	7	1	-1.83564	-3.84434	-2.5613	-1.96538
1192	2	1	5	3	2	5	5	-5.57291	-2.83997	-4.19149	-5.52171
1193	1	4	2	2	6	3	17	-4.65826	-2.4588	-4.79056	-5.58849
1194	2	4	1	2	2	1	5	-2.79086	-3.68617	-4.10053	-4.16388
1195	2	4	1	2	2	1	5	-2.79086	-3.68617	-4.10053	-4.16388
1196	2	1	12	3	2	1	5	-2.6388	-2.13175	-3.69382	-4.87785
1197	2	1	6	3	2	3	5	-7.07068	-7.26086	-7.85621	-7.78871
1198	4	7	10	4	1	7	1	-1.83564	-3.84434	-2.5613	-1.96538
1199	2	4	1	2	7	1	5	-2.32265	-6.18907	-5.25924	-5.28522
1200	2	1	1	3	2	1	5	-4.63356	-3.79954	-6.58661	-7.30926
1201	2	4	1	2	2	1	5	-2.79086	-3.68617	-4.10053	-4.16388
1202	7	2	5	2	10	3	6	-31.4802	-27.9637	-28.4285	-28.4645
1203	2	1	21	3	2	1	5	-2.94628	-2.50452	-4.48508	-4.5746
1204	2	4	1	2	7	1	5	-2.32265	-6.18907	-5.25924	-5.28522
1205	4	7	10	4	1	7	1	-1.83564	-3.84434	-2.5613	-1.96538
1206	2	4	1	2	7	1	5	-2.32265	-6.18907	-5.25924	-5.28522
1207	2	4	1	2	2	1	5	-2.79086	-3.68617	-4.10053	-4.16388
1208	1	4	2	2	6	3	17	-4.65826	-2.4588	-4.79056	-5.58849
1209	2	4	1	2	2	1	5	-2.79086	-3.68617	-4.10053	-4.16388
1210	2	4	1	2	2	1	5	-2.79086	-3.68617	-4.10053	-4.16388
1211	74	10	2	2	11	12	6	-7.78223	-11.8025	-9.62675	-10.7325
1212	1	2	3	4	5	9	3	-4.64969	-2.49889	-3.69223	-4.94467
1213	2	1	5	3	2	3	5	-4.24611	-3.26242	-5.6247	-4.83473
1214	4	7	10	4	1	7	1	-1.83564	-3.84434	-2.5613	-1.96538
1215	2	4	2	2	6	1	5	-6.10441	-4.84536	-6.00871	-7.80925
1216	2	1	12	3	2	1	5	-2.6388	-2.13175	-3.69382	-4.87785
1217	2	1	21	3	2	1	5	-2.94628	-2.50452	-4.48508	-4.5746
1218	2	4	1	2	2	1	5	-2.79086	-3.68617	-4.10053	-4.16388
1219	2	1	21	3	2	1	5	-2.94628	-2.50452	-4.48508	-4.5746
1220	4	7	10	4	1	7	1	-1.83564	-3.84434	-2.5613	-1.96538
1221	2	1	21	3	2	1	5	-2.94628	-2.50452	-4.48508	-4.5746
1222	2	4	1	2	2	1	5	-2.79086	-3.68617	-4.10053	-4.16388
1223	4	7	10	4	1	7	1	-1.83564	-3.84434	-2.5613	-1.96538
1224	2	4	1	2	2	1	5	-2.79086	-3.68617	-4.10053	-4.16388
1225	4	7	10	4	1	7	1	-1.83564	-3.84434	-2.5613	-1.96538
1226	4	7	10	4	42	51	1	-2.94158	-4.69674	-4.73868	-3.84894
1227	4	7	10	4	42	7	1	-6.53515	-8.42688	-5.54258	-4.67962
1228	2	4	1	2	2	1	5	-2.79086	-3.68617	-4.10053	-4.16388
1229	2	1	5	3	2	3	5	-4.24611	-3.26242	-5.6247	-4.83473
1230	10	81	50	99	120	76	52	-6.66634	-6.38576	-5.26565	-5.18771
1231	2	4	1	2	7	1	5	-2.32265	-6.18907	-5.25924	-5.28522
1232	2	4	1	2	7	1	5	-2.32265	-6.18907	-5.25924	-5.28522
1233	4	7	10	4	1	7	1	-1.83564	-3.84434	-2.5613	-1.96538
1234	1	4	2	2	6	3	17	-4.65826	-2.4588	-4.79056	-5.58849
1235	4	7	10	4	1	7	1	-1.83564	-3.84434	-2.5613	-1.96538
1236	2	4	1	2	2	1	5	-2.79086	-3.68617	-4.10053	-4.16388
1237	4	7	10	4	1	7	1	-1.83564	-3.84434	-2.5613	-1.96538
1238	4	7	10	4	42	51	1	-2.94158	-4.69674	-4.73868	-3.84894
1239	1	307	3	4	5	9	3	-6.85878	-6.45123	-6.13979	-8.21363
1240	2	4	2	2	6	1	5	-6.10441	-4.84536	-6.00871	-7.80925
1241	8	10	149	2	11	12	6	-4.89402	-3.98591	-5.76614	-7.20198
1242	2	1	12	3	2	1	5	-2.6388	-2.13175	-3.69382	-4.87785
1243	2	4	1	2	2	1	5	-2.79086	-3.68617	-4.10053	-4.16388
1244	2	4	1	2	2	1	5	-2.79086	-3.68617	-4.10053	-4.16388
1245	2	4	1	2	2	1	5	-2.79086	-3.68617	-4.10053	-4.16388
1246	4	7	10	4	42	51	1	-2.94158	-4.69674	-4.73868	-3.84894
1247	2	4	1	2	2	1	5	-2.79086	-3.68617	-4.10053	-4.16388
1248	2	4	1	2	2	1	5	-2.79086	-3.68617	-4.10053	-4.16388
1249	2	1	12	88	2	1	5	-3.96329	-3.44396	-5.84797	-5.39086
1250	1	4	2	2	6	3	17	-4.65826	-2.4588	-4.79056	-5.58849
1251	9	2	4	62	4	5	6	-3.73233	-5.27657	-5.6852	-6.81234
1252	2	4	1	2	7	1	5	-2.32265	-6.18907	-5.25924	-5.28522
1253	2	4	5	2	2	5	5	-3.68811	-7.49633	-6.445	-5.96162
1254	2	1	21	3	2	1	5	-2.94628	-2.50452	-4.48508	-4.5746
1255	1	4	2	2	6	3	17	-4.65826	-2.4588	-4.79056	-5.58849
1256	2	1	21	3	2	1	5	-2.94628	-2.50452	-4.48508	-4.5746
1257	2	4	1	2	2	5	5	-6.83026	-6.41939	-8.95045	-9.62338
1258	2	1	12	3	2	1	5	-2.6388	-2.13175	-3.69382	-4.87785
1259	2	4	2	2	6	1	5	-6.10441	-4.84536	-6.00871	-7.80925
1260	2	4	1	2	2	1	5	-2.79086	-3.68617	-4.10053	-4.16388
1261	2	4	1	2	2	1	5	-2.79086	-3.68617	-4.10053	-4.16388
1262	1	307	3	4	5	9	3	-6.85878	-6.45123	-6.13979	-8.21363
1263	9	25	2	10	22	3	6	-4.47483	-7.65749	-5.83322	-4.39759
1264	2	1	1	380	2	1	5	-6.17272	-5.75149	-8.38126	-9.04079
1265	2	4	1	2	2	1	5	-2.79086	-3.68617	-4.10053	-4.16388
1266	2	4	1	2	2	1	5	-2.79086	-3.68617	-4.10053	-4.16388
1267	2	1	12	3	2	1	5	-2.6388	-2.13175	-3.69382	-4.87785
1268	1	2	3	4	5	9	3	-4.64969	-2.49889	-3.69223	-4.94467
1269	2	4	1	2	2	1	5	-2.79086	-3.68617	-4.10053	-4.16388
1270	2	4	1	2	2	1	5	-2.79086	-3.68617	-4.10053	-4.16388
1271	2	4	1	2	2	1	5	-2.79086	-3.68617	-4.10053	-4.16388
1272	1	2	3	4	5	9	3	-4.64969	-2.49889	-3.69223	-4.94467
1273	9	2	2	212	309	253	147	-26.2179	-26.8259	-22.493	-24.6329
1274	2	1	21	3	2	1	5	-2.94628	-2.50452	-4.48508	-4.5746
1275	47	2	4	2	6	5	17	-11.1071	-11.111	-6.20265	-8.4624
1276	1	2	3	4	5	9	3	-4.64969	-2.49889	-3.69223	-4.94467
1277	2	4	1	2	2	1	5	-2.79086	-3.68617	-4.10053	-4.16388
1278	2	4	1	2	2	1	5	-2.79086	-3.68617	-4.10053	-4.16388
1279	9	2	4	62	4	5	6	-3.73233	-5.27657	-5.6852	-6.81234
1280	2	1	12	3	2	1	5	-2.6388	-2.13175	-3.69382	-4.87785
1281	2	4	1	2	2	1	5	-2.79086	-3.68617	-4.10053	-4.16388
1282	2	4	1	2	7	1	5	-2.32265	-6.18907	-5.25924	-5.28522
1283	7	17	2	15	23	3	12	-6.91729	-10.8072	-9.92276	-10.2957
1284	2	1	1	3	2	1	5	-4.63356	-3.79954	-6.58661	-7.30926
1285	2	1	12	3	2	1	5	-2.6388	-2.13175	-3.69382	-4.87785
1286	2	4	1	2	2	1	5	-2.79086	-3.68617	-4.10053	-4.16388
1287	2	1	5	3	2	3	5	-4.24611	-3.26242	-5.6247	-4.83473
1288	2	4	1	2	2	1	5	-2.79086	-3.68617	-4.10053	-4.16388
1289	2	4	1	2	2	1	5	-2.79086	-3.68617	-4.10053	-4.16388
1290	1	4	2	2	6	3	17	-4.65826	-2.4588	-4.79056	-5.58849
1291	2	1	2	3	2	3	5	-3.77449	-7.51078	-6.77381	-7.14044
1292	2	1	5	3	2	3	5	-4.24611	-3.26242	-5.6247	-4.83473
1293	1	2	3	3	5	9	3	-11.7265	-7.97275	-10.1765	-11.9428
1294	4	7	10	4	42	51	1	-2.94158	-4.69674	-4.73868	-3.84894
1295	1	4	2	2	6	3	17	-4.65826	-2.4588	-4.79056	-5.58849
1296	2	1	5	3	2	3	5	-4.24611	-3.26242	-5.6247	-4.83473
1297	4	7	10	4	1	7	1	-1.83564	-3.84434	-2.5613	-1.96538
1298	2	4	1	2	2	1	5	-2.79086	-3.68617	-4.10053	-4.16388
1299	4	7	10	4	1	7	1	-1.83564	-3.84434	-2.5613	-1.96538
1300	2	1	21	3	2	1	5	-2.94628	-2.50452	-4.48508	-4.5746
1301	2	4	1	2	2	1	5	-2.79086	-3.68617	-4.10053	-4.16388
1302	4	7	10	4	1	7	1	-1.83564	-3.84434	-2.5613	-1.96538
1303	2	4	1	2	2	1	5	-2.79086	-3.68617	-4.10053	-4.16388
1304	2	1	5	3	2	5	5	-5.57291	-2.83997	-4.19149	-5.52171
1305	2	4	1	2	2	1	5	-2.79086	-3.68617	-4.10053	-4.16388
1306	2	1	21	3	2	1	5	-2.94628	-2.50452	-4.48508	-4.5746
1307	2	1	5	3	2	5	5	-5.57291	-2.83997	-4.19149	-5.52171
1308	1	4	2	2	6	3	17	-4.65826	-2.4588	-4.79056	-5.58849
1309	1	4	2	2	6	3	17	-4.65826	-2.4588	-4.79056	-5.58849
1310	2	1	5	3	2	3	5	-4.24611	-3.26242	-5.6247	-4.83473
1311	1	4	2	2	6	3	17	-4.65826	-2.4588	-4.79056	-5.58849
1312	2	4	1	2	2	1	5	-2.79086	-3.68617	-4.10053	-4.16388
1313	2	1	12	88	2	1	5	-3.96329	-3.44396	-5.84797	-5.39086
1314	2	1	5	3	2	3	5	-4.24611	-3.26242	-5.6247	-4.83473
1315	2	4	5	2	2	1	5	-6.18481	-9.35095	-8.77038	-9.27137
1316	2	4	1	2	2	1	5	-2.79086	-3.68617	-4.10053	-4.16388
1317	1	4	2	2	6	3	17	-4.65826	-2.4588	-4.79056	-5.58849
1318	2	1	21	3	2	1	5	-2.94628	-2.50452	-4.48508	-4.5746
1319	4	7	10	4	1	7	1	-1.83564	-3.84434	-2.5613	-1.96538
1320	1	2	3	4	5	9	3	-4.64969	-2.49889	-3.69223	-4.94467
1321	2	4	1	2	7	1	5	-2.32265	-6.18907	-5.25924	-5.28522
1322	4	7	10	4	1	7	1	-1.83564	-3.84434	-2.5613	-1.96538
1323	4	7	10	4	1	7	1	-1.83564	-3.84434	-2.5613	-1.96538
1324	1	4	2	2	6	3	17	-4.65826	-2.4588	-4.79056	-5.58849
1325	2	4	1	2	7	1	5	-2.32265	-6.18907	-5.25924	-5.28522
1326	4	7	10	4	1	7	1	-1.83564	-3.84434	-2.5613	-1.96538
1327	8	10	2	2	11	12	6	-3.97066	-7.77838	-6.97521	-7.34912
1328	969	7	10	4	1	7	1	-5.57015	-7.85648	-5.20671	-5.34969
1329	4	7	10	4	1	7	1	-1.83564	-3.84434	-2.5613	-1.96538
1330	10	27	16	942	10	5	7	-24.1003	-16.8477	-19.3321	-20.8448
1331	10	27	16	941	10	5	7	-24.1003	-16.8477	-19.3321	-20.8448
1332	4	7	10	4	1	7	1	-1.83564	-3.84434	-2.5613	-1.96538
1333	4	7	10	4	1	7	1	-1.83564	-3.84434	-2.5613	-1.96538
1334	129	66	30	82	189	47	17	-3.25922	-4.93413	-5.32794	-4.19821
1335	4	7	10	4	1	7	1	-1.83564	-3.84434	-2.5613	-1.96538
1336	4	7	10	4	1	7	1	-1.83564	-3.84434	-2.5613	-1.96538
1337	2	4	1	2	2	1	5	-2.79086	-3.68617	-4.10053	-4.16388
1338	2	1	2	3	2	3	5	-3.77449	-7.51078	-6.77381	-7.14044
1339	10	27	16	19	10	5	7	-20.2888	-12.8229	-16.6803	-17.4616
1340	2	4	1	2	2	1	5	-2.79086	-3.68617	-4.10053	-4.16388
1341	33	39	30	82	104	173	68	-5.40536	-3.99048	-6.94095	-7.74547
1342	1	4	2	2	6	3	17	-4.65826	-2.4588	-4.79056	-5.58849
1343	2	1	5	3	2	5	5	-5.57291	-2.83997	-4.19149	-5.52171
1344	2	1	12	3	2	1	5	-2.6388	-2.13175	-3.69382	-4.87785
1345	8	10	2	2	11	12	6	-3.97066	-7.77838	-6.97521	-7.34912
1346	2	1	1	3	2	1	5	-4.63356	-3.79954	-6.58661	-7.30926
1347	1	4	2	2	6	3	17	-4.65826	-2.4588	-4.79056	-5.58849
1348	7	2	2	2	11	12	6	-4.51728	-8.40679	-7.52223	-7.89553
1349	9	2	4	62	4	5	6	-3.73233	-5.27657	-5.6852	-6.81234
1350	2	1	21	3	2	1	5	-2.94628	-2.50452	-4.48508	-4.5746
1351	9	7	10	4	1	7	1	-10.2516	-12.2766	-11.2279	-9.89803
1352	2	1	12	3	920	1	5	-6.45104	-6.14761	-6.34463	-8.25909
1353	239	27	16	19	10	5	7	-10.0315	-6.47849	-9.65191	-10.605
1354	7	17	2	15	23	3	12	-6.91729	-10.8072	-9.92276	-10.2957
1355	1	4	2	2	6	3	17	-4.65826	-2.4588	-4.79056	-5.58849
1356	1	6	60	24	12	28	1	-28.615	-30.7578	-19.373	-22.4071
1357	2	4	5	2	10	1	5	-6.9098	-10.7862	-9.90875	-10.2825
1358	10	81	50	99	120	76	52	-6.66634	-6.38576	-5.26565	-5.18771
1359	4	7	10	4	1	7	1	-1.83564	-3.84434	-2.5613	-1.96538
1360	2	1	5	3	2	5	5	-5.57291	-2.83997	-4.19149	-5.52171
1361	4	7	10	1	1	7	1	-5.28481	-8.79555	-5.93504	-6.14555
1362	2	4	5	2	10	1	5	-6.9098	-10.7862	-9.90875	-10.2825
1363	2	1	21	3	2	1	5	-2.94628	-2.50452	-4.48508	-4.5746
1364	2	1	21	3	2	1	5	-2.94628	-2.50452	-4.48508	-4.5746
1365	2	4	1	2	2	1	5	-2.79086	-3.68617	-4.10053	-4.16388
1366	2	4	2	2	6	1	5	-6.10441	-4.84536	-6.00871	-7.80925
1367	2	4	1	2	7	1	5	-2.32265	-6.18907	-5.25924	-5.28522
1368	2	4	1	2	2	1	5	-2.79086	-3.68617	-4.10053	-4.16388
1369	2	4	1	2	2	1	5	-2.79086	-3.68617	-4.10053	-4.16388
1370	4	7	10	4	1	7	1	-1.83564	-3.84434	-2.5613	-1.96538
1371	4	7	10	4	42	51	1	-2.94158	-4.69674	-4.73868	-3.84894
1372	2	1	5	3	2	3	5	-4.24611	-3.26242	-5.6247	-4.83473
1373	2	1	12	3	2	1	5	-2.6388	-2.13175	-3.69382	-4.87785
1374	2	1	1	3	2	1	5	-4.63356	-3.79954	-6.58661	-7.30926
1375	2	4	1	2	2	1	5	-2.79086	-3.68617	-4.10053	-4.16388
1376	4	7	10	4	1	7	1	-1.83564	-3.84434	-2.5613	-1.96538
1377	10	1	16	19	10	5	7	-6.20453	-2.75598	-4.30952	-5.20553
1378	2	4	1	2	7	1	5	-2.32265	-6.18907	-5.25924	-5.28522
1379	2	4	1	2	2	1	5	-2.79086	-3.68617	-4.10053	-4.16388
1380	10	81	50	99	120	76	52	-6.66634	-6.38576	-5.26565	-5.18771
1381	2	1	12	3	2	1	5	-2.6388	-2.13175	-3.69382	-4.87785
1382	2	4	1	2	2	1	5	-2.79086	-3.68617	-4.10053	-4.16388
1383	2	4	1	2	7	1	5	-2.32265	-6.18907	-5.25924	-5.28522
1384	1	2	3	4	5	9	3	-4.64969	-2.49889	-3.69223	-4.94467
1385	8	10	2	2	11	12	6	-3.97066	-7.77838	-6.97521	-7.34912
1386	1	4	2	2	6	3	17	-4.65826	-2.4588	-4.79056	-5.58849
1387	2	4	1	2	2	1	5	-2.79086	-3.68617	-4.10053	-4.16388
1388	2	4	1	2	2	1	5	-2.79086	-3.68617	-4.10053	-4.16388
1389	10	7	10	4	1	7	1	-12.3398	-10.8321	-10.0355	-8.96936
1390	2	1	21	3	2	1	5	-2.94628	-2.50452	-4.48508	-4.5746
1391	2	1	21	3	2	1	5	-2.94628	-2.50452	-4.48508	-4.5746
1392	10	1	16	19	10	5	7	-6.20453	-2.75598	-4.30952	-5.20553
1393	2	1	5	3	2	3	5	-4.24611	-3.26242	-5.6247	-4.83473
1394	2	1	5	3	2	3	5	-4.24611	-3.26242	-5.6247	-4.83473
1395	2	4	1	2	2	5	5	-6.83026	-6.41939	-8.95045	-9.62338
1396	2	4	1	2	7	1	5	-2.32265	-6.18907	-5.25924	-5.28522
1397	10	1	16	19	10	5	7	-6.20453	-2.75598	-4.30952	-5.20553
1398	2	4	1	2	7	1	5	-2.32265	-6.18907	-5.25924	-5.28522
1399	2	934	1	2	2	1	5	-6.52494	-7.70553	-6.73821	-7.53755
