Isolate	Loci0	Loci1	Loci2	Loci3	Loci4	Loci5	Loci6	Source0	Source1	Source2	Source3
0	1	2	3	4	5	9	3	-4.71476	-2.48871	-3.68559	-4.89299
1	4	7	10	4	1	7	1	-1.82515	-3.79846	-2.63909	-1.94797
2	2	4	1	2	2	1	5	-2.78737	-3.63952	-4.25175	-4.05637
3	2	4	1	2	2	1	5	-2.78737	-3.63952	-4.25175	-4.05637
4	9	25	2	10	22	3	6	-4.46163	-7.60842	-6.00838	-4.39194
5	4	7	10	4	1	7	1	-1.82515	-3.79846	-2.63909	-1.94797
6	4	7	10	4	1	7	1	-1.82515	-3.79846	-2.63909	-1.94797
7	4	7	10	4	42	51	1	-2.93458	-4.61112	-5.01695	-3.79261
8	2	4	1	2	2	1	5	-2.78737	-3.63952	-4.25175	-4.05637
9	10	81	50	99	120	76	52	-6.641	-6.42448	-5.26483	-5.19376
10	2	1	21	3	2	1	5	-2.95275	-2.48618	-4.67027	-4.44274
11	2	1	21	3	2	1	5	-2.95275	-2.48618	-4.67027	-4.44274
12	9	25	2	10	22	3	6	-4.46163	-7.60842	-6.00838	-4.39194
13	2	1	21	3	2	1	5	-2.95275	-2.48618	-4.67027	-4.44274
14	10	27	16	19	10	5	7	-20.8253	-12.9607	-16.3911	-17.5378
15	2	4	1	2	2	1	5	-2.78737	-3.63952	-4.25175	-4.05637
16	2	4	1	2	2	1	5	-2.78737	-3.63952	-4.25175	-4.05637
17	9	2	4	62	4	5	6	-3.72789	-5.17851	-6.0112	-6.2785
18	9	53	2	53	11	3	3	-30.0822	-26.4528	-25.1529	-25.3801
19	2	4	1	2	2	1	5	-2.78737	-3.63952	-4.25175	-4.05637
20	2	4	1	2	2	1	5	-2.78737	-3.63952	-4.25175	-4.05637
21	4	7	10	4	1	7	1	-1.82515	-3.79846	-2.63909	-1.94797
22	2	4	1	2	2	1	5	-2.78737	-3.63952	-4.25175	-4.05637
23	1	4	2	2	6	3	17	-4.7298	-2.44798	-4.80545	-5.5359
24	4	7	10	4	1	7	1	-1.82515	-3.79846	-2.63909	-1.94797
25	2	1	21	3	2	1	5	-2.95275	-2.48618	-4.67027	-4.44274
26	8	10	2	2	11	12	6	-3.96474	-7.13232	-8.72886	-6.69532
27	2	4	2	2	6	1	5	-6.12817	-4.83236	-6.02692	-7.61438
28	2	1	12	3	2	1	5	-2.64681	-2.11364	-3.79595	-4.61517
29	2	4	1	2	2	1	5	-2.78737	-3.63952	-4.25175	-4.05637
30	4	7	10	4	1	7	1	-1.82515	-3.79846	-2.63909	-1.94797
31	10	1	16	19	10	5	7	-6.4866	-2.74751	-4.29366	-5.19989
32	1	2	3	4	5	9	3	-4.71476	-2.48871	-3.68559	-4.89299
33	2	4	1	2	2	1	5	-2.78737	-3.63952	-4.25175	-4.05637
34	2	4	1	2	2	1	5	-2.78737	-3.63952	-4.25175	-4.05637
35	2	4	1	2	2	1	5	-2.78737	-3.63952	-4.25175	-4.05637
36	4	7	10	4	1	7	1	-1.82515	-3.79846	-2.63909	-1.94797
37	129	66	30	82	189	47	17	-3.25214	-4.85293	-5.71704	-4.14172
38	2	1	12	3	357	1	5	-6.48613	-5.4968	-6.31329	-7.57851
39	9	2	4	62	4	5	6	-3.72789	-5.17851	-6.0112	-6.2785
40	2	1	1	3	2	1	5	-4.64813	-3.78396	-6.87612	-6.95888
41	2	1	12	3	357	1	5	-6.48613	-5.4968	-6.31329	-7.57851
42	2	1	5	3	2	3	5	-4.25952	-3.25101	-5.77299	-4.80461
43	2	1	5	3	2	3	5	-4.25952	-3.25101	-5.77299	-4.80461
44	2	4	1	2	2	1	5	-2.78737	-3.63952	-4.25175	-4.05637
45	2	4	1	2	2	1	5	-2.78737	-3.63952	-4.25175	-4.05637
46	2	4	2	2	6	1	5	-6.12817	-4.83236	-6.02692	-7.61438
47	1	4	2	2	6	3	17	-4.7298	-2.44798	-4.80545	-5.5359
48	2	1	21	3	2	1	5	-2.95275	-2.48618	-4.67027	-4.44274
49	2	1	2	3	2	3	5	-3.76896	-6.89601	-8.5252	-6.48967
50	2	1	21	3	2	1	5	-2.95275	-2.48618	-4.67027	-4.44274
51	7	17	2	15	23	3	12	-6.91122	-10.1161	-11.6844	-9.64196
52	2	4	1	2	7	1	5	-2.31707	-5.51554	-6.74595	-4.81325
53	9	2	4	62	4	5	6	-3.72789	-5.17851	-6.0112	-6.2785
54	2	4	1	2	7	1	5	-2.31707	-5.51554	-6.74595	-4.81325
55	9	2	4	62	4	5	6	-3.72789	-5.17851	-6.0112	-6.2785
56	2	1	12	88	2	1	5	-3.97049	-3.42648	-6.12827	-5.29071
57	2	1	5	3	2	3	5	-4.25952	-3.25101	-5.77299	-4.80461
58	2	4	1	2	2	1	5	-2.78737	-3.63952	-4.25175	-4.05637
59	9	2	4	62	4	5	6	-3.72789	-5.17851	-6.0112	-6.2785
60	2	1	5	3	2	3	5	-4.25952	-3.25101	-5.77299	-4.80461
61	2	4	1	2	2	1	5	-2.78737	-3.63952	-4.25175	-4.05637
62	2	4	1	2	2	1	5	-2.78737	-3.63952	-4.25175	-4.05637
63	2	4	1	2	2	1	5	-2.78737	-3.63952	-4.25175	-4.05637
64	2	4	1	2	2	1	5	-2.78737	-3.63952	-4.25175	-4.05637
65	2	4	1	2	2	1	5	-2.78737	-3.63952	-4.25175	-4.05637
66	2	4	1	2	2	1	5	-2.78737	-3.63952	-4.25175	-4.05637
67	1	2	215	4	90	24	8	-29.2677	-27.2073	-20.914	-21.8809
68	2	4	1	2	2	1	5	-2.78737	-3.63952	-4.25175	-4.05637
69	1	2	3	4	5	9	3	-4.71476	-2.48871	-3.68559	-4.89299
70	2	4	1	2	2	1	5	-2.78737	-3.63952	-4.25175	-4.05637
71	2	4	1	2	2	1	5	-2.78737	-3.63952	-4.25175	-4.05637
72	9	25	2	10	22	3	6	-4.46163	-7.60842	-6.00838	-4.39194
73	2	15	4	48	360	25	23	-6.61267	-9.48992	-5.67465	-4.95331
74	2	4	1	2	2	1	5	-2.78737	-3.63952	-4.25175	-4.05637
75	2	1	12	88	2	1	5	-3.97049	-3.42648	-6.12827	-5.29071
76	2	4	2	2	6	1	5	-6.12817	-4.83236	-6.02692	-7.61438
77	10	1	16	19	10	5	7	-6.4866	-2.74751	-4.29366	-5.19989
78	2	4	1	2	2	1	5	-2.78737	-3.63952	-4.25175	-4.05637
79	2	1	12	3	2	1	5	-2.64681	-2.11364	-3.79595	-4.61517
80	2	4	1	2	2	1	5	-2.78737	-3.63952	-4.25175	-4.05637
81	2	4	1	2	2	1	5	-2.78737	-3.63952	-4.25175	-4.05637
82	1	4	2	2	6	3	17	-4.7298	-2.44798	-4.80545	-5.5359
83	10	1	16	19	10	5	7	-6.4866	-2.74751	-4.29366	-5.19989
84	8	10	149	2	11	12	6	-4.90908	-3.96783	-5.84478	-6.92452
85	2	4	1	2	2	1	5	-2.78737	-3.63952	-4.25175	-4.05637
86	2	4	1	2	7	1	5	-2.31707	-5.51554	-6.74595	-4.81325
87	32	39	30	82	104	324	17	-8.58436	-4.67576	-7.83179	-8.83669
88	1	2	3	4	5	9	3	-4.71476	-2.48871	-3.68559	-4.89299
89	2	1	5	3	2	3	5	-4.25952	-3.25101	-5.77299	-4.80461
90	2	4	1	2	2	1	5	-2.78737	-3.63952	-4.25175	-4.05637
91	2	4	1	2	7	1	5	-2.31707	-5.51554	-6.74595	-4.81325
92	4	7	10	4	1	7	1	-1.82515	-3.79846	-2.63909	-1.94797
93	2	1	2	3	2	3	5	-3.76896	-6.89601	-8.5252	-6.48967
94	2	1	12	3	2	1	5	-2.64681	-2.11364	-3.79595	-4.61517
95	2	1	21	3	2	1	5	-2.95275	-2.48618	-4.67027	-4.44274
96	2	1	21	3	2	1	5	-2.95275	-2.48618	-4.67027	-4.44274
97	9	2	5	2	11	3	1	-29.5209	-31.9954	-28.0979	-25.7075
98	4	7	10	4	1	7	1	-1.82515	-3.79846	-2.63909	-1.94797
99	2	1	2	3	2	3	5	-3.76896	-6.89601	-8.5252	-6.48967
100	2	1	21	3	2	1	5	-2.95275	-2.48618	-4.67027	-4.44274
101	4	7	10	4	1	7	1	-1.82515	-3.79846	-2.63909	-1.94797
102	2	1	21	3	2	1	5	-2.95275	-2.48618	-4.67027	-4.44274
103	1	4	2	2	6	3	17	-4.7298	-2.44798	-4.80545	-5.5359
104	2	4	5	2	10	1	5	-6.90425	-10.0987	-11.6641	-9.62838
105	2	1	12	88	2	1	5	-3.97049	-3.42648	-6.12827	-5.29071
106	9	2	4	62	4	5	6	-3.72789	-5.17851	-6.0112	-6.2785
107	2	165	73	147	220	190	104	-8.30795	-10.7391	-6.89175	-5.29613
108	2	1	21	3	2	1	5	-2.95275	-2.48618	-4.67027	-4.44274
109	2	4	1	2	2	1	5	-2.78737	-3.63952	-4.25175	-4.05637
110	2	1	12	3	11	1	6	-19.0697	-17.8563	-20.6224	-20.3146
111	2	1	2	3	2	3	5	-3.76896	-6.89601	-8.5252	-6.48967
112	2	4	1	2	7	1	5	-2.31707	-5.51554	-6.74595	-4.81325
113	2	1	2	3	2	3	5	-3.76896	-6.89601	-8.5252	-6.48967
114	2	1	21	3	2	1	5	-2.95275	-2.48618	-4.67027	-4.44274
115	2	4	1	2	7	1	5	-2.31707	-5.51554	-6.74595	-4.81325
116	33	39	30	82	113	43	17	-9.86563	-6.46068	-6.16127	-8.24786
117	2	4	1	2	2	1	5	-2.78737	-3.63952	-4.25175	-4.05637
118	2	4	1	2	2	1	5	-2.78737	-3.63952	-4.25175	-4.05637
119	2	4	1	2	2	1	5	-2.78737	-3.63952	-4.25175	-4.05637
120	2	4	1	2	7	1	5	-2.31707	-5.51554	-6.74595	-4.81325
121	4	7	10	1	1	7	1	-5.27651	-8.44352	-6.00365	-6.07943
122	2	1	12	3	2	1	5	-2.64681	-2.11364	-3.79595	-4.61517
123	2	4	1	2	2	1	5	-2.78737	-3.63952	-4.25175	-4.05637
124	2	4	1	2	2	1	5	-2.78737	-3.63952	-4.25175	-4.05637
125	2	4	1	2	7	1	5	-2.31707	-5.51554	-6.74595	-4.81325
126	2	4	1	2	2	1	5	-2.78737	-3.63952	-4.25175	-4.05637
127	2	4	1	2	2	1	5	-2.78737	-3.63952	-4.25175	-4.05637
128	2	1	12	88	2	1	5	-3.97049	-3.42648	-6.12827	-5.29071
129	2	1	12	3	2	1	5	-2.64681	-2.11364	-3.79595	-4.61517
130	2	1	12	3	2	1	5	-2.64681	-2.11364	-3.79595	-4.61517
131	2	4	1	2	7	1	5	-2.31707	-5.51554	-6.74595	-4.81325
132	2	1	21	3	2	1	5	-2.95275	-2.48618	-4.67027	-4.44274
133	2	1	21	3	2	1	5	-2.95275	-2.48618	-4.67027	-4.44274
134	2	4	5	2	2	5	5	-3.68209	-6.87088	-7.49284	-5.70573
135	2	1	21	3	2	1	5	-2.95275	-2.48618	-4.67027	-4.44274
136	1	4	2	2	6	3	1	-11.5722	-10.1541	-10.5708	-10.8907
137	2	1	5	3	2	3	5	-4.25952	-3.25101	-5.77299	-4.80461
138	2	1	5	3	2	3	5	-4.25952	-3.25101	-5.77299	-4.80461
139	4	7	10	4	1	7	1	-1.82515	-3.79846	-2.63909	-1.94797
140	8	10	2	2	11	12	6	-3.96474	-7.13232	-8.72886	-6.69532
141	2	1	2	3	2	3	5	-3.76896	-6.89601	-8.5252	-6.48967
142	2	1	5	3	2	3	5	-4.25952	-3.25101	-5.77299	-4.80461
143	2	1	2	3	2	3	5	-3.76896	-6.89601	-8.5252	-6.48967
144	129	66	30	82	189	47	17	-3.25214	-4.85293	-5.71704	-4.14172
145	2	4	1	2	2	1	5	-2.78737	-3.63952	-4.25175	-4.05637
146	2	4	1	2	2	1	5	-2.78737	-3.63952	-4.25175	-4.05637
147	7	21	5	62	4	61	44	-7.70104	-3.82973	-5.81706	-7.45946
148	2	4	1	2	2	1	5	-2.78737	-3.63952	-4.25175	-4.05637
149	2	937	1	2	2	1	5	-6.54825	-7.02311	-6.76803	-7.00336
150	1	14	2	2	6	1	17	-9.08244	-6.44911	-7.80589	-6.38105
151	1	4	2	2	6	3	17	-4.7298	-2.44798	-4.80545	-5.5359
152	8	10	149	2	11	12	6	-4.90908	-3.96783	-5.84478	-6.92452
153	2	1	12	3	2	1	5	-2.64681	-2.11364	-3.79595	-4.61517
154	9	30	2	2	89	59	6	-4.96379	-8.16966	-9.73756	-7.69463
155	1	2	3	4	5	9	3	-4.71476	-2.48871	-3.68559	-4.89299
156	2	4	1	2	2	1	5	-2.78737	-3.63952	-4.25175	-4.05637
157	2	4	1	2	2	1	5	-2.78737	-3.63952	-4.25175	-4.05637
158	180	194	2	68	19	231	147	-24.4944	-25.4658	-22.6655	-22.8538
159	2	4	1	2	2	1	5	-2.78737	-3.63952	-4.25175	-4.05637
160	2	4	1	2	2	1	5	-2.78737	-3.63952	-4.25175	-4.05637
161	2	4	1	2	2	1	5	-2.78737	-3.63952	-4.25175	-4.05637
162	4	7	10	4	1	7	1	-1.82515	-3.79846	-2.63909	-1.94797
163	2	4	1	2	2	1	5	-2.78737	-3.63952	-4.25175	-4.05637
164	2	1	21	3	2	1	5	-2.95275	-2.48618	-4.67027	-4.44274
165	2	4	1	2	7	1	5	-2.31707	-5.51554	-6.74595	-4.81325
166	2	4	1	2	2	1	5	-2.78737	-3.63952	-4.25175	-4.05637
167	10	1	16	19	10	5	7	-6.4866	-2.74751	-4.29366	-5.19989
168	104	7	10	4	1	7	1	-4.4205	-7.63138	-9.17748	-7.12755
169	2	4	1	2	2	1	5	-2.78737	-3.63952	-4.25175	-4.05637
170	10	27	16	19	10	5	7	-20.8253	-12.9607	-16.3911	-17.5378
171	2	4	1	2	2	1	5	-2.78737	-3.63952	-4.25175	-4.05637
172	2	1	1	3	2	1	5	-4.64813	-3.78396	-6.87612	-6.95888
173	7	21	5	62	4	61	44	-7.70104	-3.82973	-5.81706	-7.45946
174	2	1	1	3	2	1	5	-4.64813	-3.78396	-6.87612	-6.95888
175	10	1	16	19	10	5	7	-6.4866	-2.74751	-4.29366	-5.19989
176	2	4	1	2	2	1	5	-2.78737	-3.63952	-4.25175	-4.05637
177	2	4	1	2	2	1	5	-2.78737	-3.63952	-4.25175	-4.05637
178	2	1	12	3	2	1	5	-2.64681	-2.11364	-3.79595	-4.61517
179	2	4	1	2	2	1	5	-2.78737	-3.63952	-4.25175	-4.05637
180	2	4	1	2	2	1	5	-2.78737	-3.63952	-4.25175	-4.05637
181	1	4	2	2	6	3	17	-4.7298	-2.44798	-4.80545	-5.5359
182	2	1	12	3	2	1	5	-2.64681	-2.11364	-3.79595	-4.61517
183	4	7	10	4	1	7	1	-1.82515	-3.79846	-2.63909	-1.94797
184	2	4	1	2	2	1	5	-2.78737	-3.63952	-4.25175	-4.05637
185	2	4	1	2	2	1	5	-2.78737	-3.63952	-4.25175	-4.05637
186	2	1	21	3	2	1	5	-2.95275	-2.48618	-4.67027	-4.44274
187	4	7	10	4	1	7	1	-1.82515	-3.79846	-2.63909	-1.94797
188	4	7	10	4	42	51	1	-2.93458	-4.61112	-5.01695	-3.79261
189	2	1	5	3	2	3	5	-4.25952	-3.25101	-5.77299	-4.80461
190	1	2	4	62	4	5	17	-6.14216	-4.84422	-7.95589	-8.28535
191	4	7	10	4	1	7	1	-1.82515	-3.79846	-2.63909	-1.94797
192	4	7	10	4	42	51	1	-2.93458	-4.61112	-5.01695	-3.79261
193	2	1	21	3	2	1	5	-2.95275	-2.48618	-4.67027	-4.44274
194	4	7	10	4	42	51	1	-2.93458	-4.61112	-5.01695	-3.79261
195	2	4	1	2	7	1	5	-2.31707	-5.51554	-6.74595	-4.81325
196	2	4	1	2	2	1	5	-2.78737	-3.63952	-4.25175	-4.05637
197	1	2	3	4	5	9	3	-4.71476	-2.48871	-3.68559	-4.89299
198	1	2	4	62	4	5	17	-6.14216	-4.84422	-7.95589	-8.28535
199	2	250	4	281	358	25	57	-28.215	-30.9284	-18.733	-19.1981
200	9	2	4	62	4	5	6	-3.72789	-5.17851	-6.0112	-6.2785
201	1	2	3	4	5	9	3	-4.71476	-2.48871	-3.68559	-4.89299
202	4	7	10	4	1	7	1	-1.82515	-3.79846	-2.63909	-1.94797
203	2	4	2	4	19	3	6	-5.80837	-9.00962	-10.5755	-8.53027
204	4	7	10	4	1	7	1	-1.82515	-3.79846	-2.63909	-1.94797
205	4	7	10	4	42	51	1	-2.93458	-4.61112	-5.01695	-3.79261
206	2	1	12	3	2	1	5	-2.64681	-2.11364	-3.79595	-4.61517
207	4	7	10	4	1	7	1	-1.82515	-3.79846	-2.63909	-1.94797
208	2	1	12	3	2	1	5	-2.64681	-2.11364	-3.79595	-4.61517
209	1	2	4	62	4	5	17	-6.14216	-4.84422	-7.95589	-8.28535
210	4	7	10	4	42	51	1	-2.93458	-4.61112	-5.01695	-3.79261
211	2	4	1	2	2	1	5	-2.78737	-3.63952	-4.25175	-4.05637
212	4	7	10	4	1	7	1	-1.82515	-3.79846	-2.63909	-1.94797
213	2	1	21	3	2	1	5	-2.95275	-2.48618	-4.67027	-4.44274
214	47	2	4	2	6	5	17	-11.0174	-11.9832	-6.18893	-8.34257
215	2	1	21	3	2	1	5	-2.95275	-2.48618	-4.67027	-4.44274
216	2	1	21	3	2	1	5	-2.95275	-2.48618	-4.67027	-4.44274
217	2	4	1	2	2	1	5	-2.78737	-3.63952	-4.25175	-4.05637
218	2	4	1	2	2	1	5	-2.78737	-3.63952	-4.25175	-4.05637
219	10	81	50	99	120	76	52	-6.641	-6.42448	-5.26483	-5.19376
220	2	4	1	2	2	1	5	-2.78737	-3.63952	-4.25175	-4.05637
221	2	4	1	2	2	1	5	-2.78737	-3.63952	-4.25175	-4.05637
222	1	4	2	2	6	3	17	-4.7298	-2.44798	-4.80545	-5.5359
223	1	2	4	62	4	5	17	-6.14216	-4.84422	-7.95589	-8.28535
224	4	7	10	4	1	7	1	-1.82515	-3.79846	-2.63909	-1.94797
225	4	7	10	4	1	7	1	-1.82515	-3.79846	-2.63909	-1.94797
226	10	1	16	19	10	5	7	-6.4866	-2.74751	-4.29366	-5.19989
227	2	4	1	2	2	1	5	-2.78737	-3.63952	-4.25175	-4.05637
228	2	4	1	2	7	1	5	-2.31707	-5.51554	-6.74595	-4.81325
229	1	4	2	348	6	3	17	-9.2767	-5.36173	-8.51822	-9.5265
230	1	2	4	62	4	5	17	-6.14216	-4.84422	-7.95589	-8.28535
231	10	27	16	19	10	5	7	-20.8253	-12.9607	-16.3911	-17.5378
232	1	4	2	2	6	3	17	-4.7298	-2.44798	-4.80545	-5.5359
233	4	7	10	4	42	51	1	-2.93458	-4.61112	-5.01695	-3.79261
234	2	4	1	2	2	1	5	-2.78737	-3.63952	-4.25175	-4.05637
235	2	1	12	3	2	1	5	-2.64681	-2.11364	-3.79595	-4.61517
236	2	1	12	88	2	1	5	-3.97049	-3.42648	-6.12827	-5.29071
237	2	4	1	2	7	1	5	-2.31707	-5.51554	-6.74595	-4.81325
238	2	1	12	3	2	1	5	-2.64681	-2.11364	-3.79595	-4.61517
239	1	4	2	2	6	3	17	-4.7298	-2.44798	-4.80545	-5.5359
240	2	1	4	28	58	25	58	-5.60726	-8.58779	-5.33686	-4.27532
241	2	1	5	3	2	3	5	-4.25952	-3.25101	-5.77299	-4.80461
242	2	1	12	3	2	1	5	-2.64681	-2.11364	-3.79595	-4.61517
243	2	4	1	2	2	1	5	-2.78737	-3.63952	-4.25175	-4.05637
244	2	1	5	10	11	1	5	-27.5618	-22.7391	-24.2971	-24.7575
245	2	1	12	3	2	1	5	-2.64681	-2.11364	-3.79595	-4.61517
246	2	1	12	88	2	1	5	-3.97049	-3.42648	-6.12827	-5.29071
247	2	1	12	3	2	1	5	-2.64681	-2.11364	-3.79595	-4.61517
248	2	1	12	3	2	1	5	-2.64681	-2.11364	-3.79595	-4.61517
249	1	4	2	2	6	3	17	-4.7298	-2.44798	-4.80545	-5.5359
250	9	2	4	62	4	5	6	-3.72789	-5.17851	-6.0112	-6.2785
251	2	1	12	3	2	1	5	-2.64681	-2.11364	-3.79595	-4.61517
252	8	10	149	2	11	12	6	-4.90908	-3.96783	-5.84478	-6.92452
253	2	1	21	3	2	1	5	-2.95275	-2.48618	-4.67027	-4.44274
254	1	2	3	4	5	9	3	-4.71476	-2.48871	-3.68559	-4.89299
255	2	1	5	3	2	3	5	-4.25952	-3.25101	-5.77299	-4.80461
256	1	307	3	4	5	9	3	-6.86402	-6.43395	-6.14215	-8.02055
257	1	4	2	2	6	3	17	-4.7298	-2.44798	-4.80545	-5.5359
258	2	4	1	2	7	1	5	-2.31707	-5.51554	-6.74595	-4.81325
259	2	4	1	2	2	1	5	-2.78737	-3.63952	-4.25175	-4.05637
260	2	61	4	64	126	7	23	-5.93103	-8.88239	-5.89485	-4.29119
261	7	21	5	62	4	61	44	-7.70104	-3.82973	-5.81706	-7.45946
262	2	1	12	3	2	1	5	-2.64681	-2.11364	-3.79595	-4.61517
263	2	4	1	2	2	1	5	-2.78737	-3.63952	-4.25175	-4.05637
264	2	1	12	3	2	1	5	-2.64681	-2.11364	-3.79595	-4.61517
265	2	1	21	3	2	1	5	-2.95275	-2.48618	-4.67027	-4.44274
266	2	1	21	3	2	1	5	-2.95275	-2.48618	-4.67027	-4.44274
267	2	4	1	2	2	1	5	-2.78737	-3.63952	-4.25175	-4.05637
268	2	4	1	2	2	1	5	-2.78737	-3.63952	-4.25175	-4.05637
269	2	4	1	2	7	1	5	-2.31707	-5.51554	-6.74595	-4.81325
270	4	7	10	4	1	7	1	-1.82515	-3.79846	-2.63909	-1.94797
271	1	2	4	62	4	5	17	-6.14216	-4.84422	-7.95589	-8.28535
272	4	1	21	3	2	1	5	-9.8723	-10.2883	-10.5586	-9.86599
273	10	1	16	19	10	5	7	-6.4866	-2.74751	-4.29366	-5.19989
274	33	283	44	82	189	44	17	-7.23392	-3.47053	-5.59779	-6.03848
275	2	1	12	3	2	1	5	-2.64681	-2.11364	-3.79595	-4.61517
276	10	81	50	99	120	76	52	-6.641	-6.42448	-5.26483	-5.19376
277	4	7	10	4	42	25	1	-8.22436	-10.484	-5.76986	-5.21395
278	2	4	1	2	2	1	5	-2.78737	-3.63952	-4.25175	-4.05637
279	2	4	5	2	10	1	5	-6.90425	-10.0987	-11.6641	-9.62838
280	2	4	1	2	2	1	5	-2.78737	-3.63952	-4.25175	-4.05637
281	9	2	4	62	4	5	6	-3.72789	-5.17851	-6.0112	-6.2785
282	4	7	10	4	1	7	1	-1.82515	-3.79846	-2.63909	-1.94797
283	2	1	12	3	2	1	5	-2.64681	-2.11364	-3.79595	-4.61517
284	9	2	4	62	4	5	6	-3.72789	-5.17851	-6.0112	-6.2785
285	9	2	4	62	4	5	6	-3.72789	-5.17851	-6.0112	-6.2785
286	2	4	1	2	2	1	5	-2.78737	-3.63952	-4.25175	-4.05637
287	2	1	12	88	2	1	5	-3.97049	-3.42648	-6.12827	-5.29071
288	2	1	21	3	2	1	5	-2.95275	-2.48618	-4.67027	-4.44274
289	33	39	30	79	113	44	17	-26.4687	-24.0909	-25.5463	-26.2438
290	1	2	3	4	5	9	3	-4.71476	-2.48871	-3.68559	-4.89299
291	1	4	2	2	6	3	17	-4.7298	-2.44798	-4.80545	-5.5359
292	9	2	4	62	4	5	6	-3.72789	-5.17851	-6.0112	-6.2785
293	2	1	12	3	2	1	5	-2.64681	-2.11364	-3.79595	-4.61517
294	2	1	5	3	2	5	5	-5.69856	-2.83281	-4.17955	-5.48096
295	2	1	5	3	2	5	5	-5.69856	-2.83281	-4.17955	-5.48096
296	2	4	1	2	2	1	5	-2.78737	-3.63952	-4.25175	-4.05637
297	2	4	1	2	2	1	5	-2.78737	-3.63952	-4.25175	-4.05637
298	2	1	21	3	2	1	5	-2.95275	-2.48618	-4.67027	-4.44274
299	32	39	30	82	104	324	17	-8.58436	-4.67576	-7.83179	-8.83669
300	2	1	12	3	2	1	5	-2.64681	-2.11364	-3.79595	-4.61517
301	4	7	10	4	1	7	1	-1.82515	-3.79846	-2.63909	-1.94797
302	1	4	2	2	6	3	5	-9.11772	-5.27592	-8.42036	-9.42415
303	2	1	21	3	2	1	5	-2.95275	-2.48618	-4.67027	-4.44274
304	4	7	10	4	42	51	1	-2.93458	-4.61112	-5.01695	-3.79261
305	2	4	1	2	7	1	5	-2.31707	-5.51554	-6.74595	-4.81325
306	7	21	5	62	4	61	44	-7.70104	-3.82973	-5.81706	-7.45946
307	104	7	10	4	1	7	1	-4.4205	-7.63138	-9.17748	-7.12755
308	9	25	2	10	22	3	6	-4.46163	-7.60842	-6.00838	-4.39194
309	2	4	2	2	6	3	17	-10.989	-7.80832	-10.2826	-10.7037
310	2	4	1	2	7	1	5	-2.31707	-5.51554	-6.74595	-4.81325
311	129	66	30	82	189	47	17	-3.25214	-4.85293	-5.71704	-4.14172
312	33	39	30	82	104	173	68	-5.43485	-3.97508	-7.09747	-7.50514
313	2	1	12	3	2	1	5	-2.64681	-2.11364	-3.79595	-4.61517
314	2	1	1	3	2	1	5	-4.64813	-3.78396	-6.87612	-6.95888
315	7	21	5	62	4	61	44	-7.70104	-3.82973	-5.81706	-7.45946
316	2	1	21	3	2	1	5	-2.95275	-2.48618	-4.67027	-4.44274
317	4	7	10	4	1	7	1	-1.82515	-3.79846	-2.63909	-1.94797
318	10	2	107	62	120	76	1	-6.83144	-9.9527	-7.964	-6.35569
319	4	7	10	4	1	7	1	-1.82515	-3.79846	-2.63909	-1.94797
320	2	1	12	3	2	1	5	-2.64681	-2.11364	-3.79595	-4.61517
321	2	1	5	3	2	3	5	-4.25952	-3.25101	-5.77299	-4.80461
322	4	7	10	4	1	7	1	-1.82515	-3.79846	-2.63909	-1.94797
323	2	1	12	88	2	1	5	-3.97049	-3.42648	-6.12827	-5.29071
324	4	7	10	4	42	7	1	-6.49204	-9.33088	-5.54685	-4.69514
325	4	7	10	4	42	51	1	-2.93458	-4.61112	-5.01695	-3.79261
326	2	1	21	3	2	1	5	-2.95275	-2.48618	-4.67027	-4.44274
327	2	1	12	3	2	1	5	-2.64681	-2.11364	-3.79595	-4.61517
328	4	7	10	4	1	7	1	-1.82515	-3.79846	-2.63909	-1.94797
329	2	4	1	2	7	1	5	-2.31707	-5.51554	-6.74595	-4.81325
330	4	7	10	4	1	7	1	-1.82515	-3.79846	-2.63909	-1.94797
331	2	1	12	3	2	1	5	-2.64681	-2.11364	-3.79595	-4.61517
332	4	7	10	4	1	7	1	-1.82515	-3.79846	-2.63909	-1.94797
333	4	7	10	4	1	7	1	-1.82515	-3.79846	-2.63909	-1.94797
334	1	4	2	2	6	3	17	-4.7298	-2.44798	-4.80545	-5.5359
335	2	4	1	2	2	1	5	-2.78737	-3.63952	-4.25175	-4.05637
336	4	7	10	4	1	7	1	-1.82515	-3.79846	-2.63909	-1.94797
337	7	17	2	15	23	3	12	-6.91122	-10.1161	-11.6844	-9.64196
338	2	1	5	3	2	3	5	-4.25952	-3.25101	-5.77299	-4.80461
339	4	7	10	4	1	7	1	-1.82515	-3.79846	-2.63909	-1.94797
340	4	7	10	4	1	7	1	-1.82515	-3.79846	-2.63909	-1.94797
341	4	7	10	4	42	51	1	-2.93458	-4.61112	-5.01695	-3.79261
342	2	4	1	2	2	1	5	-2.78737	-3.63952	-4.25175	-4.05637
343	2	1	12	88	2	1	5	-3.97049	-3.42648	-6.12827	-5.29071
344	2	1	1	3	2	1	5	-4.64813	-3.78396	-6.87612	-6.95888
345	1	2	3	4	5	9	3	-4.71476	-2.48871	-3.68559	-4.89299
346	2	1	12	88	2	1	5	-3.97049	-3.42648	-6.12827	-5.29071
347	2	1	1	3	2	1	5	-4.64813	-3.78396	-6.87612	-6.95888
348	24	17	2	10	23	68	5	-9.68218	-5.7727	-8.9294	-9.93456
349	4	7	10	4	1	7	1	-1.82515	-3.79846	-2.63909	-1.94797
350	2	1	21	3	2	1	5	-2.95275	-2.48618	-4.67027	-4.44274
351	1	4	2	2	6	3	17	-4.7298	-2.44798	-4.80545	-5.5359
352	2	1	5	3	2	3	5	-4.25952	-3.25101	-5.77299	-4.80461
353	4	7	10	4	1	7	1	-1.82515	-3.79846	-2.63909	-1.94797
354	2	1	1	3	2	1	5	-4.64813	-3.78396	-6.87612	-6.95888
355	2	1	12	3	2	1	5	-2.64681	-2.11364	-3.79595	-4.61517
356	8	10	149	2	11	12	6	-4.90908	-3.96783	-5.84478	-6.92452
357	2	4	1	2	2	5	5	-6.8396	-6.40065	-9.30762	-9.21936
358	10	1	16	19	10	5	7	-6.4866	-2.74751	-4.29366	-5.19989
359	24	17	2	10	23	68	5	-9.68218	-5.7727	-8.9294	-9.93456
360	1	2	4	62	4	5	17	-6.14216	-4.84422	-7.95589	-8.28535
361	2	4	1	2	7	1	5	-2.31707	-5.51554	-6.74595	-4.81325
362	7	71	5	62	11	67	6	-29.1083	-26.2527	-27.2131	-28.0554
363	7	17	5	2	10	3	6	-25.8141	-24.3686	-23.8332	-22.3734
364	2	1	5	3	2	3	5	-4.25952	-3.25101	-5.77299	-4.80461
365	9	2	4	62	4	5	6	-3.72789	-5.17851	-6.0112	-6.2785
366	33	38	30	82	104	325	36	-14.2151	-9.86124	-12.1423	-13.5933
367	2	4	1	2	7	1	5	-2.31707	-5.51554	-6.74595	-4.81325
368	47	2	4	2	6	5	17	-11.0174	-11.9832	-6.18893	-8.34257
369	2	1	12	88	2	1	5	-3.97049	-3.42648	-6.12827	-5.29071
370	2	1	12	88	2	1	5	-3.97049	-3.42648	-6.12827	-5.29071
371	2	1	12	88	2	1	5	-3.97049	-3.42648	-6.12827	-5.29071
372	2	1	12	88	2	1	5	-3.97049	-3.42648	-6.12827	-5.29071
373	2	4	1	2	2	1	5	-2.78737	-3.63952	-4.25175	-4.05637
374	2	1	12	88	2	1	5	-3.97049	-3.42648	-6.12827	-5.29071
375	1	1	2	2	6	3	17	-10.1415	-6.2023	-9.26837	-10.2998
376	2	1	12	88	2	1	5	-3.97049	-3.42648	-6.12827	-5.29071
377	2	1	12	88	2	1	5	-3.97049	-3.42648	-6.12827	-5.29071
378	2	4	1	2	2	1	5	-2.78737	-3.63952	-4.25175	-4.05637
379	2	1	12	88	2	1	5	-3.97049	-3.42648	-6.12827	-5.29071
380	2	1	5	3	2	3	5	-4.25952	-3.25101	-5.77299	-4.80461
381	4	7	10	4	1	7	1	-1.82515	-3.79846	-2.63909	-1.94797
382	2	1	12	3	2	1	5	-2.64681	-2.11364	-3.79595	-4.61517
383	1	2	4	62	4	5	17	-6.14216	-4.84422	-7.95589	-8.28535
384	1	4	2	2	6	3	17	-4.7298	-2.44798	-4.80545	-5.5359
385	2	1	12	3	2	1	5	-2.64681	-2.11364	-3.79595	-4.61517
386	2	1	12	88	2	1	5	-3.97049	-3.42648	-6.12827	-5.29071
387	9	2	4	62	4	5	6	-3.72789	-5.17851	-6.0112	-6.2785
388	2	4	1	2	7	1	5	-2.31707	-5.51554	-6.74595	-4.81325
389	2	1	5	3	2	3	5	-4.25952	-3.25101	-5.77299	-4.80461
390	7	21	5	62	4	61	44	-7.70104	-3.82973	-5.81706	-7.45946
391	1	2	215	4	90	24	8	-29.2677	-27.2073	-20.914	-21.8809
392	2	1	21	3	2	1	5	-2.95275	-2.48618	-4.67027	-4.44274
393	1	4	2	2	6	3	17	-4.7298	-2.44798	-4.80545	-5.5359
394	2	4	1	2	2	1	5	-2.78737	-3.63952	-4.25175	-4.05637
395	2	1	12	3	2	1	5	-2.64681	-2.11364	-3.79595	-4.61517
396	1	2	3	4	5	9	3	-4.71476	-2.48871	-3.68559	-4.89299
397	2	1	5	3	2	3	5	-4.25952	-3.25101	-5.77299	-4.80461
398	10	1	16	19	10	5	7	-6.4866	-2.74751	-4.29366	-5.19989
399	2	1	2	3	2	959	5	-7.60543	-9.92514	-10.9148	-9.44423
400	10	1	16	19	10	5	7	-6.4866	-2.74751	-4.29366	-5.19989
401	2	4	1	2	7	1	5	-2.31707	-5.51554	-6.74595	-4.81325
402	2	1	12	3	2	1	5	-2.64681	-2.11364	-3.79595	-4.61517
403	8	10	149	2	11	12	6	-4.90908	-3.96783	-5.84478	-6.92452
404	2	4	1	2	7	1	5	-2.31707	-5.51554	-6.74595	-4.81325
405	4	7	10	4	1	7	1	-1.82515	-3.79846	-2.63909	-1.94797
406	4	7	10	4	1	7	1	-1.82515	-3.79846	-2.63909	-1.94797
407	2	4	5	2	2	5	5	-3.68209	-6.87088	-7.49284	-5.70573
408	2	1	12	3	2	1	5	-2.64681	-2.11364	-3.79595	-4.61517
409	166	2	27	10	151	3	1	-31.1728	-30.8913	-25.6757	-25.4394
410	33	39	30	79	113	44	17	-26.4687	-24.0909	-25.5463	-26.2438
411	7	17	2	15	23	3	12	-6.91122	-10.1161	-11.6844	-9.64196
412	1	2	3	4	5	9	3	-4.71476	-2.48871	-3.68559	-4.89299
413	2	4	1	2	7	1	5	-2.31707	-5.51554	-6.74595	-4.81325
414	7	21	5	62	4	61	44	-7.70104	-3.82973	-5.81706	-7.45946
415	2	1	12	3	2	1	5	-2.64681	-2.11364	-3.79595	-4.61517
416	1	2	3	4	5	9	3	-4.71476	-2.48871	-3.68559	-4.89299
417	2	1	5	88	2	11	5	-9.1112	-5.35181	-6.0874	-8.06878
418	2	4	1	2	7	1	5	-2.31707	-5.51554	-6.74595	-4.81325
419	2	1	21	3	2	1	5	-2.95275	-2.48618	-4.67027	-4.44274
420	7	17	2	15	23	3	12	-6.91122	-10.1161	-11.6844	-9.64196
421	2	1	5	88	2	11	5	-9.1112	-5.35181	-6.0874	-8.06878
422	47	2	4	2	6	5	17	-11.0174	-11.9832	-6.18893	-8.34257
423	1	2	3	4	5	9	3	-4.71476	-2.48871	-3.68559	-4.89299
424	7	17	2	15	23	3	12	-6.91122	-10.1161	-11.6844	-9.64196
425	2	4	1	2	2	1	5	-2.78737	-3.63952	-4.25175	-4.05637
426	2	4	1	2	2	1	5	-2.78737	-3.63952	-4.25175	-4.05637
427	2	4	1	2	2	1	5	-2.78737	-3.63952	-4.25175	-4.05637
428	2	1	12	3	2	1	5	-2.64681	-2.11364	-3.79595	-4.61517
429	2	4	5	2	2	5	5	-3.68209	-6.87088	-7.49284	-5.70573
430	2	1	21	3	2	1	5	-2.95275	-2.48618	-4.67027	-4.44274
431	4	7	10	4	42	25	1	-8.22436	-10.484	-5.76986	-5.21395
432	1	4	2	2	6	3	17	-4.7298	-2.44798	-4.80545	-5.5359
433	1	2	215	4	923	24	8	-29.2677	-27.2073	-20.914	-21.8809
434	1	2	3	4	5	9	3	-4.71476	-2.48871	-3.68559	-4.89299
435	2	1	1	3	2	1	5	-4.64813	-3.78396	-6.87612	-6.95888
436	1	4	2	2	6	3	17	-4.7298	-2.44798	-4.80545	-5.5359
437	2	4	1	2	2	1	5	-2.78737	-3.63952	-4.25175	-4.05637
438	2	1	5	3	2	5	5	-5.69856	-2.83281	-4.17955	-5.48096
439	4	7	10	4	42	51	1	-2.93458	-4.61112	-5.01695	-3.79261
440	4	7	10	4	1	7	1	-1.82515	-3.79846	-2.63909	-1.94797
441	4	7	10	4	1	7	1	-1.82515	-3.79846	-2.63909	-1.94797
442	4	7	10	4	1	7	1	-1.82515	-3.79846	-2.63909	-1.94797
443	2	1	21	3	2	1	5	-2.95275	-2.48618	-4.67027	-4.44274
444	2	1	21	3	2	1	5	-2.95275	-2.48618	-4.67027	-4.44274
445	2	4	1	2	7	1	5	-2.31707	-5.51554	-6.74595	-4.81325
446	4	7	10	4	1	7	1	-1.82515	-3.79846	-2.63909	-1.94797
447	4	7	10	4	1	7	1	-1.82515	-3.79846	-2.63909	-1.94797
448	2	1	1	3	2	1	5	-4.64813	-3.78396	-6.87612	-6.95888
449	2	1	21	3	2	1	5	-2.95275	-2.48618	-4.67027	-4.44274
450	2	1	21	3	2	1	5	-2.95275	-2.48618	-4.67027	-4.44274
451	4	7	10	4	42	51	1	-2.93458	-4.61112	-5.01695	-3.79261
452	4	7	10	1	1	7	1	-5.27651	-8.44352	-6.00365	-6.07943
453	239	27	16	19	10	5	7	-10.3774	-6.46758	-9.62276	-10.6294
454	2	1	12	3	2	1	5	-2.64681	-2.11364	-3.79595	-4.61517
455	2	4	1	2	2	1	5	-2.78737	-3.63952	-4.25175	-4.05637
456	2	1	12	3	2	1	5	-2.64681	-2.11364	-3.79595	-4.61517
457	2	1	12	3	2	1	5	-2.64681	-2.11364	-3.79595	-4.61517
458	10	81	50	99	120	76	52	-6.641	-6.42448	-5.26483	-5.19376
459	47	2	4	2	6	5	17	-11.0174	-11.9832	-6.18893	-8.34257
460	2	4	1	3	2	1	5	-6.84748	-8.65676	-10.2537	-9.37422
461	4	7	10	4	1	7	1	-1.82515	-3.79846	-2.63909	-1.94797
462	2	1	1	380	2	1	5	-6.17992	-5.73042	-8.7987	-8.62013
463	2	4	1	2	7	1	5	-2.31707	-5.51554	-6.74595	-4.81325
464	2	1	12	88	2	1	5	-3.97049	-3.42648	-6.12827	-5.29071
465	7	71	5	62	11	67	1	-30.8566	-26.4962	-25.6173	-27.4761
466	2	4	1	2	7	1	5	-2.31707	-5.51554	-6.74595	-4.81325
467	4	7	10	4	1	7	1	-1.82515	-3.79846	-2.63909	-1.94797
468	2	1	1	380	2	1	5	-6.17992	-5.73042	-8.7987	-8.62013
469	2	4	1	2	2	1	5	-2.78737	-3.63952	-4.25175	-4.05637
470	2	1	12	3	2	1	5	-2.64681	-2.11364	-3.79595	-4.61517
471	1	14	2	2	6	1	17	-9.08244	-6.44911	-7.80589	-6.38105
472	1	2	4	62	4	5	17	-6.14216	-4.84422	-7.95589	-8.28535
473	4	7	10	4	1	7	1	-1.82515	-3.79846	-2.63909	-1.94797
474	2	1	21	3	2	1	5	-2.95275	-2.48618	-4.67027	-4.44274
475	2	4	1	2	2	1	5	-2.78737	-3.63952	-4.25175	-4.05637
476	1	4	2	2	6	3	17	-4.7298	-2.44798	-4.80545	-5.5359
477	4	7	10	4	1	7	1	-1.82515	-3.79846	-2.63909	-1.94797
478	10	2	107	62	120	76	1	-6.83144	-9.9527	-7.964	-6.35569
479	2	1	12	3	2	1	5	-2.64681	-2.11364	-3.79595	-4.61517
480	2	1	5	3	2	3	5	-4.25952	-3.25101	-5.77299	-4.80461
481	2	1	21	3	2	1	5	-2.95275	-2.48618	-4.67027	-4.44274
482	1	2	3	4	5	9	3	-4.71476	-2.48871	-3.68559	-4.89299
483	1	307	3	4	5	9	3	-6.86402	-6.43395	-6.14215	-8.02055
484	7	2	5	2	10	3	6	-31.8188	-27.7324	-29.2127	-28.0282
485	1	2	3	4	5	9	3	-4.71476	-2.48871	-3.68559	-4.89299
486	33	39	30	82	104	173	68	-5.43485	-3.97508	-7.09747	-7.50514
487	4	7	10	4	42	7	1	-6.49204	-9.33088	-5.54685	-4.69514
488	2	1	12	88	2	1	5	-3.97049	-3.42648	-6.12827	-5.29071
489	2	4	1	2	2	1	5	-2.78737	-3.63952	-4.25175	-4.05637
490	2	1	21	3	2	1	5	-2.95275	-2.48618	-4.67027	-4.44274
491	9	2	4	62	4	5	6	-3.72789	-5.17851	-6.0112	-6.2785
492	2	1	5	3	2	3	5	-4.25952	-3.25101	-5.77299	-4.80461
493	4	7	10	4	1	7	1	-1.82515	-3.79846	-2.63909	-1.94797
494	2	1	57	26	127	29	35	-6.8909	-9.96321	-6.18069	-8.08574
495	2	1	57	26	127	29	35	-6.8909	-9.96321	-6.18069	-8.08574
496	2	4	2	4	19	3	6	-5.80837	-9.00962	-10.5755	-8.53027
497	2	1	12	3	2	1	5	-2.64681	-2.11364	-3.79595	-4.61517
498	2	4	1	2	2	1	5	-2.78737	-3.63952	-4.25175	-4.05637
499	2	4	1	2	2	1	5	-2.78737	-3.63952	-4.25175	-4.05637
500	2	1	21	3	2	1	5	-2.95275	-2.48618	-4.67027	-4.44274
501	33	39	65	79	104	43	17	-4.60795	-7.81325	-9.38109	-7.33931
502	1	14	2	2	6	1	17	-9.08244	-6.44911	-7.80589	-6.38105
503	2	1	12	3	2	1	5	-2.64681	-2.11364	-3.79595	-4.61517
504	7	21	5	62	4	61	44	-7.70104	-3.82973	-5.81706	-7.45946
505	9	2	4	62	4	5	6	-3.72789	-5.17851	-6.0112	-6.2785
506	129	66	30	82	189	47	17	-3.25214	-4.85293	-5.71704	-4.14172
507	2	1	21	3	2	1	5	-2.95275	-2.48618	-4.67027	-4.44274
508	47	2	4	2	6	5	17	-11.0174	-11.9832	-6.18893	-8.34257
509	2	4	1	2	7	1	5	-2.31707	-5.51554	-6.74595	-4.81325
510	33	38	30	82	104	325	36	-14.2151	-9.86124	-12.1423	-13.5933
511	1	4	2	2	6	3	17	-4.7298	-2.44798	-4.80545	-5.5359
512	1	4	2	2	6	3	17	-4.7298	-2.44798	-4.80545	-5.5359
513	2	4	1	2	2	1	5	-2.78737	-3.63952	-4.25175	-4.05637
514	4	7	10	4	1	7	1	-1.82515	-3.79846	-2.63909	-1.94797
515	33	283	44	82	189	44	17	-7.23392	-3.47053	-5.59779	-6.03848
516	8	10	149	2	11	12	6	-4.90908	-3.96783	-5.84478	-6.92452
517	2	1	21	3	62	1	5	-5.80606	-8.99804	-10.5736	-8.53203
518	10	1	16	19	10	5	7	-6.4866	-2.74751	-4.29366	-5.19989
519	180	194	2	68	19	231	147	-24.4944	-25.4658	-22.6655	-22.8538
520	2	4	1	2	7	1	5	-2.31707	-5.51554	-6.74595	-4.81325
521	2	4	2	2	6	1	5	-6.12817	-4.83236	-6.02692	-7.61438
522	1	2	3	4	5	9	3	-4.71476	-2.48871	-3.68559	-4.89299
523	2	1	21	3	2	1	5	-2.95275	-2.48618	-4.67027	-4.44274
524	2	1	12	3	2	1	5	-2.64681	-2.11364	-3.79595	-4.61517
525	2	1	5	3	2	3	5	-4.25952	-3.25101	-5.77299	-4.80461
526	1	307	3	4	5	9	3	-6.86402	-6.43395	-6.14215	-8.02055
527	2	4	1	2	7	1	5	-2.31707	-5.51554	-6.74595	-4.81325
528	2	1	12	3	2	1	5	-2.64681	-2.11364	-3.79595	-4.61517
529	7	21	5	62	4	61	44	-7.70104	-3.82973	-5.81706	-7.45946
530	2	1	5	3	2	3	5	-4.25952	-3.25101	-5.77299	-4.80461
531	2	1	12	88	2	1	5	-3.97049	-3.42648	-6.12827	-5.29071
532	2	1	21	3	2	1	5	-2.95275	-2.48618	-4.67027	-4.44274
533	1	4	2	2	6	3	17	-4.7298	-2.44798	-4.80545	-5.5359
534	2	4	1	2	7	1	5	-2.31707	-5.51554	-6.74595	-4.81325
535	47	2	4	2	6	5	17	-11.0174	-11.9832	-6.18893	-8.34257
536	1	4	2	2	6	3	17	-4.7298	-2.44798	-4.80545	-5.5359
537	1	2	3	4	5	9	3	-4.71476	-2.48871	-3.68559	-4.89299
538	2	4	1	2	2	1	5	-2.78737	-3.63952	-4.25175	-4.05637
539	4	7	10	4	42	7	1	-6.49204	-9.33088	-5.54685	-4.69514
540	2	4	1	9	2	1	5	-6.6108	-7.03011	-6.77023	-7.01777
541	2	1	12	3	2	1	5	-2.64681	-2.11364	-3.79595	-4.61517
542	1	4	2	9	6	3	17	-8.55902	-5.78879	-7.30048	-8.48284
543	1	2	3	4	922	9	3	-8.55331	-5.88141	-6.2045	-7.85742
544	4	7	10	4	1	7	1	-1.82515	-3.79846	-2.63909	-1.94797
545	2	1	5	3	2	3	5	-4.25952	-3.25101	-5.77299	-4.80461
546	2	4	1	2	7	1	5	-2.31707	-5.51554	-6.74595	-4.81325
547	4	7	10	4	1	7	1	-1.82515	-3.79846	-2.63909	-1.94797
548	2	4	1	2	2	1	5	-2.78737	-3.63952	-4.25175	-4.05637
549	2	1	21	3	2	1	5	-2.95275	-2.48618	-4.67027	-4.44274
550	4	7	10	4	1	7	1	-1.82515	-3.79846	-2.63909	-1.94797
551	1	4	2	2	6	3	17	-4.7298	-2.44798	-4.80545	-5.5359
552	2	1	5	3	2	5	5	-5.69856	-2.83281	-4.17955	-5.48096
553	2	1	12	3	2	1	5	-2.64681	-2.11364	-3.79595	-4.61517
554	4	936	10	4	1	7	1	-5.65841	-7.18851	-5.13103	-4.91443
555	180	194	2	68	19	231	147	-24.4944	-25.4658	-22.6655	-22.8538
556	4	7	10	4	42	51	1	-2.93458	-4.61112	-5.01695	-3.79261
557	4	7	10	4	42	25	1	-8.22436	-10.484	-5.76986	-5.21395
558	2	1	21	3	2	1	5	-2.95275	-2.48618	-4.67027	-4.44274
559	2	1	5	3	2	3	5	-4.25952	-3.25101	-5.77299	-4.80461
560	2	1	5	3	2	3	5	-4.25952	-3.25101	-5.77299	-4.80461
561	4	7	10	4	42	51	1	-2.93458	-4.61112	-5.01695	-3.79261
562	4	7	10	4	1	7	1	-1.82515	-3.79846	-2.63909	-1.94797
563	2	4	1	2	7	1	5	-2.31707	-5.51554	-6.74595	-4.81325
564	2	1	21	3	2	1	5	-2.95275	-2.48618	-4.67027	-4.44274
565	1	4	2	2	6	3	17	-4.7298	-2.44798	-4.80545	-5.5359
566	188	313	5	2	89	5	6	-40.513	-35.512	-37.7117	-39.1911
567	2	1	21	3	2	1	5	-2.95275	-2.48618	-4.67027	-4.44274
568	2	1	1	3	2	1	5	-4.64813	-3.78396	-6.87612	-6.95888
569	2	1	5	3	2	3	5	-4.25952	-3.25101	-5.77299	-4.80461
570	2	4	1	2	2	1	5	-2.78737	-3.63952	-4.25175	-4.05637
571	2	1	5	3	2	3	5	-4.25952	-3.25101	-5.77299	-4.80461
572	2	1	1	3	2	1	5	-4.64813	-3.78396	-6.87612	-6.95888
573	2	1	5	3	2	3	5	-4.25952	-3.25101	-5.77299	-4.80461
574	1	4	2	2	6	3	17	-4.7298	-2.44798	-4.80545	-5.5359
575	1	4	2	2	6	3	17	-4.7298	-2.44798	-4.80545	-5.5359
576	2	1	21	3	2	1	5	-2.95275	-2.48618	-4.67027	-4.44274
577	239	27	16	19	10	5	7	-10.3774	-6.46758	-9.62276	-10.6294
578	2	4	5	2	2	5	5	-3.68209	-6.87088	-7.49284	-5.70573
579	9	2	4	62	4	5	6	-3.72789	-5.17851	-6.0112	-6.2785
580	2	1	1	3	2	1	5	-4.64813	-3.78396	-6.87612	-6.95888
581	2	1	5	3	2	3	5	-4.25952	-3.25101	-5.77299	-4.80461
582	1	4	2	2	6	3	17	-4.7298	-2.44798	-4.80545	-5.5359
583	2	4	5	2	2	5	5	-3.68209	-6.87088	-7.49284	-5.70573
584	2	4	5	2	2	5	5	-3.68209	-6.87088	-7.49284	-5.70573
585	2	1	5	3	2	3	5	-4.25952	-3.25101	-5.77299	-4.80461
586	2	1	1	380	2	1	5	-6.17992	-5.73042	-8.7987	-8.62013
587	2	7	10	4	1	7	1	-6.61942	-8.82871	-8.09211	-7.03935
588	2	1	12	3	2	1	5	-2.64681	-2.11364	-3.79595	-4.61517
589	2	4	1	2	2	1	5	-2.78737	-3.63952	-4.25175	-4.05637
590	9	2	4	62	4	5	6	-3.72789	-5.17851	-6.0112	-6.2785
591	2	4	5	2	2	5	5	-3.68209	-6.87088	-7.49284	-5.70573
592	1	4	2	2	6	3	17	-4.7298	-2.44798	-4.80545	-5.5359
593	1	4	2	2	6	5	17	-13.0044	-8.87344	-11.6561	-13.3904
594	2	4	2	2	6	1	5	-6.12817	-4.83236	-6.02692	-7.61438
595	1	4	2	2	6	5	17	-13.0044	-8.87344	-11.6561	-13.3904
596	2	23	21	3	2	1	5	-6.79216	-5.88278	-7.19096	-7.40907
597	7	21	5	62	4	61	44	-7.70104	-3.82973	-5.81706	-7.45946
598	2	4	1	2	2	1	5	-2.78737	-3.63952	-4.25175	-4.05637
599	1	307	3	4	5	9	3	-6.86402	-6.43395	-6.14215	-8.02055
600	1	2	3	4	5	9	3	-4.71476	-2.48871	-3.68559	-4.89299
601	9	2	4	62	4	5	6	-3.72789	-5.17851	-6.0112	-6.2785
602	2	1	12	3	2	1	5	-2.64681	-2.11364	-3.79595	-4.61517
603	1	4	2	2	6	3	17	-4.7298	-2.44798	-4.80545	-5.5359
604	10	1	16	19	10	5	7	-6.4866	-2.74751	-4.29366	-5.19989
605	2	1	12	3	2	1	5	-2.64681	-2.11364	-3.79595	-4.61517
606	180	194	2	68	19	231	147	-24.4944	-25.4658	-22.6655	-22.8538
607	2	1	12	3	2	1	5	-2.64681	-2.11364	-3.79595	-4.61517
608	4	7	10	4	1	7	1	-1.82515	-3.79846	-2.63909	-1.94797
609	129	66	30	82	189	47	17	-3.25214	-4.85293	-5.71704	-4.14172
610	4	7	10	4	1	7	1	-1.82515	-3.79846	-2.63909	-1.94797
611	2	1	12	3	2	1	5	-2.64681	-2.11364	-3.79595	-4.61517
612	2	1	21	3	2	1	5	-2.95275	-2.48618	-4.67027	-4.44274
613	4	7	10	4	1	7	1	-1.82515	-3.79846	-2.63909	-1.94797
614	10	1	16	19	10	5	7	-6.4866	-2.74751	-4.29366	-5.19989
615	8	10	149	2	11	12	6	-4.90908	-3.96783	-5.84478	-6.92452
616	129	66	30	82	189	47	17	-3.25214	-4.85293	-5.71704	-4.14172
617	2	4	1	2	2	1	5	-2.78737	-3.63952	-4.25175	-4.05637
618	180	194	2	68	19	231	147	-24.4944	-25.4658	-22.6655	-22.8538
619	2	1	5	3	2	3	5	-4.25952	-3.25101	-5.77299	-4.80461
620	2	4	1	2	2	1	5	-2.78737	-3.63952	-4.25175	-4.05637
621	1	2	3	4	5	9	3	-4.71476	-2.48871	-3.68559	-4.89299
622	180	194	2	68	19	231	147	-24.4944	-25.4658	-22.6655	-22.8538
623	33	39	65	79	104	43	17	-4.60795	-7.81325	-9.38109	-7.33931
624	2	4	5	2	2	5	5	-3.68209	-6.87088	-7.49284	-5.70573
625	2	1	5	3	2	5	5	-5.69856	-2.83281	-4.17955	-5.48096
626	2	1	12	3	2	1	5	-2.64681	-2.11364	-3.79595	-4.61517
627	180	194	2	68	19	231	147	-24.4944	-25.4658	-22.6655	-22.8538
628	2	1	21	3	2	1	5	-2.95275	-2.48618	-4.67027	-4.44274
629	2	1	5	3	2	5	5	-5.69856	-2.83281	-4.17955	-5.48096
630	2	1	21	3	2	1	5	-2.95275	-2.48618	-4.67027	-4.44274
631	1	2	3	4	5	9	3	-4.71476	-2.48871	-3.68559	-4.89299
632	2	1	21	3	2	1	5	-2.95275	-2.48618	-4.67027	-4.44274
633	8	10	2	2	11	12	6	-3.96474	-7.13232	-8.72886	-6.69532
634	2	4	1	2	7	1	5	-2.31707	-5.51554	-6.74595	-4.81325
635	2	1	5	3	2	3	5	-4.25952	-3.25101	-5.77299	-4.80461
636	1	2	3	4	5	9	3	-4.71476	-2.48871	-3.68559	-4.89299
637	9	2	4	62	4	5	6	-3.72789	-5.17851	-6.0112	-6.2785
638	2	1	21	3	2	1	5	-2.95275	-2.48618	-4.67027	-4.44274
639	8	10	149	2	11	12	6	-4.90908	-3.96783	-5.84478	-6.92452
640	2	1	12	88	2	1	5	-3.97049	-3.42648	-6.12827	-5.29071
641	2	4	1	2	2	1	5	-2.78737	-3.63952	-4.25175	-4.05637
642	2	1	5	10	10	1	5	-23.6978	-23.6006	-22.8032	-22.9714
643	1	2	3	4	5	9	3	-4.71476	-2.48871	-3.68559	-4.89299
644	2	4	1	2	7	1	5	-2.31707	-5.51554	-6.74595	-4.81325
645	2	4	1	2	2	1	5	-2.78737	-3.63952	-4.25175	-4.05637
646	1	2	3	4	5	9	3	-4.71476	-2.48871	-3.68559	-4.89299
647	2	1	12	88	2	1	5	-3.97049	-3.42648	-6.12827	-5.29071
648	4	7	10	4	1	7	1	-1.82515	-3.79846	-2.63909	-1.94797
649	2	1	21	3	2	1	5	-2.95275	-2.48618	-4.67027	-4.44274
650	2	4	1	2	7	1	5	-2.31707	-5.51554	-6.74595	-4.81325
651	33	38	30	82	118	43	17	-20.4155	-18.7741	-22.482	-21.6543
652	2	4	1	2	2	1	5	-2.78737	-3.63952	-4.25175	-4.05637
653	2	1	5	3	2	3	5	-4.25952	-3.25101	-5.77299	-4.80461
654	4	7	10	4	1	7	1	-1.82515	-3.79846	-2.63909	-1.94797
655	8	10	2	2	11	12	6	-3.96474	-7.13232	-8.72886	-6.69532
656	2	4	5	2	2	5	5	-3.68209	-6.87088	-7.49284	-5.70573
657	4	7	10	4	1	7	1	-1.82515	-3.79846	-2.63909	-1.94797
658	2	1	5	3	2	3	5	-4.25952	-3.25101	-5.77299	-4.80461
659	33	39	30	82	113	47	17	-5.7909	-5.73547	-8.75355	-8.31982
660	2	1	21	3	2	1	5	-2.95275	-2.48618	-4.67027	-4.44274
661	2	4	1	2	7	1	5	-2.31707	-5.51554	-6.74595	-4.81325
662	2	1	1	3	2	1	5	-4.64813	-3.78396	-6.87612	-6.95888
663	4	7	10	4	1	7	1	-1.82515	-3.79846	-2.63909	-1.94797
664	7	21	5	62	4	61	44	-7.70104	-3.82973	-5.81706	-7.45946
665	10	81	50	99	120	76	52	-6.641	-6.42448	-5.26483	-5.19376
666	4	7	10	4	1	7	1	-1.82515	-3.79846	-2.63909	-1.94797
667	1	2	3	4	5	9	3	-4.71476	-2.48871	-3.68559	-4.89299
668	1	2	3	4	5	9	3	-4.71476	-2.48871	-3.68559	-4.89299
669	2	4	1	2	7	1	5	-2.31707	-5.51554	-6.74595	-4.81325
670	4	7	10	4	1	7	1	-1.82515	-3.79846	-2.63909	-1.94797
671	2	1	5	3	2	3	5	-4.25952	-3.25101	-5.77299	-4.80461
672	1	4	2	2	6	3	17	-4.7298	-2.44798	-4.80545	-5.5359
673	4	935	10	4	1	7	1	-5.65841	-7.18851	-5.13103	-4.91443
674	10	1	16	19	10	5	7	-6.4866	-2.74751	-4.29366	-5.19989
675	4	7	10	4	1	7	1	-1.82515	-3.79846	-2.63909	-1.94797
676	33	39	65	79	104	43	17	-4.60795	-7.81325	-9.38109	-7.33931
677	2	4	2	2	6	1	5	-6.12817	-4.83236	-6.02692	-7.61438
678	4	7	10	4	42	25	1	-8.22436	-10.484	-5.76986	-5.21395
679	1	4	2	2	6	3	17	-4.7298	-2.44798	-4.80545	-5.5359
680	4	7	10	4	42	25	1	-8.22436	-10.484	-5.76986	-5.21395
681	4	7	10	4	42	25	1	-8.22436	-10.484	-5.76986	-5.21395
682	4	7	10	4	1	7	1	-1.82515	-3.79846	-2.63909	-1.94797
683	2	4	1	2	7	1	5	-2.31707	-5.51554	-6.74595	-4.81325
684	4	7	10	4	1	7	1	-1.82515	-3.79846	-2.63909	-1.94797
685	4	7	10	4	42	7	1	-6.49204	-9.33088	-5.54685	-4.69514
686	10	27	16	19	10	5	7	-20.8253	-12.9607	-16.3911	-17.5378
687	10	81	50	99	120	76	52	-6.641	-6.42448	-5.26483	-5.19376
688	4	7	10	4	1	7	1	-1.82515	-3.79846	-2.63909	-1.94797
689	4	7	10	4	42	51	1	-2.93458	-4.61112	-5.01695	-3.79261
690	4	7	10	4	1	7	1	-1.82515	-3.79846	-2.63909	-1.94797
691	10	81	50	99	120	76	52	-6.641	-6.42448	-5.26483	-5.19376
692	2	4	1	2	2	1	5	-2.78737	-3.63952	-4.25175	-4.05637
693	4	7	10	4	42	51	1	-2.93458	-4.61112	-5.01695	-3.79261
694	4	7	10	4	42	51	1	-2.93458	-4.61112	-5.01695	-3.79261
695	4	7	10	4	42	51	1	-2.93458	-4.61112	-5.01695	-3.79261
696	8	10	2	2	11	12	6	-3.96474	-7.13232	-8.72886	-6.69532
697	33	38	30	82	104	43	17	-5.30097	-8.50541	-10.0704	-8.02889
698	4	7	10	4	1	7	1	-1.82515	-3.79846	-2.63909	-1.94797
699	10	81	50	99	120	76	52	-6.641	-6.42448	-5.26483	-5.19376
700	2	4	1	2	7	1	5	-2.31707	-5.51554	-6.74595	-4.81325
701	4	7	10	4	1	7	1	-1.82515	-3.79846	-2.63909	-1.94797
702	4	7	10	4	1	7	1	-1.82515	-3.79846	-2.63909	-1.94797
703	10	81	50	99	120	76	52	-6.641	-6.42448	-5.26483	-5.19376
704	4	7	10	4	42	51	1	-2.93458	-4.61112	-5.01695	-3.79261
705	9	2	4	62	4	5	6	-3.72789	-5.17851	-6.0112	-6.2785
706	4	7	10	4	1	7	1	-1.82515	-3.79846	-2.63909	-1.94797
707	2	1	1	3	2	1	5	-4.64813	-3.78396	-6.87612	-6.95888
708	1	14	2	2	6	1	17	-9.08244	-6.44911	-7.80589	-6.38105
709	2	4	2	2	6	1	5	-6.12817	-4.83236	-6.02692	-7.61438
710	2	4	2	2	6	1	5	-6.12817	-4.83236	-6.02692	-7.61438
711	4	7	10	4	42	51	1	-2.93458	-4.61112	-5.01695	-3.79261
712	10	2	107	62	120	76	1	-6.83144	-9.9527	-7.964	-6.35569
713	2	1	12	3	2	1	5	-2.64681	-2.11364	-3.79595	-4.61517
714	2	4	1	2	2	1	5	-2.78737	-3.63952	-4.25175	-4.05637
715	47	2	4	2	6	5	17	-11.0174	-11.9832	-6.18893	-8.34257
716	4	7	10	4	42	5	1	-11.177	-11.0235	-11.1519	-11.1569
717	2	1	12	3	2	1	5	-2.64681	-2.11364	-3.79595	-4.61517
718	4	7	10	4	42	51	1	-2.93458	-4.61112	-5.01695	-3.79261
719	1	307	3	4	5	9	3	-6.86402	-6.43395	-6.14215	-8.02055
720	2	1	21	3	2	1	5	-2.95275	-2.48618	-4.67027	-4.44274
721	4	7	10	4	1	7	1	-1.82515	-3.79846	-2.63909	-1.94797
722	2	4	1	2	2	1	5	-2.78737	-3.63952	-4.25175	-4.05637
723	2	1	12	3	2	1	5	-2.64681	-2.11364	-3.79595	-4.61517
724	4	7	10	4	1	7	1	-1.82515	-3.79846	-2.63909	-1.94797
725	2	1	21	3	2	1	5	-2.95275	-2.48618	-4.67027	-4.44274
726	2	1	1	3	2	1	5	-4.64813	-3.78396	-6.87612	-6.95888
727	4	7	10	4	1	7	1	-1.82515	-3.79846	-2.63909	-1.94797
728	2	1	12	3	2	1	5	-2.64681	-2.11364	-3.79595	-4.61517
729	1	4	3	2	6	3	17	-14.7484	-9.36316	-11.8824	-13.8794
730	2	1	12	3	2	1	5	-2.64681	-2.11364	-3.79595	-4.61517
731	2	1	12	88	2	1	5	-3.97049	-3.42648	-6.12827	-5.29071
732	1	4	2	2	6	3	17	-4.7298	-2.44798	-4.80545	-5.5359
733	4	7	10	4	42	51	1	-2.93458	-4.61112	-5.01695	-3.79261
734	2	1	12	3	2	1	5	-2.64681	-2.11364	-3.79595	-4.61517
735	4	7	10	4	1	7	1	-1.82515	-3.79846	-2.63909	-1.94797
736	2	1	12	88	2	1	5	-3.97049	-3.42648	-6.12827	-5.29071
737	2	1	21	3	2	1	5	-2.95275	-2.48618	-4.67027	-4.44274
738	2	4	5	2	2	5	5	-3.68209	-6.87088	-7.49284	-5.70573
739	2	4	5	2	2	5	5	-3.68209	-6.87088	-7.49284	-5.70573
740	2	1	21	3	62	1	5	-5.80606	-8.99804	-10.5736	-8.53203
741	4	7	10	4	42	25	1	-8.22436	-10.484	-5.76986	-5.21395
742	1	2	4	62	4	5	17	-6.14216	-4.84422	-7.95589	-8.28535
743	1	2	3	4	5	9	3	-4.71476	-2.48871	-3.68559	-4.89299
744	8	10	2	2	11	12	6	-3.96474	-7.13232	-8.72886	-6.69532
745	2	1	12	88	2	1	5	-3.97049	-3.42648	-6.12827	-5.29071
746	2	4	5	2	2	5	5	-3.68209	-6.87088	-7.49284	-5.70573
747	2	1	12	3	2	1	5	-2.64681	-2.11364	-3.79595	-4.61517
748	7	21	5	62	4	61	44	-7.70104	-3.82973	-5.81706	-7.45946
749	9	2	4	62	4	5	6	-3.72789	-5.17851	-6.0112	-6.2785
750	10	1	16	19	10	5	7	-6.4866	-2.74751	-4.29366	-5.19989
751	10	1	16	19	10	5	7	-6.4866	-2.74751	-4.29366	-5.19989
752	8	10	2	2	11	12	6	-3.96474	-7.13232	-8.72886	-6.69532
753	1	4	2	2	6	3	17	-4.7298	-2.44798	-4.80545	-5.5359
754	2	1	12	3	2	1	5	-2.64681	-2.11364	-3.79595	-4.61517
755	2	1	12	88	2	1	5	-3.97049	-3.42648	-6.12827	-5.29071
756	2	29	4	27	10	25	57	-19.2428	-23.3328	-14.291	-12.0068
757	2	1	5	3	2	3	5	-4.25952	-3.25101	-5.77299	-4.80461
758	2	1	12	3	2	1	5	-2.64681	-2.11364	-3.79595	-4.61517
759	37	52	57	26	107	29	23	-7.97319	-10.2609	-5.67998	-4.96183
760	2	4	1	2	7	1	5	-2.31707	-5.51554	-6.74595	-4.81325
761	1	2	3	4	5	9	3	-4.71476	-2.48871	-3.68559	-4.89299
762	2	1	12	3	2	1	5	-2.64681	-2.11364	-3.79595	-4.61517
763	1	4	2	2	6	3	17	-4.7298	-2.44798	-4.80545	-5.5359
764	1	4	2	2	6	3	17	-4.7298	-2.44798	-4.80545	-5.5359
765	1	2	3	4	5	9	3	-4.71476	-2.48871	-3.68559	-4.89299
766	4	7	10	4	1	7	1	-1.82515	-3.79846	-2.63909	-1.94797
767	2	1	21	3	2	1	5	-2.95275	-2.48618	-4.67027	-4.44274
768	2	1	12	3	2	1	5	-2.64681	-2.11364	-3.79595	-4.61517
769	2	4	1	2	2	5	5	-6.8396	-6.40065	-9.30762	-9.21936
770	2	4	1	2	2	1	5	-2.78737	-3.63952	-4.25175	-4.05637
771	2	4	5	2	2	5	5	-3.68209	-6.87088	-7.49284	-5.70573
772	10	1	16	19	10	5	7	-6.4866	-2.74751	-4.29366	-5.19989
773	7	21	5	62	4	61	44	-7.70104	-3.82973	-5.81706	-7.45946
774	9	2	4	62	4	5	6	-3.72789	-5.17851	-6.0112	-6.2785
775	2	1	12	3	2	1	5	-2.64681	-2.11364	-3.79595	-4.61517
776	1	4	2	2	6	3	17	-4.7298	-2.44798	-4.80545	-5.5359
777	4	7	10	4	1	7	1	-1.82515	-3.79846	-2.63909	-1.94797
778	2	1	12	3	2	1	5	-2.64681	-2.11364	-3.79595	-4.61517
779	2	1	5	3	2	5	5	-5.69856	-2.83281	-4.17955	-5.48096
780	2	23	21	3	2	1	5	-6.79216	-5.88278	-7.19096	-7.40907
781	2	4	5	2	2	5	5	-3.68209	-6.87088	-7.49284	-5.70573
782	2	4	2	2	6	1	5	-6.12817	-4.83236	-6.02692	-7.61438
783	2	1	12	3	2	1	5	-2.64681	-2.11364	-3.79595	-4.61517
784	4	7	10	4	42	51	1	-2.93458	-4.61112	-5.01695	-3.79261
785	7	17	5	2	86	232	1	-28.7056	-31.1889	-27.1608	-25.8979
786	2	4	1	2	2	1	5	-2.78737	-3.63952	-4.25175	-4.05637
787	2	1	12	3	2	1	5	-2.64681	-2.11364	-3.79595	-4.61517
788	2	1	21	3	2	1	5	-2.95275	-2.48618	-4.67027	-4.44274
789	7	17	2	15	23	3	12	-6.91122	-10.1161	-11.6844	-9.64196
790	2	1	5	3	2	5	5	-5.69856	-2.83281	-4.17955	-5.48096
791	1	6	60	24	12	28	1	-28.6442	-29.5374	-18.6597	-20.742
792	1	2	3	4	5	9	3	-4.71476	-2.48871	-3.68559	-4.89299
793	2	4	5	2	2	5	5	-3.68209	-6.87088	-7.49284	-5.70573
794	1	2	3	4	5	9	3	-4.71476	-2.48871	-3.68559	-4.89299
795	1	6	60	24	12	28	1	-28.6442	-29.5374	-18.6597	-20.742
796	9	2	4	62	4	5	6	-3.72789	-5.17851	-6.0112	-6.2785
797	2	4	1	2	2	1	5	-2.78737	-3.63952	-4.25175	-4.05637
798	4	7	10	4	1	7	1	-1.82515	-3.79846	-2.63909	-1.94797
799	2	4	5	2	2	5	5	-3.68209	-6.87088	-7.49284	-5.70573
800	7	2	2	2	11	12	6	-4.51135	-7.7159	-9.28366	-7.24157
801	2	1	21	3	2	1	941	-6.79245	-5.86372	-7.18367	-7.40677
802	9	2	2	10	10	3	5	-30.2644	-25.5488	-25.8017	-24.9837
803	8	10	149	2	11	12	6	-4.90908	-3.96783	-5.84478	-6.92452
804	7	1	5	2	10	3	6	-32.801	-29.5709	-29.7686	-28.4967
805	2	1	21	3	2	1	5	-2.95275	-2.48618	-4.67027	-4.44274
806	33	39	30	82	113	43	17	-9.86563	-6.46068	-6.16127	-8.24786
807	1	6	60	24	12	28	1	-28.6442	-29.5374	-18.6597	-20.742
808	1	6	60	24	12	28	1	-28.6442	-29.5374	-18.6597	-20.742
809	7	17	2	15	23	3	12	-6.91122	-10.1161	-11.6844	-9.64196
810	1	4	2	2	6	3	17	-4.7298	-2.44798	-4.80545	-5.5359
811	1	4	2	2	6	3	17	-4.7298	-2.44798	-4.80545	-5.5359
812	7	21	5	62	4	61	44	-7.70104	-3.82973	-5.81706	-7.45946
813	239	27	16	19	10	5	7	-10.3774	-6.46758	-9.62276	-10.6294
814	9	2	4	62	4	5	6	-3.72789	-5.17851	-6.0112	-6.2785
815	10	1	16	19	10	5	7	-6.4866	-2.74751	-4.29366	-5.19989
816	2	1	5	3	2	5	5	-5.69856	-2.83281	-4.17955	-5.48096
817	2	4	5	2	2	5	5	-3.68209	-6.87088	-7.49284	-5.70573
818	8	10	2	2	11	12	6	-3.96474	-7.13232	-8.72886	-6.69532
819	7	17	2	15	23	3	12	-6.91122	-10.1161	-11.6844	-9.64196
820	2	4	1	4	1	1	5	-15.7573	-18.2094	-15.6039	-14.604
821	4	7	10	4	1	7	1	-1.82515	-3.79846	-2.63909	-1.94797
822	8	10	149	2	11	12	6	-4.90908	-3.96783	-5.84478	-6.92452
823	2	1	12	88	2	1	5	-3.97049	-3.42648	-6.12827	-5.29071
824	2	4	2	2	6	1	5	-6.12817	-4.83236	-6.02692	-7.61438
825	10	81	50	99	120	76	52	-6.641	-6.42448	-5.26483	-5.19376
826	2	4	5	2	2	5	5	-3.68209	-6.87088	-7.49284	-5.70573
827	2	4	1	2	2	5	5	-6.8396	-6.40065	-9.30762	-9.21936
828	8	10	149	2	11	12	6	-4.90908	-3.96783	-5.84478	-6.92452
829	1	4	2	2	6	3	17	-4.7298	-2.44798	-4.80545	-5.5359
830	2	165	73	147	220	190	104	-8.30795	-10.7391	-6.89175	-5.29613
831	4	7	10	4	42	25	1	-8.22436	-10.484	-5.76986	-5.21395
832	7	2	2	2	11	12	6	-4.51135	-7.7159	-9.28366	-7.24157
833	1	6	60	24	12	28	1	-28.6442	-29.5374	-18.6597	-20.742
834	2	1	12	3	2	1	5	-2.64681	-2.11364	-3.79595	-4.61517
835	33	39	65	79	104	77	17	-5.30091	-8.5058	-10.0744	-8.03231
836	4	7	10	4	1	7	1	-1.82515	-3.79846	-2.63909	-1.94797
837	1	2	3	4	5	9	3	-4.71476	-2.48871	-3.68559	-4.89299
838	2	1	21	3	2	1	5	-2.95275	-2.48618	-4.67027	-4.44274
839	2	1	12	3	2	1	5	-2.64681	-2.11364	-3.79595	-4.61517
840	4	7	10	4	1	7	1	-1.82515	-3.79846	-2.63909	-1.94797
841	2	4	1	2	7	1	5	-2.31707	-5.51554	-6.74595	-4.81325
842	184	39	30	82	113	43	17	-3.96424	-6.06571	-8.39318	-6.67741
843	4	7	10	4	1	7	1	-1.82515	-3.79846	-2.63909	-1.94797
844	2	4	1	2	2	1	5	-2.78737	-3.63952	-4.25175	-4.05637
845	4	7	10	4	1	7	1	-1.82515	-3.79846	-2.63909	-1.94797
846	2	1	12	88	2	1	5	-3.97049	-3.42648	-6.12827	-5.29071
847	2	1	21	3	2	1	5	-2.95275	-2.48618	-4.67027	-4.44274
848	1	2	3	4	5	9	3	-4.71476	-2.48871	-3.68559	-4.89299
849	4	7	10	4	1	7	1	-1.82515	-3.79846	-2.63909	-1.94797
850	2	1	21	3	2	1	5	-2.95275	-2.48618	-4.67027	-4.44274
851	8	10	2	2	11	12	6	-3.96474	-7.13232	-8.72886	-6.69532
852	2	4	1	2	2	1	5	-2.78737	-3.63952	-4.25175	-4.05637
853	2	4	1	2	2	1	5	-2.78737	-3.63952	-4.25175	-4.05637
854	2	4	2	2	6	1	5	-6.12817	-4.83236	-6.02692	-7.61438
855	2	4	1	2	2	1	5	-2.78737	-3.63952	-4.25175	-4.05637
856	2	4	1	2	2	1	5	-2.78737	-3.63952	-4.25175	-4.05637
857	2	4	1	2	2	1	5	-2.78737	-3.63952	-4.25175	-4.05637
858	1	2	3	4	5	9	3	-4.71476	-2.48871	-3.68559	-4.89299
859	2	4	1	2	2	1	5	-2.78737	-3.63952	-4.25175	-4.05637
860	2	4	1	2	2	1	5	-2.78737	-3.63952	-4.25175	-4.05637
861	8	10	2	2	11	12	6	-3.96474	-7.13232	-8.72886	-6.69532
862	2	1	5	3	2	3	5	-4.25952	-3.25101	-5.77299	-4.80461
863	33	39	30	82	104	173	68	-5.43485	-3.97508	-7.09747	-7.50514
864	2	4	1	2	7	1	5	-2.31707	-5.51554	-6.74595	-4.81325
865	8	10	2	2	11	12	6	-3.96474	-7.13232	-8.72886	-6.69532
866	2	4	1	2	7	1	5	-2.31707	-5.51554	-6.74595	-4.81325
867	1	2	3	4	5	9	3	-4.71476	-2.48871	-3.68559	-4.89299
868	1	2	215	4	90	24	8	-29.2677	-27.2073	-20.914	-21.8809
869	2	1	1	3	2	1	5	-4.64813	-3.78396	-6.87612	-6.95888
870	10	81	50	99	120	76	52	-6.641	-6.42448	-5.26483	-5.19376
871	2	4	1	2	7	1	5	-2.31707	-5.51554	-6.74595	-4.81325
872	2	1	12	3	2	1	5	-2.64681	-2.11364	-3.79595	-4.61517
873	2	4	1	2	2	1	5	-2.78737	-3.63952	-4.25175	-4.05637
874	2	4	1	2	2	1	5	-2.78737	-3.63952	-4.25175	-4.05637
875	2	4	1	2	2	1	5	-2.78737	-3.63952	-4.25175	-4.05637
876	2	1	5	3	2	3	5	-4.25952	-3.25101	-5.77299	-4.80461
877	2	4	1	2	2	1	5	-2.78737	-3.63952	-4.25175	-4.05637
878	4	7	10	4	1	7	1	-1.82515	-3.79846	-2.63909	-1.94797
879	2	4	1	2	7	1	5	-2.31707	-5.51554	-6.74595	-4.81325
880	2	4	5	2	2	5	5	-3.68209	-6.87088	-7.49284	-5.70573
881	2	4	1	2	2	1	5	-2.78737	-3.63952	-4.25175	-4.05637
882	8	10	2	2	11	12	6	-3.96474	-7.13232	-8.72886	-6.69532
883	4	7	10	4	1	7	1	-1.82515	-3.79846	-2.63909	-1.94797
884	2	4	1	2	2	1	5	-2.78737	-3.63952	-4.25175	-4.05637
885	166	2	1	10	17	3	1	-34.4584	-34.8353	-30.7411	-29.7768
886	2	4	1	2	7	1	5	-2.31707	-5.51554	-6.74595	-4.81325
887	2	4	1	2	2	1	5	-2.78737	-3.63952	-4.25175	-4.05637
888	4	7	10	4	1	7	1	-1.82515	-3.79846	-2.63909	-1.94797
889	4	7	10	4	1	7	1	-1.82515	-3.79846	-2.63909	-1.94797
890	2	4	1	2	7	1	5	-2.31707	-5.51554	-6.74595	-4.81325
891	2	4	1	2	2	1	5	-2.78737	-3.63952	-4.25175	-4.05637
892	2	1	5	3	2	3	5	-4.25952	-3.25101	-5.77299	-4.80461
893	9	25	2	10	22	3	6	-4.46163	-7.60842	-6.00838	-4.39194
894	2	1	21	3	62	1	5	-5.80606	-8.99804	-10.5736	-8.53203
895	129	66	30	82	189	47	17	-3.25214	-4.85293	-5.71704	-4.14172
896	129	66	30	82	189	47	17	-3.25214	-4.85293	-5.71704	-4.14172
897	4	7	10	4	1	7	1	-1.82515	-3.79846	-2.63909	-1.94797
898	2	4	1	2	2	1	5	-2.78737	-3.63952	-4.25175	-4.05637
899	4	7	10	4	42	7	1	-6.49204	-9.33088	-5.54685	-4.69514
900	2	4	1	2	7	1	5	-2.31707	-5.51554	-6.74595	-4.81325
901	1	307	3	4	5	9	3	-6.86402	-6.43395	-6.14215	-8.02055
902	2	1	21	3	2	1	5	-2.95275	-2.48618	-4.67027	-4.44274
903	4	7	10	4	1	7	1	-1.82515	-3.79846	-2.63909	-1.94797
904	2	1	21	3	2	1	5	-2.95275	-2.48618	-4.67027	-4.44274
905	2	4	1	2	2	5	5	-6.8396	-6.40065	-9.30762	-9.21936
906	2	4	1	2	7	1	5	-2.31707	-5.51554	-6.74595	-4.81325
907	2	4	1	2	7	1	5	-2.31707	-5.51554	-6.74595	-4.81325
908	2	4	1	2	7	1	5	-2.31707	-5.51554	-6.74595	-4.81325
909	4	7	10	4	1	7	1	-1.82515	-3.79846	-2.63909	-1.94797
910	8	10	2	2	11	12	6	-3.96474	-7.13232	-8.72886	-6.69532
911	7	21	5	62	4	61	44	-7.70104	-3.82973	-5.81706	-7.45946
912	2	1	12	88	2	1	5	-3.97049	-3.42648	-6.12827	-5.29071
913	2	4	1	2	2	1	5	-2.78737	-3.63952	-4.25175	-4.05637
914	1	2	3	4	5	9	3	-4.71476	-2.48871	-3.68559	-4.89299
915	2	4	1	2	7	1	5	-2.31707	-5.51554	-6.74595	-4.81325
916	2	4	1	2	2	1	5	-2.78737	-3.63952	-4.25175	-4.05637
917	2	4	1	2	2	1	5	-2.78737	-3.63952	-4.25175	-4.05637
918	2	4	1	2	7	1	5	-2.31707	-5.51554	-6.74595	-4.81325
919	4	7	10	4	1	7	1	-1.82515	-3.79846	-2.63909	-1.94797
920	2	1	5	3	2	3	5	-4.25952	-3.25101	-5.77299	-4.80461
921	2	4	1	2	7	1	5	-2.31707	-5.51554	-6.74595	-4.81325
922	2	4	1	2	2	1	5	-2.78737	-3.63952	-4.25175	-4.05637
923	8	10	2	2	11	12	6	-3.96474	-7.13232	-8.72886	-6.69532
924	2	1	12	3	2	1	5	-2.64681	-2.11364	-3.79595	-4.61517
925	48	7	10	4	183	7	1	-9.41199	-10.4888	-7.6251	-7.81671
926	7	21	5	62	4	61	44	-7.70104	-3.82973	-5.81706	-7.45946
927	4	7	10	4	1	7	1	-1.82515	-3.79846	-2.63909	-1.94797
928	9	25	2	10	22	3	6	-4.46163	-7.60842	-6.00838	-4.39194
929	2	4	1	2	2	1	5	-2.78737	-3.63952	-4.25175	-4.05637
930	2	4	1	2	7	1	5	-2.31707	-5.51554	-6.74595	-4.81325
931	2	4	1	2	2	1	5	-2.78737	-3.63952	-4.25175	-4.05637
932	2	4	1	2	2	1	5	-2.78737	-3.63952	-4.25175	-4.05637
933	9	25	2	10	22	3	6	-4.46163	-7.60842	-6.00838	-4.39194
934	2	4	1	2	2	1	5	-2.78737	-3.63952	-4.25175	-4.05637
935	2	4	1	2	2	1	5	-2.78737	-3.63952	-4.25175	-4.05637
936	2	4	1	2	7	1	5	-2.31707	-5.51554	-6.74595	-4.81325
937	2	4	1	2	7	1	5	-2.31707	-5.51554	-6.74595	-4.81325
938	2	4	1	2	2	1	5	-2.78737	-3.63952	-4.25175	-4.05637
939	2	4	1	2	2	1	5	-2.78737	-3.63952	-4.25175	-4.05637
940	4	7	10	4	1	7	1	-1.82515	-3.79846	-2.63909	-1.94797
941	2	4	1	2	2	1	5	-2.78737	-3.63952	-4.25175	-4.05637
942	4	7	10	4	1	7	1	-1.82515	-3.79846	-2.63909	-1.94797
943	2	4	1	2	7	1	5	-2.31707	-5.51554	-6.74595	-4.81325
944	2	4	1	2	2	1	5	-2.78737	-3.63952	-4.25175	-4.05637
945	4	7	10	4	1	7	1	-1.82515	-3.79846	-2.63909	-1.94797
946	9	25	2	10	22	3	6	-4.46163	-7.60842	-6.00838	-4.39194
947	10	81	50	99	120	76	52	-6.641	-6.42448	-5.26483	-5.19376
948	2	1	21	3	2	1	5	-2.95275	-2.48618	-4.67027	-4.44274
949	4	7	10	4	1	7	1	-1.82515	-3.79846	-2.63909	-1.94797
950	2	4	1	2	7	1	5	-2.31707	-5.51554	-6.74595	-4.81325
951	4	7	10	4	1	7	1	-1.82515	-3.79846	-2.63909	-1.94797
952	4	7	10	4	1	7	1	-1.82515	-3.79846	-2.63909	-1.94797
953	8	315	2	2	11	12	6	-7.8033	-10.5242	-11.2469	-9.65931
954	8	10	2	2	11	12	6	-3.96474	-7.13232	-8.72886	-6.69532
955	2	4	1	2	2	1	5	-2.78737	-3.63952	-4.25175	-4.05637
956	4	7	10	4	1	7	1	-1.82515	-3.79846	-2.63909	-1.94797
957	2	4	1	2	2	1	5	-2.78737	-3.63952	-4.25175	-4.05637
958	2	4	1	2	2	1	5	-2.78737	-3.63952	-4.25175	-4.05637
959	2	4	1	2	2	1	5	-2.78737	-3.63952	-4.25175	-4.05637
960	2	4	1	2	7	1	5	-2.31707	-5.51554	-6.74595	-4.81325
961	2	4	1	2	2	1	5	-2.78737	-3.63952	-4.25175	-4.05637
962	2	4	1	2	2	1	5	-2.78737	-3.63952	-4.25175	-4.05637
963	2	1	21	3	2	1	5	-2.95275	-2.48618	-4.67027	-4.44274
964	2	4	1	2	2	1	5	-2.78737	-3.63952	-4.25175	-4.05637
965	1	4	2	2	2	3	17	-11.3879	-7.82427	-10.8571	-11.9219
966	2	4	1	2	2	1	5	-2.78737	-3.63952	-4.25175	-4.05637
967	2	4	1	2	2	1	5	-2.78737	-3.63952	-4.25175	-4.05637
968	7	21	5	62	4	61	44	-7.70104	-3.82973	-5.81706	-7.45946
969	2	4	1	2	2	1	5	-2.78737	-3.63952	-4.25175	-4.05637
970	4	7	10	4	1	7	1	-1.82515	-3.79846	-2.63909	-1.94797
971	2	4	1	2	2	1	5	-2.78737	-3.63952	-4.25175	-4.05637
972	10	1	16	19	10	5	7	-6.4866	-2.74751	-4.29366	-5.19989
973	8	10	2	2	11	12	6	-3.96474	-7.13232	-8.72886	-6.69532
974	4	7	10	4	1	7	1	-1.82515	-3.79846	-2.63909	-1.94797
975	2	4	2	2	6	1	5	-6.12817	-4.83236	-6.02692	-7.61438
976	2	4	1	2	2	1	5	-2.78737	-3.63952	-4.25175	-4.05637
977	2	4	1	2	2	1	5	-2.78737	-3.63952	-4.25175	-4.05637
978	2	1	12	3	2	1	5	-2.64681	-2.11364	-3.79595	-4.61517
979	2	1	21	3	2	1	5	-2.95275	-2.48618	-4.67027	-4.44274
980	1	4	2	2	6	3	17	-4.7298	-2.44798	-4.80545	-5.5359
981	9	2	4	62	4	5	6	-3.72789	-5.17851	-6.0112	-6.2785
982	9	2	4	62	4	5	6	-3.72789	-5.17851	-6.0112	-6.2785
983	2	4	1	2	2	1	5	-2.78737	-3.63952	-4.25175	-4.05637
984	9	25	2	10	22	3	6	-4.46163	-7.60842	-6.00838	-4.39194
985	2	1	12	3	2	1	5	-2.64681	-2.11364	-3.79595	-4.61517
986	2	4	1	2	2	1	5	-2.78737	-3.63952	-4.25175	-4.05637
987	2	4	1	2	2	1	5	-2.78737	-3.63952	-4.25175	-4.05637
988	2	4	1	2	2	1	5	-2.78737	-3.63952	-4.25175	-4.05637
989	1	4	2	2	6	3	17	-4.7298	-2.44798	-4.80545	-5.5359
990	1	4	2	2	6	3	17	-4.7298	-2.44798	-4.80545	-5.5359
991	9	25	2	10	22	3	6	-4.46163	-7.60842	-6.00838	-4.39194
992	1	4	2	2	6	3	17	-4.7298	-2.44798	-4.80545	-5.5359
993	2	4	1	2	2	1	5	-2.78737	-3.63952	-4.25175	-4.05637
994	2	4	1	2	2	1	5	-2.78737	-3.63952	-4.25175	-4.05637
995	8	10	2	2	11	12	6	-3.96474	-7.13232	-8.72886	-6.69532
996	2	4	1	2	2	1	5	-2.78737	-3.63952	-4.25175	-4.05637
997	2	1	5	3	2	5	5	-5.69856	-2.83281	-4.17955	-5.48096
998	8	10	2	2	11	12	6	-3.96474	-7.13232	-8.72886	-6.69532
999	2	4	1	2	2	1	5	-2.78737	-3.63952	-4.25175	-4.05637
1000	2	4	1	2	2	1	5	-2.78737	-3.63952	-4.25175	-4.05637
1001	2	1	21	3	2	1	5	-2.95275	-2.48618	-4.67027	-4.44274
1002	1	2	4	62	4	5	17	-6.14216	-4.84422	-7.95589	-8.28535
1003	2	1	12	3	2	1	5	-2.64681	-2.11364	-3.79595	-4.61517
1004	2	4	1	2	7	1	5	-2.31707	-5.51554	-6.74595	-4.81325
1005	1	307	3	4	5	9	3	-6.86402	-6.43395	-6.14215	-8.02055
1006	2	4	2	4	19	3	6	-5.80837	-9.00962	-10.5755	-8.53027
1007	2	4	1	2	2	1	5	-2.78737	-3.63952	-4.25175	-4.05637
1008	1	4	2	2	6	3	17	-4.7298	-2.44798	-4.80545	-5.5359
1009	9	25	2	10	22	3	6	-4.46163	-7.60842	-6.00838	-4.39194
1010	4	7	10	4	1	7	1	-1.82515	-3.79846	-2.63909	-1.94797
1011	2	4	1	2	2	1	5	-2.78737	-3.63952	-4.25175	-4.05637
1012	10	1	16	19	10	5	7	-6.4866	-2.74751	-4.29366	-5.19989
1013	2	1	21	3	2	1	5	-2.95275	-2.48618	-4.67027	-4.44274
1014	4	7	10	4	1	7	1	-1.82515	-3.79846	-2.63909	-1.94797
1015	2	4	1	2	2	1	5	-2.78737	-3.63952	-4.25175	-4.05637
1016	1	2	3	4	5	9	3	-4.71476	-2.48871	-3.68559	-4.89299
1017	9	316	4	62	4	5	6	-6.87989	-6.44319	-9.50189	-9.32212
1018	9	25	2	10	22	3	6	-4.46163	-7.60842	-6.00838	-4.39194
1019	1	307	3	4	5	9	3	-6.86402	-6.43395	-6.14215	-8.02055
1020	2	4	1	2	2	1	5	-2.78737	-3.63952	-4.25175	-4.05637
1021	9	25	2	10	22	3	6	-4.46163	-7.60842	-6.00838	-4.39194
1022	2	4	1	2	2	1	5	-2.78737	-3.63952	-4.25175	-4.05637
1023	2	1	12	3	2	1	5	-2.64681	-2.11364	-3.79595	-4.61517
1024	2	1	5	3	2	5	5	-5.69856	-2.83281	-4.17955	-5.48096
1025	2	4	1	2	2	1	5	-2.78737	-3.63952	-4.25175	-4.05637
1026	2	1	12	3	2	1	5	-2.64681	-2.11364	-3.79595	-4.61517
1027	2	1	12	3	2	1	5	-2.64681	-2.11364	-3.79595	-4.61517
1028	10	1	16	19	10	5	7	-6.4866	-2.74751	-4.29366	-5.19989
1029	4	7	10	4	1	7	1	-1.82515	-3.79846	-2.63909	-1.94797
1030	2	4	1	2	2	1	5	-2.78737	-3.63952	-4.25175	-4.05637
1031	2	1	12	88	2	1	5	-3.97049	-3.42648	-6.12827	-5.29071
1032	2	1	21	3	2	1	5	-2.95275	-2.48618	-4.67027	-4.44274
1033	1	2	3	4	5	9	3	-4.71476	-2.48871	-3.68559	-4.89299
1034	8	10	2	2	11	12	6	-3.96474	-7.13232	-8.72886	-6.69532
1035	2	1	12	88	2	1	5	-3.97049	-3.42648	-6.12827	-5.29071
1036	33	39	30	82	104	173	68	-5.43485	-3.97508	-7.09747	-7.50514
1037	1	2	3	4	5	9	3	-4.71476	-2.48871	-3.68559	-4.89299
1038	9	25	2	10	22	3	6	-4.46163	-7.60842	-6.00838	-4.39194
1039	2	4	1	2	2	1	5	-2.78737	-3.63952	-4.25175	-4.05637
1040	8	10	2	2	11	12	6	-3.96474	-7.13232	-8.72886	-6.69532
1041	1	2	4	62	4	5	17	-6.14216	-4.84422	-7.95589	-8.28535
1042	10	1	16	19	10	5	7	-6.4866	-2.74751	-4.29366	-5.19989
1043	33	39	30	82	104	173	68	-5.43485	-3.97508	-7.09747	-7.50514
1044	2	4	1	2	2	1	5	-2.78737	-3.63952	-4.25175	-4.05637
1045	8	10	2	2	11	12	6	-3.96474	-7.13232	-8.72886	-6.69532
1046	2	1	5	3	2	5	5	-5.69856	-2.83281	-4.17955	-5.48096
1047	47	2	4	2	6	5	17	-11.0174	-11.9832	-6.18893	-8.34257
1048	1	2	3	4	5	9	3	-4.71476	-2.48871	-3.68559	-4.89299
1049	4	7	10	4	1	7	1	-1.82515	-3.79846	-2.63909	-1.94797
1050	2	1	5	3	2	3	5	-4.25952	-3.25101	-5.77299	-4.80461
1051	2	4	2	2	6	1	5	-6.12817	-4.83236	-6.02692	-7.61438
1052	2	4	1	2	2	1	5	-2.78737	-3.63952	-4.25175	-4.05637
1053	8	10	149	2	11	12	6	-4.90908	-3.96783	-5.84478	-6.92452
1054	9	25	2	10	22	3	6	-4.46163	-7.60842	-6.00838	-4.39194
1055	2	4	1	2	2	1	5	-2.78737	-3.63952	-4.25175	-4.05637
1056	1	2	3	4	5	9	3	-4.71476	-2.48871	-3.68559	-4.89299
1057	2	1	12	3	2	1	5	-2.64681	-2.11364	-3.79595	-4.61517
1058	4	7	10	4	42	51	1	-2.93458	-4.61112	-5.01695	-3.79261
1059	2	4	1	2	2	1	5	-2.78737	-3.63952	-4.25175	-4.05637
1060	2	1	1	3	2	1	5	-4.64813	-3.78396	-6.87612	-6.95888
1061	2	4	1	2	7	1	5	-2.31707	-5.51554	-6.74595	-4.81325
1062	8	10	2	2	11	12	6	-3.96474	-7.13232	-8.72886	-6.69532
1063	2	4	1	2	2	1	5	-2.78737	-3.63952	-4.25175	-4.05637
1064	9	2	4	62	4	5	6	-3.72789	-5.17851	-6.0112	-6.2785
1065	2	4	1	2	2	1	5	-2.78737	-3.63952	-4.25175	-4.05637
1066	4	7	10	4	1	7	1	-1.82515	-3.79846	-2.63909	-1.94797
1067	8	10	2	2	11	12	6	-3.96474	-7.13232	-8.72886	-6.69532
1068	2	4	2	2	6	1	5	-6.12817	-4.83236	-6.02692	-7.61438
1069	2	4	2	2	6	1	5	-6.12817	-4.83236	-6.02692	-7.61438
1070	2	4	2	2	6	1	5	-6.12817	-4.83236	-6.02692	-7.61438
1071	2	4	2	2	6	1	5	-6.12817	-4.83236	-6.02692	-7.61438
1072	2	4	1	2	2	1	5	-2.78737	-3.63952	-4.25175	-4.05637
1073	2	4	1	2	2	1	5	-2.78737	-3.63952	-4.25175	-4.05637
1074	2	1	12	3	2	1	5	-2.64681	-2.11364	-3.79595	-4.61517
1075	2	4	1	2	7	1	5	-2.31707	-5.51554	-6.74595	-4.81325
1076	4	7	10	4	42	51	1	-2.93458	-4.61112	-5.01695	-3.79261
1077	2	4	1	2	2	1	5	-2.78737	-3.63952	-4.25175	-4.05637
1078	8	10	2	2	11	12	6	-3.96474	-7.13232	-8.72886	-6.69532
1079	1	2	3	4	5	9	3	-4.71476	-2.48871	-3.68559	-4.89299
1080	1	2	3	4	5	9	3	-4.71476	-2.48871	-3.68559	-4.89299
1081	10	1	16	19	10	5	7	-6.4866	-2.74751	-4.29366	-5.19989
1082	8	10	2	2	11	12	6	-3.96474	-7.13232	-8.72886	-6.69532
1083	4	7	10	4	1	7	1	-1.82515	-3.79846	-2.63909	-1.94797
1084	2	4	1	2	2	1	5	-2.78737	-3.63952	-4.25175	-4.05637
1085	2	4	1	2	7	1	5	-2.31707	-5.51554	-6.74595	-4.81325
1086	2	1	21	3	2	1	5	-2.95275	-2.48618	-4.67027	-4.44274
1087	2	1	12	3	2	1	5	-2.64681	-2.11364	-3.79595	-4.61517
1088	2	4	2	4	19	3	6	-5.80837	-9.00962	-10.5755	-8.53027
1089	8	10	149	2	11	12	6	-4.90908	-3.96783	-5.84478	-6.92452
1090	8	10	2	2	11	12	6	-3.96474	-7.13232	-8.72886	-6.69532
1091	2	1	12	3	2	1	5	-2.64681	-2.11364	-3.79595	-4.61517
1092	2	1	12	3	2	1	5	-2.64681	-2.11364	-3.79595	-4.61517
1093	2	1	5	3	2	3	5	-4.25952	-3.25101	-5.77299	-4.80461
1094	184	39	30	82	113	43	17	-3.96424	-6.06571	-8.39318	-6.67741
1095	2	1	12	3	2	1	5	-2.64681	-2.11364	-3.79595	-4.61517
1096	2	4	1	2	2	1	5	-2.78737	-3.63952	-4.25175	-4.05637
1097	4	7	10	4	1	7	1	-1.82515	-3.79846	-2.63909	-1.94797
1098	8	10	2	2	11	12	6	-3.96474	-7.13232	-8.72886	-6.69532
1099	4	7	10	4	1	7	1	-1.82515	-3.79846	-2.63909	-1.94797
1100	4	7	10	4	42	51	1	-2.93458	-4.61112	-5.01695	-3.79261
1101	9	25	2	10	22	3	6	-4.46163	-7.60842	-6.00838	-4.39194
1102	9	2	4	62	4	5	6	-3.72789	-5.17851	-6.0112	-6.2785
1103	4	7	10	4	1	7	1	-1.82515	-3.79846	-2.63909	-1.94797
1104	2	4	1	2	7	1	5	-2.31707	-5.51554	-6.74595	-4.81325
1105	4	7	10	4	1	7	1	-1.82515	-3.79846	-2.63909	-1.94797
1106	8	10	2	2	11	12	6	-3.96474	-7.13232	-8.72886	-6.69532
1107	2	4	1	2	2	1	5	-2.78737	-3.63952	-4.25175	-4.05637
1108	4	7	10	4	42	51	1	-2.93458	-4.61112	-5.01695	-3.79261
1109	1	2	3	4	5	9	3	-4.71476	-2.48871	-3.68559	-4.89299
1110	2	1	12	3	2	1	5	-2.64681	-2.11364	-3.79595	-4.61517
1111	2	4	1	2	2	1	5	-2.78737	-3.63952	-4.25175	-4.05637
1112	10	81	50	99	120	76	52	-6.641	-6.42448	-5.26483	-5.19376
1113	2	4	1	2	2	1	5	-2.78737	-3.63952	-4.25175	-4.05637
1114	4	7	10	4	42	51	1	-2.93458	-4.61112	-5.01695	-3.79261
1115	4	7	10	4	42	51	1	-2.93458	-4.61112	-5.01695	-3.79261
1116	4	7	10	4	1	7	1	-1.82515	-3.79846	-2.63909	-1.94797
1117	3	1	5	10	11	11	6	-10.3758	-6.46508	-9.61832	-10.6257
1118	10	81	50	99	120	76	52	-6.641	-6.42448	-5.26483	-5.19376
1119	2	4	1	2	2	1	5	-2.78737	-3.63952	-4.25175	-4.05637
1120	4	7	10	4	1	7	1	-1.82515	-3.79846	-2.63909	-1.94797
1121	4	7	10	4	1	7	1	-1.82515	-3.79846	-2.63909	-1.94797
1122	4	7	10	4	42	51	1	-2.93458	-4.61112	-5.01695	-3.79261
1123	2	1	12	3	2	1	5	-2.64681	-2.11364	-3.79595	-4.61517
1124	2	4	1	2	2	1	5	-2.78737	-3.63952	-4.25175	-4.05637
1125	2	1	1	3	2	1	5	-4.64813	-3.78396	-6.87612	-6.95888
1126	2	4	1	2	2	1	5	-2.78737	-3.63952	-4.25175	-4.05637
1127	2	4	1	2	2	1	5	-2.78737	-3.63952	-4.25175	-4.05637
1128	2	4	1	2	2	1	5	-2.78737	-3.63952	-4.25175	-4.05637
1129	2	4	1	2	2	1	5	-2.78737	-3.63952	-4.25175	-4.05637
1130	1	2	3	4	5	9	3	-4.71476	-2.48871	-3.68559	-4.89299
1131	8	10	2	2	11	12	6	-3.96474	-7.13232	-8.72886	-6.69532
1132	2	1	21	3	2	1	5	-2.95275	-2.48618	-4.67027	-4.44274
1133	2	4	1	2	2	1	5	-2.78737	-3.63952	-4.25175	-4.05637
1134	2	1	21	3	2	1	5	-2.95275	-2.48618	-4.67027	-4.44274
1135	2	1	21	3	2	1	5	-2.95275	-2.48618	-4.67027	-4.44274
1136	2	4	1	2	2	1	5	-2.78737	-3.63952	-4.25175	-4.05637
1137	1	2	3	4	5	9	3	-4.71476	-2.48871	-3.68559	-4.89299
1138	10	1	16	19	10	5	7	-6.4866	-2.74751	-4.29366	-5.19989
1139	2	1	12	3	2	1	5	-2.64681	-2.11364	-3.79595	-4.61517
1140	7	21	5	62	4	61	44	-7.70104	-3.82973	-5.81706	-7.45946
1141	2	4	1	2	2	1	5	-2.78737	-3.63952	-4.25175	-4.05637
1142	2	1	12	3	2	1	5	-2.64681	-2.11364	-3.79595	-4.61517
1143	2	4	1	2	7	1	5	-2.31707	-5.51554	-6.74595	-4.81325
1144	2	1	5	3	2	3	5	-4.25952	-3.25101	-5.77299	-4.80461
1145	2	1	21	3	2	1	5	-2.95275	-2.48618	-4.67027	-4.44274
1146	2	1	21	3	2	1	5	-2.95275	-2.48618	-4.67027	-4.44274
1147	2	1	21	3	2	1	5	-2.95275	-2.48618	-4.67027	-4.44274
1148	2	1	21	3	2	1	5	-2.95275	-2.48618	-4.67027	-4.44274
1149	2	1	12	3	2	1	5	-2.64681	-2.11364	-3.79595	-4.61517
1150	8	10	2	2	11	12	6	-3.96474	-7.13232	-8.72886	-6.69532
1151	129	66	30	82	189	47	17	-3.25214	-4.85293	-5.71704	-4.14172
1152	1	307	3	4	5	9	3	-6.86402	-6.43395	-6.14215	-8.02055
1153	8	10	2	2	11	12	6	-3.96474	-7.13232	-8.72886	-6.69532
1154	2	4	2	2	6	1	5	-6.12817	-4.83236	-6.02692	-7.61438
1155	1	4	2	2	6	3	17	-4.7298	-2.44798	-4.80545	-5.5359
1156	2	4	1	2	2	1	5	-2.78737	-3.63952	-4.25175	-4.05637
1157	8	10	2	2	11	12	6	-3.96474	-7.13232	-8.72886	-6.69532
1158	2	4	2	2	6	1	5	-6.12817	-4.83236	-6.02692	-7.61438
1159	2	1	21	3	2	1	5	-2.95275	-2.48618	-4.67027	-4.44274
1160	2	4	5	2	2	5	5	-3.68209	-6.87088	-7.49284	-5.70573
1161	7	21	5	62	4	61	44	-7.70104	-3.82973	-5.81706	-7.45946
1162	2	1	12	3	2	1	5	-2.64681	-2.11364	-3.79595	-4.61517
1163	10	27	16	19	10	5	7	-20.8253	-12.9607	-16.3911	-17.5378
1164	33	283	44	82	189	44	17	-7.23392	-3.47053	-5.59779	-6.03848
1165	9	25	2	10	22	3	6	-4.46163	-7.60842	-6.00838	-4.39194
1166	7	21	5	62	4	61	44	-7.70104	-3.82973	-5.81706	-7.45946
1167	2	1	5	3	2	3	5	-4.25952	-3.25101	-5.77299	-4.80461
1168	2	1	5	3	2	3	5	-4.25952	-3.25101	-5.77299	-4.80461
1169	9	25	2	10	22	3	6	-4.46163	-7.60842	-6.00838	-4.39194
1170	2	1	5	3	2	3	5	-4.25952	-3.25101	-5.77299	-4.80461
1171	2	4	1	2	2	1	5	-2.78737	-3.63952	-4.25175	-4.05637
1172	129	66	30	82	189	47	17	-3.25214	-4.85293	-5.71704	-4.14172
1173	2	4	1	2	2	1	5	-2.78737	-3.63952	-4.25175	-4.05637
1174	2	1	5	3	2	3	5	-4.25952	-3.25101	-5.77299	-4.80461
1175	2	1	12	3	2	1	5	-2.64681	-2.11364	-3.79595	-4.61517
1176	2	4	1	2	2	1	5	-2.78737	-3.63952	-4.25175	-4.05637
1177	1	4	2	2	6	3	17	-4.7298	-2.44798	-4.80545	-5.5359
1178	2	1	12	3	2	1	5	-2.64681	-2.11364	-3.79595	-4.61517
1179	1	4	2	2	446	3	17	-8.5613	-5.80556	-7.30787	-8.48797
1180	2	1	5	88	2	11	5	-9.1112	-5.35181	-6.0874	-8.06878
1181	2	4	2	2	6	1	5	-6.12817	-4.83236	-6.02692	-7.61438
1182	9	25	2	10	22	3	6	-4.46163	-7.60842	-6.00838	-4.39194
1183	2	1	5	3	2	3	5	-4.25952	-3.25101	-5.77299	-4.80461
1184	7	21	5	62	4	61	44	-7.70104	-3.82973	-5.81706	-7.45946
1185	1	2	3	4	5	9	3	-4.71476	-2.48871	-3.68559	-4.89299
1186	2	4	1	2	2	1	5	-2.78737	-3.63952	-4.25175	-4.05637
1187	7	21	5	62	4	61	44	-7.70104	-3.82973	-5.81706	-7.45946
1188	33	39	30	82	104	173	68	-5.43485	-3.97508	-7.09747	-7.50514
1189	1	4	2	2	6	3	17	-4.7298	-2.44798	-4.80545	-5.5359
1190	2	1	21	3	2	1	5	-2.95275	-2.48618	-4.67027	-4.44274
1191	4	7	10	4	1	7	1	-1.82515	-3.79846	-2.63909	-1.94797
1192	2	1	5	3	2	5	5	-5.69856	-2.83281	-4.17955	-5.48096
1193	1	4	2	2	6	3	17	-4.7298	-2.44798	-4.80545	-5.5359
1194	2	4	1	2	2	1	5	-2.78737	-3.63952	-4.25175	-4.05637
1195	2	4	1	2	2	1	5	-2.78737	-3.63952	-4.25175	-4.05637
1196	2	1	12	3	2	1	5	-2.64681	-2.11364	-3.79595	-4.61517
1197	2	1	6	3	2	3	5	-7.09859	-6.60784	-8.03868	-7.29678
1198	4	7	10	4	1	7	1	-1.82515	-3.79846	-2.63909	-1.94797
1199	2	4	1	2	7	1	5	-2.31707	-5.51554	-6.74595	-4.81325
1200	2	1	1	3	2	1	5	-4.64813	-3.78396	-6.87612	-6.95888
1201	2	4	1	2	2	1	5	-2.78737	-3.63952	-4.25175	-4.05637
1202	7	2	5	2	10	3	6	-31.8188	-27.7324	-29.2127	-28.0282
1203	2	1	21	3	2	1	5	-2.95275	-2.48618	-4.67027	-4.44274
1204	2	4	1	2	7	1	5	-2.31707	-5.51554	-6.74595	-4.81325
1205	4	7	10	4	1	7	1	-1.82515	-3.79846	-2.63909	-1.94797
1206	2	4	1	2	7	1	5	-2.31707	-5.51554	-6.74595	-4.81325
1207	2	4	1	2	2	1	5	-2.78737	-3.63952	-4.25175	-4.05637
1208	1	4	2	2	6	3	17	-4.7298	-2.44798	-4.80545	-5.5359
1209	2	4	1	2	2	1	5	-2.78737	-3.63952	-4.25175	-4.05637
1210	2	4	1	2	2	1	5	-2.78737	-3.63952	-4.25175	-4.05637
1211	74	10	2	2	11	12	6	-7.80331	-10.5242	-11.2471	-9.65984
1212	1	2	3	4	5	9	3	-4.71476	-2.48871	-3.68559	-4.89299
1213	2	1	5	3	2	3	5	-4.25952	-3.25101	-5.77299	-4.80461
1214	4	7	10	4	1	7	1	-1.82515	-3.79846	-2.63909	-1.94797
1215	2	4	2	2	6	1	5	-6.12817	-4.83236	-6.02692	-7.61438
1216	2	1	12	3	2	1	5	-2.64681	-2.11364	-3.79595	-4.61517
1217	2	1	21	3	2	1	5	-2.95275	-2.48618	-4.67027	-4.44274
1218	2	4	1	2	2	1	5	-2.78737	-3.63952	-4.25175	-4.05637
1219	2	1	21	3	2	1	5	-2.95275	-2.48618	-4.67027	-4.44274
1220	4	7	10	4	1	7	1	-1.82515	-3.79846	-2.63909	-1.94797
1221	2	1	21	3	2	1	5	-2.95275	-2.48618	-4.67027	-4.44274
1222	2	4	1	2	2	1	5	-2.78737	-3.63952	-4.25175	-4.05637
1223	4	7	10	4	1	7	1	-1.82515	-3.79846	-2.63909	-1.94797
1224	2	4	1	2	2	1	5	-2.78737	-3.63952	-4.25175	-4.05637
1225	4	7	10	4	1	7	1	-1.82515	-3.79846	-2.63909	-1.94797
1226	4	7	10	4	42	51	1	-2.93458	-4.61112	-5.01695	-3.79261
1227	4	7	10	4	42	7	1	-6.49204	-9.33088	-5.54685	-4.69514
1228	2	4	1	2	2	1	5	-2.78737	-3.63952	-4.25175	-4.05637
1229	2	1	5	3	2	3	5	-4.25952	-3.25101	-5.77299	-4.80461
1230	10	81	50	99	120	76	52	-6.641	-6.42448	-5.26483	-5.19376
1231	2	4	1	2	7	1	5	-2.31707	-5.51554	-6.74595	-4.81325
1232	2	4	1	2	7	1	5	-2.31707	-5.51554	-6.74595	-4.81325
1233	4	7	10	4	1	7	1	-1.82515	-3.79846	-2.63909	-1.94797
1234	1	4	2	2	6	3	17	-4.7298	-2.44798	-4.80545	-5.5359
1235	4	7	10	4	1	7	1	-1.82515	-3.79846	-2.63909	-1.94797
1236	2	4	1	2	2	1	5	-2.78737	-3.63952	-4.25175	-4.05637
1237	4	7	10	4	1	7	1	-1.82515	-3.79846	-2.63909	-1.94797
1238	4	7	10	4	42	51	1	-2.93458	-4.61112	-5.01695	-3.79261
1239	1	307	3	4	5	9	3	-6.86402	-6.43395	-6.14215	-8.02055
1240	2	4	2	2	6	1	5	-6.12817	-4.83236	-6.02692	-7.61438
1241	8	10	149	2	11	12	6	-4.90908	-3.96783	-5.84478	-6.92452
1242	2	1	12	3	2	1	5	-2.64681	-2.11364	-3.79595	-4.61517
1243	2	4	1	2	2	1	5	-2.78737	-3.63952	-4.25175	-4.05637
1244	2	4	1	2	2	1	5	-2.78737	-3.63952	-4.25175	-4.05637
1245	2	4	1	2	2	1	5	-2.78737	-3.63952	-4.25175	-4.05637
1246	4	7	10	4	42	51	1	-2.93458	-4.61112	-5.01695	-3.79261
1247	2	4	1	2	2	1	5	-2.78737	-3.63952	-4.25175	-4.05637
1248	2	4	1	2	2	1	5	-2.78737	-3.63952	-4.25175	-4.05637
1249	2	1	12	88	2	1	5	-3.97049	-3.42648	-6.12827	-5.29071
1250	1	4	2	2	6	3	17	-4.7298	-2.44798	-4.80545	-5.5359
1251	9	2	4	62	4	5	6	-3.72789	-5.17851	-6.0112	-6.2785
1252	2	4	1	2	7	1	5	-2.31707	-5.51554	-6.74595	-4.81325
1253	2	4	5	2	2	5	5	-3.68209	-6.87088	-7.49284	-5.70573
1254	2	1	21	3	2	1	5	-2.95275	-2.48618	-4.67027	-4.44274
1255	1	4	2	2	6	3	17	-4.7298	-2.44798	-4.80545	-5.5359
1256	2	1	21	3	2	1	5	-2.95275	-2.48618	-4.67027	-4.44274
1257	2	4	1	2	2	5	5	-6.8396	-6.40065	-9.30762	-9.21936
1258	2	1	12	3	2	1	5	-2.64681	-2.11364	-3.79595	-4.61517
1259	2	4	2	2	6	1	5	-6.12817	-4.83236	-6.02692	-7.61438
1260	2	4	1	2	2	1	5	-2.78737	-3.63952	-4.25175	-4.05637
1261	2	4	1	2	2	1	5	-2.78737	-3.63952	-4.25175	-4.05637
1262	1	307	3	4	5	9	3	-6.86402	-6.43395	-6.14215	-8.02055
1263	9	25	2	10	22	3	6	-4.46163	-7.60842	-6.00838	-4.39194
1264	2	1	1	380	2	1	5	-6.17992	-5.73042	-8.7987	-8.62013
1265	2	4	1	2	2	1	5	-2.78737	-3.63952	-4.25175	-4.05637
1266	2	4	1	2	2	1	5	-2.78737	-3.63952	-4.25175	-4.05637
1267	2	1	12	3	2	1	5	-2.64681	-2.11364	-3.79595	-4.61517
1268	1	2	3	4	5	9	3	-4.71476	-2.48871	-3.68559	-4.89299
1269	2	4	1	2	2	1	5	-2.78737	-3.63952	-4.25175	-4.05637
1270	2	4	1	2	2	1	5	-2.78737	-3.63952	-4.25175	-4.05637
1271	2	4	1	2	2	1	5	-2.78737	-3.63952	-4.25175	-4.05637
1272	1	2	3	4	5	9	3	-4.71476	-2.48871	-3.68559	-4.89299
1273	9	2	2	212	309	253	147	-26.3964	-24.3758	-22.0275	-22.9055
1274	2	1	21	3	2	1	5	-2.95275	-2.48618	-4.67027	-4.44274
1275	47	2	4	2	6	5	17	-11.0174	-11.9832	-6.18893	-8.34257
1276	1	2	3	4	5	9	3	-4.71476	-2.48871	-3.68559	-4.89299
1277	2	4	1	2	2	1	5	-2.78737	-3.63952	-4.25175	-4.05637
1278	2	4	1	2	2	1	5	-2.78737	-3.63952	-4.25175	-4.05637
1279	9	2	4	62	4	5	6	-3.72789	-5.17851	-6.0112	-6.2785
1280	2	1	12	3	2	1	5	-2.64681	-2.11364	-3.79595	-4.61517
1281	2	4	1	2	2	1	5	-2.78737	-3.63952	-4.25175	-4.05637
1282	2	4	1	2	7	1	5	-2.31707	-5.51554	-6.74595	-4.81325
1283	7	17	2	15	23	3	12	-6.91122	-10.1161	-11.6844	-9.64196
1284	2	1	1	3	2	1	5	-4.64813	-3.78396	-6.87612	-6.95888
1285	2	1	12	3	2	1	5	-2.64681	-2.11364	-3.79595	-4.61517
1286	2	4	1	2	2	1	5	-2.78737	-3.63952	-4.25175	-4.05637
1287	2	1	5	3	2	3	5	-4.25952	-3.25101	-5.77299	-4.80461
1288	2	4	1	2	2	1	5	-2.78737	-3.63952	-4.25175	-4.05637
1289	2	4	1	2	2	1	5	-2.78737	-3.63952	-4.25175	-4.05637
1290	1	4	2	2	6	3	17	-4.7298	-2.44798	-4.80545	-5.5359
1291	2	1	2	3	2	3	5	-3.76896	-6.89601	-8.5252	-6.48967
1292	2	1	5	3	2	3	5	-4.25952	-3.25101	-5.77299	-4.80461
1293	1	2	3	3	5	9	3	-11.8717	-8.09715	-10.0195	-11.7922
1294	4	7	10	4	42	51	1	-2.93458	-4.61112	-5.01695	-3.79261
1295	1	4	2	2	6	3	17	-4.7298	-2.44798	-4.80545	-5.5359
1296	2	1	5	3	2	3	5	-4.25952	-3.25101	-5.77299	-4.80461
1297	4	7	10	4	1	7	1	-1.82515	-3.79846	-2.63909	-1.94797
1298	2	4	1	2	2	1	5	-2.78737	-3.63952	-4.25175	-4.05637
1299	4	7	10	4	1	7	1	-1.82515	-3.79846	-2.63909	-1.94797
1300	2	1	21	3	2	1	5	-2.95275	-2.48618	-4.67027	-4.44274
1301	2	4	1	2	2	1	5	-2.78737	-3.63952	-4.25175	-4.05637
1302	4	7	10	4	1	7	1	-1.82515	-3.79846	-2.63909	-1.94797
1303	2	4	1	2	2	1	5	-2.78737	-3.63952	-4.25175	-4.05637
1304	2	1	5	3	2	5	5	-5.69856	-2.83281	-4.17955	-5.48096
1305	2	4	1	2	2	1	5	-2.78737	-3.63952	-4.25175	-4.05637
1306	2	1	21	3	2	1	5	-2.95275	-2.48618	-4.67027	-4.44274
1307	2	1	5	3	2	5	5	-5.69856	-2.83281	-4.17955	-5.48096
1308	1	4	2	2	6	3	17	-4.7298	-2.44798	-4.80545	-5.5359
1309	1	4	2	2	6	3	17	-4.7298	-2.44798	-4.80545	-5.5359
1310	2	1	5	3	2	3	5	-4.25952	-3.25101	-5.77299	-4.80461
1311	1	4	2	2	6	3	17	-4.7298	-2.44798	-4.80545	-5.5359
1312	2	4	1	2	2	1	5	-2.78737	-3.63952	-4.25175	-4.05637
1313	2	1	12	88	2	1	5	-3.97049	-3.42648	-6.12827	-5.29071
1314	2	1	5	3	2	3	5	-4.25952	-3.25101	-5.77299	-4.80461
1315	2	4	5	2	2	1	5	-6.1815	-8.98453	-9.48204	-8.72977
1316	2	4	1	2	2	1	5	-2.78737	-3.63952	-4.25175	-4.05637
1317	1	4	2	2	6	3	17	-4.7298	-2.44798	-4.80545	-5.5359
1318	2	1	21	3	2	1	5	-2.95275	-2.48618	-4.67027	-4.44274
1319	4	7	10	4	1	7	1	-1.82515	-3.79846	-2.63909	-1.94797
1320	1	2	3	4	5	9	3	-4.71476	-2.48871	-3.68559	-4.89299
1321	2	4	1	2	7	1	5	-2.31707	-5.51554	-6.74595	-4.81325
1322	4	7	10	4	1	7	1	-1.82515	-3.79846	-2.63909	-1.94797
1323	4	7	10	4	1	7	1	-1.82515	-3.79846	-2.63909	-1.94797
1324	1	4	2	2	6	3	17	-4.7298	-2.44798	-4.80545	-5.5359
1325	2	4	1	2	7	1	5	-2.31707	-5.51554	-6.74595	-4.81325
1326	4	7	10	4	1	7	1	-1.82515	-3.79846	-2.63909	-1.94797
1327	8	10	2	2	11	12	6	-3.96474	-7.13232	-8.72886	-6.69532
1328	969	7	10	4	1	7	1	-5.58695	-7.1674	-5.15836	-4.91048
1329	4	7	10	4	1	7	1	-1.82515	-3.79846	-2.63909	-1.94797
1330	10	27	16	942	10	5	7	-24.6638	-16.3531	-18.9096	-20.5021
1331	10	27	16	941	10	5	7	-24.6638	-16.3531	-18.9096	-20.5021
1332	4	7	10	4	1	7	1	-1.82515	-3.79846	-2.63909	-1.94797
1333	4	7	10	4	1	7	1	-1.82515	-3.79846	-2.63909	-1.94797
1334	129	66	30	82	189	47	17	-3.25214	-4.85293	-5.71704	-4.14172
1335	4	7	10	4	1	7	1	-1.82515	-3.79846	-2.63909	-1.94797
1336	4	7	10	4	1	7	1	-1.82515	-3.79846	-2.63909	-1.94797
1337	2	4	1	2	2	1	5	-2.78737	-3.63952	-4.25175	-4.05637
1338	2	1	2	3	2	3	5	-3.76896	-6.89601	-8.5252	-6.48967
1339	10	27	16	19	10	5	7	-20.8253	-12.9607	-16.3911	-17.5378
1340	2	4	1	2	2	1	5	-2.78737	-3.63952	-4.25175	-4.05637
1341	33	39	30	82	104	173	68	-5.43485	-3.97508	-7.09747	-7.50514
1342	1	4	2	2	6	3	17	-4.7298	-2.44798	-4.80545	-5.5359
1343	2	1	5	3	2	5	5	-5.69856	-2.83281	-4.17955	-5.48096
1344	2	1	12	3	2	1	5	-2.64681	-2.11364	-3.79595	-4.61517
1345	8	10	2	2	11	12	6	-3.96474	-7.13232	-8.72886	-6.69532
1346	2	1	1	3	2	1	5	-4.64813	-3.78396	-6.87612	-6.95888
1347	1	4	2	2	6	3	17	-4.7298	-2.44798	-4.80545	-5.5359
1348	7	2	2	2	11	12	6	-4.51135	-7.7159	-9.28366	-7.24157
1349	9	2	4	62	4	5	6	-3.72789	-5.17851	-6.0112	-6.2785
1350	2	1	21	3	2	1	5	-2.95275	-2.48618	-4.67027	-4.44274
1351	9	7	10	4	1	7	1	-10.3084	-12.3252	-11.3376	-9.84153
1352	2	1	12	3	920	1	5	-6.48613	-5.4968	-6.31329	-7.57851
1353	239	27	16	19	10	5	7	-10.3774	-6.46758	-9.62276	-10.6294
1354	7	17	2	15	23	3	12	-6.91122	-10.1161	-11.6844	-9.64196
1355	1	4	2	2	6	3	17	-4.7298	-2.44798	-4.80545	-5.5359
1356	1	6	60	24	12	28	1	-28.6442	-29.5374	-18.6597	-20.742
1357	2	4	5	2	10	1	5	-6.90425	-10.0987	-11.6641	-9.62838
1358	10	81	50	99	120	76	52	-6.641	-6.42448	-5.26483	-5.19376
1359	4	7	10	4	1	7	1	-1.82515	-3.79846	-2.63909	-1.94797
1360	2	1	5	3	2	5	5	-5.69856	-2.83281	-4.17955	-5.48096
1361	4	7	10	1	1	7	1	-5.27651	-8.44352	-6.00365	-6.07943
1362	2	4	5	2	10	1	5	-6.90425	-10.0987	-11.6641	-9.62838
1363	2	1	21	3	2	1	5	-2.95275	-2.48618	-4.67027	-4.44274
1364	2	1	21	3	2	1	5	-2.95275	-2.48618	-4.67027	-4.44274
1365	2	4	1	2	2	1	5	-2.78737	-3.63952	-4.25175	-4.05637
1366	2	4	2	2	6	1	5	-6.12817	-4.83236	-6.02692	-7.61438
1367	2	4	1	2	7	1	5	-2.31707	-5.51554	-6.74595	-4.81325
1368	2	4	1	2	2	1	5	-2.78737	-3.63952	-4.25175	-4.05637
1369	2	4	1	2	2	1	5	-2.78737	-3.63952	-4.25175	-4.05637
1370	4	7	10	4	1	7	1	-1.82515	-3.79846	-2.63909	-1.94797
1371	4	7	10	4	42	51	1	-2.93458	-4.61112	-5.01695	-3.79261
1372	2	1	5	3	2	3	5	-4.25952	-3.25101	-5.77299	-4.80461
1373	2	1	12	3	2	1	5	-2.64681	-2.11364	-3.79595	-4.61517
1374	2	1	1	3	2	1	5	-4.64813	-3.78396	-6.87612	-6.95888
1375	2	4	1	2	2	1	5	-2.78737	-3.63952	-4.25175	-4.05637
1376	4	7	10	4	1	7	1	-1.82515	-3.79846	-2.63909	-1.94797
1377	10	1	16	19	10	5	7	-6.4866	-2.74751	-4.29366	-5.19989
1378	2	4	1	2	7	1	5	-2.31707	-5.51554	-6.74595	-4.81325
1379	2	4	1	2	2	1	5	-2.78737	-3.63952	-4.25175	-4.05637
1380	10	81	50	99	120	76	52	-6.641	-6.42448	-5.26483	-5.19376
1381	2	1	12	3	2	1	5	-2.64681	-2.11364	-3.79595	-4.61517
1382	2	4	1	2	2	1	5	-2.78737	-3.63952	-4.25175	-4.05637
1383	2	4	1	2	7	1	5	-2.31707	-5.51554	-6.74595	-4.81325
1384	1	2	3	4	5	9	3	-4.71476	-2.48871	-3.68559	-4.89299
1385	8	10	2	2	11	12	6	-3.96474	-7.13232	-8.72886	-6.69532
1386	1	4	2	2	6	3	17	-4.7298	-2.44798	-4.80545	-5.5359
1387	2	4	1	2	2	1	5	-2.78737	-3.63952	-4.25175	-4.05637
1388	2	4	1	2	2	1	5	-2.78737	-3.63952	-4.25175	-4.05637
1389	10	7	10	4	1	7	1	-12.4638	-10.9269	-9.86397	-9.00356
1390	2	1	21	3	2	1	5	-2.95275	-2.48618	-4.67027	-4.44274
1391	2	1	21	3	2	1	5	-2.95275	-2.48618	-4.67027	-4.44274
1392	10	1	16	19	10	5	7	-6.4866	-2.74751	-4.29366	-5.19989
1393	2	1	5	3	2	3	5	-4.25952	-3.25101	-5.77299	-4.80461
1394	2	1	5	3	2	3	5	-4.25952	-3.25101	-5.77299	-4.80461
1395	2	4	1	2	2	5	5	-6.8396	-6.40065	-9.30762	-9.21936
1396	2	4	1	2	7	1	5	-2.31707	-5.51554	-6.74595	-4.81325
1397	10	1	16	19	10	5	7	-6.4866	-2.74751	-4.29366	-5.19989
1398	2	4	1	2	7	1	5	-2.31707	-5.51554	-6.74595	-4.81325
1399	2	934	1	2	2	1	5	-6.54825	-7.02311	-6.76803	-7.00336
