Isolate	Loci0	Loci1	Loci2	Loci3	Loci4	Loci5	Loci6	Source0	Source1	Source2	Source3
0	1	2	3	4	5	9	3	-4.82745	-2.50412	-3.69368	-4.87901
1	4	7	10	4	1	7	1	-1.80998	-3.95648	-2.63562	-1.9052
2	2	4	1	2	2	1	5	-2.76848	-3.70492	-4.20437	-4.05745
3	2	4	1	2	2	1	5	-2.76848	-3.70492	-4.20437	-4.05745
4	9	25	2	10	22	3	6	-4.44845	-8.46673	-5.99544	-4.33102
5	4	7	10	4	1	7	1	-1.80998	-3.95648	-2.63562	-1.9052
6	4	7	10	4	1	7	1	-1.80998	-3.95648	-2.63562	-1.9052
7	4	7	10	4	42	51	1	-2.91469	-4.7768	-4.93632	-3.76468
8	2	4	1	2	2	1	5	-2.76848	-3.70492	-4.20437	-4.05745
9	10	81	50	99	120	76	52	-6.68246	-6.39585	-5.27922	-5.13585
10	2	1	21	3	2	1	5	-2.94897	-2.50968	-4.60538	-4.4432
11	2	1	21	3	2	1	5	-2.94897	-2.50968	-4.60538	-4.4432
12	9	25	2	10	22	3	6	-4.44845	-8.46673	-5.99544	-4.33102
13	2	1	21	3	2	1	5	-2.94897	-2.50968	-4.60538	-4.4432
14	10	27	16	19	10	5	7	-22.2865	-12.4879	-16.6825	-17.6449
15	2	4	1	2	2	1	5	-2.76848	-3.70492	-4.20437	-4.05745
16	2	4	1	2	2	1	5	-2.76848	-3.70492	-4.20437	-4.05745
17	9	2	4	62	4	5	6	-3.70444	-5.31104	-5.87583	-6.47796
18	9	53	2	53	11	3	3	-29.157	-25.8014	-25.002	-25.8646
19	2	4	1	2	2	1	5	-2.76848	-3.70492	-4.20437	-4.05745
20	2	4	1	2	2	1	5	-2.76848	-3.70492	-4.20437	-4.05745
21	4	7	10	4	1	7	1	-1.80998	-3.95648	-2.63562	-1.9052
22	2	4	1	2	2	1	5	-2.76848	-3.70492	-4.20437	-4.05745
23	1	4	2	2	6	3	17	-4.84727	-2.46627	-4.80229	-5.47938
24	4	7	10	4	1	7	1	-1.80998	-3.95648	-2.63562	-1.9052
25	2	1	21	3	2	1	5	-2.94897	-2.50968	-4.60538	-4.4432
26	8	10	2	2	11	12	6	-3.93857	-8.10755	-7.69201	-6.92622
27	2	4	2	2	6	1	5	-6.15173	-4.84625	-6.02275	-7.68773
28	2	1	12	3	2	1	5	-2.64315	-2.13262	-3.7594	-4.69008
29	2	4	1	2	2	1	5	-2.76848	-3.70492	-4.20437	-4.05745
30	4	7	10	4	1	7	1	-1.80998	-3.95648	-2.63562	-1.9052
31	10	1	16	19	10	5	7	-7.36395	-2.76218	-4.30414	-5.14617
32	1	2	3	4	5	9	3	-4.82745	-2.50412	-3.69368	-4.87901
33	2	4	1	2	2	1	5	-2.76848	-3.70492	-4.20437	-4.05745
34	2	4	1	2	2	1	5	-2.76848	-3.70492	-4.20437	-4.05745
35	2	4	1	2	2	1	5	-2.76848	-3.70492	-4.20437	-4.05745
36	4	7	10	4	1	7	1	-1.80998	-3.95648	-2.63562	-1.9052
37	129	66	30	82	189	47	17	-3.2326	-5.01325	-5.59429	-4.10677
38	2	1	12	3	357	1	5	-6.02654	-5.6589	-5.99575	-7.57185
39	9	2	4	62	4	5	6	-3.70444	-5.31104	-5.87583	-6.47796
40	2	1	1	3	2	1	5	-4.65286	-3.80149	-6.75564	-7.02953
41	2	1	12	3	357	1	5	-6.02654	-5.6589	-5.99575	-7.57185
42	2	1	5	3	2	3	5	-4.27608	-3.26832	-5.7404	-4.75231
43	2	1	5	3	2	3	5	-4.27608	-3.26832	-5.7404	-4.75231
44	2	4	1	2	2	1	5	-2.76848	-3.70492	-4.20437	-4.05745
45	2	4	1	2	2	1	5	-2.76848	-3.70492	-4.20437	-4.05745
46	2	4	2	2	6	1	5	-6.15173	-4.84625	-6.02275	-7.68773
47	1	4	2	2	6	3	17	-4.84727	-2.46627	-4.80229	-5.47938
48	2	1	21	3	2	1	5	-2.94897	-2.50968	-4.60538	-4.4432
49	2	1	2	3	2	3	5	-3.74265	-7.78336	-7.49146	-6.72358
50	2	1	21	3	2	1	5	-2.94897	-2.50968	-4.60538	-4.4432
51	7	17	2	15	23	3	12	-6.88515	-11.2209	-10.6405	-9.87223
52	2	4	1	2	7	1	5	-2.29082	-6.60766	-5.9197	-4.97516
53	9	2	4	62	4	5	6	-3.70444	-5.31104	-5.87583	-6.47796
54	2	4	1	2	7	1	5	-2.29082	-6.60766	-5.9197	-4.97516
55	9	2	4	62	4	5	6	-3.70444	-5.31104	-5.87583	-6.47796
56	2	1	12	88	2	1	5	-3.96914	-3.45129	-6.0284	-5.27084
57	2	1	5	3	2	3	5	-4.27608	-3.26832	-5.7404	-4.75231
58	2	4	1	2	2	1	5	-2.76848	-3.70492	-4.20437	-4.05745
59	9	2	4	62	4	5	6	-3.70444	-5.31104	-5.87583	-6.47796
60	2	1	5	3	2	3	5	-4.27608	-3.26832	-5.7404	-4.75231
61	2	4	1	2	2	1	5	-2.76848	-3.70492	-4.20437	-4.05745
62	2	4	1	2	2	1	5	-2.76848	-3.70492	-4.20437	-4.05745
63	2	4	1	2	2	1	5	-2.76848	-3.70492	-4.20437	-4.05745
64	2	4	1	2	2	1	5	-2.76848	-3.70492	-4.20437	-4.05745
65	2	4	1	2	2	1	5	-2.76848	-3.70492	-4.20437	-4.05745
66	2	4	1	2	2	1	5	-2.76848	-3.70492	-4.20437	-4.05745
67	1	2	215	4	90	24	8	-28.2537	-26.9328	-20.4098	-21.8872
68	2	4	1	2	2	1	5	-2.76848	-3.70492	-4.20437	-4.05745
69	1	2	3	4	5	9	3	-4.82745	-2.50412	-3.69368	-4.87901
70	2	4	1	2	2	1	5	-2.76848	-3.70492	-4.20437	-4.05745
71	2	4	1	2	2	1	5	-2.76848	-3.70492	-4.20437	-4.05745
72	9	25	2	10	22	3	6	-4.44845	-8.46673	-5.99544	-4.33102
73	2	15	4	48	360	25	23	-6.65205	-9.12288	-5.70017	-4.88926
74	2	4	1	2	2	1	5	-2.76848	-3.70492	-4.20437	-4.05745
75	2	1	12	88	2	1	5	-3.96914	-3.45129	-6.0284	-5.27084
76	2	4	2	2	6	1	5	-6.15173	-4.84625	-6.02275	-7.68773
77	10	1	16	19	10	5	7	-7.36395	-2.76218	-4.30414	-5.14617
78	2	4	1	2	2	1	5	-2.76848	-3.70492	-4.20437	-4.05745
79	2	1	12	3	2	1	5	-2.64315	-2.13262	-3.7594	-4.69008
80	2	4	1	2	2	1	5	-2.76848	-3.70492	-4.20437	-4.05745
81	2	4	1	2	2	1	5	-2.76848	-3.70492	-4.20437	-4.05745
82	1	4	2	2	6	3	17	-4.84727	-2.46627	-4.80229	-5.47938
83	10	1	16	19	10	5	7	-7.36395	-2.76218	-4.30414	-5.14617
84	8	10	149	2	11	12	6	-4.9178	-3.99811	-5.8142	-6.99622
85	2	4	1	2	2	1	5	-2.76848	-3.70492	-4.20437	-4.05745
86	2	4	1	2	7	1	5	-2.29082	-6.60766	-5.9197	-4.97516
87	32	39	30	82	104	324	17	-9.68133	-4.69852	-7.83701	-8.66231
88	1	2	3	4	5	9	3	-4.82745	-2.50412	-3.69368	-4.87901
89	2	1	5	3	2	3	5	-4.27608	-3.26832	-5.7404	-4.75231
90	2	4	1	2	2	1	5	-2.76848	-3.70492	-4.20437	-4.05745
91	2	4	1	2	7	1	5	-2.29082	-6.60766	-5.9197	-4.97516
92	4	7	10	4	1	7	1	-1.80998	-3.95648	-2.63562	-1.9052
93	2	1	2	3	2	3	5	-3.74265	-7.78336	-7.49146	-6.72358
94	2	1	12	3	2	1	5	-2.64315	-2.13262	-3.7594	-4.69008
95	2	1	21	3	2	1	5	-2.94897	-2.50968	-4.60538	-4.4432
96	2	1	21	3	2	1	5	-2.94897	-2.50968	-4.60538	-4.4432
97	9	2	5	2	11	3	1	-29.3887	-31.552	-28.7963	-26.5842
98	4	7	10	4	1	7	1	-1.80998	-3.95648	-2.63562	-1.9052
99	2	1	2	3	2	3	5	-3.74265	-7.78336	-7.49146	-6.72358
100	2	1	21	3	2	1	5	-2.94897	-2.50968	-4.60538	-4.4432
101	4	7	10	4	1	7	1	-1.80998	-3.95648	-2.63562	-1.9052
102	2	1	21	3	2	1	5	-2.94897	-2.50968	-4.60538	-4.4432
103	1	4	2	2	6	3	17	-4.84727	-2.46627	-4.80229	-5.47938
104	2	4	5	2	10	1	5	-6.87789	-11.1875	-10.6272	-9.86254
105	2	1	12	88	2	1	5	-3.96914	-3.45129	-6.0284	-5.27084
106	9	2	4	62	4	5	6	-3.70444	-5.31104	-5.87583	-6.47796
107	2	165	73	147	220	190	104	-8.57981	-10.5386	-6.9527	-5.2205
108	2	1	21	3	2	1	5	-2.94897	-2.50968	-4.60538	-4.4432
109	2	4	1	2	2	1	5	-2.76848	-3.70492	-4.20437	-4.05745
110	2	1	12	3	11	1	6	-18.9716	-16.9948	-20.9174	-21.0885
111	2	1	2	3	2	3	5	-3.74265	-7.78336	-7.49146	-6.72358
112	2	4	1	2	7	1	5	-2.29082	-6.60766	-5.9197	-4.97516
113	2	1	2	3	2	3	5	-3.74265	-7.78336	-7.49146	-6.72358
114	2	1	21	3	2	1	5	-2.94897	-2.50968	-4.60538	-4.4432
115	2	4	1	2	7	1	5	-2.29082	-6.60766	-5.9197	-4.97516
116	33	39	30	82	113	43	17	-10.3676	-6.44734	-6.16855	-8.34847
117	2	4	1	2	2	1	5	-2.76848	-3.70492	-4.20437	-4.05745
118	2	4	1	2	2	1	5	-2.76848	-3.70492	-4.20437	-4.05745
119	2	4	1	2	2	1	5	-2.76848	-3.70492	-4.20437	-4.05745
120	2	4	1	2	7	1	5	-2.29082	-6.60766	-5.9197	-4.97516
121	4	7	10	1	1	7	1	-5.25441	-8.9049	-5.99061	-6.07061
122	2	1	12	3	2	1	5	-2.64315	-2.13262	-3.7594	-4.69008
123	2	4	1	2	2	1	5	-2.76848	-3.70492	-4.20437	-4.05745
124	2	4	1	2	2	1	5	-2.76848	-3.70492	-4.20437	-4.05745
125	2	4	1	2	7	1	5	-2.29082	-6.60766	-5.9197	-4.97516
126	2	4	1	2	2	1	5	-2.76848	-3.70492	-4.20437	-4.05745
127	2	4	1	2	2	1	5	-2.76848	-3.70492	-4.20437	-4.05745
128	2	1	12	88	2	1	5	-3.96914	-3.45129	-6.0284	-5.27084
129	2	1	12	3	2	1	5	-2.64315	-2.13262	-3.7594	-4.69008
130	2	1	12	3	2	1	5	-2.64315	-2.13262	-3.7594	-4.69008
131	2	4	1	2	7	1	5	-2.29082	-6.60766	-5.9197	-4.97516
132	2	1	21	3	2	1	5	-2.94897	-2.50968	-4.60538	-4.4432
133	2	1	21	3	2	1	5	-2.94897	-2.50968	-4.60538	-4.4432
134	2	4	5	2	2	5	5	-3.65657	-7.93729	-6.98299	-5.77245
135	2	1	21	3	2	1	5	-2.94897	-2.50968	-4.60538	-4.4432
136	1	4	2	2	6	3	1	-11.6493	-9.80341	-10.8255	-11.1337
137	2	1	5	3	2	3	5	-4.27608	-3.26832	-5.7404	-4.75231
138	2	1	5	3	2	3	5	-4.27608	-3.26832	-5.7404	-4.75231
139	4	7	10	4	1	7	1	-1.80998	-3.95648	-2.63562	-1.9052
140	8	10	2	2	11	12	6	-3.93857	-8.10755	-7.69201	-6.92622
141	2	1	2	3	2	3	5	-3.74265	-7.78336	-7.49146	-6.72358
142	2	1	5	3	2	3	5	-4.27608	-3.26832	-5.7404	-4.75231
143	2	1	2	3	2	3	5	-3.74265	-7.78336	-7.49146	-6.72358
144	129	66	30	82	189	47	17	-3.2326	-5.01325	-5.59429	-4.10677
145	2	4	1	2	2	1	5	-2.76848	-3.70492	-4.20437	-4.05745
146	2	4	1	2	2	1	5	-2.76848	-3.70492	-4.20437	-4.05745
147	7	21	5	62	4	61	44	-8.72819	-3.85079	-5.82442	-7.40022
148	2	4	1	2	2	1	5	-2.76848	-3.70492	-4.20437	-4.05745
149	2	937	1	2	2	1	5	-6.07257	-7.23369	-6.43468	-6.92746
150	1	14	2	2	6	1	17	-9.52233	-6.46238	-7.85876	-6.30395
151	1	4	2	2	6	3	17	-4.84727	-2.46627	-4.80229	-5.47938
152	8	10	149	2	11	12	6	-4.9178	-3.99811	-5.8142	-6.99622
153	2	1	12	3	2	1	5	-2.64315	-2.13262	-3.7594	-4.69008
154	9	30	2	2	89	59	6	-4.93764	-9.27437	-8.69373	-7.92535
155	1	2	3	4	5	9	3	-4.82745	-2.50412	-3.69368	-4.87901
156	2	4	1	2	2	1	5	-2.76848	-3.70492	-4.20437	-4.05745
157	2	4	1	2	2	1	5	-2.76848	-3.70492	-4.20437	-4.05745
158	180	194	2	68	19	231	147	-22.187	-27.2736	-20.2182	-22.682
159	2	4	1	2	2	1	5	-2.76848	-3.70492	-4.20437	-4.05745
160	2	4	1	2	2	1	5	-2.76848	-3.70492	-4.20437	-4.05745
161	2	4	1	2	2	1	5	-2.76848	-3.70492	-4.20437	-4.05745
162	4	7	10	4	1	7	1	-1.80998	-3.95648	-2.63562	-1.9052
163	2	4	1	2	2	1	5	-2.76848	-3.70492	-4.20437	-4.05745
164	2	1	21	3	2	1	5	-2.94897	-2.50968	-4.60538	-4.4432
165	2	4	1	2	7	1	5	-2.29082	-6.60766	-5.9197	-4.97516
166	2	4	1	2	2	1	5	-2.76848	-3.70492	-4.20437	-4.05745
167	10	1	16	19	10	5	7	-7.36395	-2.76218	-4.30414	-5.14617
168	104	7	10	4	1	7	1	-4.39415	-8.73673	-8.13866	-7.36547
169	2	4	1	2	2	1	5	-2.76848	-3.70492	-4.20437	-4.05745
170	10	27	16	19	10	5	7	-22.2865	-12.4879	-16.6825	-17.6449
171	2	4	1	2	2	1	5	-2.76848	-3.70492	-4.20437	-4.05745
172	2	1	1	3	2	1	5	-4.65286	-3.80149	-6.75564	-7.02953
173	7	21	5	62	4	61	44	-8.72819	-3.85079	-5.82442	-7.40022
174	2	1	1	3	2	1	5	-4.65286	-3.80149	-6.75564	-7.02953
175	10	1	16	19	10	5	7	-7.36395	-2.76218	-4.30414	-5.14617
176	2	4	1	2	2	1	5	-2.76848	-3.70492	-4.20437	-4.05745
177	2	4	1	2	2	1	5	-2.76848	-3.70492	-4.20437	-4.05745
178	2	1	12	3	2	1	5	-2.64315	-2.13262	-3.7594	-4.69008
179	2	4	1	2	2	1	5	-2.76848	-3.70492	-4.20437	-4.05745
180	2	4	1	2	2	1	5	-2.76848	-3.70492	-4.20437	-4.05745
181	1	4	2	2	6	3	17	-4.84727	-2.46627	-4.80229	-5.47938
182	2	1	12	3	2	1	5	-2.64315	-2.13262	-3.7594	-4.69008
183	4	7	10	4	1	7	1	-1.80998	-3.95648	-2.63562	-1.9052
184	2	4	1	2	2	1	5	-2.76848	-3.70492	-4.20437	-4.05745
185	2	4	1	2	2	1	5	-2.76848	-3.70492	-4.20437	-4.05745
186	2	1	21	3	2	1	5	-2.94897	-2.50968	-4.60538	-4.4432
187	4	7	10	4	1	7	1	-1.80998	-3.95648	-2.63562	-1.9052
188	4	7	10	4	42	51	1	-2.91469	-4.7768	-4.93632	-3.76468
189	2	1	5	3	2	3	5	-4.27608	-3.26832	-5.7404	-4.75231
190	1	2	4	62	4	5	17	-6.16623	-4.87148	-7.87706	-8.3013
191	4	7	10	4	1	7	1	-1.80998	-3.95648	-2.63562	-1.9052
192	4	7	10	4	42	51	1	-2.91469	-4.7768	-4.93632	-3.76468
193	2	1	21	3	2	1	5	-2.94897	-2.50968	-4.60538	-4.4432
194	4	7	10	4	42	51	1	-2.91469	-4.7768	-4.93632	-3.76468
195	2	4	1	2	7	1	5	-2.29082	-6.60766	-5.9197	-4.97516
196	2	4	1	2	2	1	5	-2.76848	-3.70492	-4.20437	-4.05745
197	1	2	3	4	5	9	3	-4.82745	-2.50412	-3.69368	-4.87901
198	1	2	4	62	4	5	17	-6.16623	-4.87148	-7.87706	-8.3013
199	2	250	4	281	358	25	57	-27.6407	-28.3503	-18.4885	-19.2656
200	9	2	4	62	4	5	6	-3.70444	-5.31104	-5.87583	-6.47796
201	1	2	3	4	5	9	3	-4.82745	-2.50412	-3.69368	-4.87901
202	4	7	10	4	1	7	1	-1.80998	-3.95648	-2.63562	-1.9052
203	2	4	2	4	19	3	6	-5.78212	-10.1099	-9.53382	-8.76403
204	4	7	10	4	1	7	1	-1.80998	-3.95648	-2.63562	-1.9052
205	4	7	10	4	42	51	1	-2.91469	-4.7768	-4.93632	-3.76468
206	2	1	12	3	2	1	5	-2.64315	-2.13262	-3.7594	-4.69008
207	4	7	10	4	1	7	1	-1.80998	-3.95648	-2.63562	-1.9052
208	2	1	12	3	2	1	5	-2.64315	-2.13262	-3.7594	-4.69008
209	1	2	4	62	4	5	17	-6.16623	-4.87148	-7.87706	-8.3013
210	4	7	10	4	42	51	1	-2.91469	-4.7768	-4.93632	-3.76468
211	2	4	1	2	2	1	5	-2.76848	-3.70492	-4.20437	-4.05745
212	4	7	10	4	1	7	1	-1.80998	-3.95648	-2.63562	-1.9052
213	2	1	21	3	2	1	5	-2.94897	-2.50968	-4.60538	-4.4432
214	47	2	4	2	6	5	17	-11.0164	-9.70895	-6.19733	-8.47646
215	2	1	21	3	2	1	5	-2.94897	-2.50968	-4.60538	-4.4432
216	2	1	21	3	2	1	5	-2.94897	-2.50968	-4.60538	-4.4432
217	2	4	1	2	2	1	5	-2.76848	-3.70492	-4.20437	-4.05745
218	2	4	1	2	2	1	5	-2.76848	-3.70492	-4.20437	-4.05745
219	10	81	50	99	120	76	52	-6.68246	-6.39585	-5.27922	-5.13585
220	2	4	1	2	2	1	5	-2.76848	-3.70492	-4.20437	-4.05745
221	2	4	1	2	2	1	5	-2.76848	-3.70492	-4.20437	-4.05745
222	1	4	2	2	6	3	17	-4.84727	-2.46627	-4.80229	-5.47938
223	1	2	4	62	4	5	17	-6.16623	-4.87148	-7.87706	-8.3013
224	4	7	10	4	1	7	1	-1.80998	-3.95648	-2.63562	-1.9052
225	4	7	10	4	1	7	1	-1.80998	-3.95648	-2.63562	-1.9052
226	10	1	16	19	10	5	7	-7.36395	-2.76218	-4.30414	-5.14617
227	2	4	1	2	2	1	5	-2.76848	-3.70492	-4.20437	-4.05745
228	2	4	1	2	7	1	5	-2.29082	-6.60766	-5.9197	-4.97516
229	1	4	2	348	6	3	17	-10.3737	-5.37995	-8.52502	-9.35302
230	1	2	4	62	4	5	17	-6.16623	-4.87148	-7.87706	-8.3013
231	10	27	16	19	10	5	7	-22.2865	-12.4879	-16.6825	-17.6449
232	1	4	2	2	6	3	17	-4.84727	-2.46627	-4.80229	-5.47938
233	4	7	10	4	42	51	1	-2.91469	-4.7768	-4.93632	-3.76468
234	2	4	1	2	2	1	5	-2.76848	-3.70492	-4.20437	-4.05745
235	2	1	12	3	2	1	5	-2.64315	-2.13262	-3.7594	-4.69008
236	2	1	12	88	2	1	5	-3.96914	-3.45129	-6.0284	-5.27084
237	2	4	1	2	7	1	5	-2.29082	-6.60766	-5.9197	-4.97516
238	2	1	12	3	2	1	5	-2.64315	-2.13262	-3.7594	-4.69008
239	1	4	2	2	6	3	17	-4.84727	-2.46627	-4.80229	-5.47938
240	2	1	4	28	58	25	58	-5.62854	-8.66421	-5.36578	-4.20876
241	2	1	5	3	2	3	5	-4.27608	-3.26832	-5.7404	-4.75231
242	2	1	12	3	2	1	5	-2.64315	-2.13262	-3.7594	-4.69008
243	2	4	1	2	2	1	5	-2.76848	-3.70492	-4.20437	-4.05745
244	2	1	5	10	11	1	5	-27.5704	-21.3571	-24.7339	-25.6055
245	2	1	12	3	2	1	5	-2.64315	-2.13262	-3.7594	-4.69008
246	2	1	12	88	2	1	5	-3.96914	-3.45129	-6.0284	-5.27084
247	2	1	12	3	2	1	5	-2.64315	-2.13262	-3.7594	-4.69008
248	2	1	12	3	2	1	5	-2.64315	-2.13262	-3.7594	-4.69008
249	1	4	2	2	6	3	17	-4.84727	-2.46627	-4.80229	-5.47938
250	9	2	4	62	4	5	6	-3.70444	-5.31104	-5.87583	-6.47796
251	2	1	12	3	2	1	5	-2.64315	-2.13262	-3.7594	-4.69008
252	8	10	149	2	11	12	6	-4.9178	-3.99811	-5.8142	-6.99622
253	2	1	21	3	2	1	5	-2.94897	-2.50968	-4.60538	-4.4432
254	1	2	3	4	5	9	3	-4.82745	-2.50412	-3.69368	-4.87901
255	2	1	5	3	2	3	5	-4.27608	-3.26832	-5.7404	-4.75231
256	1	307	3	4	5	9	3	-6.85869	-6.43613	-6.14585	-8.14704
257	1	4	2	2	6	3	17	-4.84727	-2.46627	-4.80229	-5.47938
258	2	4	1	2	7	1	5	-2.29082	-6.60766	-5.9197	-4.97516
259	2	4	1	2	2	1	5	-2.76848	-3.70492	-4.20437	-4.05745
260	2	61	4	64	126	7	23	-5.97088	-9.23508	-5.94581	-4.22171
261	7	21	5	62	4	61	44	-8.72819	-3.85079	-5.82442	-7.40022
262	2	1	12	3	2	1	5	-2.64315	-2.13262	-3.7594	-4.69008
263	2	4	1	2	2	1	5	-2.76848	-3.70492	-4.20437	-4.05745
264	2	1	12	3	2	1	5	-2.64315	-2.13262	-3.7594	-4.69008
265	2	1	21	3	2	1	5	-2.94897	-2.50968	-4.60538	-4.4432
266	2	1	21	3	2	1	5	-2.94897	-2.50968	-4.60538	-4.4432
267	2	4	1	2	2	1	5	-2.76848	-3.70492	-4.20437	-4.05745
268	2	4	1	2	2	1	5	-2.76848	-3.70492	-4.20437	-4.05745
269	2	4	1	2	7	1	5	-2.29082	-6.60766	-5.9197	-4.97516
270	4	7	10	4	1	7	1	-1.80998	-3.95648	-2.63562	-1.9052
271	1	2	4	62	4	5	17	-6.16623	-4.87148	-7.87706	-8.3013
272	4	1	21	3	2	1	5	-9.82229	-9.94652	-10.7508	-10.1655
273	10	1	16	19	10	5	7	-7.36395	-2.76218	-4.30414	-5.14617
274	33	283	44	82	189	44	17	-8.15587	-3.49089	-5.60926	-5.95978
275	2	1	12	3	2	1	5	-2.64315	-2.13262	-3.7594	-4.69008
276	10	81	50	99	120	76	52	-6.68246	-6.39585	-5.27922	-5.13585
277	4	7	10	4	42	25	1	-8.47233	-9.35096	-5.79917	-5.1562
278	2	4	1	2	2	1	5	-2.76848	-3.70492	-4.20437	-4.05745
279	2	4	5	2	10	1	5	-6.87789	-11.1875	-10.6272	-9.86254
280	2	4	1	2	2	1	5	-2.76848	-3.70492	-4.20437	-4.05745
281	9	2	4	62	4	5	6	-3.70444	-5.31104	-5.87583	-6.47796
282	4	7	10	4	1	7	1	-1.80998	-3.95648	-2.63562	-1.9052
283	2	1	12	3	2	1	5	-2.64315	-2.13262	-3.7594	-4.69008
284	9	2	4	62	4	5	6	-3.70444	-5.31104	-5.87583	-6.47796
285	9	2	4	62	4	5	6	-3.70444	-5.31104	-5.87583	-6.47796
286	2	4	1	2	2	1	5	-2.76848	-3.70492	-4.20437	-4.05745
287	2	1	12	88	2	1	5	-3.96914	-3.45129	-6.0284	-5.27084
288	2	1	21	3	2	1	5	-2.94897	-2.50968	-4.60538	-4.4432
289	33	39	30	79	113	44	17	-27.2772	-24.2168	-25.4684	-27.1199
290	1	2	3	4	5	9	3	-4.82745	-2.50412	-3.69368	-4.87901
291	1	4	2	2	6	3	17	-4.84727	-2.46627	-4.80229	-5.47938
292	9	2	4	62	4	5	6	-3.70444	-5.31104	-5.87583	-6.47796
293	2	1	12	3	2	1	5	-2.64315	-2.13262	-3.7594	-4.69008
294	2	1	5	3	2	5	5	-5.94754	-2.8375	-4.18916	-5.46064
295	2	1	5	3	2	5	5	-5.94754	-2.8375	-4.18916	-5.46064
296	2	4	1	2	2	1	5	-2.76848	-3.70492	-4.20437	-4.05745
297	2	4	1	2	2	1	5	-2.76848	-3.70492	-4.20437	-4.05745
298	2	1	21	3	2	1	5	-2.94897	-2.50968	-4.60538	-4.4432
299	32	39	30	82	104	324	17	-9.68133	-4.69852	-7.83701	-8.66231
300	2	1	12	3	2	1	5	-2.64315	-2.13262	-3.7594	-4.69008
301	4	7	10	4	1	7	1	-1.80998	-3.95648	-2.63562	-1.9052
302	1	4	2	2	6	3	5	-9.98539	-5.24653	-8.44381	-9.2889
303	2	1	21	3	2	1	5	-2.94897	-2.50968	-4.60538	-4.4432
304	4	7	10	4	42	51	1	-2.91469	-4.7768	-4.93632	-3.76468
305	2	4	1	2	7	1	5	-2.29082	-6.60766	-5.9197	-4.97516
306	7	21	5	62	4	61	44	-8.72819	-3.85079	-5.82442	-7.40022
307	104	7	10	4	1	7	1	-4.39415	-8.73673	-8.13866	-7.36547
308	9	25	2	10	22	3	6	-4.44845	-8.46673	-5.99544	-4.33102
309	2	4	2	2	6	3	17	-11.0694	-7.35944	-10.5217	-10.9559
310	2	4	1	2	7	1	5	-2.29082	-6.60766	-5.9197	-4.97516
311	129	66	30	82	189	47	17	-3.2326	-5.01325	-5.59429	-4.10677
312	33	39	30	82	104	173	68	-5.46834	-4.00423	-7.02974	-7.50163
313	2	1	12	3	2	1	5	-2.64315	-2.13262	-3.7594	-4.69008
314	2	1	1	3	2	1	5	-4.65286	-3.80149	-6.75564	-7.02953
315	7	21	5	62	4	61	44	-8.72819	-3.85079	-5.82442	-7.40022
316	2	1	21	3	2	1	5	-2.94897	-2.50968	-4.60538	-4.4432
317	4	7	10	4	1	7	1	-1.80998	-3.95648	-2.63562	-1.9052
318	10	2	107	62	120	76	1	-6.82515	-10.7165	-7.97749	-6.29022
319	4	7	10	4	1	7	1	-1.80998	-3.95648	-2.63562	-1.9052
320	2	1	12	3	2	1	5	-2.64315	-2.13262	-3.7594	-4.69008
321	2	1	5	3	2	3	5	-4.27608	-3.26832	-5.7404	-4.75231
322	4	7	10	4	1	7	1	-1.80998	-3.95648	-2.63562	-1.9052
323	2	1	12	88	2	1	5	-3.96914	-3.45129	-6.0284	-5.27084
324	4	7	10	4	42	7	1	-6.53658	-8.98417	-5.58203	-4.64134
325	4	7	10	4	42	51	1	-2.91469	-4.7768	-4.93632	-3.76468
326	2	1	21	3	2	1	5	-2.94897	-2.50968	-4.60538	-4.4432
327	2	1	12	3	2	1	5	-2.64315	-2.13262	-3.7594	-4.69008
328	4	7	10	4	1	7	1	-1.80998	-3.95648	-2.63562	-1.9052
329	2	4	1	2	7	1	5	-2.29082	-6.60766	-5.9197	-4.97516
330	4	7	10	4	1	7	1	-1.80998	-3.95648	-2.63562	-1.9052
331	2	1	12	3	2	1	5	-2.64315	-2.13262	-3.7594	-4.69008
332	4	7	10	4	1	7	1	-1.80998	-3.95648	-2.63562	-1.9052
333	4	7	10	4	1	7	1	-1.80998	-3.95648	-2.63562	-1.9052
334	1	4	2	2	6	3	17	-4.84727	-2.46627	-4.80229	-5.47938
335	2	4	1	2	2	1	5	-2.76848	-3.70492	-4.20437	-4.05745
336	4	7	10	4	1	7	1	-1.80998	-3.95648	-2.63562	-1.9052
337	7	17	2	15	23	3	12	-6.88515	-11.2209	-10.6405	-9.87223
338	2	1	5	3	2	3	5	-4.27608	-3.26832	-5.7404	-4.75231
339	4	7	10	4	1	7	1	-1.80998	-3.95648	-2.63562	-1.9052
340	4	7	10	4	1	7	1	-1.80998	-3.95648	-2.63562	-1.9052
341	4	7	10	4	42	51	1	-2.91469	-4.7768	-4.93632	-3.76468
342	2	4	1	2	2	1	5	-2.76848	-3.70492	-4.20437	-4.05745
343	2	1	12	88	2	1	5	-3.96914	-3.45129	-6.0284	-5.27084
344	2	1	1	3	2	1	5	-4.65286	-3.80149	-6.75564	-7.02953
345	1	2	3	4	5	9	3	-4.82745	-2.50412	-3.69368	-4.87901
346	2	1	12	88	2	1	5	-3.96914	-3.45129	-6.0284	-5.27084
347	2	1	1	3	2	1	5	-4.65286	-3.80149	-6.75564	-7.02953
348	24	17	2	10	23	68	5	-10.7791	-5.79449	-8.9348	-9.76042
349	4	7	10	4	1	7	1	-1.80998	-3.95648	-2.63562	-1.9052
350	2	1	21	3	2	1	5	-2.94897	-2.50968	-4.60538	-4.4432
351	1	4	2	2	6	3	17	-4.84727	-2.46627	-4.80229	-5.47938
352	2	1	5	3	2	3	5	-4.27608	-3.26832	-5.7404	-4.75231
353	4	7	10	4	1	7	1	-1.80998	-3.95648	-2.63562	-1.9052
354	2	1	1	3	2	1	5	-4.65286	-3.80149	-6.75564	-7.02953
355	2	1	12	3	2	1	5	-2.64315	-2.13262	-3.7594	-4.69008
356	8	10	149	2	11	12	6	-4.9178	-3.99811	-5.8142	-6.99622
357	2	4	1	2	2	5	5	-6.83197	-6.41741	-9.1789	-9.34808
358	10	1	16	19	10	5	7	-7.36395	-2.76218	-4.30414	-5.14617
359	24	17	2	10	23	68	5	-10.7791	-5.79449	-8.9348	-9.76042
360	1	2	4	62	4	5	17	-6.16623	-4.87148	-7.87706	-8.3013
361	2	4	1	2	7	1	5	-2.29082	-6.60766	-5.9197	-4.97516
362	7	71	5	62	11	67	6	-28.15	-25.7167	-26.6234	-28.6929
363	7	17	5	2	10	3	6	-26.1149	-24.268	-24.2673	-23.0004
364	2	1	5	3	2	3	5	-4.27608	-3.26832	-5.7404	-4.75231
365	9	2	4	62	4	5	6	-3.70444	-5.31104	-5.87583	-6.47796
366	33	38	30	82	104	325	36	-14.8558	-10.0257	-11.8667	-13.3383
367	2	4	1	2	7	1	5	-2.29082	-6.60766	-5.9197	-4.97516
368	47	2	4	2	6	5	17	-11.0164	-9.70895	-6.19733	-8.47646
369	2	1	12	88	2	1	5	-3.96914	-3.45129	-6.0284	-5.27084
370	2	1	12	88	2	1	5	-3.96914	-3.45129	-6.0284	-5.27084
371	2	1	12	88	2	1	5	-3.96914	-3.45129	-6.0284	-5.27084
372	2	1	12	88	2	1	5	-3.96914	-3.45129	-6.0284	-5.27084
373	2	4	1	2	2	1	5	-2.76848	-3.70492	-4.20437	-4.05745
374	2	1	12	88	2	1	5	-3.96914	-3.45129	-6.0284	-5.27084
375	1	1	2	2	6	3	17	-10.9352	-6.08894	-9.34022	-10.2306
376	2	1	12	88	2	1	5	-3.96914	-3.45129	-6.0284	-5.27084
377	2	1	12	88	2	1	5	-3.96914	-3.45129	-6.0284	-5.27084
378	2	4	1	2	2	1	5	-2.76848	-3.70492	-4.20437	-4.05745
379	2	1	12	88	2	1	5	-3.96914	-3.45129	-6.0284	-5.27084
380	2	1	5	3	2	3	5	-4.27608	-3.26832	-5.7404	-4.75231
381	4	7	10	4	1	7	1	-1.80998	-3.95648	-2.63562	-1.9052
382	2	1	12	3	2	1	5	-2.64315	-2.13262	-3.7594	-4.69008
383	1	2	4	62	4	5	17	-6.16623	-4.87148	-7.87706	-8.3013
384	1	4	2	2	6	3	17	-4.84727	-2.46627	-4.80229	-5.47938
385	2	1	12	3	2	1	5	-2.64315	-2.13262	-3.7594	-4.69008
386	2	1	12	88	2	1	5	-3.96914	-3.45129	-6.0284	-5.27084
387	9	2	4	62	4	5	6	-3.70444	-5.31104	-5.87583	-6.47796
388	2	4	1	2	7	1	5	-2.29082	-6.60766	-5.9197	-4.97516
389	2	1	5	3	2	3	5	-4.27608	-3.26832	-5.7404	-4.75231
390	7	21	5	62	4	61	44	-8.72819	-3.85079	-5.82442	-7.40022
391	1	2	215	4	90	24	8	-28.2537	-26.9328	-20.4098	-21.8872
392	2	1	21	3	2	1	5	-2.94897	-2.50968	-4.60538	-4.4432
393	1	4	2	2	6	3	17	-4.84727	-2.46627	-4.80229	-5.47938
394	2	4	1	2	2	1	5	-2.76848	-3.70492	-4.20437	-4.05745
395	2	1	12	3	2	1	5	-2.64315	-2.13262	-3.7594	-4.69008
396	1	2	3	4	5	9	3	-4.82745	-2.50412	-3.69368	-4.87901
397	2	1	5	3	2	3	5	-4.27608	-3.26832	-5.7404	-4.75231
398	10	1	16	19	10	5	7	-7.36395	-2.76218	-4.30414	-5.14617
399	2	1	2	3	2	959	5	-7.12286	-10.3318	-9.68928	-9.59879
400	10	1	16	19	10	5	7	-7.36395	-2.76218	-4.30414	-5.14617
401	2	4	1	2	7	1	5	-2.29082	-6.60766	-5.9197	-4.97516
402	2	1	12	3	2	1	5	-2.64315	-2.13262	-3.7594	-4.69008
403	8	10	149	2	11	12	6	-4.9178	-3.99811	-5.8142	-6.99622
404	2	4	1	2	7	1	5	-2.29082	-6.60766	-5.9197	-4.97516
405	4	7	10	4	1	7	1	-1.80998	-3.95648	-2.63562	-1.9052
406	4	7	10	4	1	7	1	-1.80998	-3.95648	-2.63562	-1.9052
407	2	4	5	2	2	5	5	-3.65657	-7.93729	-6.98299	-5.77245
408	2	1	12	3	2	1	5	-2.64315	-2.13262	-3.7594	-4.69008
409	166	2	27	10	151	3	1	-29.7223	-30.6101	-25.3488	-25.7499
410	33	39	30	79	113	44	17	-27.2772	-24.2168	-25.4684	-27.1199
411	7	17	2	15	23	3	12	-6.88515	-11.2209	-10.6405	-9.87223
412	1	2	3	4	5	9	3	-4.82745	-2.50412	-3.69368	-4.87901
413	2	4	1	2	7	1	5	-2.29082	-6.60766	-5.9197	-4.97516
414	7	21	5	62	4	61	44	-8.72819	-3.85079	-5.82442	-7.40022
415	2	1	12	3	2	1	5	-2.64315	-2.13262	-3.7594	-4.69008
416	1	2	3	4	5	9	3	-4.82745	-2.50412	-3.69368	-4.87901
417	2	1	5	88	2	11	5	-9.9471	-5.35314	-6.09748	-8.12361
418	2	4	1	2	7	1	5	-2.29082	-6.60766	-5.9197	-4.97516
419	2	1	21	3	2	1	5	-2.94897	-2.50968	-4.60538	-4.4432
420	7	17	2	15	23	3	12	-6.88515	-11.2209	-10.6405	-9.87223
421	2	1	5	88	2	11	5	-9.9471	-5.35314	-6.09748	-8.12361
422	47	2	4	2	6	5	17	-11.0164	-9.70895	-6.19733	-8.47646
423	1	2	3	4	5	9	3	-4.82745	-2.50412	-3.69368	-4.87901
424	7	17	2	15	23	3	12	-6.88515	-11.2209	-10.6405	-9.87223
425	2	4	1	2	2	1	5	-2.76848	-3.70492	-4.20437	-4.05745
426	2	4	1	2	2	1	5	-2.76848	-3.70492	-4.20437	-4.05745
427	2	4	1	2	2	1	5	-2.76848	-3.70492	-4.20437	-4.05745
428	2	1	12	3	2	1	5	-2.64315	-2.13262	-3.7594	-4.69008
429	2	4	5	2	2	5	5	-3.65657	-7.93729	-6.98299	-5.77245
430	2	1	21	3	2	1	5	-2.94897	-2.50968	-4.60538	-4.4432
431	4	7	10	4	42	25	1	-8.47233	-9.35096	-5.79917	-5.1562
432	1	4	2	2	6	3	17	-4.84727	-2.46627	-4.80229	-5.47938
433	1	2	215	4	923	24	8	-28.2537	-26.9328	-20.4098	-21.8872
434	1	2	3	4	5	9	3	-4.82745	-2.50412	-3.69368	-4.87901
435	2	1	1	3	2	1	5	-4.65286	-3.80149	-6.75564	-7.02953
436	1	4	2	2	6	3	17	-4.84727	-2.46627	-4.80229	-5.47938
437	2	4	1	2	2	1	5	-2.76848	-3.70492	-4.20437	-4.05745
438	2	1	5	3	2	5	5	-5.94754	-2.8375	-4.18916	-5.46064
439	4	7	10	4	42	51	1	-2.91469	-4.7768	-4.93632	-3.76468
440	4	7	10	4	1	7	1	-1.80998	-3.95648	-2.63562	-1.9052
441	4	7	10	4	1	7	1	-1.80998	-3.95648	-2.63562	-1.9052
442	4	7	10	4	1	7	1	-1.80998	-3.95648	-2.63562	-1.9052
443	2	1	21	3	2	1	5	-2.94897	-2.50968	-4.60538	-4.4432
444	2	1	21	3	2	1	5	-2.94897	-2.50968	-4.60538	-4.4432
445	2	4	1	2	7	1	5	-2.29082	-6.60766	-5.9197	-4.97516
446	4	7	10	4	1	7	1	-1.80998	-3.95648	-2.63562	-1.9052
447	4	7	10	4	1	7	1	-1.80998	-3.95648	-2.63562	-1.9052
448	2	1	1	3	2	1	5	-4.65286	-3.80149	-6.75564	-7.02953
449	2	1	21	3	2	1	5	-2.94897	-2.50968	-4.60538	-4.4432
450	2	1	21	3	2	1	5	-2.94897	-2.50968	-4.60538	-4.4432
451	4	7	10	4	42	51	1	-2.91469	-4.7768	-4.93632	-3.76468
452	4	7	10	1	1	7	1	-5.25441	-8.9049	-5.99061	-6.07061
453	239	27	16	19	10	5	7	-11.4744	-6.49022	-9.62827	-10.4547
454	2	1	12	3	2	1	5	-2.64315	-2.13262	-3.7594	-4.69008
455	2	4	1	2	2	1	5	-2.76848	-3.70492	-4.20437	-4.05745
456	2	1	12	3	2	1	5	-2.64315	-2.13262	-3.7594	-4.69008
457	2	1	12	3	2	1	5	-2.64315	-2.13262	-3.7594	-4.69008
458	10	81	50	99	120	76	52	-6.68246	-6.39585	-5.27922	-5.13585
459	47	2	4	2	6	5	17	-11.0164	-9.70895	-6.19733	-8.47646
460	2	4	1	3	2	1	5	-6.81986	-8.44219	-9.97767	-9.63549
461	4	7	10	4	1	7	1	-1.80998	-3.95648	-2.63562	-1.9052
462	2	1	1	380	2	1	5	-6.1742	-5.75921	-8.61594	-8.72678
463	2	4	1	2	7	1	5	-2.29082	-6.60766	-5.9197	-4.97516
464	2	1	12	88	2	1	5	-3.96914	-3.45129	-6.0284	-5.27084
465	7	71	5	62	11	67	1	-30.8569	-25.9771	-25.4629	-27.9435
466	2	4	1	2	7	1	5	-2.29082	-6.60766	-5.9197	-4.97516
467	4	7	10	4	1	7	1	-1.80998	-3.95648	-2.63562	-1.9052
468	2	1	1	380	2	1	5	-6.1742	-5.75921	-8.61594	-8.72678
469	2	4	1	2	2	1	5	-2.76848	-3.70492	-4.20437	-4.05745
470	2	1	12	3	2	1	5	-2.64315	-2.13262	-3.7594	-4.69008
471	1	14	2	2	6	1	17	-9.52233	-6.46238	-7.85876	-6.30395
472	1	2	4	62	4	5	17	-6.16623	-4.87148	-7.87706	-8.3013
473	4	7	10	4	1	7	1	-1.80998	-3.95648	-2.63562	-1.9052
474	2	1	21	3	2	1	5	-2.94897	-2.50968	-4.60538	-4.4432
475	2	4	1	2	2	1	5	-2.76848	-3.70492	-4.20437	-4.05745
476	1	4	2	2	6	3	17	-4.84727	-2.46627	-4.80229	-5.47938
477	4	7	10	4	1	7	1	-1.80998	-3.95648	-2.63562	-1.9052
478	10	2	107	62	120	76	1	-6.82515	-10.7165	-7.97749	-6.29022
479	2	1	12	3	2	1	5	-2.64315	-2.13262	-3.7594	-4.69008
480	2	1	5	3	2	3	5	-4.27608	-3.26832	-5.7404	-4.75231
481	2	1	21	3	2	1	5	-2.94897	-2.50968	-4.60538	-4.4432
482	1	2	3	4	5	9	3	-4.82745	-2.50412	-3.69368	-4.87901
483	1	307	3	4	5	9	3	-6.85869	-6.43613	-6.14585	-8.14704
484	7	2	5	2	10	3	6	-32.1091	-27.3486	-29.2319	-29.1039
485	1	2	3	4	5	9	3	-4.82745	-2.50412	-3.69368	-4.87901
486	33	39	30	82	104	173	68	-5.46834	-4.00423	-7.02974	-7.50163
487	4	7	10	4	42	7	1	-6.53658	-8.98417	-5.58203	-4.64134
488	2	1	12	88	2	1	5	-3.96914	-3.45129	-6.0284	-5.27084
489	2	4	1	2	2	1	5	-2.76848	-3.70492	-4.20437	-4.05745
490	2	1	21	3	2	1	5	-2.94897	-2.50968	-4.60538	-4.4432
491	9	2	4	62	4	5	6	-3.70444	-5.31104	-5.87583	-6.47796
492	2	1	5	3	2	3	5	-4.27608	-3.26832	-5.7404	-4.75231
493	4	7	10	4	1	7	1	-1.80998	-3.95648	-2.63562	-1.9052
494	2	1	57	26	127	29	35	-6.8651	-9.50529	-6.18252	-8.24305
495	2	1	57	26	127	29	35	-6.8651	-9.50529	-6.18252	-8.24305
496	2	4	2	4	19	3	6	-5.78212	-10.1099	-9.53382	-8.76403
497	2	1	12	3	2	1	5	-2.64315	-2.13262	-3.7594	-4.69008
498	2	4	1	2	2	1	5	-2.76848	-3.70492	-4.20437	-4.05745
499	2	4	1	2	2	1	5	-2.76848	-3.70492	-4.20437	-4.05745
500	2	1	21	3	2	1	5	-2.94897	-2.50968	-4.60538	-4.4432
501	33	39	65	79	104	43	17	-4.58184	-8.91803	-8.33727	-7.56965
502	1	14	2	2	6	1	17	-9.52233	-6.46238	-7.85876	-6.30395
503	2	1	12	3	2	1	5	-2.64315	-2.13262	-3.7594	-4.69008
504	7	21	5	62	4	61	44	-8.72819	-3.85079	-5.82442	-7.40022
505	9	2	4	62	4	5	6	-3.70444	-5.31104	-5.87583	-6.47796
506	129	66	30	82	189	47	17	-3.2326	-5.01325	-5.59429	-4.10677
507	2	1	21	3	2	1	5	-2.94897	-2.50968	-4.60538	-4.4432
508	47	2	4	2	6	5	17	-11.0164	-9.70895	-6.19733	-8.47646
509	2	4	1	2	7	1	5	-2.29082	-6.60766	-5.9197	-4.97516
510	33	38	30	82	104	325	36	-14.8558	-10.0257	-11.8667	-13.3383
511	1	4	2	2	6	3	17	-4.84727	-2.46627	-4.80229	-5.47938
512	1	4	2	2	6	3	17	-4.84727	-2.46627	-4.80229	-5.47938
513	2	4	1	2	2	1	5	-2.76848	-3.70492	-4.20437	-4.05745
514	4	7	10	4	1	7	1	-1.80998	-3.95648	-2.63562	-1.9052
515	33	283	44	82	189	44	17	-8.15587	-3.49089	-5.60926	-5.95978
516	8	10	149	2	11	12	6	-4.9178	-3.99811	-5.8142	-6.99622
517	2	1	21	3	62	1	5	-5.77973	-10.0912	-9.53217	-8.76552
518	10	1	16	19	10	5	7	-7.36395	-2.76218	-4.30414	-5.14617
519	180	194	2	68	19	231	147	-22.187	-27.2736	-20.2182	-22.682
520	2	4	1	2	7	1	5	-2.29082	-6.60766	-5.9197	-4.97516
521	2	4	2	2	6	1	5	-6.15173	-4.84625	-6.02275	-7.68773
522	1	2	3	4	5	9	3	-4.82745	-2.50412	-3.69368	-4.87901
523	2	1	21	3	2	1	5	-2.94897	-2.50968	-4.60538	-4.4432
524	2	1	12	3	2	1	5	-2.64315	-2.13262	-3.7594	-4.69008
525	2	1	5	3	2	3	5	-4.27608	-3.26832	-5.7404	-4.75231
526	1	307	3	4	5	9	3	-6.85869	-6.43613	-6.14585	-8.14704
527	2	4	1	2	7	1	5	-2.29082	-6.60766	-5.9197	-4.97516
528	2	1	12	3	2	1	5	-2.64315	-2.13262	-3.7594	-4.69008
529	7	21	5	62	4	61	44	-8.72819	-3.85079	-5.82442	-7.40022
530	2	1	5	3	2	3	5	-4.27608	-3.26832	-5.7404	-4.75231
531	2	1	12	88	2	1	5	-3.96914	-3.45129	-6.0284	-5.27084
532	2	1	21	3	2	1	5	-2.94897	-2.50968	-4.60538	-4.4432
533	1	4	2	2	6	3	17	-4.84727	-2.46627	-4.80229	-5.47938
534	2	4	1	2	7	1	5	-2.29082	-6.60766	-5.9197	-4.97516
535	47	2	4	2	6	5	17	-11.0164	-9.70895	-6.19733	-8.47646
536	1	4	2	2	6	3	17	-4.84727	-2.46627	-4.80229	-5.47938
537	1	2	3	4	5	9	3	-4.82745	-2.50412	-3.69368	-4.87901
538	2	4	1	2	2	1	5	-2.76848	-3.70492	-4.20437	-4.05745
539	4	7	10	4	42	7	1	-6.53658	-8.98417	-5.58203	-4.64134
540	2	4	1	9	2	1	5	-6.13558	-7.23714	-6.44101	-6.93891
541	2	1	12	3	2	1	5	-2.64315	-2.13262	-3.7594	-4.69008
542	1	4	2	9	6	3	17	-8.22687	-5.9487	-7.01673	-8.34332
543	1	2	3	4	922	9	3	-8.20973	-6.03795	-5.93173	-7.76298
544	4	7	10	4	1	7	1	-1.80998	-3.95648	-2.63562	-1.9052
545	2	1	5	3	2	3	5	-4.27608	-3.26832	-5.7404	-4.75231
546	2	4	1	2	7	1	5	-2.29082	-6.60766	-5.9197	-4.97516
547	4	7	10	4	1	7	1	-1.80998	-3.95648	-2.63562	-1.9052
548	2	4	1	2	2	1	5	-2.76848	-3.70492	-4.20437	-4.05745
549	2	1	21	3	2	1	5	-2.94897	-2.50968	-4.60538	-4.4432
550	4	7	10	4	1	7	1	-1.80998	-3.95648	-2.63562	-1.9052
551	1	4	2	2	6	3	17	-4.84727	-2.46627	-4.80229	-5.47938
552	2	1	5	3	2	5	5	-5.94754	-2.8375	-4.18916	-5.46064
553	2	1	12	3	2	1	5	-2.64315	-2.13262	-3.7594	-4.69008
554	4	936	10	4	1	7	1	-5.18696	-7.48545	-4.8465	-4.79051
555	180	194	2	68	19	231	147	-22.187	-27.2736	-20.2182	-22.682
556	4	7	10	4	42	51	1	-2.91469	-4.7768	-4.93632	-3.76468
557	4	7	10	4	42	25	1	-8.47233	-9.35096	-5.79917	-5.1562
558	2	1	21	3	2	1	5	-2.94897	-2.50968	-4.60538	-4.4432
559	2	1	5	3	2	3	5	-4.27608	-3.26832	-5.7404	-4.75231
560	2	1	5	3	2	3	5	-4.27608	-3.26832	-5.7404	-4.75231
561	4	7	10	4	42	51	1	-2.91469	-4.7768	-4.93632	-3.76468
562	4	7	10	4	1	7	1	-1.80998	-3.95648	-2.63562	-1.9052
563	2	4	1	2	7	1	5	-2.29082	-6.60766	-5.9197	-4.97516
564	2	1	21	3	2	1	5	-2.94897	-2.50968	-4.60538	-4.4432
565	1	4	2	2	6	3	17	-4.84727	-2.46627	-4.80229	-5.47938
566	188	313	5	2	89	5	6	-41.0282	-35.2813	-37.1877	-40.2126
567	2	1	21	3	2	1	5	-2.94897	-2.50968	-4.60538	-4.4432
568	2	1	1	3	2	1	5	-4.65286	-3.80149	-6.75564	-7.02953
569	2	1	5	3	2	3	5	-4.27608	-3.26832	-5.7404	-4.75231
570	2	4	1	2	2	1	5	-2.76848	-3.70492	-4.20437	-4.05745
571	2	1	5	3	2	3	5	-4.27608	-3.26832	-5.7404	-4.75231
572	2	1	1	3	2	1	5	-4.65286	-3.80149	-6.75564	-7.02953
573	2	1	5	3	2	3	5	-4.27608	-3.26832	-5.7404	-4.75231
574	1	4	2	2	6	3	17	-4.84727	-2.46627	-4.80229	-5.47938
575	1	4	2	2	6	3	17	-4.84727	-2.46627	-4.80229	-5.47938
576	2	1	21	3	2	1	5	-2.94897	-2.50968	-4.60538	-4.4432
577	239	27	16	19	10	5	7	-11.4744	-6.49022	-9.62827	-10.4547
578	2	4	5	2	2	5	5	-3.65657	-7.93729	-6.98299	-5.77245
579	9	2	4	62	4	5	6	-3.70444	-5.31104	-5.87583	-6.47796
580	2	1	1	3	2	1	5	-4.65286	-3.80149	-6.75564	-7.02953
581	2	1	5	3	2	3	5	-4.27608	-3.26832	-5.7404	-4.75231
582	1	4	2	2	6	3	17	-4.84727	-2.46627	-4.80229	-5.47938
583	2	4	5	2	2	5	5	-3.65657	-7.93729	-6.98299	-5.77245
584	2	4	5	2	2	5	5	-3.65657	-7.93729	-6.98299	-5.77245
585	2	1	5	3	2	3	5	-4.27608	-3.26832	-5.7404	-4.75231
586	2	1	1	380	2	1	5	-6.1742	-5.75921	-8.61594	-8.72678
587	2	7	10	4	1	7	1	-6.58581	-8.76554	-8.2582	-7.30456
588	2	1	12	3	2	1	5	-2.64315	-2.13262	-3.7594	-4.69008
589	2	4	1	2	2	1	5	-2.76848	-3.70492	-4.20437	-4.05745
590	9	2	4	62	4	5	6	-3.70444	-5.31104	-5.87583	-6.47796
591	2	4	5	2	2	5	5	-3.65657	-7.93729	-6.98299	-5.77245
592	1	4	2	2	6	3	17	-4.84727	-2.46627	-4.80229	-5.47938
593	1	4	2	2	6	5	17	-13.1001	-8.40756	-11.9068	-13.694
594	2	4	2	2	6	1	5	-6.15173	-4.84625	-6.02275	-7.68773
595	1	4	2	2	6	5	17	-13.1001	-8.40756	-11.9068	-13.694
596	2	23	21	3	2	1	5	-6.33214	-6.04981	-6.84484	-7.32855
597	7	21	5	62	4	61	44	-8.72819	-3.85079	-5.82442	-7.40022
598	2	4	1	2	2	1	5	-2.76848	-3.70492	-4.20437	-4.05745
599	1	307	3	4	5	9	3	-6.85869	-6.43613	-6.14585	-8.14704
600	1	2	3	4	5	9	3	-4.82745	-2.50412	-3.69368	-4.87901
601	9	2	4	62	4	5	6	-3.70444	-5.31104	-5.87583	-6.47796
602	2	1	12	3	2	1	5	-2.64315	-2.13262	-3.7594	-4.69008
603	1	4	2	2	6	3	17	-4.84727	-2.46627	-4.80229	-5.47938
604	10	1	16	19	10	5	7	-7.36395	-2.76218	-4.30414	-5.14617
605	2	1	12	3	2	1	5	-2.64315	-2.13262	-3.7594	-4.69008
606	180	194	2	68	19	231	147	-22.187	-27.2736	-20.2182	-22.682
607	2	1	12	3	2	1	5	-2.64315	-2.13262	-3.7594	-4.69008
608	4	7	10	4	1	7	1	-1.80998	-3.95648	-2.63562	-1.9052
609	129	66	30	82	189	47	17	-3.2326	-5.01325	-5.59429	-4.10677
610	4	7	10	4	1	7	1	-1.80998	-3.95648	-2.63562	-1.9052
611	2	1	12	3	2	1	5	-2.64315	-2.13262	-3.7594	-4.69008
612	2	1	21	3	2	1	5	-2.94897	-2.50968	-4.60538	-4.4432
613	4	7	10	4	1	7	1	-1.80998	-3.95648	-2.63562	-1.9052
614	10	1	16	19	10	5	7	-7.36395	-2.76218	-4.30414	-5.14617
615	8	10	149	2	11	12	6	-4.9178	-3.99811	-5.8142	-6.99622
616	129	66	30	82	189	47	17	-3.2326	-5.01325	-5.59429	-4.10677
617	2	4	1	2	2	1	5	-2.76848	-3.70492	-4.20437	-4.05745
618	180	194	2	68	19	231	147	-22.187	-27.2736	-20.2182	-22.682
619	2	1	5	3	2	3	5	-4.27608	-3.26832	-5.7404	-4.75231
620	2	4	1	2	2	1	5	-2.76848	-3.70492	-4.20437	-4.05745
621	1	2	3	4	5	9	3	-4.82745	-2.50412	-3.69368	-4.87901
622	180	194	2	68	19	231	147	-22.187	-27.2736	-20.2182	-22.682
623	33	39	65	79	104	43	17	-4.58184	-8.91803	-8.33727	-7.56965
624	2	4	5	2	2	5	5	-3.65657	-7.93729	-6.98299	-5.77245
625	2	1	5	3	2	5	5	-5.94754	-2.8375	-4.18916	-5.46064
626	2	1	12	3	2	1	5	-2.64315	-2.13262	-3.7594	-4.69008
627	180	194	2	68	19	231	147	-22.187	-27.2736	-20.2182	-22.682
628	2	1	21	3	2	1	5	-2.94897	-2.50968	-4.60538	-4.4432
629	2	1	5	3	2	5	5	-5.94754	-2.8375	-4.18916	-5.46064
630	2	1	21	3	2	1	5	-2.94897	-2.50968	-4.60538	-4.4432
631	1	2	3	4	5	9	3	-4.82745	-2.50412	-3.69368	-4.87901
632	2	1	21	3	2	1	5	-2.94897	-2.50968	-4.60538	-4.4432
633	8	10	2	2	11	12	6	-3.93857	-8.10755	-7.69201	-6.92622
634	2	4	1	2	7	1	5	-2.29082	-6.60766	-5.9197	-4.97516
635	2	1	5	3	2	3	5	-4.27608	-3.26832	-5.7404	-4.75231
636	1	2	3	4	5	9	3	-4.82745	-2.50412	-3.69368	-4.87901
637	9	2	4	62	4	5	6	-3.70444	-5.31104	-5.87583	-6.47796
638	2	1	21	3	2	1	5	-2.94897	-2.50968	-4.60538	-4.4432
639	8	10	149	2	11	12	6	-4.9178	-3.99811	-5.8142	-6.99622
640	2	1	12	88	2	1	5	-3.96914	-3.45129	-6.0284	-5.27084
641	2	4	1	2	2	1	5	-2.76848	-3.70492	-4.20437	-4.05745
642	2	1	5	10	10	1	5	-23.61	-22.3973	-23.342	-23.7591
643	1	2	3	4	5	9	3	-4.82745	-2.50412	-3.69368	-4.87901
644	2	4	1	2	7	1	5	-2.29082	-6.60766	-5.9197	-4.97516
645	2	4	1	2	2	1	5	-2.76848	-3.70492	-4.20437	-4.05745
646	1	2	3	4	5	9	3	-4.82745	-2.50412	-3.69368	-4.87901
647	2	1	12	88	2	1	5	-3.96914	-3.45129	-6.0284	-5.27084
648	4	7	10	4	1	7	1	-1.80998	-3.95648	-2.63562	-1.9052
649	2	1	21	3	2	1	5	-2.94897	-2.50968	-4.60538	-4.4432
650	2	4	1	2	7	1	5	-2.29082	-6.60766	-5.9197	-4.97516
651	33	38	30	82	118	43	17	-21.4553	-19.3874	-21.7163	-22.06
652	2	4	1	2	2	1	5	-2.76848	-3.70492	-4.20437	-4.05745
653	2	1	5	3	2	3	5	-4.27608	-3.26832	-5.7404	-4.75231
654	4	7	10	4	1	7	1	-1.80998	-3.95648	-2.63562	-1.9052
655	8	10	2	2	11	12	6	-3.93857	-8.10755	-7.69201	-6.92622
656	2	4	5	2	2	5	5	-3.65657	-7.93729	-6.98299	-5.77245
657	4	7	10	4	1	7	1	-1.80998	-3.95648	-2.63562	-1.9052
658	2	1	5	3	2	3	5	-4.27608	-3.26832	-5.7404	-4.75231
659	33	39	30	82	113	47	17	-5.77865	-5.78309	-8.49874	-8.45589
660	2	1	21	3	2	1	5	-2.94897	-2.50968	-4.60538	-4.4432
661	2	4	1	2	7	1	5	-2.29082	-6.60766	-5.9197	-4.97516
662	2	1	1	3	2	1	5	-4.65286	-3.80149	-6.75564	-7.02953
663	4	7	10	4	1	7	1	-1.80998	-3.95648	-2.63562	-1.9052
664	7	21	5	62	4	61	44	-8.72819	-3.85079	-5.82442	-7.40022
665	10	81	50	99	120	76	52	-6.68246	-6.39585	-5.27922	-5.13585
666	4	7	10	4	1	7	1	-1.80998	-3.95648	-2.63562	-1.9052
667	1	2	3	4	5	9	3	-4.82745	-2.50412	-3.69368	-4.87901
668	1	2	3	4	5	9	3	-4.82745	-2.50412	-3.69368	-4.87901
669	2	4	1	2	7	1	5	-2.29082	-6.60766	-5.9197	-4.97516
670	4	7	10	4	1	7	1	-1.80998	-3.95648	-2.63562	-1.9052
671	2	1	5	3	2	3	5	-4.27608	-3.26832	-5.7404	-4.75231
672	1	4	2	2	6	3	17	-4.84727	-2.46627	-4.80229	-5.47938
673	4	935	10	4	1	7	1	-5.18696	-7.48545	-4.8465	-4.79051
674	10	1	16	19	10	5	7	-7.36395	-2.76218	-4.30414	-5.14617
675	4	7	10	4	1	7	1	-1.80998	-3.95648	-2.63562	-1.9052
676	33	39	65	79	104	43	17	-4.58184	-8.91803	-8.33727	-7.56965
677	2	4	2	2	6	1	5	-6.15173	-4.84625	-6.02275	-7.68773
678	4	7	10	4	42	25	1	-8.47233	-9.35096	-5.79917	-5.1562
679	1	4	2	2	6	3	17	-4.84727	-2.46627	-4.80229	-5.47938
680	4	7	10	4	42	25	1	-8.47233	-9.35096	-5.79917	-5.1562
681	4	7	10	4	42	25	1	-8.47233	-9.35096	-5.79917	-5.1562
682	4	7	10	4	1	7	1	-1.80998	-3.95648	-2.63562	-1.9052
683	2	4	1	2	7	1	5	-2.29082	-6.60766	-5.9197	-4.97516
684	4	7	10	4	1	7	1	-1.80998	-3.95648	-2.63562	-1.9052
685	4	7	10	4	42	7	1	-6.53658	-8.98417	-5.58203	-4.64134
686	10	27	16	19	10	5	7	-22.2865	-12.4879	-16.6825	-17.6449
687	10	81	50	99	120	76	52	-6.68246	-6.39585	-5.27922	-5.13585
688	4	7	10	4	1	7	1	-1.80998	-3.95648	-2.63562	-1.9052
689	4	7	10	4	42	51	1	-2.91469	-4.7768	-4.93632	-3.76468
690	4	7	10	4	1	7	1	-1.80998	-3.95648	-2.63562	-1.9052
691	10	81	50	99	120	76	52	-6.68246	-6.39585	-5.27922	-5.13585
692	2	4	1	2	2	1	5	-2.76848	-3.70492	-4.20437	-4.05745
693	4	7	10	4	42	51	1	-2.91469	-4.7768	-4.93632	-3.76468
694	4	7	10	4	42	51	1	-2.91469	-4.7768	-4.93632	-3.76468
695	4	7	10	4	42	51	1	-2.91469	-4.7768	-4.93632	-3.76468
696	8	10	2	2	11	12	6	-3.93857	-8.10755	-7.69201	-6.92622
697	33	38	30	82	104	43	17	-5.27486	-9.60942	-9.02912	-8.2595
698	4	7	10	4	1	7	1	-1.80998	-3.95648	-2.63562	-1.9052
699	10	81	50	99	120	76	52	-6.68246	-6.39585	-5.27922	-5.13585
700	2	4	1	2	7	1	5	-2.29082	-6.60766	-5.9197	-4.97516
701	4	7	10	4	1	7	1	-1.80998	-3.95648	-2.63562	-1.9052
702	4	7	10	4	1	7	1	-1.80998	-3.95648	-2.63562	-1.9052
703	10	81	50	99	120	76	52	-6.68246	-6.39585	-5.27922	-5.13585
704	4	7	10	4	42	51	1	-2.91469	-4.7768	-4.93632	-3.76468
705	9	2	4	62	4	5	6	-3.70444	-5.31104	-5.87583	-6.47796
706	4	7	10	4	1	7	1	-1.80998	-3.95648	-2.63562	-1.9052
707	2	1	1	3	2	1	5	-4.65286	-3.80149	-6.75564	-7.02953
708	1	14	2	2	6	1	17	-9.52233	-6.46238	-7.85876	-6.30395
709	2	4	2	2	6	1	5	-6.15173	-4.84625	-6.02275	-7.68773
710	2	4	2	2	6	1	5	-6.15173	-4.84625	-6.02275	-7.68773
711	4	7	10	4	42	51	1	-2.91469	-4.7768	-4.93632	-3.76468
712	10	2	107	62	120	76	1	-6.82515	-10.7165	-7.97749	-6.29022
713	2	1	12	3	2	1	5	-2.64315	-2.13262	-3.7594	-4.69008
714	2	4	1	2	2	1	5	-2.76848	-3.70492	-4.20437	-4.05745
715	47	2	4	2	6	5	17	-11.0164	-9.70895	-6.19733	-8.47646
716	4	7	10	4	42	5	1	-11.1382	-10.6909	-11.3801	-11.476
717	2	1	12	3	2	1	5	-2.64315	-2.13262	-3.7594	-4.69008
718	4	7	10	4	42	51	1	-2.91469	-4.7768	-4.93632	-3.76468
719	1	307	3	4	5	9	3	-6.85869	-6.43613	-6.14585	-8.14704
720	2	1	21	3	2	1	5	-2.94897	-2.50968	-4.60538	-4.4432
721	4	7	10	4	1	7	1	-1.80998	-3.95648	-2.63562	-1.9052
722	2	4	1	2	2	1	5	-2.76848	-3.70492	-4.20437	-4.05745
723	2	1	12	3	2	1	5	-2.64315	-2.13262	-3.7594	-4.69008
724	4	7	10	4	1	7	1	-1.80998	-3.95648	-2.63562	-1.9052
725	2	1	21	3	2	1	5	-2.94897	-2.50968	-4.60538	-4.4432
726	2	1	1	3	2	1	5	-4.65286	-3.80149	-6.75564	-7.02953
727	4	7	10	4	1	7	1	-1.80998	-3.95648	-2.63562	-1.9052
728	2	1	12	3	2	1	5	-2.64315	-2.13262	-3.7594	-4.69008
729	1	4	3	2	6	3	17	-14.9418	-8.88738	-12.1534	-14.148
730	2	1	12	3	2	1	5	-2.64315	-2.13262	-3.7594	-4.69008
731	2	1	12	88	2	1	5	-3.96914	-3.45129	-6.0284	-5.27084
732	1	4	2	2	6	3	17	-4.84727	-2.46627	-4.80229	-5.47938
733	4	7	10	4	42	51	1	-2.91469	-4.7768	-4.93632	-3.76468
734	2	1	12	3	2	1	5	-2.64315	-2.13262	-3.7594	-4.69008
735	4	7	10	4	1	7	1	-1.80998	-3.95648	-2.63562	-1.9052
736	2	1	12	88	2	1	5	-3.96914	-3.45129	-6.0284	-5.27084
737	2	1	21	3	2	1	5	-2.94897	-2.50968	-4.60538	-4.4432
738	2	4	5	2	2	5	5	-3.65657	-7.93729	-6.98299	-5.77245
739	2	4	5	2	2	5	5	-3.65657	-7.93729	-6.98299	-5.77245
740	2	1	21	3	62	1	5	-5.77973	-10.0912	-9.53217	-8.76552
741	4	7	10	4	42	25	1	-8.47233	-9.35096	-5.79917	-5.1562
742	1	2	4	62	4	5	17	-6.16623	-4.87148	-7.87706	-8.3013
743	1	2	3	4	5	9	3	-4.82745	-2.50412	-3.69368	-4.87901
744	8	10	2	2	11	12	6	-3.93857	-8.10755	-7.69201	-6.92622
745	2	1	12	88	2	1	5	-3.96914	-3.45129	-6.0284	-5.27084
746	2	4	5	2	2	5	5	-3.65657	-7.93729	-6.98299	-5.77245
747	2	1	12	3	2	1	5	-2.64315	-2.13262	-3.7594	-4.69008
748	7	21	5	62	4	61	44	-8.72819	-3.85079	-5.82442	-7.40022
749	9	2	4	62	4	5	6	-3.70444	-5.31104	-5.87583	-6.47796
750	10	1	16	19	10	5	7	-7.36395	-2.76218	-4.30414	-5.14617
751	10	1	16	19	10	5	7	-7.36395	-2.76218	-4.30414	-5.14617
752	8	10	2	2	11	12	6	-3.93857	-8.10755	-7.69201	-6.92622
753	1	4	2	2	6	3	17	-4.84727	-2.46627	-4.80229	-5.47938
754	2	1	12	3	2	1	5	-2.64315	-2.13262	-3.7594	-4.69008
755	2	1	12	88	2	1	5	-3.96914	-3.45129	-6.0284	-5.27084
756	2	29	4	27	10	25	57	-19.6174	-21.9798	-14.6542	-12.2109
757	2	1	5	3	2	3	5	-4.27608	-3.26832	-5.7404	-4.75231
758	2	1	12	3	2	1	5	-2.64315	-2.13262	-3.7594	-4.69008
759	37	52	57	26	107	29	23	-8.23036	-9.26166	-5.70975	-4.89539
760	2	4	1	2	7	1	5	-2.29082	-6.60766	-5.9197	-4.97516
761	1	2	3	4	5	9	3	-4.82745	-2.50412	-3.69368	-4.87901
762	2	1	12	3	2	1	5	-2.64315	-2.13262	-3.7594	-4.69008
763	1	4	2	2	6	3	17	-4.84727	-2.46627	-4.80229	-5.47938
764	1	4	2	2	6	3	17	-4.84727	-2.46627	-4.80229	-5.47938
765	1	2	3	4	5	9	3	-4.82745	-2.50412	-3.69368	-4.87901
766	4	7	10	4	1	7	1	-1.80998	-3.95648	-2.63562	-1.9052
767	2	1	21	3	2	1	5	-2.94897	-2.50968	-4.60538	-4.4432
768	2	1	12	3	2	1	5	-2.64315	-2.13262	-3.7594	-4.69008
769	2	4	1	2	2	5	5	-6.83197	-6.41741	-9.1789	-9.34808
770	2	4	1	2	2	1	5	-2.76848	-3.70492	-4.20437	-4.05745
771	2	4	5	2	2	5	5	-3.65657	-7.93729	-6.98299	-5.77245
772	10	1	16	19	10	5	7	-7.36395	-2.76218	-4.30414	-5.14617
773	7	21	5	62	4	61	44	-8.72819	-3.85079	-5.82442	-7.40022
774	9	2	4	62	4	5	6	-3.70444	-5.31104	-5.87583	-6.47796
775	2	1	12	3	2	1	5	-2.64315	-2.13262	-3.7594	-4.69008
776	1	4	2	2	6	3	17	-4.84727	-2.46627	-4.80229	-5.47938
777	4	7	10	4	1	7	1	-1.80998	-3.95648	-2.63562	-1.9052
778	2	1	12	3	2	1	5	-2.64315	-2.13262	-3.7594	-4.69008
779	2	1	5	3	2	5	5	-5.94754	-2.8375	-4.18916	-5.46064
780	2	23	21	3	2	1	5	-6.33214	-6.04981	-6.84484	-7.32855
781	2	4	5	2	2	5	5	-3.65657	-7.93729	-6.98299	-5.77245
782	2	4	2	2	6	1	5	-6.15173	-4.84625	-6.02275	-7.68773
783	2	1	12	3	2	1	5	-2.64315	-2.13262	-3.7594	-4.69008
784	4	7	10	4	42	51	1	-2.91469	-4.7768	-4.93632	-3.76468
785	7	17	5	2	86	232	1	-27.6852	-31.5074	-26.9422	-26.4163
786	2	4	1	2	2	1	5	-2.76848	-3.70492	-4.20437	-4.05745
787	2	1	12	3	2	1	5	-2.64315	-2.13262	-3.7594	-4.69008
788	2	1	21	3	2	1	5	-2.94897	-2.50968	-4.60538	-4.4432
789	7	17	2	15	23	3	12	-6.88515	-11.2209	-10.6405	-9.87223
790	2	1	5	3	2	5	5	-5.94754	-2.8375	-4.18916	-5.46064
791	1	6	60	24	12	28	1	-26.9606	-27.853	-17.8102	-20.6884
792	1	2	3	4	5	9	3	-4.82745	-2.50412	-3.69368	-4.87901
793	2	4	5	2	2	5	5	-3.65657	-7.93729	-6.98299	-5.77245
794	1	2	3	4	5	9	3	-4.82745	-2.50412	-3.69368	-4.87901
795	1	6	60	24	12	28	1	-26.9606	-27.853	-17.8102	-20.6884
796	9	2	4	62	4	5	6	-3.70444	-5.31104	-5.87583	-6.47796
797	2	4	1	2	2	1	5	-2.76848	-3.70492	-4.20437	-4.05745
798	4	7	10	4	1	7	1	-1.80998	-3.95648	-2.63562	-1.9052
799	2	4	5	2	2	5	5	-3.65657	-7.93729	-6.98299	-5.77245
800	7	2	2	2	11	12	6	-4.48518	-8.8195	-8.24027	-7.4726
801	2	1	21	3	2	1	941	-6.33289	-6.03028	-6.83816	-7.32585
802	9	2	2	10	10	3	5	-30.547	-24.2667	-26.5504	-25.8866
803	8	10	149	2	11	12	6	-4.9178	-3.99811	-5.8142	-6.99622
804	7	1	5	2	10	3	6	-33.0752	-28.8343	-30.4477	-29.4441
805	2	1	21	3	2	1	5	-2.94897	-2.50968	-4.60538	-4.4432
806	33	39	30	82	113	43	17	-10.3676	-6.44734	-6.16855	-8.34847
807	1	6	60	24	12	28	1	-26.9606	-27.853	-17.8102	-20.6884
808	1	6	60	24	12	28	1	-26.9606	-27.853	-17.8102	-20.6884
809	7	17	2	15	23	3	12	-6.88515	-11.2209	-10.6405	-9.87223
810	1	4	2	2	6	3	17	-4.84727	-2.46627	-4.80229	-5.47938
811	1	4	2	2	6	3	17	-4.84727	-2.46627	-4.80229	-5.47938
812	7	21	5	62	4	61	44	-8.72819	-3.85079	-5.82442	-7.40022
813	239	27	16	19	10	5	7	-11.4744	-6.49022	-9.62827	-10.4547
814	9	2	4	62	4	5	6	-3.70444	-5.31104	-5.87583	-6.47796
815	10	1	16	19	10	5	7	-7.36395	-2.76218	-4.30414	-5.14617
816	2	1	5	3	2	5	5	-5.94754	-2.8375	-4.18916	-5.46064
817	2	4	5	2	2	5	5	-3.65657	-7.93729	-6.98299	-5.77245
818	8	10	2	2	11	12	6	-3.93857	-8.10755	-7.69201	-6.92622
819	7	17	2	15	23	3	12	-6.88515	-11.2209	-10.6405	-9.87223
820	2	4	1	4	1	1	5	-15.6449	-17.5573	-15.9906	-15.26
821	4	7	10	4	1	7	1	-1.80998	-3.95648	-2.63562	-1.9052
822	8	10	149	2	11	12	6	-4.9178	-3.99811	-5.8142	-6.99622
823	2	1	12	88	2	1	5	-3.96914	-3.45129	-6.0284	-5.27084
824	2	4	2	2	6	1	5	-6.15173	-4.84625	-6.02275	-7.68773
825	10	81	50	99	120	76	52	-6.68246	-6.39585	-5.27922	-5.13585
826	2	4	5	2	2	5	5	-3.65657	-7.93729	-6.98299	-5.77245
827	2	4	1	2	2	5	5	-6.83197	-6.41741	-9.1789	-9.34808
828	8	10	149	2	11	12	6	-4.9178	-3.99811	-5.8142	-6.99622
829	1	4	2	2	6	3	17	-4.84727	-2.46627	-4.80229	-5.47938
830	2	165	73	147	220	190	104	-8.57981	-10.5386	-6.9527	-5.2205
831	4	7	10	4	42	25	1	-8.47233	-9.35096	-5.79917	-5.1562
832	7	2	2	2	11	12	6	-4.48518	-8.8195	-8.24027	-7.4726
833	1	6	60	24	12	28	1	-26.9606	-27.853	-17.8102	-20.6884
834	2	1	12	3	2	1	5	-2.64315	-2.13262	-3.7594	-4.69008
835	33	39	65	79	104	77	17	-5.27479	-9.61022	-9.03053	-8.2627
836	4	7	10	4	1	7	1	-1.80998	-3.95648	-2.63562	-1.9052
837	1	2	3	4	5	9	3	-4.82745	-2.50412	-3.69368	-4.87901
838	2	1	21	3	2	1	5	-2.94897	-2.50968	-4.60538	-4.4432
839	2	1	12	3	2	1	5	-2.64315	-2.13262	-3.7594	-4.69008
840	4	7	10	4	1	7	1	-1.80998	-3.95648	-2.63562	-1.9052
841	2	4	1	2	7	1	5	-2.29082	-6.60766	-5.9197	-4.97516
842	184	39	30	82	113	43	17	-3.93923	-6.33571	-7.56002	-6.89836
843	4	7	10	4	1	7	1	-1.80998	-3.95648	-2.63562	-1.9052
844	2	4	1	2	2	1	5	-2.76848	-3.70492	-4.20437	-4.05745
845	4	7	10	4	1	7	1	-1.80998	-3.95648	-2.63562	-1.9052
846	2	1	12	88	2	1	5	-3.96914	-3.45129	-6.0284	-5.27084
847	2	1	21	3	2	1	5	-2.94897	-2.50968	-4.60538	-4.4432
848	1	2	3	4	5	9	3	-4.82745	-2.50412	-3.69368	-4.87901
849	4	7	10	4	1	7	1	-1.80998	-3.95648	-2.63562	-1.9052
850	2	1	21	3	2	1	5	-2.94897	-2.50968	-4.60538	-4.4432
851	8	10	2	2	11	12	6	-3.93857	-8.10755	-7.69201	-6.92622
852	2	4	1	2	2	1	5	-2.76848	-3.70492	-4.20437	-4.05745
853	2	4	1	2	2	1	5	-2.76848	-3.70492	-4.20437	-4.05745
854	2	4	2	2	6	1	5	-6.15173	-4.84625	-6.02275	-7.68773
855	2	4	1	2	2	1	5	-2.76848	-3.70492	-4.20437	-4.05745
856	2	4	1	2	2	1	5	-2.76848	-3.70492	-4.20437	-4.05745
857	2	4	1	2	2	1	5	-2.76848	-3.70492	-4.20437	-4.05745
858	1	2	3	4	5	9	3	-4.82745	-2.50412	-3.69368	-4.87901
859	2	4	1	2	2	1	5	-2.76848	-3.70492	-4.20437	-4.05745
860	2	4	1	2	2	1	5	-2.76848	-3.70492	-4.20437	-4.05745
861	8	10	2	2	11	12	6	-3.93857	-8.10755	-7.69201	-6.92622
862	2	1	5	3	2	3	5	-4.27608	-3.26832	-5.7404	-4.75231
863	33	39	30	82	104	173	68	-5.46834	-4.00423	-7.02974	-7.50163
864	2	4	1	2	7	1	5	-2.29082	-6.60766	-5.9197	-4.97516
865	8	10	2	2	11	12	6	-3.93857	-8.10755	-7.69201	-6.92622
866	2	4	1	2	7	1	5	-2.29082	-6.60766	-5.9197	-4.97516
867	1	2	3	4	5	9	3	-4.82745	-2.50412	-3.69368	-4.87901
868	1	2	215	4	90	24	8	-28.2537	-26.9328	-20.4098	-21.8872
869	2	1	1	3	2	1	5	-4.65286	-3.80149	-6.75564	-7.02953
870	10	81	50	99	120	76	52	-6.68246	-6.39585	-5.27922	-5.13585
871	2	4	1	2	7	1	5	-2.29082	-6.60766	-5.9197	-4.97516
872	2	1	12	3	2	1	5	-2.64315	-2.13262	-3.7594	-4.69008
873	2	4	1	2	2	1	5	-2.76848	-3.70492	-4.20437	-4.05745
874	2	4	1	2	2	1	5	-2.76848	-3.70492	-4.20437	-4.05745
875	2	4	1	2	2	1	5	-2.76848	-3.70492	-4.20437	-4.05745
876	2	1	5	3	2	3	5	-4.27608	-3.26832	-5.7404	-4.75231
877	2	4	1	2	2	1	5	-2.76848	-3.70492	-4.20437	-4.05745
878	4	7	10	4	1	7	1	-1.80998	-3.95648	-2.63562	-1.9052
879	2	4	1	2	7	1	5	-2.29082	-6.60766	-5.9197	-4.97516
880	2	4	5	2	2	5	5	-3.65657	-7.93729	-6.98299	-5.77245
881	2	4	1	2	2	1	5	-2.76848	-3.70492	-4.20437	-4.05745
882	8	10	2	2	11	12	6	-3.93857	-8.10755	-7.69201	-6.92622
883	4	7	10	4	1	7	1	-1.80998	-3.95648	-2.63562	-1.9052
884	2	4	1	2	2	1	5	-2.76848	-3.70492	-4.20437	-4.05745
885	166	2	1	10	17	3	1	-33.4119	-34.0107	-30.8231	-30.5687
886	2	4	1	2	7	1	5	-2.29082	-6.60766	-5.9197	-4.97516
887	2	4	1	2	2	1	5	-2.76848	-3.70492	-4.20437	-4.05745
888	4	7	10	4	1	7	1	-1.80998	-3.95648	-2.63562	-1.9052
889	4	7	10	4	1	7	1	-1.80998	-3.95648	-2.63562	-1.9052
890	2	4	1	2	7	1	5	-2.29082	-6.60766	-5.9197	-4.97516
891	2	4	1	2	2	1	5	-2.76848	-3.70492	-4.20437	-4.05745
892	2	1	5	3	2	3	5	-4.27608	-3.26832	-5.7404	-4.75231
893	9	25	2	10	22	3	6	-4.44845	-8.46673	-5.99544	-4.33102
894	2	1	21	3	62	1	5	-5.77973	-10.0912	-9.53217	-8.76552
895	129	66	30	82	189	47	17	-3.2326	-5.01325	-5.59429	-4.10677
896	129	66	30	82	189	47	17	-3.2326	-5.01325	-5.59429	-4.10677
897	4	7	10	4	1	7	1	-1.80998	-3.95648	-2.63562	-1.9052
898	2	4	1	2	2	1	5	-2.76848	-3.70492	-4.20437	-4.05745
899	4	7	10	4	42	7	1	-6.53658	-8.98417	-5.58203	-4.64134
900	2	4	1	2	7	1	5	-2.29082	-6.60766	-5.9197	-4.97516
901	1	307	3	4	5	9	3	-6.85869	-6.43613	-6.14585	-8.14704
902	2	1	21	3	2	1	5	-2.94897	-2.50968	-4.60538	-4.4432
903	4	7	10	4	1	7	1	-1.80998	-3.95648	-2.63562	-1.9052
904	2	1	21	3	2	1	5	-2.94897	-2.50968	-4.60538	-4.4432
905	2	4	1	2	2	5	5	-6.83197	-6.41741	-9.1789	-9.34808
906	2	4	1	2	7	1	5	-2.29082	-6.60766	-5.9197	-4.97516
907	2	4	1	2	7	1	5	-2.29082	-6.60766	-5.9197	-4.97516
908	2	4	1	2	7	1	5	-2.29082	-6.60766	-5.9197	-4.97516
909	4	7	10	4	1	7	1	-1.80998	-3.95648	-2.63562	-1.9052
910	8	10	2	2	11	12	6	-3.93857	-8.10755	-7.69201	-6.92622
911	7	21	5	62	4	61	44	-8.72819	-3.85079	-5.82442	-7.40022
912	2	1	12	88	2	1	5	-3.96914	-3.45129	-6.0284	-5.27084
913	2	4	1	2	2	1	5	-2.76848	-3.70492	-4.20437	-4.05745
914	1	2	3	4	5	9	3	-4.82745	-2.50412	-3.69368	-4.87901
915	2	4	1	2	7	1	5	-2.29082	-6.60766	-5.9197	-4.97516
916	2	4	1	2	2	1	5	-2.76848	-3.70492	-4.20437	-4.05745
917	2	4	1	2	2	1	5	-2.76848	-3.70492	-4.20437	-4.05745
918	2	4	1	2	7	1	5	-2.29082	-6.60766	-5.9197	-4.97516
919	4	7	10	4	1	7	1	-1.80998	-3.95648	-2.63562	-1.9052
920	2	1	5	3	2	3	5	-4.27608	-3.26832	-5.7404	-4.75231
921	2	4	1	2	7	1	5	-2.29082	-6.60766	-5.9197	-4.97516
922	2	4	1	2	2	1	5	-2.76848	-3.70492	-4.20437	-4.05745
923	8	10	2	2	11	12	6	-3.93857	-8.10755	-7.69201	-6.92622
924	2	1	12	3	2	1	5	-2.64315	-2.13262	-3.7594	-4.69008
925	48	7	10	4	183	7	1	-8.48412	-10.9309	-7.05812	-7.61167
926	7	21	5	62	4	61	44	-8.72819	-3.85079	-5.82442	-7.40022
927	4	7	10	4	1	7	1	-1.80998	-3.95648	-2.63562	-1.9052
928	9	25	2	10	22	3	6	-4.44845	-8.46673	-5.99544	-4.33102
929	2	4	1	2	2	1	5	-2.76848	-3.70492	-4.20437	-4.05745
930	2	4	1	2	7	1	5	-2.29082	-6.60766	-5.9197	-4.97516
931	2	4	1	2	2	1	5	-2.76848	-3.70492	-4.20437	-4.05745
932	2	4	1	2	2	1	5	-2.76848	-3.70492	-4.20437	-4.05745
933	9	25	2	10	22	3	6	-4.44845	-8.46673	-5.99544	-4.33102
934	2	4	1	2	2	1	5	-2.76848	-3.70492	-4.20437	-4.05745
935	2	4	1	2	2	1	5	-2.76848	-3.70492	-4.20437	-4.05745
936	2	4	1	2	7	1	5	-2.29082	-6.60766	-5.9197	-4.97516
937	2	4	1	2	7	1	5	-2.29082	-6.60766	-5.9197	-4.97516
938	2	4	1	2	2	1	5	-2.76848	-3.70492	-4.20437	-4.05745
939	2	4	1	2	2	1	5	-2.76848	-3.70492	-4.20437	-4.05745
940	4	7	10	4	1	7	1	-1.80998	-3.95648	-2.63562	-1.9052
941	2	4	1	2	2	1	5	-2.76848	-3.70492	-4.20437	-4.05745
942	4	7	10	4	1	7	1	-1.80998	-3.95648	-2.63562	-1.9052
943	2	4	1	2	7	1	5	-2.29082	-6.60766	-5.9197	-4.97516
944	2	4	1	2	2	1	5	-2.76848	-3.70492	-4.20437	-4.05745
945	4	7	10	4	1	7	1	-1.80998	-3.95648	-2.63562	-1.9052
946	9	25	2	10	22	3	6	-4.44845	-8.46673	-5.99544	-4.33102
947	10	81	50	99	120	76	52	-6.68246	-6.39585	-5.27922	-5.13585
948	2	1	21	3	2	1	5	-2.94897	-2.50968	-4.60538	-4.4432
949	4	7	10	4	1	7	1	-1.80998	-3.95648	-2.63562	-1.9052
950	2	4	1	2	7	1	5	-2.29082	-6.60766	-5.9197	-4.97516
951	4	7	10	4	1	7	1	-1.80998	-3.95648	-2.63562	-1.9052
952	4	7	10	4	1	7	1	-1.80998	-3.95648	-2.63562	-1.9052
953	8	315	2	2	11	12	6	-7.32087	-11.64	-9.92941	-9.80986
954	8	10	2	2	11	12	6	-3.93857	-8.10755	-7.69201	-6.92622
955	2	4	1	2	2	1	5	-2.76848	-3.70492	-4.20437	-4.05745
956	4	7	10	4	1	7	1	-1.80998	-3.95648	-2.63562	-1.9052
957	2	4	1	2	2	1	5	-2.76848	-3.70492	-4.20437	-4.05745
958	2	4	1	2	2	1	5	-2.76848	-3.70492	-4.20437	-4.05745
959	2	4	1	2	2	1	5	-2.76848	-3.70492	-4.20437	-4.05745
960	2	4	1	2	7	1	5	-2.29082	-6.60766	-5.9197	-4.97516
961	2	4	1	2	2	1	5	-2.76848	-3.70492	-4.20437	-4.05745
962	2	4	1	2	2	1	5	-2.76848	-3.70492	-4.20437	-4.05745
963	2	1	21	3	2	1	5	-2.94897	-2.50968	-4.60538	-4.4432
964	2	4	1	2	2	1	5	-2.76848	-3.70492	-4.20437	-4.05745
965	1	4	2	2	2	3	17	-11.4725	-7.36857	-11.0784	-12.2194
966	2	4	1	2	2	1	5	-2.76848	-3.70492	-4.20437	-4.05745
967	2	4	1	2	2	1	5	-2.76848	-3.70492	-4.20437	-4.05745
968	7	21	5	62	4	61	44	-8.72819	-3.85079	-5.82442	-7.40022
969	2	4	1	2	2	1	5	-2.76848	-3.70492	-4.20437	-4.05745
970	4	7	10	4	1	7	1	-1.80998	-3.95648	-2.63562	-1.9052
971	2	4	1	2	2	1	5	-2.76848	-3.70492	-4.20437	-4.05745
972	10	1	16	19	10	5	7	-7.36395	-2.76218	-4.30414	-5.14617
973	8	10	2	2	11	12	6	-3.93857	-8.10755	-7.69201	-6.92622
974	4	7	10	4	1	7	1	-1.80998	-3.95648	-2.63562	-1.9052
975	2	4	2	2	6	1	5	-6.15173	-4.84625	-6.02275	-7.68773
976	2	4	1	2	2	1	5	-2.76848	-3.70492	-4.20437	-4.05745
977	2	4	1	2	2	1	5	-2.76848	-3.70492	-4.20437	-4.05745
978	2	1	12	3	2	1	5	-2.64315	-2.13262	-3.7594	-4.69008
979	2	1	21	3	2	1	5	-2.94897	-2.50968	-4.60538	-4.4432
980	1	4	2	2	6	3	17	-4.84727	-2.46627	-4.80229	-5.47938
981	9	2	4	62	4	5	6	-3.70444	-5.31104	-5.87583	-6.47796
982	9	2	4	62	4	5	6	-3.70444	-5.31104	-5.87583	-6.47796
983	2	4	1	2	2	1	5	-2.76848	-3.70492	-4.20437	-4.05745
984	9	25	2	10	22	3	6	-4.44845	-8.46673	-5.99544	-4.33102
985	2	1	12	3	2	1	5	-2.64315	-2.13262	-3.7594	-4.69008
986	2	4	1	2	2	1	5	-2.76848	-3.70492	-4.20437	-4.05745
987	2	4	1	2	2	1	5	-2.76848	-3.70492	-4.20437	-4.05745
988	2	4	1	2	2	1	5	-2.76848	-3.70492	-4.20437	-4.05745
989	1	4	2	2	6	3	17	-4.84727	-2.46627	-4.80229	-5.47938
990	1	4	2	2	6	3	17	-4.84727	-2.46627	-4.80229	-5.47938
991	9	25	2	10	22	3	6	-4.44845	-8.46673	-5.99544	-4.33102
992	1	4	2	2	6	3	17	-4.84727	-2.46627	-4.80229	-5.47938
993	2	4	1	2	2	1	5	-2.76848	-3.70492	-4.20437	-4.05745
994	2	4	1	2	2	1	5	-2.76848	-3.70492	-4.20437	-4.05745
995	8	10	2	2	11	12	6	-3.93857	-8.10755	-7.69201	-6.92622
996	2	4	1	2	2	1	5	-2.76848	-3.70492	-4.20437	-4.05745
997	2	1	5	3	2	5	5	-5.94754	-2.8375	-4.18916	-5.46064
998	8	10	2	2	11	12	6	-3.93857	-8.10755	-7.69201	-6.92622
999	2	4	1	2	2	1	5	-2.76848	-3.70492	-4.20437	-4.05745
1000	2	4	1	2	2	1	5	-2.76848	-3.70492	-4.20437	-4.05745
1001	2	1	21	3	2	1	5	-2.94897	-2.50968	-4.60538	-4.4432
1002	1	2	4	62	4	5	17	-6.16623	-4.87148	-7.87706	-8.3013
1003	2	1	12	3	2	1	5	-2.64315	-2.13262	-3.7594	-4.69008
1004	2	4	1	2	7	1	5	-2.29082	-6.60766	-5.9197	-4.97516
1005	1	307	3	4	5	9	3	-6.85869	-6.43613	-6.14585	-8.14704
1006	2	4	2	4	19	3	6	-5.78212	-10.1099	-9.53382	-8.76403
1007	2	4	1	2	2	1	5	-2.76848	-3.70492	-4.20437	-4.05745
1008	1	4	2	2	6	3	17	-4.84727	-2.46627	-4.80229	-5.47938
1009	9	25	2	10	22	3	6	-4.44845	-8.46673	-5.99544	-4.33102
1010	4	7	10	4	1	7	1	-1.80998	-3.95648	-2.63562	-1.9052
1011	2	4	1	2	2	1	5	-2.76848	-3.70492	-4.20437	-4.05745
1012	10	1	16	19	10	5	7	-7.36395	-2.76218	-4.30414	-5.14617
1013	2	1	21	3	2	1	5	-2.94897	-2.50968	-4.60538	-4.4432
1014	4	7	10	4	1	7	1	-1.80998	-3.95648	-2.63562	-1.9052
1015	2	4	1	2	2	1	5	-2.76848	-3.70492	-4.20437	-4.05745
1016	1	2	3	4	5	9	3	-4.82745	-2.50412	-3.69368	-4.87901
1017	9	316	4	62	4	5	6	-6.87446	-6.48373	-9.31721	-9.42613
1018	9	25	2	10	22	3	6	-4.44845	-8.46673	-5.99544	-4.33102
1019	1	307	3	4	5	9	3	-6.85869	-6.43613	-6.14585	-8.14704
1020	2	4	1	2	2	1	5	-2.76848	-3.70492	-4.20437	-4.05745
1021	9	25	2	10	22	3	6	-4.44845	-8.46673	-5.99544	-4.33102
1022	2	4	1	2	2	1	5	-2.76848	-3.70492	-4.20437	-4.05745
1023	2	1	12	3	2	1	5	-2.64315	-2.13262	-3.7594	-4.69008
1024	2	1	5	3	2	5	5	-5.94754	-2.8375	-4.18916	-5.46064
1025	2	4	1	2	2	1	5	-2.76848	-3.70492	-4.20437	-4.05745
1026	2	1	12	3	2	1	5	-2.64315	-2.13262	-3.7594	-4.69008
1027	2	1	12	3	2	1	5	-2.64315	-2.13262	-3.7594	-4.69008
1028	10	1	16	19	10	5	7	-7.36395	-2.76218	-4.30414	-5.14617
1029	4	7	10	4	1	7	1	-1.80998	-3.95648	-2.63562	-1.9052
1030	2	4	1	2	2	1	5	-2.76848	-3.70492	-4.20437	-4.05745
1031	2	1	12	88	2	1	5	-3.96914	-3.45129	-6.0284	-5.27084
1032	2	1	21	3	2	1	5	-2.94897	-2.50968	-4.60538	-4.4432
1033	1	2	3	4	5	9	3	-4.82745	-2.50412	-3.69368	-4.87901
1034	8	10	2	2	11	12	6	-3.93857	-8.10755	-7.69201	-6.92622
1035	2	1	12	88	2	1	5	-3.96914	-3.45129	-6.0284	-5.27084
1036	33	39	30	82	104	173	68	-5.46834	-4.00423	-7.02974	-7.50163
1037	1	2	3	4	5	9	3	-4.82745	-2.50412	-3.69368	-4.87901
1038	9	25	2	10	22	3	6	-4.44845	-8.46673	-5.99544	-4.33102
1039	2	4	1	2	2	1	5	-2.76848	-3.70492	-4.20437	-4.05745
1040	8	10	2	2	11	12	6	-3.93857	-8.10755	-7.69201	-6.92622
1041	1	2	4	62	4	5	17	-6.16623	-4.87148	-7.87706	-8.3013
1042	10	1	16	19	10	5	7	-7.36395	-2.76218	-4.30414	-5.14617
1043	33	39	30	82	104	173	68	-5.46834	-4.00423	-7.02974	-7.50163
1044	2	4	1	2	2	1	5	-2.76848	-3.70492	-4.20437	-4.05745
1045	8	10	2	2	11	12	6	-3.93857	-8.10755	-7.69201	-6.92622
1046	2	1	5	3	2	5	5	-5.94754	-2.8375	-4.18916	-5.46064
1047	47	2	4	2	6	5	17	-11.0164	-9.70895	-6.19733	-8.47646
1048	1	2	3	4	5	9	3	-4.82745	-2.50412	-3.69368	-4.87901
1049	4	7	10	4	1	7	1	-1.80998	-3.95648	-2.63562	-1.9052
1050	2	1	5	3	2	3	5	-4.27608	-3.26832	-5.7404	-4.75231
1051	2	4	2	2	6	1	5	-6.15173	-4.84625	-6.02275	-7.68773
1052	2	4	1	2	2	1	5	-2.76848	-3.70492	-4.20437	-4.05745
1053	8	10	149	2	11	12	6	-4.9178	-3.99811	-5.8142	-6.99622
1054	9	25	2	10	22	3	6	-4.44845	-8.46673	-5.99544	-4.33102
1055	2	4	1	2	2	1	5	-2.76848	-3.70492	-4.20437	-4.05745
1056	1	2	3	4	5	9	3	-4.82745	-2.50412	-3.69368	-4.87901
1057	2	1	12	3	2	1	5	-2.64315	-2.13262	-3.7594	-4.69008
1058	4	7	10	4	42	51	1	-2.91469	-4.7768	-4.93632	-3.76468
1059	2	4	1	2	2	1	5	-2.76848	-3.70492	-4.20437	-4.05745
1060	2	1	1	3	2	1	5	-4.65286	-3.80149	-6.75564	-7.02953
1061	2	4	1	2	7	1	5	-2.29082	-6.60766	-5.9197	-4.97516
1062	8	10	2	2	11	12	6	-3.93857	-8.10755	-7.69201	-6.92622
1063	2	4	1	2	2	1	5	-2.76848	-3.70492	-4.20437	-4.05745
1064	9	2	4	62	4	5	6	-3.70444	-5.31104	-5.87583	-6.47796
1065	2	4	1	2	2	1	5	-2.76848	-3.70492	-4.20437	-4.05745
1066	4	7	10	4	1	7	1	-1.80998	-3.95648	-2.63562	-1.9052
1067	8	10	2	2	11	12	6	-3.93857	-8.10755	-7.69201	-6.92622
1068	2	4	2	2	6	1	5	-6.15173	-4.84625	-6.02275	-7.68773
1069	2	4	2	2	6	1	5	-6.15173	-4.84625	-6.02275	-7.68773
1070	2	4	2	2	6	1	5	-6.15173	-4.84625	-6.02275	-7.68773
1071	2	4	2	2	6	1	5	-6.15173	-4.84625	-6.02275	-7.68773
1072	2	4	1	2	2	1	5	-2.76848	-3.70492	-4.20437	-4.05745
1073	2	4	1	2	2	1	5	-2.76848	-3.70492	-4.20437	-4.05745
1074	2	1	12	3	2	1	5	-2.64315	-2.13262	-3.7594	-4.69008
1075	2	4	1	2	7	1	5	-2.29082	-6.60766	-5.9197	-4.97516
1076	4	7	10	4	42	51	1	-2.91469	-4.7768	-4.93632	-3.76468
1077	2	4	1	2	2	1	5	-2.76848	-3.70492	-4.20437	-4.05745
1078	8	10	2	2	11	12	6	-3.93857	-8.10755	-7.69201	-6.92622
1079	1	2	3	4	5	9	3	-4.82745	-2.50412	-3.69368	-4.87901
1080	1	2	3	4	5	9	3	-4.82745	-2.50412	-3.69368	-4.87901
1081	10	1	16	19	10	5	7	-7.36395	-2.76218	-4.30414	-5.14617
1082	8	10	2	2	11	12	6	-3.93857	-8.10755	-7.69201	-6.92622
1083	4	7	10	4	1	7	1	-1.80998	-3.95648	-2.63562	-1.9052
1084	2	4	1	2	2	1	5	-2.76848	-3.70492	-4.20437	-4.05745
1085	2	4	1	2	7	1	5	-2.29082	-6.60766	-5.9197	-4.97516
1086	2	1	21	3	2	1	5	-2.94897	-2.50968	-4.60538	-4.4432
1087	2	1	12	3	2	1	5	-2.64315	-2.13262	-3.7594	-4.69008
1088	2	4	2	4	19	3	6	-5.78212	-10.1099	-9.53382	-8.76403
1089	8	10	149	2	11	12	6	-4.9178	-3.99811	-5.8142	-6.99622
1090	8	10	2	2	11	12	6	-3.93857	-8.10755	-7.69201	-6.92622
1091	2	1	12	3	2	1	5	-2.64315	-2.13262	-3.7594	-4.69008
1092	2	1	12	3	2	1	5	-2.64315	-2.13262	-3.7594	-4.69008
1093	2	1	5	3	2	3	5	-4.27608	-3.26832	-5.7404	-4.75231
1094	184	39	30	82	113	43	17	-3.93923	-6.33571	-7.56002	-6.89836
1095	2	1	12	3	2	1	5	-2.64315	-2.13262	-3.7594	-4.69008
1096	2	4	1	2	2	1	5	-2.76848	-3.70492	-4.20437	-4.05745
1097	4	7	10	4	1	7	1	-1.80998	-3.95648	-2.63562	-1.9052
1098	8	10	2	2	11	12	6	-3.93857	-8.10755	-7.69201	-6.92622
1099	4	7	10	4	1	7	1	-1.80998	-3.95648	-2.63562	-1.9052
1100	4	7	10	4	42	51	1	-2.91469	-4.7768	-4.93632	-3.76468
1101	9	25	2	10	22	3	6	-4.44845	-8.46673	-5.99544	-4.33102
1102	9	2	4	62	4	5	6	-3.70444	-5.31104	-5.87583	-6.47796
1103	4	7	10	4	1	7	1	-1.80998	-3.95648	-2.63562	-1.9052
1104	2	4	1	2	7	1	5	-2.29082	-6.60766	-5.9197	-4.97516
1105	4	7	10	4	1	7	1	-1.80998	-3.95648	-2.63562	-1.9052
1106	8	10	2	2	11	12	6	-3.93857	-8.10755	-7.69201	-6.92622
1107	2	4	1	2	2	1	5	-2.76848	-3.70492	-4.20437	-4.05745
1108	4	7	10	4	42	51	1	-2.91469	-4.7768	-4.93632	-3.76468
1109	1	2	3	4	5	9	3	-4.82745	-2.50412	-3.69368	-4.87901
1110	2	1	12	3	2	1	5	-2.64315	-2.13262	-3.7594	-4.69008
1111	2	4	1	2	2	1	5	-2.76848	-3.70492	-4.20437	-4.05745
1112	10	81	50	99	120	76	52	-6.68246	-6.39585	-5.27922	-5.13585
1113	2	4	1	2	2	1	5	-2.76848	-3.70492	-4.20437	-4.05745
1114	4	7	10	4	42	51	1	-2.91469	-4.7768	-4.93632	-3.76468
1115	4	7	10	4	42	51	1	-2.91469	-4.7768	-4.93632	-3.76468
1116	4	7	10	4	1	7	1	-1.80998	-3.95648	-2.63562	-1.9052
1117	3	1	5	10	11	11	6	-11.4728	-6.48627	-9.6248	-10.452
1118	10	81	50	99	120	76	52	-6.68246	-6.39585	-5.27922	-5.13585
1119	2	4	1	2	2	1	5	-2.76848	-3.70492	-4.20437	-4.05745
1120	4	7	10	4	1	7	1	-1.80998	-3.95648	-2.63562	-1.9052
1121	4	7	10	4	1	7	1	-1.80998	-3.95648	-2.63562	-1.9052
1122	4	7	10	4	42	51	1	-2.91469	-4.7768	-4.93632	-3.76468
1123	2	1	12	3	2	1	5	-2.64315	-2.13262	-3.7594	-4.69008
1124	2	4	1	2	2	1	5	-2.76848	-3.70492	-4.20437	-4.05745
1125	2	1	1	3	2	1	5	-4.65286	-3.80149	-6.75564	-7.02953
1126	2	4	1	2	2	1	5	-2.76848	-3.70492	-4.20437	-4.05745
1127	2	4	1	2	2	1	5	-2.76848	-3.70492	-4.20437	-4.05745
1128	2	4	1	2	2	1	5	-2.76848	-3.70492	-4.20437	-4.05745
1129	2	4	1	2	2	1	5	-2.76848	-3.70492	-4.20437	-4.05745
1130	1	2	3	4	5	9	3	-4.82745	-2.50412	-3.69368	-4.87901
1131	8	10	2	2	11	12	6	-3.93857	-8.10755	-7.69201	-6.92622
1132	2	1	21	3	2	1	5	-2.94897	-2.50968	-4.60538	-4.4432
1133	2	4	1	2	2	1	5	-2.76848	-3.70492	-4.20437	-4.05745
1134	2	1	21	3	2	1	5	-2.94897	-2.50968	-4.60538	-4.4432
1135	2	1	21	3	2	1	5	-2.94897	-2.50968	-4.60538	-4.4432
1136	2	4	1	2	2	1	5	-2.76848	-3.70492	-4.20437	-4.05745
1137	1	2	3	4	5	9	3	-4.82745	-2.50412	-3.69368	-4.87901
1138	10	1	16	19	10	5	7	-7.36395	-2.76218	-4.30414	-5.14617
1139	2	1	12	3	2	1	5	-2.64315	-2.13262	-3.7594	-4.69008
1140	7	21	5	62	4	61	44	-8.72819	-3.85079	-5.82442	-7.40022
1141	2	4	1	2	2	1	5	-2.76848	-3.70492	-4.20437	-4.05745
1142	2	1	12	3	2	1	5	-2.64315	-2.13262	-3.7594	-4.69008
1143	2	4	1	2	7	1	5	-2.29082	-6.60766	-5.9197	-4.97516
1144	2	1	5	3	2	3	5	-4.27608	-3.26832	-5.7404	-4.75231
1145	2	1	21	3	2	1	5	-2.94897	-2.50968	-4.60538	-4.4432
1146	2	1	21	3	2	1	5	-2.94897	-2.50968	-4.60538	-4.4432
1147	2	1	21	3	2	1	5	-2.94897	-2.50968	-4.60538	-4.4432
1148	2	1	21	3	2	1	5	-2.94897	-2.50968	-4.60538	-4.4432
1149	2	1	12	3	2	1	5	-2.64315	-2.13262	-3.7594	-4.69008
1150	8	10	2	2	11	12	6	-3.93857	-8.10755	-7.69201	-6.92622
1151	129	66	30	82	189	47	17	-3.2326	-5.01325	-5.59429	-4.10677
1152	1	307	3	4	5	9	3	-6.85869	-6.43613	-6.14585	-8.14704
1153	8	10	2	2	11	12	6	-3.93857	-8.10755	-7.69201	-6.92622
1154	2	4	2	2	6	1	5	-6.15173	-4.84625	-6.02275	-7.68773
1155	1	4	2	2	6	3	17	-4.84727	-2.46627	-4.80229	-5.47938
1156	2	4	1	2	2	1	5	-2.76848	-3.70492	-4.20437	-4.05745
1157	8	10	2	2	11	12	6	-3.93857	-8.10755	-7.69201	-6.92622
1158	2	4	2	2	6	1	5	-6.15173	-4.84625	-6.02275	-7.68773
1159	2	1	21	3	2	1	5	-2.94897	-2.50968	-4.60538	-4.4432
1160	2	4	5	2	2	5	5	-3.65657	-7.93729	-6.98299	-5.77245
1161	7	21	5	62	4	61	44	-8.72819	-3.85079	-5.82442	-7.40022
1162	2	1	12	3	2	1	5	-2.64315	-2.13262	-3.7594	-4.69008
1163	10	27	16	19	10	5	7	-22.2865	-12.4879	-16.6825	-17.6449
1164	33	283	44	82	189	44	17	-8.15587	-3.49089	-5.60926	-5.95978
1165	9	25	2	10	22	3	6	-4.44845	-8.46673	-5.99544	-4.33102
1166	7	21	5	62	4	61	44	-8.72819	-3.85079	-5.82442	-7.40022
1167	2	1	5	3	2	3	5	-4.27608	-3.26832	-5.7404	-4.75231
1168	2	1	5	3	2	3	5	-4.27608	-3.26832	-5.7404	-4.75231
1169	9	25	2	10	22	3	6	-4.44845	-8.46673	-5.99544	-4.33102
1170	2	1	5	3	2	3	5	-4.27608	-3.26832	-5.7404	-4.75231
1171	2	4	1	2	2	1	5	-2.76848	-3.70492	-4.20437	-4.05745
1172	129	66	30	82	189	47	17	-3.2326	-5.01325	-5.59429	-4.10677
1173	2	4	1	2	2	1	5	-2.76848	-3.70492	-4.20437	-4.05745
1174	2	1	5	3	2	3	5	-4.27608	-3.26832	-5.7404	-4.75231
1175	2	1	12	3	2	1	5	-2.64315	-2.13262	-3.7594	-4.69008
1176	2	4	1	2	2	1	5	-2.76848	-3.70492	-4.20437	-4.05745
1177	1	4	2	2	6	3	17	-4.84727	-2.46627	-4.80229	-5.47938
1178	2	1	12	3	2	1	5	-2.64315	-2.13262	-3.7594	-4.69008
1179	1	4	2	2	446	3	17	-8.2269	-5.96525	-7.02408	-8.34951
1180	2	1	5	88	2	11	5	-9.9471	-5.35314	-6.09748	-8.12361
1181	2	4	2	2	6	1	5	-6.15173	-4.84625	-6.02275	-7.68773
1182	9	25	2	10	22	3	6	-4.44845	-8.46673	-5.99544	-4.33102
1183	2	1	5	3	2	3	5	-4.27608	-3.26832	-5.7404	-4.75231
1184	7	21	5	62	4	61	44	-8.72819	-3.85079	-5.82442	-7.40022
1185	1	2	3	4	5	9	3	-4.82745	-2.50412	-3.69368	-4.87901
1186	2	4	1	2	2	1	5	-2.76848	-3.70492	-4.20437	-4.05745
1187	7	21	5	62	4	61	44	-8.72819	-3.85079	-5.82442	-7.40022
1188	33	39	30	82	104	173	68	-5.46834	-4.00423	-7.02974	-7.50163
1189	1	4	2	2	6	3	17	-4.84727	-2.46627	-4.80229	-5.47938
1190	2	1	21	3	2	1	5	-2.94897	-2.50968	-4.60538	-4.4432
1191	4	7	10	4	1	7	1	-1.80998	-3.95648	-2.63562	-1.9052
1192	2	1	5	3	2	5	5	-5.94754	-2.8375	-4.18916	-5.46064
1193	1	4	2	2	6	3	17	-4.84727	-2.46627	-4.80229	-5.47938
1194	2	4	1	2	2	1	5	-2.76848	-3.70492	-4.20437	-4.05745
1195	2	4	1	2	2	1	5	-2.76848	-3.70492	-4.20437	-4.05745
1196	2	1	12	3	2	1	5	-2.64315	-2.13262	-3.7594	-4.69008
1197	2	1	6	3	2	3	5	-6.63273	-6.7763	-7.65474	-7.18878
1198	4	7	10	4	1	7	1	-1.80998	-3.95648	-2.63562	-1.9052
1199	2	4	1	2	7	1	5	-2.29082	-6.60766	-5.9197	-4.97516
1200	2	1	1	3	2	1	5	-4.65286	-3.80149	-6.75564	-7.02953
1201	2	4	1	2	2	1	5	-2.76848	-3.70492	-4.20437	-4.05745
1202	7	2	5	2	10	3	6	-32.1091	-27.3486	-29.2319	-29.1039
1203	2	1	21	3	2	1	5	-2.94897	-2.50968	-4.60538	-4.4432
1204	2	4	1	2	7	1	5	-2.29082	-6.60766	-5.9197	-4.97516
1205	4	7	10	4	1	7	1	-1.80998	-3.95648	-2.63562	-1.9052
1206	2	4	1	2	7	1	5	-2.29082	-6.60766	-5.9197	-4.97516
1207	2	4	1	2	2	1	5	-2.76848	-3.70492	-4.20437	-4.05745
1208	1	4	2	2	6	3	17	-4.84727	-2.46627	-4.80229	-5.47938
1209	2	4	1	2	2	1	5	-2.76848	-3.70492	-4.20437	-4.05745
1210	2	4	1	2	2	1	5	-2.76848	-3.70492	-4.20437	-4.05745
1211	74	10	2	2	11	12	6	-7.32088	-11.64	-9.92951	-9.81026
1212	1	2	3	4	5	9	3	-4.82745	-2.50412	-3.69368	-4.87901
1213	2	1	5	3	2	3	5	-4.27608	-3.26832	-5.7404	-4.75231
1214	4	7	10	4	1	7	1	-1.80998	-3.95648	-2.63562	-1.9052
1215	2	4	2	2	6	1	5	-6.15173	-4.84625	-6.02275	-7.68773
1216	2	1	12	3	2	1	5	-2.64315	-2.13262	-3.7594	-4.69008
1217	2	1	21	3	2	1	5	-2.94897	-2.50968	-4.60538	-4.4432
1218	2	4	1	2	2	1	5	-2.76848	-3.70492	-4.20437	-4.05745
1219	2	1	21	3	2	1	5	-2.94897	-2.50968	-4.60538	-4.4432
1220	4	7	10	4	1	7	1	-1.80998	-3.95648	-2.63562	-1.9052
1221	2	1	21	3	2	1	5	-2.94897	-2.50968	-4.60538	-4.4432
1222	2	4	1	2	2	1	5	-2.76848	-3.70492	-4.20437	-4.05745
1223	4	7	10	4	1	7	1	-1.80998	-3.95648	-2.63562	-1.9052
1224	2	4	1	2	2	1	5	-2.76848	-3.70492	-4.20437	-4.05745
1225	4	7	10	4	1	7	1	-1.80998	-3.95648	-2.63562	-1.9052
1226	4	7	10	4	42	51	1	-2.91469	-4.7768	-4.93632	-3.76468
1227	4	7	10	4	42	7	1	-6.53658	-8.98417	-5.58203	-4.64134
1228	2	4	1	2	2	1	5	-2.76848	-3.70492	-4.20437	-4.05745
1229	2	1	5	3	2	3	5	-4.27608	-3.26832	-5.7404	-4.75231
1230	10	81	50	99	120	76	52	-6.68246	-6.39585	-5.27922	-5.13585
1231	2	4	1	2	7	1	5	-2.29082	-6.60766	-5.9197	-4.97516
1232	2	4	1	2	7	1	5	-2.29082	-6.60766	-5.9197	-4.97516
1233	4	7	10	4	1	7	1	-1.80998	-3.95648	-2.63562	-1.9052
1234	1	4	2	2	6	3	17	-4.84727	-2.46627	-4.80229	-5.47938
1235	4	7	10	4	1	7	1	-1.80998	-3.95648	-2.63562	-1.9052
1236	2	4	1	2	2	1	5	-2.76848	-3.70492	-4.20437	-4.05745
1237	4	7	10	4	1	7	1	-1.80998	-3.95648	-2.63562	-1.9052
1238	4	7	10	4	42	51	1	-2.91469	-4.7768	-4.93632	-3.76468
1239	1	307	3	4	5	9	3	-6.85869	-6.43613	-6.14585	-8.14704
1240	2	4	2	2	6	1	5	-6.15173	-4.84625	-6.02275	-7.68773
1241	8	10	149	2	11	12	6	-4.9178	-3.99811	-5.8142	-6.99622
1242	2	1	12	3	2	1	5	-2.64315	-2.13262	-3.7594	-4.69008
1243	2	4	1	2	2	1	5	-2.76848	-3.70492	-4.20437	-4.05745
1244	2	4	1	2	2	1	5	-2.76848	-3.70492	-4.20437	-4.05745
1245	2	4	1	2	2	1	5	-2.76848	-3.70492	-4.20437	-4.05745
1246	4	7	10	4	42	51	1	-2.91469	-4.7768	-4.93632	-3.76468
1247	2	4	1	2	2	1	5	-2.76848	-3.70492	-4.20437	-4.05745
1248	2	4	1	2	2	1	5	-2.76848	-3.70492	-4.20437	-4.05745
1249	2	1	12	88	2	1	5	-3.96914	-3.45129	-6.0284	-5.27084
1250	1	4	2	2	6	3	17	-4.84727	-2.46627	-4.80229	-5.47938
1251	9	2	4	62	4	5	6	-3.70444	-5.31104	-5.87583	-6.47796
1252	2	4	1	2	7	1	5	-2.29082	-6.60766	-5.9197	-4.97516
1253	2	4	5	2	2	5	5	-3.65657	-7.93729	-6.98299	-5.77245
1254	2	1	21	3	2	1	5	-2.94897	-2.50968	-4.60538	-4.4432
1255	1	4	2	2	6	3	17	-4.84727	-2.46627	-4.80229	-5.47938
1256	2	1	21	3	2	1	5	-2.94897	-2.50968	-4.60538	-4.4432
1257	2	4	1	2	2	5	5	-6.83197	-6.41741	-9.1789	-9.34808
1258	2	1	12	3	2	1	5	-2.64315	-2.13262	-3.7594	-4.69008
1259	2	4	2	2	6	1	5	-6.15173	-4.84625	-6.02275	-7.68773
1260	2	4	1	2	2	1	5	-2.76848	-3.70492	-4.20437	-4.05745
1261	2	4	1	2	2	1	5	-2.76848	-3.70492	-4.20437	-4.05745
1262	1	307	3	4	5	9	3	-6.85869	-6.43613	-6.14585	-8.14704
1263	9	25	2	10	22	3	6	-4.44845	-8.46673	-5.99544	-4.33102
1264	2	1	1	380	2	1	5	-6.1742	-5.75921	-8.61594	-8.72678
1265	2	4	1	2	2	1	5	-2.76848	-3.70492	-4.20437	-4.05745
1266	2	4	1	2	2	1	5	-2.76848	-3.70492	-4.20437	-4.05745
1267	2	1	12	3	2	1	5	-2.64315	-2.13262	-3.7594	-4.69008
1268	1	2	3	4	5	9	3	-4.82745	-2.50412	-3.69368	-4.87901
1269	2	4	1	2	2	1	5	-2.76848	-3.70492	-4.20437	-4.05745
1270	2	4	1	2	2	1	5	-2.76848	-3.70492	-4.20437	-4.05745
1271	2	4	1	2	2	1	5	-2.76848	-3.70492	-4.20437	-4.05745
1272	1	2	3	4	5	9	3	-4.82745	-2.50412	-3.69368	-4.87901
1273	9	2	2	212	309	253	147	-24.5176	-24.5541	-21.0907	-22.8627
1274	2	1	21	3	2	1	5	-2.94897	-2.50968	-4.60538	-4.4432
1275	47	2	4	2	6	5	17	-11.0164	-9.70895	-6.19733	-8.47646
1276	1	2	3	4	5	9	3	-4.82745	-2.50412	-3.69368	-4.87901
1277	2	4	1	2	2	1	5	-2.76848	-3.70492	-4.20437	-4.05745
1278	2	4	1	2	2	1	5	-2.76848	-3.70492	-4.20437	-4.05745
1279	9	2	4	62	4	5	6	-3.70444	-5.31104	-5.87583	-6.47796
1280	2	1	12	3	2	1	5	-2.64315	-2.13262	-3.7594	-4.69008
1281	2	4	1	2	2	1	5	-2.76848	-3.70492	-4.20437	-4.05745
1282	2	4	1	2	7	1	5	-2.29082	-6.60766	-5.9197	-4.97516
1283	7	17	2	15	23	3	12	-6.88515	-11.2209	-10.6405	-9.87223
1284	2	1	1	3	2	1	5	-4.65286	-3.80149	-6.75564	-7.02953
1285	2	1	12	3	2	1	5	-2.64315	-2.13262	-3.7594	-4.69008
1286	2	4	1	2	2	1	5	-2.76848	-3.70492	-4.20437	-4.05745
1287	2	1	5	3	2	3	5	-4.27608	-3.26832	-5.7404	-4.75231
1288	2	4	1	2	2	1	5	-2.76848	-3.70492	-4.20437	-4.05745
1289	2	4	1	2	2	1	5	-2.76848	-3.70492	-4.20437	-4.05745
1290	1	4	2	2	6	3	17	-4.84727	-2.46627	-4.80229	-5.47938
1291	2	1	2	3	2	3	5	-3.74265	-7.78336	-7.49146	-6.72358
1292	2	1	5	3	2	3	5	-4.27608	-3.26832	-5.7404	-4.75231
1293	1	2	3	3	5	9	3	-11.9535	-7.63369	-10.2614	-12.1338
1294	4	7	10	4	42	51	1	-2.91469	-4.7768	-4.93632	-3.76468
1295	1	4	2	2	6	3	17	-4.84727	-2.46627	-4.80229	-5.47938
1296	2	1	5	3	2	3	5	-4.27608	-3.26832	-5.7404	-4.75231
1297	4	7	10	4	1	7	1	-1.80998	-3.95648	-2.63562	-1.9052
1298	2	4	1	2	2	1	5	-2.76848	-3.70492	-4.20437	-4.05745
1299	4	7	10	4	1	7	1	-1.80998	-3.95648	-2.63562	-1.9052
1300	2	1	21	3	2	1	5	-2.94897	-2.50968	-4.60538	-4.4432
1301	2	4	1	2	2	1	5	-2.76848	-3.70492	-4.20437	-4.05745
1302	4	7	10	4	1	7	1	-1.80998	-3.95648	-2.63562	-1.9052
1303	2	4	1	2	2	1	5	-2.76848	-3.70492	-4.20437	-4.05745
1304	2	1	5	3	2	5	5	-5.94754	-2.8375	-4.18916	-5.46064
1305	2	4	1	2	2	1	5	-2.76848	-3.70492	-4.20437	-4.05745
1306	2	1	21	3	2	1	5	-2.94897	-2.50968	-4.60538	-4.4432
1307	2	1	5	3	2	5	5	-5.94754	-2.8375	-4.18916	-5.46064
1308	1	4	2	2	6	3	17	-4.84727	-2.46627	-4.80229	-5.47938
1309	1	4	2	2	6	3	17	-4.84727	-2.46627	-4.80229	-5.47938
1310	2	1	5	3	2	3	5	-4.27608	-3.26832	-5.7404	-4.75231
1311	1	4	2	2	6	3	17	-4.84727	-2.46627	-4.80229	-5.47938
1312	2	4	1	2	2	1	5	-2.76848	-3.70492	-4.20437	-4.05745
1313	2	1	12	88	2	1	5	-3.96914	-3.45129	-6.0284	-5.27084
1314	2	1	5	3	2	3	5	-4.27608	-3.26832	-5.7404	-4.75231
1315	2	4	5	2	2	1	5	-6.15408	-9.30989	-9.24843	-8.98522
1316	2	4	1	2	2	1	5	-2.76848	-3.70492	-4.20437	-4.05745
1317	1	4	2	2	6	3	17	-4.84727	-2.46627	-4.80229	-5.47938
1318	2	1	21	3	2	1	5	-2.94897	-2.50968	-4.60538	-4.4432
1319	4	7	10	4	1	7	1	-1.80998	-3.95648	-2.63562	-1.9052
1320	1	2	3	4	5	9	3	-4.82745	-2.50412	-3.69368	-4.87901
1321	2	4	1	2	7	1	5	-2.29082	-6.60766	-5.9197	-4.97516
1322	4	7	10	4	1	7	1	-1.80998	-3.95648	-2.63562	-1.9052
1323	4	7	10	4	1	7	1	-1.80998	-3.95648	-2.63562	-1.9052
1324	1	4	2	2	6	3	17	-4.84727	-2.46627	-4.80229	-5.47938
1325	2	4	1	2	7	1	5	-2.29082	-6.60766	-5.9197	-4.97516
1326	4	7	10	4	1	7	1	-1.80998	-3.95648	-2.63562	-1.9052
1327	8	10	2	2	11	12	6	-3.93857	-8.10755	-7.69201	-6.92622
1328	969	7	10	4	1	7	1	-5.11473	-7.48024	-4.87075	-4.78766
1329	4	7	10	4	1	7	1	-1.80998	-3.95648	-2.63562	-1.9052
1330	10	27	16	942	10	5	7	-25.6687	-16.0213	-18.9202	-20.5287
1331	10	27	16	941	10	5	7	-25.6687	-16.0213	-18.9202	-20.5287
1332	4	7	10	4	1	7	1	-1.80998	-3.95648	-2.63562	-1.9052
1333	4	7	10	4	1	7	1	-1.80998	-3.95648	-2.63562	-1.9052
1334	129	66	30	82	189	47	17	-3.2326	-5.01325	-5.59429	-4.10677
1335	4	7	10	4	1	7	1	-1.80998	-3.95648	-2.63562	-1.9052
1336	4	7	10	4	1	7	1	-1.80998	-3.95648	-2.63562	-1.9052
1337	2	4	1	2	2	1	5	-2.76848	-3.70492	-4.20437	-4.05745
1338	2	1	2	3	2	3	5	-3.74265	-7.78336	-7.49146	-6.72358
1339	10	27	16	19	10	5	7	-22.2865	-12.4879	-16.6825	-17.6449
1340	2	4	1	2	2	1	5	-2.76848	-3.70492	-4.20437	-4.05745
1341	33	39	30	82	104	173	68	-5.46834	-4.00423	-7.02974	-7.50163
1342	1	4	2	2	6	3	17	-4.84727	-2.46627	-4.80229	-5.47938
1343	2	1	5	3	2	5	5	-5.94754	-2.8375	-4.18916	-5.46064
1344	2	1	12	3	2	1	5	-2.64315	-2.13262	-3.7594	-4.69008
1345	8	10	2	2	11	12	6	-3.93857	-8.10755	-7.69201	-6.92622
1346	2	1	1	3	2	1	5	-4.65286	-3.80149	-6.75564	-7.02953
1347	1	4	2	2	6	3	17	-4.84727	-2.46627	-4.80229	-5.47938
1348	7	2	2	2	11	12	6	-4.48518	-8.8195	-8.24027	-7.4726
1349	9	2	4	62	4	5	6	-3.70444	-5.31104	-5.87583	-6.47796
1350	2	1	21	3	2	1	5	-2.94897	-2.50968	-4.60538	-4.4432
1351	9	7	10	4	1	7	1	-10.2434	-12.0716	-11.5107	-10.1241
1352	2	1	12	3	920	1	5	-6.02654	-5.6589	-5.99575	-7.57185
1353	239	27	16	19	10	5	7	-11.4744	-6.49022	-9.62827	-10.4547
1354	7	17	2	15	23	3	12	-6.88515	-11.2209	-10.6405	-9.87223
1355	1	4	2	2	6	3	17	-4.84727	-2.46627	-4.80229	-5.47938
1356	1	6	60	24	12	28	1	-26.9606	-27.853	-17.8102	-20.6884
1357	2	4	5	2	10	1	5	-6.87789	-11.1875	-10.6272	-9.86254
1358	10	81	50	99	120	76	52	-6.68246	-6.39585	-5.27922	-5.13585
1359	4	7	10	4	1	7	1	-1.80998	-3.95648	-2.63562	-1.9052
1360	2	1	5	3	2	5	5	-5.94754	-2.8375	-4.18916	-5.46064
1361	4	7	10	1	1	7	1	-5.25441	-8.9049	-5.99061	-6.07061
1362	2	4	5	2	10	1	5	-6.87789	-11.1875	-10.6272	-9.86254
1363	2	1	21	3	2	1	5	-2.94897	-2.50968	-4.60538	-4.4432
1364	2	1	21	3	2	1	5	-2.94897	-2.50968	-4.60538	-4.4432
1365	2	4	1	2	2	1	5	-2.76848	-3.70492	-4.20437	-4.05745
1366	2	4	2	2	6	1	5	-6.15173	-4.84625	-6.02275	-7.68773
1367	2	4	1	2	7	1	5	-2.29082	-6.60766	-5.9197	-4.97516
1368	2	4	1	2	2	1	5	-2.76848	-3.70492	-4.20437	-4.05745
1369	2	4	1	2	2	1	5	-2.76848	-3.70492	-4.20437	-4.05745
1370	4	7	10	4	1	7	1	-1.80998	-3.95648	-2.63562	-1.9052
1371	4	7	10	4	42	51	1	-2.91469	-4.7768	-4.93632	-3.76468
1372	2	1	5	3	2	3	5	-4.27608	-3.26832	-5.7404	-4.75231
1373	2	1	12	3	2	1	5	-2.64315	-2.13262	-3.7594	-4.69008
1374	2	1	1	3	2	1	5	-4.65286	-3.80149	-6.75564	-7.02953
1375	2	4	1	2	2	1	5	-2.76848	-3.70492	-4.20437	-4.05745
1376	4	7	10	4	1	7	1	-1.80998	-3.95648	-2.63562	-1.9052
1377	10	1	16	19	10	5	7	-7.36395	-2.76218	-4.30414	-5.14617
1378	2	4	1	2	7	1	5	-2.29082	-6.60766	-5.9197	-4.97516
1379	2	4	1	2	2	1	5	-2.76848	-3.70492	-4.20437	-4.05745
1380	10	81	50	99	120	76	52	-6.68246	-6.39585	-5.27922	-5.13585
1381	2	1	12	3	2	1	5	-2.64315	-2.13262	-3.7594	-4.69008
1382	2	4	1	2	2	1	5	-2.76848	-3.70492	-4.20437	-4.05745
1383	2	4	1	2	7	1	5	-2.29082	-6.60766	-5.9197	-4.97516
1384	1	2	3	4	5	9	3	-4.82745	-2.50412	-3.69368	-4.87901
1385	8	10	2	2	11	12	6	-3.93857	-8.10755	-7.69201	-6.92622
1386	1	4	2	2	6	3	17	-4.84727	-2.46627	-4.80229	-5.47938
1387	2	4	1	2	2	1	5	-2.76848	-3.70492	-4.20437	-4.05745
1388	2	4	1	2	2	1	5	-2.76848	-3.70492	-4.20437	-4.05745
1389	10	7	10	4	1	7	1	-12.7004	-10.6036	-10.1467	-9.24079
1390	2	1	21	3	2	1	5	-2.94897	-2.50968	-4.60538	-4.4432
1391	2	1	21	3	2	1	5	-2.94897	-2.50968	-4.60538	-4.4432
1392	10	1	16	19	10	5	7	-7.36395	-2.76218	-4.30414	-5.14617
1393	2	1	5	3	2	3	5	-4.27608	-3.26832	-5.7404	-4.75231
1394	2	1	5	3	2	3	5	-4.27608	-3.26832	-5.7404	-4.75231
1395	2	4	1	2	2	5	5	-6.83197	-6.41741	-9.1789	-9.34808
1396	2	4	1	2	7	1	5	-2.29082	-6.60766	-5.9197	-4.97516
1397	10	1	16	19	10	5	7	-7.36395	-2.76218	-4.30414	-5.14617
1398	2	4	1	2	7	1	5	-2.29082	-6.60766	-5.9197	-4.97516
1399	2	934	1	2	2	1	5	-6.07257	-7.23369	-6.43468	-6.92746
