Isolate	Loci0	Loci1	Loci2	Loci3	Loci4	Loci5	Loci6	Source0	Source1	Source2	Source3
0	1	2	3	4	5	9	3	-4.68026	-2.477	-3.55864	-5.03544
1	4	7	10	4	1	7	1	-1.82957	-3.90824	-2.70839	-1.94438
2	2	4	1	2	2	1	5	-2.77553	-3.67425	-4.17822	-4.04153
3	2	4	1	2	2	1	5	-2.77553	-3.67425	-4.17822	-4.04153
4	9	25	2	10	22	3	6	-4.47286	-8.085	-6.22566	-4.38397
5	4	7	10	4	1	7	1	-1.82957	-3.90824	-2.70839	-1.94438
6	4	7	10	4	1	7	1	-1.82957	-3.90824	-2.70839	-1.94438
7	4	7	10	4	42	51	1	-2.9289	-4.71441	-5.01806	-3.77566
8	2	4	1	2	2	1	5	-2.77553	-3.67425	-4.17822	-4.04153
9	10	81	50	99	120	76	52	-6.7241	-6.39408	-5.313	-5.20298
10	2	1	21	3	2	1	5	-2.93541	-2.48403	-4.32212	-4.47431
11	2	1	21	3	2	1	5	-2.93541	-2.48403	-4.32212	-4.47431
12	9	25	2	10	22	3	6	-4.47286	-8.085	-6.22566	-4.38397
13	2	1	21	3	2	1	5	-2.93541	-2.48403	-4.32212	-4.47431
14	10	27	16	19	10	5	7	-20.3933	-12.7476	-15.6047	-18.7806
15	2	4	1	2	2	1	5	-2.77553	-3.67425	-4.17822	-4.04153
16	2	4	1	2	2	1	5	-2.77553	-3.67425	-4.17822	-4.04153
17	9	2	4	62	4	5	6	-3.71559	-5.26552	-5.831	-6.18486
18	9	53	2	53	11	3	3	-30.6914	-29.3803	-25.0645	-26.823
19	2	4	1	2	2	1	5	-2.77553	-3.67425	-4.17822	-4.04153
20	2	4	1	2	2	1	5	-2.77553	-3.67425	-4.17822	-4.04153
21	4	7	10	4	1	7	1	-1.82957	-3.90824	-2.70839	-1.94438
22	2	4	1	2	2	1	5	-2.77553	-3.67425	-4.17822	-4.04153
23	1	4	2	2	6	3	17	-4.68344	-2.43708	-4.41881	-5.78208
24	4	7	10	4	1	7	1	-1.82957	-3.90824	-2.70839	-1.94438
25	2	1	21	3	2	1	5	-2.93541	-2.48403	-4.32212	-4.47431
26	8	10	2	2	11	12	6	-3.95254	-7.87289	-7.82054	-6.54564
27	2	4	2	2	6	1	5	-6.10235	-4.82273	-5.88937	-7.79236
28	2	1	12	3	2	1	5	-2.62702	-2.10986	-3.56249	-4.68409
29	2	4	1	2	2	1	5	-2.77553	-3.67425	-4.17822	-4.04153
30	4	7	10	4	1	7	1	-1.82957	-3.90824	-2.70839	-1.94438
31	10	1	16	19	10	5	7	-6.37592	-2.73421	-4.12006	-5.34951
32	1	2	3	4	5	9	3	-4.68026	-2.477	-3.55864	-5.03544
33	2	4	1	2	2	1	5	-2.77553	-3.67425	-4.17822	-4.04153
34	2	4	1	2	2	1	5	-2.77553	-3.67425	-4.17822	-4.04153
35	2	4	1	2	2	1	5	-2.77553	-3.67425	-4.17822	-4.04153
36	4	7	10	4	1	7	1	-1.82957	-3.90824	-2.70839	-1.94438
37	129	66	30	82	189	47	17	-3.24736	-4.94938	-5.70115	-4.12201
38	2	1	12	3	357	1	5	-7.01704	-7.14267	-6.13032	-8.2602
39	9	2	4	62	4	5	6	-3.71559	-5.26552	-5.831	-6.18486
40	2	1	1	3	2	1	5	-4.62124	-3.77749	-6.13666	-7.11259
41	2	1	12	3	357	1	5	-7.01704	-7.14267	-6.13032	-8.2602
42	2	1	5	3	2	3	5	-4.24542	-3.24257	-5.37045	-4.83878
43	2	1	5	3	2	3	5	-4.24542	-3.24257	-5.37045	-4.83878
44	2	4	1	2	2	1	5	-2.77553	-3.67425	-4.17822	-4.04153
45	2	4	1	2	2	1	5	-2.77553	-3.67425	-4.17822	-4.04153
46	2	4	2	2	6	1	5	-6.10235	-4.82273	-5.88937	-7.79236
47	1	4	2	2	6	3	17	-4.68344	-2.43708	-4.41881	-5.78208
48	2	1	21	3	2	1	5	-2.93541	-2.48403	-4.32212	-4.47431
49	2	1	2	3	2	3	5	-3.75523	-7.59495	-7.61512	-6.34229
50	2	1	21	3	2	1	5	-2.93541	-2.48403	-4.32212	-4.47431
51	7	17	2	15	23	3	12	-6.89967	-10.9178	-10.7733	-9.49201
52	2	4	1	2	7	1	5	-2.30323	-6.30801	-6.06176	-4.69382
53	9	2	4	62	4	5	6	-3.71559	-5.26552	-5.831	-6.18486
54	2	4	1	2	7	1	5	-2.30323	-6.30801	-6.06176	-4.69382
55	9	2	4	62	4	5	6	-3.71559	-5.26552	-5.831	-6.18486
56	2	1	12	88	2	1	5	-3.9537	-3.42394	-5.60781	-5.32001
57	2	1	5	3	2	3	5	-4.24542	-3.24257	-5.37045	-4.83878
58	2	4	1	2	2	1	5	-2.77553	-3.67425	-4.17822	-4.04153
59	9	2	4	62	4	5	6	-3.71559	-5.26552	-5.831	-6.18486
60	2	1	5	3	2	3	5	-4.24542	-3.24257	-5.37045	-4.83878
61	2	4	1	2	2	1	5	-2.77553	-3.67425	-4.17822	-4.04153
62	2	4	1	2	2	1	5	-2.77553	-3.67425	-4.17822	-4.04153
63	2	4	1	2	2	1	5	-2.77553	-3.67425	-4.17822	-4.04153
64	2	4	1	2	2	1	5	-2.77553	-3.67425	-4.17822	-4.04153
65	2	4	1	2	2	1	5	-2.77553	-3.67425	-4.17822	-4.04153
66	2	4	1	2	2	1	5	-2.77553	-3.67425	-4.17822	-4.04153
67	1	2	215	4	90	24	8	-31.2175	-31.1978	-21.2914	-23.9356
68	2	4	1	2	2	1	5	-2.77553	-3.67425	-4.17822	-4.04153
69	1	2	3	4	5	9	3	-4.68026	-2.477	-3.55864	-5.03544
70	2	4	1	2	2	1	5	-2.77553	-3.67425	-4.17822	-4.04153
71	2	4	1	2	2	1	5	-2.77553	-3.67425	-4.17822	-4.04153
72	9	25	2	10	22	3	6	-4.47286	-8.085	-6.22566	-4.38397
73	2	15	4	48	360	25	23	-6.72404	-9.18625	-5.79102	-4.95733
74	2	4	1	2	2	1	5	-2.77553	-3.67425	-4.17822	-4.04153
75	2	1	12	88	2	1	5	-3.9537	-3.42394	-5.60781	-5.32001
76	2	4	2	2	6	1	5	-6.10235	-4.82273	-5.88937	-7.79236
77	10	1	16	19	10	5	7	-6.37592	-2.73421	-4.12006	-5.34951
78	2	4	1	2	2	1	5	-2.77553	-3.67425	-4.17822	-4.04153
79	2	1	12	3	2	1	5	-2.62702	-2.10986	-3.56249	-4.68409
80	2	4	1	2	2	1	5	-2.77553	-3.67425	-4.17822	-4.04153
81	2	4	1	2	2	1	5	-2.77553	-3.67425	-4.17822	-4.04153
82	1	4	2	2	6	3	17	-4.68344	-2.43708	-4.41881	-5.78208
83	10	1	16	19	10	5	7	-6.37592	-2.73421	-4.12006	-5.34951
84	8	10	149	2	11	12	6	-4.88735	-3.96507	-5.5725	-7.07765
85	2	4	1	2	2	1	5	-2.77553	-3.67425	-4.17822	-4.04153
86	2	4	1	2	7	1	5	-2.30323	-6.30801	-6.06176	-4.69382
87	32	39	30	82	104	324	17	-8.3853	-4.66529	-7.1053	-9.93283
88	1	2	3	4	5	9	3	-4.68026	-2.477	-3.55864	-5.03544
89	2	1	5	3	2	3	5	-4.24542	-3.24257	-5.37045	-4.83878
90	2	4	1	2	2	1	5	-2.77553	-3.67425	-4.17822	-4.04153
91	2	4	1	2	7	1	5	-2.30323	-6.30801	-6.06176	-4.69382
92	4	7	10	4	1	7	1	-1.82957	-3.90824	-2.70839	-1.94438
93	2	1	2	3	2	3	5	-3.75523	-7.59495	-7.61512	-6.34229
94	2	1	12	3	2	1	5	-2.62702	-2.10986	-3.56249	-4.68409
95	2	1	21	3	2	1	5	-2.93541	-2.48403	-4.32212	-4.47431
96	2	1	21	3	2	1	5	-2.93541	-2.48403	-4.32212	-4.47431
97	9	2	5	2	11	3	1	-28.7238	-32.0282	-28.3472	-26.0102
98	4	7	10	4	1	7	1	-1.82957	-3.90824	-2.70839	-1.94438
99	2	1	2	3	2	3	5	-3.75523	-7.59495	-7.61512	-6.34229
100	2	1	21	3	2	1	5	-2.93541	-2.48403	-4.32212	-4.47431
101	4	7	10	4	1	7	1	-1.82957	-3.90824	-2.70839	-1.94438
102	2	1	21	3	2	1	5	-2.93541	-2.48403	-4.32212	-4.47431
103	1	4	2	2	6	3	17	-4.68344	-2.43708	-4.41881	-5.78208
104	2	4	5	2	10	1	5	-6.89048	-10.8952	-10.7544	-9.47989
105	2	1	12	88	2	1	5	-3.9537	-3.42394	-5.60781	-5.32001
106	9	2	4	62	4	5	6	-3.71559	-5.26552	-5.831	-6.18486
107	2	165	73	147	220	190	104	-8.90446	-9.98362	-7.19479	-5.29782
108	2	1	21	3	2	1	5	-2.93541	-2.48403	-4.32212	-4.47431
109	2	4	1	2	2	1	5	-2.77553	-3.67425	-4.17822	-4.04153
110	2	1	12	3	11	1	6	-18.4966	-17.5329	-20.0713	-20.5621
111	2	1	2	3	2	3	5	-3.75523	-7.59495	-7.61512	-6.34229
112	2	4	1	2	7	1	5	-2.30323	-6.30801	-6.06176	-4.69382
113	2	1	2	3	2	3	5	-3.75523	-7.59495	-7.61512	-6.34229
114	2	1	21	3	2	1	5	-2.93541	-2.48403	-4.32212	-4.47431
115	2	4	1	2	7	1	5	-2.30323	-6.30801	-6.06176	-4.69382
116	33	39	30	82	113	43	17	-9.81769	-6.4396	-6.14174	-8.3946
117	2	4	1	2	2	1	5	-2.77553	-3.67425	-4.17822	-4.04153
118	2	4	1	2	2	1	5	-2.77553	-3.67425	-4.17822	-4.04153
119	2	4	1	2	2	1	5	-2.77553	-3.67425	-4.17822	-4.04153
120	2	4	1	2	7	1	5	-2.30323	-6.30801	-6.06176	-4.69382
121	4	7	10	1	1	7	1	-5.27184	-8.95962	-6.0291	-6.06828
122	2	1	12	3	2	1	5	-2.62702	-2.10986	-3.56249	-4.68409
123	2	4	1	2	2	1	5	-2.77553	-3.67425	-4.17822	-4.04153
124	2	4	1	2	2	1	5	-2.77553	-3.67425	-4.17822	-4.04153
125	2	4	1	2	7	1	5	-2.30323	-6.30801	-6.06176	-4.69382
126	2	4	1	2	2	1	5	-2.77553	-3.67425	-4.17822	-4.04153
127	2	4	1	2	2	1	5	-2.77553	-3.67425	-4.17822	-4.04153
128	2	1	12	88	2	1	5	-3.9537	-3.42394	-5.60781	-5.32001
129	2	1	12	3	2	1	5	-2.62702	-2.10986	-3.56249	-4.68409
130	2	1	12	3	2	1	5	-2.62702	-2.10986	-3.56249	-4.68409
131	2	4	1	2	7	1	5	-2.30323	-6.30801	-6.06176	-4.69382
132	2	1	21	3	2	1	5	-2.93541	-2.48403	-4.32212	-4.47431
133	2	1	21	3	2	1	5	-2.93541	-2.48403	-4.32212	-4.47431
134	2	4	5	2	2	5	5	-3.66981	-7.63906	-7.14751	-5.63069
135	2	1	21	3	2	1	5	-2.93541	-2.48403	-4.32212	-4.47431
136	1	4	2	2	6	3	1	-11.2603	-10.0525	-10.271	-11.2443
137	2	1	5	3	2	3	5	-4.24542	-3.24257	-5.37045	-4.83878
138	2	1	5	3	2	3	5	-4.24542	-3.24257	-5.37045	-4.83878
139	4	7	10	4	1	7	1	-1.82957	-3.90824	-2.70839	-1.94438
140	8	10	2	2	11	12	6	-3.95254	-7.87289	-7.82054	-6.54564
141	2	1	2	3	2	3	5	-3.75523	-7.59495	-7.61512	-6.34229
142	2	1	5	3	2	3	5	-4.24542	-3.24257	-5.37045	-4.83878
143	2	1	2	3	2	3	5	-3.75523	-7.59495	-7.61512	-6.34229
144	129	66	30	82	189	47	17	-3.24736	-4.94938	-5.70115	-4.12201
145	2	4	1	2	2	1	5	-2.77553	-3.67425	-4.17822	-4.04153
146	2	4	1	2	2	1	5	-2.77553	-3.67425	-4.17822	-4.04153
147	7	21	5	62	4	61	44	-7.51947	-3.81879	-5.53734	-8.01416
148	2	4	1	2	2	1	5	-2.77553	-3.67425	-4.17822	-4.04153
149	2	937	1	2	2	1	5	-7.08687	-8.71071	-6.74252	-7.59709
150	1	14	2	2	6	1	17	-9.38914	-6.43077	-7.84912	-6.39238
151	1	4	2	2	6	3	17	-4.68344	-2.43708	-4.41881	-5.78208
152	8	10	149	2	11	12	6	-4.88735	-3.96507	-5.5725	-7.07765
153	2	1	12	3	2	1	5	-2.62702	-2.10986	-3.56249	-4.68409
154	9	30	2	2	89	59	6	-4.95176	-8.97142	-8.82633	-7.54475
155	1	2	3	4	5	9	3	-4.68026	-2.477	-3.55864	-5.03544
156	2	4	1	2	2	1	5	-2.77553	-3.67425	-4.17822	-4.04153
157	2	4	1	2	2	1	5	-2.77553	-3.67425	-4.17822	-4.04153
158	180	194	2	68	19	231	147	-27.2348	-34.5121	-22.0141	-25.7607
159	2	4	1	2	2	1	5	-2.77553	-3.67425	-4.17822	-4.04153
160	2	4	1	2	2	1	5	-2.77553	-3.67425	-4.17822	-4.04153
161	2	4	1	2	2	1	5	-2.77553	-3.67425	-4.17822	-4.04153
162	4	7	10	4	1	7	1	-1.82957	-3.90824	-2.70839	-1.94438
163	2	4	1	2	2	1	5	-2.77553	-3.67425	-4.17822	-4.04153
164	2	1	21	3	2	1	5	-2.93541	-2.48403	-4.32212	-4.47431
165	2	4	1	2	7	1	5	-2.30323	-6.30801	-6.06176	-4.69382
166	2	4	1	2	2	1	5	-2.77553	-3.67425	-4.17822	-4.04153
167	10	1	16	19	10	5	7	-6.37592	-2.73421	-4.12006	-5.34951
168	104	7	10	4	1	7	1	-4.40723	-8.43346	-8.26867	-6.98033
169	2	4	1	2	2	1	5	-2.77553	-3.67425	-4.17822	-4.04153
170	10	27	16	19	10	5	7	-20.3933	-12.7476	-15.6047	-18.7806
171	2	4	1	2	2	1	5	-2.77553	-3.67425	-4.17822	-4.04153
172	2	1	1	3	2	1	5	-4.62124	-3.77749	-6.13666	-7.11259
173	7	21	5	62	4	61	44	-7.51947	-3.81879	-5.53734	-8.01416
174	2	1	1	3	2	1	5	-4.62124	-3.77749	-6.13666	-7.11259
175	10	1	16	19	10	5	7	-6.37592	-2.73421	-4.12006	-5.34951
176	2	4	1	2	2	1	5	-2.77553	-3.67425	-4.17822	-4.04153
177	2	4	1	2	2	1	5	-2.77553	-3.67425	-4.17822	-4.04153
178	2	1	12	3	2	1	5	-2.62702	-2.10986	-3.56249	-4.68409
179	2	4	1	2	2	1	5	-2.77553	-3.67425	-4.17822	-4.04153
180	2	4	1	2	2	1	5	-2.77553	-3.67425	-4.17822	-4.04153
181	1	4	2	2	6	3	17	-4.68344	-2.43708	-4.41881	-5.78208
182	2	1	12	3	2	1	5	-2.62702	-2.10986	-3.56249	-4.68409
183	4	7	10	4	1	7	1	-1.82957	-3.90824	-2.70839	-1.94438
184	2	4	1	2	2	1	5	-2.77553	-3.67425	-4.17822	-4.04153
185	2	4	1	2	2	1	5	-2.77553	-3.67425	-4.17822	-4.04153
186	2	1	21	3	2	1	5	-2.93541	-2.48403	-4.32212	-4.47431
187	4	7	10	4	1	7	1	-1.82957	-3.90824	-2.70839	-1.94438
188	4	7	10	4	42	51	1	-2.9289	-4.71441	-5.01806	-3.77566
189	2	1	5	3	2	3	5	-4.24542	-3.24257	-5.37045	-4.83878
190	1	2	4	62	4	5	17	-6.11559	-4.83868	-7.21987	-8.55696
191	4	7	10	4	1	7	1	-1.82957	-3.90824	-2.70839	-1.94438
192	4	7	10	4	42	51	1	-2.9289	-4.71441	-5.01806	-3.77566
193	2	1	21	3	2	1	5	-2.93541	-2.48403	-4.32212	-4.47431
194	4	7	10	4	42	51	1	-2.9289	-4.71441	-5.01806	-3.77566
195	2	4	1	2	7	1	5	-2.30323	-6.30801	-6.06176	-4.69382
196	2	4	1	2	2	1	5	-2.77553	-3.67425	-4.17822	-4.04153
197	1	2	3	4	5	9	3	-4.68026	-2.477	-3.55864	-5.03544
198	1	2	4	62	4	5	17	-6.11559	-4.83868	-7.21987	-8.55696
199	2	250	4	281	358	25	57	-29.9477	-32.3068	-19.0666	-20.5409
200	9	2	4	62	4	5	6	-3.71559	-5.26552	-5.831	-6.18486
201	1	2	3	4	5	9	3	-4.68026	-2.477	-3.55864	-5.03544
202	4	7	10	4	1	7	1	-1.82957	-3.90824	-2.70839	-1.94438
203	2	4	2	4	19	3	6	-5.7955	-9.80989	-9.66429	-8.3816
204	4	7	10	4	1	7	1	-1.82957	-3.90824	-2.70839	-1.94438
205	4	7	10	4	42	51	1	-2.9289	-4.71441	-5.01806	-3.77566
206	2	1	12	3	2	1	5	-2.62702	-2.10986	-3.56249	-4.68409
207	4	7	10	4	1	7	1	-1.82957	-3.90824	-2.70839	-1.94438
208	2	1	12	3	2	1	5	-2.62702	-2.10986	-3.56249	-4.68409
209	1	2	4	62	4	5	17	-6.11559	-4.83868	-7.21987	-8.55696
210	4	7	10	4	42	51	1	-2.9289	-4.71441	-5.01806	-3.77566
211	2	4	1	2	2	1	5	-2.77553	-3.67425	-4.17822	-4.04153
212	4	7	10	4	1	7	1	-1.82957	-3.90824	-2.70839	-1.94438
213	2	1	21	3	2	1	5	-2.93541	-2.48403	-4.32212	-4.47431
214	47	2	4	2	6	5	17	-11.4551	-10.6875	-6.2034	-8.42918
215	2	1	21	3	2	1	5	-2.93541	-2.48403	-4.32212	-4.47431
216	2	1	21	3	2	1	5	-2.93541	-2.48403	-4.32212	-4.47431
217	2	4	1	2	2	1	5	-2.77553	-3.67425	-4.17822	-4.04153
218	2	4	1	2	2	1	5	-2.77553	-3.67425	-4.17822	-4.04153
219	10	81	50	99	120	76	52	-6.7241	-6.39408	-5.313	-5.20298
220	2	4	1	2	2	1	5	-2.77553	-3.67425	-4.17822	-4.04153
221	2	4	1	2	2	1	5	-2.77553	-3.67425	-4.17822	-4.04153
222	1	4	2	2	6	3	17	-4.68344	-2.43708	-4.41881	-5.78208
223	1	2	4	62	4	5	17	-6.11559	-4.83868	-7.21987	-8.55696
224	4	7	10	4	1	7	1	-1.82957	-3.90824	-2.70839	-1.94438
225	4	7	10	4	1	7	1	-1.82957	-3.90824	-2.70839	-1.94438
226	10	1	16	19	10	5	7	-6.37592	-2.73421	-4.12006	-5.34951
227	2	4	1	2	2	1	5	-2.77553	-3.67425	-4.17822	-4.04153
228	2	4	1	2	7	1	5	-2.30323	-6.30801	-6.06176	-4.69382
229	1	4	2	348	6	3	17	-9.07737	-5.3497	-7.7913	-10.6231
230	1	2	4	62	4	5	17	-6.11559	-4.83868	-7.21987	-8.55696
231	10	27	16	19	10	5	7	-20.3933	-12.7476	-15.6047	-18.7806
232	1	4	2	2	6	3	17	-4.68344	-2.43708	-4.41881	-5.78208
233	4	7	10	4	42	51	1	-2.9289	-4.71441	-5.01806	-3.77566
234	2	4	1	2	2	1	5	-2.77553	-3.67425	-4.17822	-4.04153
235	2	1	12	3	2	1	5	-2.62702	-2.10986	-3.56249	-4.68409
236	2	1	12	88	2	1	5	-3.9537	-3.42394	-5.60781	-5.32001
237	2	4	1	2	7	1	5	-2.30323	-6.30801	-6.06176	-4.69382
238	2	1	12	3	2	1	5	-2.62702	-2.10986	-3.56249	-4.68409
239	1	4	2	2	6	3	17	-4.68344	-2.43708	-4.41881	-5.78208
240	2	1	4	28	58	25	58	-5.68205	-8.50981	-5.49542	-4.27696
241	2	1	5	3	2	3	5	-4.24542	-3.24257	-5.37045	-4.83878
242	2	1	12	3	2	1	5	-2.62702	-2.10986	-3.56249	-4.68409
243	2	4	1	2	2	1	5	-2.77553	-3.67425	-4.17822	-4.04153
244	2	1	5	10	11	1	5	-26.7762	-22.1913	-24.0845	-25.0624
245	2	1	12	3	2	1	5	-2.62702	-2.10986	-3.56249	-4.68409
246	2	1	12	88	2	1	5	-3.9537	-3.42394	-5.60781	-5.32001
247	2	1	12	3	2	1	5	-2.62702	-2.10986	-3.56249	-4.68409
248	2	1	12	3	2	1	5	-2.62702	-2.10986	-3.56249	-4.68409
249	1	4	2	2	6	3	17	-4.68344	-2.43708	-4.41881	-5.78208
250	9	2	4	62	4	5	6	-3.71559	-5.26552	-5.831	-6.18486
251	2	1	12	3	2	1	5	-2.62702	-2.10986	-3.56249	-4.68409
252	8	10	149	2	11	12	6	-4.88735	-3.96507	-5.5725	-7.07765
253	2	1	21	3	2	1	5	-2.93541	-2.48403	-4.32212	-4.47431
254	1	2	3	4	5	9	3	-4.68026	-2.477	-3.55864	-5.03544
255	2	1	5	3	2	3	5	-4.24542	-3.24257	-5.37045	-4.83878
256	1	307	3	4	5	9	3	-6.85185	-6.42644	-6.11779	-8.10175
257	1	4	2	2	6	3	17	-4.68344	-2.43708	-4.41881	-5.78208
258	2	4	1	2	7	1	5	-2.30323	-6.30801	-6.06176	-4.69382
259	2	4	1	2	2	1	5	-2.77553	-3.67425	-4.17822	-4.04153
260	2	61	4	64	126	7	23	-6.03872	-8.74364	-6.18451	-4.29273
261	7	21	5	62	4	61	44	-7.51947	-3.81879	-5.53734	-8.01416
262	2	1	12	3	2	1	5	-2.62702	-2.10986	-3.56249	-4.68409
263	2	4	1	2	2	1	5	-2.77553	-3.67425	-4.17822	-4.04153
264	2	1	12	3	2	1	5	-2.62702	-2.10986	-3.56249	-4.68409
265	2	1	21	3	2	1	5	-2.93541	-2.48403	-4.32212	-4.47431
266	2	1	21	3	2	1	5	-2.93541	-2.48403	-4.32212	-4.47431
267	2	4	1	2	2	1	5	-2.77553	-3.67425	-4.17822	-4.04153
268	2	4	1	2	2	1	5	-2.77553	-3.67425	-4.17822	-4.04153
269	2	4	1	2	7	1	5	-2.30323	-6.30801	-6.06176	-4.69382
270	4	7	10	4	1	7	1	-1.82957	-3.90824	-2.70839	-1.94438
271	1	2	4	62	4	5	17	-6.11559	-4.83868	-7.21987	-8.55696
272	4	1	21	3	2	1	5	-9.59185	-10.1955	-10.3073	-9.99535
273	10	1	16	19	10	5	7	-6.37592	-2.73421	-4.12006	-5.34951
274	33	283	44	82	189	44	17	-7.11093	-3.45907	-5.29787	-6.1944
275	2	1	12	3	2	1	5	-2.62702	-2.10986	-3.56249	-4.68409
276	10	81	50	99	120	76	52	-6.7241	-6.39408	-5.313	-5.20298
277	4	7	10	4	42	25	1	-8.79311	-9.58248	-5.87369	-5.2225
278	2	4	1	2	2	1	5	-2.77553	-3.67425	-4.17822	-4.04153
279	2	4	5	2	10	1	5	-6.89048	-10.8952	-10.7544	-9.47989
280	2	4	1	2	2	1	5	-2.77553	-3.67425	-4.17822	-4.04153
281	9	2	4	62	4	5	6	-3.71559	-5.26552	-5.831	-6.18486
282	4	7	10	4	1	7	1	-1.82957	-3.90824	-2.70839	-1.94438
283	2	1	12	3	2	1	5	-2.62702	-2.10986	-3.56249	-4.68409
284	9	2	4	62	4	5	6	-3.71559	-5.26552	-5.831	-6.18486
285	9	2	4	62	4	5	6	-3.71559	-5.26552	-5.831	-6.18486
286	2	4	1	2	2	1	5	-2.77553	-3.67425	-4.17822	-4.04153
287	2	1	12	88	2	1	5	-3.9537	-3.42394	-5.60781	-5.32001
288	2	1	21	3	2	1	5	-2.93541	-2.48403	-4.32212	-4.47431
289	33	39	30	79	113	44	17	-25.7836	-24.4949	-24.8562	-26.5566
290	1	2	3	4	5	9	3	-4.68026	-2.477	-3.55864	-5.03544
291	1	4	2	2	6	3	17	-4.68344	-2.43708	-4.41881	-5.78208
292	9	2	4	62	4	5	6	-3.71559	-5.26552	-5.831	-6.18486
293	2	1	12	3	2	1	5	-2.62702	-2.10986	-3.56249	-4.68409
294	2	1	5	3	2	5	5	-5.63645	-2.81685	-4.03149	-5.66756
295	2	1	5	3	2	5	5	-5.63645	-2.81685	-4.03149	-5.66756
296	2	4	1	2	2	1	5	-2.77553	-3.67425	-4.17822	-4.04153
297	2	4	1	2	2	1	5	-2.77553	-3.67425	-4.17822	-4.04153
298	2	1	21	3	2	1	5	-2.93541	-2.48403	-4.32212	-4.47431
299	32	39	30	82	104	324	17	-8.3853	-4.66529	-7.1053	-9.93283
300	2	1	12	3	2	1	5	-2.62702	-2.10986	-3.56249	-4.68409
301	4	7	10	4	1	7	1	-1.82957	-3.90824	-2.70839	-1.94438
302	1	4	2	2	6	3	5	-8.89815	-5.24805	-7.70602	-10.4215
303	2	1	21	3	2	1	5	-2.93541	-2.48403	-4.32212	-4.47431
304	4	7	10	4	42	51	1	-2.9289	-4.71441	-5.01806	-3.77566
305	2	4	1	2	7	1	5	-2.30323	-6.30801	-6.06176	-4.69382
306	7	21	5	62	4	61	44	-7.51947	-3.81879	-5.53734	-8.01416
307	104	7	10	4	1	7	1	-4.40723	-8.43346	-8.26867	-6.98033
308	9	25	2	10	22	3	6	-4.47286	-8.085	-6.22566	-4.38397
309	2	4	2	2	6	3	17	-10.6689	-7.61715	-9.84636	-11.0605
310	2	4	1	2	7	1	5	-2.30323	-6.30801	-6.06176	-4.69382
311	129	66	30	82	189	47	17	-3.24736	-4.94938	-5.70115	-4.12201
312	33	39	30	82	104	173	68	-5.40566	-3.96964	-6.36285	-7.8268
313	2	1	12	3	2	1	5	-2.62702	-2.10986	-3.56249	-4.68409
314	2	1	1	3	2	1	5	-4.62124	-3.77749	-6.13666	-7.11259
315	7	21	5	62	4	61	44	-7.51947	-3.81879	-5.53734	-8.01416
316	2	1	21	3	2	1	5	-2.93541	-2.48403	-4.32212	-4.47431
317	4	7	10	4	1	7	1	-1.82957	-3.90824	-2.70839	-1.94438
318	10	2	107	62	120	76	1	-6.85503	-10.3052	-8.21142	-6.35133
319	4	7	10	4	1	7	1	-1.82957	-3.90824	-2.70839	-1.94438
320	2	1	12	3	2	1	5	-2.62702	-2.10986	-3.56249	-4.68409
321	2	1	5	3	2	3	5	-4.24542	-3.24257	-5.37045	-4.83878
322	4	7	10	4	1	7	1	-1.82957	-3.90824	-2.70839	-1.94438
323	2	1	12	88	2	1	5	-3.9537	-3.42394	-5.60781	-5.32001
324	4	7	10	4	42	7	1	-6.59821	-8.99846	-5.67999	-4.70251
325	4	7	10	4	42	51	1	-2.9289	-4.71441	-5.01806	-3.77566
326	2	1	21	3	2	1	5	-2.93541	-2.48403	-4.32212	-4.47431
327	2	1	12	3	2	1	5	-2.62702	-2.10986	-3.56249	-4.68409
328	4	7	10	4	1	7	1	-1.82957	-3.90824	-2.70839	-1.94438
329	2	4	1	2	7	1	5	-2.30323	-6.30801	-6.06176	-4.69382
330	4	7	10	4	1	7	1	-1.82957	-3.90824	-2.70839	-1.94438
331	2	1	12	3	2	1	5	-2.62702	-2.10986	-3.56249	-4.68409
332	4	7	10	4	1	7	1	-1.82957	-3.90824	-2.70839	-1.94438
333	4	7	10	4	1	7	1	-1.82957	-3.90824	-2.70839	-1.94438
334	1	4	2	2	6	3	17	-4.68344	-2.43708	-4.41881	-5.78208
335	2	4	1	2	2	1	5	-2.77553	-3.67425	-4.17822	-4.04153
336	4	7	10	4	1	7	1	-1.82957	-3.90824	-2.70839	-1.94438
337	7	17	2	15	23	3	12	-6.89967	-10.9178	-10.7733	-9.49201
338	2	1	5	3	2	3	5	-4.24542	-3.24257	-5.37045	-4.83878
339	4	7	10	4	1	7	1	-1.82957	-3.90824	-2.70839	-1.94438
340	4	7	10	4	1	7	1	-1.82957	-3.90824	-2.70839	-1.94438
341	4	7	10	4	42	51	1	-2.9289	-4.71441	-5.01806	-3.77566
342	2	4	1	2	2	1	5	-2.77553	-3.67425	-4.17822	-4.04153
343	2	1	12	88	2	1	5	-3.9537	-3.42394	-5.60781	-5.32001
344	2	1	1	3	2	1	5	-4.62124	-3.77749	-6.13666	-7.11259
345	1	2	3	4	5	9	3	-4.68026	-2.477	-3.55864	-5.03544
346	2	1	12	88	2	1	5	-3.9537	-3.42394	-5.60781	-5.32001
347	2	1	1	3	2	1	5	-4.62124	-3.77749	-6.13666	-7.11259
348	24	17	2	10	23	68	5	-9.48286	-5.76191	-8.20272	-11.0308
349	4	7	10	4	1	7	1	-1.82957	-3.90824	-2.70839	-1.94438
350	2	1	21	3	2	1	5	-2.93541	-2.48403	-4.32212	-4.47431
351	1	4	2	2	6	3	17	-4.68344	-2.43708	-4.41881	-5.78208
352	2	1	5	3	2	3	5	-4.24542	-3.24257	-5.37045	-4.83878
353	4	7	10	4	1	7	1	-1.82957	-3.90824	-2.70839	-1.94438
354	2	1	1	3	2	1	5	-4.62124	-3.77749	-6.13666	-7.11259
355	2	1	12	3	2	1	5	-2.62702	-2.10986	-3.56249	-4.68409
356	8	10	149	2	11	12	6	-4.88735	-3.96507	-5.5725	-7.07765
357	2	4	1	2	2	5	5	-6.80916	-6.39734	-8.63035	-9.29008
358	10	1	16	19	10	5	7	-6.37592	-2.73421	-4.12006	-5.34951
359	24	17	2	10	23	68	5	-9.48286	-5.76191	-8.20272	-11.0308
360	1	2	4	62	4	5	17	-6.11559	-4.83868	-7.21987	-8.55696
361	2	4	1	2	7	1	5	-2.30323	-6.30801	-6.06176	-4.69382
362	7	71	5	62	11	67	6	-29.6337	-29.2578	-26.5475	-29.5915
363	7	17	5	2	10	3	6	-25.3183	-24.4607	-23.739	-22.5987
364	2	1	5	3	2	3	5	-4.24542	-3.24257	-5.37045	-4.83878
365	9	2	4	62	4	5	6	-3.71559	-5.26552	-5.831	-6.18486
366	33	38	30	82	104	325	36	-14.5666	-11.5001	-11.468	-15.3007
367	2	4	1	2	7	1	5	-2.30323	-6.30801	-6.06176	-4.69382
368	47	2	4	2	6	5	17	-11.4551	-10.6875	-6.2034	-8.42918
369	2	1	12	88	2	1	5	-3.9537	-3.42394	-5.60781	-5.32001
370	2	1	12	88	2	1	5	-3.9537	-3.42394	-5.60781	-5.32001
371	2	1	12	88	2	1	5	-3.9537	-3.42394	-5.60781	-5.32001
372	2	1	12	88	2	1	5	-3.9537	-3.42394	-5.60781	-5.32001
373	2	4	1	2	2	1	5	-2.77553	-3.67425	-4.17822	-4.04153
374	2	1	12	88	2	1	5	-3.9537	-3.42394	-5.60781	-5.32001
375	1	1	2	2	6	3	17	-9.91373	-6.14368	-8.60711	-11.1458
376	2	1	12	88	2	1	5	-3.9537	-3.42394	-5.60781	-5.32001
377	2	1	12	88	2	1	5	-3.9537	-3.42394	-5.60781	-5.32001
378	2	4	1	2	2	1	5	-2.77553	-3.67425	-4.17822	-4.04153
379	2	1	12	88	2	1	5	-3.9537	-3.42394	-5.60781	-5.32001
380	2	1	5	3	2	3	5	-4.24542	-3.24257	-5.37045	-4.83878
381	4	7	10	4	1	7	1	-1.82957	-3.90824	-2.70839	-1.94438
382	2	1	12	3	2	1	5	-2.62702	-2.10986	-3.56249	-4.68409
383	1	2	4	62	4	5	17	-6.11559	-4.83868	-7.21987	-8.55696
384	1	4	2	2	6	3	17	-4.68344	-2.43708	-4.41881	-5.78208
385	2	1	12	3	2	1	5	-2.62702	-2.10986	-3.56249	-4.68409
386	2	1	12	88	2	1	5	-3.9537	-3.42394	-5.60781	-5.32001
387	9	2	4	62	4	5	6	-3.71559	-5.26552	-5.831	-6.18486
388	2	4	1	2	7	1	5	-2.30323	-6.30801	-6.06176	-4.69382
389	2	1	5	3	2	3	5	-4.24542	-3.24257	-5.37045	-4.83878
390	7	21	5	62	4	61	44	-7.51947	-3.81879	-5.53734	-8.01416
391	1	2	215	4	90	24	8	-31.2175	-31.1978	-21.2914	-23.9356
392	2	1	21	3	2	1	5	-2.93541	-2.48403	-4.32212	-4.47431
393	1	4	2	2	6	3	17	-4.68344	-2.43708	-4.41881	-5.78208
394	2	4	1	2	2	1	5	-2.77553	-3.67425	-4.17822	-4.04153
395	2	1	12	3	2	1	5	-2.62702	-2.10986	-3.56249	-4.68409
396	1	2	3	4	5	9	3	-4.68026	-2.477	-3.55864	-5.03544
397	2	1	5	3	2	3	5	-4.24542	-3.24257	-5.37045	-4.83878
398	10	1	16	19	10	5	7	-6.37592	-2.73421	-4.12006	-5.34951
399	2	1	2	3	2	959	5	-8.14142	-11.9094	-10.0982	-9.91119
400	10	1	16	19	10	5	7	-6.37592	-2.73421	-4.12006	-5.34951
401	2	4	1	2	7	1	5	-2.30323	-6.30801	-6.06176	-4.69382
402	2	1	12	3	2	1	5	-2.62702	-2.10986	-3.56249	-4.68409
403	8	10	149	2	11	12	6	-4.88735	-3.96507	-5.5725	-7.07765
404	2	4	1	2	7	1	5	-2.30323	-6.30801	-6.06176	-4.69382
405	4	7	10	4	1	7	1	-1.82957	-3.90824	-2.70839	-1.94438
406	4	7	10	4	1	7	1	-1.82957	-3.90824	-2.70839	-1.94438
407	2	4	5	2	2	5	5	-3.66981	-7.63906	-7.14751	-5.63069
408	2	1	12	3	2	1	5	-2.62702	-2.10986	-3.56249	-4.68409
409	166	2	27	10	151	3	1	-32.3008	-35.6354	-26.1	-27.4902
410	33	39	30	79	113	44	17	-25.7836	-24.4949	-24.8562	-26.5566
411	7	17	2	15	23	3	12	-6.89967	-10.9178	-10.7733	-9.49201
412	1	2	3	4	5	9	3	-4.68026	-2.477	-3.55864	-5.03544
413	2	4	1	2	7	1	5	-2.30323	-6.30801	-6.06176	-4.69382
414	7	21	5	62	4	61	44	-7.51947	-3.81879	-5.53734	-8.01416
415	2	1	12	3	2	1	5	-2.62702	-2.10986	-3.56249	-4.68409
416	1	2	3	4	5	9	3	-4.68026	-2.477	-3.55864	-5.03544
417	2	1	5	88	2	11	5	-8.98353	-5.33464	-6.00804	-8.31759
418	2	4	1	2	7	1	5	-2.30323	-6.30801	-6.06176	-4.69382
419	2	1	21	3	2	1	5	-2.93541	-2.48403	-4.32212	-4.47431
420	7	17	2	15	23	3	12	-6.89967	-10.9178	-10.7733	-9.49201
421	2	1	5	88	2	11	5	-8.98353	-5.33464	-6.00804	-8.31759
422	47	2	4	2	6	5	17	-11.4551	-10.6875	-6.2034	-8.42918
423	1	2	3	4	5	9	3	-4.68026	-2.477	-3.55864	-5.03544
424	7	17	2	15	23	3	12	-6.89967	-10.9178	-10.7733	-9.49201
425	2	4	1	2	2	1	5	-2.77553	-3.67425	-4.17822	-4.04153
426	2	4	1	2	2	1	5	-2.77553	-3.67425	-4.17822	-4.04153
427	2	4	1	2	2	1	5	-2.77553	-3.67425	-4.17822	-4.04153
428	2	1	12	3	2	1	5	-2.62702	-2.10986	-3.56249	-4.68409
429	2	4	5	2	2	5	5	-3.66981	-7.63906	-7.14751	-5.63069
430	2	1	21	3	2	1	5	-2.93541	-2.48403	-4.32212	-4.47431
431	4	7	10	4	42	25	1	-8.79311	-9.58248	-5.87369	-5.2225
432	1	4	2	2	6	3	17	-4.68344	-2.43708	-4.41881	-5.78208
433	1	2	215	4	923	24	8	-31.2175	-31.1978	-21.2914	-23.9356
434	1	2	3	4	5	9	3	-4.68026	-2.477	-3.55864	-5.03544
435	2	1	1	3	2	1	5	-4.62124	-3.77749	-6.13666	-7.11259
436	1	4	2	2	6	3	17	-4.68344	-2.43708	-4.41881	-5.78208
437	2	4	1	2	2	1	5	-2.77553	-3.67425	-4.17822	-4.04153
438	2	1	5	3	2	5	5	-5.63645	-2.81685	-4.03149	-5.66756
439	4	7	10	4	42	51	1	-2.9289	-4.71441	-5.01806	-3.77566
440	4	7	10	4	1	7	1	-1.82957	-3.90824	-2.70839	-1.94438
441	4	7	10	4	1	7	1	-1.82957	-3.90824	-2.70839	-1.94438
442	4	7	10	4	1	7	1	-1.82957	-3.90824	-2.70839	-1.94438
443	2	1	21	3	2	1	5	-2.93541	-2.48403	-4.32212	-4.47431
444	2	1	21	3	2	1	5	-2.93541	-2.48403	-4.32212	-4.47431
445	2	4	1	2	7	1	5	-2.30323	-6.30801	-6.06176	-4.69382
446	4	7	10	4	1	7	1	-1.82957	-3.90824	-2.70839	-1.94438
447	4	7	10	4	1	7	1	-1.82957	-3.90824	-2.70839	-1.94438
448	2	1	1	3	2	1	5	-4.62124	-3.77749	-6.13666	-7.11259
449	2	1	21	3	2	1	5	-2.93541	-2.48403	-4.32212	-4.47431
450	2	1	21	3	2	1	5	-2.93541	-2.48403	-4.32212	-4.47431
451	4	7	10	4	42	51	1	-2.9289	-4.71441	-5.01806	-3.77566
452	4	7	10	1	1	7	1	-5.27184	-8.95962	-6.0291	-6.06828
453	239	27	16	19	10	5	7	-10.1787	-6.45703	-8.89638	-11.7255
454	2	1	12	3	2	1	5	-2.62702	-2.10986	-3.56249	-4.68409
455	2	4	1	2	2	1	5	-2.77553	-3.67425	-4.17822	-4.04153
456	2	1	12	3	2	1	5	-2.62702	-2.10986	-3.56249	-4.68409
457	2	1	12	3	2	1	5	-2.62702	-2.10986	-3.56249	-4.68409
458	10	81	50	99	120	76	52	-6.7241	-6.39408	-5.313	-5.20298
459	47	2	4	2	6	5	17	-11.4551	-10.6875	-6.2034	-8.42918
460	2	4	1	3	2	1	5	-6.81583	-8.65482	-9.76622	-9.28494
461	4	7	10	4	1	7	1	-1.82957	-3.90824	-2.70839	-1.94438
462	2	1	1	380	2	1	5	-6.15977	-5.73055	-8.04792	-8.68634
463	2	4	1	2	7	1	5	-2.30323	-6.30801	-6.06176	-4.69382
464	2	1	12	88	2	1	5	-3.9537	-3.42394	-5.60781	-5.32001
465	7	71	5	62	11	67	1	-31.2308	-29.5254	-25.2809	-29.4325
466	2	4	1	2	7	1	5	-2.30323	-6.30801	-6.06176	-4.69382
467	4	7	10	4	1	7	1	-1.82957	-3.90824	-2.70839	-1.94438
468	2	1	1	380	2	1	5	-6.15977	-5.73055	-8.04792	-8.68634
469	2	4	1	2	2	1	5	-2.77553	-3.67425	-4.17822	-4.04153
470	2	1	12	3	2	1	5	-2.62702	-2.10986	-3.56249	-4.68409
471	1	14	2	2	6	1	17	-9.38914	-6.43077	-7.84912	-6.39238
472	1	2	4	62	4	5	17	-6.11559	-4.83868	-7.21987	-8.55696
473	4	7	10	4	1	7	1	-1.82957	-3.90824	-2.70839	-1.94438
474	2	1	21	3	2	1	5	-2.93541	-2.48403	-4.32212	-4.47431
475	2	4	1	2	2	1	5	-2.77553	-3.67425	-4.17822	-4.04153
476	1	4	2	2	6	3	17	-4.68344	-2.43708	-4.41881	-5.78208
477	4	7	10	4	1	7	1	-1.82957	-3.90824	-2.70839	-1.94438
478	10	2	107	62	120	76	1	-6.85503	-10.3052	-8.21142	-6.35133
479	2	1	12	3	2	1	5	-2.62702	-2.10986	-3.56249	-4.68409
480	2	1	5	3	2	3	5	-4.24542	-3.24257	-5.37045	-4.83878
481	2	1	21	3	2	1	5	-2.93541	-2.48403	-4.32212	-4.47431
482	1	2	3	4	5	9	3	-4.68026	-2.477	-3.55864	-5.03544
483	1	307	3	4	5	9	3	-6.85185	-6.42644	-6.11779	-8.10175
484	7	2	5	2	10	3	6	-31.0324	-27.929	-28.2966	-28.3232
485	1	2	3	4	5	9	3	-4.68026	-2.477	-3.55864	-5.03544
486	33	39	30	82	104	173	68	-5.40566	-3.96964	-6.36285	-7.8268
487	4	7	10	4	42	7	1	-6.59821	-8.99846	-5.67999	-4.70251
488	2	1	12	88	2	1	5	-3.9537	-3.42394	-5.60781	-5.32001
489	2	4	1	2	2	1	5	-2.77553	-3.67425	-4.17822	-4.04153
490	2	1	21	3	2	1	5	-2.93541	-2.48403	-4.32212	-4.47431
491	9	2	4	62	4	5	6	-3.71559	-5.26552	-5.831	-6.18486
492	2	1	5	3	2	3	5	-4.24542	-3.24257	-5.37045	-4.83878
493	4	7	10	4	1	7	1	-1.82957	-3.90824	-2.70839	-1.94438
494	2	1	57	26	127	29	35	-6.88401	-10.0966	-6.1896	-8.11789
495	2	1	57	26	127	29	35	-6.88401	-10.0966	-6.1896	-8.11789
496	2	4	2	4	19	3	6	-5.7955	-9.80989	-9.66429	-8.3816
497	2	1	12	3	2	1	5	-2.62702	-2.10986	-3.56249	-4.68409
498	2	4	1	2	2	1	5	-2.77553	-3.67425	-4.17822	-4.04153
499	2	4	1	2	2	1	5	-2.77553	-3.67425	-4.17822	-4.04153
500	2	1	21	3	2	1	5	-2.93541	-2.48403	-4.32212	-4.47431
501	33	39	65	79	104	43	17	-4.59617	-8.61501	-8.46988	-7.18934
502	1	14	2	2	6	1	17	-9.38914	-6.43077	-7.84912	-6.39238
503	2	1	12	3	2	1	5	-2.62702	-2.10986	-3.56249	-4.68409
504	7	21	5	62	4	61	44	-7.51947	-3.81879	-5.53734	-8.01416
505	9	2	4	62	4	5	6	-3.71559	-5.26552	-5.831	-6.18486
506	129	66	30	82	189	47	17	-3.24736	-4.94938	-5.70115	-4.12201
507	2	1	21	3	2	1	5	-2.93541	-2.48403	-4.32212	-4.47431
508	47	2	4	2	6	5	17	-11.4551	-10.6875	-6.2034	-8.42918
509	2	4	1	2	7	1	5	-2.30323	-6.30801	-6.06176	-4.69382
510	33	38	30	82	104	325	36	-14.5666	-11.5001	-11.468	-15.3007
511	1	4	2	2	6	3	17	-4.68344	-2.43708	-4.41881	-5.78208
512	1	4	2	2	6	3	17	-4.68344	-2.43708	-4.41881	-5.78208
513	2	4	1	2	2	1	5	-2.77553	-3.67425	-4.17822	-4.04153
514	4	7	10	4	1	7	1	-1.82957	-3.90824	-2.70839	-1.94438
515	33	283	44	82	189	44	17	-7.11093	-3.45907	-5.29787	-6.1944
516	8	10	149	2	11	12	6	-4.88735	-3.96507	-5.5725	-7.07765
517	2	1	21	3	62	1	5	-5.79241	-9.79591	-9.66075	-8.38331
518	10	1	16	19	10	5	7	-6.37592	-2.73421	-4.12006	-5.34951
519	180	194	2	68	19	231	147	-27.2348	-34.5121	-22.0141	-25.7607
520	2	4	1	2	7	1	5	-2.30323	-6.30801	-6.06176	-4.69382
521	2	4	2	2	6	1	5	-6.10235	-4.82273	-5.88937	-7.79236
522	1	2	3	4	5	9	3	-4.68026	-2.477	-3.55864	-5.03544
523	2	1	21	3	2	1	5	-2.93541	-2.48403	-4.32212	-4.47431
524	2	1	12	3	2	1	5	-2.62702	-2.10986	-3.56249	-4.68409
525	2	1	5	3	2	3	5	-4.24542	-3.24257	-5.37045	-4.83878
526	1	307	3	4	5	9	3	-6.85185	-6.42644	-6.11779	-8.10175
527	2	4	1	2	7	1	5	-2.30323	-6.30801	-6.06176	-4.69382
528	2	1	12	3	2	1	5	-2.62702	-2.10986	-3.56249	-4.68409
529	7	21	5	62	4	61	44	-7.51947	-3.81879	-5.53734	-8.01416
530	2	1	5	3	2	3	5	-4.24542	-3.24257	-5.37045	-4.83878
531	2	1	12	88	2	1	5	-3.9537	-3.42394	-5.60781	-5.32001
532	2	1	21	3	2	1	5	-2.93541	-2.48403	-4.32212	-4.47431
533	1	4	2	2	6	3	17	-4.68344	-2.43708	-4.41881	-5.78208
534	2	4	1	2	7	1	5	-2.30323	-6.30801	-6.06176	-4.69382
535	47	2	4	2	6	5	17	-11.4551	-10.6875	-6.2034	-8.42918
536	1	4	2	2	6	3	17	-4.68344	-2.43708	-4.41881	-5.78208
537	1	2	3	4	5	9	3	-4.68026	-2.477	-3.55864	-5.03544
538	2	4	1	2	2	1	5	-2.77553	-3.67425	-4.17822	-4.04153
539	4	7	10	4	42	7	1	-6.59821	-8.99846	-5.67999	-4.70251
540	2	4	1	9	2	1	5	-7.14966	-8.71453	-6.74797	-7.6137
541	2	1	12	3	2	1	5	-2.62702	-2.10986	-3.56249	-4.68409
542	1	4	2	9	6	3	17	-9.06172	-7.42705	-6.9564	-9.35078
543	1	2	3	4	922	9	3	-9.06921	-7.51878	-6.12956	-8.6112
544	4	7	10	4	1	7	1	-1.82957	-3.90824	-2.70839	-1.94438
545	2	1	5	3	2	3	5	-4.24542	-3.24257	-5.37045	-4.83878
546	2	4	1	2	7	1	5	-2.30323	-6.30801	-6.06176	-4.69382
547	4	7	10	4	1	7	1	-1.82957	-3.90824	-2.70839	-1.94438
548	2	4	1	2	2	1	5	-2.77553	-3.67425	-4.17822	-4.04153
549	2	1	21	3	2	1	5	-2.93541	-2.48403	-4.32212	-4.47431
550	4	7	10	4	1	7	1	-1.82957	-3.90824	-2.70839	-1.94438
551	1	4	2	2	6	3	17	-4.68344	-2.43708	-4.41881	-5.78208
552	2	1	5	3	2	5	5	-5.63645	-2.81685	-4.03149	-5.66756
553	2	1	12	3	2	1	5	-2.62702	-2.10986	-3.56249	-4.68409
554	4	936	10	4	1	7	1	-6.21346	-8.94725	-5.25029	-5.52189
555	180	194	2	68	19	231	147	-27.2348	-34.5121	-22.0141	-25.7607
556	4	7	10	4	42	51	1	-2.9289	-4.71441	-5.01806	-3.77566
557	4	7	10	4	42	25	1	-8.79311	-9.58248	-5.87369	-5.2225
558	2	1	21	3	2	1	5	-2.93541	-2.48403	-4.32212	-4.47431
559	2	1	5	3	2	3	5	-4.24542	-3.24257	-5.37045	-4.83878
560	2	1	5	3	2	3	5	-4.24542	-3.24257	-5.37045	-4.83878
561	4	7	10	4	42	51	1	-2.9289	-4.71441	-5.01806	-3.77566
562	4	7	10	4	1	7	1	-1.82957	-3.90824	-2.70839	-1.94438
563	2	4	1	2	7	1	5	-2.30323	-6.30801	-6.06176	-4.69382
564	2	1	21	3	2	1	5	-2.93541	-2.48403	-4.32212	-4.47431
565	1	4	2	2	6	3	17	-4.68344	-2.43708	-4.41881	-5.78208
566	188	313	5	2	89	5	6	-40.0313	-37.3733	-36.058	-41.1446
567	2	1	21	3	2	1	5	-2.93541	-2.48403	-4.32212	-4.47431
568	2	1	1	3	2	1	5	-4.62124	-3.77749	-6.13666	-7.11259
569	2	1	5	3	2	3	5	-4.24542	-3.24257	-5.37045	-4.83878
570	2	4	1	2	2	1	5	-2.77553	-3.67425	-4.17822	-4.04153
571	2	1	5	3	2	3	5	-4.24542	-3.24257	-5.37045	-4.83878
572	2	1	1	3	2	1	5	-4.62124	-3.77749	-6.13666	-7.11259
573	2	1	5	3	2	3	5	-4.24542	-3.24257	-5.37045	-4.83878
574	1	4	2	2	6	3	17	-4.68344	-2.43708	-4.41881	-5.78208
575	1	4	2	2	6	3	17	-4.68344	-2.43708	-4.41881	-5.78208
576	2	1	21	3	2	1	5	-2.93541	-2.48403	-4.32212	-4.47431
577	239	27	16	19	10	5	7	-10.1787	-6.45703	-8.89638	-11.7255
578	2	4	5	2	2	5	5	-3.66981	-7.63906	-7.14751	-5.63069
579	9	2	4	62	4	5	6	-3.71559	-5.26552	-5.831	-6.18486
580	2	1	1	3	2	1	5	-4.62124	-3.77749	-6.13666	-7.11259
581	2	1	5	3	2	3	5	-4.24542	-3.24257	-5.37045	-4.83878
582	1	4	2	2	6	3	17	-4.68344	-2.43708	-4.41881	-5.78208
583	2	4	5	2	2	5	5	-3.66981	-7.63906	-7.14751	-5.63069
584	2	4	5	2	2	5	5	-3.66981	-7.63906	-7.14751	-5.63069
585	2	1	5	3	2	3	5	-4.24542	-3.24257	-5.37045	-4.83878
586	2	1	1	380	2	1	5	-6.15977	-5.73055	-8.04792	-8.68634
587	2	7	10	4	1	7	1	-6.53595	-8.94286	-8.06985	-7.12027
588	2	1	12	3	2	1	5	-2.62702	-2.10986	-3.56249	-4.68409
589	2	4	1	2	2	1	5	-2.77553	-3.67425	-4.17822	-4.04153
590	9	2	4	62	4	5	6	-3.71559	-5.26552	-5.831	-6.18486
591	2	4	5	2	2	5	5	-3.66981	-7.63906	-7.14751	-5.63069
592	1	4	2	2	6	3	17	-4.68344	-2.43708	-4.41881	-5.78208
593	1	4	2	2	6	5	17	-12.6724	-8.66971	-11.1388	-13.8188
594	2	4	2	2	6	1	5	-6.10235	-4.82273	-5.88937	-7.79236
595	1	4	2	2	6	5	17	-12.6724	-8.66971	-11.1388	-13.8188
596	2	23	21	3	2	1	5	-7.3255	-7.53053	-6.89518	-8.05174
597	7	21	5	62	4	61	44	-7.51947	-3.81879	-5.53734	-8.01416
598	2	4	1	2	2	1	5	-2.77553	-3.67425	-4.17822	-4.04153
599	1	307	3	4	5	9	3	-6.85185	-6.42644	-6.11779	-8.10175
600	1	2	3	4	5	9	3	-4.68026	-2.477	-3.55864	-5.03544
601	9	2	4	62	4	5	6	-3.71559	-5.26552	-5.831	-6.18486
602	2	1	12	3	2	1	5	-2.62702	-2.10986	-3.56249	-4.68409
603	1	4	2	2	6	3	17	-4.68344	-2.43708	-4.41881	-5.78208
604	10	1	16	19	10	5	7	-6.37592	-2.73421	-4.12006	-5.34951
605	2	1	12	3	2	1	5	-2.62702	-2.10986	-3.56249	-4.68409
606	180	194	2	68	19	231	147	-27.2348	-34.5121	-22.0141	-25.7607
607	2	1	12	3	2	1	5	-2.62702	-2.10986	-3.56249	-4.68409
608	4	7	10	4	1	7	1	-1.82957	-3.90824	-2.70839	-1.94438
609	129	66	30	82	189	47	17	-3.24736	-4.94938	-5.70115	-4.12201
610	4	7	10	4	1	7	1	-1.82957	-3.90824	-2.70839	-1.94438
611	2	1	12	3	2	1	5	-2.62702	-2.10986	-3.56249	-4.68409
612	2	1	21	3	2	1	5	-2.93541	-2.48403	-4.32212	-4.47431
613	4	7	10	4	1	7	1	-1.82957	-3.90824	-2.70839	-1.94438
614	10	1	16	19	10	5	7	-6.37592	-2.73421	-4.12006	-5.34951
615	8	10	149	2	11	12	6	-4.88735	-3.96507	-5.5725	-7.07765
616	129	66	30	82	189	47	17	-3.24736	-4.94938	-5.70115	-4.12201
617	2	4	1	2	2	1	5	-2.77553	-3.67425	-4.17822	-4.04153
618	180	194	2	68	19	231	147	-27.2348	-34.5121	-22.0141	-25.7607
619	2	1	5	3	2	3	5	-4.24542	-3.24257	-5.37045	-4.83878
620	2	4	1	2	2	1	5	-2.77553	-3.67425	-4.17822	-4.04153
621	1	2	3	4	5	9	3	-4.68026	-2.477	-3.55864	-5.03544
622	180	194	2	68	19	231	147	-27.2348	-34.5121	-22.0141	-25.7607
623	33	39	65	79	104	43	17	-4.59617	-8.61501	-8.46988	-7.18934
624	2	4	5	2	2	5	5	-3.66981	-7.63906	-7.14751	-5.63069
625	2	1	5	3	2	5	5	-5.63645	-2.81685	-4.03149	-5.66756
626	2	1	12	3	2	1	5	-2.62702	-2.10986	-3.56249	-4.68409
627	180	194	2	68	19	231	147	-27.2348	-34.5121	-22.0141	-25.7607
628	2	1	21	3	2	1	5	-2.93541	-2.48403	-4.32212	-4.47431
629	2	1	5	3	2	5	5	-5.63645	-2.81685	-4.03149	-5.66756
630	2	1	21	3	2	1	5	-2.93541	-2.48403	-4.32212	-4.47431
631	1	2	3	4	5	9	3	-4.68026	-2.477	-3.55864	-5.03544
632	2	1	21	3	2	1	5	-2.93541	-2.48403	-4.32212	-4.47431
633	8	10	2	2	11	12	6	-3.95254	-7.87289	-7.82054	-6.54564
634	2	4	1	2	7	1	5	-2.30323	-6.30801	-6.06176	-4.69382
635	2	1	5	3	2	3	5	-4.24542	-3.24257	-5.37045	-4.83878
636	1	2	3	4	5	9	3	-4.68026	-2.477	-3.55864	-5.03544
637	9	2	4	62	4	5	6	-3.71559	-5.26552	-5.831	-6.18486
638	2	1	21	3	2	1	5	-2.93541	-2.48403	-4.32212	-4.47431
639	8	10	149	2	11	12	6	-4.88735	-3.96507	-5.5725	-7.07765
640	2	1	12	88	2	1	5	-3.9537	-3.42394	-5.60781	-5.32001
641	2	4	1	2	2	1	5	-2.77553	-3.67425	-4.17822	-4.04153
642	2	1	5	10	10	1	5	-23.1462	-23.2069	-22.8373	-23.1897
643	1	2	3	4	5	9	3	-4.68026	-2.477	-3.55864	-5.03544
644	2	4	1	2	7	1	5	-2.30323	-6.30801	-6.06176	-4.69382
645	2	4	1	2	2	1	5	-2.77553	-3.67425	-4.17822	-4.04153
646	1	2	3	4	5	9	3	-4.68026	-2.477	-3.55864	-5.03544
647	2	1	12	88	2	1	5	-3.9537	-3.42394	-5.60781	-5.32001
648	4	7	10	4	1	7	1	-1.82957	-3.90824	-2.70839	-1.94438
649	2	1	21	3	2	1	5	-2.93541	-2.48403	-4.32212	-4.47431
650	2	4	1	2	7	1	5	-2.30323	-6.30801	-6.06176	-4.69382
651	33	38	30	82	118	43	17	-19.9369	-19.3753	-20.8877	-22.7054
652	2	4	1	2	2	1	5	-2.77553	-3.67425	-4.17822	-4.04153
653	2	1	5	3	2	3	5	-4.24542	-3.24257	-5.37045	-4.83878
654	4	7	10	4	1	7	1	-1.82957	-3.90824	-2.70839	-1.94438
655	8	10	2	2	11	12	6	-3.95254	-7.87289	-7.82054	-6.54564
656	2	4	5	2	2	5	5	-3.66981	-7.63906	-7.14751	-5.63069
657	4	7	10	4	1	7	1	-1.82957	-3.90824	-2.70839	-1.94438
658	2	1	5	3	2	3	5	-4.24542	-3.24257	-5.37045	-4.83878
659	33	39	30	82	113	47	17	-5.77481	-5.74604	-7.99569	-8.32293
660	2	1	21	3	2	1	5	-2.93541	-2.48403	-4.32212	-4.47431
661	2	4	1	2	7	1	5	-2.30323	-6.30801	-6.06176	-4.69382
662	2	1	1	3	2	1	5	-4.62124	-3.77749	-6.13666	-7.11259
663	4	7	10	4	1	7	1	-1.82957	-3.90824	-2.70839	-1.94438
664	7	21	5	62	4	61	44	-7.51947	-3.81879	-5.53734	-8.01416
665	10	81	50	99	120	76	52	-6.7241	-6.39408	-5.313	-5.20298
666	4	7	10	4	1	7	1	-1.82957	-3.90824	-2.70839	-1.94438
667	1	2	3	4	5	9	3	-4.68026	-2.477	-3.55864	-5.03544
668	1	2	3	4	5	9	3	-4.68026	-2.477	-3.55864	-5.03544
669	2	4	1	2	7	1	5	-2.30323	-6.30801	-6.06176	-4.69382
670	4	7	10	4	1	7	1	-1.82957	-3.90824	-2.70839	-1.94438
671	2	1	5	3	2	3	5	-4.24542	-3.24257	-5.37045	-4.83878
672	1	4	2	2	6	3	17	-4.68344	-2.43708	-4.41881	-5.78208
673	4	935	10	4	1	7	1	-6.21346	-8.94725	-5.25029	-5.52189
674	10	1	16	19	10	5	7	-6.37592	-2.73421	-4.12006	-5.34951
675	4	7	10	4	1	7	1	-1.82957	-3.90824	-2.70839	-1.94438
676	33	39	65	79	104	43	17	-4.59617	-8.61501	-8.46988	-7.18934
677	2	4	2	2	6	1	5	-6.10235	-4.82273	-5.88937	-7.79236
678	4	7	10	4	42	25	1	-8.79311	-9.58248	-5.87369	-5.2225
679	1	4	2	2	6	3	17	-4.68344	-2.43708	-4.41881	-5.78208
680	4	7	10	4	42	25	1	-8.79311	-9.58248	-5.87369	-5.2225
681	4	7	10	4	42	25	1	-8.79311	-9.58248	-5.87369	-5.2225
682	4	7	10	4	1	7	1	-1.82957	-3.90824	-2.70839	-1.94438
683	2	4	1	2	7	1	5	-2.30323	-6.30801	-6.06176	-4.69382
684	4	7	10	4	1	7	1	-1.82957	-3.90824	-2.70839	-1.94438
685	4	7	10	4	42	7	1	-6.59821	-8.99846	-5.67999	-4.70251
686	10	27	16	19	10	5	7	-20.3933	-12.7476	-15.6047	-18.7806
687	10	81	50	99	120	76	52	-6.7241	-6.39408	-5.313	-5.20298
688	4	7	10	4	1	7	1	-1.82957	-3.90824	-2.70839	-1.94438
689	4	7	10	4	42	51	1	-2.9289	-4.71441	-5.01806	-3.77566
690	4	7	10	4	1	7	1	-1.82957	-3.90824	-2.70839	-1.94438
691	10	81	50	99	120	76	52	-6.7241	-6.39408	-5.313	-5.20298
692	2	4	1	2	2	1	5	-2.77553	-3.67425	-4.17822	-4.04153
693	4	7	10	4	42	51	1	-2.9289	-4.71441	-5.01806	-3.77566
694	4	7	10	4	42	51	1	-2.9289	-4.71441	-5.01806	-3.77566
695	4	7	10	4	42	51	1	-2.9289	-4.71441	-5.01806	-3.77566
696	8	10	2	2	11	12	6	-3.95254	-7.87289	-7.82054	-6.54564
697	33	38	30	82	104	43	17	-5.28916	-9.3068	-9.16122	-7.87965
698	4	7	10	4	1	7	1	-1.82957	-3.90824	-2.70839	-1.94438
699	10	81	50	99	120	76	52	-6.7241	-6.39408	-5.313	-5.20298
700	2	4	1	2	7	1	5	-2.30323	-6.30801	-6.06176	-4.69382
701	4	7	10	4	1	7	1	-1.82957	-3.90824	-2.70839	-1.94438
702	4	7	10	4	1	7	1	-1.82957	-3.90824	-2.70839	-1.94438
703	10	81	50	99	120	76	52	-6.7241	-6.39408	-5.313	-5.20298
704	4	7	10	4	42	51	1	-2.9289	-4.71441	-5.01806	-3.77566
705	9	2	4	62	4	5	6	-3.71559	-5.26552	-5.831	-6.18486
706	4	7	10	4	1	7	1	-1.82957	-3.90824	-2.70839	-1.94438
707	2	1	1	3	2	1	5	-4.62124	-3.77749	-6.13666	-7.11259
708	1	14	2	2	6	1	17	-9.38914	-6.43077	-7.84912	-6.39238
709	2	4	2	2	6	1	5	-6.10235	-4.82273	-5.88937	-7.79236
710	2	4	2	2	6	1	5	-6.10235	-4.82273	-5.88937	-7.79236
711	4	7	10	4	42	51	1	-2.9289	-4.71441	-5.01806	-3.77566
712	10	2	107	62	120	76	1	-6.85503	-10.3052	-8.21142	-6.35133
713	2	1	12	3	2	1	5	-2.62702	-2.10986	-3.56249	-4.68409
714	2	4	1	2	2	1	5	-2.77553	-3.67425	-4.17822	-4.04153
715	47	2	4	2	6	5	17	-11.4551	-10.6875	-6.2034	-8.42918
716	4	7	10	4	42	5	1	-10.891	-10.9241	-11.0808	-11.3311
717	2	1	12	3	2	1	5	-2.62702	-2.10986	-3.56249	-4.68409
718	4	7	10	4	42	51	1	-2.9289	-4.71441	-5.01806	-3.77566
719	1	307	3	4	5	9	3	-6.85185	-6.42644	-6.11779	-8.10175
720	2	1	21	3	2	1	5	-2.93541	-2.48403	-4.32212	-4.47431
721	4	7	10	4	1	7	1	-1.82957	-3.90824	-2.70839	-1.94438
722	2	4	1	2	2	1	5	-2.77553	-3.67425	-4.17822	-4.04153
723	2	1	12	3	2	1	5	-2.62702	-2.10986	-3.56249	-4.68409
724	4	7	10	4	1	7	1	-1.82957	-3.90824	-2.70839	-1.94438
725	2	1	21	3	2	1	5	-2.93541	-2.48403	-4.32212	-4.47431
726	2	1	1	3	2	1	5	-4.62124	-3.77749	-6.13666	-7.11259
727	4	7	10	4	1	7	1	-1.82957	-3.90824	-2.70839	-1.94438
728	2	1	12	3	2	1	5	-2.62702	-2.10986	-3.56249	-4.68409
729	1	4	3	2	6	3	17	-14.4043	-9.1522	-11.4138	-14.3496
730	2	1	12	3	2	1	5	-2.62702	-2.10986	-3.56249	-4.68409
731	2	1	12	88	2	1	5	-3.9537	-3.42394	-5.60781	-5.32001
732	1	4	2	2	6	3	17	-4.68344	-2.43708	-4.41881	-5.78208
733	4	7	10	4	42	51	1	-2.9289	-4.71441	-5.01806	-3.77566
734	2	1	12	3	2	1	5	-2.62702	-2.10986	-3.56249	-4.68409
735	4	7	10	4	1	7	1	-1.82957	-3.90824	-2.70839	-1.94438
736	2	1	12	88	2	1	5	-3.9537	-3.42394	-5.60781	-5.32001
737	2	1	21	3	2	1	5	-2.93541	-2.48403	-4.32212	-4.47431
738	2	4	5	2	2	5	5	-3.66981	-7.63906	-7.14751	-5.63069
739	2	4	5	2	2	5	5	-3.66981	-7.63906	-7.14751	-5.63069
740	2	1	21	3	62	1	5	-5.79241	-9.79591	-9.66075	-8.38331
741	4	7	10	4	42	25	1	-8.79311	-9.58248	-5.87369	-5.2225
742	1	2	4	62	4	5	17	-6.11559	-4.83868	-7.21987	-8.55696
743	1	2	3	4	5	9	3	-4.68026	-2.477	-3.55864	-5.03544
744	8	10	2	2	11	12	6	-3.95254	-7.87289	-7.82054	-6.54564
745	2	1	12	88	2	1	5	-3.9537	-3.42394	-5.60781	-5.32001
746	2	4	5	2	2	5	5	-3.66981	-7.63906	-7.14751	-5.63069
747	2	1	12	3	2	1	5	-2.62702	-2.10986	-3.56249	-4.68409
748	7	21	5	62	4	61	44	-7.51947	-3.81879	-5.53734	-8.01416
749	9	2	4	62	4	5	6	-3.71559	-5.26552	-5.831	-6.18486
750	10	1	16	19	10	5	7	-6.37592	-2.73421	-4.12006	-5.34951
751	10	1	16	19	10	5	7	-6.37592	-2.73421	-4.12006	-5.34951
752	8	10	2	2	11	12	6	-3.95254	-7.87289	-7.82054	-6.54564
753	1	4	2	2	6	3	17	-4.68344	-2.43708	-4.41881	-5.78208
754	2	1	12	3	2	1	5	-2.62702	-2.10986	-3.56249	-4.68409
755	2	1	12	88	2	1	5	-3.9537	-3.42394	-5.60781	-5.32001
756	2	29	4	27	10	25	57	-19.8715	-21.7396	-14.7777	-12.1164
757	2	1	5	3	2	3	5	-4.24542	-3.24257	-5.37045	-4.83878
758	2	1	12	3	2	1	5	-2.62702	-2.10986	-3.56249	-4.68409
759	37	52	57	26	107	29	23	-8.56217	-9.38705	-5.80149	-4.96749
760	2	4	1	2	7	1	5	-2.30323	-6.30801	-6.06176	-4.69382
761	1	2	3	4	5	9	3	-4.68026	-2.477	-3.55864	-5.03544
762	2	1	12	3	2	1	5	-2.62702	-2.10986	-3.56249	-4.68409
763	1	4	2	2	6	3	17	-4.68344	-2.43708	-4.41881	-5.78208
764	1	4	2	2	6	3	17	-4.68344	-2.43708	-4.41881	-5.78208
765	1	2	3	4	5	9	3	-4.68026	-2.477	-3.55864	-5.03544
766	4	7	10	4	1	7	1	-1.82957	-3.90824	-2.70839	-1.94438
767	2	1	21	3	2	1	5	-2.93541	-2.48403	-4.32212	-4.47431
768	2	1	12	3	2	1	5	-2.62702	-2.10986	-3.56249	-4.68409
769	2	4	1	2	2	5	5	-6.80916	-6.39734	-8.63035	-9.29008
770	2	4	1	2	2	1	5	-2.77553	-3.67425	-4.17822	-4.04153
771	2	4	5	2	2	5	5	-3.66981	-7.63906	-7.14751	-5.63069
772	10	1	16	19	10	5	7	-6.37592	-2.73421	-4.12006	-5.34951
773	7	21	5	62	4	61	44	-7.51947	-3.81879	-5.53734	-8.01416
774	9	2	4	62	4	5	6	-3.71559	-5.26552	-5.831	-6.18486
775	2	1	12	3	2	1	5	-2.62702	-2.10986	-3.56249	-4.68409
776	1	4	2	2	6	3	17	-4.68344	-2.43708	-4.41881	-5.78208
777	4	7	10	4	1	7	1	-1.82957	-3.90824	-2.70839	-1.94438
778	2	1	12	3	2	1	5	-2.62702	-2.10986	-3.56249	-4.68409
779	2	1	5	3	2	5	5	-5.63645	-2.81685	-4.03149	-5.66756
780	2	23	21	3	2	1	5	-7.3255	-7.53053	-6.89518	-8.05174
781	2	4	5	2	2	5	5	-3.66981	-7.63906	-7.14751	-5.63069
782	2	4	2	2	6	1	5	-6.10235	-4.82273	-5.88937	-7.79236
783	2	1	12	3	2	1	5	-2.62702	-2.10986	-3.56249	-4.68409
784	4	7	10	4	42	51	1	-2.9289	-4.71441	-5.01806	-3.77566
785	7	17	5	2	86	232	1	-29.2703	-34.7757	-27.2677	-27.2723
786	2	4	1	2	2	1	5	-2.77553	-3.67425	-4.17822	-4.04153
787	2	1	12	3	2	1	5	-2.62702	-2.10986	-3.56249	-4.68409
788	2	1	21	3	2	1	5	-2.93541	-2.48403	-4.32212	-4.47431
789	7	17	2	15	23	3	12	-6.89967	-10.9178	-10.7733	-9.49201
790	2	1	5	3	2	5	5	-5.63645	-2.81685	-4.03149	-5.66756
791	1	6	60	24	12	28	1	-31.1321	-34.9168	-18.9986	-23.3041
792	1	2	3	4	5	9	3	-4.68026	-2.477	-3.55864	-5.03544
793	2	4	5	2	2	5	5	-3.66981	-7.63906	-7.14751	-5.63069
794	1	2	3	4	5	9	3	-4.68026	-2.477	-3.55864	-5.03544
795	1	6	60	24	12	28	1	-31.1321	-34.9168	-18.9986	-23.3041
796	9	2	4	62	4	5	6	-3.71559	-5.26552	-5.831	-6.18486
797	2	4	1	2	2	1	5	-2.77553	-3.67425	-4.17822	-4.04153
798	4	7	10	4	1	7	1	-1.82957	-3.90824	-2.70839	-1.94438
799	2	4	5	2	2	5	5	-3.66981	-7.63906	-7.14751	-5.63069
800	7	2	2	2	11	12	6	-4.49917	-8.51728	-8.37233	-7.09183
801	2	1	21	3	2	1	941	-7.32596	-7.51113	-6.88469	-8.05088
802	9	2	2	10	10	3	5	-29.4974	-25.0602	-25.7317	-25.358
803	8	10	149	2	11	12	6	-4.88735	-3.96507	-5.5725	-7.07765
804	7	1	5	2	10	3	6	-32.0202	-29.4272	-29.5157	-28.8613
805	2	1	21	3	2	1	5	-2.93541	-2.48403	-4.32212	-4.47431
806	33	39	30	82	113	43	17	-9.81769	-6.4396	-6.14174	-8.3946
807	1	6	60	24	12	28	1	-31.1321	-34.9168	-18.9986	-23.3041
808	1	6	60	24	12	28	1	-31.1321	-34.9168	-18.9986	-23.3041
809	7	17	2	15	23	3	12	-6.89967	-10.9178	-10.7733	-9.49201
810	1	4	2	2	6	3	17	-4.68344	-2.43708	-4.41881	-5.78208
811	1	4	2	2	6	3	17	-4.68344	-2.43708	-4.41881	-5.78208
812	7	21	5	62	4	61	44	-7.51947	-3.81879	-5.53734	-8.01416
813	239	27	16	19	10	5	7	-10.1787	-6.45703	-8.89638	-11.7255
814	9	2	4	62	4	5	6	-3.71559	-5.26552	-5.831	-6.18486
815	10	1	16	19	10	5	7	-6.37592	-2.73421	-4.12006	-5.34951
816	2	1	5	3	2	5	5	-5.63645	-2.81685	-4.03149	-5.66756
817	2	4	5	2	2	5	5	-3.66981	-7.63906	-7.14751	-5.63069
818	8	10	2	2	11	12	6	-3.95254	-7.87289	-7.82054	-6.54564
819	7	17	2	15	23	3	12	-6.89967	-10.9178	-10.7733	-9.49201
820	2	4	1	4	1	1	5	-15.2165	-18.0792	-15.6222	-14.7548
821	4	7	10	4	1	7	1	-1.82957	-3.90824	-2.70839	-1.94438
822	8	10	149	2	11	12	6	-4.88735	-3.96507	-5.5725	-7.07765
823	2	1	12	88	2	1	5	-3.9537	-3.42394	-5.60781	-5.32001
824	2	4	2	2	6	1	5	-6.10235	-4.82273	-5.88937	-7.79236
825	10	81	50	99	120	76	52	-6.7241	-6.39408	-5.313	-5.20298
826	2	4	5	2	2	5	5	-3.66981	-7.63906	-7.14751	-5.63069
827	2	4	1	2	2	5	5	-6.80916	-6.39734	-8.63035	-9.29008
828	8	10	149	2	11	12	6	-4.88735	-3.96507	-5.5725	-7.07765
829	1	4	2	2	6	3	17	-4.68344	-2.43708	-4.41881	-5.78208
830	2	165	73	147	220	190	104	-8.90446	-9.98362	-7.19479	-5.29782
831	4	7	10	4	42	25	1	-8.79311	-9.58248	-5.87369	-5.2225
832	7	2	2	2	11	12	6	-4.49917	-8.51728	-8.37233	-7.09183
833	1	6	60	24	12	28	1	-31.1321	-34.9168	-18.9986	-23.3041
834	2	1	12	3	2	1	5	-2.62702	-2.10986	-3.56249	-4.68409
835	33	39	65	79	104	77	17	-5.28907	-9.30744	-9.1631	-7.88235
836	4	7	10	4	1	7	1	-1.82957	-3.90824	-2.70839	-1.94438
837	1	2	3	4	5	9	3	-4.68026	-2.477	-3.55864	-5.03544
838	2	1	21	3	2	1	5	-2.93541	-2.48403	-4.32212	-4.47431
839	2	1	12	3	2	1	5	-2.62702	-2.10986	-3.56249	-4.68409
840	4	7	10	4	1	7	1	-1.82957	-3.90824	-2.70839	-1.94438
841	2	4	1	2	7	1	5	-2.30323	-6.30801	-6.06176	-4.69382
842	184	39	30	82	113	43	17	-3.95206	-6.25883	-7.53251	-6.54129
843	4	7	10	4	1	7	1	-1.82957	-3.90824	-2.70839	-1.94438
844	2	4	1	2	2	1	5	-2.77553	-3.67425	-4.17822	-4.04153
845	4	7	10	4	1	7	1	-1.82957	-3.90824	-2.70839	-1.94438
846	2	1	12	88	2	1	5	-3.9537	-3.42394	-5.60781	-5.32001
847	2	1	21	3	2	1	5	-2.93541	-2.48403	-4.32212	-4.47431
848	1	2	3	4	5	9	3	-4.68026	-2.477	-3.55864	-5.03544
849	4	7	10	4	1	7	1	-1.82957	-3.90824	-2.70839	-1.94438
850	2	1	21	3	2	1	5	-2.93541	-2.48403	-4.32212	-4.47431
851	8	10	2	2	11	12	6	-3.95254	-7.87289	-7.82054	-6.54564
852	2	4	1	2	2	1	5	-2.77553	-3.67425	-4.17822	-4.04153
853	2	4	1	2	2	1	5	-2.77553	-3.67425	-4.17822	-4.04153
854	2	4	2	2	6	1	5	-6.10235	-4.82273	-5.88937	-7.79236
855	2	4	1	2	2	1	5	-2.77553	-3.67425	-4.17822	-4.04153
856	2	4	1	2	2	1	5	-2.77553	-3.67425	-4.17822	-4.04153
857	2	4	1	2	2	1	5	-2.77553	-3.67425	-4.17822	-4.04153
858	1	2	3	4	5	9	3	-4.68026	-2.477	-3.55864	-5.03544
859	2	4	1	2	2	1	5	-2.77553	-3.67425	-4.17822	-4.04153
860	2	4	1	2	2	1	5	-2.77553	-3.67425	-4.17822	-4.04153
861	8	10	2	2	11	12	6	-3.95254	-7.87289	-7.82054	-6.54564
862	2	1	5	3	2	3	5	-4.24542	-3.24257	-5.37045	-4.83878
863	33	39	30	82	104	173	68	-5.40566	-3.96964	-6.36285	-7.8268
864	2	4	1	2	7	1	5	-2.30323	-6.30801	-6.06176	-4.69382
865	8	10	2	2	11	12	6	-3.95254	-7.87289	-7.82054	-6.54564
866	2	4	1	2	7	1	5	-2.30323	-6.30801	-6.06176	-4.69382
867	1	2	3	4	5	9	3	-4.68026	-2.477	-3.55864	-5.03544
868	1	2	215	4	90	24	8	-31.2175	-31.1978	-21.2914	-23.9356
869	2	1	1	3	2	1	5	-4.62124	-3.77749	-6.13666	-7.11259
870	10	81	50	99	120	76	52	-6.7241	-6.39408	-5.313	-5.20298
871	2	4	1	2	7	1	5	-2.30323	-6.30801	-6.06176	-4.69382
872	2	1	12	3	2	1	5	-2.62702	-2.10986	-3.56249	-4.68409
873	2	4	1	2	2	1	5	-2.77553	-3.67425	-4.17822	-4.04153
874	2	4	1	2	2	1	5	-2.77553	-3.67425	-4.17822	-4.04153
875	2	4	1	2	2	1	5	-2.77553	-3.67425	-4.17822	-4.04153
876	2	1	5	3	2	3	5	-4.24542	-3.24257	-5.37045	-4.83878
877	2	4	1	2	2	1	5	-2.77553	-3.67425	-4.17822	-4.04153
878	4	7	10	4	1	7	1	-1.82957	-3.90824	-2.70839	-1.94438
879	2	4	1	2	7	1	5	-2.30323	-6.30801	-6.06176	-4.69382
880	2	4	5	2	2	5	5	-3.66981	-7.63906	-7.14751	-5.63069
881	2	4	1	2	2	1	5	-2.77553	-3.67425	-4.17822	-4.04153
882	8	10	2	2	11	12	6	-3.95254	-7.87289	-7.82054	-6.54564
883	4	7	10	4	1	7	1	-1.82957	-3.90824	-2.70839	-1.94438
884	2	4	1	2	2	1	5	-2.77553	-3.67425	-4.17822	-4.04153
885	166	2	1	10	17	3	1	-34.7567	-37.8074	-30.9543	-31.275
886	2	4	1	2	7	1	5	-2.30323	-6.30801	-6.06176	-4.69382
887	2	4	1	2	2	1	5	-2.77553	-3.67425	-4.17822	-4.04153
888	4	7	10	4	1	7	1	-1.82957	-3.90824	-2.70839	-1.94438
889	4	7	10	4	1	7	1	-1.82957	-3.90824	-2.70839	-1.94438
890	2	4	1	2	7	1	5	-2.30323	-6.30801	-6.06176	-4.69382
891	2	4	1	2	2	1	5	-2.77553	-3.67425	-4.17822	-4.04153
892	2	1	5	3	2	3	5	-4.24542	-3.24257	-5.37045	-4.83878
893	9	25	2	10	22	3	6	-4.47286	-8.085	-6.22566	-4.38397
894	2	1	21	3	62	1	5	-5.79241	-9.79591	-9.66075	-8.38331
895	129	66	30	82	189	47	17	-3.24736	-4.94938	-5.70115	-4.12201
896	129	66	30	82	189	47	17	-3.24736	-4.94938	-5.70115	-4.12201
897	4	7	10	4	1	7	1	-1.82957	-3.90824	-2.70839	-1.94438
898	2	4	1	2	2	1	5	-2.77553	-3.67425	-4.17822	-4.04153
899	4	7	10	4	42	7	1	-6.59821	-8.99846	-5.67999	-4.70251
900	2	4	1	2	7	1	5	-2.30323	-6.30801	-6.06176	-4.69382
901	1	307	3	4	5	9	3	-6.85185	-6.42644	-6.11779	-8.10175
902	2	1	21	3	2	1	5	-2.93541	-2.48403	-4.32212	-4.47431
903	4	7	10	4	1	7	1	-1.82957	-3.90824	-2.70839	-1.94438
904	2	1	21	3	2	1	5	-2.93541	-2.48403	-4.32212	-4.47431
905	2	4	1	2	2	5	5	-6.80916	-6.39734	-8.63035	-9.29008
906	2	4	1	2	7	1	5	-2.30323	-6.30801	-6.06176	-4.69382
907	2	4	1	2	7	1	5	-2.30323	-6.30801	-6.06176	-4.69382
908	2	4	1	2	7	1	5	-2.30323	-6.30801	-6.06176	-4.69382
909	4	7	10	4	1	7	1	-1.82957	-3.90824	-2.70839	-1.94438
910	8	10	2	2	11	12	6	-3.95254	-7.87289	-7.82054	-6.54564
911	7	21	5	62	4	61	44	-7.51947	-3.81879	-5.53734	-8.01416
912	2	1	12	88	2	1	5	-3.9537	-3.42394	-5.60781	-5.32001
913	2	4	1	2	2	1	5	-2.77553	-3.67425	-4.17822	-4.04153
914	1	2	3	4	5	9	3	-4.68026	-2.477	-3.55864	-5.03544
915	2	4	1	2	7	1	5	-2.30323	-6.30801	-6.06176	-4.69382
916	2	4	1	2	2	1	5	-2.77553	-3.67425	-4.17822	-4.04153
917	2	4	1	2	2	1	5	-2.77553	-3.67425	-4.17822	-4.04153
918	2	4	1	2	7	1	5	-2.30323	-6.30801	-6.06176	-4.69382
919	4	7	10	4	1	7	1	-1.82957	-3.90824	-2.70839	-1.94438
920	2	1	5	3	2	3	5	-4.24542	-3.24257	-5.37045	-4.83878
921	2	4	1	2	7	1	5	-2.30323	-6.30801	-6.06176	-4.69382
922	2	4	1	2	2	1	5	-2.77553	-3.67425	-4.17822	-4.04153
923	8	10	2	2	11	12	6	-3.95254	-7.87289	-7.82054	-6.54564
924	2	1	12	3	2	1	5	-2.62702	-2.10986	-3.56249	-4.68409
925	48	7	10	4	183	7	1	-10.5172	-13.8979	-7.79722	-9.03488
926	7	21	5	62	4	61	44	-7.51947	-3.81879	-5.53734	-8.01416
927	4	7	10	4	1	7	1	-1.82957	-3.90824	-2.70839	-1.94438
928	9	25	2	10	22	3	6	-4.47286	-8.085	-6.22566	-4.38397
929	2	4	1	2	2	1	5	-2.77553	-3.67425	-4.17822	-4.04153
930	2	4	1	2	7	1	5	-2.30323	-6.30801	-6.06176	-4.69382
931	2	4	1	2	2	1	5	-2.77553	-3.67425	-4.17822	-4.04153
932	2	4	1	2	2	1	5	-2.77553	-3.67425	-4.17822	-4.04153
933	9	25	2	10	22	3	6	-4.47286	-8.085	-6.22566	-4.38397
934	2	4	1	2	2	1	5	-2.77553	-3.67425	-4.17822	-4.04153
935	2	4	1	2	2	1	5	-2.77553	-3.67425	-4.17822	-4.04153
936	2	4	1	2	7	1	5	-2.30323	-6.30801	-6.06176	-4.69382
937	2	4	1	2	7	1	5	-2.30323	-6.30801	-6.06176	-4.69382
938	2	4	1	2	2	1	5	-2.77553	-3.67425	-4.17822	-4.04153
939	2	4	1	2	2	1	5	-2.77553	-3.67425	-4.17822	-4.04153
940	4	7	10	4	1	7	1	-1.82957	-3.90824	-2.70839	-1.94438
941	2	4	1	2	2	1	5	-2.77553	-3.67425	-4.17822	-4.04153
942	4	7	10	4	1	7	1	-1.82957	-3.90824	-2.70839	-1.94438
943	2	4	1	2	7	1	5	-2.30323	-6.30801	-6.06176	-4.69382
944	2	4	1	2	2	1	5	-2.77553	-3.67425	-4.17822	-4.04153
945	4	7	10	4	1	7	1	-1.82957	-3.90824	-2.70839	-1.94438
946	9	25	2	10	22	3	6	-4.47286	-8.085	-6.22566	-4.38397
947	10	81	50	99	120	76	52	-6.7241	-6.39408	-5.313	-5.20298
948	2	1	21	3	2	1	5	-2.93541	-2.48403	-4.32212	-4.47431
949	4	7	10	4	1	7	1	-1.82957	-3.90824	-2.70839	-1.94438
950	2	4	1	2	7	1	5	-2.30323	-6.30801	-6.06176	-4.69382
951	4	7	10	4	1	7	1	-1.82957	-3.90824	-2.70839	-1.94438
952	4	7	10	4	1	7	1	-1.82957	-3.90824	-2.70839	-1.94438
953	8	315	2	2	11	12	6	-8.3415	-12.9136	-10.3906	-10.121
954	8	10	2	2	11	12	6	-3.95254	-7.87289	-7.82054	-6.54564
955	2	4	1	2	2	1	5	-2.77553	-3.67425	-4.17822	-4.04153
956	4	7	10	4	1	7	1	-1.82957	-3.90824	-2.70839	-1.94438
957	2	4	1	2	2	1	5	-2.77553	-3.67425	-4.17822	-4.04153
958	2	4	1	2	2	1	5	-2.77553	-3.67425	-4.17822	-4.04153
959	2	4	1	2	2	1	5	-2.77553	-3.67425	-4.17822	-4.04153
960	2	4	1	2	7	1	5	-2.30323	-6.30801	-6.06176	-4.69382
961	2	4	1	2	2	1	5	-2.77553	-3.67425	-4.17822	-4.04153
962	2	4	1	2	2	1	5	-2.77553	-3.67425	-4.17822	-4.04153
963	2	1	21	3	2	1	5	-2.93541	-2.48403	-4.32212	-4.47431
964	2	4	1	2	2	1	5	-2.77553	-3.67425	-4.17822	-4.04153
965	1	4	2	2	2	3	17	-11.0587	-7.6281	-10.2849	-12.3033
966	2	4	1	2	2	1	5	-2.77553	-3.67425	-4.17822	-4.04153
967	2	4	1	2	2	1	5	-2.77553	-3.67425	-4.17822	-4.04153
968	7	21	5	62	4	61	44	-7.51947	-3.81879	-5.53734	-8.01416
969	2	4	1	2	2	1	5	-2.77553	-3.67425	-4.17822	-4.04153
970	4	7	10	4	1	7	1	-1.82957	-3.90824	-2.70839	-1.94438
971	2	4	1	2	2	1	5	-2.77553	-3.67425	-4.17822	-4.04153
972	10	1	16	19	10	5	7	-6.37592	-2.73421	-4.12006	-5.34951
973	8	10	2	2	11	12	6	-3.95254	-7.87289	-7.82054	-6.54564
974	4	7	10	4	1	7	1	-1.82957	-3.90824	-2.70839	-1.94438
975	2	4	2	2	6	1	5	-6.10235	-4.82273	-5.88937	-7.79236
976	2	4	1	2	2	1	5	-2.77553	-3.67425	-4.17822	-4.04153
977	2	4	1	2	2	1	5	-2.77553	-3.67425	-4.17822	-4.04153
978	2	1	12	3	2	1	5	-2.62702	-2.10986	-3.56249	-4.68409
979	2	1	21	3	2	1	5	-2.93541	-2.48403	-4.32212	-4.47431
980	1	4	2	2	6	3	17	-4.68344	-2.43708	-4.41881	-5.78208
981	9	2	4	62	4	5	6	-3.71559	-5.26552	-5.831	-6.18486
982	9	2	4	62	4	5	6	-3.71559	-5.26552	-5.831	-6.18486
983	2	4	1	2	2	1	5	-2.77553	-3.67425	-4.17822	-4.04153
984	9	25	2	10	22	3	6	-4.47286	-8.085	-6.22566	-4.38397
985	2	1	12	3	2	1	5	-2.62702	-2.10986	-3.56249	-4.68409
986	2	4	1	2	2	1	5	-2.77553	-3.67425	-4.17822	-4.04153
987	2	4	1	2	2	1	5	-2.77553	-3.67425	-4.17822	-4.04153
988	2	4	1	2	2	1	5	-2.77553	-3.67425	-4.17822	-4.04153
989	1	4	2	2	6	3	17	-4.68344	-2.43708	-4.41881	-5.78208
990	1	4	2	2	6	3	17	-4.68344	-2.43708	-4.41881	-5.78208
991	9	25	2	10	22	3	6	-4.47286	-8.085	-6.22566	-4.38397
992	1	4	2	2	6	3	17	-4.68344	-2.43708	-4.41881	-5.78208
993	2	4	1	2	2	1	5	-2.77553	-3.67425	-4.17822	-4.04153
994	2	4	1	2	2	1	5	-2.77553	-3.67425	-4.17822	-4.04153
995	8	10	2	2	11	12	6	-3.95254	-7.87289	-7.82054	-6.54564
996	2	4	1	2	2	1	5	-2.77553	-3.67425	-4.17822	-4.04153
997	2	1	5	3	2	5	5	-5.63645	-2.81685	-4.03149	-5.66756
998	8	10	2	2	11	12	6	-3.95254	-7.87289	-7.82054	-6.54564
999	2	4	1	2	2	1	5	-2.77553	-3.67425	-4.17822	-4.04153
1000	2	4	1	2	2	1	5	-2.77553	-3.67425	-4.17822	-4.04153
1001	2	1	21	3	2	1	5	-2.93541	-2.48403	-4.32212	-4.47431
1002	1	2	4	62	4	5	17	-6.11559	-4.83868	-7.21987	-8.55696
1003	2	1	12	3	2	1	5	-2.62702	-2.10986	-3.56249	-4.68409
1004	2	4	1	2	7	1	5	-2.30323	-6.30801	-6.06176	-4.69382
1005	1	307	3	4	5	9	3	-6.85185	-6.42644	-6.11779	-8.10175
1006	2	4	2	4	19	3	6	-5.7955	-9.80989	-9.66429	-8.3816
1007	2	4	1	2	2	1	5	-2.77553	-3.67425	-4.17822	-4.04153
1008	1	4	2	2	6	3	17	-4.68344	-2.43708	-4.41881	-5.78208
1009	9	25	2	10	22	3	6	-4.47286	-8.085	-6.22566	-4.38397
1010	4	7	10	4	1	7	1	-1.82957	-3.90824	-2.70839	-1.94438
1011	2	4	1	2	2	1	5	-2.77553	-3.67425	-4.17822	-4.04153
1012	10	1	16	19	10	5	7	-6.37592	-2.73421	-4.12006	-5.34951
1013	2	1	21	3	2	1	5	-2.93541	-2.48403	-4.32212	-4.47431
1014	4	7	10	4	1	7	1	-1.82957	-3.90824	-2.70839	-1.94438
1015	2	4	1	2	2	1	5	-2.77553	-3.67425	-4.17822	-4.04153
1016	1	2	3	4	5	9	3	-4.68026	-2.477	-3.55864	-5.03544
1017	9	316	4	62	4	5	6	-6.86196	-6.44723	-8.75314	-9.38737
1018	9	25	2	10	22	3	6	-4.47286	-8.085	-6.22566	-4.38397
1019	1	307	3	4	5	9	3	-6.85185	-6.42644	-6.11779	-8.10175
1020	2	4	1	2	2	1	5	-2.77553	-3.67425	-4.17822	-4.04153
1021	9	25	2	10	22	3	6	-4.47286	-8.085	-6.22566	-4.38397
1022	2	4	1	2	2	1	5	-2.77553	-3.67425	-4.17822	-4.04153
1023	2	1	12	3	2	1	5	-2.62702	-2.10986	-3.56249	-4.68409
1024	2	1	5	3	2	5	5	-5.63645	-2.81685	-4.03149	-5.66756
1025	2	4	1	2	2	1	5	-2.77553	-3.67425	-4.17822	-4.04153
1026	2	1	12	3	2	1	5	-2.62702	-2.10986	-3.56249	-4.68409
1027	2	1	12	3	2	1	5	-2.62702	-2.10986	-3.56249	-4.68409
1028	10	1	16	19	10	5	7	-6.37592	-2.73421	-4.12006	-5.34951
1029	4	7	10	4	1	7	1	-1.82957	-3.90824	-2.70839	-1.94438
1030	2	4	1	2	2	1	5	-2.77553	-3.67425	-4.17822	-4.04153
1031	2	1	12	88	2	1	5	-3.9537	-3.42394	-5.60781	-5.32001
1032	2	1	21	3	2	1	5	-2.93541	-2.48403	-4.32212	-4.47431
1033	1	2	3	4	5	9	3	-4.68026	-2.477	-3.55864	-5.03544
1034	8	10	2	2	11	12	6	-3.95254	-7.87289	-7.82054	-6.54564
1035	2	1	12	88	2	1	5	-3.9537	-3.42394	-5.60781	-5.32001
1036	33	39	30	82	104	173	68	-5.40566	-3.96964	-6.36285	-7.8268
1037	1	2	3	4	5	9	3	-4.68026	-2.477	-3.55864	-5.03544
1038	9	25	2	10	22	3	6	-4.47286	-8.085	-6.22566	-4.38397
1039	2	4	1	2	2	1	5	-2.77553	-3.67425	-4.17822	-4.04153
1040	8	10	2	2	11	12	6	-3.95254	-7.87289	-7.82054	-6.54564
1041	1	2	4	62	4	5	17	-6.11559	-4.83868	-7.21987	-8.55696
1042	10	1	16	19	10	5	7	-6.37592	-2.73421	-4.12006	-5.34951
1043	33	39	30	82	104	173	68	-5.40566	-3.96964	-6.36285	-7.8268
1044	2	4	1	2	2	1	5	-2.77553	-3.67425	-4.17822	-4.04153
1045	8	10	2	2	11	12	6	-3.95254	-7.87289	-7.82054	-6.54564
1046	2	1	5	3	2	5	5	-5.63645	-2.81685	-4.03149	-5.66756
1047	47	2	4	2	6	5	17	-11.4551	-10.6875	-6.2034	-8.42918
1048	1	2	3	4	5	9	3	-4.68026	-2.477	-3.55864	-5.03544
1049	4	7	10	4	1	7	1	-1.82957	-3.90824	-2.70839	-1.94438
1050	2	1	5	3	2	3	5	-4.24542	-3.24257	-5.37045	-4.83878
1051	2	4	2	2	6	1	5	-6.10235	-4.82273	-5.88937	-7.79236
1052	2	4	1	2	2	1	5	-2.77553	-3.67425	-4.17822	-4.04153
1053	8	10	149	2	11	12	6	-4.88735	-3.96507	-5.5725	-7.07765
1054	9	25	2	10	22	3	6	-4.47286	-8.085	-6.22566	-4.38397
1055	2	4	1	2	2	1	5	-2.77553	-3.67425	-4.17822	-4.04153
1056	1	2	3	4	5	9	3	-4.68026	-2.477	-3.55864	-5.03544
1057	2	1	12	3	2	1	5	-2.62702	-2.10986	-3.56249	-4.68409
1058	4	7	10	4	42	51	1	-2.9289	-4.71441	-5.01806	-3.77566
1059	2	4	1	2	2	1	5	-2.77553	-3.67425	-4.17822	-4.04153
1060	2	1	1	3	2	1	5	-4.62124	-3.77749	-6.13666	-7.11259
1061	2	4	1	2	7	1	5	-2.30323	-6.30801	-6.06176	-4.69382
1062	8	10	2	2	11	12	6	-3.95254	-7.87289	-7.82054	-6.54564
1063	2	4	1	2	2	1	5	-2.77553	-3.67425	-4.17822	-4.04153
1064	9	2	4	62	4	5	6	-3.71559	-5.26552	-5.831	-6.18486
1065	2	4	1	2	2	1	5	-2.77553	-3.67425	-4.17822	-4.04153
1066	4	7	10	4	1	7	1	-1.82957	-3.90824	-2.70839	-1.94438
1067	8	10	2	2	11	12	6	-3.95254	-7.87289	-7.82054	-6.54564
1068	2	4	2	2	6	1	5	-6.10235	-4.82273	-5.88937	-7.79236
1069	2	4	2	2	6	1	5	-6.10235	-4.82273	-5.88937	-7.79236
1070	2	4	2	2	6	1	5	-6.10235	-4.82273	-5.88937	-7.79236
1071	2	4	2	2	6	1	5	-6.10235	-4.82273	-5.88937	-7.79236
1072	2	4	1	2	2	1	5	-2.77553	-3.67425	-4.17822	-4.04153
1073	2	4	1	2	2	1	5	-2.77553	-3.67425	-4.17822	-4.04153
1074	2	1	12	3	2	1	5	-2.62702	-2.10986	-3.56249	-4.68409
1075	2	4	1	2	7	1	5	-2.30323	-6.30801	-6.06176	-4.69382
1076	4	7	10	4	42	51	1	-2.9289	-4.71441	-5.01806	-3.77566
1077	2	4	1	2	2	1	5	-2.77553	-3.67425	-4.17822	-4.04153
1078	8	10	2	2	11	12	6	-3.95254	-7.87289	-7.82054	-6.54564
1079	1	2	3	4	5	9	3	-4.68026	-2.477	-3.55864	-5.03544
1080	1	2	3	4	5	9	3	-4.68026	-2.477	-3.55864	-5.03544
1081	10	1	16	19	10	5	7	-6.37592	-2.73421	-4.12006	-5.34951
1082	8	10	2	2	11	12	6	-3.95254	-7.87289	-7.82054	-6.54564
1083	4	7	10	4	1	7	1	-1.82957	-3.90824	-2.70839	-1.94438
1084	2	4	1	2	2	1	5	-2.77553	-3.67425	-4.17822	-4.04153
1085	2	4	1	2	7	1	5	-2.30323	-6.30801	-6.06176	-4.69382
1086	2	1	21	3	2	1	5	-2.93541	-2.48403	-4.32212	-4.47431
1087	2	1	12	3	2	1	5	-2.62702	-2.10986	-3.56249	-4.68409
1088	2	4	2	4	19	3	6	-5.7955	-9.80989	-9.66429	-8.3816
1089	8	10	149	2	11	12	6	-4.88735	-3.96507	-5.5725	-7.07765
1090	8	10	2	2	11	12	6	-3.95254	-7.87289	-7.82054	-6.54564
1091	2	1	12	3	2	1	5	-2.62702	-2.10986	-3.56249	-4.68409
1092	2	1	12	3	2	1	5	-2.62702	-2.10986	-3.56249	-4.68409
1093	2	1	5	3	2	3	5	-4.24542	-3.24257	-5.37045	-4.83878
1094	184	39	30	82	113	43	17	-3.95206	-6.25883	-7.53251	-6.54129
1095	2	1	12	3	2	1	5	-2.62702	-2.10986	-3.56249	-4.68409
1096	2	4	1	2	2	1	5	-2.77553	-3.67425	-4.17822	-4.04153
1097	4	7	10	4	1	7	1	-1.82957	-3.90824	-2.70839	-1.94438
1098	8	10	2	2	11	12	6	-3.95254	-7.87289	-7.82054	-6.54564
1099	4	7	10	4	1	7	1	-1.82957	-3.90824	-2.70839	-1.94438
1100	4	7	10	4	42	51	1	-2.9289	-4.71441	-5.01806	-3.77566
1101	9	25	2	10	22	3	6	-4.47286	-8.085	-6.22566	-4.38397
1102	9	2	4	62	4	5	6	-3.71559	-5.26552	-5.831	-6.18486
1103	4	7	10	4	1	7	1	-1.82957	-3.90824	-2.70839	-1.94438
1104	2	4	1	2	7	1	5	-2.30323	-6.30801	-6.06176	-4.69382
1105	4	7	10	4	1	7	1	-1.82957	-3.90824	-2.70839	-1.94438
1106	8	10	2	2	11	12	6	-3.95254	-7.87289	-7.82054	-6.54564
1107	2	4	1	2	2	1	5	-2.77553	-3.67425	-4.17822	-4.04153
1108	4	7	10	4	42	51	1	-2.9289	-4.71441	-5.01806	-3.77566
1109	1	2	3	4	5	9	3	-4.68026	-2.477	-3.55864	-5.03544
1110	2	1	12	3	2	1	5	-2.62702	-2.10986	-3.56249	-4.68409
1111	2	4	1	2	2	1	5	-2.77553	-3.67425	-4.17822	-4.04153
1112	10	81	50	99	120	76	52	-6.7241	-6.39408	-5.313	-5.20298
1113	2	4	1	2	2	1	5	-2.77553	-3.67425	-4.17822	-4.04153
1114	4	7	10	4	42	51	1	-2.9289	-4.71441	-5.01806	-3.77566
1115	4	7	10	4	42	51	1	-2.9289	-4.71441	-5.01806	-3.77566
1116	4	7	10	4	1	7	1	-1.82957	-3.90824	-2.70839	-1.94438
1117	3	1	5	10	11	11	6	-10.1767	-6.45407	-8.89192	-11.7221
1118	10	81	50	99	120	76	52	-6.7241	-6.39408	-5.313	-5.20298
1119	2	4	1	2	2	1	5	-2.77553	-3.67425	-4.17822	-4.04153
1120	4	7	10	4	1	7	1	-1.82957	-3.90824	-2.70839	-1.94438
1121	4	7	10	4	1	7	1	-1.82957	-3.90824	-2.70839	-1.94438
1122	4	7	10	4	42	51	1	-2.9289	-4.71441	-5.01806	-3.77566
1123	2	1	12	3	2	1	5	-2.62702	-2.10986	-3.56249	-4.68409
1124	2	4	1	2	2	1	5	-2.77553	-3.67425	-4.17822	-4.04153
1125	2	1	1	3	2	1	5	-4.62124	-3.77749	-6.13666	-7.11259
1126	2	4	1	2	2	1	5	-2.77553	-3.67425	-4.17822	-4.04153
1127	2	4	1	2	2	1	5	-2.77553	-3.67425	-4.17822	-4.04153
1128	2	4	1	2	2	1	5	-2.77553	-3.67425	-4.17822	-4.04153
1129	2	4	1	2	2	1	5	-2.77553	-3.67425	-4.17822	-4.04153
1130	1	2	3	4	5	9	3	-4.68026	-2.477	-3.55864	-5.03544
1131	8	10	2	2	11	12	6	-3.95254	-7.87289	-7.82054	-6.54564
1132	2	1	21	3	2	1	5	-2.93541	-2.48403	-4.32212	-4.47431
1133	2	4	1	2	2	1	5	-2.77553	-3.67425	-4.17822	-4.04153
1134	2	1	21	3	2	1	5	-2.93541	-2.48403	-4.32212	-4.47431
1135	2	1	21	3	2	1	5	-2.93541	-2.48403	-4.32212	-4.47431
1136	2	4	1	2	2	1	5	-2.77553	-3.67425	-4.17822	-4.04153
1137	1	2	3	4	5	9	3	-4.68026	-2.477	-3.55864	-5.03544
1138	10	1	16	19	10	5	7	-6.37592	-2.73421	-4.12006	-5.34951
1139	2	1	12	3	2	1	5	-2.62702	-2.10986	-3.56249	-4.68409
1140	7	21	5	62	4	61	44	-7.51947	-3.81879	-5.53734	-8.01416
1141	2	4	1	2	2	1	5	-2.77553	-3.67425	-4.17822	-4.04153
1142	2	1	12	3	2	1	5	-2.62702	-2.10986	-3.56249	-4.68409
1143	2	4	1	2	7	1	5	-2.30323	-6.30801	-6.06176	-4.69382
1144	2	1	5	3	2	3	5	-4.24542	-3.24257	-5.37045	-4.83878
1145	2	1	21	3	2	1	5	-2.93541	-2.48403	-4.32212	-4.47431
1146	2	1	21	3	2	1	5	-2.93541	-2.48403	-4.32212	-4.47431
1147	2	1	21	3	2	1	5	-2.93541	-2.48403	-4.32212	-4.47431
1148	2	1	21	3	2	1	5	-2.93541	-2.48403	-4.32212	-4.47431
1149	2	1	12	3	2	1	5	-2.62702	-2.10986	-3.56249	-4.68409
1150	8	10	2	2	11	12	6	-3.95254	-7.87289	-7.82054	-6.54564
1151	129	66	30	82	189	47	17	-3.24736	-4.94938	-5.70115	-4.12201
1152	1	307	3	4	5	9	3	-6.85185	-6.42644	-6.11779	-8.10175
1153	8	10	2	2	11	12	6	-3.95254	-7.87289	-7.82054	-6.54564
1154	2	4	2	2	6	1	5	-6.10235	-4.82273	-5.88937	-7.79236
1155	1	4	2	2	6	3	17	-4.68344	-2.43708	-4.41881	-5.78208
1156	2	4	1	2	2	1	5	-2.77553	-3.67425	-4.17822	-4.04153
1157	8	10	2	2	11	12	6	-3.95254	-7.87289	-7.82054	-6.54564
1158	2	4	2	2	6	1	5	-6.10235	-4.82273	-5.88937	-7.79236
1159	2	1	21	3	2	1	5	-2.93541	-2.48403	-4.32212	-4.47431
1160	2	4	5	2	2	5	5	-3.66981	-7.63906	-7.14751	-5.63069
1161	7	21	5	62	4	61	44	-7.51947	-3.81879	-5.53734	-8.01416
1162	2	1	12	3	2	1	5	-2.62702	-2.10986	-3.56249	-4.68409
1163	10	27	16	19	10	5	7	-20.3933	-12.7476	-15.6047	-18.7806
1164	33	283	44	82	189	44	17	-7.11093	-3.45907	-5.29787	-6.1944
1165	9	25	2	10	22	3	6	-4.47286	-8.085	-6.22566	-4.38397
1166	7	21	5	62	4	61	44	-7.51947	-3.81879	-5.53734	-8.01416
1167	2	1	5	3	2	3	5	-4.24542	-3.24257	-5.37045	-4.83878
1168	2	1	5	3	2	3	5	-4.24542	-3.24257	-5.37045	-4.83878
1169	9	25	2	10	22	3	6	-4.47286	-8.085	-6.22566	-4.38397
1170	2	1	5	3	2	3	5	-4.24542	-3.24257	-5.37045	-4.83878
1171	2	4	1	2	2	1	5	-2.77553	-3.67425	-4.17822	-4.04153
1172	129	66	30	82	189	47	17	-3.24736	-4.94938	-5.70115	-4.12201
1173	2	4	1	2	2	1	5	-2.77553	-3.67425	-4.17822	-4.04153
1174	2	1	5	3	2	3	5	-4.24542	-3.24257	-5.37045	-4.83878
1175	2	1	12	3	2	1	5	-2.62702	-2.10986	-3.56249	-4.68409
1176	2	4	1	2	2	1	5	-2.77553	-3.67425	-4.17822	-4.04153
1177	1	4	2	2	6	3	17	-4.68344	-2.43708	-4.41881	-5.78208
1178	2	1	12	3	2	1	5	-2.62702	-2.10986	-3.56249	-4.68409
1179	1	4	2	2	446	3	17	-9.06419	-7.4438	-6.96684	-9.35249
1180	2	1	5	88	2	11	5	-8.98353	-5.33464	-6.00804	-8.31759
1181	2	4	2	2	6	1	5	-6.10235	-4.82273	-5.88937	-7.79236
1182	9	25	2	10	22	3	6	-4.47286	-8.085	-6.22566	-4.38397
1183	2	1	5	3	2	3	5	-4.24542	-3.24257	-5.37045	-4.83878
1184	7	21	5	62	4	61	44	-7.51947	-3.81879	-5.53734	-8.01416
1185	1	2	3	4	5	9	3	-4.68026	-2.477	-3.55864	-5.03544
1186	2	4	1	2	2	1	5	-2.77553	-3.67425	-4.17822	-4.04153
1187	7	21	5	62	4	61	44	-7.51947	-3.81879	-5.53734	-8.01416
1188	33	39	30	82	104	173	68	-5.40566	-3.96964	-6.36285	-7.8268
1189	1	4	2	2	6	3	17	-4.68344	-2.43708	-4.41881	-5.78208
1190	2	1	21	3	2	1	5	-2.93541	-2.48403	-4.32212	-4.47431
1191	4	7	10	4	1	7	1	-1.82957	-3.90824	-2.70839	-1.94438
1192	2	1	5	3	2	5	5	-5.63645	-2.81685	-4.03149	-5.66756
1193	1	4	2	2	6	3	17	-4.68344	-2.43708	-4.41881	-5.78208
1194	2	4	1	2	2	1	5	-2.77553	-3.67425	-4.17822	-4.04153
1195	2	4	1	2	2	1	5	-2.77553	-3.67425	-4.17822	-4.04153
1196	2	1	12	3	2	1	5	-2.62702	-2.10986	-3.56249	-4.68409
1197	2	1	6	3	2	3	5	-7.63697	-8.25968	-7.74066	-7.91061
1198	4	7	10	4	1	7	1	-1.82957	-3.90824	-2.70839	-1.94438
1199	2	4	1	2	7	1	5	-2.30323	-6.30801	-6.06176	-4.69382
1200	2	1	1	3	2	1	5	-4.62124	-3.77749	-6.13666	-7.11259
1201	2	4	1	2	2	1	5	-2.77553	-3.67425	-4.17822	-4.04153
1202	7	2	5	2	10	3	6	-31.0324	-27.929	-28.2966	-28.3232
1203	2	1	21	3	2	1	5	-2.93541	-2.48403	-4.32212	-4.47431
1204	2	4	1	2	7	1	5	-2.30323	-6.30801	-6.06176	-4.69382
1205	4	7	10	4	1	7	1	-1.82957	-3.90824	-2.70839	-1.94438
1206	2	4	1	2	7	1	5	-2.30323	-6.30801	-6.06176	-4.69382
1207	2	4	1	2	2	1	5	-2.77553	-3.67425	-4.17822	-4.04153
1208	1	4	2	2	6	3	17	-4.68344	-2.43708	-4.41881	-5.78208
1209	2	4	1	2	2	1	5	-2.77553	-3.67425	-4.17822	-4.04153
1210	2	4	1	2	2	1	5	-2.77553	-3.67425	-4.17822	-4.04153
1211	74	10	2	2	11	12	6	-8.34151	-12.9137	-10.3907	-10.1215
1212	1	2	3	4	5	9	3	-4.68026	-2.477	-3.55864	-5.03544
1213	2	1	5	3	2	3	5	-4.24542	-3.24257	-5.37045	-4.83878
1214	4	7	10	4	1	7	1	-1.82957	-3.90824	-2.70839	-1.94438
1215	2	4	2	2	6	1	5	-6.10235	-4.82273	-5.88937	-7.79236
1216	2	1	12	3	2	1	5	-2.62702	-2.10986	-3.56249	-4.68409
1217	2	1	21	3	2	1	5	-2.93541	-2.48403	-4.32212	-4.47431
1218	2	4	1	2	2	1	5	-2.77553	-3.67425	-4.17822	-4.04153
1219	2	1	21	3	2	1	5	-2.93541	-2.48403	-4.32212	-4.47431
1220	4	7	10	4	1	7	1	-1.82957	-3.90824	-2.70839	-1.94438
1221	2	1	21	3	2	1	5	-2.93541	-2.48403	-4.32212	-4.47431
1222	2	4	1	2	2	1	5	-2.77553	-3.67425	-4.17822	-4.04153
1223	4	7	10	4	1	7	1	-1.82957	-3.90824	-2.70839	-1.94438
1224	2	4	1	2	2	1	5	-2.77553	-3.67425	-4.17822	-4.04153
1225	4	7	10	4	1	7	1	-1.82957	-3.90824	-2.70839	-1.94438
1226	4	7	10	4	42	51	1	-2.9289	-4.71441	-5.01806	-3.77566
1227	4	7	10	4	42	7	1	-6.59821	-8.99846	-5.67999	-4.70251
1228	2	4	1	2	2	1	5	-2.77553	-3.67425	-4.17822	-4.04153
1229	2	1	5	3	2	3	5	-4.24542	-3.24257	-5.37045	-4.83878
1230	10	81	50	99	120	76	52	-6.7241	-6.39408	-5.313	-5.20298
1231	2	4	1	2	7	1	5	-2.30323	-6.30801	-6.06176	-4.69382
1232	2	4	1	2	7	1	5	-2.30323	-6.30801	-6.06176	-4.69382
1233	4	7	10	4	1	7	1	-1.82957	-3.90824	-2.70839	-1.94438
1234	1	4	2	2	6	3	17	-4.68344	-2.43708	-4.41881	-5.78208
1235	4	7	10	4	1	7	1	-1.82957	-3.90824	-2.70839	-1.94438
1236	2	4	1	2	2	1	5	-2.77553	-3.67425	-4.17822	-4.04153
1237	4	7	10	4	1	7	1	-1.82957	-3.90824	-2.70839	-1.94438
1238	4	7	10	4	42	51	1	-2.9289	-4.71441	-5.01806	-3.77566
1239	1	307	3	4	5	9	3	-6.85185	-6.42644	-6.11779	-8.10175
1240	2	4	2	2	6	1	5	-6.10235	-4.82273	-5.88937	-7.79236
1241	8	10	149	2	11	12	6	-4.88735	-3.96507	-5.5725	-7.07765
1242	2	1	12	3	2	1	5	-2.62702	-2.10986	-3.56249	-4.68409
1243	2	4	1	2	2	1	5	-2.77553	-3.67425	-4.17822	-4.04153
1244	2	4	1	2	2	1	5	-2.77553	-3.67425	-4.17822	-4.04153
1245	2	4	1	2	2	1	5	-2.77553	-3.67425	-4.17822	-4.04153
1246	4	7	10	4	42	51	1	-2.9289	-4.71441	-5.01806	-3.77566
1247	2	4	1	2	2	1	5	-2.77553	-3.67425	-4.17822	-4.04153
1248	2	4	1	2	2	1	5	-2.77553	-3.67425	-4.17822	-4.04153
1249	2	1	12	88	2	1	5	-3.9537	-3.42394	-5.60781	-5.32001
1250	1	4	2	2	6	3	17	-4.68344	-2.43708	-4.41881	-5.78208
1251	9	2	4	62	4	5	6	-3.71559	-5.26552	-5.831	-6.18486
1252	2	4	1	2	7	1	5	-2.30323	-6.30801	-6.06176	-4.69382
1253	2	4	5	2	2	5	5	-3.66981	-7.63906	-7.14751	-5.63069
1254	2	1	21	3	2	1	5	-2.93541	-2.48403	-4.32212	-4.47431
1255	1	4	2	2	6	3	17	-4.68344	-2.43708	-4.41881	-5.78208
1256	2	1	21	3	2	1	5	-2.93541	-2.48403	-4.32212	-4.47431
1257	2	4	1	2	2	5	5	-6.80916	-6.39734	-8.63035	-9.29008
1258	2	1	12	3	2	1	5	-2.62702	-2.10986	-3.56249	-4.68409
1259	2	4	2	2	6	1	5	-6.10235	-4.82273	-5.88937	-7.79236
1260	2	4	1	2	2	1	5	-2.77553	-3.67425	-4.17822	-4.04153
1261	2	4	1	2	2	1	5	-2.77553	-3.67425	-4.17822	-4.04153
1262	1	307	3	4	5	9	3	-6.85185	-6.42644	-6.11779	-8.10175
1263	9	25	2	10	22	3	6	-4.47286	-8.085	-6.22566	-4.38397
1264	2	1	1	380	2	1	5	-6.15977	-5.73055	-8.04792	-8.68634
1265	2	4	1	2	2	1	5	-2.77553	-3.67425	-4.17822	-4.04153
1266	2	4	1	2	2	1	5	-2.77553	-3.67425	-4.17822	-4.04153
1267	2	1	12	3	2	1	5	-2.62702	-2.10986	-3.56249	-4.68409
1268	1	2	3	4	5	9	3	-4.68026	-2.477	-3.55864	-5.03544
1269	2	4	1	2	2	1	5	-2.77553	-3.67425	-4.17822	-4.04153
1270	2	4	1	2	2	1	5	-2.77553	-3.67425	-4.17822	-4.04153
1271	2	4	1	2	2	1	5	-2.77553	-3.67425	-4.17822	-4.04153
1272	1	2	3	4	5	9	3	-4.68026	-2.477	-3.55864	-5.03544
1273	9	2	2	212	309	253	147	-28.3118	-30.8341	-22.1105	-25.4616
1274	2	1	21	3	2	1	5	-2.93541	-2.48403	-4.32212	-4.47431
1275	47	2	4	2	6	5	17	-11.4551	-10.6875	-6.2034	-8.42918
1276	1	2	3	4	5	9	3	-4.68026	-2.477	-3.55864	-5.03544
1277	2	4	1	2	2	1	5	-2.77553	-3.67425	-4.17822	-4.04153
1278	2	4	1	2	2	1	5	-2.77553	-3.67425	-4.17822	-4.04153
1279	9	2	4	62	4	5	6	-3.71559	-5.26552	-5.831	-6.18486
1280	2	1	12	3	2	1	5	-2.62702	-2.10986	-3.56249	-4.68409
1281	2	4	1	2	2	1	5	-2.77553	-3.67425	-4.17822	-4.04153
1282	2	4	1	2	7	1	5	-2.30323	-6.30801	-6.06176	-4.69382
1283	7	17	2	15	23	3	12	-6.89967	-10.9178	-10.7733	-9.49201
1284	2	1	1	3	2	1	5	-4.62124	-3.77749	-6.13666	-7.11259
1285	2	1	12	3	2	1	5	-2.62702	-2.10986	-3.56249	-4.68409
1286	2	4	1	2	2	1	5	-2.77553	-3.67425	-4.17822	-4.04153
1287	2	1	5	3	2	3	5	-4.24542	-3.24257	-5.37045	-4.83878
1288	2	4	1	2	2	1	5	-2.77553	-3.67425	-4.17822	-4.04153
1289	2	4	1	2	2	1	5	-2.77553	-3.67425	-4.17822	-4.04153
1290	1	4	2	2	6	3	17	-4.68344	-2.43708	-4.41881	-5.78208
1291	2	1	2	3	2	3	5	-3.75523	-7.59495	-7.61512	-6.34229
1292	2	1	5	3	2	3	5	-4.24542	-3.24257	-5.37045	-4.83878
1293	1	2	3	3	5	9	3	-11.5537	-7.89615	-9.70105	-12.0873
1294	4	7	10	4	42	51	1	-2.9289	-4.71441	-5.01806	-3.77566
1295	1	4	2	2	6	3	17	-4.68344	-2.43708	-4.41881	-5.78208
1296	2	1	5	3	2	3	5	-4.24542	-3.24257	-5.37045	-4.83878
1297	4	7	10	4	1	7	1	-1.82957	-3.90824	-2.70839	-1.94438
1298	2	4	1	2	2	1	5	-2.77553	-3.67425	-4.17822	-4.04153
1299	4	7	10	4	1	7	1	-1.82957	-3.90824	-2.70839	-1.94438
1300	2	1	21	3	2	1	5	-2.93541	-2.48403	-4.32212	-4.47431
1301	2	4	1	2	2	1	5	-2.77553	-3.67425	-4.17822	-4.04153
1302	4	7	10	4	1	7	1	-1.82957	-3.90824	-2.70839	-1.94438
1303	2	4	1	2	2	1	5	-2.77553	-3.67425	-4.17822	-4.04153
1304	2	1	5	3	2	5	5	-5.63645	-2.81685	-4.03149	-5.66756
1305	2	4	1	2	2	1	5	-2.77553	-3.67425	-4.17822	-4.04153
1306	2	1	21	3	2	1	5	-2.93541	-2.48403	-4.32212	-4.47431
1307	2	1	5	3	2	5	5	-5.63645	-2.81685	-4.03149	-5.66756
1308	1	4	2	2	6	3	17	-4.68344	-2.43708	-4.41881	-5.78208
1309	1	4	2	2	6	3	17	-4.68344	-2.43708	-4.41881	-5.78208
1310	2	1	5	3	2	3	5	-4.24542	-3.24257	-5.37045	-4.83878
1311	1	4	2	2	6	3	17	-4.68344	-2.43708	-4.41881	-5.78208
1312	2	4	1	2	2	1	5	-2.77553	-3.67425	-4.17822	-4.04153
1313	2	1	12	88	2	1	5	-3.9537	-3.42394	-5.60781	-5.32001
1314	2	1	5	3	2	3	5	-4.24542	-3.24257	-5.37045	-4.83878
1315	2	4	5	2	2	1	5	-6.1585	-9.36804	-9.15282	-8.62375
1316	2	4	1	2	2	1	5	-2.77553	-3.67425	-4.17822	-4.04153
1317	1	4	2	2	6	3	17	-4.68344	-2.43708	-4.41881	-5.78208
1318	2	1	21	3	2	1	5	-2.93541	-2.48403	-4.32212	-4.47431
1319	4	7	10	4	1	7	1	-1.82957	-3.90824	-2.70839	-1.94438
1320	1	2	3	4	5	9	3	-4.68026	-2.477	-3.55864	-5.03544
1321	2	4	1	2	7	1	5	-2.30323	-6.30801	-6.06176	-4.69382
1322	4	7	10	4	1	7	1	-1.82957	-3.90824	-2.70839	-1.94438
1323	4	7	10	4	1	7	1	-1.82957	-3.90824	-2.70839	-1.94438
1324	1	4	2	2	6	3	17	-4.68344	-2.43708	-4.41881	-5.78208
1325	2	4	1	2	7	1	5	-2.30323	-6.30801	-6.06176	-4.69382
1326	4	7	10	4	1	7	1	-1.82957	-3.90824	-2.70839	-1.94438
1327	8	10	2	2	11	12	6	-3.95254	-7.87289	-7.82054	-6.54564
1328	969	7	10	4	1	7	1	-6.14074	-8.93761	-5.27674	-5.51693
1329	4	7	10	4	1	7	1	-1.82957	-3.90824	-2.70839	-1.94438
1330	10	27	16	942	10	5	7	-24.7822	-17.7891	-18.1752	-22.3562
1331	10	27	16	941	10	5	7	-24.7822	-17.7891	-18.1752	-22.3562
1332	4	7	10	4	1	7	1	-1.82957	-3.90824	-2.70839	-1.94438
1333	4	7	10	4	1	7	1	-1.82957	-3.90824	-2.70839	-1.94438
1334	129	66	30	82	189	47	17	-3.24736	-4.94938	-5.70115	-4.12201
1335	4	7	10	4	1	7	1	-1.82957	-3.90824	-2.70839	-1.94438
1336	4	7	10	4	1	7	1	-1.82957	-3.90824	-2.70839	-1.94438
1337	2	4	1	2	2	1	5	-2.77553	-3.67425	-4.17822	-4.04153
1338	2	1	2	3	2	3	5	-3.75523	-7.59495	-7.61512	-6.34229
1339	10	27	16	19	10	5	7	-20.3933	-12.7476	-15.6047	-18.7806
1340	2	4	1	2	2	1	5	-2.77553	-3.67425	-4.17822	-4.04153
1341	33	39	30	82	104	173	68	-5.40566	-3.96964	-6.36285	-7.8268
1342	1	4	2	2	6	3	17	-4.68344	-2.43708	-4.41881	-5.78208
1343	2	1	5	3	2	5	5	-5.63645	-2.81685	-4.03149	-5.66756
1344	2	1	12	3	2	1	5	-2.62702	-2.10986	-3.56249	-4.68409
1345	8	10	2	2	11	12	6	-3.95254	-7.87289	-7.82054	-6.54564
1346	2	1	1	3	2	1	5	-4.62124	-3.77749	-6.13666	-7.11259
1347	1	4	2	2	6	3	17	-4.68344	-2.43708	-4.41881	-5.78208
1348	7	2	2	2	11	12	6	-4.49917	-8.51728	-8.37233	-7.09183
1349	9	2	4	62	4	5	6	-3.71559	-5.26552	-5.831	-6.18486
1350	2	1	21	3	2	1	5	-2.93541	-2.48403	-4.32212	-4.47431
1351	9	7	10	4	1	7	1	-10.0369	-12.2995	-11.3404	-9.92381
1352	2	1	12	3	920	1	5	-7.01704	-7.14267	-6.13032	-8.2602
1353	239	27	16	19	10	5	7	-10.1787	-6.45703	-8.89638	-11.7255
1354	7	17	2	15	23	3	12	-6.89967	-10.9178	-10.7733	-9.49201
1355	1	4	2	2	6	3	17	-4.68344	-2.43708	-4.41881	-5.78208
1356	1	6	60	24	12	28	1	-31.1321	-34.9168	-18.9986	-23.3041
1357	2	4	5	2	10	1	5	-6.89048	-10.8952	-10.7544	-9.47989
1358	10	81	50	99	120	76	52	-6.7241	-6.39408	-5.313	-5.20298
1359	4	7	10	4	1	7	1	-1.82957	-3.90824	-2.70839	-1.94438
1360	2	1	5	3	2	5	5	-5.63645	-2.81685	-4.03149	-5.66756
1361	4	7	10	1	1	7	1	-5.27184	-8.95962	-6.0291	-6.06828
1362	2	4	5	2	10	1	5	-6.89048	-10.8952	-10.7544	-9.47989
1363	2	1	21	3	2	1	5	-2.93541	-2.48403	-4.32212	-4.47431
1364	2	1	21	3	2	1	5	-2.93541	-2.48403	-4.32212	-4.47431
1365	2	4	1	2	2	1	5	-2.77553	-3.67425	-4.17822	-4.04153
1366	2	4	2	2	6	1	5	-6.10235	-4.82273	-5.88937	-7.79236
1367	2	4	1	2	7	1	5	-2.30323	-6.30801	-6.06176	-4.69382
1368	2	4	1	2	2	1	5	-2.77553	-3.67425	-4.17822	-4.04153
1369	2	4	1	2	2	1	5	-2.77553	-3.67425	-4.17822	-4.04153
1370	4	7	10	4	1	7	1	-1.82957	-3.90824	-2.70839	-1.94438
1371	4	7	10	4	42	51	1	-2.9289	-4.71441	-5.01806	-3.77566
1372	2	1	5	3	2	3	5	-4.24542	-3.24257	-5.37045	-4.83878
1373	2	1	12	3	2	1	5	-2.62702	-2.10986	-3.56249	-4.68409
1374	2	1	1	3	2	1	5	-4.62124	-3.77749	-6.13666	-7.11259
1375	2	4	1	2	2	1	5	-2.77553	-3.67425	-4.17822	-4.04153
1376	4	7	10	4	1	7	1	-1.82957	-3.90824	-2.70839	-1.94438
1377	10	1	16	19	10	5	7	-6.37592	-2.73421	-4.12006	-5.34951
1378	2	4	1	2	7	1	5	-2.30323	-6.30801	-6.06176	-4.69382
1379	2	4	1	2	2	1	5	-2.77553	-3.67425	-4.17822	-4.04153
1380	10	81	50	99	120	76	52	-6.7241	-6.39408	-5.313	-5.20298
1381	2	1	12	3	2	1	5	-2.62702	-2.10986	-3.56249	-4.68409
1382	2	4	1	2	2	1	5	-2.77553	-3.67425	-4.17822	-4.04153
1383	2	4	1	2	7	1	5	-2.30323	-6.30801	-6.06176	-4.69382
1384	1	2	3	4	5	9	3	-4.68026	-2.477	-3.55864	-5.03544
1385	8	10	2	2	11	12	6	-3.95254	-7.87289	-7.82054	-6.54564
1386	1	4	2	2	6	3	17	-4.68344	-2.43708	-4.41881	-5.78208
1387	2	4	1	2	2	1	5	-2.77553	-3.67425	-4.17822	-4.04153
1388	2	4	1	2	2	1	5	-2.77553	-3.67425	-4.17822	-4.04153
1389	10	7	10	4	1	7	1	-12.2836	-10.845	-9.91706	-9.12878
1390	2	1	21	3	2	1	5	-2.93541	-2.48403	-4.32212	-4.47431
1391	2	1	21	3	2	1	5	-2.93541	-2.48403	-4.32212	-4.47431
1392	10	1	16	19	10	5	7	-6.37592	-2.73421	-4.12006	-5.34951
1393	2	1	5	3	2	3	5	-4.24542	-3.24257	-5.37045	-4.83878
1394	2	1	5	3	2	3	5	-4.24542	-3.24257	-5.37045	-4.83878
1395	2	4	1	2	2	5	5	-6.80916	-6.39734	-8.63035	-9.29008
1396	2	4	1	2	7	1	5	-2.30323	-6.30801	-6.06176	-4.69382
1397	10	1	16	19	10	5	7	-6.37592	-2.73421	-4.12006	-5.34951
1398	2	4	1	2	7	1	5	-2.30323	-6.30801	-6.06176	-4.69382
1399	2	934	1	2	2	1	5	-7.08687	-8.71071	-6.74252	-7.59709
