Isolate	Loci0	Loci1	Loci2	Loci3	Loci4	Loci5	Loci6	Source0	Source1	Source2	Source3
0	1	2	3	4	5	9	3	-4.61776	-2.46676	-3.55022	-4.88991
1	4	7	10	4	1	7	1	-1.81946	-3.92293	-2.66321	-1.93175
2	2	4	1	2	2	1	5	-2.76639	-3.68201	-4.15246	-4.18378
3	2	4	1	2	2	1	5	-2.76639	-3.68201	-4.15246	-4.18378
4	9	25	2	10	22	3	6	-4.46124	-8.25724	-6.07515	-4.36252
5	4	7	10	4	1	7	1	-1.81946	-3.92293	-2.66321	-1.93175
6	4	7	10	4	1	7	1	-1.81946	-3.92293	-2.66321	-1.93175
7	4	7	10	4	42	51	1	-2.91904	-4.73918	-4.93495	-3.84495
8	2	4	1	2	2	1	5	-2.76639	-3.68201	-4.15246	-4.18378
9	10	81	50	99	120	76	52	-6.69695	-6.36301	-5.29148	-5.13094
10	2	1	21	3	2	1	5	-2.91889	-2.48411	-4.28141	-4.62432
11	2	1	21	3	2	1	5	-2.91889	-2.48411	-4.28141	-4.62432
12	9	25	2	10	22	3	6	-4.46124	-8.25724	-6.07515	-4.36252
13	2	1	21	3	2	1	5	-2.91889	-2.48411	-4.28141	-4.62432
14	10	27	16	19	10	5	7	-20.3051	-12.9818	-15.6922	-17.454
15	2	4	1	2	2	1	5	-2.76639	-3.68201	-4.15246	-4.18378
16	2	4	1	2	2	1	5	-2.76639	-3.68201	-4.15246	-4.18378
17	9	2	4	62	4	5	6	-3.70486	-5.28588	-5.81724	-7.27464
18	9	53	2	53	11	3	3	-31.7637	-26.9838	-24.1513	-26.1838
19	2	4	1	2	2	1	5	-2.76639	-3.68201	-4.15246	-4.18378
20	2	4	1	2	2	1	5	-2.76639	-3.68201	-4.15246	-4.18378
21	4	7	10	4	1	7	1	-1.81946	-3.92293	-2.66321	-1.93175
22	2	4	1	2	2	1	5	-2.76639	-3.68201	-4.15246	-4.18378
23	1	4	2	2	6	3	17	-4.62035	-2.42952	-4.38685	-5.58155
24	4	7	10	4	1	7	1	-1.81946	-3.92293	-2.66321	-1.93175
25	2	1	21	3	2	1	5	-2.91889	-2.48411	-4.28141	-4.62432
26	8	10	2	2	11	12	6	-3.94339	-8.33059	-7.75074	-8.1309
27	2	4	2	2	6	1	5	-6.07377	-4.81648	-5.88286	-7.81612
28	2	1	12	3	2	1	5	-2.61016	-2.10968	-3.5457	-5.00389
29	2	4	1	2	2	1	5	-2.76639	-3.68201	-4.15246	-4.18378
30	4	7	10	4	1	7	1	-1.81946	-3.92293	-2.66321	-1.93175
31	10	1	16	19	10	5	7	-6.16022	-2.72442	-4.10288	-5.14314
32	1	2	3	4	5	9	3	-4.61776	-2.46676	-3.55022	-4.88991
33	2	4	1	2	2	1	5	-2.76639	-3.68201	-4.15246	-4.18378
34	2	4	1	2	2	1	5	-2.76639	-3.68201	-4.15246	-4.18378
35	2	4	1	2	2	1	5	-2.76639	-3.68201	-4.15246	-4.18378
36	4	7	10	4	1	7	1	-1.81946	-3.92293	-2.66321	-1.93175
37	129	66	30	82	189	47	17	-3.23629	-4.97342	-5.57904	-4.19596
38	2	1	12	3	357	1	5	-7.29434	-5.70019	-5.57224	-8.25431
39	9	2	4	62	4	5	6	-3.70486	-5.28588	-5.81724	-7.27464
40	2	1	1	3	2	1	5	-4.60376	-3.77773	-6.08904	-7.60437
41	2	1	12	3	357	1	5	-7.29434	-5.70019	-5.57224	-8.25431
42	2	1	5	3	2	3	5	-4.22136	-3.24082	-5.29726	-4.81946
43	2	1	5	3	2	3	5	-4.22136	-3.24082	-5.29726	-4.81946
44	2	4	1	2	2	1	5	-2.76639	-3.68201	-4.15246	-4.18378
45	2	4	1	2	2	1	5	-2.76639	-3.68201	-4.15246	-4.18378
46	2	4	2	2	6	1	5	-6.07377	-4.81648	-5.88286	-7.81612
47	1	4	2	2	6	3	17	-4.62035	-2.42952	-4.38685	-5.58155
48	2	1	21	3	2	1	5	-2.91889	-2.48411	-4.28141	-4.62432
49	2	1	2	3	2	3	5	-3.74751	-8.04431	-7.54674	-7.91451
50	2	1	21	3	2	1	5	-2.91889	-2.48411	-4.28141	-4.62432
51	7	17	2	15	23	3	12	-6.8899	-11.4005	-10.7022	-11.0777
52	2	4	1	2	7	1	5	-2.29599	-6.78549	-5.98207	-5.70172
53	9	2	4	62	4	5	6	-3.70486	-5.28588	-5.81724	-7.27464
54	2	4	1	2	7	1	5	-2.29599	-6.78549	-5.98207	-5.70172
55	9	2	4	62	4	5	6	-3.70486	-5.28588	-5.81724	-7.27464
56	2	1	12	88	2	1	5	-3.93616	-3.42342	-5.54213	-5.42516
57	2	1	5	3	2	3	5	-4.22136	-3.24082	-5.29726	-4.81946
58	2	4	1	2	2	1	5	-2.76639	-3.68201	-4.15246	-4.18378
59	9	2	4	62	4	5	6	-3.70486	-5.28588	-5.81724	-7.27464
60	2	1	5	3	2	3	5	-4.22136	-3.24082	-5.29726	-4.81946
61	2	4	1	2	2	1	5	-2.76639	-3.68201	-4.15246	-4.18378
62	2	4	1	2	2	1	5	-2.76639	-3.68201	-4.15246	-4.18378
63	2	4	1	2	2	1	5	-2.76639	-3.68201	-4.15246	-4.18378
64	2	4	1	2	2	1	5	-2.76639	-3.68201	-4.15246	-4.18378
65	2	4	1	2	2	1	5	-2.76639	-3.68201	-4.15246	-4.18378
66	2	4	1	2	2	1	5	-2.76639	-3.68201	-4.15246	-4.18378
67	1	2	215	4	90	24	8	-32.2365	-26.8892	-19.666	-22.658
68	2	4	1	2	2	1	5	-2.76639	-3.68201	-4.15246	-4.18378
69	1	2	3	4	5	9	3	-4.61776	-2.46676	-3.55022	-4.88991
70	2	4	1	2	2	1	5	-2.76639	-3.68201	-4.15246	-4.18378
71	2	4	1	2	2	1	5	-2.76639	-3.68201	-4.15246	-4.18378
72	9	25	2	10	22	3	6	-4.46124	-8.25724	-6.07515	-4.36252
73	2	15	4	48	360	25	23	-6.70302	-8.97453	-5.74061	-4.88575
74	2	4	1	2	2	1	5	-2.76639	-3.68201	-4.15246	-4.18378
75	2	1	12	88	2	1	5	-3.93616	-3.42342	-5.54213	-5.42516
76	2	4	2	2	6	1	5	-6.07377	-4.81648	-5.88286	-7.81612
77	10	1	16	19	10	5	7	-6.16022	-2.72442	-4.10288	-5.14314
78	2	4	1	2	2	1	5	-2.76639	-3.68201	-4.15246	-4.18378
79	2	1	12	3	2	1	5	-2.61016	-2.10968	-3.5457	-5.00389
80	2	4	1	2	2	1	5	-2.76639	-3.68201	-4.15246	-4.18378
81	2	4	1	2	2	1	5	-2.76639	-3.68201	-4.15246	-4.18378
82	1	4	2	2	6	3	17	-4.62035	-2.42952	-4.38685	-5.58155
83	10	1	16	19	10	5	7	-6.16022	-2.72442	-4.10288	-5.14314
84	8	10	149	2	11	12	6	-4.86342	-3.95669	-5.55224	-7.33851
85	2	4	1	2	2	1	5	-2.76639	-3.68201	-4.15246	-4.18378
86	2	4	1	2	7	1	5	-2.29599	-6.78549	-5.98207	-5.70172
87	32	39	30	82	104	324	17	-8.15823	-4.65524	-7.05597	-8.81681
88	1	2	3	4	5	9	3	-4.61776	-2.46676	-3.55022	-4.88991
89	2	1	5	3	2	3	5	-4.22136	-3.24082	-5.29726	-4.81946
90	2	4	1	2	2	1	5	-2.76639	-3.68201	-4.15246	-4.18378
91	2	4	1	2	7	1	5	-2.29599	-6.78549	-5.98207	-5.70172
92	4	7	10	4	1	7	1	-1.81946	-3.92293	-2.66321	-1.93175
93	2	1	2	3	2	3	5	-3.74751	-8.04431	-7.54674	-7.91451
94	2	1	12	3	2	1	5	-2.61016	-2.10968	-3.5457	-5.00389
95	2	1	21	3	2	1	5	-2.91889	-2.48411	-4.28141	-4.62432
96	2	1	21	3	2	1	5	-2.91889	-2.48411	-4.28141	-4.62432
97	9	2	5	2	11	3	1	-29.5011	-32.9735	-28.5717	-25.7529
98	4	7	10	4	1	7	1	-1.81946	-3.92293	-2.66321	-1.93175
99	2	1	2	3	2	3	5	-3.74751	-8.04431	-7.54674	-7.91451
100	2	1	21	3	2	1	5	-2.91889	-2.48411	-4.28141	-4.62432
101	4	7	10	4	1	7	1	-1.81946	-3.92293	-2.66321	-1.93175
102	2	1	21	3	2	1	5	-2.91889	-2.48411	-4.28141	-4.62432
103	1	4	2	2	6	3	17	-4.62035	-2.42952	-4.38685	-5.58155
104	2	4	5	2	10	1	5	-6.88284	-11.3823	-10.6862	-11.0646
105	2	1	12	88	2	1	5	-3.93616	-3.42342	-5.54213	-5.42516
106	9	2	4	62	4	5	6	-3.70486	-5.28588	-5.81724	-7.27464
107	2	165	73	147	220	190	104	-8.82414	-9.75336	-7.03452	-5.22053
108	2	1	21	3	2	1	5	-2.91889	-2.48411	-4.28141	-4.62432
109	2	4	1	2	2	1	5	-2.76639	-3.68201	-4.15246	-4.18378
110	2	1	12	3	11	1	6	-19.0087	-18.0458	-20.2727	-21.0695
111	2	1	2	3	2	3	5	-3.74751	-8.04431	-7.54674	-7.91451
112	2	4	1	2	7	1	5	-2.29599	-6.78549	-5.98207	-5.70172
113	2	1	2	3	2	3	5	-3.74751	-8.04431	-7.54674	-7.91451
114	2	1	21	3	2	1	5	-2.91889	-2.48411	-4.28141	-4.62432
115	2	4	1	2	7	1	5	-2.29599	-6.78549	-5.98207	-5.70172
116	33	39	30	82	113	43	17	-9.65968	-6.42108	-6.1461	-8.21737
117	2	4	1	2	2	1	5	-2.76639	-3.68201	-4.15246	-4.18378
118	2	4	1	2	2	1	5	-2.76639	-3.68201	-4.15246	-4.18378
119	2	4	1	2	2	1	5	-2.76639	-3.68201	-4.15246	-4.18378
120	2	4	1	2	7	1	5	-2.29599	-6.78549	-5.98207	-5.70172
121	4	7	10	1	1	7	1	-5.263	-9.08811	-6.0164	-6.12929
122	2	1	12	3	2	1	5	-2.61016	-2.10968	-3.5457	-5.00389
123	2	4	1	2	2	1	5	-2.76639	-3.68201	-4.15246	-4.18378
124	2	4	1	2	2	1	5	-2.76639	-3.68201	-4.15246	-4.18378
125	2	4	1	2	7	1	5	-2.29599	-6.78549	-5.98207	-5.70172
126	2	4	1	2	2	1	5	-2.76639	-3.68201	-4.15246	-4.18378
127	2	4	1	2	2	1	5	-2.76639	-3.68201	-4.15246	-4.18378
128	2	1	12	88	2	1	5	-3.93616	-3.42342	-5.54213	-5.42516
129	2	1	12	3	2	1	5	-2.61016	-2.10968	-3.5457	-5.00389
130	2	1	12	3	2	1	5	-2.61016	-2.10968	-3.5457	-5.00389
131	2	4	1	2	7	1	5	-2.29599	-6.78549	-5.98207	-5.70172
132	2	1	21	3	2	1	5	-2.91889	-2.48411	-4.28141	-4.62432
133	2	1	21	3	2	1	5	-2.91889	-2.48411	-4.28141	-4.62432
134	2	4	5	2	2	5	5	-3.66203	-8.09134	-7.04904	-6.11774
135	2	1	21	3	2	1	5	-2.91889	-2.48411	-4.28141	-4.62432
136	1	4	2	2	6	3	1	-11.4613	-10.3142	-10.3625	-10.9306
137	2	1	5	3	2	3	5	-4.22136	-3.24082	-5.29726	-4.81946
138	2	1	5	3	2	3	5	-4.22136	-3.24082	-5.29726	-4.81946
139	4	7	10	4	1	7	1	-1.81946	-3.92293	-2.66321	-1.93175
140	8	10	2	2	11	12	6	-3.94339	-8.33059	-7.75074	-8.1309
141	2	1	2	3	2	3	5	-3.74751	-8.04431	-7.54674	-7.91451
142	2	1	5	3	2	3	5	-4.22136	-3.24082	-5.29726	-4.81946
143	2	1	2	3	2	3	5	-3.74751	-8.04431	-7.54674	-7.91451
144	129	66	30	82	189	47	17	-3.23629	-4.97342	-5.57904	-4.19596
145	2	4	1	2	2	1	5	-2.76639	-3.68201	-4.15246	-4.18378
146	2	4	1	2	2	1	5	-2.76639	-3.68201	-4.15246	-4.18378
147	7	21	5	62	4	61	44	-7.29475	-3.80765	-5.51739	-7.43401
148	2	4	1	2	2	1	5	-2.76639	-3.68201	-4.15246	-4.18378
149	2	937	1	2	2	1	5	-7.3723	-7.27889	-6.17552	-7.43291
150	1	14	2	2	6	1	17	-9.23996	-6.422	-7.72796	-6.30692
151	1	4	2	2	6	3	17	-4.62035	-2.42952	-4.38685	-5.58155
152	8	10	149	2	11	12	6	-4.86342	-3.95669	-5.55224	-7.33851
153	2	1	12	3	2	1	5	-2.61016	-2.10968	-3.5457	-5.00389
154	9	30	2	2	89	59	6	-4.94246	-9.45427	-8.75537	-9.13078
155	1	2	3	4	5	9	3	-4.61776	-2.46676	-3.55022	-4.88991
156	2	4	1	2	2	1	5	-2.76639	-3.68201	-4.15246	-4.18378
157	2	4	1	2	2	1	5	-2.76639	-3.68201	-4.15246	-4.18378
158	180	194	2	68	19	231	147	-28.6983	-27.7894	-19.239	-25.7326
159	2	4	1	2	2	1	5	-2.76639	-3.68201	-4.15246	-4.18378
160	2	4	1	2	2	1	5	-2.76639	-3.68201	-4.15246	-4.18378
161	2	4	1	2	2	1	5	-2.76639	-3.68201	-4.15246	-4.18378
162	4	7	10	4	1	7	1	-1.81946	-3.92293	-2.66321	-1.93175
163	2	4	1	2	2	1	5	-2.76639	-3.68201	-4.15246	-4.18378
164	2	1	21	3	2	1	5	-2.91889	-2.48411	-4.28141	-4.62432
165	2	4	1	2	7	1	5	-2.29599	-6.78549	-5.98207	-5.70172
166	2	4	1	2	2	1	5	-2.76639	-3.68201	-4.15246	-4.18378
167	10	1	16	19	10	5	7	-6.16022	-2.72442	-4.10288	-5.14314
168	104	7	10	4	1	7	1	-4.39922	-8.91609	-8.20001	-8.56293
169	2	4	1	2	2	1	5	-2.76639	-3.68201	-4.15246	-4.18378
170	10	27	16	19	10	5	7	-20.3051	-12.9818	-15.6922	-17.454
171	2	4	1	2	2	1	5	-2.76639	-3.68201	-4.15246	-4.18378
172	2	1	1	3	2	1	5	-4.60376	-3.77773	-6.08904	-7.60437
173	7	21	5	62	4	61	44	-7.29475	-3.80765	-5.51739	-7.43401
174	2	1	1	3	2	1	5	-4.60376	-3.77773	-6.08904	-7.60437
175	10	1	16	19	10	5	7	-6.16022	-2.72442	-4.10288	-5.14314
176	2	4	1	2	2	1	5	-2.76639	-3.68201	-4.15246	-4.18378
177	2	4	1	2	2	1	5	-2.76639	-3.68201	-4.15246	-4.18378
178	2	1	12	3	2	1	5	-2.61016	-2.10968	-3.5457	-5.00389
179	2	4	1	2	2	1	5	-2.76639	-3.68201	-4.15246	-4.18378
180	2	4	1	2	2	1	5	-2.76639	-3.68201	-4.15246	-4.18378
181	1	4	2	2	6	3	17	-4.62035	-2.42952	-4.38685	-5.58155
182	2	1	12	3	2	1	5	-2.61016	-2.10968	-3.5457	-5.00389
183	4	7	10	4	1	7	1	-1.81946	-3.92293	-2.66321	-1.93175
184	2	4	1	2	2	1	5	-2.76639	-3.68201	-4.15246	-4.18378
185	2	4	1	2	2	1	5	-2.76639	-3.68201	-4.15246	-4.18378
186	2	1	21	3	2	1	5	-2.91889	-2.48411	-4.28141	-4.62432
187	4	7	10	4	1	7	1	-1.81946	-3.92293	-2.66321	-1.93175
188	4	7	10	4	42	51	1	-2.91904	-4.73918	-4.93495	-3.84495
189	2	1	5	3	2	3	5	-4.22136	-3.24082	-5.29726	-4.81946
190	1	2	4	62	4	5	17	-6.08531	-4.83135	-7.17046	-8.77095
191	4	7	10	4	1	7	1	-1.81946	-3.92293	-2.66321	-1.93175
192	4	7	10	4	42	51	1	-2.91904	-4.73918	-4.93495	-3.84495
193	2	1	21	3	2	1	5	-2.91889	-2.48411	-4.28141	-4.62432
194	4	7	10	4	42	51	1	-2.91904	-4.73918	-4.93495	-3.84495
195	2	4	1	2	7	1	5	-2.29599	-6.78549	-5.98207	-5.70172
196	2	4	1	2	2	1	5	-2.76639	-3.68201	-4.15246	-4.18378
197	1	2	3	4	5	9	3	-4.61776	-2.46676	-3.55022	-4.88991
198	1	2	4	62	4	5	17	-6.08531	-4.83135	-7.17046	-8.77095
199	2	250	4	281	358	25	57	-30.689	-28.9975	-18.08	-19.635
200	9	2	4	62	4	5	6	-3.70486	-5.28588	-5.81724	-7.27464
201	1	2	3	4	5	9	3	-4.61776	-2.46676	-3.55022	-4.88991
202	4	7	10	4	1	7	1	-1.81946	-3.92293	-2.66321	-1.93175
203	2	4	2	4	19	3	6	-5.78702	-10.2947	-9.59446	-9.96639
204	4	7	10	4	1	7	1	-1.81946	-3.92293	-2.66321	-1.93175
205	4	7	10	4	42	51	1	-2.91904	-4.73918	-4.93495	-3.84495
206	2	1	12	3	2	1	5	-2.61016	-2.10968	-3.5457	-5.00389
207	4	7	10	4	1	7	1	-1.81946	-3.92293	-2.66321	-1.93175
208	2	1	12	3	2	1	5	-2.61016	-2.10968	-3.5457	-5.00389
209	1	2	4	62	4	5	17	-6.08531	-4.83135	-7.17046	-8.77095
210	4	7	10	4	42	51	1	-2.91904	-4.73918	-4.93495	-3.84495
211	2	4	1	2	2	1	5	-2.76639	-3.68201	-4.15246	-4.18378
212	4	7	10	4	1	7	1	-1.81946	-3.92293	-2.66321	-1.93175
213	2	1	21	3	2	1	5	-2.91889	-2.48411	-4.28141	-4.62432
214	47	2	4	2	6	5	17	-11.3722	-10.177	-6.21206	-8.30974
215	2	1	21	3	2	1	5	-2.91889	-2.48411	-4.28141	-4.62432
216	2	1	21	3	2	1	5	-2.91889	-2.48411	-4.28141	-4.62432
217	2	4	1	2	2	1	5	-2.76639	-3.68201	-4.15246	-4.18378
218	2	4	1	2	2	1	5	-2.76639	-3.68201	-4.15246	-4.18378
219	10	81	50	99	120	76	52	-6.69695	-6.36301	-5.29148	-5.13094
220	2	4	1	2	2	1	5	-2.76639	-3.68201	-4.15246	-4.18378
221	2	4	1	2	2	1	5	-2.76639	-3.68201	-4.15246	-4.18378
222	1	4	2	2	6	3	17	-4.62035	-2.42952	-4.38685	-5.58155
223	1	2	4	62	4	5	17	-6.08531	-4.83135	-7.17046	-8.77095
224	4	7	10	4	1	7	1	-1.81946	-3.92293	-2.66321	-1.93175
225	4	7	10	4	1	7	1	-1.81946	-3.92293	-2.66321	-1.93175
226	10	1	16	19	10	5	7	-6.16022	-2.72442	-4.10288	-5.14314
227	2	4	1	2	2	1	5	-2.76639	-3.68201	-4.15246	-4.18378
228	2	4	1	2	7	1	5	-2.29599	-6.78549	-5.98207	-5.70172
229	1	4	2	348	6	3	17	-8.85054	-5.34155	-7.74297	-9.50664
230	1	2	4	62	4	5	17	-6.08531	-4.83135	-7.17046	-8.77095
231	10	27	16	19	10	5	7	-20.3051	-12.9818	-15.6922	-17.454
232	1	4	2	2	6	3	17	-4.62035	-2.42952	-4.38685	-5.58155
233	4	7	10	4	42	51	1	-2.91904	-4.73918	-4.93495	-3.84495
234	2	4	1	2	2	1	5	-2.76639	-3.68201	-4.15246	-4.18378
235	2	1	12	3	2	1	5	-2.61016	-2.10968	-3.5457	-5.00389
236	2	1	12	88	2	1	5	-3.93616	-3.42342	-5.54213	-5.42516
237	2	4	1	2	7	1	5	-2.29599	-6.78549	-5.98207	-5.70172
238	2	1	12	3	2	1	5	-2.61016	-2.10968	-3.5457	-5.00389
239	1	4	2	2	6	3	17	-4.62035	-2.42952	-4.38685	-5.58155
240	2	1	4	28	58	25	58	-5.66493	-8.38828	-5.417	-4.21134
241	2	1	5	3	2	3	5	-4.22136	-3.24082	-5.29726	-4.81946
242	2	1	12	3	2	1	5	-2.61016	-2.10968	-3.5457	-5.00389
243	2	4	1	2	2	1	5	-2.76639	-3.68201	-4.15246	-4.18378
244	2	1	5	10	11	1	5	-27.4681	-22.9345	-24.2854	-25.061
245	2	1	12	3	2	1	5	-2.61016	-2.10968	-3.5457	-5.00389
246	2	1	12	88	2	1	5	-3.93616	-3.42342	-5.54213	-5.42516
247	2	1	12	3	2	1	5	-2.61016	-2.10968	-3.5457	-5.00389
248	2	1	12	3	2	1	5	-2.61016	-2.10968	-3.5457	-5.00389
249	1	4	2	2	6	3	17	-4.62035	-2.42952	-4.38685	-5.58155
250	9	2	4	62	4	5	6	-3.70486	-5.28588	-5.81724	-7.27464
251	2	1	12	3	2	1	5	-2.61016	-2.10968	-3.5457	-5.00389
252	8	10	149	2	11	12	6	-4.86342	-3.95669	-5.55224	-7.33851
253	2	1	21	3	2	1	5	-2.91889	-2.48411	-4.28141	-4.62432
254	1	2	3	4	5	9	3	-4.61776	-2.46676	-3.55022	-4.88991
255	2	1	5	3	2	3	5	-4.22136	-3.24082	-5.29726	-4.81946
256	1	307	3	4	5	9	3	-6.83279	-6.41263	-6.12352	-8.15474
257	1	4	2	2	6	3	17	-4.62035	-2.42952	-4.38685	-5.58155
258	2	4	1	2	7	1	5	-2.29599	-6.78549	-5.98207	-5.70172
259	2	4	1	2	2	1	5	-2.76639	-3.68201	-4.15246	-4.18378
260	2	61	4	64	126	7	23	-6.01851	-8.63699	-6.02702	-4.22243
261	7	21	5	62	4	61	44	-7.29475	-3.80765	-5.51739	-7.43401
262	2	1	12	3	2	1	5	-2.61016	-2.10968	-3.5457	-5.00389
263	2	4	1	2	2	1	5	-2.76639	-3.68201	-4.15246	-4.18378
264	2	1	12	3	2	1	5	-2.61016	-2.10968	-3.5457	-5.00389
265	2	1	21	3	2	1	5	-2.91889	-2.48411	-4.28141	-4.62432
266	2	1	21	3	2	1	5	-2.91889	-2.48411	-4.28141	-4.62432
267	2	4	1	2	2	1	5	-2.76639	-3.68201	-4.15246	-4.18378
268	2	4	1	2	2	1	5	-2.76639	-3.68201	-4.15246	-4.18378
269	2	4	1	2	7	1	5	-2.29599	-6.78549	-5.98207	-5.70172
270	4	7	10	4	1	7	1	-1.81946	-3.92293	-2.66321	-1.93175
271	1	2	4	62	4	5	17	-6.08531	-4.83135	-7.17046	-8.77095
272	4	1	21	3	2	1	5	-9.84092	-10.4645	-10.3868	-10.041
273	10	1	16	19	10	5	7	-6.16022	-2.72442	-4.10288	-5.14314
274	33	283	44	82	189	44	17	-6.8931	-3.44865	-5.26536	-5.97822
275	2	1	12	3	2	1	5	-2.61016	-2.10968	-3.5457	-5.00389
276	10	81	50	99	120	76	52	-6.69695	-6.36301	-5.29148	-5.13094
277	4	7	10	4	42	25	1	-8.72232	-9.25089	-5.83504	-5.14025
278	2	4	1	2	2	1	5	-2.76639	-3.68201	-4.15246	-4.18378
279	2	4	5	2	10	1	5	-6.88284	-11.3823	-10.6862	-11.0646
280	2	4	1	2	2	1	5	-2.76639	-3.68201	-4.15246	-4.18378
281	9	2	4	62	4	5	6	-3.70486	-5.28588	-5.81724	-7.27464
282	4	7	10	4	1	7	1	-1.81946	-3.92293	-2.66321	-1.93175
283	2	1	12	3	2	1	5	-2.61016	-2.10968	-3.5457	-5.00389
284	9	2	4	62	4	5	6	-3.70486	-5.28588	-5.81724	-7.27464
285	9	2	4	62	4	5	6	-3.70486	-5.28588	-5.81724	-7.27464
286	2	4	1	2	2	1	5	-2.76639	-3.68201	-4.15246	-4.18378
287	2	1	12	88	2	1	5	-3.93616	-3.42342	-5.54213	-5.42516
288	2	1	21	3	2	1	5	-2.91889	-2.48411	-4.28141	-4.62432
289	33	39	30	79	113	44	17	-26.0981	-25.452	-25.0701	-27.194
290	1	2	3	4	5	9	3	-4.61776	-2.46676	-3.55022	-4.88991
291	1	4	2	2	6	3	17	-4.62035	-2.42952	-4.38685	-5.58155
292	9	2	4	62	4	5	6	-3.70486	-5.28588	-5.81724	-7.27464
293	2	1	12	3	2	1	5	-2.61016	-2.10968	-3.5457	-5.00389
294	2	1	5	3	2	5	5	-5.53454	-2.81119	-4.02213	-5.45873
295	2	1	5	3	2	5	5	-5.53454	-2.81119	-4.02213	-5.45873
296	2	4	1	2	2	1	5	-2.76639	-3.68201	-4.15246	-4.18378
297	2	4	1	2	2	1	5	-2.76639	-3.68201	-4.15246	-4.18378
298	2	1	21	3	2	1	5	-2.91889	-2.48411	-4.28141	-4.62432
299	32	39	30	82	104	324	17	-8.15823	-4.65524	-7.05597	-8.81681
300	2	1	12	3	2	1	5	-2.61016	-2.10968	-3.5457	-5.00389
301	4	7	10	4	1	7	1	-1.81946	-3.92293	-2.66321	-1.93175
302	1	4	2	2	6	3	5	-8.72959	-5.26167	-7.66942	-9.43026
303	2	1	21	3	2	1	5	-2.91889	-2.48411	-4.28141	-4.62432
304	4	7	10	4	42	51	1	-2.91904	-4.73918	-4.93495	-3.84495
305	2	4	1	2	7	1	5	-2.29599	-6.78549	-5.98207	-5.70172
306	7	21	5	62	4	61	44	-7.29475	-3.80765	-5.51739	-7.43401
307	104	7	10	4	1	7	1	-4.39922	-8.91609	-8.20001	-8.56293
308	9	25	2	10	22	3	6	-4.46124	-8.25724	-6.07515	-4.36252
309	2	4	2	2	6	3	17	-10.8673	-7.85977	-9.93782	-10.7786
310	2	4	1	2	7	1	5	-2.29599	-6.78549	-5.98207	-5.70172
311	129	66	30	82	189	47	17	-3.23629	-4.97342	-5.57904	-4.19596
312	33	39	30	82	104	173	68	-5.37164	-3.9608	-6.3124	-7.93473
313	2	1	12	3	2	1	5	-2.61016	-2.10968	-3.5457	-5.00389
314	2	1	1	3	2	1	5	-4.60376	-3.77773	-6.08904	-7.60437
315	7	21	5	62	4	61	44	-7.29475	-3.80765	-5.51739	-7.43401
316	2	1	21	3	2	1	5	-2.91889	-2.48411	-4.28141	-4.62432
317	4	7	10	4	1	7	1	-1.81946	-3.92293	-2.66321	-1.93175
318	10	2	107	62	120	76	1	-6.8423	-10.3974	-8.05803	-6.30964
319	4	7	10	4	1	7	1	-1.81946	-3.92293	-2.66321	-1.93175
320	2	1	12	3	2	1	5	-2.61016	-2.10968	-3.5457	-5.00389
321	2	1	5	3	2	3	5	-4.22136	-3.24082	-5.29726	-4.81946
322	4	7	10	4	1	7	1	-1.81946	-3.92293	-2.66321	-1.93175
323	2	1	12	88	2	1	5	-3.93616	-3.42342	-5.54213	-5.42516
324	4	7	10	4	42	7	1	-6.59585	-8.80282	-5.6247	-4.6282
325	4	7	10	4	42	51	1	-2.91904	-4.73918	-4.93495	-3.84495
326	2	1	21	3	2	1	5	-2.91889	-2.48411	-4.28141	-4.62432
327	2	1	12	3	2	1	5	-2.61016	-2.10968	-3.5457	-5.00389
328	4	7	10	4	1	7	1	-1.81946	-3.92293	-2.66321	-1.93175
329	2	4	1	2	7	1	5	-2.29599	-6.78549	-5.98207	-5.70172
330	4	7	10	4	1	7	1	-1.81946	-3.92293	-2.66321	-1.93175
331	2	1	12	3	2	1	5	-2.61016	-2.10968	-3.5457	-5.00389
332	4	7	10	4	1	7	1	-1.81946	-3.92293	-2.66321	-1.93175
333	4	7	10	4	1	7	1	-1.81946	-3.92293	-2.66321	-1.93175
334	1	4	2	2	6	3	17	-4.62035	-2.42952	-4.38685	-5.58155
335	2	4	1	2	2	1	5	-2.76639	-3.68201	-4.15246	-4.18378
336	4	7	10	4	1	7	1	-1.81946	-3.92293	-2.66321	-1.93175
337	7	17	2	15	23	3	12	-6.8899	-11.4005	-10.7022	-11.0777
338	2	1	5	3	2	3	5	-4.22136	-3.24082	-5.29726	-4.81946
339	4	7	10	4	1	7	1	-1.81946	-3.92293	-2.66321	-1.93175
340	4	7	10	4	1	7	1	-1.81946	-3.92293	-2.66321	-1.93175
341	4	7	10	4	42	51	1	-2.91904	-4.73918	-4.93495	-3.84495
342	2	4	1	2	2	1	5	-2.76639	-3.68201	-4.15246	-4.18378
343	2	1	12	88	2	1	5	-3.93616	-3.42342	-5.54213	-5.42516
344	2	1	1	3	2	1	5	-4.60376	-3.77773	-6.08904	-7.60437
345	1	2	3	4	5	9	3	-4.61776	-2.46676	-3.55022	-4.88991
346	2	1	12	88	2	1	5	-3.93616	-3.42342	-5.54213	-5.42516
347	2	1	1	3	2	1	5	-4.60376	-3.77773	-6.08904	-7.60437
348	24	17	2	10	23	68	5	-9.25603	-5.75231	-8.15355	-9.91488
349	4	7	10	4	1	7	1	-1.81946	-3.92293	-2.66321	-1.93175
350	2	1	21	3	2	1	5	-2.91889	-2.48411	-4.28141	-4.62432
351	1	4	2	2	6	3	17	-4.62035	-2.42952	-4.38685	-5.58155
352	2	1	5	3	2	3	5	-4.22136	-3.24082	-5.29726	-4.81946
353	4	7	10	4	1	7	1	-1.81946	-3.92293	-2.66321	-1.93175
354	2	1	1	3	2	1	5	-4.60376	-3.77773	-6.08904	-7.60437
355	2	1	12	3	2	1	5	-2.61016	-2.10968	-3.5457	-5.00389
356	8	10	149	2	11	12	6	-4.86342	-3.95669	-5.55224	-7.33851
357	2	4	1	2	2	5	5	-6.80299	-6.40256	-8.59668	-9.97169
358	10	1	16	19	10	5	7	-6.16022	-2.72442	-4.10288	-5.14314
359	24	17	2	10	23	68	5	-9.25603	-5.75231	-8.15355	-9.91488
360	1	2	4	62	4	5	17	-6.08531	-4.83135	-7.17046	-8.77095
361	2	4	1	2	7	1	5	-2.29599	-6.78549	-5.98207	-5.70172
362	7	71	5	62	11	67	6	-30.7132	-26.8938	-25.6774	-29.5001
363	7	17	5	2	10	3	6	-25.7112	-25.1238	-23.8579	-22.6674
364	2	1	5	3	2	3	5	-4.22136	-3.24082	-5.29726	-4.81946
365	9	2	4	62	4	5	6	-3.70486	-5.28588	-5.81724	-7.27464
366	33	38	30	82	104	325	36	-14.634	-10.0484	-10.8777	-13.8619
367	2	4	1	2	7	1	5	-2.29599	-6.78549	-5.98207	-5.70172
368	47	2	4	2	6	5	17	-11.3722	-10.177	-6.21206	-8.30974
369	2	1	12	88	2	1	5	-3.93616	-3.42342	-5.54213	-5.42516
370	2	1	12	88	2	1	5	-3.93616	-3.42342	-5.54213	-5.42516
371	2	1	12	88	2	1	5	-3.93616	-3.42342	-5.54213	-5.42516
372	2	1	12	88	2	1	5	-3.93616	-3.42342	-5.54213	-5.42516
373	2	4	1	2	2	1	5	-2.76639	-3.68201	-4.15246	-4.18378
374	2	1	12	88	2	1	5	-3.93616	-3.42342	-5.54213	-5.42516
375	1	1	2	2	6	3	17	-9.76857	-6.19493	-8.59518	-10.3111
376	2	1	12	88	2	1	5	-3.93616	-3.42342	-5.54213	-5.42516
377	2	1	12	88	2	1	5	-3.93616	-3.42342	-5.54213	-5.42516
378	2	4	1	2	2	1	5	-2.76639	-3.68201	-4.15246	-4.18378
379	2	1	12	88	2	1	5	-3.93616	-3.42342	-5.54213	-5.42516
380	2	1	5	3	2	3	5	-4.22136	-3.24082	-5.29726	-4.81946
381	4	7	10	4	1	7	1	-1.81946	-3.92293	-2.66321	-1.93175
382	2	1	12	3	2	1	5	-2.61016	-2.10968	-3.5457	-5.00389
383	1	2	4	62	4	5	17	-6.08531	-4.83135	-7.17046	-8.77095
384	1	4	2	2	6	3	17	-4.62035	-2.42952	-4.38685	-5.58155
385	2	1	12	3	2	1	5	-2.61016	-2.10968	-3.5457	-5.00389
386	2	1	12	88	2	1	5	-3.93616	-3.42342	-5.54213	-5.42516
387	9	2	4	62	4	5	6	-3.70486	-5.28588	-5.81724	-7.27464
388	2	4	1	2	7	1	5	-2.29599	-6.78549	-5.98207	-5.70172
389	2	1	5	3	2	3	5	-4.22136	-3.24082	-5.29726	-4.81946
390	7	21	5	62	4	61	44	-7.29475	-3.80765	-5.51739	-7.43401
391	1	2	215	4	90	24	8	-32.2365	-26.8892	-19.666	-22.658
392	2	1	21	3	2	1	5	-2.91889	-2.48411	-4.28141	-4.62432
393	1	4	2	2	6	3	17	-4.62035	-2.42952	-4.38685	-5.58155
394	2	4	1	2	2	1	5	-2.76639	-3.68201	-4.15246	-4.18378
395	2	1	12	3	2	1	5	-2.61016	-2.10968	-3.5457	-5.00389
396	1	2	3	4	5	9	3	-4.61776	-2.46676	-3.55022	-4.88991
397	2	1	5	3	2	3	5	-4.22136	-3.24082	-5.29726	-4.81946
398	10	1	16	19	10	5	7	-6.16022	-2.72442	-4.10288	-5.14314
399	2	1	2	3	2	959	5	-8.42895	-10.8073	-9.50238	-11.1383
400	10	1	16	19	10	5	7	-6.16022	-2.72442	-4.10288	-5.14314
401	2	4	1	2	7	1	5	-2.29599	-6.78549	-5.98207	-5.70172
402	2	1	12	3	2	1	5	-2.61016	-2.10968	-3.5457	-5.00389
403	8	10	149	2	11	12	6	-4.86342	-3.95669	-5.55224	-7.33851
404	2	4	1	2	7	1	5	-2.29599	-6.78549	-5.98207	-5.70172
405	4	7	10	4	1	7	1	-1.81946	-3.92293	-2.66321	-1.93175
406	4	7	10	4	1	7	1	-1.81946	-3.92293	-2.66321	-1.93175
407	2	4	5	2	2	5	5	-3.66203	-8.09134	-7.04904	-6.11774
408	2	1	12	3	2	1	5	-2.61016	-2.10968	-3.5457	-5.00389
409	166	2	27	10	151	3	1	-33.6949	-31.8505	-24.6077	-26.2644
410	33	39	30	79	113	44	17	-26.0981	-25.452	-25.0701	-27.194
411	7	17	2	15	23	3	12	-6.8899	-11.4005	-10.7022	-11.0777
412	1	2	3	4	5	9	3	-4.61776	-2.46676	-3.55022	-4.88991
413	2	4	1	2	7	1	5	-2.29599	-6.78549	-5.98207	-5.70172
414	7	21	5	62	4	61	44	-7.29475	-3.80765	-5.51739	-7.43401
415	2	1	12	3	2	1	5	-2.61016	-2.10968	-3.5457	-5.00389
416	1	2	3	4	5	9	3	-4.61776	-2.46676	-3.55022	-4.88991
417	2	1	5	88	2	11	5	-8.76933	-5.32565	-6.00804	-8.03966
418	2	4	1	2	7	1	5	-2.29599	-6.78549	-5.98207	-5.70172
419	2	1	21	3	2	1	5	-2.91889	-2.48411	-4.28141	-4.62432
420	7	17	2	15	23	3	12	-6.8899	-11.4005	-10.7022	-11.0777
421	2	1	5	88	2	11	5	-8.76933	-5.32565	-6.00804	-8.03966
422	47	2	4	2	6	5	17	-11.3722	-10.177	-6.21206	-8.30974
423	1	2	3	4	5	9	3	-4.61776	-2.46676	-3.55022	-4.88991
424	7	17	2	15	23	3	12	-6.8899	-11.4005	-10.7022	-11.0777
425	2	4	1	2	2	1	5	-2.76639	-3.68201	-4.15246	-4.18378
426	2	4	1	2	2	1	5	-2.76639	-3.68201	-4.15246	-4.18378
427	2	4	1	2	2	1	5	-2.76639	-3.68201	-4.15246	-4.18378
428	2	1	12	3	2	1	5	-2.61016	-2.10968	-3.5457	-5.00389
429	2	4	5	2	2	5	5	-3.66203	-8.09134	-7.04904	-6.11774
430	2	1	21	3	2	1	5	-2.91889	-2.48411	-4.28141	-4.62432
431	4	7	10	4	42	25	1	-8.72232	-9.25089	-5.83504	-5.14025
432	1	4	2	2	6	3	17	-4.62035	-2.42952	-4.38685	-5.58155
433	1	2	215	4	923	24	8	-32.2365	-26.8892	-19.666	-22.658
434	1	2	3	4	5	9	3	-4.61776	-2.46676	-3.55022	-4.88991
435	2	1	1	3	2	1	5	-4.60376	-3.77773	-6.08904	-7.60437
436	1	4	2	2	6	3	17	-4.62035	-2.42952	-4.38685	-5.58155
437	2	4	1	2	2	1	5	-2.76639	-3.68201	-4.15246	-4.18378
438	2	1	5	3	2	5	5	-5.53454	-2.81119	-4.02213	-5.45873
439	4	7	10	4	42	51	1	-2.91904	-4.73918	-4.93495	-3.84495
440	4	7	10	4	1	7	1	-1.81946	-3.92293	-2.66321	-1.93175
441	4	7	10	4	1	7	1	-1.81946	-3.92293	-2.66321	-1.93175
442	4	7	10	4	1	7	1	-1.81946	-3.92293	-2.66321	-1.93175
443	2	1	21	3	2	1	5	-2.91889	-2.48411	-4.28141	-4.62432
444	2	1	21	3	2	1	5	-2.91889	-2.48411	-4.28141	-4.62432
445	2	4	1	2	7	1	5	-2.29599	-6.78549	-5.98207	-5.70172
446	4	7	10	4	1	7	1	-1.81946	-3.92293	-2.66321	-1.93175
447	4	7	10	4	1	7	1	-1.81946	-3.92293	-2.66321	-1.93175
448	2	1	1	3	2	1	5	-4.60376	-3.77773	-6.08904	-7.60437
449	2	1	21	3	2	1	5	-2.91889	-2.48411	-4.28141	-4.62432
450	2	1	21	3	2	1	5	-2.91889	-2.48411	-4.28141	-4.62432
451	4	7	10	4	42	51	1	-2.91904	-4.73918	-4.93495	-3.84495
452	4	7	10	1	1	7	1	-5.263	-9.08811	-6.0164	-6.12929
453	239	27	16	19	10	5	7	-9.95126	-6.44697	-8.84718	-10.6092
454	2	1	12	3	2	1	5	-2.61016	-2.10968	-3.5457	-5.00389
455	2	4	1	2	2	1	5	-2.76639	-3.68201	-4.15246	-4.18378
456	2	1	12	3	2	1	5	-2.61016	-2.10968	-3.5457	-5.00389
457	2	1	12	3	2	1	5	-2.61016	-2.10968	-3.5457	-5.00389
458	10	81	50	99	120	76	52	-6.69695	-6.36301	-5.29148	-5.13094
459	47	2	4	2	6	5	17	-11.3722	-10.177	-6.21206	-8.30974
460	2	4	1	3	2	1	5	-6.82454	-8.93249	-9.80786	-10.4403
461	4	7	10	4	1	7	1	-1.81946	-3.92293	-2.66321	-1.93175
462	2	1	1	380	2	1	5	-6.14347	-5.7298	-7.99737	-9.41936
463	2	4	1	2	7	1	5	-2.29599	-6.78549	-5.98207	-5.70172
464	2	1	12	88	2	1	5	-3.93616	-3.42342	-5.54213	-5.42516
465	7	71	5	62	11	67	1	-32.1307	-27.1578	-24.4286	-28.3297
466	2	4	1	2	7	1	5	-2.29599	-6.78549	-5.98207	-5.70172
467	4	7	10	4	1	7	1	-1.81946	-3.92293	-2.66321	-1.93175
468	2	1	1	380	2	1	5	-6.14347	-5.7298	-7.99737	-9.41936
469	2	4	1	2	2	1	5	-2.76639	-3.68201	-4.15246	-4.18378
470	2	1	12	3	2	1	5	-2.61016	-2.10968	-3.5457	-5.00389
471	1	14	2	2	6	1	17	-9.23996	-6.422	-7.72796	-6.30692
472	1	2	4	62	4	5	17	-6.08531	-4.83135	-7.17046	-8.77095
473	4	7	10	4	1	7	1	-1.81946	-3.92293	-2.66321	-1.93175
474	2	1	21	3	2	1	5	-2.91889	-2.48411	-4.28141	-4.62432
475	2	4	1	2	2	1	5	-2.76639	-3.68201	-4.15246	-4.18378
476	1	4	2	2	6	3	17	-4.62035	-2.42952	-4.38685	-5.58155
477	4	7	10	4	1	7	1	-1.81946	-3.92293	-2.66321	-1.93175
478	10	2	107	62	120	76	1	-6.8423	-10.3974	-8.05803	-6.30964
479	2	1	12	3	2	1	5	-2.61016	-2.10968	-3.5457	-5.00389
480	2	1	5	3	2	3	5	-4.22136	-3.24082	-5.29726	-4.81946
481	2	1	21	3	2	1	5	-2.91889	-2.48411	-4.28141	-4.62432
482	1	2	3	4	5	9	3	-4.61776	-2.46676	-3.55022	-4.88991
483	1	307	3	4	5	9	3	-6.83279	-6.41263	-6.12352	-8.15474
484	7	2	5	2	10	3	6	-31.6735	-29.1304	-28.6249	-28.9242
485	1	2	3	4	5	9	3	-4.61776	-2.46676	-3.55022	-4.88991
486	33	39	30	82	104	173	68	-5.37164	-3.9608	-6.3124	-7.93473
487	4	7	10	4	42	7	1	-6.59585	-8.80282	-5.6247	-4.6282
488	2	1	12	88	2	1	5	-3.93616	-3.42342	-5.54213	-5.42516
489	2	4	1	2	2	1	5	-2.76639	-3.68201	-4.15246	-4.18378
490	2	1	21	3	2	1	5	-2.91889	-2.48411	-4.28141	-4.62432
491	9	2	4	62	4	5	6	-3.70486	-5.28588	-5.81724	-7.27464
492	2	1	5	3	2	3	5	-4.22136	-3.24082	-5.29726	-4.81946
493	4	7	10	4	1	7	1	-1.81946	-3.92293	-2.66321	-1.93175
494	2	1	57	26	127	29	35	-6.87465	-9.9161	-6.19764	-8.23325
495	2	1	57	26	127	29	35	-6.87465	-9.9161	-6.19764	-8.23325
496	2	4	2	4	19	3	6	-5.78702	-10.2947	-9.59446	-9.96639
497	2	1	12	3	2	1	5	-2.61016	-2.10968	-3.5457	-5.00389
498	2	4	1	2	2	1	5	-2.76639	-3.68201	-4.15246	-4.18378
499	2	4	1	2	2	1	5	-2.76639	-3.68201	-4.15246	-4.18378
500	2	1	21	3	2	1	5	-2.91889	-2.48411	-4.28141	-4.62432
501	33	39	65	79	104	43	17	-4.58662	-9.09778	-8.39892	-8.77531
502	1	14	2	2	6	1	17	-9.23996	-6.422	-7.72796	-6.30692
503	2	1	12	3	2	1	5	-2.61016	-2.10968	-3.5457	-5.00389
504	7	21	5	62	4	61	44	-7.29475	-3.80765	-5.51739	-7.43401
505	9	2	4	62	4	5	6	-3.70486	-5.28588	-5.81724	-7.27464
506	129	66	30	82	189	47	17	-3.23629	-4.97342	-5.57904	-4.19596
507	2	1	21	3	2	1	5	-2.91889	-2.48411	-4.28141	-4.62432
508	47	2	4	2	6	5	17	-11.3722	-10.177	-6.21206	-8.30974
509	2	4	1	2	7	1	5	-2.29599	-6.78549	-5.98207	-5.70172
510	33	38	30	82	104	325	36	-14.634	-10.0484	-10.8777	-13.8619
511	1	4	2	2	6	3	17	-4.62035	-2.42952	-4.38685	-5.58155
512	1	4	2	2	6	3	17	-4.62035	-2.42952	-4.38685	-5.58155
513	2	4	1	2	2	1	5	-2.76639	-3.68201	-4.15246	-4.18378
514	4	7	10	4	1	7	1	-1.81946	-3.92293	-2.66321	-1.93175
515	33	283	44	82	189	44	17	-6.8931	-3.44865	-5.26536	-5.97822
516	8	10	149	2	11	12	6	-4.86342	-3.95669	-5.55224	-7.33851
517	2	1	21	3	62	1	5	-5.78463	-10.2838	-9.59143	-9.96901
518	10	1	16	19	10	5	7	-6.16022	-2.72442	-4.10288	-5.14314
519	180	194	2	68	19	231	147	-28.6983	-27.7894	-19.239	-25.7326
520	2	4	1	2	7	1	5	-2.29599	-6.78549	-5.98207	-5.70172
521	2	4	2	2	6	1	5	-6.07377	-4.81648	-5.88286	-7.81612
522	1	2	3	4	5	9	3	-4.61776	-2.46676	-3.55022	-4.88991
523	2	1	21	3	2	1	5	-2.91889	-2.48411	-4.28141	-4.62432
524	2	1	12	3	2	1	5	-2.61016	-2.10968	-3.5457	-5.00389
525	2	1	5	3	2	3	5	-4.22136	-3.24082	-5.29726	-4.81946
526	1	307	3	4	5	9	3	-6.83279	-6.41263	-6.12352	-8.15474
527	2	4	1	2	7	1	5	-2.29599	-6.78549	-5.98207	-5.70172
528	2	1	12	3	2	1	5	-2.61016	-2.10968	-3.5457	-5.00389
529	7	21	5	62	4	61	44	-7.29475	-3.80765	-5.51739	-7.43401
530	2	1	5	3	2	3	5	-4.22136	-3.24082	-5.29726	-4.81946
531	2	1	12	88	2	1	5	-3.93616	-3.42342	-5.54213	-5.42516
532	2	1	21	3	2	1	5	-2.91889	-2.48411	-4.28141	-4.62432
533	1	4	2	2	6	3	17	-4.62035	-2.42952	-4.38685	-5.58155
534	2	4	1	2	7	1	5	-2.29599	-6.78549	-5.98207	-5.70172
535	47	2	4	2	6	5	17	-11.3722	-10.177	-6.21206	-8.30974
536	1	4	2	2	6	3	17	-4.62035	-2.42952	-4.38685	-5.58155
537	1	2	3	4	5	9	3	-4.61776	-2.46676	-3.55022	-4.88991
538	2	4	1	2	2	1	5	-2.76639	-3.68201	-4.15246	-4.18378
539	4	7	10	4	42	7	1	-6.59585	-8.80282	-5.6247	-4.6282
540	2	4	1	9	2	1	5	-7.43488	-7.2814	-6.18121	-7.43628
541	2	1	12	3	2	1	5	-2.61016	-2.10968	-3.5457	-5.00389
542	1	4	2	9	6	3	17	-9.29074	-5.97789	-6.38293	-8.81554
543	1	2	3	4	922	9	3	-9.30136	-6.06723	-5.58022	-8.14295
544	4	7	10	4	1	7	1	-1.81946	-3.92293	-2.66321	-1.93175
545	2	1	5	3	2	3	5	-4.22136	-3.24082	-5.29726	-4.81946
546	2	4	1	2	7	1	5	-2.29599	-6.78549	-5.98207	-5.70172
547	4	7	10	4	1	7	1	-1.81946	-3.92293	-2.66321	-1.93175
548	2	4	1	2	2	1	5	-2.76639	-3.68201	-4.15246	-4.18378
549	2	1	21	3	2	1	5	-2.91889	-2.48411	-4.28141	-4.62432
550	4	7	10	4	1	7	1	-1.81946	-3.92293	-2.66321	-1.93175
551	1	4	2	2	6	3	17	-4.62035	-2.42952	-4.38685	-5.58155
552	2	1	5	3	2	5	5	-5.53454	-2.81119	-4.02213	-5.45873
553	2	1	12	3	2	1	5	-2.61016	-2.10968	-3.5457	-5.00389
554	4	936	10	4	1	7	1	-6.4977	-7.52033	-4.66563	-5.18715
555	180	194	2	68	19	231	147	-28.6983	-27.7894	-19.239	-25.7326
556	4	7	10	4	42	51	1	-2.91904	-4.73918	-4.93495	-3.84495
557	4	7	10	4	42	25	1	-8.72232	-9.25089	-5.83504	-5.14025
558	2	1	21	3	2	1	5	-2.91889	-2.48411	-4.28141	-4.62432
559	2	1	5	3	2	3	5	-4.22136	-3.24082	-5.29726	-4.81946
560	2	1	5	3	2	3	5	-4.22136	-3.24082	-5.29726	-4.81946
561	4	7	10	4	42	51	1	-2.91904	-4.73918	-4.93495	-3.84495
562	4	7	10	4	1	7	1	-1.81946	-3.92293	-2.66321	-1.93175
563	2	4	1	2	7	1	5	-2.29599	-6.78549	-5.98207	-5.70172
564	2	1	21	3	2	1	5	-2.91889	-2.48411	-4.28141	-4.62432
565	1	4	2	2	6	3	17	-4.62035	-2.42952	-4.38685	-5.58155
566	188	313	5	2	89	5	6	-40.8864	-37.1505	-35.8784	-41.0728
567	2	1	21	3	2	1	5	-2.91889	-2.48411	-4.28141	-4.62432
568	2	1	1	3	2	1	5	-4.60376	-3.77773	-6.08904	-7.60437
569	2	1	5	3	2	3	5	-4.22136	-3.24082	-5.29726	-4.81946
570	2	4	1	2	2	1	5	-2.76639	-3.68201	-4.15246	-4.18378
571	2	1	5	3	2	3	5	-4.22136	-3.24082	-5.29726	-4.81946
572	2	1	1	3	2	1	5	-4.60376	-3.77773	-6.08904	-7.60437
573	2	1	5	3	2	3	5	-4.22136	-3.24082	-5.29726	-4.81946
574	1	4	2	2	6	3	17	-4.62035	-2.42952	-4.38685	-5.58155
575	1	4	2	2	6	3	17	-4.62035	-2.42952	-4.38685	-5.58155
576	2	1	21	3	2	1	5	-2.91889	-2.48411	-4.28141	-4.62432
577	239	27	16	19	10	5	7	-9.95126	-6.44697	-8.84718	-10.6092
578	2	4	5	2	2	5	5	-3.66203	-8.09134	-7.04904	-6.11774
579	9	2	4	62	4	5	6	-3.70486	-5.28588	-5.81724	-7.27464
580	2	1	1	3	2	1	5	-4.60376	-3.77773	-6.08904	-7.60437
581	2	1	5	3	2	3	5	-4.22136	-3.24082	-5.29726	-4.81946
582	1	4	2	2	6	3	17	-4.62035	-2.42952	-4.38685	-5.58155
583	2	4	5	2	2	5	5	-3.66203	-8.09134	-7.04904	-6.11774
584	2	4	5	2	2	5	5	-3.66203	-8.09134	-7.04904	-6.11774
585	2	1	5	3	2	3	5	-4.22136	-3.24082	-5.29726	-4.81946
586	2	1	1	380	2	1	5	-6.14347	-5.7298	-7.99737	-9.41936
587	2	7	10	4	1	7	1	-6.59901	-9.23955	-8.13783	-7.1171
588	2	1	12	3	2	1	5	-2.61016	-2.10968	-3.5457	-5.00389
589	2	4	1	2	2	1	5	-2.76639	-3.68201	-4.15246	-4.18378
590	9	2	4	62	4	5	6	-3.70486	-5.28588	-5.81724	-7.27464
591	2	4	5	2	2	5	5	-3.66203	-8.09134	-7.04904	-6.11774
592	1	4	2	2	6	3	17	-4.62035	-2.42952	-4.38685	-5.58155
593	1	4	2	2	6	5	17	-12.8631	-8.90888	-11.2583	-13.5814
594	2	4	2	2	6	1	5	-6.07377	-4.81648	-5.88286	-7.81612
595	1	4	2	2	6	5	17	-12.8631	-8.90888	-11.2583	-13.5814
596	2	23	21	3	2	1	5	-7.60337	-6.08827	-6.31328	-7.87913
597	7	21	5	62	4	61	44	-7.29475	-3.80765	-5.51739	-7.43401
598	2	4	1	2	2	1	5	-2.76639	-3.68201	-4.15246	-4.18378
599	1	307	3	4	5	9	3	-6.83279	-6.41263	-6.12352	-8.15474
600	1	2	3	4	5	9	3	-4.61776	-2.46676	-3.55022	-4.88991
601	9	2	4	62	4	5	6	-3.70486	-5.28588	-5.81724	-7.27464
602	2	1	12	3	2	1	5	-2.61016	-2.10968	-3.5457	-5.00389
603	1	4	2	2	6	3	17	-4.62035	-2.42952	-4.38685	-5.58155
604	10	1	16	19	10	5	7	-6.16022	-2.72442	-4.10288	-5.14314
605	2	1	12	3	2	1	5	-2.61016	-2.10968	-3.5457	-5.00389
606	180	194	2	68	19	231	147	-28.6983	-27.7894	-19.239	-25.7326
607	2	1	12	3	2	1	5	-2.61016	-2.10968	-3.5457	-5.00389
608	4	7	10	4	1	7	1	-1.81946	-3.92293	-2.66321	-1.93175
609	129	66	30	82	189	47	17	-3.23629	-4.97342	-5.57904	-4.19596
610	4	7	10	4	1	7	1	-1.81946	-3.92293	-2.66321	-1.93175
611	2	1	12	3	2	1	5	-2.61016	-2.10968	-3.5457	-5.00389
612	2	1	21	3	2	1	5	-2.91889	-2.48411	-4.28141	-4.62432
613	4	7	10	4	1	7	1	-1.81946	-3.92293	-2.66321	-1.93175
614	10	1	16	19	10	5	7	-6.16022	-2.72442	-4.10288	-5.14314
615	8	10	149	2	11	12	6	-4.86342	-3.95669	-5.55224	-7.33851
616	129	66	30	82	189	47	17	-3.23629	-4.97342	-5.57904	-4.19596
617	2	4	1	2	2	1	5	-2.76639	-3.68201	-4.15246	-4.18378
618	180	194	2	68	19	231	147	-28.6983	-27.7894	-19.239	-25.7326
619	2	1	5	3	2	3	5	-4.22136	-3.24082	-5.29726	-4.81946
620	2	4	1	2	2	1	5	-2.76639	-3.68201	-4.15246	-4.18378
621	1	2	3	4	5	9	3	-4.61776	-2.46676	-3.55022	-4.88991
622	180	194	2	68	19	231	147	-28.6983	-27.7894	-19.239	-25.7326
623	33	39	65	79	104	43	17	-4.58662	-9.09778	-8.39892	-8.77531
624	2	4	5	2	2	5	5	-3.66203	-8.09134	-7.04904	-6.11774
625	2	1	5	3	2	5	5	-5.53454	-2.81119	-4.02213	-5.45873
626	2	1	12	3	2	1	5	-2.61016	-2.10968	-3.5457	-5.00389
627	180	194	2	68	19	231	147	-28.6983	-27.7894	-19.239	-25.7326
628	2	1	21	3	2	1	5	-2.91889	-2.48411	-4.28141	-4.62432
629	2	1	5	3	2	5	5	-5.53454	-2.81119	-4.02213	-5.45873
630	2	1	21	3	2	1	5	-2.91889	-2.48411	-4.28141	-4.62432
631	1	2	3	4	5	9	3	-4.61776	-2.46676	-3.55022	-4.88991
632	2	1	21	3	2	1	5	-2.91889	-2.48411	-4.28141	-4.62432
633	8	10	2	2	11	12	6	-3.94339	-8.33059	-7.75074	-8.1309
634	2	4	1	2	7	1	5	-2.29599	-6.78549	-5.98207	-5.70172
635	2	1	5	3	2	3	5	-4.22136	-3.24082	-5.29726	-4.81946
636	1	2	3	4	5	9	3	-4.61776	-2.46676	-3.55022	-4.88991
637	9	2	4	62	4	5	6	-3.70486	-5.28588	-5.81724	-7.27464
638	2	1	21	3	2	1	5	-2.91889	-2.48411	-4.28141	-4.62432
639	8	10	149	2	11	12	6	-4.86342	-3.95669	-5.55224	-7.33851
640	2	1	12	88	2	1	5	-3.93616	-3.42342	-5.54213	-5.42516
641	2	4	1	2	2	1	5	-2.76639	-3.68201	-4.15246	-4.18378
642	2	1	5	10	10	1	5	-23.6572	-23.9483	-23.0273	-23.3725
643	1	2	3	4	5	9	3	-4.61776	-2.46676	-3.55022	-4.88991
644	2	4	1	2	7	1	5	-2.29599	-6.78549	-5.98207	-5.70172
645	2	4	1	2	2	1	5	-2.76639	-3.68201	-4.15246	-4.18378
646	1	2	3	4	5	9	3	-4.61776	-2.46676	-3.55022	-4.88991
647	2	1	12	88	2	1	5	-3.93616	-3.42342	-5.54213	-5.42516
648	4	7	10	4	1	7	1	-1.81946	-3.92293	-2.66321	-1.93175
649	2	1	21	3	2	1	5	-2.91889	-2.48411	-4.28141	-4.62432
650	2	4	1	2	7	1	5	-2.29599	-6.78549	-5.98207	-5.70172
651	33	38	30	82	118	43	17	-19.9784	-20.1039	-20.9357	-23.0654
652	2	4	1	2	2	1	5	-2.76639	-3.68201	-4.15246	-4.18378
653	2	1	5	3	2	3	5	-4.22136	-3.24082	-5.29726	-4.81946
654	4	7	10	4	1	7	1	-1.81946	-3.92293	-2.66321	-1.93175
655	8	10	2	2	11	12	6	-3.94339	-8.33059	-7.75074	-8.1309
656	2	4	5	2	2	5	5	-3.66203	-8.09134	-7.04904	-6.11774
657	4	7	10	4	1	7	1	-1.81946	-3.92293	-2.66321	-1.93175
658	2	1	5	3	2	3	5	-4.22136	-3.24082	-5.29726	-4.81946
659	33	39	30	82	113	47	17	-5.75944	-5.74281	-7.94242	-9.25185
660	2	1	21	3	2	1	5	-2.91889	-2.48411	-4.28141	-4.62432
661	2	4	1	2	7	1	5	-2.29599	-6.78549	-5.98207	-5.70172
662	2	1	1	3	2	1	5	-4.60376	-3.77773	-6.08904	-7.60437
663	4	7	10	4	1	7	1	-1.81946	-3.92293	-2.66321	-1.93175
664	7	21	5	62	4	61	44	-7.29475	-3.80765	-5.51739	-7.43401
665	10	81	50	99	120	76	52	-6.69695	-6.36301	-5.29148	-5.13094
666	4	7	10	4	1	7	1	-1.81946	-3.92293	-2.66321	-1.93175
667	1	2	3	4	5	9	3	-4.61776	-2.46676	-3.55022	-4.88991
668	1	2	3	4	5	9	3	-4.61776	-2.46676	-3.55022	-4.88991
669	2	4	1	2	7	1	5	-2.29599	-6.78549	-5.98207	-5.70172
670	4	7	10	4	1	7	1	-1.81946	-3.92293	-2.66321	-1.93175
671	2	1	5	3	2	3	5	-4.22136	-3.24082	-5.29726	-4.81946
672	1	4	2	2	6	3	17	-4.62035	-2.42952	-4.38685	-5.58155
673	4	935	10	4	1	7	1	-6.4977	-7.52033	-4.66563	-5.18715
674	10	1	16	19	10	5	7	-6.16022	-2.72442	-4.10288	-5.14314
675	4	7	10	4	1	7	1	-1.81946	-3.92293	-2.66321	-1.93175
676	33	39	65	79	104	43	17	-4.58662	-9.09778	-8.39892	-8.77531
677	2	4	2	2	6	1	5	-6.07377	-4.81648	-5.88286	-7.81612
678	4	7	10	4	42	25	1	-8.72232	-9.25089	-5.83504	-5.14025
679	1	4	2	2	6	3	17	-4.62035	-2.42952	-4.38685	-5.58155
680	4	7	10	4	42	25	1	-8.72232	-9.25089	-5.83504	-5.14025
681	4	7	10	4	42	25	1	-8.72232	-9.25089	-5.83504	-5.14025
682	4	7	10	4	1	7	1	-1.81946	-3.92293	-2.66321	-1.93175
683	2	4	1	2	7	1	5	-2.29599	-6.78549	-5.98207	-5.70172
684	4	7	10	4	1	7	1	-1.81946	-3.92293	-2.66321	-1.93175
685	4	7	10	4	42	7	1	-6.59585	-8.80282	-5.6247	-4.6282
686	10	27	16	19	10	5	7	-20.3051	-12.9818	-15.6922	-17.454
687	10	81	50	99	120	76	52	-6.69695	-6.36301	-5.29148	-5.13094
688	4	7	10	4	1	7	1	-1.81946	-3.92293	-2.66321	-1.93175
689	4	7	10	4	42	51	1	-2.91904	-4.73918	-4.93495	-3.84495
690	4	7	10	4	1	7	1	-1.81946	-3.92293	-2.66321	-1.93175
691	10	81	50	99	120	76	52	-6.69695	-6.36301	-5.29148	-5.13094
692	2	4	1	2	2	1	5	-2.76639	-3.68201	-4.15246	-4.18378
693	4	7	10	4	42	51	1	-2.91904	-4.73918	-4.93495	-3.84495
694	4	7	10	4	42	51	1	-2.91904	-4.73918	-4.93495	-3.84495
695	4	7	10	4	42	51	1	-2.91904	-4.73918	-4.93495	-3.84495
696	8	10	2	2	11	12	6	-3.94339	-8.33059	-7.75074	-8.1309
697	33	38	30	82	104	43	17	-5.27964	-9.78971	-9.09037	-9.45654
698	4	7	10	4	1	7	1	-1.81946	-3.92293	-2.66321	-1.93175
699	10	81	50	99	120	76	52	-6.69695	-6.36301	-5.29148	-5.13094
700	2	4	1	2	7	1	5	-2.29599	-6.78549	-5.98207	-5.70172
701	4	7	10	4	1	7	1	-1.81946	-3.92293	-2.66321	-1.93175
702	4	7	10	4	1	7	1	-1.81946	-3.92293	-2.66321	-1.93175
703	10	81	50	99	120	76	52	-6.69695	-6.36301	-5.29148	-5.13094
704	4	7	10	4	42	51	1	-2.91904	-4.73918	-4.93495	-3.84495
705	9	2	4	62	4	5	6	-3.70486	-5.28588	-5.81724	-7.27464
706	4	7	10	4	1	7	1	-1.81946	-3.92293	-2.66321	-1.93175
707	2	1	1	3	2	1	5	-4.60376	-3.77773	-6.08904	-7.60437
708	1	14	2	2	6	1	17	-9.23996	-6.422	-7.72796	-6.30692
709	2	4	2	2	6	1	5	-6.07377	-4.81648	-5.88286	-7.81612
710	2	4	2	2	6	1	5	-6.07377	-4.81648	-5.88286	-7.81612
711	4	7	10	4	42	51	1	-2.91904	-4.73918	-4.93495	-3.84495
712	10	2	107	62	120	76	1	-6.8423	-10.3974	-8.05803	-6.30964
713	2	1	12	3	2	1	5	-2.61016	-2.10968	-3.5457	-5.00389
714	2	4	1	2	2	1	5	-2.76639	-3.68201	-4.15246	-4.18378
715	47	2	4	2	6	5	17	-11.3722	-10.177	-6.21206	-8.30974
716	4	7	10	4	42	5	1	-11.1347	-11.1894	-11.1653	-11.3052
717	2	1	12	3	2	1	5	-2.61016	-2.10968	-3.5457	-5.00389
718	4	7	10	4	42	51	1	-2.91904	-4.73918	-4.93495	-3.84495
719	1	307	3	4	5	9	3	-6.83279	-6.41263	-6.12352	-8.15474
720	2	1	21	3	2	1	5	-2.91889	-2.48411	-4.28141	-4.62432
721	4	7	10	4	1	7	1	-1.81946	-3.92293	-2.66321	-1.93175
722	2	4	1	2	2	1	5	-2.76639	-3.68201	-4.15246	-4.18378
723	2	1	12	3	2	1	5	-2.61016	-2.10968	-3.5457	-5.00389
724	4	7	10	4	1	7	1	-1.81946	-3.92293	-2.66321	-1.93175
725	2	1	21	3	2	1	5	-2.91889	-2.48411	-4.28141	-4.62432
726	2	1	1	3	2	1	5	-4.60376	-3.77773	-6.08904	-7.60437
727	4	7	10	4	1	7	1	-1.81946	-3.92293	-2.66321	-1.93175
728	2	1	12	3	2	1	5	-2.61016	-2.10968	-3.5457	-5.00389
729	1	4	3	2	6	3	17	-14.5588	-9.38886	-11.5383	-13.9166
730	2	1	12	3	2	1	5	-2.61016	-2.10968	-3.5457	-5.00389
731	2	1	12	88	2	1	5	-3.93616	-3.42342	-5.54213	-5.42516
732	1	4	2	2	6	3	17	-4.62035	-2.42952	-4.38685	-5.58155
733	4	7	10	4	42	51	1	-2.91904	-4.73918	-4.93495	-3.84495
734	2	1	12	3	2	1	5	-2.61016	-2.10968	-3.5457	-5.00389
735	4	7	10	4	1	7	1	-1.81946	-3.92293	-2.66321	-1.93175
736	2	1	12	88	2	1	5	-3.93616	-3.42342	-5.54213	-5.42516
737	2	1	21	3	2	1	5	-2.91889	-2.48411	-4.28141	-4.62432
738	2	4	5	2	2	5	5	-3.66203	-8.09134	-7.04904	-6.11774
739	2	4	5	2	2	5	5	-3.66203	-8.09134	-7.04904	-6.11774
740	2	1	21	3	62	1	5	-5.78463	-10.2838	-9.59143	-9.96901
741	4	7	10	4	42	25	1	-8.72232	-9.25089	-5.83504	-5.14025
742	1	2	4	62	4	5	17	-6.08531	-4.83135	-7.17046	-8.77095
743	1	2	3	4	5	9	3	-4.61776	-2.46676	-3.55022	-4.88991
744	8	10	2	2	11	12	6	-3.94339	-8.33059	-7.75074	-8.1309
745	2	1	12	88	2	1	5	-3.93616	-3.42342	-5.54213	-5.42516
746	2	4	5	2	2	5	5	-3.66203	-8.09134	-7.04904	-6.11774
747	2	1	12	3	2	1	5	-2.61016	-2.10968	-3.5457	-5.00389
748	7	21	5	62	4	61	44	-7.29475	-3.80765	-5.51739	-7.43401
749	9	2	4	62	4	5	6	-3.70486	-5.28588	-5.81724	-7.27464
750	10	1	16	19	10	5	7	-6.16022	-2.72442	-4.10288	-5.14314
751	10	1	16	19	10	5	7	-6.16022	-2.72442	-4.10288	-5.14314
752	8	10	2	2	11	12	6	-3.94339	-8.33059	-7.75074	-8.1309
753	1	4	2	2	6	3	17	-4.62035	-2.42952	-4.38685	-5.58155
754	2	1	12	3	2	1	5	-2.61016	-2.10968	-3.5457	-5.00389
755	2	1	12	88	2	1	5	-3.93616	-3.42342	-5.54213	-5.42516
756	2	29	4	27	10	25	57	-20.0277	-21.4991	-14.7211	-11.8616
757	2	1	5	3	2	3	5	-4.22136	-3.24082	-5.29726	-4.81946
758	2	1	12	3	2	1	5	-2.61016	-2.10968	-3.5457	-5.00389
759	37	52	57	26	107	29	23	-8.48118	-9.07162	-5.75067	-4.88627
760	2	4	1	2	7	1	5	-2.29599	-6.78549	-5.98207	-5.70172
761	1	2	3	4	5	9	3	-4.61776	-2.46676	-3.55022	-4.88991
762	2	1	12	3	2	1	5	-2.61016	-2.10968	-3.5457	-5.00389
763	1	4	2	2	6	3	17	-4.62035	-2.42952	-4.38685	-5.58155
764	1	4	2	2	6	3	17	-4.62035	-2.42952	-4.38685	-5.58155
765	1	2	3	4	5	9	3	-4.61776	-2.46676	-3.55022	-4.88991
766	4	7	10	4	1	7	1	-1.81946	-3.92293	-2.66321	-1.93175
767	2	1	21	3	2	1	5	-2.91889	-2.48411	-4.28141	-4.62432
768	2	1	12	3	2	1	5	-2.61016	-2.10968	-3.5457	-5.00389
769	2	4	1	2	2	5	5	-6.80299	-6.40256	-8.59668	-9.97169
770	2	4	1	2	2	1	5	-2.76639	-3.68201	-4.15246	-4.18378
771	2	4	5	2	2	5	5	-3.66203	-8.09134	-7.04904	-6.11774
772	10	1	16	19	10	5	7	-6.16022	-2.72442	-4.10288	-5.14314
773	7	21	5	62	4	61	44	-7.29475	-3.80765	-5.51739	-7.43401
774	9	2	4	62	4	5	6	-3.70486	-5.28588	-5.81724	-7.27464
775	2	1	12	3	2	1	5	-2.61016	-2.10968	-3.5457	-5.00389
776	1	4	2	2	6	3	17	-4.62035	-2.42952	-4.38685	-5.58155
777	4	7	10	4	1	7	1	-1.81946	-3.92293	-2.66321	-1.93175
778	2	1	12	3	2	1	5	-2.61016	-2.10968	-3.5457	-5.00389
779	2	1	5	3	2	5	5	-5.53454	-2.81119	-4.02213	-5.45873
780	2	23	21	3	2	1	5	-7.60337	-6.08827	-6.31328	-7.87913
781	2	4	5	2	2	5	5	-3.66203	-8.09134	-7.04904	-6.11774
782	2	4	2	2	6	1	5	-6.07377	-4.81648	-5.88286	-7.81612
783	2	1	12	3	2	1	5	-2.61016	-2.10968	-3.5457	-5.00389
784	4	7	10	4	42	51	1	-2.91904	-4.73918	-4.93495	-3.84495
785	7	17	5	2	86	232	1	-30.379	-32.6715	-26.2934	-26.9644
786	2	4	1	2	2	1	5	-2.76639	-3.68201	-4.15246	-4.18378
787	2	1	12	3	2	1	5	-2.61016	-2.10968	-3.5457	-5.00389
788	2	1	21	3	2	1	5	-2.91889	-2.48411	-4.28141	-4.62432
789	7	17	2	15	23	3	12	-6.8899	-11.4005	-10.7022	-11.0777
790	2	1	5	3	2	5	5	-5.53454	-2.81119	-4.02213	-5.45873
791	1	6	60	24	12	28	1	-32.4955	-28.9783	-16.959	-21.8254
792	1	2	3	4	5	9	3	-4.61776	-2.46676	-3.55022	-4.88991
793	2	4	5	2	2	5	5	-3.66203	-8.09134	-7.04904	-6.11774
794	1	2	3	4	5	9	3	-4.61776	-2.46676	-3.55022	-4.88991
795	1	6	60	24	12	28	1	-32.4955	-28.9783	-16.959	-21.8254
796	9	2	4	62	4	5	6	-3.70486	-5.28588	-5.81724	-7.27464
797	2	4	1	2	2	1	5	-2.76639	-3.68201	-4.15246	-4.18378
798	4	7	10	4	1	7	1	-1.81946	-3.92293	-2.66321	-1.93175
799	2	4	5	2	2	5	5	-3.66203	-8.09134	-7.04904	-6.11774
800	7	2	2	2	11	12	6	-4.49001	-9.0006	-8.30165	-8.67779
801	2	1	21	3	2	1	941	-7.60338	-6.06883	-6.30273	-7.87607
802	9	2	2	10	10	3	5	-30.1438	-25.819	-26.0116	-25.1231
803	8	10	149	2	11	12	6	-4.86342	-3.95669	-5.55224	-7.33851
804	7	1	5	2	10	3	6	-32.673	-30.367	-29.7729	-28.8521
805	2	1	21	3	2	1	5	-2.91889	-2.48411	-4.28141	-4.62432
806	33	39	30	82	113	43	17	-9.65968	-6.42108	-6.1461	-8.21737
807	1	6	60	24	12	28	1	-32.4955	-28.9783	-16.959	-21.8254
808	1	6	60	24	12	28	1	-32.4955	-28.9783	-16.959	-21.8254
809	7	17	2	15	23	3	12	-6.8899	-11.4005	-10.7022	-11.0777
810	1	4	2	2	6	3	17	-4.62035	-2.42952	-4.38685	-5.58155
811	1	4	2	2	6	3	17	-4.62035	-2.42952	-4.38685	-5.58155
812	7	21	5	62	4	61	44	-7.29475	-3.80765	-5.51739	-7.43401
813	239	27	16	19	10	5	7	-9.95126	-6.44697	-8.84718	-10.6092
814	9	2	4	62	4	5	6	-3.70486	-5.28588	-5.81724	-7.27464
815	10	1	16	19	10	5	7	-6.16022	-2.72442	-4.10288	-5.14314
816	2	1	5	3	2	5	5	-5.53454	-2.81119	-4.02213	-5.45873
817	2	4	5	2	2	5	5	-3.66203	-8.09134	-7.04904	-6.11774
818	8	10	2	2	11	12	6	-3.94339	-8.33059	-7.75074	-8.1309
819	7	17	2	15	23	3	12	-6.8899	-11.4005	-10.7022	-11.0777
820	2	4	1	4	1	1	5	-15.7383	-18.6369	-15.8511	-14.9085
821	4	7	10	4	1	7	1	-1.81946	-3.92293	-2.66321	-1.93175
822	8	10	149	2	11	12	6	-4.86342	-3.95669	-5.55224	-7.33851
823	2	1	12	88	2	1	5	-3.93616	-3.42342	-5.54213	-5.42516
824	2	4	2	2	6	1	5	-6.07377	-4.81648	-5.88286	-7.81612
825	10	81	50	99	120	76	52	-6.69695	-6.36301	-5.29148	-5.13094
826	2	4	5	2	2	5	5	-3.66203	-8.09134	-7.04904	-6.11774
827	2	4	1	2	2	5	5	-6.80299	-6.40256	-8.59668	-9.97169
828	8	10	149	2	11	12	6	-4.86342	-3.95669	-5.55224	-7.33851
829	1	4	2	2	6	3	17	-4.62035	-2.42952	-4.38685	-5.58155
830	2	165	73	147	220	190	104	-8.82414	-9.75336	-7.03452	-5.22053
831	4	7	10	4	42	25	1	-8.72232	-9.25089	-5.83504	-5.14025
832	7	2	2	2	11	12	6	-4.49001	-9.0006	-8.30165	-8.67779
833	1	6	60	24	12	28	1	-32.4955	-28.9783	-16.959	-21.8254
834	2	1	12	3	2	1	5	-2.61016	-2.10968	-3.5457	-5.00389
835	33	39	65	79	104	77	17	-5.27958	-9.79037	-9.09212	-9.46835
836	4	7	10	4	1	7	1	-1.81946	-3.92293	-2.66321	-1.93175
837	1	2	3	4	5	9	3	-4.61776	-2.46676	-3.55022	-4.88991
838	2	1	21	3	2	1	5	-2.91889	-2.48411	-4.28141	-4.62432
839	2	1	12	3	2	1	5	-2.61016	-2.10968	-3.5457	-5.00389
840	4	7	10	4	1	7	1	-1.81946	-3.92293	-2.66321	-1.93175
841	2	4	1	2	7	1	5	-2.29599	-6.78549	-5.98207	-5.70172
842	184	39	30	82	113	43	17	-3.94209	-6.3214	-7.46708	-8.0521
843	4	7	10	4	1	7	1	-1.81946	-3.92293	-2.66321	-1.93175
844	2	4	1	2	2	1	5	-2.76639	-3.68201	-4.15246	-4.18378
845	4	7	10	4	1	7	1	-1.81946	-3.92293	-2.66321	-1.93175
846	2	1	12	88	2	1	5	-3.93616	-3.42342	-5.54213	-5.42516
847	2	1	21	3	2	1	5	-2.91889	-2.48411	-4.28141	-4.62432
848	1	2	3	4	5	9	3	-4.61776	-2.46676	-3.55022	-4.88991
849	4	7	10	4	1	7	1	-1.81946	-3.92293	-2.66321	-1.93175
850	2	1	21	3	2	1	5	-2.91889	-2.48411	-4.28141	-4.62432
851	8	10	2	2	11	12	6	-3.94339	-8.33059	-7.75074	-8.1309
852	2	4	1	2	2	1	5	-2.76639	-3.68201	-4.15246	-4.18378
853	2	4	1	2	2	1	5	-2.76639	-3.68201	-4.15246	-4.18378
854	2	4	2	2	6	1	5	-6.07377	-4.81648	-5.88286	-7.81612
855	2	4	1	2	2	1	5	-2.76639	-3.68201	-4.15246	-4.18378
856	2	4	1	2	2	1	5	-2.76639	-3.68201	-4.15246	-4.18378
857	2	4	1	2	2	1	5	-2.76639	-3.68201	-4.15246	-4.18378
858	1	2	3	4	5	9	3	-4.61776	-2.46676	-3.55022	-4.88991
859	2	4	1	2	2	1	5	-2.76639	-3.68201	-4.15246	-4.18378
860	2	4	1	2	2	1	5	-2.76639	-3.68201	-4.15246	-4.18378
861	8	10	2	2	11	12	6	-3.94339	-8.33059	-7.75074	-8.1309
862	2	1	5	3	2	3	5	-4.22136	-3.24082	-5.29726	-4.81946
863	33	39	30	82	104	173	68	-5.37164	-3.9608	-6.3124	-7.93473
864	2	4	1	2	7	1	5	-2.29599	-6.78549	-5.98207	-5.70172
865	8	10	2	2	11	12	6	-3.94339	-8.33059	-7.75074	-8.1309
866	2	4	1	2	7	1	5	-2.29599	-6.78549	-5.98207	-5.70172
867	1	2	3	4	5	9	3	-4.61776	-2.46676	-3.55022	-4.88991
868	1	2	215	4	90	24	8	-32.2365	-26.8892	-19.666	-22.658
869	2	1	1	3	2	1	5	-4.60376	-3.77773	-6.08904	-7.60437
870	10	81	50	99	120	76	52	-6.69695	-6.36301	-5.29148	-5.13094
871	2	4	1	2	7	1	5	-2.29599	-6.78549	-5.98207	-5.70172
872	2	1	12	3	2	1	5	-2.61016	-2.10968	-3.5457	-5.00389
873	2	4	1	2	2	1	5	-2.76639	-3.68201	-4.15246	-4.18378
874	2	4	1	2	2	1	5	-2.76639	-3.68201	-4.15246	-4.18378
875	2	4	1	2	2	1	5	-2.76639	-3.68201	-4.15246	-4.18378
876	2	1	5	3	2	3	5	-4.22136	-3.24082	-5.29726	-4.81946
877	2	4	1	2	2	1	5	-2.76639	-3.68201	-4.15246	-4.18378
878	4	7	10	4	1	7	1	-1.81946	-3.92293	-2.66321	-1.93175
879	2	4	1	2	7	1	5	-2.29599	-6.78549	-5.98207	-5.70172
880	2	4	5	2	2	5	5	-3.66203	-8.09134	-7.04904	-6.11774
881	2	4	1	2	2	1	5	-2.76639	-3.68201	-4.15246	-4.18378
882	8	10	2	2	11	12	6	-3.94339	-8.33059	-7.75074	-8.1309
883	4	7	10	4	1	7	1	-1.81946	-3.92293	-2.66321	-1.93175
884	2	4	1	2	2	1	5	-2.76639	-3.68201	-4.15246	-4.18378
885	166	2	1	10	17	3	1	-36.1227	-35.7359	-30.1338	-30.6597
886	2	4	1	2	7	1	5	-2.29599	-6.78549	-5.98207	-5.70172
887	2	4	1	2	2	1	5	-2.76639	-3.68201	-4.15246	-4.18378
888	4	7	10	4	1	7	1	-1.81946	-3.92293	-2.66321	-1.93175
889	4	7	10	4	1	7	1	-1.81946	-3.92293	-2.66321	-1.93175
890	2	4	1	2	7	1	5	-2.29599	-6.78549	-5.98207	-5.70172
891	2	4	1	2	2	1	5	-2.76639	-3.68201	-4.15246	-4.18378
892	2	1	5	3	2	3	5	-4.22136	-3.24082	-5.29726	-4.81946
893	9	25	2	10	22	3	6	-4.46124	-8.25724	-6.07515	-4.36252
894	2	1	21	3	62	1	5	-5.78463	-10.2838	-9.59143	-9.96901
895	129	66	30	82	189	47	17	-3.23629	-4.97342	-5.57904	-4.19596
896	129	66	30	82	189	47	17	-3.23629	-4.97342	-5.57904	-4.19596
897	4	7	10	4	1	7	1	-1.81946	-3.92293	-2.66321	-1.93175
898	2	4	1	2	2	1	5	-2.76639	-3.68201	-4.15246	-4.18378
899	4	7	10	4	42	7	1	-6.59585	-8.80282	-5.6247	-4.6282
900	2	4	1	2	7	1	5	-2.29599	-6.78549	-5.98207	-5.70172
901	1	307	3	4	5	9	3	-6.83279	-6.41263	-6.12352	-8.15474
902	2	1	21	3	2	1	5	-2.91889	-2.48411	-4.28141	-4.62432
903	4	7	10	4	1	7	1	-1.81946	-3.92293	-2.66321	-1.93175
904	2	1	21	3	2	1	5	-2.91889	-2.48411	-4.28141	-4.62432
905	2	4	1	2	2	5	5	-6.80299	-6.40256	-8.59668	-9.97169
906	2	4	1	2	7	1	5	-2.29599	-6.78549	-5.98207	-5.70172
907	2	4	1	2	7	1	5	-2.29599	-6.78549	-5.98207	-5.70172
908	2	4	1	2	7	1	5	-2.29599	-6.78549	-5.98207	-5.70172
909	4	7	10	4	1	7	1	-1.81946	-3.92293	-2.66321	-1.93175
910	8	10	2	2	11	12	6	-3.94339	-8.33059	-7.75074	-8.1309
911	7	21	5	62	4	61	44	-7.29475	-3.80765	-5.51739	-7.43401
912	2	1	12	88	2	1	5	-3.93616	-3.42342	-5.54213	-5.42516
913	2	4	1	2	2	1	5	-2.76639	-3.68201	-4.15246	-4.18378
914	1	2	3	4	5	9	3	-4.61776	-2.46676	-3.55022	-4.88991
915	2	4	1	2	7	1	5	-2.29599	-6.78549	-5.98207	-5.70172
916	2	4	1	2	2	1	5	-2.76639	-3.68201	-4.15246	-4.18378
917	2	4	1	2	2	1	5	-2.76639	-3.68201	-4.15246	-4.18378
918	2	4	1	2	7	1	5	-2.29599	-6.78549	-5.98207	-5.70172
919	4	7	10	4	1	7	1	-1.81946	-3.92293	-2.66321	-1.93175
920	2	1	5	3	2	3	5	-4.22136	-3.24082	-5.29726	-4.81946
921	2	4	1	2	7	1	5	-2.29599	-6.78549	-5.98207	-5.70172
922	2	4	1	2	2	1	5	-2.76639	-3.68201	-4.15246	-4.18378
923	8	10	2	2	11	12	6	-3.94339	-8.33059	-7.75074	-8.1309
924	2	1	12	3	2	1	5	-2.61016	-2.10968	-3.5457	-5.00389
925	48	7	10	4	183	7	1	-11.0959	-11.0314	-6.66928	-8.3793
926	7	21	5	62	4	61	44	-7.29475	-3.80765	-5.51739	-7.43401
927	4	7	10	4	1	7	1	-1.81946	-3.92293	-2.66321	-1.93175
928	9	25	2	10	22	3	6	-4.46124	-8.25724	-6.07515	-4.36252
929	2	4	1	2	2	1	5	-2.76639	-3.68201	-4.15246	-4.18378
930	2	4	1	2	7	1	5	-2.29599	-6.78549	-5.98207	-5.70172
931	2	4	1	2	2	1	5	-2.76639	-3.68201	-4.15246	-4.18378
932	2	4	1	2	2	1	5	-2.76639	-3.68201	-4.15246	-4.18378
933	9	25	2	10	22	3	6	-4.46124	-8.25724	-6.07515	-4.36252
934	2	4	1	2	2	1	5	-2.76639	-3.68201	-4.15246	-4.18378
935	2	4	1	2	2	1	5	-2.76639	-3.68201	-4.15246	-4.18378
936	2	4	1	2	7	1	5	-2.29599	-6.78549	-5.98207	-5.70172
937	2	4	1	2	7	1	5	-2.29599	-6.78549	-5.98207	-5.70172
938	2	4	1	2	2	1	5	-2.76639	-3.68201	-4.15246	-4.18378
939	2	4	1	2	2	1	5	-2.76639	-3.68201	-4.15246	-4.18378
940	4	7	10	4	1	7	1	-1.81946	-3.92293	-2.66321	-1.93175
941	2	4	1	2	2	1	5	-2.76639	-3.68201	-4.15246	-4.18378
942	4	7	10	4	1	7	1	-1.81946	-3.92293	-2.66321	-1.93175
943	2	4	1	2	7	1	5	-2.29599	-6.78549	-5.98207	-5.70172
944	2	4	1	2	2	1	5	-2.76639	-3.68201	-4.15246	-4.18378
945	4	7	10	4	1	7	1	-1.81946	-3.92293	-2.66321	-1.93175
946	9	25	2	10	22	3	6	-4.46124	-8.25724	-6.07515	-4.36252
947	10	81	50	99	120	76	52	-6.69695	-6.36301	-5.29148	-5.13094
948	2	1	21	3	2	1	5	-2.91889	-2.48411	-4.28141	-4.62432
949	4	7	10	4	1	7	1	-1.81946	-3.92293	-2.66321	-1.93175
950	2	4	1	2	7	1	5	-2.29599	-6.78549	-5.98207	-5.70172
951	4	7	10	4	1	7	1	-1.81946	-3.92293	-2.66321	-1.93175
952	4	7	10	4	1	7	1	-1.81946	-3.92293	-2.66321	-1.93175
953	8	315	2	2	11	12	6	-8.627	-11.9303	-9.77996	-11.3835
954	8	10	2	2	11	12	6	-3.94339	-8.33059	-7.75074	-8.1309
955	2	4	1	2	2	1	5	-2.76639	-3.68201	-4.15246	-4.18378
956	4	7	10	4	1	7	1	-1.81946	-3.92293	-2.66321	-1.93175
957	2	4	1	2	2	1	5	-2.76639	-3.68201	-4.15246	-4.18378
958	2	4	1	2	2	1	5	-2.76639	-3.68201	-4.15246	-4.18378
959	2	4	1	2	2	1	5	-2.76639	-3.68201	-4.15246	-4.18378
960	2	4	1	2	7	1	5	-2.29599	-6.78549	-5.98207	-5.70172
961	2	4	1	2	2	1	5	-2.76639	-3.68201	-4.15246	-4.18378
962	2	4	1	2	2	1	5	-2.76639	-3.68201	-4.15246	-4.18378
963	2	1	21	3	2	1	5	-2.91889	-2.48411	-4.28141	-4.62432
964	2	4	1	2	2	1	5	-2.76639	-3.68201	-4.15246	-4.18378
965	1	4	2	2	2	3	17	-11.2546	-7.87003	-10.392	-12.1467
966	2	4	1	2	2	1	5	-2.76639	-3.68201	-4.15246	-4.18378
967	2	4	1	2	2	1	5	-2.76639	-3.68201	-4.15246	-4.18378
968	7	21	5	62	4	61	44	-7.29475	-3.80765	-5.51739	-7.43401
969	2	4	1	2	2	1	5	-2.76639	-3.68201	-4.15246	-4.18378
970	4	7	10	4	1	7	1	-1.81946	-3.92293	-2.66321	-1.93175
971	2	4	1	2	2	1	5	-2.76639	-3.68201	-4.15246	-4.18378
972	10	1	16	19	10	5	7	-6.16022	-2.72442	-4.10288	-5.14314
973	8	10	2	2	11	12	6	-3.94339	-8.33059	-7.75074	-8.1309
974	4	7	10	4	1	7	1	-1.81946	-3.92293	-2.66321	-1.93175
975	2	4	2	2	6	1	5	-6.07377	-4.81648	-5.88286	-7.81612
976	2	4	1	2	2	1	5	-2.76639	-3.68201	-4.15246	-4.18378
977	2	4	1	2	2	1	5	-2.76639	-3.68201	-4.15246	-4.18378
978	2	1	12	3	2	1	5	-2.61016	-2.10968	-3.5457	-5.00389
979	2	1	21	3	2	1	5	-2.91889	-2.48411	-4.28141	-4.62432
980	1	4	2	2	6	3	17	-4.62035	-2.42952	-4.38685	-5.58155
981	9	2	4	62	4	5	6	-3.70486	-5.28588	-5.81724	-7.27464
982	9	2	4	62	4	5	6	-3.70486	-5.28588	-5.81724	-7.27464
983	2	4	1	2	2	1	5	-2.76639	-3.68201	-4.15246	-4.18378
984	9	25	2	10	22	3	6	-4.46124	-8.25724	-6.07515	-4.36252
985	2	1	12	3	2	1	5	-2.61016	-2.10968	-3.5457	-5.00389
986	2	4	1	2	2	1	5	-2.76639	-3.68201	-4.15246	-4.18378
987	2	4	1	2	2	1	5	-2.76639	-3.68201	-4.15246	-4.18378
988	2	4	1	2	2	1	5	-2.76639	-3.68201	-4.15246	-4.18378
989	1	4	2	2	6	3	17	-4.62035	-2.42952	-4.38685	-5.58155
990	1	4	2	2	6	3	17	-4.62035	-2.42952	-4.38685	-5.58155
991	9	25	2	10	22	3	6	-4.46124	-8.25724	-6.07515	-4.36252
992	1	4	2	2	6	3	17	-4.62035	-2.42952	-4.38685	-5.58155
993	2	4	1	2	2	1	5	-2.76639	-3.68201	-4.15246	-4.18378
994	2	4	1	2	2	1	5	-2.76639	-3.68201	-4.15246	-4.18378
995	8	10	2	2	11	12	6	-3.94339	-8.33059	-7.75074	-8.1309
996	2	4	1	2	2	1	5	-2.76639	-3.68201	-4.15246	-4.18378
997	2	1	5	3	2	5	5	-5.53454	-2.81119	-4.02213	-5.45873
998	8	10	2	2	11	12	6	-3.94339	-8.33059	-7.75074	-8.1309
999	2	4	1	2	2	1	5	-2.76639	-3.68201	-4.15246	-4.18378
1000	2	4	1	2	2	1	5	-2.76639	-3.68201	-4.15246	-4.18378
1001	2	1	21	3	2	1	5	-2.91889	-2.48411	-4.28141	-4.62432
1002	1	2	4	62	4	5	17	-6.08531	-4.83135	-7.17046	-8.77095
1003	2	1	12	3	2	1	5	-2.61016	-2.10968	-3.5457	-5.00389
1004	2	4	1	2	7	1	5	-2.29599	-6.78549	-5.98207	-5.70172
1005	1	307	3	4	5	9	3	-6.83279	-6.41263	-6.12352	-8.15474
1006	2	4	2	4	19	3	6	-5.78702	-10.2947	-9.59446	-9.96639
1007	2	4	1	2	2	1	5	-2.76639	-3.68201	-4.15246	-4.18378
1008	1	4	2	2	6	3	17	-4.62035	-2.42952	-4.38685	-5.58155
1009	9	25	2	10	22	3	6	-4.46124	-8.25724	-6.07515	-4.36252
1010	4	7	10	4	1	7	1	-1.81946	-3.92293	-2.66321	-1.93175
1011	2	4	1	2	2	1	5	-2.76639	-3.68201	-4.15246	-4.18378
1012	10	1	16	19	10	5	7	-6.16022	-2.72442	-4.10288	-5.14314
1013	2	1	21	3	2	1	5	-2.91889	-2.48411	-4.28141	-4.62432
1014	4	7	10	4	1	7	1	-1.81946	-3.92293	-2.66321	-1.93175
1015	2	4	1	2	2	1	5	-2.76639	-3.68201	-4.15246	-4.18378
1016	1	2	3	4	5	9	3	-4.61776	-2.46676	-3.55022	-4.88991
1017	9	316	4	62	4	5	6	-6.84357	-6.44127	-8.70106	-10.1199
1018	9	25	2	10	22	3	6	-4.46124	-8.25724	-6.07515	-4.36252
1019	1	307	3	4	5	9	3	-6.83279	-6.41263	-6.12352	-8.15474
1020	2	4	1	2	2	1	5	-2.76639	-3.68201	-4.15246	-4.18378
1021	9	25	2	10	22	3	6	-4.46124	-8.25724	-6.07515	-4.36252
1022	2	4	1	2	2	1	5	-2.76639	-3.68201	-4.15246	-4.18378
1023	2	1	12	3	2	1	5	-2.61016	-2.10968	-3.5457	-5.00389
1024	2	1	5	3	2	5	5	-5.53454	-2.81119	-4.02213	-5.45873
1025	2	4	1	2	2	1	5	-2.76639	-3.68201	-4.15246	-4.18378
1026	2	1	12	3	2	1	5	-2.61016	-2.10968	-3.5457	-5.00389
1027	2	1	12	3	2	1	5	-2.61016	-2.10968	-3.5457	-5.00389
1028	10	1	16	19	10	5	7	-6.16022	-2.72442	-4.10288	-5.14314
1029	4	7	10	4	1	7	1	-1.81946	-3.92293	-2.66321	-1.93175
1030	2	4	1	2	2	1	5	-2.76639	-3.68201	-4.15246	-4.18378
1031	2	1	12	88	2	1	5	-3.93616	-3.42342	-5.54213	-5.42516
1032	2	1	21	3	2	1	5	-2.91889	-2.48411	-4.28141	-4.62432
1033	1	2	3	4	5	9	3	-4.61776	-2.46676	-3.55022	-4.88991
1034	8	10	2	2	11	12	6	-3.94339	-8.33059	-7.75074	-8.1309
1035	2	1	12	88	2	1	5	-3.93616	-3.42342	-5.54213	-5.42516
1036	33	39	30	82	104	173	68	-5.37164	-3.9608	-6.3124	-7.93473
1037	1	2	3	4	5	9	3	-4.61776	-2.46676	-3.55022	-4.88991
1038	9	25	2	10	22	3	6	-4.46124	-8.25724	-6.07515	-4.36252
1039	2	4	1	2	2	1	5	-2.76639	-3.68201	-4.15246	-4.18378
1040	8	10	2	2	11	12	6	-3.94339	-8.33059	-7.75074	-8.1309
1041	1	2	4	62	4	5	17	-6.08531	-4.83135	-7.17046	-8.77095
1042	10	1	16	19	10	5	7	-6.16022	-2.72442	-4.10288	-5.14314
1043	33	39	30	82	104	173	68	-5.37164	-3.9608	-6.3124	-7.93473
1044	2	4	1	2	2	1	5	-2.76639	-3.68201	-4.15246	-4.18378
1045	8	10	2	2	11	12	6	-3.94339	-8.33059	-7.75074	-8.1309
1046	2	1	5	3	2	5	5	-5.53454	-2.81119	-4.02213	-5.45873
1047	47	2	4	2	6	5	17	-11.3722	-10.177	-6.21206	-8.30974
1048	1	2	3	4	5	9	3	-4.61776	-2.46676	-3.55022	-4.88991
1049	4	7	10	4	1	7	1	-1.81946	-3.92293	-2.66321	-1.93175
1050	2	1	5	3	2	3	5	-4.22136	-3.24082	-5.29726	-4.81946
1051	2	4	2	2	6	1	5	-6.07377	-4.81648	-5.88286	-7.81612
1052	2	4	1	2	2	1	5	-2.76639	-3.68201	-4.15246	-4.18378
1053	8	10	149	2	11	12	6	-4.86342	-3.95669	-5.55224	-7.33851
1054	9	25	2	10	22	3	6	-4.46124	-8.25724	-6.07515	-4.36252
1055	2	4	1	2	2	1	5	-2.76639	-3.68201	-4.15246	-4.18378
1056	1	2	3	4	5	9	3	-4.61776	-2.46676	-3.55022	-4.88991
1057	2	1	12	3	2	1	5	-2.61016	-2.10968	-3.5457	-5.00389
1058	4	7	10	4	42	51	1	-2.91904	-4.73918	-4.93495	-3.84495
1059	2	4	1	2	2	1	5	-2.76639	-3.68201	-4.15246	-4.18378
1060	2	1	1	3	2	1	5	-4.60376	-3.77773	-6.08904	-7.60437
1061	2	4	1	2	7	1	5	-2.29599	-6.78549	-5.98207	-5.70172
1062	8	10	2	2	11	12	6	-3.94339	-8.33059	-7.75074	-8.1309
1063	2	4	1	2	2	1	5	-2.76639	-3.68201	-4.15246	-4.18378
1064	9	2	4	62	4	5	6	-3.70486	-5.28588	-5.81724	-7.27464
1065	2	4	1	2	2	1	5	-2.76639	-3.68201	-4.15246	-4.18378
1066	4	7	10	4	1	7	1	-1.81946	-3.92293	-2.66321	-1.93175
1067	8	10	2	2	11	12	6	-3.94339	-8.33059	-7.75074	-8.1309
1068	2	4	2	2	6	1	5	-6.07377	-4.81648	-5.88286	-7.81612
1069	2	4	2	2	6	1	5	-6.07377	-4.81648	-5.88286	-7.81612
1070	2	4	2	2	6	1	5	-6.07377	-4.81648	-5.88286	-7.81612
1071	2	4	2	2	6	1	5	-6.07377	-4.81648	-5.88286	-7.81612
1072	2	4	1	2	2	1	5	-2.76639	-3.68201	-4.15246	-4.18378
1073	2	4	1	2	2	1	5	-2.76639	-3.68201	-4.15246	-4.18378
1074	2	1	12	3	2	1	5	-2.61016	-2.10968	-3.5457	-5.00389
1075	2	4	1	2	7	1	5	-2.29599	-6.78549	-5.98207	-5.70172
1076	4	7	10	4	42	51	1	-2.91904	-4.73918	-4.93495	-3.84495
1077	2	4	1	2	2	1	5	-2.76639	-3.68201	-4.15246	-4.18378
1078	8	10	2	2	11	12	6	-3.94339	-8.33059	-7.75074	-8.1309
1079	1	2	3	4	5	9	3	-4.61776	-2.46676	-3.55022	-4.88991
1080	1	2	3	4	5	9	3	-4.61776	-2.46676	-3.55022	-4.88991
1081	10	1	16	19	10	5	7	-6.16022	-2.72442	-4.10288	-5.14314
1082	8	10	2	2	11	12	6	-3.94339	-8.33059	-7.75074	-8.1309
1083	4	7	10	4	1	7	1	-1.81946	-3.92293	-2.66321	-1.93175
1084	2	4	1	2	2	1	5	-2.76639	-3.68201	-4.15246	-4.18378
1085	2	4	1	2	7	1	5	-2.29599	-6.78549	-5.98207	-5.70172
1086	2	1	21	3	2	1	5	-2.91889	-2.48411	-4.28141	-4.62432
1087	2	1	12	3	2	1	5	-2.61016	-2.10968	-3.5457	-5.00389
1088	2	4	2	4	19	3	6	-5.78702	-10.2947	-9.59446	-9.96639
1089	8	10	149	2	11	12	6	-4.86342	-3.95669	-5.55224	-7.33851
1090	8	10	2	2	11	12	6	-3.94339	-8.33059	-7.75074	-8.1309
1091	2	1	12	3	2	1	5	-2.61016	-2.10968	-3.5457	-5.00389
1092	2	1	12	3	2	1	5	-2.61016	-2.10968	-3.5457	-5.00389
1093	2	1	5	3	2	3	5	-4.22136	-3.24082	-5.29726	-4.81946
1094	184	39	30	82	113	43	17	-3.94209	-6.3214	-7.46708	-8.0521
1095	2	1	12	3	2	1	5	-2.61016	-2.10968	-3.5457	-5.00389
1096	2	4	1	2	2	1	5	-2.76639	-3.68201	-4.15246	-4.18378
1097	4	7	10	4	1	7	1	-1.81946	-3.92293	-2.66321	-1.93175
1098	8	10	2	2	11	12	6	-3.94339	-8.33059	-7.75074	-8.1309
1099	4	7	10	4	1	7	1	-1.81946	-3.92293	-2.66321	-1.93175
1100	4	7	10	4	42	51	1	-2.91904	-4.73918	-4.93495	-3.84495
1101	9	25	2	10	22	3	6	-4.46124	-8.25724	-6.07515	-4.36252
1102	9	2	4	62	4	5	6	-3.70486	-5.28588	-5.81724	-7.27464
1103	4	7	10	4	1	7	1	-1.81946	-3.92293	-2.66321	-1.93175
1104	2	4	1	2	7	1	5	-2.29599	-6.78549	-5.98207	-5.70172
1105	4	7	10	4	1	7	1	-1.81946	-3.92293	-2.66321	-1.93175
1106	8	10	2	2	11	12	6	-3.94339	-8.33059	-7.75074	-8.1309
1107	2	4	1	2	2	1	5	-2.76639	-3.68201	-4.15246	-4.18378
1108	4	7	10	4	42	51	1	-2.91904	-4.73918	-4.93495	-3.84495
1109	1	2	3	4	5	9	3	-4.61776	-2.46676	-3.55022	-4.88991
1110	2	1	12	3	2	1	5	-2.61016	-2.10968	-3.5457	-5.00389
1111	2	4	1	2	2	1	5	-2.76639	-3.68201	-4.15246	-4.18378
1112	10	81	50	99	120	76	52	-6.69695	-6.36301	-5.29148	-5.13094
1113	2	4	1	2	2	1	5	-2.76639	-3.68201	-4.15246	-4.18378
1114	4	7	10	4	42	51	1	-2.91904	-4.73918	-4.93495	-3.84495
1115	4	7	10	4	42	51	1	-2.91904	-4.73918	-4.93495	-3.84495
1116	4	7	10	4	1	7	1	-1.81946	-3.92293	-2.66321	-1.93175
1117	3	1	5	10	11	11	6	-9.94968	-6.44466	-8.84333	-10.6057
1118	10	81	50	99	120	76	52	-6.69695	-6.36301	-5.29148	-5.13094
1119	2	4	1	2	2	1	5	-2.76639	-3.68201	-4.15246	-4.18378
1120	4	7	10	4	1	7	1	-1.81946	-3.92293	-2.66321	-1.93175
1121	4	7	10	4	1	7	1	-1.81946	-3.92293	-2.66321	-1.93175
1122	4	7	10	4	42	51	1	-2.91904	-4.73918	-4.93495	-3.84495
1123	2	1	12	3	2	1	5	-2.61016	-2.10968	-3.5457	-5.00389
1124	2	4	1	2	2	1	5	-2.76639	-3.68201	-4.15246	-4.18378
1125	2	1	1	3	2	1	5	-4.60376	-3.77773	-6.08904	-7.60437
1126	2	4	1	2	2	1	5	-2.76639	-3.68201	-4.15246	-4.18378
1127	2	4	1	2	2	1	5	-2.76639	-3.68201	-4.15246	-4.18378
1128	2	4	1	2	2	1	5	-2.76639	-3.68201	-4.15246	-4.18378
1129	2	4	1	2	2	1	5	-2.76639	-3.68201	-4.15246	-4.18378
1130	1	2	3	4	5	9	3	-4.61776	-2.46676	-3.55022	-4.88991
1131	8	10	2	2	11	12	6	-3.94339	-8.33059	-7.75074	-8.1309
1132	2	1	21	3	2	1	5	-2.91889	-2.48411	-4.28141	-4.62432
1133	2	4	1	2	2	1	5	-2.76639	-3.68201	-4.15246	-4.18378
1134	2	1	21	3	2	1	5	-2.91889	-2.48411	-4.28141	-4.62432
1135	2	1	21	3	2	1	5	-2.91889	-2.48411	-4.28141	-4.62432
1136	2	4	1	2	2	1	5	-2.76639	-3.68201	-4.15246	-4.18378
1137	1	2	3	4	5	9	3	-4.61776	-2.46676	-3.55022	-4.88991
1138	10	1	16	19	10	5	7	-6.16022	-2.72442	-4.10288	-5.14314
1139	2	1	12	3	2	1	5	-2.61016	-2.10968	-3.5457	-5.00389
1140	7	21	5	62	4	61	44	-7.29475	-3.80765	-5.51739	-7.43401
1141	2	4	1	2	2	1	5	-2.76639	-3.68201	-4.15246	-4.18378
1142	2	1	12	3	2	1	5	-2.61016	-2.10968	-3.5457	-5.00389
1143	2	4	1	2	7	1	5	-2.29599	-6.78549	-5.98207	-5.70172
1144	2	1	5	3	2	3	5	-4.22136	-3.24082	-5.29726	-4.81946
1145	2	1	21	3	2	1	5	-2.91889	-2.48411	-4.28141	-4.62432
1146	2	1	21	3	2	1	5	-2.91889	-2.48411	-4.28141	-4.62432
1147	2	1	21	3	2	1	5	-2.91889	-2.48411	-4.28141	-4.62432
1148	2	1	21	3	2	1	5	-2.91889	-2.48411	-4.28141	-4.62432
1149	2	1	12	3	2	1	5	-2.61016	-2.10968	-3.5457	-5.00389
1150	8	10	2	2	11	12	6	-3.94339	-8.33059	-7.75074	-8.1309
1151	129	66	30	82	189	47	17	-3.23629	-4.97342	-5.57904	-4.19596
1152	1	307	3	4	5	9	3	-6.83279	-6.41263	-6.12352	-8.15474
1153	8	10	2	2	11	12	6	-3.94339	-8.33059	-7.75074	-8.1309
1154	2	4	2	2	6	1	5	-6.07377	-4.81648	-5.88286	-7.81612
1155	1	4	2	2	6	3	17	-4.62035	-2.42952	-4.38685	-5.58155
1156	2	4	1	2	2	1	5	-2.76639	-3.68201	-4.15246	-4.18378
1157	8	10	2	2	11	12	6	-3.94339	-8.33059	-7.75074	-8.1309
1158	2	4	2	2	6	1	5	-6.07377	-4.81648	-5.88286	-7.81612
1159	2	1	21	3	2	1	5	-2.91889	-2.48411	-4.28141	-4.62432
1160	2	4	5	2	2	5	5	-3.66203	-8.09134	-7.04904	-6.11774
1161	7	21	5	62	4	61	44	-7.29475	-3.80765	-5.51739	-7.43401
1162	2	1	12	3	2	1	5	-2.61016	-2.10968	-3.5457	-5.00389
1163	10	27	16	19	10	5	7	-20.3051	-12.9818	-15.6922	-17.454
1164	33	283	44	82	189	44	17	-6.8931	-3.44865	-5.26536	-5.97822
1165	9	25	2	10	22	3	6	-4.46124	-8.25724	-6.07515	-4.36252
1166	7	21	5	62	4	61	44	-7.29475	-3.80765	-5.51739	-7.43401
1167	2	1	5	3	2	3	5	-4.22136	-3.24082	-5.29726	-4.81946
1168	2	1	5	3	2	3	5	-4.22136	-3.24082	-5.29726	-4.81946
1169	9	25	2	10	22	3	6	-4.46124	-8.25724	-6.07515	-4.36252
1170	2	1	5	3	2	3	5	-4.22136	-3.24082	-5.29726	-4.81946
1171	2	4	1	2	2	1	5	-2.76639	-3.68201	-4.15246	-4.18378
1172	129	66	30	82	189	47	17	-3.23629	-4.97342	-5.57904	-4.19596
1173	2	4	1	2	2	1	5	-2.76639	-3.68201	-4.15246	-4.18378
1174	2	1	5	3	2	3	5	-4.22136	-3.24082	-5.29726	-4.81946
1175	2	1	12	3	2	1	5	-2.61016	-2.10968	-3.5457	-5.00389
1176	2	4	1	2	2	1	5	-2.76639	-3.68201	-4.15246	-4.18378
1177	1	4	2	2	6	3	17	-4.62035	-2.42952	-4.38685	-5.58155
1178	2	1	12	3	2	1	5	-2.61016	-2.10968	-3.5457	-5.00389
1179	1	4	2	2	446	3	17	-9.2943	-5.9948	-6.39363	-8.8214
1180	2	1	5	88	2	11	5	-8.76933	-5.32565	-6.00804	-8.03966
1181	2	4	2	2	6	1	5	-6.07377	-4.81648	-5.88286	-7.81612
1182	9	25	2	10	22	3	6	-4.46124	-8.25724	-6.07515	-4.36252
1183	2	1	5	3	2	3	5	-4.22136	-3.24082	-5.29726	-4.81946
1184	7	21	5	62	4	61	44	-7.29475	-3.80765	-5.51739	-7.43401
1185	1	2	3	4	5	9	3	-4.61776	-2.46676	-3.55022	-4.88991
1186	2	4	1	2	2	1	5	-2.76639	-3.68201	-4.15246	-4.18378
1187	7	21	5	62	4	61	44	-7.29475	-3.80765	-5.51739	-7.43401
1188	33	39	30	82	104	173	68	-5.37164	-3.9608	-6.3124	-7.93473
1189	1	4	2	2	6	3	17	-4.62035	-2.42952	-4.38685	-5.58155
1190	2	1	21	3	2	1	5	-2.91889	-2.48411	-4.28141	-4.62432
1191	4	7	10	4	1	7	1	-1.81946	-3.92293	-2.66321	-1.93175
1192	2	1	5	3	2	5	5	-5.53454	-2.81119	-4.02213	-5.45873
1193	1	4	2	2	6	3	17	-4.62035	-2.42952	-4.38685	-5.58155
1194	2	4	1	2	2	1	5	-2.76639	-3.68201	-4.15246	-4.18378
1195	2	4	1	2	2	1	5	-2.76639	-3.68201	-4.15246	-4.18378
1196	2	1	12	3	2	1	5	-2.61016	-2.10968	-3.5457	-5.00389
1197	2	1	6	3	2	3	5	-7.91776	-6.8235	-7.11944	-7.67006
1198	4	7	10	4	1	7	1	-1.81946	-3.92293	-2.66321	-1.93175
1199	2	4	1	2	7	1	5	-2.29599	-6.78549	-5.98207	-5.70172
1200	2	1	1	3	2	1	5	-4.60376	-3.77773	-6.08904	-7.60437
1201	2	4	1	2	2	1	5	-2.76639	-3.68201	-4.15246	-4.18378
1202	7	2	5	2	10	3	6	-31.6735	-29.1304	-28.6249	-28.9242
1203	2	1	21	3	2	1	5	-2.91889	-2.48411	-4.28141	-4.62432
1204	2	4	1	2	7	1	5	-2.29599	-6.78549	-5.98207	-5.70172
1205	4	7	10	4	1	7	1	-1.81946	-3.92293	-2.66321	-1.93175
1206	2	4	1	2	7	1	5	-2.29599	-6.78549	-5.98207	-5.70172
1207	2	4	1	2	2	1	5	-2.76639	-3.68201	-4.15246	-4.18378
1208	1	4	2	2	6	3	17	-4.62035	-2.42952	-4.38685	-5.58155
1209	2	4	1	2	2	1	5	-2.76639	-3.68201	-4.15246	-4.18378
1210	2	4	1	2	2	1	5	-2.76639	-3.68201	-4.15246	-4.18378
1211	74	10	2	2	11	12	6	-8.62701	-11.9303	-9.78006	-11.384
1212	1	2	3	4	5	9	3	-4.61776	-2.46676	-3.55022	-4.88991
1213	2	1	5	3	2	3	5	-4.22136	-3.24082	-5.29726	-4.81946
1214	4	7	10	4	1	7	1	-1.81946	-3.92293	-2.66321	-1.93175
1215	2	4	2	2	6	1	5	-6.07377	-4.81648	-5.88286	-7.81612
1216	2	1	12	3	2	1	5	-2.61016	-2.10968	-3.5457	-5.00389
1217	2	1	21	3	2	1	5	-2.91889	-2.48411	-4.28141	-4.62432
1218	2	4	1	2	2	1	5	-2.76639	-3.68201	-4.15246	-4.18378
1219	2	1	21	3	2	1	5	-2.91889	-2.48411	-4.28141	-4.62432
1220	4	7	10	4	1	7	1	-1.81946	-3.92293	-2.66321	-1.93175
1221	2	1	21	3	2	1	5	-2.91889	-2.48411	-4.28141	-4.62432
1222	2	4	1	2	2	1	5	-2.76639	-3.68201	-4.15246	-4.18378
1223	4	7	10	4	1	7	1	-1.81946	-3.92293	-2.66321	-1.93175
1224	2	4	1	2	2	1	5	-2.76639	-3.68201	-4.15246	-4.18378
1225	4	7	10	4	1	7	1	-1.81946	-3.92293	-2.66321	-1.93175
1226	4	7	10	4	42	51	1	-2.91904	-4.73918	-4.93495	-3.84495
1227	4	7	10	4	42	7	1	-6.59585	-8.80282	-5.6247	-4.6282
1228	2	4	1	2	2	1	5	-2.76639	-3.68201	-4.15246	-4.18378
1229	2	1	5	3	2	3	5	-4.22136	-3.24082	-5.29726	-4.81946
1230	10	81	50	99	120	76	52	-6.69695	-6.36301	-5.29148	-5.13094
1231	2	4	1	2	7	1	5	-2.29599	-6.78549	-5.98207	-5.70172
1232	2	4	1	2	7	1	5	-2.29599	-6.78549	-5.98207	-5.70172
1233	4	7	10	4	1	7	1	-1.81946	-3.92293	-2.66321	-1.93175
1234	1	4	2	2	6	3	17	-4.62035	-2.42952	-4.38685	-5.58155
1235	4	7	10	4	1	7	1	-1.81946	-3.92293	-2.66321	-1.93175
1236	2	4	1	2	2	1	5	-2.76639	-3.68201	-4.15246	-4.18378
1237	4	7	10	4	1	7	1	-1.81946	-3.92293	-2.66321	-1.93175
1238	4	7	10	4	42	51	1	-2.91904	-4.73918	-4.93495	-3.84495
1239	1	307	3	4	5	9	3	-6.83279	-6.41263	-6.12352	-8.15474
1240	2	4	2	2	6	1	5	-6.07377	-4.81648	-5.88286	-7.81612
1241	8	10	149	2	11	12	6	-4.86342	-3.95669	-5.55224	-7.33851
1242	2	1	12	3	2	1	5	-2.61016	-2.10968	-3.5457	-5.00389
1243	2	4	1	2	2	1	5	-2.76639	-3.68201	-4.15246	-4.18378
1244	2	4	1	2	2	1	5	-2.76639	-3.68201	-4.15246	-4.18378
1245	2	4	1	2	2	1	5	-2.76639	-3.68201	-4.15246	-4.18378
1246	4	7	10	4	42	51	1	-2.91904	-4.73918	-4.93495	-3.84495
1247	2	4	1	2	2	1	5	-2.76639	-3.68201	-4.15246	-4.18378
1248	2	4	1	2	2	1	5	-2.76639	-3.68201	-4.15246	-4.18378
1249	2	1	12	88	2	1	5	-3.93616	-3.42342	-5.54213	-5.42516
1250	1	4	2	2	6	3	17	-4.62035	-2.42952	-4.38685	-5.58155
1251	9	2	4	62	4	5	6	-3.70486	-5.28588	-5.81724	-7.27464
1252	2	4	1	2	7	1	5	-2.29599	-6.78549	-5.98207	-5.70172
1253	2	4	5	2	2	5	5	-3.66203	-8.09134	-7.04904	-6.11774
1254	2	1	21	3	2	1	5	-2.91889	-2.48411	-4.28141	-4.62432
1255	1	4	2	2	6	3	17	-4.62035	-2.42952	-4.38685	-5.58155
1256	2	1	21	3	2	1	5	-2.91889	-2.48411	-4.28141	-4.62432
1257	2	4	1	2	2	5	5	-6.80299	-6.40256	-8.59668	-9.97169
1258	2	1	12	3	2	1	5	-2.61016	-2.10968	-3.5457	-5.00389
1259	2	4	2	2	6	1	5	-6.07377	-4.81648	-5.88286	-7.81612
1260	2	4	1	2	2	1	5	-2.76639	-3.68201	-4.15246	-4.18378
1261	2	4	1	2	2	1	5	-2.76639	-3.68201	-4.15246	-4.18378
1262	1	307	3	4	5	9	3	-6.83279	-6.41263	-6.12352	-8.15474
1263	9	25	2	10	22	3	6	-4.46124	-8.25724	-6.07515	-4.36252
1264	2	1	1	380	2	1	5	-6.14347	-5.7298	-7.99737	-9.41936
1265	2	4	1	2	2	1	5	-2.76639	-3.68201	-4.15246	-4.18378
1266	2	4	1	2	2	1	5	-2.76639	-3.68201	-4.15246	-4.18378
1267	2	1	12	3	2	1	5	-2.61016	-2.10968	-3.5457	-5.00389
1268	1	2	3	4	5	9	3	-4.61776	-2.46676	-3.55022	-4.88991
1269	2	4	1	2	2	1	5	-2.76639	-3.68201	-4.15246	-4.18378
1270	2	4	1	2	2	1	5	-2.76639	-3.68201	-4.15246	-4.18378
1271	2	4	1	2	2	1	5	-2.76639	-3.68201	-4.15246	-4.18378
1272	1	2	3	4	5	9	3	-4.61776	-2.46676	-3.55022	-4.88991
1273	9	2	2	212	309	253	147	-29.7381	-25.3265	-20.0005	-24.1138
1274	2	1	21	3	2	1	5	-2.91889	-2.48411	-4.28141	-4.62432
1275	47	2	4	2	6	5	17	-11.3722	-10.177	-6.21206	-8.30974
1276	1	2	3	4	5	9	3	-4.61776	-2.46676	-3.55022	-4.88991
1277	2	4	1	2	2	1	5	-2.76639	-3.68201	-4.15246	-4.18378
1278	2	4	1	2	2	1	5	-2.76639	-3.68201	-4.15246	-4.18378
1279	9	2	4	62	4	5	6	-3.70486	-5.28588	-5.81724	-7.27464
1280	2	1	12	3	2	1	5	-2.61016	-2.10968	-3.5457	-5.00389
1281	2	4	1	2	2	1	5	-2.76639	-3.68201	-4.15246	-4.18378
1282	2	4	1	2	7	1	5	-2.29599	-6.78549	-5.98207	-5.70172
1283	7	17	2	15	23	3	12	-6.8899	-11.4005	-10.7022	-11.0777
1284	2	1	1	3	2	1	5	-4.60376	-3.77773	-6.08904	-7.60437
1285	2	1	12	3	2	1	5	-2.61016	-2.10968	-3.5457	-5.00389
1286	2	4	1	2	2	1	5	-2.76639	-3.68201	-4.15246	-4.18378
1287	2	1	5	3	2	3	5	-4.22136	-3.24082	-5.29726	-4.81946
1288	2	4	1	2	2	1	5	-2.76639	-3.68201	-4.15246	-4.18378
1289	2	4	1	2	2	1	5	-2.76639	-3.68201	-4.15246	-4.18378
1290	1	4	2	2	6	3	17	-4.62035	-2.42952	-4.38685	-5.58155
1291	2	1	2	3	2	3	5	-3.74751	-8.04431	-7.54674	-7.91451
1292	2	1	5	3	2	3	5	-4.22136	-3.24082	-5.29726	-4.81946
1293	1	2	3	3	5	9	3	-11.7486	-8.1342	-9.83443	-11.9716
1294	4	7	10	4	42	51	1	-2.91904	-4.73918	-4.93495	-3.84495
1295	1	4	2	2	6	3	17	-4.62035	-2.42952	-4.38685	-5.58155
1296	2	1	5	3	2	3	5	-4.22136	-3.24082	-5.29726	-4.81946
1297	4	7	10	4	1	7	1	-1.81946	-3.92293	-2.66321	-1.93175
1298	2	4	1	2	2	1	5	-2.76639	-3.68201	-4.15246	-4.18378
1299	4	7	10	4	1	7	1	-1.81946	-3.92293	-2.66321	-1.93175
1300	2	1	21	3	2	1	5	-2.91889	-2.48411	-4.28141	-4.62432
1301	2	4	1	2	2	1	5	-2.76639	-3.68201	-4.15246	-4.18378
1302	4	7	10	4	1	7	1	-1.81946	-3.92293	-2.66321	-1.93175
1303	2	4	1	2	2	1	5	-2.76639	-3.68201	-4.15246	-4.18378
1304	2	1	5	3	2	5	5	-5.53454	-2.81119	-4.02213	-5.45873
1305	2	4	1	2	2	1	5	-2.76639	-3.68201	-4.15246	-4.18378
1306	2	1	21	3	2	1	5	-2.91889	-2.48411	-4.28141	-4.62432
1307	2	1	5	3	2	5	5	-5.53454	-2.81119	-4.02213	-5.45873
1308	1	4	2	2	6	3	17	-4.62035	-2.42952	-4.38685	-5.58155
1309	1	4	2	2	6	3	17	-4.62035	-2.42952	-4.38685	-5.58155
1310	2	1	5	3	2	3	5	-4.22136	-3.24082	-5.29726	-4.81946
1311	1	4	2	2	6	3	17	-4.62035	-2.42952	-4.38685	-5.58155
1312	2	4	1	2	2	1	5	-2.76639	-3.68201	-4.15246	-4.18378
1313	2	1	12	88	2	1	5	-3.93616	-3.42342	-5.54213	-5.42516
1314	2	1	5	3	2	3	5	-4.22136	-3.24082	-5.29726	-4.81946
1315	2	4	5	2	2	1	5	-6.15962	-9.72385	-9.20021	-9.79292
1316	2	4	1	2	2	1	5	-2.76639	-3.68201	-4.15246	-4.18378
1317	1	4	2	2	6	3	17	-4.62035	-2.42952	-4.38685	-5.58155
1318	2	1	21	3	2	1	5	-2.91889	-2.48411	-4.28141	-4.62432
1319	4	7	10	4	1	7	1	-1.81946	-3.92293	-2.66321	-1.93175
1320	1	2	3	4	5	9	3	-4.61776	-2.46676	-3.55022	-4.88991
1321	2	4	1	2	7	1	5	-2.29599	-6.78549	-5.98207	-5.70172
1322	4	7	10	4	1	7	1	-1.81946	-3.92293	-2.66321	-1.93175
1323	4	7	10	4	1	7	1	-1.81946	-3.92293	-2.66321	-1.93175
1324	1	4	2	2	6	3	17	-4.62035	-2.42952	-4.38685	-5.58155
1325	2	4	1	2	7	1	5	-2.29599	-6.78549	-5.98207	-5.70172
1326	4	7	10	4	1	7	1	-1.81946	-3.92293	-2.66321	-1.93175
1327	8	10	2	2	11	12	6	-3.94339	-8.33059	-7.75074	-8.1309
1328	969	7	10	4	1	7	1	-6.42514	-7.51548	-4.69038	-5.18753
1329	4	7	10	4	1	7	1	-1.81946	-3.92293	-2.66321	-1.93175
1330	10	27	16	942	10	5	7	-24.9886	-16.5821	-17.7218	-20.7069
1331	10	27	16	941	10	5	7	-24.9886	-16.5821	-17.7218	-20.7069
1332	4	7	10	4	1	7	1	-1.81946	-3.92293	-2.66321	-1.93175
1333	4	7	10	4	1	7	1	-1.81946	-3.92293	-2.66321	-1.93175
1334	129	66	30	82	189	47	17	-3.23629	-4.97342	-5.57904	-4.19596
1335	4	7	10	4	1	7	1	-1.81946	-3.92293	-2.66321	-1.93175
1336	4	7	10	4	1	7	1	-1.81946	-3.92293	-2.66321	-1.93175
1337	2	4	1	2	2	1	5	-2.76639	-3.68201	-4.15246	-4.18378
1338	2	1	2	3	2	3	5	-3.74751	-8.04431	-7.54674	-7.91451
1339	10	27	16	19	10	5	7	-20.3051	-12.9818	-15.6922	-17.454
1340	2	4	1	2	2	1	5	-2.76639	-3.68201	-4.15246	-4.18378
1341	33	39	30	82	104	173	68	-5.37164	-3.9608	-6.3124	-7.93473
1342	1	4	2	2	6	3	17	-4.62035	-2.42952	-4.38685	-5.58155
1343	2	1	5	3	2	5	5	-5.53454	-2.81119	-4.02213	-5.45873
1344	2	1	12	3	2	1	5	-2.61016	-2.10968	-3.5457	-5.00389
1345	8	10	2	2	11	12	6	-3.94339	-8.33059	-7.75074	-8.1309
1346	2	1	1	3	2	1	5	-4.60376	-3.77773	-6.08904	-7.60437
1347	1	4	2	2	6	3	17	-4.62035	-2.42952	-4.38685	-5.58155
1348	7	2	2	2	11	12	6	-4.49001	-9.0006	-8.30165	-8.67779
1349	9	2	4	62	4	5	6	-3.70486	-5.28588	-5.81724	-7.27464
1350	2	1	21	3	2	1	5	-2.91889	-2.48411	-4.28141	-4.62432
1351	9	7	10	4	1	7	1	-10.2925	-12.5804	-11.3951	-9.91767
1352	2	1	12	3	920	1	5	-7.29434	-5.70019	-5.57224	-8.25431
1353	239	27	16	19	10	5	7	-9.95126	-6.44697	-8.84718	-10.6092
1354	7	17	2	15	23	3	12	-6.8899	-11.4005	-10.7022	-11.0777
1355	1	4	2	2	6	3	17	-4.62035	-2.42952	-4.38685	-5.58155
1356	1	6	60	24	12	28	1	-32.4955	-28.9783	-16.959	-21.8254
1357	2	4	5	2	10	1	5	-6.88284	-11.3823	-10.6862	-11.0646
1358	10	81	50	99	120	76	52	-6.69695	-6.36301	-5.29148	-5.13094
1359	4	7	10	4	1	7	1	-1.81946	-3.92293	-2.66321	-1.93175
1360	2	1	5	3	2	5	5	-5.53454	-2.81119	-4.02213	-5.45873
1361	4	7	10	1	1	7	1	-5.263	-9.08811	-6.0164	-6.12929
1362	2	4	5	2	10	1	5	-6.88284	-11.3823	-10.6862	-11.0646
1363	2	1	21	3	2	1	5	-2.91889	-2.48411	-4.28141	-4.62432
1364	2	1	21	3	2	1	5	-2.91889	-2.48411	-4.28141	-4.62432
1365	2	4	1	2	2	1	5	-2.76639	-3.68201	-4.15246	-4.18378
1366	2	4	2	2	6	1	5	-6.07377	-4.81648	-5.88286	-7.81612
1367	2	4	1	2	7	1	5	-2.29599	-6.78549	-5.98207	-5.70172
1368	2	4	1	2	2	1	5	-2.76639	-3.68201	-4.15246	-4.18378
1369	2	4	1	2	2	1	5	-2.76639	-3.68201	-4.15246	-4.18378
1370	4	7	10	4	1	7	1	-1.81946	-3.92293	-2.66321	-1.93175
1371	4	7	10	4	42	51	1	-2.91904	-4.73918	-4.93495	-3.84495
1372	2	1	5	3	2	3	5	-4.22136	-3.24082	-5.29726	-4.81946
1373	2	1	12	3	2	1	5	-2.61016	-2.10968	-3.5457	-5.00389
1374	2	1	1	3	2	1	5	-4.60376	-3.77773	-6.08904	-7.60437
1375	2	4	1	2	2	1	5	-2.76639	-3.68201	-4.15246	-4.18378
1376	4	7	10	4	1	7	1	-1.81946	-3.92293	-2.66321	-1.93175
1377	10	1	16	19	10	5	7	-6.16022	-2.72442	-4.10288	-5.14314
1378	2	4	1	2	7	1	5	-2.29599	-6.78549	-5.98207	-5.70172
1379	2	4	1	2	2	1	5	-2.76639	-3.68201	-4.15246	-4.18378
1380	10	81	50	99	120	76	52	-6.69695	-6.36301	-5.29148	-5.13094
1381	2	1	12	3	2	1	5	-2.61016	-2.10968	-3.5457	-5.00389
1382	2	4	1	2	2	1	5	-2.76639	-3.68201	-4.15246	-4.18378
1383	2	4	1	2	7	1	5	-2.29599	-6.78549	-5.98207	-5.70172
1384	1	2	3	4	5	9	3	-4.61776	-2.46676	-3.55022	-4.88991
1385	8	10	2	2	11	12	6	-3.94339	-8.33059	-7.75074	-8.1309
1386	1	4	2	2	6	3	17	-4.62035	-2.42952	-4.38685	-5.58155
1387	2	4	1	2	2	1	5	-2.76639	-3.68201	-4.15246	-4.18378
1388	2	4	1	2	2	1	5	-2.76639	-3.68201	-4.15246	-4.18378
1389	10	7	10	4	1	7	1	-12.443	-11.1076	-9.99942	-8.92675
1390	2	1	21	3	2	1	5	-2.91889	-2.48411	-4.28141	-4.62432
1391	2	1	21	3	2	1	5	-2.91889	-2.48411	-4.28141	-4.62432
1392	10	1	16	19	10	5	7	-6.16022	-2.72442	-4.10288	-5.14314
1393	2	1	5	3	2	3	5	-4.22136	-3.24082	-5.29726	-4.81946
1394	2	1	5	3	2	3	5	-4.22136	-3.24082	-5.29726	-4.81946
1395	2	4	1	2	2	5	5	-6.80299	-6.40256	-8.59668	-9.97169
1396	2	4	1	2	7	1	5	-2.29599	-6.78549	-5.98207	-5.70172
1397	10	1	16	19	10	5	7	-6.16022	-2.72442	-4.10288	-5.14314
1398	2	4	1	2	7	1	5	-2.29599	-6.78549	-5.98207	-5.70172
1399	2	934	1	2	2	1	5	-7.3723	-7.27889	-6.17552	-7.43291
