Isolate	Loci0	Loci1	Loci2	Loci3	Loci4	Loci5	Loci6	Source0	Source1	Source2	Source3
0	1	2	3	4	5	9	3	-4.71018	-2.48568	-3.63004	-4.96796
1	4	7	10	4	1	7	1	-1.81652	-3.7915	-2.59254	-1.98005
2	2	4	1	2	2	1	5	-2.76833	-3.64719	-4.09524	-4.06478
3	2	4	1	2	2	1	5	-2.76833	-3.64719	-4.09524	-4.06478
4	9	25	2	10	22	3	6	-4.45687	-7.59789	-5.87457	-4.41615
5	4	7	10	4	1	7	1	-1.81652	-3.7915	-2.59254	-1.98005
6	4	7	10	4	1	7	1	-1.81652	-3.7915	-2.59254	-1.98005
7	4	7	10	4	42	51	1	-2.91799	-4.63369	-4.75469	-3.80079
8	2	4	1	2	2	1	5	-2.76833	-3.64719	-4.09524	-4.06478
9	10	81	50	99	120	76	52	-6.69487	-6.38576	-5.28874	-5.25373
10	2	1	21	3	2	1	5	-2.93353	-2.4861	-4.33071	-4.40746
11	2	1	21	3	2	1	5	-2.93353	-2.4861	-4.33071	-4.40746
12	9	25	2	10	22	3	6	-4.45687	-7.59789	-5.87457	-4.41615
13	2	1	21	3	2	1	5	-2.93353	-2.4861	-4.33071	-4.40746
14	10	27	16	19	10	5	7	-20.9729	-12.839	-16.1872	-17.2715
15	2	4	1	2	2	1	5	-2.76833	-3.64719	-4.09524	-4.06478
16	2	4	1	2	2	1	5	-2.76833	-3.64719	-4.09524	-4.06478
17	9	2	4	62	4	5	6	-3.70512	-5.20604	-5.68402	-6.19686
18	9	53	2	53	11	3	3	-31.6483	-28.0955	-25.8851	-23.3919
19	2	4	1	2	2	1	5	-2.76833	-3.64719	-4.09524	-4.06478
20	2	4	1	2	2	1	5	-2.76833	-3.64719	-4.09524	-4.06478
21	4	7	10	4	1	7	1	-1.81652	-3.7915	-2.59254	-1.98005
22	2	4	1	2	2	1	5	-2.76833	-3.64719	-4.09524	-4.06478
23	1	4	2	2	6	3	17	-4.71981	-2.44631	-4.55634	-5.48496
24	4	7	10	4	1	7	1	-1.81652	-3.7915	-2.59254	-1.98005
25	2	1	21	3	2	1	5	-2.93353	-2.4861	-4.33071	-4.40746
26	8	10	2	2	11	12	6	-3.94166	-7.31594	-7.02963	-6.56162
27	2	4	2	2	6	1	5	-6.10972	-4.82961	-5.95018	-7.6817
28	2	1	12	3	2	1	5	-2.62601	-2.11279	-3.59801	-4.5747
29	2	4	1	2	2	1	5	-2.76833	-3.64719	-4.09524	-4.06478
30	4	7	10	4	1	7	1	-1.81652	-3.7915	-2.59254	-1.98005
31	10	1	16	19	10	5	7	-6.55466	-2.74438	-4.20911	-5.24854
32	1	2	3	4	5	9	3	-4.71018	-2.48568	-3.63004	-4.96796
33	2	4	1	2	2	1	5	-2.76833	-3.64719	-4.09524	-4.06478
34	2	4	1	2	2	1	5	-2.76833	-3.64719	-4.09524	-4.06478
35	2	4	1	2	2	1	5	-2.76833	-3.64719	-4.09524	-4.06478
36	4	7	10	4	1	7	1	-1.81652	-3.7915	-2.59254	-1.98005
37	129	66	30	82	189	47	17	-3.23543	-4.87552	-5.33475	-4.14645
38	2	1	12	3	357	1	5	-7.22243	-6.44008	-6.43201	-6.56403
39	9	2	4	62	4	5	6	-3.70512	-5.20604	-5.68402	-6.19686
40	2	1	1	3	2	1	5	-4.6272	-3.78302	-6.23679	-6.78401
41	2	1	12	3	357	1	5	-7.22243	-6.44008	-6.43201	-6.56403
42	2	1	5	3	2	3	5	-4.24751	-3.24868	-5.39244	-4.79758
43	2	1	5	3	2	3	5	-4.24751	-3.24868	-5.39244	-4.79758
44	2	4	1	2	2	1	5	-2.76833	-3.64719	-4.09524	-4.06478
45	2	4	1	2	2	1	5	-2.76833	-3.64719	-4.09524	-4.06478
46	2	4	2	2	6	1	5	-6.10972	-4.82961	-5.95018	-7.6817
47	1	4	2	2	6	3	17	-4.71981	-2.44631	-4.55634	-5.48496
48	2	1	21	3	2	1	5	-2.93353	-2.4861	-4.33071	-4.40746
49	2	1	2	3	2	3	5	-3.7459	-7.06849	-6.82801	-6.35557
50	2	1	21	3	2	1	5	-2.93353	-2.4861	-4.33071	-4.40746
51	7	17	2	15	23	3	12	-6.88814	-10.3132	-9.97754	-9.50845
52	2	4	1	2	7	1	5	-2.2943	-5.70703	-5.31333	-4.71148
53	9	2	4	62	4	5	6	-3.70512	-5.20604	-5.68402	-6.19686
54	2	4	1	2	7	1	5	-2.2943	-5.70703	-5.31333	-4.71148
55	9	2	4	62	4	5	6	-3.70512	-5.20604	-5.68402	-6.19686
56	2	1	12	88	2	1	5	-3.95216	-3.42657	-5.60782	-5.25333
57	2	1	5	3	2	3	5	-4.24751	-3.24868	-5.39244	-4.79758
58	2	4	1	2	2	1	5	-2.76833	-3.64719	-4.09524	-4.06478
59	9	2	4	62	4	5	6	-3.70512	-5.20604	-5.68402	-6.19686
60	2	1	5	3	2	3	5	-4.24751	-3.24868	-5.39244	-4.79758
61	2	4	1	2	2	1	5	-2.76833	-3.64719	-4.09524	-4.06478
62	2	4	1	2	2	1	5	-2.76833	-3.64719	-4.09524	-4.06478
63	2	4	1	2	2	1	5	-2.76833	-3.64719	-4.09524	-4.06478
64	2	4	1	2	2	1	5	-2.76833	-3.64719	-4.09524	-4.06478
65	2	4	1	2	2	1	5	-2.76833	-3.64719	-4.09524	-4.06478
66	2	4	1	2	2	1	5	-2.76833	-3.64719	-4.09524	-4.06478
67	1	2	215	4	90	24	8	-31.9878	-28.9341	-22.1752	-18.9964
68	2	4	1	2	2	1	5	-2.76833	-3.64719	-4.09524	-4.06478
69	1	2	3	4	5	9	3	-4.71018	-2.48568	-3.63004	-4.96796
70	2	4	1	2	2	1	5	-2.76833	-3.64719	-4.09524	-4.06478
71	2	4	1	2	2	1	5	-2.76833	-3.64719	-4.09524	-4.06478
72	9	25	2	10	22	3	6	-4.45687	-7.59789	-5.87457	-4.41615
73	2	15	4	48	360	25	23	-6.68537	-8.91542	-5.70258	-4.99738
74	2	4	1	2	2	1	5	-2.76833	-3.64719	-4.09524	-4.06478
75	2	1	12	88	2	1	5	-3.95216	-3.42657	-5.60782	-5.25333
76	2	4	2	2	6	1	5	-6.10972	-4.82961	-5.95018	-7.6817
77	10	1	16	19	10	5	7	-6.55466	-2.74438	-4.20911	-5.24854
78	2	4	1	2	2	1	5	-2.76833	-3.64719	-4.09524	-4.06478
79	2	1	12	3	2	1	5	-2.62601	-2.11279	-3.59801	-4.5747
80	2	4	1	2	2	1	5	-2.76833	-3.64719	-4.09524	-4.06478
81	2	4	1	2	2	1	5	-2.76833	-3.64719	-4.09524	-4.06478
82	1	4	2	2	6	3	17	-4.71981	-2.44631	-4.55634	-5.48496
83	10	1	16	19	10	5	7	-6.55466	-2.74438	-4.20911	-5.24854
84	8	10	149	2	11	12	6	-4.88872	-3.96905	-5.63727	-6.86455
85	2	4	1	2	2	1	5	-2.76833	-3.64719	-4.09524	-4.06478
86	2	4	1	2	7	1	5	-2.2943	-5.70703	-5.31333	-4.71148
87	32	39	30	82	104	324	17	-8.60845	-4.67511	-7.35413	-8.59519
88	1	2	3	4	5	9	3	-4.71018	-2.48568	-3.63004	-4.96796
89	2	1	5	3	2	3	5	-4.24751	-3.24868	-5.39244	-4.79758
90	2	4	1	2	2	1	5	-2.76833	-3.64719	-4.09524	-4.06478
91	2	4	1	2	7	1	5	-2.2943	-5.70703	-5.31333	-4.71148
92	4	7	10	4	1	7	1	-1.81652	-3.7915	-2.59254	-1.98005
93	2	1	2	3	2	3	5	-3.7459	-7.06849	-6.82801	-6.35557
94	2	1	12	3	2	1	5	-2.62601	-2.11279	-3.59801	-4.5747
95	2	1	21	3	2	1	5	-2.93353	-2.4861	-4.33071	-4.40746
96	2	1	21	3	2	1	5	-2.93353	-2.4861	-4.33071	-4.40746
97	9	2	5	2	11	3	1	-29.5407	-31.6328	-28.5777	-25.617
98	4	7	10	4	1	7	1	-1.81652	-3.7915	-2.59254	-1.98005
99	2	1	2	3	2	3	5	-3.7459	-7.06849	-6.82801	-6.35557
100	2	1	21	3	2	1	5	-2.93353	-2.4861	-4.33071	-4.40746
101	4	7	10	4	1	7	1	-1.81652	-3.7915	-2.59254	-1.98005
102	2	1	21	3	2	1	5	-2.93353	-2.4861	-4.33071	-4.40746
103	1	4	2	2	6	3	17	-4.71981	-2.44631	-4.55634	-5.48496
104	2	4	5	2	10	1	5	-6.88119	-10.2934	-9.96417	-9.49418
105	2	1	12	88	2	1	5	-3.95216	-3.42657	-5.60782	-5.25333
106	9	2	4	62	4	5	6	-3.70512	-5.20604	-5.68402	-6.19686
107	2	165	73	147	220	190	104	-8.73805	-9.75477	-6.92088	-5.33084
108	2	1	21	3	2	1	5	-2.93353	-2.4861	-4.33071	-4.40746
109	2	4	1	2	2	1	5	-2.76833	-3.64719	-4.09524	-4.06478
110	2	1	12	3	11	1	6	-19.0514	-17.6405	-20.3962	-20.1036
111	2	1	2	3	2	3	5	-3.7459	-7.06849	-6.82801	-6.35557
112	2	4	1	2	7	1	5	-2.2943	-5.70703	-5.31333	-4.71148
113	2	1	2	3	2	3	5	-3.7459	-7.06849	-6.82801	-6.35557
114	2	1	21	3	2	1	5	-2.93353	-2.4861	-4.33071	-4.40746
115	2	4	1	2	7	1	5	-2.2943	-5.70703	-5.31333	-4.71148
116	33	39	30	82	113	43	17	-9.92778	-6.44869	-6.18267	-8.59654
117	2	4	1	2	2	1	5	-2.76833	-3.64719	-4.09524	-4.06478
118	2	4	1	2	2	1	5	-2.76833	-3.64719	-4.09524	-4.06478
119	2	4	1	2	2	1	5	-2.76833	-3.64719	-4.09524	-4.06478
120	2	4	1	2	7	1	5	-2.2943	-5.70703	-5.31333	-4.71148
121	4	7	10	1	1	7	1	-5.25996	-8.47491	-5.97029	-6.12194
122	2	1	12	3	2	1	5	-2.62601	-2.11279	-3.59801	-4.5747
123	2	4	1	2	2	1	5	-2.76833	-3.64719	-4.09524	-4.06478
124	2	4	1	2	2	1	5	-2.76833	-3.64719	-4.09524	-4.06478
125	2	4	1	2	7	1	5	-2.2943	-5.70703	-5.31333	-4.71148
126	2	4	1	2	2	1	5	-2.76833	-3.64719	-4.09524	-4.06478
127	2	4	1	2	2	1	5	-2.76833	-3.64719	-4.09524	-4.06478
128	2	1	12	88	2	1	5	-3.95216	-3.42657	-5.60782	-5.25333
129	2	1	12	3	2	1	5	-2.62601	-2.11279	-3.59801	-4.5747
130	2	1	12	3	2	1	5	-2.62601	-2.11279	-3.59801	-4.5747
131	2	4	1	2	7	1	5	-2.2943	-5.70703	-5.31333	-4.71148
132	2	1	21	3	2	1	5	-2.93353	-2.4861	-4.33071	-4.40746
133	2	1	21	3	2	1	5	-2.93353	-2.4861	-4.33071	-4.40746
134	2	4	5	2	2	5	5	-3.66022	-7.04926	-6.49667	-5.65317
135	2	1	21	3	2	1	5	-2.93353	-2.4861	-4.33071	-4.40746
136	1	4	2	2	6	3	1	-11.5723	-10.0341	-10.5918	-10.8023
137	2	1	5	3	2	3	5	-4.24751	-3.24868	-5.39244	-4.79758
138	2	1	5	3	2	3	5	-4.24751	-3.24868	-5.39244	-4.79758
139	4	7	10	4	1	7	1	-1.81652	-3.7915	-2.59254	-1.98005
140	8	10	2	2	11	12	6	-3.94166	-7.31594	-7.02963	-6.56162
141	2	1	2	3	2	3	5	-3.7459	-7.06849	-6.82801	-6.35557
142	2	1	5	3	2	3	5	-4.24751	-3.24868	-5.39244	-4.79758
143	2	1	2	3	2	3	5	-3.7459	-7.06849	-6.82801	-6.35557
144	129	66	30	82	189	47	17	-3.23543	-4.87552	-5.33475	-4.14645
145	2	4	1	2	2	1	5	-2.76833	-3.64719	-4.09524	-4.06478
146	2	4	1	2	2	1	5	-2.76833	-3.64719	-4.09524	-4.06478
147	7	21	5	62	4	61	44	-7.72988	-3.82845	-5.66775	-7.44442
148	2	4	1	2	2	1	5	-2.76833	-3.64719	-4.09524	-4.06478
149	2	937	1	2	2	1	5	-7.28598	-7.97566	-6.91818	-6.03541
150	1	14	2	2	6	1	17	-9.38331	-6.43912	-7.73327	-6.41115
151	1	4	2	2	6	3	17	-4.71981	-2.44631	-4.55634	-5.48496
152	8	10	149	2	11	12	6	-4.88872	-3.96905	-5.63727	-6.86455
153	2	1	12	3	2	1	5	-2.62601	-2.11279	-3.59801	-4.5747
154	9	30	2	2	89	59	6	-4.94071	-8.36681	-8.03067	-7.56098
155	1	2	3	4	5	9	3	-4.71018	-2.48568	-3.63004	-4.96796
156	2	4	1	2	2	1	5	-2.76833	-3.64719	-4.09524	-4.06478
157	2	4	1	2	2	1	5	-2.76833	-3.64719	-4.09524	-4.06478
158	180	194	2	68	19	231	147	-28.2567	-30.3811	-22.5478	-17.8523
159	2	4	1	2	2	1	5	-2.76833	-3.64719	-4.09524	-4.06478
160	2	4	1	2	2	1	5	-2.76833	-3.64719	-4.09524	-4.06478
161	2	4	1	2	2	1	5	-2.76833	-3.64719	-4.09524	-4.06478
162	4	7	10	4	1	7	1	-1.81652	-3.7915	-2.59254	-1.98005
163	2	4	1	2	2	1	5	-2.76833	-3.64719	-4.09524	-4.06478
164	2	1	21	3	2	1	5	-2.93353	-2.4861	-4.33071	-4.40746
165	2	4	1	2	7	1	5	-2.2943	-5.70703	-5.31333	-4.71148
166	2	4	1	2	2	1	5	-2.76833	-3.64719	-4.09524	-4.06478
167	10	1	16	19	10	5	7	-6.55466	-2.74438	-4.20911	-5.24854
168	104	7	10	4	1	7	1	-4.39749	-7.82856	-7.47643	-6.99321
169	2	4	1	2	2	1	5	-2.76833	-3.64719	-4.09524	-4.06478
170	10	27	16	19	10	5	7	-20.9729	-12.839	-16.1872	-17.2715
171	2	4	1	2	2	1	5	-2.76833	-3.64719	-4.09524	-4.06478
172	2	1	1	3	2	1	5	-4.6272	-3.78302	-6.23679	-6.78401
173	7	21	5	62	4	61	44	-7.72988	-3.82845	-5.66775	-7.44442
174	2	1	1	3	2	1	5	-4.6272	-3.78302	-6.23679	-6.78401
175	10	1	16	19	10	5	7	-6.55466	-2.74438	-4.20911	-5.24854
176	2	4	1	2	2	1	5	-2.76833	-3.64719	-4.09524	-4.06478
177	2	4	1	2	2	1	5	-2.76833	-3.64719	-4.09524	-4.06478
178	2	1	12	3	2	1	5	-2.62601	-2.11279	-3.59801	-4.5747
179	2	4	1	2	2	1	5	-2.76833	-3.64719	-4.09524	-4.06478
180	2	4	1	2	2	1	5	-2.76833	-3.64719	-4.09524	-4.06478
181	1	4	2	2	6	3	17	-4.71981	-2.44631	-4.55634	-5.48496
182	2	1	12	3	2	1	5	-2.62601	-2.11279	-3.59801	-4.5747
183	4	7	10	4	1	7	1	-1.81652	-3.7915	-2.59254	-1.98005
184	2	4	1	2	2	1	5	-2.76833	-3.64719	-4.09524	-4.06478
185	2	4	1	2	2	1	5	-2.76833	-3.64719	-4.09524	-4.06478
186	2	1	21	3	2	1	5	-2.93353	-2.4861	-4.33071	-4.40746
187	4	7	10	4	1	7	1	-1.81652	-3.7915	-2.59254	-1.98005
188	4	7	10	4	42	51	1	-2.91799	-4.63369	-4.75469	-3.80079
189	2	1	5	3	2	3	5	-4.24751	-3.24868	-5.39244	-4.79758
190	1	2	4	62	4	5	17	-6.12245	-4.84494	-7.3698	-8.09833
191	4	7	10	4	1	7	1	-1.81652	-3.7915	-2.59254	-1.98005
192	4	7	10	4	42	51	1	-2.91799	-4.63369	-4.75469	-3.80079
193	2	1	21	3	2	1	5	-2.93353	-2.4861	-4.33071	-4.40746
194	4	7	10	4	42	51	1	-2.91799	-4.63369	-4.75469	-3.80079
195	2	4	1	2	7	1	5	-2.2943	-5.70703	-5.31333	-4.71148
196	2	4	1	2	2	1	5	-2.76833	-3.64719	-4.09524	-4.06478
197	1	2	3	4	5	9	3	-4.71018	-2.48568	-3.63004	-4.96796
198	1	2	4	62	4	5	17	-6.12245	-4.84494	-7.3698	-8.09833
199	2	250	4	281	358	25	57	-30.3677	-30.6358	-19.7798	-17.3048
200	9	2	4	62	4	5	6	-3.70512	-5.20604	-5.68402	-6.19686
201	1	2	3	4	5	9	3	-4.71018	-2.48568	-3.63004	-4.96796
202	4	7	10	4	1	7	1	-1.81652	-3.7915	-2.59254	-1.98005
203	2	4	2	4	19	3	6	-5.78532	-9.20585	-8.87065	-8.39618
204	4	7	10	4	1	7	1	-1.81652	-3.7915	-2.59254	-1.98005
205	4	7	10	4	42	51	1	-2.91799	-4.63369	-4.75469	-3.80079
206	2	1	12	3	2	1	5	-2.62601	-2.11279	-3.59801	-4.5747
207	4	7	10	4	1	7	1	-1.81652	-3.7915	-2.59254	-1.98005
208	2	1	12	3	2	1	5	-2.62601	-2.11279	-3.59801	-4.5747
209	1	2	4	62	4	5	17	-6.12245	-4.84494	-7.3698	-8.09833
210	4	7	10	4	42	51	1	-2.91799	-4.63369	-4.75469	-3.80079
211	2	4	1	2	2	1	5	-2.76833	-3.64719	-4.09524	-4.06478
212	4	7	10	4	1	7	1	-1.81652	-3.7915	-2.59254	-1.98005
213	2	1	21	3	2	1	5	-2.93353	-2.4861	-4.33071	-4.40746
214	47	2	4	2	6	5	17	-11.1816	-10.6465	-6.23274	-8.77819
215	2	1	21	3	2	1	5	-2.93353	-2.4861	-4.33071	-4.40746
216	2	1	21	3	2	1	5	-2.93353	-2.4861	-4.33071	-4.40746
217	2	4	1	2	2	1	5	-2.76833	-3.64719	-4.09524	-4.06478
218	2	4	1	2	2	1	5	-2.76833	-3.64719	-4.09524	-4.06478
219	10	81	50	99	120	76	52	-6.69487	-6.38576	-5.28874	-5.25373
220	2	4	1	2	2	1	5	-2.76833	-3.64719	-4.09524	-4.06478
221	2	4	1	2	2	1	5	-2.76833	-3.64719	-4.09524	-4.06478
222	1	4	2	2	6	3	17	-4.71981	-2.44631	-4.55634	-5.48496
223	1	2	4	62	4	5	17	-6.12245	-4.84494	-7.3698	-8.09833
224	4	7	10	4	1	7	1	-1.81652	-3.7915	-2.59254	-1.98005
225	4	7	10	4	1	7	1	-1.81652	-3.7915	-2.59254	-1.98005
226	10	1	16	19	10	5	7	-6.55466	-2.74438	-4.20911	-5.24854
227	2	4	1	2	2	1	5	-2.76833	-3.64719	-4.09524	-4.06478
228	2	4	1	2	7	1	5	-2.2943	-5.70703	-5.31333	-4.71148
229	1	4	2	348	6	3	17	-9.3008	-5.36017	-8.04214	-9.28492
230	1	2	4	62	4	5	17	-6.12245	-4.84494	-7.3698	-8.09833
231	10	27	16	19	10	5	7	-20.9729	-12.839	-16.1872	-17.2715
232	1	4	2	2	6	3	17	-4.71981	-2.44631	-4.55634	-5.48496
233	4	7	10	4	42	51	1	-2.91799	-4.63369	-4.75469	-3.80079
234	2	4	1	2	2	1	5	-2.76833	-3.64719	-4.09524	-4.06478
235	2	1	12	3	2	1	5	-2.62601	-2.11279	-3.59801	-4.5747
236	2	1	12	88	2	1	5	-3.95216	-3.42657	-5.60782	-5.25333
237	2	4	1	2	7	1	5	-2.2943	-5.70703	-5.31333	-4.71148
238	2	1	12	3	2	1	5	-2.62601	-2.11279	-3.59801	-4.5747
239	1	4	2	2	6	3	17	-4.71981	-2.44631	-4.55634	-5.48496
240	2	1	4	28	58	25	58	-5.6526	-8.18192	-5.34884	-4.31286
241	2	1	5	3	2	3	5	-4.24751	-3.24868	-5.39244	-4.79758
242	2	1	12	3	2	1	5	-2.62601	-2.11279	-3.59801	-4.5747
243	2	4	1	2	2	1	5	-2.76833	-3.64719	-4.09524	-4.06478
244	2	1	5	10	11	1	5	-27.5966	-22.396	-24.4255	-24.9087
245	2	1	12	3	2	1	5	-2.62601	-2.11279	-3.59801	-4.5747
246	2	1	12	88	2	1	5	-3.95216	-3.42657	-5.60782	-5.25333
247	2	1	12	3	2	1	5	-2.62601	-2.11279	-3.59801	-4.5747
248	2	1	12	3	2	1	5	-2.62601	-2.11279	-3.59801	-4.5747
249	1	4	2	2	6	3	17	-4.71981	-2.44631	-4.55634	-5.48496
250	9	2	4	62	4	5	6	-3.70512	-5.20604	-5.68402	-6.19686
251	2	1	12	3	2	1	5	-2.62601	-2.11279	-3.59801	-4.5747
252	8	10	149	2	11	12	6	-4.88872	-3.96905	-5.63727	-6.86455
253	2	1	21	3	2	1	5	-2.93353	-2.4861	-4.33071	-4.40746
254	1	2	3	4	5	9	3	-4.71018	-2.48568	-3.63004	-4.96796
255	2	1	5	3	2	3	5	-4.24751	-3.24868	-5.39244	-4.79758
256	1	307	3	4	5	9	3	-6.84503	-6.42639	-6.15009	-8.25387
257	1	4	2	2	6	3	17	-4.71981	-2.44631	-4.55634	-5.48496
258	2	4	1	2	7	1	5	-2.2943	-5.70703	-5.31333	-4.71148
259	2	4	1	2	2	1	5	-2.76833	-3.64719	-4.09524	-4.06478
260	2	61	4	64	126	7	23	-6.00266	-8.41596	-5.89828	-4.3238
261	7	21	5	62	4	61	44	-7.72988	-3.82845	-5.66775	-7.44442
262	2	1	12	3	2	1	5	-2.62601	-2.11279	-3.59801	-4.5747
263	2	4	1	2	2	1	5	-2.76833	-3.64719	-4.09524	-4.06478
264	2	1	12	3	2	1	5	-2.62601	-2.11279	-3.59801	-4.5747
265	2	1	21	3	2	1	5	-2.93353	-2.4861	-4.33071	-4.40746
266	2	1	21	3	2	1	5	-2.93353	-2.4861	-4.33071	-4.40746
267	2	4	1	2	2	1	5	-2.76833	-3.64719	-4.09524	-4.06478
268	2	4	1	2	2	1	5	-2.76833	-3.64719	-4.09524	-4.06478
269	2	4	1	2	7	1	5	-2.2943	-5.70703	-5.31333	-4.71148
270	4	7	10	4	1	7	1	-1.81652	-3.7915	-2.59254	-1.98005
271	1	2	4	62	4	5	17	-6.12245	-4.84494	-7.3698	-8.09833
272	4	1	21	3	2	1	5	-9.86316	-10.1704	-10.4898	-9.79596
273	10	1	16	19	10	5	7	-6.55466	-2.74438	-4.20911	-5.24854
274	33	283	44	82	189	44	17	-7.29982	-3.46882	-5.42142	-6.04205
275	2	1	12	3	2	1	5	-2.62601	-2.11279	-3.59801	-4.5747
276	10	81	50	99	120	76	52	-6.69487	-6.38576	-5.28874	-5.25373
277	4	7	10	4	42	25	1	-8.63006	-9.41111	-5.81278	-5.26233
278	2	4	1	2	2	1	5	-2.76833	-3.64719	-4.09524	-4.06478
279	2	4	5	2	10	1	5	-6.88119	-10.2934	-9.96417	-9.49418
280	2	4	1	2	2	1	5	-2.76833	-3.64719	-4.09524	-4.06478
281	9	2	4	62	4	5	6	-3.70512	-5.20604	-5.68402	-6.19686
282	4	7	10	4	1	7	1	-1.81652	-3.7915	-2.59254	-1.98005
283	2	1	12	3	2	1	5	-2.62601	-2.11279	-3.59801	-4.5747
284	9	2	4	62	4	5	6	-3.70512	-5.20604	-5.68402	-6.19686
285	9	2	4	62	4	5	6	-3.70512	-5.20604	-5.68402	-6.19686
286	2	4	1	2	2	1	5	-2.76833	-3.64719	-4.09524	-4.06478
287	2	1	12	88	2	1	5	-3.95216	-3.42657	-5.60782	-5.25333
288	2	1	21	3	2	1	5	-2.93353	-2.4861	-4.33071	-4.40746
289	33	39	30	79	113	44	17	-26.5277	-24.0456	-24.8676	-26.0915
290	1	2	3	4	5	9	3	-4.71018	-2.48568	-3.63004	-4.96796
291	1	4	2	2	6	3	17	-4.71981	-2.44631	-4.55634	-5.48496
292	9	2	4	62	4	5	6	-3.70512	-5.20604	-5.68402	-6.19686
293	2	1	12	3	2	1	5	-2.62601	-2.11279	-3.59801	-4.5747
294	2	1	5	3	2	5	5	-5.70595	-2.82774	-4.11483	-5.55499
295	2	1	5	3	2	5	5	-5.70595	-2.82774	-4.11483	-5.55499
296	2	4	1	2	2	1	5	-2.76833	-3.64719	-4.09524	-4.06478
297	2	4	1	2	2	1	5	-2.76833	-3.64719	-4.09524	-4.06478
298	2	1	21	3	2	1	5	-2.93353	-2.4861	-4.33071	-4.40746
299	32	39	30	82	104	324	17	-8.60845	-4.67511	-7.35413	-8.59519
300	2	1	12	3	2	1	5	-2.62601	-2.11279	-3.59801	-4.5747
301	4	7	10	4	1	7	1	-1.81652	-3.7915	-2.59254	-1.98005
302	1	4	2	2	6	3	5	-9.1368	-5.26466	-7.96854	-9.19146
303	2	1	21	3	2	1	5	-2.93353	-2.4861	-4.33071	-4.40746
304	4	7	10	4	42	51	1	-2.91799	-4.63369	-4.75469	-3.80079
305	2	4	1	2	7	1	5	-2.2943	-5.70703	-5.31333	-4.71148
306	7	21	5	62	4	61	44	-7.72988	-3.82845	-5.66775	-7.44442
307	104	7	10	4	1	7	1	-4.39749	-7.82856	-7.47643	-6.99321
308	9	25	2	10	22	3	6	-4.45687	-7.59789	-5.87457	-4.41615
309	2	4	2	2	6	3	17	-10.985	-7.6918	-10.2148	-10.6029
310	2	4	1	2	7	1	5	-2.2943	-5.70703	-5.31333	-4.71148
311	129	66	30	82	189	47	17	-3.23543	-4.87552	-5.33475	-4.14645
312	33	39	30	82	104	173	68	-5.41573	-3.97611	-6.52579	-7.31319
313	2	1	12	3	2	1	5	-2.62601	-2.11279	-3.59801	-4.5747
314	2	1	1	3	2	1	5	-4.6272	-3.78302	-6.23679	-6.78401
315	7	21	5	62	4	61	44	-7.72988	-3.82845	-5.66775	-7.44442
316	2	1	21	3	2	1	5	-2.93353	-2.4861	-4.33071	-4.40746
317	4	7	10	4	1	7	1	-1.81652	-3.7915	-2.59254	-1.98005
318	10	2	107	62	120	76	1	-6.83651	-9.85558	-7.88618	-6.38361
319	4	7	10	4	1	7	1	-1.81652	-3.7915	-2.59254	-1.98005
320	2	1	12	3	2	1	5	-2.62601	-2.11279	-3.59801	-4.5747
321	2	1	5	3	2	3	5	-4.24751	-3.24868	-5.39244	-4.79758
322	4	7	10	4	1	7	1	-1.81652	-3.7915	-2.59254	-1.98005
323	2	1	12	88	2	1	5	-3.95216	-3.42657	-5.60782	-5.25333
324	4	7	10	4	42	7	1	-6.57704	-8.73936	-5.58048	-4.73549
325	4	7	10	4	42	51	1	-2.91799	-4.63369	-4.75469	-3.80079
326	2	1	21	3	2	1	5	-2.93353	-2.4861	-4.33071	-4.40746
327	2	1	12	3	2	1	5	-2.62601	-2.11279	-3.59801	-4.5747
328	4	7	10	4	1	7	1	-1.81652	-3.7915	-2.59254	-1.98005
329	2	4	1	2	7	1	5	-2.2943	-5.70703	-5.31333	-4.71148
330	4	7	10	4	1	7	1	-1.81652	-3.7915	-2.59254	-1.98005
331	2	1	12	3	2	1	5	-2.62601	-2.11279	-3.59801	-4.5747
332	4	7	10	4	1	7	1	-1.81652	-3.7915	-2.59254	-1.98005
333	4	7	10	4	1	7	1	-1.81652	-3.7915	-2.59254	-1.98005
334	1	4	2	2	6	3	17	-4.71981	-2.44631	-4.55634	-5.48496
335	2	4	1	2	2	1	5	-2.76833	-3.64719	-4.09524	-4.06478
336	4	7	10	4	1	7	1	-1.81652	-3.7915	-2.59254	-1.98005
337	7	17	2	15	23	3	12	-6.88814	-10.3132	-9.97754	-9.50845
338	2	1	5	3	2	3	5	-4.24751	-3.24868	-5.39244	-4.79758
339	4	7	10	4	1	7	1	-1.81652	-3.7915	-2.59254	-1.98005
340	4	7	10	4	1	7	1	-1.81652	-3.7915	-2.59254	-1.98005
341	4	7	10	4	42	51	1	-2.91799	-4.63369	-4.75469	-3.80079
342	2	4	1	2	2	1	5	-2.76833	-3.64719	-4.09524	-4.06478
343	2	1	12	88	2	1	5	-3.95216	-3.42657	-5.60782	-5.25333
344	2	1	1	3	2	1	5	-4.6272	-3.78302	-6.23679	-6.78401
345	1	2	3	4	5	9	3	-4.71018	-2.48568	-3.63004	-4.96796
346	2	1	12	88	2	1	5	-3.95216	-3.42657	-5.60782	-5.25333
347	2	1	1	3	2	1	5	-4.6272	-3.78302	-6.23679	-6.78401
348	24	17	2	10	23	68	5	-9.70627	-5.77186	-8.45182	-9.69298
349	4	7	10	4	1	7	1	-1.81652	-3.7915	-2.59254	-1.98005
350	2	1	21	3	2	1	5	-2.93353	-2.4861	-4.33071	-4.40746
351	1	4	2	2	6	3	17	-4.71981	-2.44631	-4.55634	-5.48496
352	2	1	5	3	2	3	5	-4.24751	-3.24868	-5.39244	-4.79758
353	4	7	10	4	1	7	1	-1.81652	-3.7915	-2.59254	-1.98005
354	2	1	1	3	2	1	5	-4.6272	-3.78302	-6.23679	-6.78401
355	2	1	12	3	2	1	5	-2.62601	-2.11279	-3.59801	-4.5747
356	8	10	149	2	11	12	6	-4.88872	-3.96905	-5.63727	-6.86455
357	2	4	1	2	2	5	5	-6.81797	-6.39985	-8.68162	-9.0625
358	10	1	16	19	10	5	7	-6.55466	-2.74438	-4.20911	-5.24854
359	24	17	2	10	23	68	5	-9.70627	-5.77186	-8.45182	-9.69298
360	1	2	4	62	4	5	17	-6.12245	-4.84494	-7.3698	-8.09833
361	2	4	1	2	7	1	5	-2.2943	-5.70703	-5.31333	-4.71148
362	7	71	5	62	11	67	6	-30.6141	-27.9342	-27.1855	-25.9061
363	7	17	5	2	10	3	6	-25.9364	-24.1196	-23.9431	-22.2536
364	2	1	5	3	2	3	5	-4.24751	-3.24868	-5.39244	-4.79758
365	9	2	4	62	4	5	6	-3.70512	-5.20604	-5.68402	-6.19686
366	33	38	30	82	104	325	36	-14.9963	-10.8044	-11.9825	-12.3782
367	2	4	1	2	7	1	5	-2.2943	-5.70703	-5.31333	-4.71148
368	47	2	4	2	6	5	17	-11.1816	-10.6465	-6.23274	-8.77819
369	2	1	12	88	2	1	5	-3.95216	-3.42657	-5.60782	-5.25333
370	2	1	12	88	2	1	5	-3.95216	-3.42657	-5.60782	-5.25333
371	2	1	12	88	2	1	5	-3.95216	-3.42657	-5.60782	-5.25333
372	2	1	12	88	2	1	5	-3.95216	-3.42657	-5.60782	-5.25333
373	2	4	1	2	2	1	5	-2.76833	-3.64719	-4.09524	-4.06478
374	2	1	12	88	2	1	5	-3.95216	-3.42657	-5.60782	-5.25333
375	1	1	2	2	6	3	17	-10.1596	-6.17302	-8.90106	-10.0971
376	2	1	12	88	2	1	5	-3.95216	-3.42657	-5.60782	-5.25333
377	2	1	12	88	2	1	5	-3.95216	-3.42657	-5.60782	-5.25333
378	2	4	1	2	2	1	5	-2.76833	-3.64719	-4.09524	-4.06478
379	2	1	12	88	2	1	5	-3.95216	-3.42657	-5.60782	-5.25333
380	2	1	5	3	2	3	5	-4.24751	-3.24868	-5.39244	-4.79758
381	4	7	10	4	1	7	1	-1.81652	-3.7915	-2.59254	-1.98005
382	2	1	12	3	2	1	5	-2.62601	-2.11279	-3.59801	-4.5747
383	1	2	4	62	4	5	17	-6.12245	-4.84494	-7.3698	-8.09833
384	1	4	2	2	6	3	17	-4.71981	-2.44631	-4.55634	-5.48496
385	2	1	12	3	2	1	5	-2.62601	-2.11279	-3.59801	-4.5747
386	2	1	12	88	2	1	5	-3.95216	-3.42657	-5.60782	-5.25333
387	9	2	4	62	4	5	6	-3.70512	-5.20604	-5.68402	-6.19686
388	2	4	1	2	7	1	5	-2.2943	-5.70703	-5.31333	-4.71148
389	2	1	5	3	2	3	5	-4.24751	-3.24868	-5.39244	-4.79758
390	7	21	5	62	4	61	44	-7.72988	-3.82845	-5.66775	-7.44442
391	1	2	215	4	90	24	8	-31.9878	-28.9341	-22.1752	-18.9964
392	2	1	21	3	2	1	5	-2.93353	-2.4861	-4.33071	-4.40746
393	1	4	2	2	6	3	17	-4.71981	-2.44631	-4.55634	-5.48496
394	2	4	1	2	2	1	5	-2.76833	-3.64719	-4.09524	-4.06478
395	2	1	12	3	2	1	5	-2.62601	-2.11279	-3.59801	-4.5747
396	1	2	3	4	5	9	3	-4.71018	-2.48568	-3.63004	-4.96796
397	2	1	5	3	2	3	5	-4.24751	-3.24868	-5.39244	-4.79758
398	10	1	16	19	10	5	7	-6.55466	-2.74438	-4.20911	-5.24854
399	2	1	2	3	2	959	5	-8.33947	-10.9445	-9.63511	-8.33683
400	10	1	16	19	10	5	7	-6.55466	-2.74438	-4.20911	-5.24854
401	2	4	1	2	7	1	5	-2.2943	-5.70703	-5.31333	-4.71148
402	2	1	12	3	2	1	5	-2.62601	-2.11279	-3.59801	-4.5747
403	8	10	149	2	11	12	6	-4.88872	-3.96905	-5.63727	-6.86455
404	2	4	1	2	7	1	5	-2.2943	-5.70703	-5.31333	-4.71148
405	4	7	10	4	1	7	1	-1.81652	-3.7915	-2.59254	-1.98005
406	4	7	10	4	1	7	1	-1.81652	-3.7915	-2.59254	-1.98005
407	2	4	5	2	2	5	5	-3.66022	-7.04926	-6.49667	-5.65317
408	2	1	12	3	2	1	5	-2.62601	-2.11279	-3.59801	-4.5747
409	166	2	27	10	151	3	1	-33.461	-33.4771	-27.0543	-22.4913
410	33	39	30	79	113	44	17	-26.5277	-24.0456	-24.8676	-26.0915
411	7	17	2	15	23	3	12	-6.88814	-10.3132	-9.97754	-9.50845
412	1	2	3	4	5	9	3	-4.71018	-2.48568	-3.63004	-4.96796
413	2	4	1	2	7	1	5	-2.2943	-5.70703	-5.31333	-4.71148
414	7	21	5	62	4	61	44	-7.72988	-3.82845	-5.66775	-7.44442
415	2	1	12	3	2	1	5	-2.62601	-2.11279	-3.59801	-4.5747
416	1	2	3	4	5	9	3	-4.71018	-2.48568	-3.63004	-4.96796
417	2	1	5	88	2	11	5	-9.15502	-5.3455	-6.07391	-8.29935
418	2	4	1	2	7	1	5	-2.2943	-5.70703	-5.31333	-4.71148
419	2	1	21	3	2	1	5	-2.93353	-2.4861	-4.33071	-4.40746
420	7	17	2	15	23	3	12	-6.88814	-10.3132	-9.97754	-9.50845
421	2	1	5	88	2	11	5	-9.15502	-5.3455	-6.07391	-8.29935
422	47	2	4	2	6	5	17	-11.1816	-10.6465	-6.23274	-8.77819
423	1	2	3	4	5	9	3	-4.71018	-2.48568	-3.63004	-4.96796
424	7	17	2	15	23	3	12	-6.88814	-10.3132	-9.97754	-9.50845
425	2	4	1	2	2	1	5	-2.76833	-3.64719	-4.09524	-4.06478
426	2	4	1	2	2	1	5	-2.76833	-3.64719	-4.09524	-4.06478
427	2	4	1	2	2	1	5	-2.76833	-3.64719	-4.09524	-4.06478
428	2	1	12	3	2	1	5	-2.62601	-2.11279	-3.59801	-4.5747
429	2	4	5	2	2	5	5	-3.66022	-7.04926	-6.49667	-5.65317
430	2	1	21	3	2	1	5	-2.93353	-2.4861	-4.33071	-4.40746
431	4	7	10	4	42	25	1	-8.63006	-9.41111	-5.81278	-5.26233
432	1	4	2	2	6	3	17	-4.71981	-2.44631	-4.55634	-5.48496
433	1	2	215	4	923	24	8	-31.9878	-28.9341	-22.1752	-18.9964
434	1	2	3	4	5	9	3	-4.71018	-2.48568	-3.63004	-4.96796
435	2	1	1	3	2	1	5	-4.6272	-3.78302	-6.23679	-6.78401
436	1	4	2	2	6	3	17	-4.71981	-2.44631	-4.55634	-5.48496
437	2	4	1	2	2	1	5	-2.76833	-3.64719	-4.09524	-4.06478
438	2	1	5	3	2	5	5	-5.70595	-2.82774	-4.11483	-5.55499
439	4	7	10	4	42	51	1	-2.91799	-4.63369	-4.75469	-3.80079
440	4	7	10	4	1	7	1	-1.81652	-3.7915	-2.59254	-1.98005
441	4	7	10	4	1	7	1	-1.81652	-3.7915	-2.59254	-1.98005
442	4	7	10	4	1	7	1	-1.81652	-3.7915	-2.59254	-1.98005
443	2	1	21	3	2	1	5	-2.93353	-2.4861	-4.33071	-4.40746
444	2	1	21	3	2	1	5	-2.93353	-2.4861	-4.33071	-4.40746
445	2	4	1	2	7	1	5	-2.2943	-5.70703	-5.31333	-4.71148
446	4	7	10	4	1	7	1	-1.81652	-3.7915	-2.59254	-1.98005
447	4	7	10	4	1	7	1	-1.81652	-3.7915	-2.59254	-1.98005
448	2	1	1	3	2	1	5	-4.6272	-3.78302	-6.23679	-6.78401
449	2	1	21	3	2	1	5	-2.93353	-2.4861	-4.33071	-4.40746
450	2	1	21	3	2	1	5	-2.93353	-2.4861	-4.33071	-4.40746
451	4	7	10	4	42	51	1	-2.91799	-4.63369	-4.75469	-3.80079
452	4	7	10	1	1	7	1	-5.25996	-8.47491	-5.97029	-6.12194
453	239	27	16	19	10	5	7	-10.4015	-6.46691	-9.14559	-10.388
454	2	1	12	3	2	1	5	-2.62601	-2.11279	-3.59801	-4.5747
455	2	4	1	2	2	1	5	-2.76833	-3.64719	-4.09524	-4.06478
456	2	1	12	3	2	1	5	-2.62601	-2.11279	-3.59801	-4.5747
457	2	1	12	3	2	1	5	-2.62601	-2.11279	-3.59801	-4.5747
458	10	81	50	99	120	76	52	-6.69487	-6.38576	-5.28874	-5.25373
459	47	2	4	2	6	5	17	-11.1816	-10.6465	-6.23274	-8.77819
460	2	4	1	3	2	1	5	-6.82468	-8.61239	-9.49463	-9.24986
461	4	7	10	4	1	7	1	-1.81652	-3.7915	-2.59254	-1.98005
462	2	1	1	380	2	1	5	-6.15825	-5.73215	-8.08083	-8.45532
463	2	4	1	2	7	1	5	-2.2943	-5.70703	-5.31333	-4.71148
464	2	1	12	88	2	1	5	-3.95216	-3.42657	-5.60782	-5.25333
465	7	71	5	62	11	67	1	-32.4081	-28.1555	-26.3076	-25.3722
466	2	4	1	2	7	1	5	-2.2943	-5.70703	-5.31333	-4.71148
467	4	7	10	4	1	7	1	-1.81652	-3.7915	-2.59254	-1.98005
468	2	1	1	380	2	1	5	-6.15825	-5.73215	-8.08083	-8.45532
469	2	4	1	2	2	1	5	-2.76833	-3.64719	-4.09524	-4.06478
470	2	1	12	3	2	1	5	-2.62601	-2.11279	-3.59801	-4.5747
471	1	14	2	2	6	1	17	-9.38331	-6.43912	-7.73327	-6.41115
472	1	2	4	62	4	5	17	-6.12245	-4.84494	-7.3698	-8.09833
473	4	7	10	4	1	7	1	-1.81652	-3.7915	-2.59254	-1.98005
474	2	1	21	3	2	1	5	-2.93353	-2.4861	-4.33071	-4.40746
475	2	4	1	2	2	1	5	-2.76833	-3.64719	-4.09524	-4.06478
476	1	4	2	2	6	3	17	-4.71981	-2.44631	-4.55634	-5.48496
477	4	7	10	4	1	7	1	-1.81652	-3.7915	-2.59254	-1.98005
478	10	2	107	62	120	76	1	-6.83651	-9.85558	-7.88618	-6.38361
479	2	1	12	3	2	1	5	-2.62601	-2.11279	-3.59801	-4.5747
480	2	1	5	3	2	3	5	-4.24751	-3.24868	-5.39244	-4.79758
481	2	1	21	3	2	1	5	-2.93353	-2.4861	-4.33071	-4.40746
482	1	2	3	4	5	9	3	-4.71018	-2.48568	-3.63004	-4.96796
483	1	307	3	4	5	9	3	-6.84503	-6.42639	-6.15009	-8.25387
484	7	2	5	2	10	3	6	-31.9424	-27.5603	-28.5063	-27.8464
485	1	2	3	4	5	9	3	-4.71018	-2.48568	-3.63004	-4.96796
486	33	39	30	82	104	173	68	-5.41573	-3.97611	-6.52579	-7.31319
487	4	7	10	4	42	7	1	-6.57704	-8.73936	-5.58048	-4.73549
488	2	1	12	88	2	1	5	-3.95216	-3.42657	-5.60782	-5.25333
489	2	4	1	2	2	1	5	-2.76833	-3.64719	-4.09524	-4.06478
490	2	1	21	3	2	1	5	-2.93353	-2.4861	-4.33071	-4.40746
491	9	2	4	62	4	5	6	-3.70512	-5.20604	-5.68402	-6.19686
492	2	1	5	3	2	3	5	-4.24751	-3.24868	-5.39244	-4.79758
493	4	7	10	4	1	7	1	-1.81652	-3.7915	-2.59254	-1.98005
494	2	1	57	26	127	29	35	-6.87064	-9.76559	-6.20622	-8.36682
495	2	1	57	26	127	29	35	-6.87064	-9.76559	-6.20622	-8.36682
496	2	4	2	4	19	3	6	-5.78532	-9.20585	-8.87065	-8.39618
497	2	1	12	3	2	1	5	-2.62601	-2.11279	-3.59801	-4.5747
498	2	4	1	2	2	1	5	-2.76833	-3.64719	-4.09524	-4.06478
499	2	4	1	2	2	1	5	-2.76833	-3.64719	-4.09524	-4.06478
500	2	1	21	3	2	1	5	-2.93353	-2.4861	-4.33071	-4.40746
501	33	39	65	79	104	43	17	-4.58487	-8.01042	-7.6743	-7.20577
502	1	14	2	2	6	1	17	-9.38331	-6.43912	-7.73327	-6.41115
503	2	1	12	3	2	1	5	-2.62601	-2.11279	-3.59801	-4.5747
504	7	21	5	62	4	61	44	-7.72988	-3.82845	-5.66775	-7.44442
505	9	2	4	62	4	5	6	-3.70512	-5.20604	-5.68402	-6.19686
506	129	66	30	82	189	47	17	-3.23543	-4.87552	-5.33475	-4.14645
507	2	1	21	3	2	1	5	-2.93353	-2.4861	-4.33071	-4.40746
508	47	2	4	2	6	5	17	-11.1816	-10.6465	-6.23274	-8.77819
509	2	4	1	2	7	1	5	-2.2943	-5.70703	-5.31333	-4.71148
510	33	38	30	82	104	325	36	-14.9963	-10.8044	-11.9825	-12.3782
511	1	4	2	2	6	3	17	-4.71981	-2.44631	-4.55634	-5.48496
512	1	4	2	2	6	3	17	-4.71981	-2.44631	-4.55634	-5.48496
513	2	4	1	2	2	1	5	-2.76833	-3.64719	-4.09524	-4.06478
514	4	7	10	4	1	7	1	-1.81652	-3.7915	-2.59254	-1.98005
515	33	283	44	82	189	44	17	-7.29982	-3.46882	-5.42142	-6.04205
516	8	10	149	2	11	12	6	-4.88872	-3.96905	-5.63727	-6.86455
517	2	1	21	3	62	1	5	-5.783	-9.19288	-8.8683	-8.39775
518	10	1	16	19	10	5	7	-6.55466	-2.74438	-4.20911	-5.24854
519	180	194	2	68	19	231	147	-28.2567	-30.3811	-22.5478	-17.8523
520	2	4	1	2	7	1	5	-2.2943	-5.70703	-5.31333	-4.71148
521	2	4	2	2	6	1	5	-6.10972	-4.82961	-5.95018	-7.6817
522	1	2	3	4	5	9	3	-4.71018	-2.48568	-3.63004	-4.96796
523	2	1	21	3	2	1	5	-2.93353	-2.4861	-4.33071	-4.40746
524	2	1	12	3	2	1	5	-2.62601	-2.11279	-3.59801	-4.5747
525	2	1	5	3	2	3	5	-4.24751	-3.24868	-5.39244	-4.79758
526	1	307	3	4	5	9	3	-6.84503	-6.42639	-6.15009	-8.25387
527	2	4	1	2	7	1	5	-2.2943	-5.70703	-5.31333	-4.71148
528	2	1	12	3	2	1	5	-2.62601	-2.11279	-3.59801	-4.5747
529	7	21	5	62	4	61	44	-7.72988	-3.82845	-5.66775	-7.44442
530	2	1	5	3	2	3	5	-4.24751	-3.24868	-5.39244	-4.79758
531	2	1	12	88	2	1	5	-3.95216	-3.42657	-5.60782	-5.25333
532	2	1	21	3	2	1	5	-2.93353	-2.4861	-4.33071	-4.40746
533	1	4	2	2	6	3	17	-4.71981	-2.44631	-4.55634	-5.48496
534	2	4	1	2	7	1	5	-2.2943	-5.70703	-5.31333	-4.71148
535	47	2	4	2	6	5	17	-11.1816	-10.6465	-6.23274	-8.77819
536	1	4	2	2	6	3	17	-4.71981	-2.44631	-4.55634	-5.48496
537	1	2	3	4	5	9	3	-4.71018	-2.48568	-3.63004	-4.96796
538	2	4	1	2	2	1	5	-2.76833	-3.64719	-4.09524	-4.06478
539	4	7	10	4	42	7	1	-6.57704	-8.73936	-5.58048	-4.73549
540	2	4	1	9	2	1	5	-7.34877	-7.98168	-6.9293	-6.05209
541	2	1	12	3	2	1	5	-2.62601	-2.11279	-3.59801	-4.5747
542	1	4	2	9	6	3	17	-9.30647	-6.73095	-7.36316	-7.45461
543	1	2	3	4	922	9	3	-9.30581	-6.82211	-6.46659	-6.9588
544	4	7	10	4	1	7	1	-1.81652	-3.7915	-2.59254	-1.98005
545	2	1	5	3	2	3	5	-4.24751	-3.24868	-5.39244	-4.79758
546	2	4	1	2	7	1	5	-2.2943	-5.70703	-5.31333	-4.71148
547	4	7	10	4	1	7	1	-1.81652	-3.7915	-2.59254	-1.98005
548	2	4	1	2	2	1	5	-2.76833	-3.64719	-4.09524	-4.06478
549	2	1	21	3	2	1	5	-2.93353	-2.4861	-4.33071	-4.40746
550	4	7	10	4	1	7	1	-1.81652	-3.7915	-2.59254	-1.98005
551	1	4	2	2	6	3	17	-4.71981	-2.44631	-4.55634	-5.48496
552	2	1	5	3	2	5	5	-5.70595	-2.82774	-4.11483	-5.55499
553	2	1	12	3	2	1	5	-2.62601	-2.11279	-3.59801	-4.5747
554	4	936	10	4	1	7	1	-6.40678	-8.12477	-5.40375	-3.97356
555	180	194	2	68	19	231	147	-28.2567	-30.3811	-22.5478	-17.8523
556	4	7	10	4	42	51	1	-2.91799	-4.63369	-4.75469	-3.80079
557	4	7	10	4	42	25	1	-8.63006	-9.41111	-5.81278	-5.26233
558	2	1	21	3	2	1	5	-2.93353	-2.4861	-4.33071	-4.40746
559	2	1	5	3	2	3	5	-4.24751	-3.24868	-5.39244	-4.79758
560	2	1	5	3	2	3	5	-4.24751	-3.24868	-5.39244	-4.79758
561	4	7	10	4	42	51	1	-2.91799	-4.63369	-4.75469	-3.80079
562	4	7	10	4	1	7	1	-1.81652	-3.7915	-2.59254	-1.98005
563	2	4	1	2	7	1	5	-2.2943	-5.70703	-5.31333	-4.71148
564	2	1	21	3	2	1	5	-2.93353	-2.4861	-4.33071	-4.40746
565	1	4	2	2	6	3	17	-4.71981	-2.44631	-4.55634	-5.48496
566	188	313	5	2	89	5	6	-41.3006	-36.2945	-36.7157	-37.7271
567	2	1	21	3	2	1	5	-2.93353	-2.4861	-4.33071	-4.40746
568	2	1	1	3	2	1	5	-4.6272	-3.78302	-6.23679	-6.78401
569	2	1	5	3	2	3	5	-4.24751	-3.24868	-5.39244	-4.79758
570	2	4	1	2	2	1	5	-2.76833	-3.64719	-4.09524	-4.06478
571	2	1	5	3	2	3	5	-4.24751	-3.24868	-5.39244	-4.79758
572	2	1	1	3	2	1	5	-4.6272	-3.78302	-6.23679	-6.78401
573	2	1	5	3	2	3	5	-4.24751	-3.24868	-5.39244	-4.79758
574	1	4	2	2	6	3	17	-4.71981	-2.44631	-4.55634	-5.48496
575	1	4	2	2	6	3	17	-4.71981	-2.44631	-4.55634	-5.48496
576	2	1	21	3	2	1	5	-2.93353	-2.4861	-4.33071	-4.40746
577	239	27	16	19	10	5	7	-10.4015	-6.46691	-9.14559	-10.388
578	2	4	5	2	2	5	5	-3.66022	-7.04926	-6.49667	-5.65317
579	9	2	4	62	4	5	6	-3.70512	-5.20604	-5.68402	-6.19686
580	2	1	1	3	2	1	5	-4.6272	-3.78302	-6.23679	-6.78401
581	2	1	5	3	2	3	5	-4.24751	-3.24868	-5.39244	-4.79758
582	1	4	2	2	6	3	17	-4.71981	-2.44631	-4.55634	-5.48496
583	2	4	5	2	2	5	5	-3.66022	-7.04926	-6.49667	-5.65317
584	2	4	5	2	2	5	5	-3.66022	-7.04926	-6.49667	-5.65317
585	2	1	5	3	2	3	5	-4.24751	-3.24868	-5.39244	-4.79758
586	2	1	1	380	2	1	5	-6.15825	-5.73215	-8.08083	-8.45532
587	2	7	10	4	1	7	1	-6.60115	-8.78837	-8.08499	-7.01256
588	2	1	12	3	2	1	5	-2.62601	-2.11279	-3.59801	-4.5747
589	2	4	1	2	2	1	5	-2.76833	-3.64719	-4.09524	-4.06478
590	9	2	4	62	4	5	6	-3.70512	-5.20604	-5.68402	-6.19686
591	2	4	5	2	2	5	5	-3.66022	-7.04926	-6.49667	-5.65317
592	1	4	2	2	6	3	17	-4.71981	-2.44631	-4.55634	-5.48496
593	1	4	2	2	6	5	17	-12.9965	-8.75519	-11.6147	-13.2864
594	2	4	2	2	6	1	5	-6.10972	-4.82961	-5.95018	-7.6817
595	1	4	2	2	6	5	17	-12.9965	-8.75519	-11.6147	-13.2864
596	2	23	21	3	2	1	5	-7.53002	-6.82691	-7.16886	-6.40032
597	7	21	5	62	4	61	44	-7.72988	-3.82845	-5.66775	-7.44442
598	2	4	1	2	2	1	5	-2.76833	-3.64719	-4.09524	-4.06478
599	1	307	3	4	5	9	3	-6.84503	-6.42639	-6.15009	-8.25387
600	1	2	3	4	5	9	3	-4.71018	-2.48568	-3.63004	-4.96796
601	9	2	4	62	4	5	6	-3.70512	-5.20604	-5.68402	-6.19686
602	2	1	12	3	2	1	5	-2.62601	-2.11279	-3.59801	-4.5747
603	1	4	2	2	6	3	17	-4.71981	-2.44631	-4.55634	-5.48496
604	10	1	16	19	10	5	7	-6.55466	-2.74438	-4.20911	-5.24854
605	2	1	12	3	2	1	5	-2.62601	-2.11279	-3.59801	-4.5747
606	180	194	2	68	19	231	147	-28.2567	-30.3811	-22.5478	-17.8523
607	2	1	12	3	2	1	5	-2.62601	-2.11279	-3.59801	-4.5747
608	4	7	10	4	1	7	1	-1.81652	-3.7915	-2.59254	-1.98005
609	129	66	30	82	189	47	17	-3.23543	-4.87552	-5.33475	-4.14645
610	4	7	10	4	1	7	1	-1.81652	-3.7915	-2.59254	-1.98005
611	2	1	12	3	2	1	5	-2.62601	-2.11279	-3.59801	-4.5747
612	2	1	21	3	2	1	5	-2.93353	-2.4861	-4.33071	-4.40746
613	4	7	10	4	1	7	1	-1.81652	-3.7915	-2.59254	-1.98005
614	10	1	16	19	10	5	7	-6.55466	-2.74438	-4.20911	-5.24854
615	8	10	149	2	11	12	6	-4.88872	-3.96905	-5.63727	-6.86455
616	129	66	30	82	189	47	17	-3.23543	-4.87552	-5.33475	-4.14645
617	2	4	1	2	2	1	5	-2.76833	-3.64719	-4.09524	-4.06478
618	180	194	2	68	19	231	147	-28.2567	-30.3811	-22.5478	-17.8523
619	2	1	5	3	2	3	5	-4.24751	-3.24868	-5.39244	-4.79758
620	2	4	1	2	2	1	5	-2.76833	-3.64719	-4.09524	-4.06478
621	1	2	3	4	5	9	3	-4.71018	-2.48568	-3.63004	-4.96796
622	180	194	2	68	19	231	147	-28.2567	-30.3811	-22.5478	-17.8523
623	33	39	65	79	104	43	17	-4.58487	-8.01042	-7.6743	-7.20577
624	2	4	5	2	2	5	5	-3.66022	-7.04926	-6.49667	-5.65317
625	2	1	5	3	2	5	5	-5.70595	-2.82774	-4.11483	-5.55499
626	2	1	12	3	2	1	5	-2.62601	-2.11279	-3.59801	-4.5747
627	180	194	2	68	19	231	147	-28.2567	-30.3811	-22.5478	-17.8523
628	2	1	21	3	2	1	5	-2.93353	-2.4861	-4.33071	-4.40746
629	2	1	5	3	2	5	5	-5.70595	-2.82774	-4.11483	-5.55499
630	2	1	21	3	2	1	5	-2.93353	-2.4861	-4.33071	-4.40746
631	1	2	3	4	5	9	3	-4.71018	-2.48568	-3.63004	-4.96796
632	2	1	21	3	2	1	5	-2.93353	-2.4861	-4.33071	-4.40746
633	8	10	2	2	11	12	6	-3.94166	-7.31594	-7.02963	-6.56162
634	2	4	1	2	7	1	5	-2.2943	-5.70703	-5.31333	-4.71148
635	2	1	5	3	2	3	5	-4.24751	-3.24868	-5.39244	-4.79758
636	1	2	3	4	5	9	3	-4.71018	-2.48568	-3.63004	-4.96796
637	9	2	4	62	4	5	6	-3.70512	-5.20604	-5.68402	-6.19686
638	2	1	21	3	2	1	5	-2.93353	-2.4861	-4.33071	-4.40746
639	8	10	149	2	11	12	6	-4.88872	-3.96905	-5.63727	-6.86455
640	2	1	12	88	2	1	5	-3.95216	-3.42657	-5.60782	-5.25333
641	2	4	1	2	2	1	5	-2.76833	-3.64719	-4.09524	-4.06478
642	2	1	5	10	10	1	5	-23.6962	-23.3016	-23.2057	-22.9609
643	1	2	3	4	5	9	3	-4.71018	-2.48568	-3.63004	-4.96796
644	2	4	1	2	7	1	5	-2.2943	-5.70703	-5.31333	-4.71148
645	2	4	1	2	2	1	5	-2.76833	-3.64719	-4.09524	-4.06478
646	1	2	3	4	5	9	3	-4.71018	-2.48568	-3.63004	-4.96796
647	2	1	12	88	2	1	5	-3.95216	-3.42657	-5.60782	-5.25333
648	4	7	10	4	1	7	1	-1.81652	-3.7915	-2.59254	-1.98005
649	2	1	21	3	2	1	5	-2.93353	-2.4861	-4.33071	-4.40746
650	2	4	1	2	7	1	5	-2.2943	-5.70703	-5.31333	-4.71148
651	33	38	30	82	118	43	17	-20.4367	-18.8534	-20.6359	-21.2136
652	2	4	1	2	2	1	5	-2.76833	-3.64719	-4.09524	-4.06478
653	2	1	5	3	2	3	5	-4.24751	-3.24868	-5.39244	-4.79758
654	4	7	10	4	1	7	1	-1.81652	-3.7915	-2.59254	-1.98005
655	8	10	2	2	11	12	6	-3.94166	-7.31594	-7.02963	-6.56162
656	2	4	5	2	2	5	5	-3.66022	-7.04926	-6.49667	-5.65317
657	4	7	10	4	1	7	1	-1.81652	-3.7915	-2.59254	-1.98005
658	2	1	5	3	2	3	5	-4.24751	-3.24868	-5.39244	-4.79758
659	33	39	30	82	113	47	17	-5.76877	-5.74153	-7.94874	-8.16394
660	2	1	21	3	2	1	5	-2.93353	-2.4861	-4.33071	-4.40746
661	2	4	1	2	7	1	5	-2.2943	-5.70703	-5.31333	-4.71148
662	2	1	1	3	2	1	5	-4.6272	-3.78302	-6.23679	-6.78401
663	4	7	10	4	1	7	1	-1.81652	-3.7915	-2.59254	-1.98005
664	7	21	5	62	4	61	44	-7.72988	-3.82845	-5.66775	-7.44442
665	10	81	50	99	120	76	52	-6.69487	-6.38576	-5.28874	-5.25373
666	4	7	10	4	1	7	1	-1.81652	-3.7915	-2.59254	-1.98005
667	1	2	3	4	5	9	3	-4.71018	-2.48568	-3.63004	-4.96796
668	1	2	3	4	5	9	3	-4.71018	-2.48568	-3.63004	-4.96796
669	2	4	1	2	7	1	5	-2.2943	-5.70703	-5.31333	-4.71148
670	4	7	10	4	1	7	1	-1.81652	-3.7915	-2.59254	-1.98005
671	2	1	5	3	2	3	5	-4.24751	-3.24868	-5.39244	-4.79758
672	1	4	2	2	6	3	17	-4.71981	-2.44631	-4.55634	-5.48496
673	4	935	10	4	1	7	1	-6.40678	-8.12477	-5.40375	-3.97356
674	10	1	16	19	10	5	7	-6.55466	-2.74438	-4.20911	-5.24854
675	4	7	10	4	1	7	1	-1.81652	-3.7915	-2.59254	-1.98005
676	33	39	65	79	104	43	17	-4.58487	-8.01042	-7.6743	-7.20577
677	2	4	2	2	6	1	5	-6.10972	-4.82961	-5.95018	-7.6817
678	4	7	10	4	42	25	1	-8.63006	-9.41111	-5.81278	-5.26233
679	1	4	2	2	6	3	17	-4.71981	-2.44631	-4.55634	-5.48496
680	4	7	10	4	42	25	1	-8.63006	-9.41111	-5.81278	-5.26233
681	4	7	10	4	42	25	1	-8.63006	-9.41111	-5.81278	-5.26233
682	4	7	10	4	1	7	1	-1.81652	-3.7915	-2.59254	-1.98005
683	2	4	1	2	7	1	5	-2.2943	-5.70703	-5.31333	-4.71148
684	4	7	10	4	1	7	1	-1.81652	-3.7915	-2.59254	-1.98005
685	4	7	10	4	42	7	1	-6.57704	-8.73936	-5.58048	-4.73549
686	10	27	16	19	10	5	7	-20.9729	-12.839	-16.1872	-17.2715
687	10	81	50	99	120	76	52	-6.69487	-6.38576	-5.28874	-5.25373
688	4	7	10	4	1	7	1	-1.81652	-3.7915	-2.59254	-1.98005
689	4	7	10	4	42	51	1	-2.91799	-4.63369	-4.75469	-3.80079
690	4	7	10	4	1	7	1	-1.81652	-3.7915	-2.59254	-1.98005
691	10	81	50	99	120	76	52	-6.69487	-6.38576	-5.28874	-5.25373
692	2	4	1	2	2	1	5	-2.76833	-3.64719	-4.09524	-4.06478
693	4	7	10	4	42	51	1	-2.91799	-4.63369	-4.75469	-3.80079
694	4	7	10	4	42	51	1	-2.91799	-4.63369	-4.75469	-3.80079
695	4	7	10	4	42	51	1	-2.91799	-4.63369	-4.75469	-3.80079
696	8	10	2	2	11	12	6	-3.94166	-7.31594	-7.02963	-6.56162
697	33	38	30	82	104	43	17	-5.27789	-8.70237	-8.36645	-7.89555
698	4	7	10	4	1	7	1	-1.81652	-3.7915	-2.59254	-1.98005
699	10	81	50	99	120	76	52	-6.69487	-6.38576	-5.28874	-5.25373
700	2	4	1	2	7	1	5	-2.2943	-5.70703	-5.31333	-4.71148
701	4	7	10	4	1	7	1	-1.81652	-3.7915	-2.59254	-1.98005
702	4	7	10	4	1	7	1	-1.81652	-3.7915	-2.59254	-1.98005
703	10	81	50	99	120	76	52	-6.69487	-6.38576	-5.28874	-5.25373
704	4	7	10	4	42	51	1	-2.91799	-4.63369	-4.75469	-3.80079
705	9	2	4	62	4	5	6	-3.70512	-5.20604	-5.68402	-6.19686
706	4	7	10	4	1	7	1	-1.81652	-3.7915	-2.59254	-1.98005
707	2	1	1	3	2	1	5	-4.6272	-3.78302	-6.23679	-6.78401
708	1	14	2	2	6	1	17	-9.38331	-6.43912	-7.73327	-6.41115
709	2	4	2	2	6	1	5	-6.10972	-4.82961	-5.95018	-7.6817
710	2	4	2	2	6	1	5	-6.10972	-4.82961	-5.95018	-7.6817
711	4	7	10	4	42	51	1	-2.91799	-4.63369	-4.75469	-3.80079
712	10	2	107	62	120	76	1	-6.83651	-9.85558	-7.88618	-6.38361
713	2	1	12	3	2	1	5	-2.62601	-2.11279	-3.59801	-4.5747
714	2	4	1	2	2	1	5	-2.76833	-3.64719	-4.09524	-4.06478
715	47	2	4	2	6	5	17	-11.1816	-10.6465	-6.23274	-8.77819
716	4	7	10	4	42	5	1	-11.1668	-10.9164	-11.2384	-11.1257
717	2	1	12	3	2	1	5	-2.62601	-2.11279	-3.59801	-4.5747
718	4	7	10	4	42	51	1	-2.91799	-4.63369	-4.75469	-3.80079
719	1	307	3	4	5	9	3	-6.84503	-6.42639	-6.15009	-8.25387
720	2	1	21	3	2	1	5	-2.93353	-2.4861	-4.33071	-4.40746
721	4	7	10	4	1	7	1	-1.81652	-3.7915	-2.59254	-1.98005
722	2	4	1	2	2	1	5	-2.76833	-3.64719	-4.09524	-4.06478
723	2	1	12	3	2	1	5	-2.62601	-2.11279	-3.59801	-4.5747
724	4	7	10	4	1	7	1	-1.81652	-3.7915	-2.59254	-1.98005
725	2	1	21	3	2	1	5	-2.93353	-2.4861	-4.33071	-4.40746
726	2	1	1	3	2	1	5	-4.6272	-3.78302	-6.23679	-6.78401
727	4	7	10	4	1	7	1	-1.81652	-3.7915	-2.59254	-1.98005
728	2	1	12	3	2	1	5	-2.62601	-2.11279	-3.59801	-4.5747
729	1	4	3	2	6	3	17	-14.7556	-9.24207	-11.9089	-13.8321
730	2	1	12	3	2	1	5	-2.62601	-2.11279	-3.59801	-4.5747
731	2	1	12	88	2	1	5	-3.95216	-3.42657	-5.60782	-5.25333
732	1	4	2	2	6	3	17	-4.71981	-2.44631	-4.55634	-5.48496
733	4	7	10	4	42	51	1	-2.91799	-4.63369	-4.75469	-3.80079
734	2	1	12	3	2	1	5	-2.62601	-2.11279	-3.59801	-4.5747
735	4	7	10	4	1	7	1	-1.81652	-3.7915	-2.59254	-1.98005
736	2	1	12	88	2	1	5	-3.95216	-3.42657	-5.60782	-5.25333
737	2	1	21	3	2	1	5	-2.93353	-2.4861	-4.33071	-4.40746
738	2	4	5	2	2	5	5	-3.66022	-7.04926	-6.49667	-5.65317
739	2	4	5	2	2	5	5	-3.66022	-7.04926	-6.49667	-5.65317
740	2	1	21	3	62	1	5	-5.783	-9.19288	-8.8683	-8.39775
741	4	7	10	4	42	25	1	-8.63006	-9.41111	-5.81278	-5.26233
742	1	2	4	62	4	5	17	-6.12245	-4.84494	-7.3698	-8.09833
743	1	2	3	4	5	9	3	-4.71018	-2.48568	-3.63004	-4.96796
744	8	10	2	2	11	12	6	-3.94166	-7.31594	-7.02963	-6.56162
745	2	1	12	88	2	1	5	-3.95216	-3.42657	-5.60782	-5.25333
746	2	4	5	2	2	5	5	-3.66022	-7.04926	-6.49667	-5.65317
747	2	1	12	3	2	1	5	-2.62601	-2.11279	-3.59801	-4.5747
748	7	21	5	62	4	61	44	-7.72988	-3.82845	-5.66775	-7.44442
749	9	2	4	62	4	5	6	-3.70512	-5.20604	-5.68402	-6.19686
750	10	1	16	19	10	5	7	-6.55466	-2.74438	-4.20911	-5.24854
751	10	1	16	19	10	5	7	-6.55466	-2.74438	-4.20911	-5.24854
752	8	10	2	2	11	12	6	-3.94166	-7.31594	-7.02963	-6.56162
753	1	4	2	2	6	3	17	-4.71981	-2.44631	-4.55634	-5.48496
754	2	1	12	3	2	1	5	-2.62601	-2.11279	-3.59801	-4.5747
755	2	1	12	88	2	1	5	-3.95216	-3.42657	-5.60782	-5.25333
756	2	29	4	27	10	25	57	-19.9079	-21.3644	-14.6889	-12.018
757	2	1	5	3	2	3	5	-4.24751	-3.24868	-5.39244	-4.79758
758	2	1	12	3	2	1	5	-2.62601	-2.11279	-3.59801	-4.5747
759	37	52	57	26	107	29	23	-8.38897	-9.20506	-5.71927	-5.00781
760	2	4	1	2	7	1	5	-2.2943	-5.70703	-5.31333	-4.71148
761	1	2	3	4	5	9	3	-4.71018	-2.48568	-3.63004	-4.96796
762	2	1	12	3	2	1	5	-2.62601	-2.11279	-3.59801	-4.5747
763	1	4	2	2	6	3	17	-4.71981	-2.44631	-4.55634	-5.48496
764	1	4	2	2	6	3	17	-4.71981	-2.44631	-4.55634	-5.48496
765	1	2	3	4	5	9	3	-4.71018	-2.48568	-3.63004	-4.96796
766	4	7	10	4	1	7	1	-1.81652	-3.7915	-2.59254	-1.98005
767	2	1	21	3	2	1	5	-2.93353	-2.4861	-4.33071	-4.40746
768	2	1	12	3	2	1	5	-2.62601	-2.11279	-3.59801	-4.5747
769	2	4	1	2	2	5	5	-6.81797	-6.39985	-8.68162	-9.0625
770	2	4	1	2	2	1	5	-2.76833	-3.64719	-4.09524	-4.06478
771	2	4	5	2	2	5	5	-3.66022	-7.04926	-6.49667	-5.65317
772	10	1	16	19	10	5	7	-6.55466	-2.74438	-4.20911	-5.24854
773	7	21	5	62	4	61	44	-7.72988	-3.82845	-5.66775	-7.44442
774	9	2	4	62	4	5	6	-3.70512	-5.20604	-5.68402	-6.19686
775	2	1	12	3	2	1	5	-2.62601	-2.11279	-3.59801	-4.5747
776	1	4	2	2	6	3	17	-4.71981	-2.44631	-4.55634	-5.48496
777	4	7	10	4	1	7	1	-1.81652	-3.7915	-2.59254	-1.98005
778	2	1	12	3	2	1	5	-2.62601	-2.11279	-3.59801	-4.5747
779	2	1	5	3	2	5	5	-5.70595	-2.82774	-4.11483	-5.55499
780	2	23	21	3	2	1	5	-7.53002	-6.82691	-7.16886	-6.40032
781	2	4	5	2	2	5	5	-3.66022	-7.04926	-6.49667	-5.65317
782	2	4	2	2	6	1	5	-6.10972	-4.82961	-5.95018	-7.6817
783	2	1	12	3	2	1	5	-2.62601	-2.11279	-3.59801	-4.5747
784	4	7	10	4	42	51	1	-2.91799	-4.63369	-4.75469	-3.80079
785	7	17	5	2	86	232	1	-30.2221	-32.901	-27.7841	-23.8048
786	2	4	1	2	2	1	5	-2.76833	-3.64719	-4.09524	-4.06478
787	2	1	12	3	2	1	5	-2.62601	-2.11279	-3.59801	-4.5747
788	2	1	21	3	2	1	5	-2.93353	-2.4861	-4.33071	-4.40746
789	7	17	2	15	23	3	12	-6.88814	-10.3132	-9.97754	-9.50845
790	2	1	5	3	2	5	5	-5.70595	-2.82774	-4.11483	-5.55499
791	1	6	60	24	12	28	1	-32.0311	-31.9748	-20.2536	-16.923
792	1	2	3	4	5	9	3	-4.71018	-2.48568	-3.63004	-4.96796
793	2	4	5	2	2	5	5	-3.66022	-7.04926	-6.49667	-5.65317
794	1	2	3	4	5	9	3	-4.71018	-2.48568	-3.63004	-4.96796
795	1	6	60	24	12	28	1	-32.0311	-31.9748	-20.2536	-16.923
796	9	2	4	62	4	5	6	-3.70512	-5.20604	-5.68402	-6.19686
797	2	4	1	2	2	1	5	-2.76833	-3.64719	-4.09524	-4.06478
798	4	7	10	4	1	7	1	-1.81652	-3.7915	-2.59254	-1.98005
799	2	4	5	2	2	5	5	-3.66022	-7.04926	-6.49667	-5.65317
800	7	2	2	2	11	12	6	-4.48828	-7.91283	-7.57719	-7.10789
801	2	1	21	3	2	1	941	-7.53034	-6.80775	-7.16074	-6.3976
802	9	2	2	10	10	3	5	-30.3987	-25.1919	-26.3031	-24.8747
803	8	10	149	2	11	12	6	-4.88872	-3.96905	-5.63727	-6.86455
804	7	1	5	2	10	3	6	-32.9275	-29.2042	-30.0318	-28.3174
805	2	1	21	3	2	1	5	-2.93353	-2.4861	-4.33071	-4.40746
806	33	39	30	82	113	43	17	-9.92778	-6.44869	-6.18267	-8.59654
807	1	6	60	24	12	28	1	-32.0311	-31.9748	-20.2536	-16.923
808	1	6	60	24	12	28	1	-32.0311	-31.9748	-20.2536	-16.923
809	7	17	2	15	23	3	12	-6.88814	-10.3132	-9.97754	-9.50845
810	1	4	2	2	6	3	17	-4.71981	-2.44631	-4.55634	-5.48496
811	1	4	2	2	6	3	17	-4.71981	-2.44631	-4.55634	-5.48496
812	7	21	5	62	4	61	44	-7.72988	-3.82845	-5.66775	-7.44442
813	239	27	16	19	10	5	7	-10.4015	-6.46691	-9.14559	-10.388
814	9	2	4	62	4	5	6	-3.70512	-5.20604	-5.68402	-6.19686
815	10	1	16	19	10	5	7	-6.55466	-2.74438	-4.20911	-5.24854
816	2	1	5	3	2	5	5	-5.70595	-2.82774	-4.11483	-5.55499
817	2	4	5	2	2	5	5	-3.66022	-7.04926	-6.49667	-5.65317
818	8	10	2	2	11	12	6	-3.94166	-7.31594	-7.02963	-6.56162
819	7	17	2	15	23	3	12	-6.88814	-10.3132	-9.97754	-9.50845
820	2	4	1	4	1	1	5	-15.7562	-18.0016	-15.8341	-14.5147
821	4	7	10	4	1	7	1	-1.81652	-3.7915	-2.59254	-1.98005
822	8	10	149	2	11	12	6	-4.88872	-3.96905	-5.63727	-6.86455
823	2	1	12	88	2	1	5	-3.95216	-3.42657	-5.60782	-5.25333
824	2	4	2	2	6	1	5	-6.10972	-4.82961	-5.95018	-7.6817
825	10	81	50	99	120	76	52	-6.69487	-6.38576	-5.28874	-5.25373
826	2	4	5	2	2	5	5	-3.66022	-7.04926	-6.49667	-5.65317
827	2	4	1	2	2	5	5	-6.81797	-6.39985	-8.68162	-9.0625
828	8	10	149	2	11	12	6	-4.88872	-3.96905	-5.63727	-6.86455
829	1	4	2	2	6	3	17	-4.71981	-2.44631	-4.55634	-5.48496
830	2	165	73	147	220	190	104	-8.73805	-9.75477	-6.92088	-5.33084
831	4	7	10	4	42	25	1	-8.63006	-9.41111	-5.81278	-5.26233
832	7	2	2	2	11	12	6	-4.48828	-7.91283	-7.57719	-7.10789
833	1	6	60	24	12	28	1	-32.0311	-31.9748	-20.2536	-16.923
834	2	1	12	3	2	1	5	-2.62601	-2.11279	-3.59801	-4.5747
835	33	39	65	79	104	77	17	-5.27783	-8.70289	-8.3675	-7.89873
836	4	7	10	4	1	7	1	-1.81652	-3.7915	-2.59254	-1.98005
837	1	2	3	4	5	9	3	-4.71018	-2.48568	-3.63004	-4.96796
838	2	1	21	3	2	1	5	-2.93353	-2.4861	-4.33071	-4.40746
839	2	1	12	3	2	1	5	-2.62601	-2.11279	-3.59801	-4.5747
840	4	7	10	4	1	7	1	-1.81652	-3.7915	-2.59254	-1.98005
841	2	4	1	2	7	1	5	-2.2943	-5.70703	-5.31333	-4.71148
842	184	39	30	82	113	43	17	-3.94123	-6.12635	-6.91808	-6.54164
843	4	7	10	4	1	7	1	-1.81652	-3.7915	-2.59254	-1.98005
844	2	4	1	2	2	1	5	-2.76833	-3.64719	-4.09524	-4.06478
845	4	7	10	4	1	7	1	-1.81652	-3.7915	-2.59254	-1.98005
846	2	1	12	88	2	1	5	-3.95216	-3.42657	-5.60782	-5.25333
847	2	1	21	3	2	1	5	-2.93353	-2.4861	-4.33071	-4.40746
848	1	2	3	4	5	9	3	-4.71018	-2.48568	-3.63004	-4.96796
849	4	7	10	4	1	7	1	-1.81652	-3.7915	-2.59254	-1.98005
850	2	1	21	3	2	1	5	-2.93353	-2.4861	-4.33071	-4.40746
851	8	10	2	2	11	12	6	-3.94166	-7.31594	-7.02963	-6.56162
852	2	4	1	2	2	1	5	-2.76833	-3.64719	-4.09524	-4.06478
853	2	4	1	2	2	1	5	-2.76833	-3.64719	-4.09524	-4.06478
854	2	4	2	2	6	1	5	-6.10972	-4.82961	-5.95018	-7.6817
855	2	4	1	2	2	1	5	-2.76833	-3.64719	-4.09524	-4.06478
856	2	4	1	2	2	1	5	-2.76833	-3.64719	-4.09524	-4.06478
857	2	4	1	2	2	1	5	-2.76833	-3.64719	-4.09524	-4.06478
858	1	2	3	4	5	9	3	-4.71018	-2.48568	-3.63004	-4.96796
859	2	4	1	2	2	1	5	-2.76833	-3.64719	-4.09524	-4.06478
860	2	4	1	2	2	1	5	-2.76833	-3.64719	-4.09524	-4.06478
861	8	10	2	2	11	12	6	-3.94166	-7.31594	-7.02963	-6.56162
862	2	1	5	3	2	3	5	-4.24751	-3.24868	-5.39244	-4.79758
863	33	39	30	82	104	173	68	-5.41573	-3.97611	-6.52579	-7.31319
864	2	4	1	2	7	1	5	-2.2943	-5.70703	-5.31333	-4.71148
865	8	10	2	2	11	12	6	-3.94166	-7.31594	-7.02963	-6.56162
866	2	4	1	2	7	1	5	-2.2943	-5.70703	-5.31333	-4.71148
867	1	2	3	4	5	9	3	-4.71018	-2.48568	-3.63004	-4.96796
868	1	2	215	4	90	24	8	-31.9878	-28.9341	-22.1752	-18.9964
869	2	1	1	3	2	1	5	-4.6272	-3.78302	-6.23679	-6.78401
870	10	81	50	99	120	76	52	-6.69487	-6.38576	-5.28874	-5.25373
871	2	4	1	2	7	1	5	-2.2943	-5.70703	-5.31333	-4.71148
872	2	1	12	3	2	1	5	-2.62601	-2.11279	-3.59801	-4.5747
873	2	4	1	2	2	1	5	-2.76833	-3.64719	-4.09524	-4.06478
874	2	4	1	2	2	1	5	-2.76833	-3.64719	-4.09524	-4.06478
875	2	4	1	2	2	1	5	-2.76833	-3.64719	-4.09524	-4.06478
876	2	1	5	3	2	3	5	-4.24751	-3.24868	-5.39244	-4.79758
877	2	4	1	2	2	1	5	-2.76833	-3.64719	-4.09524	-4.06478
878	4	7	10	4	1	7	1	-1.81652	-3.7915	-2.59254	-1.98005
879	2	4	1	2	7	1	5	-2.2943	-5.70703	-5.31333	-4.71148
880	2	4	5	2	2	5	5	-3.66022	-7.04926	-6.49667	-5.65317
881	2	4	1	2	2	1	5	-2.76833	-3.64719	-4.09524	-4.06478
882	8	10	2	2	11	12	6	-3.94166	-7.31594	-7.02963	-6.56162
883	4	7	10	4	1	7	1	-1.81652	-3.7915	-2.59254	-1.98005
884	2	4	1	2	2	1	5	-2.76833	-3.64719	-4.09524	-4.06478
885	166	2	1	10	17	3	1	-35.988	-36.3818	-31.7589	-27.6989
886	2	4	1	2	7	1	5	-2.2943	-5.70703	-5.31333	-4.71148
887	2	4	1	2	2	1	5	-2.76833	-3.64719	-4.09524	-4.06478
888	4	7	10	4	1	7	1	-1.81652	-3.7915	-2.59254	-1.98005
889	4	7	10	4	1	7	1	-1.81652	-3.7915	-2.59254	-1.98005
890	2	4	1	2	7	1	5	-2.2943	-5.70703	-5.31333	-4.71148
891	2	4	1	2	2	1	5	-2.76833	-3.64719	-4.09524	-4.06478
892	2	1	5	3	2	3	5	-4.24751	-3.24868	-5.39244	-4.79758
893	9	25	2	10	22	3	6	-4.45687	-7.59789	-5.87457	-4.41615
894	2	1	21	3	62	1	5	-5.783	-9.19288	-8.8683	-8.39775
895	129	66	30	82	189	47	17	-3.23543	-4.87552	-5.33475	-4.14645
896	129	66	30	82	189	47	17	-3.23543	-4.87552	-5.33475	-4.14645
897	4	7	10	4	1	7	1	-1.81652	-3.7915	-2.59254	-1.98005
898	2	4	1	2	2	1	5	-2.76833	-3.64719	-4.09524	-4.06478
899	4	7	10	4	42	7	1	-6.57704	-8.73936	-5.58048	-4.73549
900	2	4	1	2	7	1	5	-2.2943	-5.70703	-5.31333	-4.71148
901	1	307	3	4	5	9	3	-6.84503	-6.42639	-6.15009	-8.25387
902	2	1	21	3	2	1	5	-2.93353	-2.4861	-4.33071	-4.40746
903	4	7	10	4	1	7	1	-1.81652	-3.7915	-2.59254	-1.98005
904	2	1	21	3	2	1	5	-2.93353	-2.4861	-4.33071	-4.40746
905	2	4	1	2	2	5	5	-6.81797	-6.39985	-8.68162	-9.0625
906	2	4	1	2	7	1	5	-2.2943	-5.70703	-5.31333	-4.71148
907	2	4	1	2	7	1	5	-2.2943	-5.70703	-5.31333	-4.71148
908	2	4	1	2	7	1	5	-2.2943	-5.70703	-5.31333	-4.71148
909	4	7	10	4	1	7	1	-1.81652	-3.7915	-2.59254	-1.98005
910	8	10	2	2	11	12	6	-3.94166	-7.31594	-7.02963	-6.56162
911	7	21	5	62	4	61	44	-7.72988	-3.82845	-5.66775	-7.44442
912	2	1	12	88	2	1	5	-3.95216	-3.42657	-5.60782	-5.25333
913	2	4	1	2	2	1	5	-2.76833	-3.64719	-4.09524	-4.06478
914	1	2	3	4	5	9	3	-4.71018	-2.48568	-3.63004	-4.96796
915	2	4	1	2	7	1	5	-2.2943	-5.70703	-5.31333	-4.71148
916	2	4	1	2	2	1	5	-2.76833	-3.64719	-4.09524	-4.06478
917	2	4	1	2	2	1	5	-2.76833	-3.64719	-4.09524	-4.06478
918	2	4	1	2	7	1	5	-2.2943	-5.70703	-5.31333	-4.71148
919	4	7	10	4	1	7	1	-1.81652	-3.7915	-2.59254	-1.98005
920	2	1	5	3	2	3	5	-4.24751	-3.24868	-5.39244	-4.79758
921	2	4	1	2	7	1	5	-2.2943	-5.70703	-5.31333	-4.71148
922	2	4	1	2	2	1	5	-2.76833	-3.64719	-4.09524	-4.06478
923	8	10	2	2	11	12	6	-3.94166	-7.31594	-7.02963	-6.56162
924	2	1	12	3	2	1	5	-2.62601	-2.11279	-3.59801	-4.5747
925	48	7	10	4	183	7	1	-10.9171	-12.3709	-8.2097	-5.90125
926	7	21	5	62	4	61	44	-7.72988	-3.82845	-5.66775	-7.44442
927	4	7	10	4	1	7	1	-1.81652	-3.7915	-2.59254	-1.98005
928	9	25	2	10	22	3	6	-4.45687	-7.59789	-5.87457	-4.41615
929	2	4	1	2	2	1	5	-2.76833	-3.64719	-4.09524	-4.06478
930	2	4	1	2	7	1	5	-2.2943	-5.70703	-5.31333	-4.71148
931	2	4	1	2	2	1	5	-2.76833	-3.64719	-4.09524	-4.06478
932	2	4	1	2	2	1	5	-2.76833	-3.64719	-4.09524	-4.06478
933	9	25	2	10	22	3	6	-4.45687	-7.59789	-5.87457	-4.41615
934	2	4	1	2	2	1	5	-2.76833	-3.64719	-4.09524	-4.06478
935	2	4	1	2	2	1	5	-2.76833	-3.64719	-4.09524	-4.06478
936	2	4	1	2	7	1	5	-2.2943	-5.70703	-5.31333	-4.71148
937	2	4	1	2	7	1	5	-2.2943	-5.70703	-5.31333	-4.71148
938	2	4	1	2	2	1	5	-2.76833	-3.64719	-4.09524	-4.06478
939	2	4	1	2	2	1	5	-2.76833	-3.64719	-4.09524	-4.06478
940	4	7	10	4	1	7	1	-1.81652	-3.7915	-2.59254	-1.98005
941	2	4	1	2	2	1	5	-2.76833	-3.64719	-4.09524	-4.06478
942	4	7	10	4	1	7	1	-1.81652	-3.7915	-2.59254	-1.98005
943	2	4	1	2	7	1	5	-2.2943	-5.70703	-5.31333	-4.71148
944	2	4	1	2	2	1	5	-2.76833	-3.64719	-4.09524	-4.06478
945	4	7	10	4	1	7	1	-1.81652	-3.7915	-2.59254	-1.98005
946	9	25	2	10	22	3	6	-4.45687	-7.59789	-5.87457	-4.41615
947	10	81	50	99	120	76	52	-6.69487	-6.38576	-5.28874	-5.25373
948	2	1	21	3	2	1	5	-2.93353	-2.4861	-4.33071	-4.40746
949	4	7	10	4	1	7	1	-1.81652	-3.7915	-2.59254	-1.98005
950	2	4	1	2	7	1	5	-2.2943	-5.70703	-5.31333	-4.71148
951	4	7	10	4	1	7	1	-1.81652	-3.7915	-2.59254	-1.98005
952	4	7	10	4	1	7	1	-1.81652	-3.7915	-2.59254	-1.98005
953	8	315	2	2	11	12	6	-8.5373	-11.6514	-9.86555	-8.55202
954	8	10	2	2	11	12	6	-3.94166	-7.31594	-7.02963	-6.56162
955	2	4	1	2	2	1	5	-2.76833	-3.64719	-4.09524	-4.06478
956	4	7	10	4	1	7	1	-1.81652	-3.7915	-2.59254	-1.98005
957	2	4	1	2	2	1	5	-2.76833	-3.64719	-4.09524	-4.06478
958	2	4	1	2	2	1	5	-2.76833	-3.64719	-4.09524	-4.06478
959	2	4	1	2	2	1	5	-2.76833	-3.64719	-4.09524	-4.06478
960	2	4	1	2	7	1	5	-2.2943	-5.70703	-5.31333	-4.71148
961	2	4	1	2	2	1	5	-2.76833	-3.64719	-4.09524	-4.06478
962	2	4	1	2	2	1	5	-2.76833	-3.64719	-4.09524	-4.06478
963	2	1	21	3	2	1	5	-2.93353	-2.4861	-4.33071	-4.40746
964	2	4	1	2	2	1	5	-2.76833	-3.64719	-4.09524	-4.06478
965	1	4	2	2	2	3	17	-11.379	-7.70853	-10.7182	-11.7874
966	2	4	1	2	2	1	5	-2.76833	-3.64719	-4.09524	-4.06478
967	2	4	1	2	2	1	5	-2.76833	-3.64719	-4.09524	-4.06478
968	7	21	5	62	4	61	44	-7.72988	-3.82845	-5.66775	-7.44442
969	2	4	1	2	2	1	5	-2.76833	-3.64719	-4.09524	-4.06478
970	4	7	10	4	1	7	1	-1.81652	-3.7915	-2.59254	-1.98005
971	2	4	1	2	2	1	5	-2.76833	-3.64719	-4.09524	-4.06478
972	10	1	16	19	10	5	7	-6.55466	-2.74438	-4.20911	-5.24854
973	8	10	2	2	11	12	6	-3.94166	-7.31594	-7.02963	-6.56162
974	4	7	10	4	1	7	1	-1.81652	-3.7915	-2.59254	-1.98005
975	2	4	2	2	6	1	5	-6.10972	-4.82961	-5.95018	-7.6817
976	2	4	1	2	2	1	5	-2.76833	-3.64719	-4.09524	-4.06478
977	2	4	1	2	2	1	5	-2.76833	-3.64719	-4.09524	-4.06478
978	2	1	12	3	2	1	5	-2.62601	-2.11279	-3.59801	-4.5747
979	2	1	21	3	2	1	5	-2.93353	-2.4861	-4.33071	-4.40746
980	1	4	2	2	6	3	17	-4.71981	-2.44631	-4.55634	-5.48496
981	9	2	4	62	4	5	6	-3.70512	-5.20604	-5.68402	-6.19686
982	9	2	4	62	4	5	6	-3.70512	-5.20604	-5.68402	-6.19686
983	2	4	1	2	2	1	5	-2.76833	-3.64719	-4.09524	-4.06478
984	9	25	2	10	22	3	6	-4.45687	-7.59789	-5.87457	-4.41615
985	2	1	12	3	2	1	5	-2.62601	-2.11279	-3.59801	-4.5747
986	2	4	1	2	2	1	5	-2.76833	-3.64719	-4.09524	-4.06478
987	2	4	1	2	2	1	5	-2.76833	-3.64719	-4.09524	-4.06478
988	2	4	1	2	2	1	5	-2.76833	-3.64719	-4.09524	-4.06478
989	1	4	2	2	6	3	17	-4.71981	-2.44631	-4.55634	-5.48496
990	1	4	2	2	6	3	17	-4.71981	-2.44631	-4.55634	-5.48496
991	9	25	2	10	22	3	6	-4.45687	-7.59789	-5.87457	-4.41615
992	1	4	2	2	6	3	17	-4.71981	-2.44631	-4.55634	-5.48496
993	2	4	1	2	2	1	5	-2.76833	-3.64719	-4.09524	-4.06478
994	2	4	1	2	2	1	5	-2.76833	-3.64719	-4.09524	-4.06478
995	8	10	2	2	11	12	6	-3.94166	-7.31594	-7.02963	-6.56162
996	2	4	1	2	2	1	5	-2.76833	-3.64719	-4.09524	-4.06478
997	2	1	5	3	2	5	5	-5.70595	-2.82774	-4.11483	-5.55499
998	8	10	2	2	11	12	6	-3.94166	-7.31594	-7.02963	-6.56162
999	2	4	1	2	2	1	5	-2.76833	-3.64719	-4.09524	-4.06478
1000	2	4	1	2	2	1	5	-2.76833	-3.64719	-4.09524	-4.06478
1001	2	1	21	3	2	1	5	-2.93353	-2.4861	-4.33071	-4.40746
1002	1	2	4	62	4	5	17	-6.12245	-4.84494	-7.3698	-8.09833
1003	2	1	12	3	2	1	5	-2.62601	-2.11279	-3.59801	-4.5747
1004	2	4	1	2	7	1	5	-2.2943	-5.70703	-5.31333	-4.71148
1005	1	307	3	4	5	9	3	-6.84503	-6.42639	-6.15009	-8.25387
1006	2	4	2	4	19	3	6	-5.78532	-9.20585	-8.87065	-8.39618
1007	2	4	1	2	2	1	5	-2.76833	-3.64719	-4.09524	-4.06478
1008	1	4	2	2	6	3	17	-4.71981	-2.44631	-4.55634	-5.48496
1009	9	25	2	10	22	3	6	-4.45687	-7.59789	-5.87457	-4.41615
1010	4	7	10	4	1	7	1	-1.81652	-3.7915	-2.59254	-1.98005
1011	2	4	1	2	2	1	5	-2.76833	-3.64719	-4.09524	-4.06478
1012	10	1	16	19	10	5	7	-6.55466	-2.74438	-4.20911	-5.24854
1013	2	1	21	3	2	1	5	-2.93353	-2.4861	-4.33071	-4.40746
1014	4	7	10	4	1	7	1	-1.81652	-3.7915	-2.59254	-1.98005
1015	2	4	1	2	2	1	5	-2.76833	-3.64719	-4.09524	-4.06478
1016	1	2	3	4	5	9	3	-4.71018	-2.48568	-3.63004	-4.96796
1017	9	316	4	62	4	5	6	-6.85822	-6.44727	-8.7832	-9.15807
1018	9	25	2	10	22	3	6	-4.45687	-7.59789	-5.87457	-4.41615
1019	1	307	3	4	5	9	3	-6.84503	-6.42639	-6.15009	-8.25387
1020	2	4	1	2	2	1	5	-2.76833	-3.64719	-4.09524	-4.06478
1021	9	25	2	10	22	3	6	-4.45687	-7.59789	-5.87457	-4.41615
1022	2	4	1	2	2	1	5	-2.76833	-3.64719	-4.09524	-4.06478
1023	2	1	12	3	2	1	5	-2.62601	-2.11279	-3.59801	-4.5747
1024	2	1	5	3	2	5	5	-5.70595	-2.82774	-4.11483	-5.55499
1025	2	4	1	2	2	1	5	-2.76833	-3.64719	-4.09524	-4.06478
1026	2	1	12	3	2	1	5	-2.62601	-2.11279	-3.59801	-4.5747
1027	2	1	12	3	2	1	5	-2.62601	-2.11279	-3.59801	-4.5747
1028	10	1	16	19	10	5	7	-6.55466	-2.74438	-4.20911	-5.24854
1029	4	7	10	4	1	7	1	-1.81652	-3.7915	-2.59254	-1.98005
1030	2	4	1	2	2	1	5	-2.76833	-3.64719	-4.09524	-4.06478
1031	2	1	12	88	2	1	5	-3.95216	-3.42657	-5.60782	-5.25333
1032	2	1	21	3	2	1	5	-2.93353	-2.4861	-4.33071	-4.40746
1033	1	2	3	4	5	9	3	-4.71018	-2.48568	-3.63004	-4.96796
1034	8	10	2	2	11	12	6	-3.94166	-7.31594	-7.02963	-6.56162
1035	2	1	12	88	2	1	5	-3.95216	-3.42657	-5.60782	-5.25333
1036	33	39	30	82	104	173	68	-5.41573	-3.97611	-6.52579	-7.31319
1037	1	2	3	4	5	9	3	-4.71018	-2.48568	-3.63004	-4.96796
1038	9	25	2	10	22	3	6	-4.45687	-7.59789	-5.87457	-4.41615
1039	2	4	1	2	2	1	5	-2.76833	-3.64719	-4.09524	-4.06478
1040	8	10	2	2	11	12	6	-3.94166	-7.31594	-7.02963	-6.56162
1041	1	2	4	62	4	5	17	-6.12245	-4.84494	-7.3698	-8.09833
1042	10	1	16	19	10	5	7	-6.55466	-2.74438	-4.20911	-5.24854
1043	33	39	30	82	104	173	68	-5.41573	-3.97611	-6.52579	-7.31319
1044	2	4	1	2	2	1	5	-2.76833	-3.64719	-4.09524	-4.06478
1045	8	10	2	2	11	12	6	-3.94166	-7.31594	-7.02963	-6.56162
1046	2	1	5	3	2	5	5	-5.70595	-2.82774	-4.11483	-5.55499
1047	47	2	4	2	6	5	17	-11.1816	-10.6465	-6.23274	-8.77819
1048	1	2	3	4	5	9	3	-4.71018	-2.48568	-3.63004	-4.96796
1049	4	7	10	4	1	7	1	-1.81652	-3.7915	-2.59254	-1.98005
1050	2	1	5	3	2	3	5	-4.24751	-3.24868	-5.39244	-4.79758
1051	2	4	2	2	6	1	5	-6.10972	-4.82961	-5.95018	-7.6817
1052	2	4	1	2	2	1	5	-2.76833	-3.64719	-4.09524	-4.06478
1053	8	10	149	2	11	12	6	-4.88872	-3.96905	-5.63727	-6.86455
1054	9	25	2	10	22	3	6	-4.45687	-7.59789	-5.87457	-4.41615
1055	2	4	1	2	2	1	5	-2.76833	-3.64719	-4.09524	-4.06478
1056	1	2	3	4	5	9	3	-4.71018	-2.48568	-3.63004	-4.96796
1057	2	1	12	3	2	1	5	-2.62601	-2.11279	-3.59801	-4.5747
1058	4	7	10	4	42	51	1	-2.91799	-4.63369	-4.75469	-3.80079
1059	2	4	1	2	2	1	5	-2.76833	-3.64719	-4.09524	-4.06478
1060	2	1	1	3	2	1	5	-4.6272	-3.78302	-6.23679	-6.78401
1061	2	4	1	2	7	1	5	-2.2943	-5.70703	-5.31333	-4.71148
1062	8	10	2	2	11	12	6	-3.94166	-7.31594	-7.02963	-6.56162
1063	2	4	1	2	2	1	5	-2.76833	-3.64719	-4.09524	-4.06478
1064	9	2	4	62	4	5	6	-3.70512	-5.20604	-5.68402	-6.19686
1065	2	4	1	2	2	1	5	-2.76833	-3.64719	-4.09524	-4.06478
1066	4	7	10	4	1	7	1	-1.81652	-3.7915	-2.59254	-1.98005
1067	8	10	2	2	11	12	6	-3.94166	-7.31594	-7.02963	-6.56162
1068	2	4	2	2	6	1	5	-6.10972	-4.82961	-5.95018	-7.6817
1069	2	4	2	2	6	1	5	-6.10972	-4.82961	-5.95018	-7.6817
1070	2	4	2	2	6	1	5	-6.10972	-4.82961	-5.95018	-7.6817
1071	2	4	2	2	6	1	5	-6.10972	-4.82961	-5.95018	-7.6817
1072	2	4	1	2	2	1	5	-2.76833	-3.64719	-4.09524	-4.06478
1073	2	4	1	2	2	1	5	-2.76833	-3.64719	-4.09524	-4.06478
1074	2	1	12	3	2	1	5	-2.62601	-2.11279	-3.59801	-4.5747
1075	2	4	1	2	7	1	5	-2.2943	-5.70703	-5.31333	-4.71148
1076	4	7	10	4	42	51	1	-2.91799	-4.63369	-4.75469	-3.80079
1077	2	4	1	2	2	1	5	-2.76833	-3.64719	-4.09524	-4.06478
1078	8	10	2	2	11	12	6	-3.94166	-7.31594	-7.02963	-6.56162
1079	1	2	3	4	5	9	3	-4.71018	-2.48568	-3.63004	-4.96796
1080	1	2	3	4	5	9	3	-4.71018	-2.48568	-3.63004	-4.96796
1081	10	1	16	19	10	5	7	-6.55466	-2.74438	-4.20911	-5.24854
1082	8	10	2	2	11	12	6	-3.94166	-7.31594	-7.02963	-6.56162
1083	4	7	10	4	1	7	1	-1.81652	-3.7915	-2.59254	-1.98005
1084	2	4	1	2	2	1	5	-2.76833	-3.64719	-4.09524	-4.06478
1085	2	4	1	2	7	1	5	-2.2943	-5.70703	-5.31333	-4.71148
1086	2	1	21	3	2	1	5	-2.93353	-2.4861	-4.33071	-4.40746
1087	2	1	12	3	2	1	5	-2.62601	-2.11279	-3.59801	-4.5747
1088	2	4	2	4	19	3	6	-5.78532	-9.20585	-8.87065	-8.39618
1089	8	10	149	2	11	12	6	-4.88872	-3.96905	-5.63727	-6.86455
1090	8	10	2	2	11	12	6	-3.94166	-7.31594	-7.02963	-6.56162
1091	2	1	12	3	2	1	5	-2.62601	-2.11279	-3.59801	-4.5747
1092	2	1	12	3	2	1	5	-2.62601	-2.11279	-3.59801	-4.5747
1093	2	1	5	3	2	3	5	-4.24751	-3.24868	-5.39244	-4.79758
1094	184	39	30	82	113	43	17	-3.94123	-6.12635	-6.91808	-6.54164
1095	2	1	12	3	2	1	5	-2.62601	-2.11279	-3.59801	-4.5747
1096	2	4	1	2	2	1	5	-2.76833	-3.64719	-4.09524	-4.06478
1097	4	7	10	4	1	7	1	-1.81652	-3.7915	-2.59254	-1.98005
1098	8	10	2	2	11	12	6	-3.94166	-7.31594	-7.02963	-6.56162
1099	4	7	10	4	1	7	1	-1.81652	-3.7915	-2.59254	-1.98005
1100	4	7	10	4	42	51	1	-2.91799	-4.63369	-4.75469	-3.80079
1101	9	25	2	10	22	3	6	-4.45687	-7.59789	-5.87457	-4.41615
1102	9	2	4	62	4	5	6	-3.70512	-5.20604	-5.68402	-6.19686
1103	4	7	10	4	1	7	1	-1.81652	-3.7915	-2.59254	-1.98005
1104	2	4	1	2	7	1	5	-2.2943	-5.70703	-5.31333	-4.71148
1105	4	7	10	4	1	7	1	-1.81652	-3.7915	-2.59254	-1.98005
1106	8	10	2	2	11	12	6	-3.94166	-7.31594	-7.02963	-6.56162
1107	2	4	1	2	2	1	5	-2.76833	-3.64719	-4.09524	-4.06478
1108	4	7	10	4	42	51	1	-2.91799	-4.63369	-4.75469	-3.80079
1109	1	2	3	4	5	9	3	-4.71018	-2.48568	-3.63004	-4.96796
1110	2	1	12	3	2	1	5	-2.62601	-2.11279	-3.59801	-4.5747
1111	2	4	1	2	2	1	5	-2.76833	-3.64719	-4.09524	-4.06478
1112	10	81	50	99	120	76	52	-6.69487	-6.38576	-5.28874	-5.25373
1113	2	4	1	2	2	1	5	-2.76833	-3.64719	-4.09524	-4.06478
1114	4	7	10	4	42	51	1	-2.91799	-4.63369	-4.75469	-3.80079
1115	4	7	10	4	42	51	1	-2.91799	-4.63369	-4.75469	-3.80079
1116	4	7	10	4	1	7	1	-1.81652	-3.7915	-2.59254	-1.98005
1117	3	1	5	10	11	11	6	-10.3999	-6.46411	-9.14211	-10.3842
1118	10	81	50	99	120	76	52	-6.69487	-6.38576	-5.28874	-5.25373
1119	2	4	1	2	2	1	5	-2.76833	-3.64719	-4.09524	-4.06478
1120	4	7	10	4	1	7	1	-1.81652	-3.7915	-2.59254	-1.98005
1121	4	7	10	4	1	7	1	-1.81652	-3.7915	-2.59254	-1.98005
1122	4	7	10	4	42	51	1	-2.91799	-4.63369	-4.75469	-3.80079
1123	2	1	12	3	2	1	5	-2.62601	-2.11279	-3.59801	-4.5747
1124	2	4	1	2	2	1	5	-2.76833	-3.64719	-4.09524	-4.06478
1125	2	1	1	3	2	1	5	-4.6272	-3.78302	-6.23679	-6.78401
1126	2	4	1	2	2	1	5	-2.76833	-3.64719	-4.09524	-4.06478
1127	2	4	1	2	2	1	5	-2.76833	-3.64719	-4.09524	-4.06478
1128	2	4	1	2	2	1	5	-2.76833	-3.64719	-4.09524	-4.06478
1129	2	4	1	2	2	1	5	-2.76833	-3.64719	-4.09524	-4.06478
1130	1	2	3	4	5	9	3	-4.71018	-2.48568	-3.63004	-4.96796
1131	8	10	2	2	11	12	6	-3.94166	-7.31594	-7.02963	-6.56162
1132	2	1	21	3	2	1	5	-2.93353	-2.4861	-4.33071	-4.40746
1133	2	4	1	2	2	1	5	-2.76833	-3.64719	-4.09524	-4.06478
1134	2	1	21	3	2	1	5	-2.93353	-2.4861	-4.33071	-4.40746
1135	2	1	21	3	2	1	5	-2.93353	-2.4861	-4.33071	-4.40746
1136	2	4	1	2	2	1	5	-2.76833	-3.64719	-4.09524	-4.06478
1137	1	2	3	4	5	9	3	-4.71018	-2.48568	-3.63004	-4.96796
1138	10	1	16	19	10	5	7	-6.55466	-2.74438	-4.20911	-5.24854
1139	2	1	12	3	2	1	5	-2.62601	-2.11279	-3.59801	-4.5747
1140	7	21	5	62	4	61	44	-7.72988	-3.82845	-5.66775	-7.44442
1141	2	4	1	2	2	1	5	-2.76833	-3.64719	-4.09524	-4.06478
1142	2	1	12	3	2	1	5	-2.62601	-2.11279	-3.59801	-4.5747
1143	2	4	1	2	7	1	5	-2.2943	-5.70703	-5.31333	-4.71148
1144	2	1	5	3	2	3	5	-4.24751	-3.24868	-5.39244	-4.79758
1145	2	1	21	3	2	1	5	-2.93353	-2.4861	-4.33071	-4.40746
1146	2	1	21	3	2	1	5	-2.93353	-2.4861	-4.33071	-4.40746
1147	2	1	21	3	2	1	5	-2.93353	-2.4861	-4.33071	-4.40746
1148	2	1	21	3	2	1	5	-2.93353	-2.4861	-4.33071	-4.40746
1149	2	1	12	3	2	1	5	-2.62601	-2.11279	-3.59801	-4.5747
1150	8	10	2	2	11	12	6	-3.94166	-7.31594	-7.02963	-6.56162
1151	129	66	30	82	189	47	17	-3.23543	-4.87552	-5.33475	-4.14645
1152	1	307	3	4	5	9	3	-6.84503	-6.42639	-6.15009	-8.25387
1153	8	10	2	2	11	12	6	-3.94166	-7.31594	-7.02963	-6.56162
1154	2	4	2	2	6	1	5	-6.10972	-4.82961	-5.95018	-7.6817
1155	1	4	2	2	6	3	17	-4.71981	-2.44631	-4.55634	-5.48496
1156	2	4	1	2	2	1	5	-2.76833	-3.64719	-4.09524	-4.06478
1157	8	10	2	2	11	12	6	-3.94166	-7.31594	-7.02963	-6.56162
1158	2	4	2	2	6	1	5	-6.10972	-4.82961	-5.95018	-7.6817
1159	2	1	21	3	2	1	5	-2.93353	-2.4861	-4.33071	-4.40746
1160	2	4	5	2	2	5	5	-3.66022	-7.04926	-6.49667	-5.65317
1161	7	21	5	62	4	61	44	-7.72988	-3.82845	-5.66775	-7.44442
1162	2	1	12	3	2	1	5	-2.62601	-2.11279	-3.59801	-4.5747
1163	10	27	16	19	10	5	7	-20.9729	-12.839	-16.1872	-17.2715
1164	33	283	44	82	189	44	17	-7.29982	-3.46882	-5.42142	-6.04205
1165	9	25	2	10	22	3	6	-4.45687	-7.59789	-5.87457	-4.41615
1166	7	21	5	62	4	61	44	-7.72988	-3.82845	-5.66775	-7.44442
1167	2	1	5	3	2	3	5	-4.24751	-3.24868	-5.39244	-4.79758
1168	2	1	5	3	2	3	5	-4.24751	-3.24868	-5.39244	-4.79758
1169	9	25	2	10	22	3	6	-4.45687	-7.59789	-5.87457	-4.41615
1170	2	1	5	3	2	3	5	-4.24751	-3.24868	-5.39244	-4.79758
1171	2	4	1	2	2	1	5	-2.76833	-3.64719	-4.09524	-4.06478
1172	129	66	30	82	189	47	17	-3.23543	-4.87552	-5.33475	-4.14645
1173	2	4	1	2	2	1	5	-2.76833	-3.64719	-4.09524	-4.06478
1174	2	1	5	3	2	3	5	-4.24751	-3.24868	-5.39244	-4.79758
1175	2	1	12	3	2	1	5	-2.62601	-2.11279	-3.59801	-4.5747
1176	2	4	1	2	2	1	5	-2.76833	-3.64719	-4.09524	-4.06478
1177	1	4	2	2	6	3	17	-4.71981	-2.44631	-4.55634	-5.48496
1178	2	1	12	3	2	1	5	-2.62601	-2.11279	-3.59801	-4.5747
1179	1	4	2	2	446	3	17	-9.30863	-6.74768	-7.37246	-7.46089
1180	2	1	5	88	2	11	5	-9.15502	-5.3455	-6.07391	-8.29935
1181	2	4	2	2	6	1	5	-6.10972	-4.82961	-5.95018	-7.6817
1182	9	25	2	10	22	3	6	-4.45687	-7.59789	-5.87457	-4.41615
1183	2	1	5	3	2	3	5	-4.24751	-3.24868	-5.39244	-4.79758
1184	7	21	5	62	4	61	44	-7.72988	-3.82845	-5.66775	-7.44442
1185	1	2	3	4	5	9	3	-4.71018	-2.48568	-3.63004	-4.96796
1186	2	4	1	2	2	1	5	-2.76833	-3.64719	-4.09524	-4.06478
1187	7	21	5	62	4	61	44	-7.72988	-3.82845	-5.66775	-7.44442
1188	33	39	30	82	104	173	68	-5.41573	-3.97611	-6.52579	-7.31319
1189	1	4	2	2	6	3	17	-4.71981	-2.44631	-4.55634	-5.48496
1190	2	1	21	3	2	1	5	-2.93353	-2.4861	-4.33071	-4.40746
1191	4	7	10	4	1	7	1	-1.81652	-3.7915	-2.59254	-1.98005
1192	2	1	5	3	2	5	5	-5.70595	-2.82774	-4.11483	-5.55499
1193	1	4	2	2	6	3	17	-4.71981	-2.44631	-4.55634	-5.48496
1194	2	4	1	2	2	1	5	-2.76833	-3.64719	-4.09524	-4.06478
1195	2	4	1	2	2	1	5	-2.76833	-3.64719	-4.09524	-4.06478
1196	2	1	12	3	2	1	5	-2.62601	-2.11279	-3.59801	-4.5747
1197	2	1	6	3	2	3	5	-7.83825	-7.55181	-7.89562	-6.31003
1198	4	7	10	4	1	7	1	-1.81652	-3.7915	-2.59254	-1.98005
1199	2	4	1	2	7	1	5	-2.2943	-5.70703	-5.31333	-4.71148
1200	2	1	1	3	2	1	5	-4.6272	-3.78302	-6.23679	-6.78401
1201	2	4	1	2	2	1	5	-2.76833	-3.64719	-4.09524	-4.06478
1202	7	2	5	2	10	3	6	-31.9424	-27.5603	-28.5063	-27.8464
1203	2	1	21	3	2	1	5	-2.93353	-2.4861	-4.33071	-4.40746
1204	2	4	1	2	7	1	5	-2.2943	-5.70703	-5.31333	-4.71148
1205	4	7	10	4	1	7	1	-1.81652	-3.7915	-2.59254	-1.98005
1206	2	4	1	2	7	1	5	-2.2943	-5.70703	-5.31333	-4.71148
1207	2	4	1	2	2	1	5	-2.76833	-3.64719	-4.09524	-4.06478
1208	1	4	2	2	6	3	17	-4.71981	-2.44631	-4.55634	-5.48496
1209	2	4	1	2	2	1	5	-2.76833	-3.64719	-4.09524	-4.06478
1210	2	4	1	2	2	1	5	-2.76833	-3.64719	-4.09524	-4.06478
1211	74	10	2	2	11	12	6	-8.53731	-11.6514	-9.86565	-8.55256
1212	1	2	3	4	5	9	3	-4.71018	-2.48568	-3.63004	-4.96796
1213	2	1	5	3	2	3	5	-4.24751	-3.24868	-5.39244	-4.79758
1214	4	7	10	4	1	7	1	-1.81652	-3.7915	-2.59254	-1.98005
1215	2	4	2	2	6	1	5	-6.10972	-4.82961	-5.95018	-7.6817
1216	2	1	12	3	2	1	5	-2.62601	-2.11279	-3.59801	-4.5747
1217	2	1	21	3	2	1	5	-2.93353	-2.4861	-4.33071	-4.40746
1218	2	4	1	2	2	1	5	-2.76833	-3.64719	-4.09524	-4.06478
1219	2	1	21	3	2	1	5	-2.93353	-2.4861	-4.33071	-4.40746
1220	4	7	10	4	1	7	1	-1.81652	-3.7915	-2.59254	-1.98005
1221	2	1	21	3	2	1	5	-2.93353	-2.4861	-4.33071	-4.40746
1222	2	4	1	2	2	1	5	-2.76833	-3.64719	-4.09524	-4.06478
1223	4	7	10	4	1	7	1	-1.81652	-3.7915	-2.59254	-1.98005
1224	2	4	1	2	2	1	5	-2.76833	-3.64719	-4.09524	-4.06478
1225	4	7	10	4	1	7	1	-1.81652	-3.7915	-2.59254	-1.98005
1226	4	7	10	4	42	51	1	-2.91799	-4.63369	-4.75469	-3.80079
1227	4	7	10	4	42	7	1	-6.57704	-8.73936	-5.58048	-4.73549
1228	2	4	1	2	2	1	5	-2.76833	-3.64719	-4.09524	-4.06478
1229	2	1	5	3	2	3	5	-4.24751	-3.24868	-5.39244	-4.79758
1230	10	81	50	99	120	76	52	-6.69487	-6.38576	-5.28874	-5.25373
1231	2	4	1	2	7	1	5	-2.2943	-5.70703	-5.31333	-4.71148
1232	2	4	1	2	7	1	5	-2.2943	-5.70703	-5.31333	-4.71148
1233	4	7	10	4	1	7	1	-1.81652	-3.7915	-2.59254	-1.98005
1234	1	4	2	2	6	3	17	-4.71981	-2.44631	-4.55634	-5.48496
1235	4	7	10	4	1	7	1	-1.81652	-3.7915	-2.59254	-1.98005
1236	2	4	1	2	2	1	5	-2.76833	-3.64719	-4.09524	-4.06478
1237	4	7	10	4	1	7	1	-1.81652	-3.7915	-2.59254	-1.98005
1238	4	7	10	4	42	51	1	-2.91799	-4.63369	-4.75469	-3.80079
1239	1	307	3	4	5	9	3	-6.84503	-6.42639	-6.15009	-8.25387
1240	2	4	2	2	6	1	5	-6.10972	-4.82961	-5.95018	-7.6817
1241	8	10	149	2	11	12	6	-4.88872	-3.96905	-5.63727	-6.86455
1242	2	1	12	3	2	1	5	-2.62601	-2.11279	-3.59801	-4.5747
1243	2	4	1	2	2	1	5	-2.76833	-3.64719	-4.09524	-4.06478
1244	2	4	1	2	2	1	5	-2.76833	-3.64719	-4.09524	-4.06478
1245	2	4	1	2	2	1	5	-2.76833	-3.64719	-4.09524	-4.06478
1246	4	7	10	4	42	51	1	-2.91799	-4.63369	-4.75469	-3.80079
1247	2	4	1	2	2	1	5	-2.76833	-3.64719	-4.09524	-4.06478
1248	2	4	1	2	2	1	5	-2.76833	-3.64719	-4.09524	-4.06478
1249	2	1	12	88	2	1	5	-3.95216	-3.42657	-5.60782	-5.25333
1250	1	4	2	2	6	3	17	-4.71981	-2.44631	-4.55634	-5.48496
1251	9	2	4	62	4	5	6	-3.70512	-5.20604	-5.68402	-6.19686
1252	2	4	1	2	7	1	5	-2.2943	-5.70703	-5.31333	-4.71148
1253	2	4	5	2	2	5	5	-3.66022	-7.04926	-6.49667	-5.65317
1254	2	1	21	3	2	1	5	-2.93353	-2.4861	-4.33071	-4.40746
1255	1	4	2	2	6	3	17	-4.71981	-2.44631	-4.55634	-5.48496
1256	2	1	21	3	2	1	5	-2.93353	-2.4861	-4.33071	-4.40746
1257	2	4	1	2	2	5	5	-6.81797	-6.39985	-8.68162	-9.0625
1258	2	1	12	3	2	1	5	-2.62601	-2.11279	-3.59801	-4.5747
1259	2	4	2	2	6	1	5	-6.10972	-4.82961	-5.95018	-7.6817
1260	2	4	1	2	2	1	5	-2.76833	-3.64719	-4.09524	-4.06478
1261	2	4	1	2	2	1	5	-2.76833	-3.64719	-4.09524	-4.06478
1262	1	307	3	4	5	9	3	-6.84503	-6.42639	-6.15009	-8.25387
1263	9	25	2	10	22	3	6	-4.45687	-7.59789	-5.87457	-4.41615
1264	2	1	1	380	2	1	5	-6.15825	-5.73215	-8.08083	-8.45532
1265	2	4	1	2	2	1	5	-2.76833	-3.64719	-4.09524	-4.06478
1266	2	4	1	2	2	1	5	-2.76833	-3.64719	-4.09524	-4.06478
1267	2	1	12	3	2	1	5	-2.62601	-2.11279	-3.59801	-4.5747
1268	1	2	3	4	5	9	3	-4.71018	-2.48568	-3.63004	-4.96796
1269	2	4	1	2	2	1	5	-2.76833	-3.64719	-4.09524	-4.06478
1270	2	4	1	2	2	1	5	-2.76833	-3.64719	-4.09524	-4.06478
1271	2	4	1	2	2	1	5	-2.76833	-3.64719	-4.09524	-4.06478
1272	1	2	3	4	5	9	3	-4.71018	-2.48568	-3.63004	-4.96796
1273	9	2	2	212	309	253	147	-29.4095	-28.0474	-23.2437	-18.9931
1274	2	1	21	3	2	1	5	-2.93353	-2.4861	-4.33071	-4.40746
1275	47	2	4	2	6	5	17	-11.1816	-10.6465	-6.23274	-8.77819
1276	1	2	3	4	5	9	3	-4.71018	-2.48568	-3.63004	-4.96796
1277	2	4	1	2	2	1	5	-2.76833	-3.64719	-4.09524	-4.06478
1278	2	4	1	2	2	1	5	-2.76833	-3.64719	-4.09524	-4.06478
1279	9	2	4	62	4	5	6	-3.70512	-5.20604	-5.68402	-6.19686
1280	2	1	12	3	2	1	5	-2.62601	-2.11279	-3.59801	-4.5747
1281	2	4	1	2	2	1	5	-2.76833	-3.64719	-4.09524	-4.06478
1282	2	4	1	2	7	1	5	-2.2943	-5.70703	-5.31333	-4.71148
1283	7	17	2	15	23	3	12	-6.88814	-10.3132	-9.97754	-9.50845
1284	2	1	1	3	2	1	5	-4.6272	-3.78302	-6.23679	-6.78401
1285	2	1	12	3	2	1	5	-2.62601	-2.11279	-3.59801	-4.5747
1286	2	4	1	2	2	1	5	-2.76833	-3.64719	-4.09524	-4.06478
1287	2	1	5	3	2	3	5	-4.24751	-3.24868	-5.39244	-4.79758
1288	2	4	1	2	2	1	5	-2.76833	-3.64719	-4.09524	-4.06478
1289	2	4	1	2	2	1	5	-2.76833	-3.64719	-4.09524	-4.06478
1290	1	4	2	2	6	3	17	-4.71981	-2.44631	-4.55634	-5.48496
1291	2	1	2	3	2	3	5	-3.7459	-7.06849	-6.82801	-6.35557
1292	2	1	5	3	2	3	5	-4.24751	-3.24868	-5.39244	-4.79758
1293	1	2	3	3	5	9	3	-11.8682	-7.97898	-10.0933	-11.7847
1294	4	7	10	4	42	51	1	-2.91799	-4.63369	-4.75469	-3.80079
1295	1	4	2	2	6	3	17	-4.71981	-2.44631	-4.55634	-5.48496
1296	2	1	5	3	2	3	5	-4.24751	-3.24868	-5.39244	-4.79758
1297	4	7	10	4	1	7	1	-1.81652	-3.7915	-2.59254	-1.98005
1298	2	4	1	2	2	1	5	-2.76833	-3.64719	-4.09524	-4.06478
1299	4	7	10	4	1	7	1	-1.81652	-3.7915	-2.59254	-1.98005
1300	2	1	21	3	2	1	5	-2.93353	-2.4861	-4.33071	-4.40746
1301	2	4	1	2	2	1	5	-2.76833	-3.64719	-4.09524	-4.06478
1302	4	7	10	4	1	7	1	-1.81652	-3.7915	-2.59254	-1.98005
1303	2	4	1	2	2	1	5	-2.76833	-3.64719	-4.09524	-4.06478
1304	2	1	5	3	2	5	5	-5.70595	-2.82774	-4.11483	-5.55499
1305	2	4	1	2	2	1	5	-2.76833	-3.64719	-4.09524	-4.06478
1306	2	1	21	3	2	1	5	-2.93353	-2.4861	-4.33071	-4.40746
1307	2	1	5	3	2	5	5	-5.70595	-2.82774	-4.11483	-5.55499
1308	1	4	2	2	6	3	17	-4.71981	-2.44631	-4.55634	-5.48496
1309	1	4	2	2	6	3	17	-4.71981	-2.44631	-4.55634	-5.48496
1310	2	1	5	3	2	3	5	-4.24751	-3.24868	-5.39244	-4.79758
1311	1	4	2	2	6	3	17	-4.71981	-2.44631	-4.55634	-5.48496
1312	2	4	1	2	2	1	5	-2.76833	-3.64719	-4.09524	-4.06478
1313	2	1	12	88	2	1	5	-3.95216	-3.42657	-5.60782	-5.25333
1314	2	1	5	3	2	3	5	-4.24751	-3.24868	-5.39244	-4.79758
1315	2	4	5	2	2	1	5	-6.15858	-9.06741	-8.83408	-8.6191
1316	2	4	1	2	2	1	5	-2.76833	-3.64719	-4.09524	-4.06478
1317	1	4	2	2	6	3	17	-4.71981	-2.44631	-4.55634	-5.48496
1318	2	1	21	3	2	1	5	-2.93353	-2.4861	-4.33071	-4.40746
1319	4	7	10	4	1	7	1	-1.81652	-3.7915	-2.59254	-1.98005
1320	1	2	3	4	5	9	3	-4.71018	-2.48568	-3.63004	-4.96796
1321	2	4	1	2	7	1	5	-2.2943	-5.70703	-5.31333	-4.71148
1322	4	7	10	4	1	7	1	-1.81652	-3.7915	-2.59254	-1.98005
1323	4	7	10	4	1	7	1	-1.81652	-3.7915	-2.59254	-1.98005
1324	1	4	2	2	6	3	17	-4.71981	-2.44631	-4.55634	-5.48496
1325	2	4	1	2	7	1	5	-2.2943	-5.70703	-5.31333	-4.71148
1326	4	7	10	4	1	7	1	-1.81652	-3.7915	-2.59254	-1.98005
1327	8	10	2	2	11	12	6	-3.94166	-7.31594	-7.02963	-6.56162
1328	969	7	10	4	1	7	1	-6.33431	-8.10834	-5.4224	-3.96803
1329	4	7	10	4	1	7	1	-1.81652	-3.7915	-2.59254	-1.98005
1330	10	27	16	942	10	5	7	-25.5685	-17.1752	-19.0235	-19.2622
1331	10	27	16	941	10	5	7	-25.5685	-17.1752	-19.0235	-19.2622
1332	4	7	10	4	1	7	1	-1.81652	-3.7915	-2.59254	-1.98005
1333	4	7	10	4	1	7	1	-1.81652	-3.7915	-2.59254	-1.98005
1334	129	66	30	82	189	47	17	-3.23543	-4.87552	-5.33475	-4.14645
1335	4	7	10	4	1	7	1	-1.81652	-3.7915	-2.59254	-1.98005
1336	4	7	10	4	1	7	1	-1.81652	-3.7915	-2.59254	-1.98005
1337	2	4	1	2	2	1	5	-2.76833	-3.64719	-4.09524	-4.06478
1338	2	1	2	3	2	3	5	-3.7459	-7.06849	-6.82801	-6.35557
1339	10	27	16	19	10	5	7	-20.9729	-12.839	-16.1872	-17.2715
1340	2	4	1	2	2	1	5	-2.76833	-3.64719	-4.09524	-4.06478
1341	33	39	30	82	104	173	68	-5.41573	-3.97611	-6.52579	-7.31319
1342	1	4	2	2	6	3	17	-4.71981	-2.44631	-4.55634	-5.48496
1343	2	1	5	3	2	5	5	-5.70595	-2.82774	-4.11483	-5.55499
1344	2	1	12	3	2	1	5	-2.62601	-2.11279	-3.59801	-4.5747
1345	8	10	2	2	11	12	6	-3.94166	-7.31594	-7.02963	-6.56162
1346	2	1	1	3	2	1	5	-4.6272	-3.78302	-6.23679	-6.78401
1347	1	4	2	2	6	3	17	-4.71981	-2.44631	-4.55634	-5.48496
1348	7	2	2	2	11	12	6	-4.48828	-7.91283	-7.57719	-7.10789
1349	9	2	4	62	4	5	6	-3.70512	-5.20604	-5.68402	-6.19686
1350	2	1	21	3	2	1	5	-2.93353	-2.4861	-4.33071	-4.40746
1351	9	7	10	4	1	7	1	-10.3009	-12.2171	-11.3203	-9.80788
1352	2	1	12	3	920	1	5	-7.22243	-6.44008	-6.43201	-6.56403
1353	239	27	16	19	10	5	7	-10.4015	-6.46691	-9.14559	-10.388
1354	7	17	2	15	23	3	12	-6.88814	-10.3132	-9.97754	-9.50845
1355	1	4	2	2	6	3	17	-4.71981	-2.44631	-4.55634	-5.48496
1356	1	6	60	24	12	28	1	-32.0311	-31.9748	-20.2536	-16.923
1357	2	4	5	2	10	1	5	-6.88119	-10.2934	-9.96417	-9.49418
1358	10	81	50	99	120	76	52	-6.69487	-6.38576	-5.28874	-5.25373
1359	4	7	10	4	1	7	1	-1.81652	-3.7915	-2.59254	-1.98005
1360	2	1	5	3	2	5	5	-5.70595	-2.82774	-4.11483	-5.55499
1361	4	7	10	1	1	7	1	-5.25996	-8.47491	-5.97029	-6.12194
1362	2	4	5	2	10	1	5	-6.88119	-10.2934	-9.96417	-9.49418
1363	2	1	21	3	2	1	5	-2.93353	-2.4861	-4.33071	-4.40746
1364	2	1	21	3	2	1	5	-2.93353	-2.4861	-4.33071	-4.40746
1365	2	4	1	2	2	1	5	-2.76833	-3.64719	-4.09524	-4.06478
1366	2	4	2	2	6	1	5	-6.10972	-4.82961	-5.95018	-7.6817
1367	2	4	1	2	7	1	5	-2.2943	-5.70703	-5.31333	-4.71148
1368	2	4	1	2	2	1	5	-2.76833	-3.64719	-4.09524	-4.06478
1369	2	4	1	2	2	1	5	-2.76833	-3.64719	-4.09524	-4.06478
1370	4	7	10	4	1	7	1	-1.81652	-3.7915	-2.59254	-1.98005
1371	4	7	10	4	42	51	1	-2.91799	-4.63369	-4.75469	-3.80079
1372	2	1	5	3	2	3	5	-4.24751	-3.24868	-5.39244	-4.79758
1373	2	1	12	3	2	1	5	-2.62601	-2.11279	-3.59801	-4.5747
1374	2	1	1	3	2	1	5	-4.6272	-3.78302	-6.23679	-6.78401
1375	2	4	1	2	2	1	5	-2.76833	-3.64719	-4.09524	-4.06478
1376	4	7	10	4	1	7	1	-1.81652	-3.7915	-2.59254	-1.98005
1377	10	1	16	19	10	5	7	-6.55466	-2.74438	-4.20911	-5.24854
1378	2	4	1	2	7	1	5	-2.2943	-5.70703	-5.31333	-4.71148
1379	2	4	1	2	2	1	5	-2.76833	-3.64719	-4.09524	-4.06478
1380	10	81	50	99	120	76	52	-6.69487	-6.38576	-5.28874	-5.25373
1381	2	1	12	3	2	1	5	-2.62601	-2.11279	-3.59801	-4.5747
1382	2	4	1	2	2	1	5	-2.76833	-3.64719	-4.09524	-4.06478
1383	2	4	1	2	7	1	5	-2.2943	-5.70703	-5.31333	-4.71148
1384	1	2	3	4	5	9	3	-4.71018	-2.48568	-3.63004	-4.96796
1385	8	10	2	2	11	12	6	-3.94166	-7.31594	-7.02963	-6.56162
1386	1	4	2	2	6	3	17	-4.71981	-2.44631	-4.55634	-5.48496
1387	2	4	1	2	2	1	5	-2.76833	-3.64719	-4.09524	-4.06478
1388	2	4	1	2	2	1	5	-2.76833	-3.64719	-4.09524	-4.06478
1389	10	7	10	4	1	7	1	-12.5889	-10.8018	-10.0989	-9.00877
1390	2	1	21	3	2	1	5	-2.93353	-2.4861	-4.33071	-4.40746
1391	2	1	21	3	2	1	5	-2.93353	-2.4861	-4.33071	-4.40746
1392	10	1	16	19	10	5	7	-6.55466	-2.74438	-4.20911	-5.24854
1393	2	1	5	3	2	3	5	-4.24751	-3.24868	-5.39244	-4.79758
1394	2	1	5	3	2	3	5	-4.24751	-3.24868	-5.39244	-4.79758
1395	2	4	1	2	2	5	5	-6.81797	-6.39985	-8.68162	-9.0625
1396	2	4	1	2	7	1	5	-2.2943	-5.70703	-5.31333	-4.71148
1397	10	1	16	19	10	5	7	-6.55466	-2.74438	-4.20911	-5.24854
1398	2	4	1	2	7	1	5	-2.2943	-5.70703	-5.31333	-4.71148
1399	2	934	1	2	2	1	5	-7.28598	-7.97566	-6.91818	-6.03541
