Isolate	Loci0	Loci1	Loci2	Loci3	Loci4	Loci5	Loci6	Source0	Source1	Source2	Source3
0	1	2	3	4	5	9	3	-4.59926	-2.49121	-3.62639	-4.9053
1	4	7	10	4	1	7	1	-1.83226	-3.78262	-2.59892	-1.93212
2	2	4	1	2	2	1	5	-2.7857	-3.64703	-4.13727	-4.11666
3	2	4	1	2	2	1	5	-2.7857	-3.64703	-4.13727	-4.11666
4	9	25	2	10	22	3	6	-4.47266	-7.61676	-5.86731	-4.3509
5	4	7	10	4	1	7	1	-1.83226	-3.78262	-2.59892	-1.93212
6	4	7	10	4	1	7	1	-1.83226	-3.78262	-2.59892	-1.93212
7	4	7	10	4	42	51	1	-2.9389	-4.62949	-4.81121	-3.7962
8	2	4	1	2	2	1	5	-2.7857	-3.64703	-4.13727	-4.11666
9	10	81	50	99	120	76	52	-6.65341	-6.38331	-5.27646	-5.1749
10	2	1	21	3	2	1	5	-2.935	-2.49287	-4.36676	-4.44825
11	2	1	21	3	2	1	5	-2.935	-2.49287	-4.36676	-4.44825
12	9	25	2	10	22	3	6	-4.47266	-7.61676	-5.86731	-4.3509
13	2	1	21	3	2	1	5	-2.935	-2.49287	-4.36676	-4.44825
14	10	27	16	19	10	5	7	-19.7962	-12.9086	-16.2307	-16.9416
15	2	4	1	2	2	1	5	-2.7857	-3.64703	-4.13727	-4.11666
16	2	4	1	2	2	1	5	-2.7857	-3.64703	-4.13727	-4.11666
17	9	2	4	62	4	5	6	-3.73099	-5.19747	-5.79067	-6.70635
18	9	53	2	53	11	3	3	-29.9882	-27.7599	-27.1101	-24.6522
19	2	4	1	2	2	1	5	-2.7857	-3.64703	-4.13727	-4.11666
20	2	4	1	2	2	1	5	-2.7857	-3.64703	-4.13727	-4.11666
21	4	7	10	4	1	7	1	-1.83226	-3.78262	-2.59892	-1.93212
22	2	4	1	2	2	1	5	-2.7857	-3.64703	-4.13727	-4.11666
23	1	4	2	2	6	3	17	-4.60437	-2.45351	-4.54508	-5.3623
24	4	7	10	4	1	7	1	-1.83226	-3.78262	-2.59892	-1.93212
25	2	1	21	3	2	1	5	-2.935	-2.49287	-4.36676	-4.44825
26	8	10	2	2	11	12	6	-3.97013	-7.24325	-7.40749	-7.1742
27	2	4	2	2	6	1	5	-6.0823	-4.83507	-5.95633	-7.76765
28	2	1	12	3	2	1	5	-2.62711	-2.11895	-3.62616	-4.73379
29	2	4	1	2	2	1	5	-2.7857	-3.64703	-4.13727	-4.11666
30	4	7	10	4	1	7	1	-1.83226	-3.78262	-2.59892	-1.93212
31	10	1	16	19	10	5	7	-6.02991	-2.75096	-4.19638	-5.12496
32	1	2	3	4	5	9	3	-4.59926	-2.49121	-3.62639	-4.9053
33	2	4	1	2	2	1	5	-2.7857	-3.64703	-4.13727	-4.11666
34	2	4	1	2	2	1	5	-2.7857	-3.64703	-4.13727	-4.11666
35	2	4	1	2	2	1	5	-2.7857	-3.64703	-4.13727	-4.11666
36	4	7	10	4	1	7	1	-1.83226	-3.78262	-2.59892	-1.93212
37	129	66	30	82	189	47	17	-3.25727	-4.87356	-5.40655	-4.13943
38	2	1	12	3	357	1	5	-6.69944	-6.21905	-6.9416	-7.23622
39	9	2	4	62	4	5	6	-3.73099	-5.19747	-5.79067	-6.70635
40	2	1	1	3	2	1	5	-4.6157	-3.79072	-6.28231	-6.92064
41	2	1	12	3	357	1	5	-6.69944	-6.21905	-6.9416	-7.23622
42	2	1	5	3	2	3	5	-4.22782	-3.25695	-5.39347	-4.73612
43	2	1	5	3	2	3	5	-4.22782	-3.25695	-5.39347	-4.73612
44	2	4	1	2	2	1	5	-2.7857	-3.64703	-4.13727	-4.11666
45	2	4	1	2	2	1	5	-2.7857	-3.64703	-4.13727	-4.11666
46	2	4	2	2	6	1	5	-6.0823	-4.83507	-5.95633	-7.76765
47	1	4	2	2	6	3	17	-4.60437	-2.45351	-4.54508	-5.3623
48	2	1	21	3	2	1	5	-2.935	-2.49287	-4.36676	-4.44825
49	2	1	2	3	2	3	5	-3.77283	-7.0016	-7.20674	-6.96611
50	2	1	21	3	2	1	5	-2.935	-2.49287	-4.36676	-4.44825
51	7	17	2	15	23	3	12	-6.91723	-10.2337	-10.3557	-10.1208
52	2	4	1	2	7	1	5	-2.32065	-5.63037	-5.65487	-5.15347
53	9	2	4	62	4	5	6	-3.73099	-5.19747	-5.79067	-6.70635
54	2	4	1	2	7	1	5	-2.32065	-5.63037	-5.65487	-5.15347
55	9	2	4	62	4	5	6	-3.73099	-5.19747	-5.79067	-6.70635
56	2	1	12	88	2	1	5	-3.95126	-3.43379	-5.64747	-5.26056
57	2	1	5	3	2	3	5	-4.22782	-3.25695	-5.39347	-4.73612
58	2	4	1	2	2	1	5	-2.7857	-3.64703	-4.13727	-4.11666
59	9	2	4	62	4	5	6	-3.73099	-5.19747	-5.79067	-6.70635
60	2	1	5	3	2	3	5	-4.22782	-3.25695	-5.39347	-4.73612
61	2	4	1	2	2	1	5	-2.7857	-3.64703	-4.13727	-4.11666
62	2	4	1	2	2	1	5	-2.7857	-3.64703	-4.13727	-4.11666
63	2	4	1	2	2	1	5	-2.7857	-3.64703	-4.13727	-4.11666
64	2	4	1	2	2	1	5	-2.7857	-3.64703	-4.13727	-4.11666
65	2	4	1	2	2	1	5	-2.7857	-3.64703	-4.13727	-4.11666
66	2	4	1	2	2	1	5	-2.7857	-3.64703	-4.13727	-4.11666
67	1	2	215	4	90	24	8	-29.7076	-28.6602	-23.6386	-20.4787
68	2	4	1	2	2	1	5	-2.7857	-3.64703	-4.13727	-4.11666
69	1	2	3	4	5	9	3	-4.59926	-2.49121	-3.62639	-4.9053
70	2	4	1	2	2	1	5	-2.7857	-3.64703	-4.13727	-4.11666
71	2	4	1	2	2	1	5	-2.7857	-3.64703	-4.13727	-4.11666
72	9	25	2	10	22	3	6	-4.47266	-7.61676	-5.86731	-4.3509
73	2	15	4	48	360	25	23	-6.646	-8.9561	-5.67731	-4.90934
74	2	4	1	2	2	1	5	-2.7857	-3.64703	-4.13727	-4.11666
75	2	1	12	88	2	1	5	-3.95126	-3.43379	-5.64747	-5.26056
76	2	4	2	2	6	1	5	-6.0823	-4.83507	-5.95633	-7.76765
77	10	1	16	19	10	5	7	-6.02991	-2.75096	-4.19638	-5.12496
78	2	4	1	2	2	1	5	-2.7857	-3.64703	-4.13727	-4.11666
79	2	1	12	3	2	1	5	-2.62711	-2.11895	-3.62616	-4.73379
80	2	4	1	2	2	1	5	-2.7857	-3.64703	-4.13727	-4.11666
81	2	4	1	2	2	1	5	-2.7857	-3.64703	-4.13727	-4.11666
82	1	4	2	2	6	3	17	-4.60437	-2.45351	-4.54508	-5.3623
83	10	1	16	19	10	5	7	-6.02991	-2.75096	-4.19638	-5.12496
84	8	10	149	2	11	12	6	-4.87878	-3.97427	-5.65431	-6.98902
85	2	4	1	2	2	1	5	-2.7857	-3.64703	-4.13727	-4.11666
86	2	4	1	2	7	1	5	-2.32065	-5.63037	-5.65487	-5.15347
87	32	39	30	82	104	324	17	-8.04523	-4.68228	-7.31944	-8.26254
88	1	2	3	4	5	9	3	-4.59926	-2.49121	-3.62639	-4.9053
89	2	1	5	3	2	3	5	-4.22782	-3.25695	-5.39347	-4.73612
90	2	4	1	2	2	1	5	-2.7857	-3.64703	-4.13727	-4.11666
91	2	4	1	2	7	1	5	-2.32065	-5.63037	-5.65487	-5.15347
92	4	7	10	4	1	7	1	-1.83226	-3.78262	-2.59892	-1.93212
93	2	1	2	3	2	3	5	-3.77283	-7.0016	-7.20674	-6.96611
94	2	1	12	3	2	1	5	-2.62711	-2.11895	-3.62616	-4.73379
95	2	1	21	3	2	1	5	-2.935	-2.49287	-4.36676	-4.44825
96	2	1	21	3	2	1	5	-2.935	-2.49287	-4.36676	-4.44825
97	9	2	5	2	11	3	1	-28.7419	-31.8182	-28.9302	-25.7944
98	4	7	10	4	1	7	1	-1.83226	-3.78262	-2.59892	-1.93212
99	2	1	2	3	2	3	5	-3.77283	-7.0016	-7.20674	-6.96611
100	2	1	21	3	2	1	5	-2.935	-2.49287	-4.36676	-4.44825
101	4	7	10	4	1	7	1	-1.83226	-3.78262	-2.59892	-1.93212
102	2	1	21	3	2	1	5	-2.935	-2.49287	-4.36676	-4.44825
103	1	4	2	2	6	3	17	-4.60437	-2.45351	-4.54508	-5.3623
104	2	4	5	2	10	1	5	-6.90813	-10.2152	-10.3438	-10.108
105	2	1	12	88	2	1	5	-3.95126	-3.43379	-5.64747	-5.26056
106	9	2	4	62	4	5	6	-3.73099	-5.19747	-5.79067	-6.70635
107	2	165	73	147	220	190	104	-8.42373	-10.1005	-6.84508	-5.2306
108	2	1	21	3	2	1	5	-2.935	-2.49287	-4.36676	-4.44825
109	2	4	1	2	2	1	5	-2.7857	-3.64703	-4.13727	-4.11666
110	2	1	12	3	11	1	6	-18.5266	-17.7623	-20.7491	-20.6
111	2	1	2	3	2	3	5	-3.77283	-7.0016	-7.20674	-6.96611
112	2	4	1	2	7	1	5	-2.32065	-5.63037	-5.65487	-5.15347
113	2	1	2	3	2	3	5	-3.77283	-7.0016	-7.20674	-6.96611
114	2	1	21	3	2	1	5	-2.935	-2.49287	-4.36676	-4.44825
115	2	4	1	2	7	1	5	-2.32065	-5.63037	-5.65487	-5.15347
116	33	39	30	82	113	43	17	-9.52446	-6.44669	-6.18225	-8.69808
117	2	4	1	2	2	1	5	-2.7857	-3.64703	-4.13727	-4.11666
118	2	4	1	2	2	1	5	-2.7857	-3.64703	-4.13727	-4.11666
119	2	4	1	2	2	1	5	-2.7857	-3.64703	-4.13727	-4.11666
120	2	4	1	2	7	1	5	-2.32065	-5.63037	-5.65487	-5.15347
121	4	7	10	1	1	7	1	-5.28308	-8.37209	-5.99166	-6.13778
122	2	1	12	3	2	1	5	-2.62711	-2.11895	-3.62616	-4.73379
123	2	4	1	2	2	1	5	-2.7857	-3.64703	-4.13727	-4.11666
124	2	4	1	2	2	1	5	-2.7857	-3.64703	-4.13727	-4.11666
125	2	4	1	2	7	1	5	-2.32065	-5.63037	-5.65487	-5.15347
126	2	4	1	2	2	1	5	-2.7857	-3.64703	-4.13727	-4.11666
127	2	4	1	2	2	1	5	-2.7857	-3.64703	-4.13727	-4.11666
128	2	1	12	88	2	1	5	-3.95126	-3.43379	-5.64747	-5.26056
129	2	1	12	3	2	1	5	-2.62711	-2.11895	-3.62616	-4.73379
130	2	1	12	3	2	1	5	-2.62711	-2.11895	-3.62616	-4.73379
131	2	4	1	2	7	1	5	-2.32065	-5.63037	-5.65487	-5.15347
132	2	1	21	3	2	1	5	-2.935	-2.49287	-4.36676	-4.44825
133	2	1	21	3	2	1	5	-2.935	-2.49287	-4.36676	-4.44825
134	2	4	5	2	2	5	5	-3.6863	-6.97911	-6.75699	-5.87352
135	2	1	21	3	2	1	5	-2.935	-2.49287	-4.36676	-4.44825
136	1	4	2	2	6	3	1	-11.1882	-10.0882	-10.6866	-10.7377
137	2	1	5	3	2	3	5	-4.22782	-3.25695	-5.39347	-4.73612
138	2	1	5	3	2	3	5	-4.22782	-3.25695	-5.39347	-4.73612
139	4	7	10	4	1	7	1	-1.83226	-3.78262	-2.59892	-1.93212
140	8	10	2	2	11	12	6	-3.97013	-7.24325	-7.40749	-7.1742
141	2	1	2	3	2	3	5	-3.77283	-7.0016	-7.20674	-6.96611
142	2	1	5	3	2	3	5	-4.22782	-3.25695	-5.39347	-4.73612
143	2	1	2	3	2	3	5	-3.77283	-7.0016	-7.20674	-6.96611
144	129	66	30	82	189	47	17	-3.25727	-4.87356	-5.40655	-4.13943
145	2	4	1	2	2	1	5	-2.7857	-3.64703	-4.13727	-4.11666
146	2	4	1	2	2	1	5	-2.7857	-3.64703	-4.13727	-4.11666
147	7	21	5	62	4	61	44	-7.18072	-3.83483	-5.65344	-7.22895
148	2	4	1	2	2	1	5	-2.7857	-3.64703	-4.13727	-4.11666
149	2	937	1	2	2	1	5	-6.78013	-7.74809	-7.446	-6.6116
150	1	14	2	2	6	1	17	-8.97034	-6.45069	-7.66805	-6.3064
151	1	4	2	2	6	3	17	-4.60437	-2.45351	-4.54508	-5.3623
152	8	10	149	2	11	12	6	-4.87878	-3.97427	-5.65431	-6.98902
153	2	1	12	3	2	1	5	-2.62711	-2.11895	-3.62616	-4.73379
154	9	30	2	2	89	59	6	-4.96935	-8.28727	-8.40904	-8.17369
155	1	2	3	4	5	9	3	-4.59926	-2.49121	-3.62639	-4.9053
156	2	4	1	2	2	1	5	-2.7857	-3.64703	-4.13727	-4.11666
157	2	4	1	2	2	1	5	-2.7857	-3.64703	-4.13727	-4.11666
158	180	194	2	68	19	231	147	-25.665	-29.1669	-25.3357	-21.041
159	2	4	1	2	2	1	5	-2.7857	-3.64703	-4.13727	-4.11666
160	2	4	1	2	2	1	5	-2.7857	-3.64703	-4.13727	-4.11666
161	2	4	1	2	2	1	5	-2.7857	-3.64703	-4.13727	-4.11666
162	4	7	10	4	1	7	1	-1.83226	-3.78262	-2.59892	-1.93212
163	2	4	1	2	2	1	5	-2.7857	-3.64703	-4.13727	-4.11666
164	2	1	21	3	2	1	5	-2.935	-2.49287	-4.36676	-4.44825
165	2	4	1	2	7	1	5	-2.32065	-5.63037	-5.65487	-5.15347
166	2	4	1	2	2	1	5	-2.7857	-3.64703	-4.13727	-4.11666
167	10	1	16	19	10	5	7	-6.02991	-2.75096	-4.19638	-5.12496
168	104	7	10	4	1	7	1	-4.42486	-7.74893	-7.8562	-7.6073
169	2	4	1	2	2	1	5	-2.7857	-3.64703	-4.13727	-4.11666
170	10	27	16	19	10	5	7	-19.7962	-12.9086	-16.2307	-16.9416
171	2	4	1	2	2	1	5	-2.7857	-3.64703	-4.13727	-4.11666
172	2	1	1	3	2	1	5	-4.6157	-3.79072	-6.28231	-6.92064
173	7	21	5	62	4	61	44	-7.18072	-3.83483	-5.65344	-7.22895
174	2	1	1	3	2	1	5	-4.6157	-3.79072	-6.28231	-6.92064
175	10	1	16	19	10	5	7	-6.02991	-2.75096	-4.19638	-5.12496
176	2	4	1	2	2	1	5	-2.7857	-3.64703	-4.13727	-4.11666
177	2	4	1	2	2	1	5	-2.7857	-3.64703	-4.13727	-4.11666
178	2	1	12	3	2	1	5	-2.62711	-2.11895	-3.62616	-4.73379
179	2	4	1	2	2	1	5	-2.7857	-3.64703	-4.13727	-4.11666
180	2	4	1	2	2	1	5	-2.7857	-3.64703	-4.13727	-4.11666
181	1	4	2	2	6	3	17	-4.60437	-2.45351	-4.54508	-5.3623
182	2	1	12	3	2	1	5	-2.62711	-2.11895	-3.62616	-4.73379
183	4	7	10	4	1	7	1	-1.83226	-3.78262	-2.59892	-1.93212
184	2	4	1	2	2	1	5	-2.7857	-3.64703	-4.13727	-4.11666
185	2	4	1	2	2	1	5	-2.7857	-3.64703	-4.13727	-4.11666
186	2	1	21	3	2	1	5	-2.935	-2.49287	-4.36676	-4.44825
187	4	7	10	4	1	7	1	-1.83226	-3.78262	-2.59892	-1.93212
188	4	7	10	4	42	51	1	-2.9389	-4.62949	-4.81121	-3.7962
189	2	1	5	3	2	3	5	-4.22782	-3.25695	-5.39347	-4.73612
190	1	2	4	62	4	5	17	-6.09677	-4.85158	-7.38713	-8.12248
191	4	7	10	4	1	7	1	-1.83226	-3.78262	-2.59892	-1.93212
192	4	7	10	4	42	51	1	-2.9389	-4.62949	-4.81121	-3.7962
193	2	1	21	3	2	1	5	-2.935	-2.49287	-4.36676	-4.44825
194	4	7	10	4	42	51	1	-2.9389	-4.62949	-4.81121	-3.7962
195	2	4	1	2	7	1	5	-2.32065	-5.63037	-5.65487	-5.15347
196	2	4	1	2	2	1	5	-2.7857	-3.64703	-4.13727	-4.11666
197	1	2	3	4	5	9	3	-4.59926	-2.49121	-3.62639	-4.9053
198	1	2	4	62	4	5	17	-6.09677	-4.85158	-7.38713	-8.12248
199	2	250	4	281	358	25	57	-28.6201	-30.1651	-20.7978	-18.2714
200	9	2	4	62	4	5	6	-3.73099	-5.19747	-5.79067	-6.70635
201	1	2	3	4	5	9	3	-4.59926	-2.49121	-3.62639	-4.9053
202	4	7	10	4	1	7	1	-1.83226	-3.78262	-2.59892	-1.93212
203	2	4	2	4	19	3	6	-5.81311	-9.12679	-9.24973	-9.00957
204	4	7	10	4	1	7	1	-1.83226	-3.78262	-2.59892	-1.93212
205	4	7	10	4	42	51	1	-2.9389	-4.62949	-4.81121	-3.7962
206	2	1	12	3	2	1	5	-2.62711	-2.11895	-3.62616	-4.73379
207	4	7	10	4	1	7	1	-1.83226	-3.78262	-2.59892	-1.93212
208	2	1	12	3	2	1	5	-2.62711	-2.11895	-3.62616	-4.73379
209	1	2	4	62	4	5	17	-6.09677	-4.85158	-7.38713	-8.12248
210	4	7	10	4	42	51	1	-2.9389	-4.62949	-4.81121	-3.7962
211	2	4	1	2	2	1	5	-2.7857	-3.64703	-4.13727	-4.11666
212	4	7	10	4	1	7	1	-1.83226	-3.78262	-2.59892	-1.93212
213	2	1	21	3	2	1	5	-2.935	-2.49287	-4.36676	-4.44825
214	47	2	4	2	6	5	17	-11.1853	-10.1688	-6.23443	-8.99422
215	2	1	21	3	2	1	5	-2.935	-2.49287	-4.36676	-4.44825
216	2	1	21	3	2	1	5	-2.935	-2.49287	-4.36676	-4.44825
217	2	4	1	2	2	1	5	-2.7857	-3.64703	-4.13727	-4.11666
218	2	4	1	2	2	1	5	-2.7857	-3.64703	-4.13727	-4.11666
219	10	81	50	99	120	76	52	-6.65341	-6.38331	-5.27646	-5.1749
220	2	4	1	2	2	1	5	-2.7857	-3.64703	-4.13727	-4.11666
221	2	4	1	2	2	1	5	-2.7857	-3.64703	-4.13727	-4.11666
222	1	4	2	2	6	3	17	-4.60437	-2.45351	-4.54508	-5.3623
223	1	2	4	62	4	5	17	-6.09677	-4.85158	-7.38713	-8.12248
224	4	7	10	4	1	7	1	-1.83226	-3.78262	-2.59892	-1.93212
225	4	7	10	4	1	7	1	-1.83226	-3.78262	-2.59892	-1.93212
226	10	1	16	19	10	5	7	-6.02991	-2.75096	-4.19638	-5.12496
227	2	4	1	2	2	1	5	-2.7857	-3.64703	-4.13727	-4.11666
228	2	4	1	2	7	1	5	-2.32065	-5.63037	-5.65487	-5.15347
229	1	4	2	348	6	3	17	-8.73729	-5.36782	-8.00792	-8.95247
230	1	2	4	62	4	5	17	-6.09677	-4.85158	-7.38713	-8.12248
231	10	27	16	19	10	5	7	-19.7962	-12.9086	-16.2307	-16.9416
232	1	4	2	2	6	3	17	-4.60437	-2.45351	-4.54508	-5.3623
233	4	7	10	4	42	51	1	-2.9389	-4.62949	-4.81121	-3.7962
234	2	4	1	2	2	1	5	-2.7857	-3.64703	-4.13727	-4.11666
235	2	1	12	3	2	1	5	-2.62711	-2.11895	-3.62616	-4.73379
236	2	1	12	88	2	1	5	-3.95126	-3.43379	-5.64747	-5.26056
237	2	4	1	2	7	1	5	-2.32065	-5.63037	-5.65487	-5.15347
238	2	1	12	3	2	1	5	-2.62711	-2.11895	-3.62616	-4.73379
239	1	4	2	2	6	3	17	-4.60437	-2.45351	-4.54508	-5.3623
240	2	1	4	28	58	25	58	-5.63213	-8.26648	-5.31591	-4.22473
241	2	1	5	3	2	3	5	-4.22782	-3.25695	-5.39347	-4.73612
242	2	1	12	3	2	1	5	-2.62711	-2.11895	-3.62616	-4.73379
243	2	4	1	2	2	1	5	-2.7857	-3.64703	-4.13727	-4.11666
244	2	1	5	10	11	1	5	-26.6883	-22.5792	-24.7075	-25.3755
245	2	1	12	3	2	1	5	-2.62711	-2.11895	-3.62616	-4.73379
246	2	1	12	88	2	1	5	-3.95126	-3.43379	-5.64747	-5.26056
247	2	1	12	3	2	1	5	-2.62711	-2.11895	-3.62616	-4.73379
248	2	1	12	3	2	1	5	-2.62711	-2.11895	-3.62616	-4.73379
249	1	4	2	2	6	3	17	-4.60437	-2.45351	-4.54508	-5.3623
250	9	2	4	62	4	5	6	-3.73099	-5.19747	-5.79067	-6.70635
251	2	1	12	3	2	1	5	-2.62711	-2.11895	-3.62616	-4.73379
252	8	10	149	2	11	12	6	-4.87878	-3.97427	-5.65431	-6.98902
253	2	1	21	3	2	1	5	-2.935	-2.49287	-4.36676	-4.44825
254	1	2	3	4	5	9	3	-4.59926	-2.49121	-3.62639	-4.9053
255	2	1	5	3	2	3	5	-4.22782	-3.25695	-5.39347	-4.73612
256	1	307	3	4	5	9	3	-6.85075	-6.42282	-6.15745	-8.47684
257	1	4	2	2	6	3	17	-4.60437	-2.45351	-4.54508	-5.3623
258	2	4	1	2	7	1	5	-2.32065	-5.63037	-5.65487	-5.15347
259	2	4	1	2	2	1	5	-2.7857	-3.64703	-4.13727	-4.11666
260	2	61	4	64	126	7	23	-5.96258	-8.61396	-5.83559	-4.22983
261	7	21	5	62	4	61	44	-7.18072	-3.83483	-5.65344	-7.22895
262	2	1	12	3	2	1	5	-2.62711	-2.11895	-3.62616	-4.73379
263	2	4	1	2	2	1	5	-2.7857	-3.64703	-4.13727	-4.11666
264	2	1	12	3	2	1	5	-2.62711	-2.11895	-3.62616	-4.73379
265	2	1	21	3	2	1	5	-2.935	-2.49287	-4.36676	-4.44825
266	2	1	21	3	2	1	5	-2.935	-2.49287	-4.36676	-4.44825
267	2	4	1	2	2	1	5	-2.7857	-3.64703	-4.13727	-4.11666
268	2	4	1	2	2	1	5	-2.7857	-3.64703	-4.13727	-4.11666
269	2	4	1	2	7	1	5	-2.32065	-5.63037	-5.65487	-5.15347
270	4	7	10	4	1	7	1	-1.83226	-3.78262	-2.59892	-1.93212
271	1	2	4	62	4	5	17	-6.09677	-4.85158	-7.38713	-8.12248
272	4	1	21	3	2	1	5	-9.60149	-10.2252	-10.6313	-9.89669
273	10	1	16	19	10	5	7	-6.02991	-2.75096	-4.19638	-5.12496
274	33	283	44	82	189	44	17	-6.76339	-3.47575	-5.39939	-5.8925
275	2	1	12	3	2	1	5	-2.62711	-2.11895	-3.62616	-4.73379
276	10	81	50	99	120	76	52	-6.65341	-6.38331	-5.27646	-5.1749
277	4	7	10	4	42	25	1	-8.3362	-9.44163	-5.78915	-5.17283
278	2	4	1	2	2	1	5	-2.7857	-3.64703	-4.13727	-4.11666
279	2	4	5	2	10	1	5	-6.90813	-10.2152	-10.3438	-10.108
280	2	4	1	2	2	1	5	-2.7857	-3.64703	-4.13727	-4.11666
281	9	2	4	62	4	5	6	-3.73099	-5.19747	-5.79067	-6.70635
282	4	7	10	4	1	7	1	-1.83226	-3.78262	-2.59892	-1.93212
283	2	1	12	3	2	1	5	-2.62711	-2.11895	-3.62616	-4.73379
284	9	2	4	62	4	5	6	-3.73099	-5.19747	-5.79067	-6.70635
285	9	2	4	62	4	5	6	-3.73099	-5.19747	-5.79067	-6.70635
286	2	4	1	2	2	1	5	-2.7857	-3.64703	-4.13727	-4.11666
287	2	1	12	88	2	1	5	-3.95126	-3.43379	-5.64747	-5.26056
288	2	1	21	3	2	1	5	-2.935	-2.49287	-4.36676	-4.44825
289	33	39	30	79	113	44	17	-25.4757	-24.0906	-25.3634	-26.7779
290	1	2	3	4	5	9	3	-4.59926	-2.49121	-3.62639	-4.9053
291	1	4	2	2	6	3	17	-4.60437	-2.45351	-4.54508	-5.3623
292	9	2	4	62	4	5	6	-3.73099	-5.19747	-5.79067	-6.70635
293	2	1	12	3	2	1	5	-2.62711	-2.11895	-3.62616	-4.73379
294	2	1	5	3	2	5	5	-5.4841	-2.83478	-4.10885	-5.46311
295	2	1	5	3	2	5	5	-5.4841	-2.83478	-4.10885	-5.46311
296	2	4	1	2	2	1	5	-2.7857	-3.64703	-4.13727	-4.11666
297	2	4	1	2	2	1	5	-2.7857	-3.64703	-4.13727	-4.11666
298	2	1	21	3	2	1	5	-2.935	-2.49287	-4.36676	-4.44825
299	32	39	30	82	104	324	17	-8.04523	-4.68228	-7.31944	-8.26254
300	2	1	12	3	2	1	5	-2.62711	-2.11895	-3.62616	-4.73379
301	4	7	10	4	1	7	1	-1.83226	-3.78262	-2.59892	-1.93212
302	1	4	2	2	6	3	5	-8.59742	-5.27752	-7.94514	-8.88929
303	2	1	21	3	2	1	5	-2.935	-2.49287	-4.36676	-4.44825
304	4	7	10	4	42	51	1	-2.9389	-4.62949	-4.81121	-3.7962
305	2	4	1	2	7	1	5	-2.32065	-5.63037	-5.65487	-5.15347
306	7	21	5	62	4	61	44	-7.18072	-3.83483	-5.65344	-7.22895
307	104	7	10	4	1	7	1	-4.42486	-7.74893	-7.8562	-7.6073
308	9	25	2	10	22	3	6	-4.47266	-7.61676	-5.86731	-4.3509
309	2	4	2	2	6	3	17	-10.5956	-7.75887	-10.3167	-10.5562
310	2	4	1	2	7	1	5	-2.32065	-5.63037	-5.65487	-5.15347
311	129	66	30	82	189	47	17	-3.25727	-4.87356	-5.40655	-4.13943
312	33	39	30	82	104	173	68	-5.38048	-3.98257	-6.53491	-7.29835
313	2	1	12	3	2	1	5	-2.62711	-2.11895	-3.62616	-4.73379
314	2	1	1	3	2	1	5	-4.6157	-3.79072	-6.28231	-6.92064
315	7	21	5	62	4	61	44	-7.18072	-3.83483	-5.65344	-7.22895
316	2	1	21	3	2	1	5	-2.935	-2.49287	-4.36676	-4.44825
317	4	7	10	4	1	7	1	-1.83226	-3.78262	-2.59892	-1.93212
318	10	2	107	62	120	76	1	-6.84525	-9.91226	-7.85674	-6.30611
319	4	7	10	4	1	7	1	-1.83226	-3.78262	-2.59892	-1.93212
320	2	1	12	3	2	1	5	-2.62711	-2.11895	-3.62616	-4.73379
321	2	1	5	3	2	3	5	-4.22782	-3.25695	-5.39347	-4.73612
322	4	7	10	4	1	7	1	-1.83226	-3.78262	-2.59892	-1.93212
323	2	1	12	88	2	1	5	-3.95126	-3.43379	-5.64747	-5.26056
324	4	7	10	4	42	7	1	-6.51076	-8.81192	-5.55432	-4.64981
325	4	7	10	4	42	51	1	-2.9389	-4.62949	-4.81121	-3.7962
326	2	1	21	3	2	1	5	-2.935	-2.49287	-4.36676	-4.44825
327	2	1	12	3	2	1	5	-2.62711	-2.11895	-3.62616	-4.73379
328	4	7	10	4	1	7	1	-1.83226	-3.78262	-2.59892	-1.93212
329	2	4	1	2	7	1	5	-2.32065	-5.63037	-5.65487	-5.15347
330	4	7	10	4	1	7	1	-1.83226	-3.78262	-2.59892	-1.93212
331	2	1	12	3	2	1	5	-2.62711	-2.11895	-3.62616	-4.73379
332	4	7	10	4	1	7	1	-1.83226	-3.78262	-2.59892	-1.93212
333	4	7	10	4	1	7	1	-1.83226	-3.78262	-2.59892	-1.93212
334	1	4	2	2	6	3	17	-4.60437	-2.45351	-4.54508	-5.3623
335	2	4	1	2	2	1	5	-2.7857	-3.64703	-4.13727	-4.11666
336	4	7	10	4	1	7	1	-1.83226	-3.78262	-2.59892	-1.93212
337	7	17	2	15	23	3	12	-6.91723	-10.2337	-10.3557	-10.1208
338	2	1	5	3	2	3	5	-4.22782	-3.25695	-5.39347	-4.73612
339	4	7	10	4	1	7	1	-1.83226	-3.78262	-2.59892	-1.93212
340	4	7	10	4	1	7	1	-1.83226	-3.78262	-2.59892	-1.93212
341	4	7	10	4	42	51	1	-2.9389	-4.62949	-4.81121	-3.7962
342	2	4	1	2	2	1	5	-2.7857	-3.64703	-4.13727	-4.11666
343	2	1	12	88	2	1	5	-3.95126	-3.43379	-5.64747	-5.26056
344	2	1	1	3	2	1	5	-4.6157	-3.79072	-6.28231	-6.92064
345	1	2	3	4	5	9	3	-4.59926	-2.49121	-3.62639	-4.9053
346	2	1	12	88	2	1	5	-3.95126	-3.43379	-5.64747	-5.26056
347	2	1	1	3	2	1	5	-4.6157	-3.79072	-6.28231	-6.92064
348	24	17	2	10	23	68	5	-9.14281	-5.77913	-8.41725	-9.36051
349	4	7	10	4	1	7	1	-1.83226	-3.78262	-2.59892	-1.93212
350	2	1	21	3	2	1	5	-2.935	-2.49287	-4.36676	-4.44825
351	1	4	2	2	6	3	17	-4.60437	-2.45351	-4.54508	-5.3623
352	2	1	5	3	2	3	5	-4.22782	-3.25695	-5.39347	-4.73612
353	4	7	10	4	1	7	1	-1.83226	-3.78262	-2.59892	-1.93212
354	2	1	1	3	2	1	5	-4.6157	-3.79072	-6.28231	-6.92064
355	2	1	12	3	2	1	5	-2.62711	-2.11895	-3.62616	-4.73379
356	8	10	149	2	11	12	6	-4.87878	-3.97427	-5.65431	-6.98902
357	2	4	1	2	2	5	5	-6.81221	-6.40756	-8.76407	-9.29942
358	10	1	16	19	10	5	7	-6.02991	-2.75096	-4.19638	-5.12496
359	24	17	2	10	23	68	5	-9.14281	-5.77913	-8.41725	-9.36051
360	1	2	4	62	4	5	17	-6.09677	-4.85158	-7.38713	-8.12248
361	2	4	1	2	7	1	5	-2.32065	-5.63037	-5.65487	-5.15347
362	7	71	5	62	11	67	6	-28.9884	-27.5975	-28.6238	-27.4395
363	7	17	5	2	10	3	6	-25.0747	-24.2631	-24.1824	-22.4722
364	2	1	5	3	2	3	5	-4.22782	-3.25695	-5.39347	-4.73612
365	9	2	4	62	4	5	6	-3.73099	-5.19747	-5.79067	-6.70635
366	33	38	30	82	104	325	36	-13.909	-10.5846	-12.4296	-12.5608
367	2	4	1	2	7	1	5	-2.32065	-5.63037	-5.65487	-5.15347
368	47	2	4	2	6	5	17	-11.1853	-10.1688	-6.23443	-8.99422
369	2	1	12	88	2	1	5	-3.95126	-3.43379	-5.64747	-5.26056
370	2	1	12	88	2	1	5	-3.95126	-3.43379	-5.64747	-5.26056
371	2	1	12	88	2	1	5	-3.95126	-3.43379	-5.64747	-5.26056
372	2	1	12	88	2	1	5	-3.95126	-3.43379	-5.64747	-5.26056
373	2	4	1	2	2	1	5	-2.7857	-3.64703	-4.13727	-4.11666
374	2	1	12	88	2	1	5	-3.95126	-3.43379	-5.64747	-5.26056
375	1	1	2	2	6	3	17	-9.62639	-6.19536	-8.8935	-9.83024
376	2	1	12	88	2	1	5	-3.95126	-3.43379	-5.64747	-5.26056
377	2	1	12	88	2	1	5	-3.95126	-3.43379	-5.64747	-5.26056
378	2	4	1	2	2	1	5	-2.7857	-3.64703	-4.13727	-4.11666
379	2	1	12	88	2	1	5	-3.95126	-3.43379	-5.64747	-5.26056
380	2	1	5	3	2	3	5	-4.22782	-3.25695	-5.39347	-4.73612
381	4	7	10	4	1	7	1	-1.83226	-3.78262	-2.59892	-1.93212
382	2	1	12	3	2	1	5	-2.62711	-2.11895	-3.62616	-4.73379
383	1	2	4	62	4	5	17	-6.09677	-4.85158	-7.38713	-8.12248
384	1	4	2	2	6	3	17	-4.60437	-2.45351	-4.54508	-5.3623
385	2	1	12	3	2	1	5	-2.62711	-2.11895	-3.62616	-4.73379
386	2	1	12	88	2	1	5	-3.95126	-3.43379	-5.64747	-5.26056
387	9	2	4	62	4	5	6	-3.73099	-5.19747	-5.79067	-6.70635
388	2	4	1	2	7	1	5	-2.32065	-5.63037	-5.65487	-5.15347
389	2	1	5	3	2	3	5	-4.22782	-3.25695	-5.39347	-4.73612
390	7	21	5	62	4	61	44	-7.18072	-3.83483	-5.65344	-7.22895
391	1	2	215	4	90	24	8	-29.7076	-28.6602	-23.6386	-20.4787
392	2	1	21	3	2	1	5	-2.935	-2.49287	-4.36676	-4.44825
393	1	4	2	2	6	3	17	-4.60437	-2.45351	-4.54508	-5.3623
394	2	4	1	2	2	1	5	-2.7857	-3.64703	-4.13727	-4.11666
395	2	1	12	3	2	1	5	-2.62711	-2.11895	-3.62616	-4.73379
396	1	2	3	4	5	9	3	-4.59926	-2.49121	-3.62639	-4.9053
397	2	1	5	3	2	3	5	-4.22782	-3.25695	-5.39347	-4.73612
398	10	1	16	19	10	5	7	-6.02991	-2.75096	-4.19638	-5.12496
399	2	1	2	3	2	959	5	-7.84151	-10.698	-10.4883	-9.45735
400	10	1	16	19	10	5	7	-6.02991	-2.75096	-4.19638	-5.12496
401	2	4	1	2	7	1	5	-2.32065	-5.63037	-5.65487	-5.15347
402	2	1	12	3	2	1	5	-2.62711	-2.11895	-3.62616	-4.73379
403	8	10	149	2	11	12	6	-4.87878	-3.97427	-5.65431	-6.98902
404	2	4	1	2	7	1	5	-2.32065	-5.63037	-5.65487	-5.15347
405	4	7	10	4	1	7	1	-1.83226	-3.78262	-2.59892	-1.93212
406	4	7	10	4	1	7	1	-1.83226	-3.78262	-2.59892	-1.93212
407	2	4	5	2	2	5	5	-3.6863	-6.97911	-6.75699	-5.87352
408	2	1	12	3	2	1	5	-2.62711	-2.11895	-3.62616	-4.73379
409	166	2	27	10	151	3	1	-31.3502	-32.9144	-28.6971	-24.0953
410	33	39	30	79	113	44	17	-25.4757	-24.0906	-25.3634	-26.7779
411	7	17	2	15	23	3	12	-6.91723	-10.2337	-10.3557	-10.1208
412	1	2	3	4	5	9	3	-4.59926	-2.49121	-3.62639	-4.9053
413	2	4	1	2	7	1	5	-2.32065	-5.63037	-5.65487	-5.15347
414	7	21	5	62	4	61	44	-7.18072	-3.83483	-5.65344	-7.22895
415	2	1	12	3	2	1	5	-2.62711	-2.11895	-3.62616	-4.73379
416	1	2	3	4	5	9	3	-4.59926	-2.49121	-3.62639	-4.9053
417	2	1	5	88	2	11	5	-8.64928	-5.35054	-6.07129	-8.27343
418	2	4	1	2	7	1	5	-2.32065	-5.63037	-5.65487	-5.15347
419	2	1	21	3	2	1	5	-2.935	-2.49287	-4.36676	-4.44825
420	7	17	2	15	23	3	12	-6.91723	-10.2337	-10.3557	-10.1208
421	2	1	5	88	2	11	5	-8.64928	-5.35054	-6.07129	-8.27343
422	47	2	4	2	6	5	17	-11.1853	-10.1688	-6.23443	-8.99422
423	1	2	3	4	5	9	3	-4.59926	-2.49121	-3.62639	-4.9053
424	7	17	2	15	23	3	12	-6.91723	-10.2337	-10.3557	-10.1208
425	2	4	1	2	2	1	5	-2.7857	-3.64703	-4.13727	-4.11666
426	2	4	1	2	2	1	5	-2.7857	-3.64703	-4.13727	-4.11666
427	2	4	1	2	2	1	5	-2.7857	-3.64703	-4.13727	-4.11666
428	2	1	12	3	2	1	5	-2.62711	-2.11895	-3.62616	-4.73379
429	2	4	5	2	2	5	5	-3.6863	-6.97911	-6.75699	-5.87352
430	2	1	21	3	2	1	5	-2.935	-2.49287	-4.36676	-4.44825
431	4	7	10	4	42	25	1	-8.3362	-9.44163	-5.78915	-5.17283
432	1	4	2	2	6	3	17	-4.60437	-2.45351	-4.54508	-5.3623
433	1	2	215	4	923	24	8	-29.7076	-28.6602	-23.6386	-20.4787
434	1	2	3	4	5	9	3	-4.59926	-2.49121	-3.62639	-4.9053
435	2	1	1	3	2	1	5	-4.6157	-3.79072	-6.28231	-6.92064
436	1	4	2	2	6	3	17	-4.60437	-2.45351	-4.54508	-5.3623
437	2	4	1	2	2	1	5	-2.7857	-3.64703	-4.13727	-4.11666
438	2	1	5	3	2	5	5	-5.4841	-2.83478	-4.10885	-5.46311
439	4	7	10	4	42	51	1	-2.9389	-4.62949	-4.81121	-3.7962
440	4	7	10	4	1	7	1	-1.83226	-3.78262	-2.59892	-1.93212
441	4	7	10	4	1	7	1	-1.83226	-3.78262	-2.59892	-1.93212
442	4	7	10	4	1	7	1	-1.83226	-3.78262	-2.59892	-1.93212
443	2	1	21	3	2	1	5	-2.935	-2.49287	-4.36676	-4.44825
444	2	1	21	3	2	1	5	-2.935	-2.49287	-4.36676	-4.44825
445	2	4	1	2	7	1	5	-2.32065	-5.63037	-5.65487	-5.15347
446	4	7	10	4	1	7	1	-1.83226	-3.78262	-2.59892	-1.93212
447	4	7	10	4	1	7	1	-1.83226	-3.78262	-2.59892	-1.93212
448	2	1	1	3	2	1	5	-4.6157	-3.79072	-6.28231	-6.92064
449	2	1	21	3	2	1	5	-2.935	-2.49287	-4.36676	-4.44825
450	2	1	21	3	2	1	5	-2.935	-2.49287	-4.36676	-4.44825
451	4	7	10	4	42	51	1	-2.9389	-4.62949	-4.81121	-3.7962
452	4	7	10	1	1	7	1	-5.28308	-8.37209	-5.99166	-6.13778
453	239	27	16	19	10	5	7	-9.83862	-6.47408	-9.11085	-10.0551
454	2	1	12	3	2	1	5	-2.62711	-2.11895	-3.62616	-4.73379
455	2	4	1	2	2	1	5	-2.7857	-3.64703	-4.13727	-4.11666
456	2	1	12	3	2	1	5	-2.62711	-2.11895	-3.62616	-4.73379
457	2	1	12	3	2	1	5	-2.62711	-2.11895	-3.62616	-4.73379
458	10	81	50	99	120	76	52	-6.65341	-6.38331	-5.27646	-5.1749
459	47	2	4	2	6	5	17	-11.1853	-10.1688	-6.23443	-8.99422
460	2	4	1	3	2	1	5	-6.83315	-8.64655	-9.78722	-9.76116
461	4	7	10	4	1	7	1	-1.83226	-3.78262	-2.59892	-1.93212
462	2	1	1	380	2	1	5	-6.16193	-5.7386	-8.1557	-8.68984
463	2	4	1	2	7	1	5	-2.32065	-5.63037	-5.65487	-5.15347
464	2	1	12	88	2	1	5	-3.95126	-3.43379	-5.64747	-5.26056
465	7	71	5	62	11	67	1	-30.2873	-27.8131	-27.5427	-26.4924
466	2	4	1	2	7	1	5	-2.32065	-5.63037	-5.65487	-5.15347
467	4	7	10	4	1	7	1	-1.83226	-3.78262	-2.59892	-1.93212
468	2	1	1	380	2	1	5	-6.16193	-5.7386	-8.1557	-8.68984
469	2	4	1	2	2	1	5	-2.7857	-3.64703	-4.13727	-4.11666
470	2	1	12	3	2	1	5	-2.62711	-2.11895	-3.62616	-4.73379
471	1	14	2	2	6	1	17	-8.97034	-6.45069	-7.66805	-6.3064
472	1	2	4	62	4	5	17	-6.09677	-4.85158	-7.38713	-8.12248
473	4	7	10	4	1	7	1	-1.83226	-3.78262	-2.59892	-1.93212
474	2	1	21	3	2	1	5	-2.935	-2.49287	-4.36676	-4.44825
475	2	4	1	2	2	1	5	-2.7857	-3.64703	-4.13727	-4.11666
476	1	4	2	2	6	3	17	-4.60437	-2.45351	-4.54508	-5.3623
477	4	7	10	4	1	7	1	-1.83226	-3.78262	-2.59892	-1.93212
478	10	2	107	62	120	76	1	-6.84525	-9.91226	-7.85674	-6.30611
479	2	1	12	3	2	1	5	-2.62711	-2.11895	-3.62616	-4.73379
480	2	1	5	3	2	3	5	-4.22782	-3.25695	-5.39347	-4.73612
481	2	1	21	3	2	1	5	-2.935	-2.49287	-4.36676	-4.44825
482	1	2	3	4	5	9	3	-4.59926	-2.49121	-3.62639	-4.9053
483	1	307	3	4	5	9	3	-6.85075	-6.42282	-6.15745	-8.47684
484	7	2	5	2	10	3	6	-30.7766	-27.6649	-29.1186	-28.4328
485	1	2	3	4	5	9	3	-4.59926	-2.49121	-3.62639	-4.9053
486	33	39	30	82	104	173	68	-5.38048	-3.98257	-6.53491	-7.29835
487	4	7	10	4	42	7	1	-6.51076	-8.81192	-5.55432	-4.64981
488	2	1	12	88	2	1	5	-3.95126	-3.43379	-5.64747	-5.26056
489	2	4	1	2	2	1	5	-2.7857	-3.64703	-4.13727	-4.11666
490	2	1	21	3	2	1	5	-2.935	-2.49287	-4.36676	-4.44825
491	9	2	4	62	4	5	6	-3.73099	-5.19747	-5.79067	-6.70635
492	2	1	5	3	2	3	5	-4.22782	-3.25695	-5.39347	-4.73612
493	4	7	10	4	1	7	1	-1.83226	-3.78262	-2.59892	-1.93212
494	2	1	57	26	127	29	35	-6.89812	-9.50166	-6.21542	-8.69492
495	2	1	57	26	127	29	35	-6.89812	-9.50166	-6.21542	-8.69492
496	2	4	2	4	19	3	6	-5.81311	-9.12679	-9.24973	-9.00957
497	2	1	12	3	2	1	5	-2.62711	-2.11895	-3.62616	-4.73379
498	2	4	1	2	2	1	5	-2.7857	-3.64703	-4.13727	-4.11666
499	2	4	1	2	2	1	5	-2.7857	-3.64703	-4.13727	-4.11666
500	2	1	21	3	2	1	5	-2.935	-2.49287	-4.36676	-4.44825
501	33	39	65	79	104	43	17	-4.61375	-7.93086	-8.05261	-7.81829
502	1	14	2	2	6	1	17	-8.97034	-6.45069	-7.66805	-6.3064
503	2	1	12	3	2	1	5	-2.62711	-2.11895	-3.62616	-4.73379
504	7	21	5	62	4	61	44	-7.18072	-3.83483	-5.65344	-7.22895
505	9	2	4	62	4	5	6	-3.73099	-5.19747	-5.79067	-6.70635
506	129	66	30	82	189	47	17	-3.25727	-4.87356	-5.40655	-4.13943
507	2	1	21	3	2	1	5	-2.935	-2.49287	-4.36676	-4.44825
508	47	2	4	2	6	5	17	-11.1853	-10.1688	-6.23443	-8.99422
509	2	4	1	2	7	1	5	-2.32065	-5.63037	-5.65487	-5.15347
510	33	38	30	82	104	325	36	-13.909	-10.5846	-12.4296	-12.5608
511	1	4	2	2	6	3	17	-4.60437	-2.45351	-4.54508	-5.3623
512	1	4	2	2	6	3	17	-4.60437	-2.45351	-4.54508	-5.3623
513	2	4	1	2	2	1	5	-2.7857	-3.64703	-4.13727	-4.11666
514	4	7	10	4	1	7	1	-1.83226	-3.78262	-2.59892	-1.93212
515	33	283	44	82	189	44	17	-6.76339	-3.47575	-5.39939	-5.8925
516	8	10	149	2	11	12	6	-4.87878	-3.97427	-5.65431	-6.98902
517	2	1	21	3	62	1	5	-5.81004	-9.11458	-9.24774	-9.01153
518	10	1	16	19	10	5	7	-6.02991	-2.75096	-4.19638	-5.12496
519	180	194	2	68	19	231	147	-25.665	-29.1669	-25.3357	-21.041
520	2	4	1	2	7	1	5	-2.32065	-5.63037	-5.65487	-5.15347
521	2	4	2	2	6	1	5	-6.0823	-4.83507	-5.95633	-7.76765
522	1	2	3	4	5	9	3	-4.59926	-2.49121	-3.62639	-4.9053
523	2	1	21	3	2	1	5	-2.935	-2.49287	-4.36676	-4.44825
524	2	1	12	3	2	1	5	-2.62711	-2.11895	-3.62616	-4.73379
525	2	1	5	3	2	3	5	-4.22782	-3.25695	-5.39347	-4.73612
526	1	307	3	4	5	9	3	-6.85075	-6.42282	-6.15745	-8.47684
527	2	4	1	2	7	1	5	-2.32065	-5.63037	-5.65487	-5.15347
528	2	1	12	3	2	1	5	-2.62711	-2.11895	-3.62616	-4.73379
529	7	21	5	62	4	61	44	-7.18072	-3.83483	-5.65344	-7.22895
530	2	1	5	3	2	3	5	-4.22782	-3.25695	-5.39347	-4.73612
531	2	1	12	88	2	1	5	-3.95126	-3.43379	-5.64747	-5.26056
532	2	1	21	3	2	1	5	-2.935	-2.49287	-4.36676	-4.44825
533	1	4	2	2	6	3	17	-4.60437	-2.45351	-4.54508	-5.3623
534	2	4	1	2	7	1	5	-2.32065	-5.63037	-5.65487	-5.15347
535	47	2	4	2	6	5	17	-11.1853	-10.1688	-6.23443	-8.99422
536	1	4	2	2	6	3	17	-4.60437	-2.45351	-4.54508	-5.3623
537	1	2	3	4	5	9	3	-4.59926	-2.49121	-3.62639	-4.9053
538	2	4	1	2	2	1	5	-2.7857	-3.64703	-4.13727	-4.11666
539	4	7	10	4	42	7	1	-6.51076	-8.81192	-5.55432	-4.64981
540	2	4	1	9	2	1	5	-6.84247	-7.75448	-7.45391	-6.62086
541	2	1	12	3	2	1	5	-2.62711	-2.11895	-3.62616	-4.73379
542	1	4	2	9	6	3	17	-8.66153	-6.51114	-7.83298	-7.84183
543	1	2	3	4	922	9	3	-8.67076	-6.60065	-6.94482	-7.41139
544	4	7	10	4	1	7	1	-1.83226	-3.78262	-2.59892	-1.93212
545	2	1	5	3	2	3	5	-4.22782	-3.25695	-5.39347	-4.73612
546	2	4	1	2	7	1	5	-2.32065	-5.63037	-5.65487	-5.15347
547	4	7	10	4	1	7	1	-1.83226	-3.78262	-2.59892	-1.93212
548	2	4	1	2	2	1	5	-2.7857	-3.64703	-4.13727	-4.11666
549	2	1	21	3	2	1	5	-2.935	-2.49287	-4.36676	-4.44825
550	4	7	10	4	1	7	1	-1.83226	-3.78262	-2.59892	-1.93212
551	1	4	2	2	6	3	17	-4.60437	-2.45351	-4.54508	-5.3623
552	2	1	5	3	2	5	5	-5.4841	-2.83478	-4.10885	-5.46311
553	2	1	12	3	2	1	5	-2.62711	-2.11895	-3.62616	-4.73379
554	4	936	10	4	1	7	1	-5.89875	-7.88821	-5.89195	-4.44114
555	180	194	2	68	19	231	147	-25.665	-29.1669	-25.3357	-21.041
556	4	7	10	4	42	51	1	-2.9389	-4.62949	-4.81121	-3.7962
557	4	7	10	4	42	25	1	-8.3362	-9.44163	-5.78915	-5.17283
558	2	1	21	3	2	1	5	-2.935	-2.49287	-4.36676	-4.44825
559	2	1	5	3	2	3	5	-4.22782	-3.25695	-5.39347	-4.73612
560	2	1	5	3	2	3	5	-4.22782	-3.25695	-5.39347	-4.73612
561	4	7	10	4	42	51	1	-2.9389	-4.62949	-4.81121	-3.7962
562	4	7	10	4	1	7	1	-1.83226	-3.78262	-2.59892	-1.93212
563	2	4	1	2	7	1	5	-2.32065	-5.63037	-5.65487	-5.15347
564	2	1	21	3	2	1	5	-2.935	-2.49287	-4.36676	-4.44825
565	1	4	2	2	6	3	17	-4.60437	-2.45351	-4.54508	-5.3623
566	188	313	5	2	89	5	6	-39.4045	-36.1671	-37.8488	-38.875
567	2	1	21	3	2	1	5	-2.935	-2.49287	-4.36676	-4.44825
568	2	1	1	3	2	1	5	-4.6157	-3.79072	-6.28231	-6.92064
569	2	1	5	3	2	3	5	-4.22782	-3.25695	-5.39347	-4.73612
570	2	4	1	2	2	1	5	-2.7857	-3.64703	-4.13727	-4.11666
571	2	1	5	3	2	3	5	-4.22782	-3.25695	-5.39347	-4.73612
572	2	1	1	3	2	1	5	-4.6157	-3.79072	-6.28231	-6.92064
573	2	1	5	3	2	3	5	-4.22782	-3.25695	-5.39347	-4.73612
574	1	4	2	2	6	3	17	-4.60437	-2.45351	-4.54508	-5.3623
575	1	4	2	2	6	3	17	-4.60437	-2.45351	-4.54508	-5.3623
576	2	1	21	3	2	1	5	-2.935	-2.49287	-4.36676	-4.44825
577	239	27	16	19	10	5	7	-9.83862	-6.47408	-9.11085	-10.0551
578	2	4	5	2	2	5	5	-3.6863	-6.97911	-6.75699	-5.87352
579	9	2	4	62	4	5	6	-3.73099	-5.19747	-5.79067	-6.70635
580	2	1	1	3	2	1	5	-4.6157	-3.79072	-6.28231	-6.92064
581	2	1	5	3	2	3	5	-4.22782	-3.25695	-5.39347	-4.73612
582	1	4	2	2	6	3	17	-4.60437	-2.45351	-4.54508	-5.3623
583	2	4	5	2	2	5	5	-3.6863	-6.97911	-6.75699	-5.87352
584	2	4	5	2	2	5	5	-3.6863	-6.97911	-6.75699	-5.87352
585	2	1	5	3	2	3	5	-4.22782	-3.25695	-5.39347	-4.73612
586	2	1	1	380	2	1	5	-6.16193	-5.7386	-8.1557	-8.68984
587	2	7	10	4	1	7	1	-6.55153	-8.80849	-8.24288	-7.0838
588	2	1	12	3	2	1	5	-2.62711	-2.11895	-3.62616	-4.73379
589	2	4	1	2	2	1	5	-2.7857	-3.64703	-4.13727	-4.11666
590	9	2	4	62	4	5	6	-3.73099	-5.19747	-5.79067	-6.70635
591	2	4	5	2	2	5	5	-3.6863	-6.97911	-6.75699	-5.87352
592	1	4	2	2	6	3	17	-4.60437	-2.45351	-4.54508	-5.3623
593	1	4	2	2	6	5	17	-12.5897	-8.82288	-11.7118	-13.3009
594	2	4	2	2	6	1	5	-6.0823	-4.83507	-5.95633	-7.76765
595	1	4	2	2	6	5	17	-12.5897	-8.82288	-11.7118	-13.3009
596	2	23	21	3	2	1	5	-7.00764	-6.60644	-7.68661	-6.9562
597	7	21	5	62	4	61	44	-7.18072	-3.83483	-5.65344	-7.22895
598	2	4	1	2	2	1	5	-2.7857	-3.64703	-4.13727	-4.11666
599	1	307	3	4	5	9	3	-6.85075	-6.42282	-6.15745	-8.47684
600	1	2	3	4	5	9	3	-4.59926	-2.49121	-3.62639	-4.9053
601	9	2	4	62	4	5	6	-3.73099	-5.19747	-5.79067	-6.70635
602	2	1	12	3	2	1	5	-2.62711	-2.11895	-3.62616	-4.73379
603	1	4	2	2	6	3	17	-4.60437	-2.45351	-4.54508	-5.3623
604	10	1	16	19	10	5	7	-6.02991	-2.75096	-4.19638	-5.12496
605	2	1	12	3	2	1	5	-2.62711	-2.11895	-3.62616	-4.73379
606	180	194	2	68	19	231	147	-25.665	-29.1669	-25.3357	-21.041
607	2	1	12	3	2	1	5	-2.62711	-2.11895	-3.62616	-4.73379
608	4	7	10	4	1	7	1	-1.83226	-3.78262	-2.59892	-1.93212
609	129	66	30	82	189	47	17	-3.25727	-4.87356	-5.40655	-4.13943
610	4	7	10	4	1	7	1	-1.83226	-3.78262	-2.59892	-1.93212
611	2	1	12	3	2	1	5	-2.62711	-2.11895	-3.62616	-4.73379
612	2	1	21	3	2	1	5	-2.935	-2.49287	-4.36676	-4.44825
613	4	7	10	4	1	7	1	-1.83226	-3.78262	-2.59892	-1.93212
614	10	1	16	19	10	5	7	-6.02991	-2.75096	-4.19638	-5.12496
615	8	10	149	2	11	12	6	-4.87878	-3.97427	-5.65431	-6.98902
616	129	66	30	82	189	47	17	-3.25727	-4.87356	-5.40655	-4.13943
617	2	4	1	2	2	1	5	-2.7857	-3.64703	-4.13727	-4.11666
618	180	194	2	68	19	231	147	-25.665	-29.1669	-25.3357	-21.041
619	2	1	5	3	2	3	5	-4.22782	-3.25695	-5.39347	-4.73612
620	2	4	1	2	2	1	5	-2.7857	-3.64703	-4.13727	-4.11666
621	1	2	3	4	5	9	3	-4.59926	-2.49121	-3.62639	-4.9053
622	180	194	2	68	19	231	147	-25.665	-29.1669	-25.3357	-21.041
623	33	39	65	79	104	43	17	-4.61375	-7.93086	-8.05261	-7.81829
624	2	4	5	2	2	5	5	-3.6863	-6.97911	-6.75699	-5.87352
625	2	1	5	3	2	5	5	-5.4841	-2.83478	-4.10885	-5.46311
626	2	1	12	3	2	1	5	-2.62711	-2.11895	-3.62616	-4.73379
627	180	194	2	68	19	231	147	-25.665	-29.1669	-25.3357	-21.041
628	2	1	21	3	2	1	5	-2.935	-2.49287	-4.36676	-4.44825
629	2	1	5	3	2	5	5	-5.4841	-2.83478	-4.10885	-5.46311
630	2	1	21	3	2	1	5	-2.935	-2.49287	-4.36676	-4.44825
631	1	2	3	4	5	9	3	-4.59926	-2.49121	-3.62639	-4.9053
632	2	1	21	3	2	1	5	-2.935	-2.49287	-4.36676	-4.44825
633	8	10	2	2	11	12	6	-3.97013	-7.24325	-7.40749	-7.1742
634	2	4	1	2	7	1	5	-2.32065	-5.63037	-5.65487	-5.15347
635	2	1	5	3	2	3	5	-4.22782	-3.25695	-5.39347	-4.73612
636	1	2	3	4	5	9	3	-4.59926	-2.49121	-3.62639	-4.9053
637	9	2	4	62	4	5	6	-3.73099	-5.19747	-5.79067	-6.70635
638	2	1	21	3	2	1	5	-2.935	-2.49287	-4.36676	-4.44825
639	8	10	149	2	11	12	6	-4.87878	-3.97427	-5.65431	-6.98902
640	2	1	12	88	2	1	5	-3.95126	-3.43379	-5.64747	-5.26056
641	2	4	1	2	2	1	5	-2.7857	-3.64703	-4.13727	-4.11666
642	2	1	5	10	10	1	5	-23.1613	-23.4446	-23.4149	-23.4686
643	1	2	3	4	5	9	3	-4.59926	-2.49121	-3.62639	-4.9053
644	2	4	1	2	7	1	5	-2.32065	-5.63037	-5.65487	-5.15347
645	2	4	1	2	2	1	5	-2.7857	-3.64703	-4.13727	-4.11666
646	1	2	3	4	5	9	3	-4.59926	-2.49121	-3.62639	-4.9053
647	2	1	12	88	2	1	5	-3.95126	-3.43379	-5.64747	-5.26056
648	4	7	10	4	1	7	1	-1.83226	-3.78262	-2.59892	-1.93212
649	2	1	21	3	2	1	5	-2.935	-2.49287	-4.36676	-4.44825
650	2	4	1	2	7	1	5	-2.32065	-5.63037	-5.65487	-5.15347
651	33	38	30	82	118	43	17	-19.621	-18.8369	-21.0777	-21.5981
652	2	4	1	2	2	1	5	-2.7857	-3.64703	-4.13727	-4.11666
653	2	1	5	3	2	3	5	-4.22782	-3.25695	-5.39347	-4.73612
654	4	7	10	4	1	7	1	-1.83226	-3.78262	-2.59892	-1.93212
655	8	10	2	2	11	12	6	-3.97013	-7.24325	-7.40749	-7.1742
656	2	4	5	2	2	5	5	-3.6863	-6.97911	-6.75699	-5.87352
657	4	7	10	4	1	7	1	-1.83226	-3.78262	-2.59892	-1.93212
658	2	1	5	3	2	3	5	-4.22782	-3.25695	-5.39347	-4.73612
659	33	39	30	82	113	47	17	-5.7819	-5.74592	-8.0577	-8.48309
660	2	1	21	3	2	1	5	-2.935	-2.49287	-4.36676	-4.44825
661	2	4	1	2	7	1	5	-2.32065	-5.63037	-5.65487	-5.15347
662	2	1	1	3	2	1	5	-4.6157	-3.79072	-6.28231	-6.92064
663	4	7	10	4	1	7	1	-1.83226	-3.78262	-2.59892	-1.93212
664	7	21	5	62	4	61	44	-7.18072	-3.83483	-5.65344	-7.22895
665	10	81	50	99	120	76	52	-6.65341	-6.38331	-5.27646	-5.1749
666	4	7	10	4	1	7	1	-1.83226	-3.78262	-2.59892	-1.93212
667	1	2	3	4	5	9	3	-4.59926	-2.49121	-3.62639	-4.9053
668	1	2	3	4	5	9	3	-4.59926	-2.49121	-3.62639	-4.9053
669	2	4	1	2	7	1	5	-2.32065	-5.63037	-5.65487	-5.15347
670	4	7	10	4	1	7	1	-1.83226	-3.78262	-2.59892	-1.93212
671	2	1	5	3	2	3	5	-4.22782	-3.25695	-5.39347	-4.73612
672	1	4	2	2	6	3	17	-4.60437	-2.45351	-4.54508	-5.3623
673	4	935	10	4	1	7	1	-5.89875	-7.88821	-5.89195	-4.44114
674	10	1	16	19	10	5	7	-6.02991	-2.75096	-4.19638	-5.12496
675	4	7	10	4	1	7	1	-1.83226	-3.78262	-2.59892	-1.93212
676	33	39	65	79	104	43	17	-4.61375	-7.93086	-8.05261	-7.81829
677	2	4	2	2	6	1	5	-6.0823	-4.83507	-5.95633	-7.76765
678	4	7	10	4	42	25	1	-8.3362	-9.44163	-5.78915	-5.17283
679	1	4	2	2	6	3	17	-4.60437	-2.45351	-4.54508	-5.3623
680	4	7	10	4	42	25	1	-8.3362	-9.44163	-5.78915	-5.17283
681	4	7	10	4	42	25	1	-8.3362	-9.44163	-5.78915	-5.17283
682	4	7	10	4	1	7	1	-1.83226	-3.78262	-2.59892	-1.93212
683	2	4	1	2	7	1	5	-2.32065	-5.63037	-5.65487	-5.15347
684	4	7	10	4	1	7	1	-1.83226	-3.78262	-2.59892	-1.93212
685	4	7	10	4	42	7	1	-6.51076	-8.81192	-5.55432	-4.64981
686	10	27	16	19	10	5	7	-19.7962	-12.9086	-16.2307	-16.9416
687	10	81	50	99	120	76	52	-6.65341	-6.38331	-5.27646	-5.1749
688	4	7	10	4	1	7	1	-1.83226	-3.78262	-2.59892	-1.93212
689	4	7	10	4	42	51	1	-2.9389	-4.62949	-4.81121	-3.7962
690	4	7	10	4	1	7	1	-1.83226	-3.78262	-2.59892	-1.93212
691	10	81	50	99	120	76	52	-6.65341	-6.38331	-5.27646	-5.1749
692	2	4	1	2	2	1	5	-2.7857	-3.64703	-4.13727	-4.11666
693	4	7	10	4	42	51	1	-2.9389	-4.62949	-4.81121	-3.7962
694	4	7	10	4	42	51	1	-2.9389	-4.62949	-4.81121	-3.7962
695	4	7	10	4	42	51	1	-2.9389	-4.62949	-4.81121	-3.7962
696	8	10	2	2	11	12	6	-3.97013	-7.24325	-7.40749	-7.1742
697	33	38	30	82	104	43	17	-5.30673	-8.62292	-8.74458	-8.50606
698	4	7	10	4	1	7	1	-1.83226	-3.78262	-2.59892	-1.93212
699	10	81	50	99	120	76	52	-6.65341	-6.38331	-5.27646	-5.1749
700	2	4	1	2	7	1	5	-2.32065	-5.63037	-5.65487	-5.15347
701	4	7	10	4	1	7	1	-1.83226	-3.78262	-2.59892	-1.93212
702	4	7	10	4	1	7	1	-1.83226	-3.78262	-2.59892	-1.93212
703	10	81	50	99	120	76	52	-6.65341	-6.38331	-5.27646	-5.1749
704	4	7	10	4	42	51	1	-2.9389	-4.62949	-4.81121	-3.7962
705	9	2	4	62	4	5	6	-3.73099	-5.19747	-5.79067	-6.70635
706	4	7	10	4	1	7	1	-1.83226	-3.78262	-2.59892	-1.93212
707	2	1	1	3	2	1	5	-4.6157	-3.79072	-6.28231	-6.92064
708	1	14	2	2	6	1	17	-8.97034	-6.45069	-7.66805	-6.3064
709	2	4	2	2	6	1	5	-6.0823	-4.83507	-5.95633	-7.76765
710	2	4	2	2	6	1	5	-6.0823	-4.83507	-5.95633	-7.76765
711	4	7	10	4	42	51	1	-2.9389	-4.62949	-4.81121	-3.7962
712	10	2	107	62	120	76	1	-6.84525	-9.91226	-7.85674	-6.30611
713	2	1	12	3	2	1	5	-2.62711	-2.11895	-3.62616	-4.73379
714	2	4	1	2	2	1	5	-2.7857	-3.64703	-4.13727	-4.11666
715	47	2	4	2	6	5	17	-11.1853	-10.1688	-6.23443	-8.99422
716	4	7	10	4	42	5	1	-10.8932	-10.9743	-11.3662	-11.2253
717	2	1	12	3	2	1	5	-2.62711	-2.11895	-3.62616	-4.73379
718	4	7	10	4	42	51	1	-2.9389	-4.62949	-4.81121	-3.7962
719	1	307	3	4	5	9	3	-6.85075	-6.42282	-6.15745	-8.47684
720	2	1	21	3	2	1	5	-2.935	-2.49287	-4.36676	-4.44825
721	4	7	10	4	1	7	1	-1.83226	-3.78262	-2.59892	-1.93212
722	2	4	1	2	2	1	5	-2.7857	-3.64703	-4.13727	-4.11666
723	2	1	12	3	2	1	5	-2.62711	-2.11895	-3.62616	-4.73379
724	4	7	10	4	1	7	1	-1.83226	-3.78262	-2.59892	-1.93212
725	2	1	21	3	2	1	5	-2.935	-2.49287	-4.36676	-4.44825
726	2	1	1	3	2	1	5	-4.6157	-3.79072	-6.28231	-6.92064
727	4	7	10	4	1	7	1	-1.83226	-3.78262	-2.59892	-1.93212
728	2	1	12	3	2	1	5	-2.62711	-2.11895	-3.62616	-4.73379
729	1	4	3	2	6	3	17	-14.2531	-9.31016	-11.9908	-13.7495
730	2	1	12	3	2	1	5	-2.62711	-2.11895	-3.62616	-4.73379
731	2	1	12	88	2	1	5	-3.95126	-3.43379	-5.64747	-5.26056
732	1	4	2	2	6	3	17	-4.60437	-2.45351	-4.54508	-5.3623
733	4	7	10	4	42	51	1	-2.9389	-4.62949	-4.81121	-3.7962
734	2	1	12	3	2	1	5	-2.62711	-2.11895	-3.62616	-4.73379
735	4	7	10	4	1	7	1	-1.83226	-3.78262	-2.59892	-1.93212
736	2	1	12	88	2	1	5	-3.95126	-3.43379	-5.64747	-5.26056
737	2	1	21	3	2	1	5	-2.935	-2.49287	-4.36676	-4.44825
738	2	4	5	2	2	5	5	-3.6863	-6.97911	-6.75699	-5.87352
739	2	4	5	2	2	5	5	-3.6863	-6.97911	-6.75699	-5.87352
740	2	1	21	3	62	1	5	-5.81004	-9.11458	-9.24774	-9.01153
741	4	7	10	4	42	25	1	-8.3362	-9.44163	-5.78915	-5.17283
742	1	2	4	62	4	5	17	-6.09677	-4.85158	-7.38713	-8.12248
743	1	2	3	4	5	9	3	-4.59926	-2.49121	-3.62639	-4.9053
744	8	10	2	2	11	12	6	-3.97013	-7.24325	-7.40749	-7.1742
745	2	1	12	88	2	1	5	-3.95126	-3.43379	-5.64747	-5.26056
746	2	4	5	2	2	5	5	-3.6863	-6.97911	-6.75699	-5.87352
747	2	1	12	3	2	1	5	-2.62711	-2.11895	-3.62616	-4.73379
748	7	21	5	62	4	61	44	-7.18072	-3.83483	-5.65344	-7.22895
749	9	2	4	62	4	5	6	-3.73099	-5.19747	-5.79067	-6.70635
750	10	1	16	19	10	5	7	-6.02991	-2.75096	-4.19638	-5.12496
751	10	1	16	19	10	5	7	-6.02991	-2.75096	-4.19638	-5.12496
752	8	10	2	2	11	12	6	-3.97013	-7.24325	-7.40749	-7.1742
753	1	4	2	2	6	3	17	-4.60437	-2.45351	-4.54508	-5.3623
754	2	1	12	3	2	1	5	-2.62711	-2.11895	-3.62616	-4.73379
755	2	1	12	88	2	1	5	-3.95126	-3.43379	-5.64747	-5.26056
756	2	29	4	27	10	25	57	-19.1677	-21.8882	-14.676	-11.93
757	2	1	5	3	2	3	5	-4.22782	-3.25695	-5.39347	-4.73612
758	2	1	12	3	2	1	5	-2.62711	-2.11895	-3.62616	-4.73379
759	37	52	57	26	107	29	23	-8.09193	-9.28833	-5.68891	-4.91366
760	2	4	1	2	7	1	5	-2.32065	-5.63037	-5.65487	-5.15347
761	1	2	3	4	5	9	3	-4.59926	-2.49121	-3.62639	-4.9053
762	2	1	12	3	2	1	5	-2.62711	-2.11895	-3.62616	-4.73379
763	1	4	2	2	6	3	17	-4.60437	-2.45351	-4.54508	-5.3623
764	1	4	2	2	6	3	17	-4.60437	-2.45351	-4.54508	-5.3623
765	1	2	3	4	5	9	3	-4.59926	-2.49121	-3.62639	-4.9053
766	4	7	10	4	1	7	1	-1.83226	-3.78262	-2.59892	-1.93212
767	2	1	21	3	2	1	5	-2.935	-2.49287	-4.36676	-4.44825
768	2	1	12	3	2	1	5	-2.62711	-2.11895	-3.62616	-4.73379
769	2	4	1	2	2	5	5	-6.81221	-6.40756	-8.76407	-9.29942
770	2	4	1	2	2	1	5	-2.7857	-3.64703	-4.13727	-4.11666
771	2	4	5	2	2	5	5	-3.6863	-6.97911	-6.75699	-5.87352
772	10	1	16	19	10	5	7	-6.02991	-2.75096	-4.19638	-5.12496
773	7	21	5	62	4	61	44	-7.18072	-3.83483	-5.65344	-7.22895
774	9	2	4	62	4	5	6	-3.73099	-5.19747	-5.79067	-6.70635
775	2	1	12	3	2	1	5	-2.62711	-2.11895	-3.62616	-4.73379
776	1	4	2	2	6	3	17	-4.60437	-2.45351	-4.54508	-5.3623
777	4	7	10	4	1	7	1	-1.83226	-3.78262	-2.59892	-1.93212
778	2	1	12	3	2	1	5	-2.62711	-2.11895	-3.62616	-4.73379
779	2	1	5	3	2	5	5	-5.4841	-2.83478	-4.10885	-5.46311
780	2	23	21	3	2	1	5	-7.00764	-6.60644	-7.68661	-6.9562
781	2	4	5	2	2	5	5	-3.6863	-6.97911	-6.75699	-5.87352
782	2	4	2	2	6	1	5	-6.0823	-4.83507	-5.95633	-7.76765
783	2	1	12	3	2	1	5	-2.62711	-2.11895	-3.62616	-4.73379
784	4	7	10	4	42	51	1	-2.9389	-4.62949	-4.81121	-3.7962
785	7	17	5	2	86	232	1	-28.6629	-32.543	-29.0587	-25.191
786	2	4	1	2	2	1	5	-2.7857	-3.64703	-4.13727	-4.11666
787	2	1	12	3	2	1	5	-2.62711	-2.11895	-3.62616	-4.73379
788	2	1	21	3	2	1	5	-2.935	-2.49287	-4.36676	-4.44825
789	7	17	2	15	23	3	12	-6.91723	-10.2337	-10.3557	-10.1208
790	2	1	5	3	2	5	5	-5.4841	-2.83478	-4.10885	-5.46311
791	1	6	60	24	12	28	1	-29.4531	-30.8191	-22.2842	-18.9902
792	1	2	3	4	5	9	3	-4.59926	-2.49121	-3.62639	-4.9053
793	2	4	5	2	2	5	5	-3.6863	-6.97911	-6.75699	-5.87352
794	1	2	3	4	5	9	3	-4.59926	-2.49121	-3.62639	-4.9053
795	1	6	60	24	12	28	1	-29.4531	-30.8191	-22.2842	-18.9902
796	9	2	4	62	4	5	6	-3.73099	-5.19747	-5.79067	-6.70635
797	2	4	1	2	2	1	5	-2.7857	-3.64703	-4.13727	-4.11666
798	4	7	10	4	1	7	1	-1.83226	-3.78262	-2.59892	-1.93212
799	2	4	5	2	2	5	5	-3.6863	-6.97911	-6.75699	-5.87352
800	7	2	2	2	11	12	6	-4.51677	-7.83339	-7.95572	-7.72071
801	2	1	21	3	2	1	941	-7.00777	-6.58733	-7.67784	-6.95212
802	9	2	2	10	10	3	5	-29.2425	-25.3831	-26.6126	-25.074
803	8	10	149	2	11	12	6	-4.87878	-3.97427	-5.65431	-6.98902
804	7	1	5	2	10	3	6	-31.7751	-29.4095	-30.3834	-28.6206
805	2	1	21	3	2	1	5	-2.935	-2.49287	-4.36676	-4.44825
806	33	39	30	82	113	43	17	-9.52446	-6.44669	-6.18225	-8.69808
807	1	6	60	24	12	28	1	-29.4531	-30.8191	-22.2842	-18.9902
808	1	6	60	24	12	28	1	-29.4531	-30.8191	-22.2842	-18.9902
809	7	17	2	15	23	3	12	-6.91723	-10.2337	-10.3557	-10.1208
810	1	4	2	2	6	3	17	-4.60437	-2.45351	-4.54508	-5.3623
811	1	4	2	2	6	3	17	-4.60437	-2.45351	-4.54508	-5.3623
812	7	21	5	62	4	61	44	-7.18072	-3.83483	-5.65344	-7.22895
813	239	27	16	19	10	5	7	-9.83862	-6.47408	-9.11085	-10.0551
814	9	2	4	62	4	5	6	-3.73099	-5.19747	-5.79067	-6.70635
815	10	1	16	19	10	5	7	-6.02991	-2.75096	-4.19638	-5.12496
816	2	1	5	3	2	5	5	-5.4841	-2.83478	-4.10885	-5.46311
817	2	4	5	2	2	5	5	-3.6863	-6.97911	-6.75699	-5.87352
818	8	10	2	2	11	12	6	-3.97013	-7.24325	-7.40749	-7.1742
819	7	17	2	15	23	3	12	-6.91723	-10.2337	-10.3557	-10.1208
820	2	4	1	4	1	1	5	-15.2484	-18.0917	-16.1471	-14.8114
821	4	7	10	4	1	7	1	-1.83226	-3.78262	-2.59892	-1.93212
822	8	10	149	2	11	12	6	-4.87878	-3.97427	-5.65431	-6.98902
823	2	1	12	88	2	1	5	-3.95126	-3.43379	-5.64747	-5.26056
824	2	4	2	2	6	1	5	-6.0823	-4.83507	-5.95633	-7.76765
825	10	81	50	99	120	76	52	-6.65341	-6.38331	-5.27646	-5.1749
826	2	4	5	2	2	5	5	-3.6863	-6.97911	-6.75699	-5.87352
827	2	4	1	2	2	5	5	-6.81221	-6.40756	-8.76407	-9.29942
828	8	10	149	2	11	12	6	-4.87878	-3.97427	-5.65431	-6.98902
829	1	4	2	2	6	3	17	-4.60437	-2.45351	-4.54508	-5.3623
830	2	165	73	147	220	190	104	-8.42373	-10.1005	-6.84508	-5.2306
831	4	7	10	4	42	25	1	-8.3362	-9.44163	-5.78915	-5.17283
832	7	2	2	2	11	12	6	-4.51677	-7.83339	-7.95572	-7.72071
833	1	6	60	24	12	28	1	-29.4531	-30.8191	-22.2842	-18.9902
834	2	1	12	3	2	1	5	-2.62711	-2.11895	-3.62616	-4.73379
835	33	39	65	79	104	77	17	-5.30665	-8.62337	-8.7458	-8.51128
836	4	7	10	4	1	7	1	-1.83226	-3.78262	-2.59892	-1.93212
837	1	2	3	4	5	9	3	-4.59926	-2.49121	-3.62639	-4.9053
838	2	1	21	3	2	1	5	-2.935	-2.49287	-4.36676	-4.44825
839	2	1	12	3	2	1	5	-2.62711	-2.11895	-3.62616	-4.73379
840	4	7	10	4	1	7	1	-1.83226	-3.78262	-2.59892	-1.93212
841	2	4	1	2	7	1	5	-2.32065	-5.63037	-5.65487	-5.15347
842	184	39	30	82	113	43	17	-3.96879	-6.10768	-7.24277	-7.12113
843	4	7	10	4	1	7	1	-1.83226	-3.78262	-2.59892	-1.93212
844	2	4	1	2	2	1	5	-2.7857	-3.64703	-4.13727	-4.11666
845	4	7	10	4	1	7	1	-1.83226	-3.78262	-2.59892	-1.93212
846	2	1	12	88	2	1	5	-3.95126	-3.43379	-5.64747	-5.26056
847	2	1	21	3	2	1	5	-2.935	-2.49287	-4.36676	-4.44825
848	1	2	3	4	5	9	3	-4.59926	-2.49121	-3.62639	-4.9053
849	4	7	10	4	1	7	1	-1.83226	-3.78262	-2.59892	-1.93212
850	2	1	21	3	2	1	5	-2.935	-2.49287	-4.36676	-4.44825
851	8	10	2	2	11	12	6	-3.97013	-7.24325	-7.40749	-7.1742
852	2	4	1	2	2	1	5	-2.7857	-3.64703	-4.13727	-4.11666
853	2	4	1	2	2	1	5	-2.7857	-3.64703	-4.13727	-4.11666
854	2	4	2	2	6	1	5	-6.0823	-4.83507	-5.95633	-7.76765
855	2	4	1	2	2	1	5	-2.7857	-3.64703	-4.13727	-4.11666
856	2	4	1	2	2	1	5	-2.7857	-3.64703	-4.13727	-4.11666
857	2	4	1	2	2	1	5	-2.7857	-3.64703	-4.13727	-4.11666
858	1	2	3	4	5	9	3	-4.59926	-2.49121	-3.62639	-4.9053
859	2	4	1	2	2	1	5	-2.7857	-3.64703	-4.13727	-4.11666
860	2	4	1	2	2	1	5	-2.7857	-3.64703	-4.13727	-4.11666
861	8	10	2	2	11	12	6	-3.97013	-7.24325	-7.40749	-7.1742
862	2	1	5	3	2	3	5	-4.22782	-3.25695	-5.39347	-4.73612
863	33	39	30	82	104	173	68	-5.38048	-3.98257	-6.53491	-7.29835
864	2	4	1	2	7	1	5	-2.32065	-5.63037	-5.65487	-5.15347
865	8	10	2	2	11	12	6	-3.97013	-7.24325	-7.40749	-7.1742
866	2	4	1	2	7	1	5	-2.32065	-5.63037	-5.65487	-5.15347
867	1	2	3	4	5	9	3	-4.59926	-2.49121	-3.62639	-4.9053
868	1	2	215	4	90	24	8	-29.7076	-28.6602	-23.6386	-20.4787
869	2	1	1	3	2	1	5	-4.6157	-3.79072	-6.28231	-6.92064
870	10	81	50	99	120	76	52	-6.65341	-6.38331	-5.27646	-5.1749
871	2	4	1	2	7	1	5	-2.32065	-5.63037	-5.65487	-5.15347
872	2	1	12	3	2	1	5	-2.62711	-2.11895	-3.62616	-4.73379
873	2	4	1	2	2	1	5	-2.7857	-3.64703	-4.13727	-4.11666
874	2	4	1	2	2	1	5	-2.7857	-3.64703	-4.13727	-4.11666
875	2	4	1	2	2	1	5	-2.7857	-3.64703	-4.13727	-4.11666
876	2	1	5	3	2	3	5	-4.22782	-3.25695	-5.39347	-4.73612
877	2	4	1	2	2	1	5	-2.7857	-3.64703	-4.13727	-4.11666
878	4	7	10	4	1	7	1	-1.83226	-3.78262	-2.59892	-1.93212
879	2	4	1	2	7	1	5	-2.32065	-5.63037	-5.65487	-5.15347
880	2	4	5	2	2	5	5	-3.6863	-6.97911	-6.75699	-5.87352
881	2	4	1	2	2	1	5	-2.7857	-3.64703	-4.13727	-4.11666
882	8	10	2	2	11	12	6	-3.97013	-7.24325	-7.40749	-7.1742
883	4	7	10	4	1	7	1	-1.83226	-3.78262	-2.59892	-1.93212
884	2	4	1	2	2	1	5	-2.7857	-3.64703	-4.13727	-4.11666
885	166	2	1	10	17	3	1	-34.1433	-36.0981	-33.1184	-29.0713
886	2	4	1	2	7	1	5	-2.32065	-5.63037	-5.65487	-5.15347
887	2	4	1	2	2	1	5	-2.7857	-3.64703	-4.13727	-4.11666
888	4	7	10	4	1	7	1	-1.83226	-3.78262	-2.59892	-1.93212
889	4	7	10	4	1	7	1	-1.83226	-3.78262	-2.59892	-1.93212
890	2	4	1	2	7	1	5	-2.32065	-5.63037	-5.65487	-5.15347
891	2	4	1	2	2	1	5	-2.7857	-3.64703	-4.13727	-4.11666
892	2	1	5	3	2	3	5	-4.22782	-3.25695	-5.39347	-4.73612
893	9	25	2	10	22	3	6	-4.47266	-7.61676	-5.86731	-4.3509
894	2	1	21	3	62	1	5	-5.81004	-9.11458	-9.24774	-9.01153
895	129	66	30	82	189	47	17	-3.25727	-4.87356	-5.40655	-4.13943
896	129	66	30	82	189	47	17	-3.25727	-4.87356	-5.40655	-4.13943
897	4	7	10	4	1	7	1	-1.83226	-3.78262	-2.59892	-1.93212
898	2	4	1	2	2	1	5	-2.7857	-3.64703	-4.13727	-4.11666
899	4	7	10	4	42	7	1	-6.51076	-8.81192	-5.55432	-4.64981
900	2	4	1	2	7	1	5	-2.32065	-5.63037	-5.65487	-5.15347
901	1	307	3	4	5	9	3	-6.85075	-6.42282	-6.15745	-8.47684
902	2	1	21	3	2	1	5	-2.935	-2.49287	-4.36676	-4.44825
903	4	7	10	4	1	7	1	-1.83226	-3.78262	-2.59892	-1.93212
904	2	1	21	3	2	1	5	-2.935	-2.49287	-4.36676	-4.44825
905	2	4	1	2	2	5	5	-6.81221	-6.40756	-8.76407	-9.29942
906	2	4	1	2	7	1	5	-2.32065	-5.63037	-5.65487	-5.15347
907	2	4	1	2	7	1	5	-2.32065	-5.63037	-5.65487	-5.15347
908	2	4	1	2	7	1	5	-2.32065	-5.63037	-5.65487	-5.15347
909	4	7	10	4	1	7	1	-1.83226	-3.78262	-2.59892	-1.93212
910	8	10	2	2	11	12	6	-3.97013	-7.24325	-7.40749	-7.1742
911	7	21	5	62	4	61	44	-7.18072	-3.83483	-5.65344	-7.22895
912	2	1	12	88	2	1	5	-3.95126	-3.43379	-5.64747	-5.26056
913	2	4	1	2	2	1	5	-2.7857	-3.64703	-4.13727	-4.11666
914	1	2	3	4	5	9	3	-4.59926	-2.49121	-3.62639	-4.9053
915	2	4	1	2	7	1	5	-2.32065	-5.63037	-5.65487	-5.15347
916	2	4	1	2	2	1	5	-2.7857	-3.64703	-4.13727	-4.11666
917	2	4	1	2	2	1	5	-2.7857	-3.64703	-4.13727	-4.11666
918	2	4	1	2	7	1	5	-2.32065	-5.63037	-5.65487	-5.15347
919	4	7	10	4	1	7	1	-1.83226	-3.78262	-2.59892	-1.93212
920	2	1	5	3	2	3	5	-4.22782	-3.25695	-5.39347	-4.73612
921	2	4	1	2	7	1	5	-2.32065	-5.63037	-5.65487	-5.15347
922	2	4	1	2	2	1	5	-2.7857	-3.64703	-4.13727	-4.11666
923	8	10	2	2	11	12	6	-3.97013	-7.24325	-7.40749	-7.1742
924	2	1	12	3	2	1	5	-2.62711	-2.11895	-3.62616	-4.73379
925	48	7	10	4	183	7	1	-9.88531	-11.9083	-9.18049	-6.88443
926	7	21	5	62	4	61	44	-7.18072	-3.83483	-5.65344	-7.22895
927	4	7	10	4	1	7	1	-1.83226	-3.78262	-2.59892	-1.93212
928	9	25	2	10	22	3	6	-4.47266	-7.61676	-5.86731	-4.3509
929	2	4	1	2	2	1	5	-2.7857	-3.64703	-4.13727	-4.11666
930	2	4	1	2	7	1	5	-2.32065	-5.63037	-5.65487	-5.15347
931	2	4	1	2	2	1	5	-2.7857	-3.64703	-4.13727	-4.11666
932	2	4	1	2	2	1	5	-2.7857	-3.64703	-4.13727	-4.11666
933	9	25	2	10	22	3	6	-4.47266	-7.61676	-5.86731	-4.3509
934	2	4	1	2	2	1	5	-2.7857	-3.64703	-4.13727	-4.11666
935	2	4	1	2	2	1	5	-2.7857	-3.64703	-4.13727	-4.11666
936	2	4	1	2	7	1	5	-2.32065	-5.63037	-5.65487	-5.15347
937	2	4	1	2	7	1	5	-2.32065	-5.63037	-5.65487	-5.15347
938	2	4	1	2	2	1	5	-2.7857	-3.64703	-4.13727	-4.11666
939	2	4	1	2	2	1	5	-2.7857	-3.64703	-4.13727	-4.11666
940	4	7	10	4	1	7	1	-1.83226	-3.78262	-2.59892	-1.93212
941	2	4	1	2	2	1	5	-2.7857	-3.64703	-4.13727	-4.11666
942	4	7	10	4	1	7	1	-1.83226	-3.78262	-2.59892	-1.93212
943	2	4	1	2	7	1	5	-2.32065	-5.63037	-5.65487	-5.15347
944	2	4	1	2	2	1	5	-2.7857	-3.64703	-4.13727	-4.11666
945	4	7	10	4	1	7	1	-1.83226	-3.78262	-2.59892	-1.93212
946	9	25	2	10	22	3	6	-4.47266	-7.61676	-5.86731	-4.3509
947	10	81	50	99	120	76	52	-6.65341	-6.38331	-5.27646	-5.1749
948	2	1	21	3	2	1	5	-2.935	-2.49287	-4.36676	-4.44825
949	4	7	10	4	1	7	1	-1.83226	-3.78262	-2.59892	-1.93212
950	2	4	1	2	7	1	5	-2.32065	-5.63037	-5.65487	-5.15347
951	4	7	10	4	1	7	1	-1.83226	-3.78262	-2.59892	-1.93212
952	4	7	10	4	1	7	1	-1.83226	-3.78262	-2.59892	-1.93212
953	8	315	2	2	11	12	6	-8.04164	-11.3518	-10.7253	-9.67985
954	8	10	2	2	11	12	6	-3.97013	-7.24325	-7.40749	-7.1742
955	2	4	1	2	2	1	5	-2.7857	-3.64703	-4.13727	-4.11666
956	4	7	10	4	1	7	1	-1.83226	-3.78262	-2.59892	-1.93212
957	2	4	1	2	2	1	5	-2.7857	-3.64703	-4.13727	-4.11666
958	2	4	1	2	2	1	5	-2.7857	-3.64703	-4.13727	-4.11666
959	2	4	1	2	2	1	5	-2.7857	-3.64703	-4.13727	-4.11666
960	2	4	1	2	7	1	5	-2.32065	-5.63037	-5.65487	-5.15347
961	2	4	1	2	2	1	5	-2.7857	-3.64703	-4.13727	-4.11666
962	2	4	1	2	2	1	5	-2.7857	-3.64703	-4.13727	-4.11666
963	2	1	21	3	2	1	5	-2.935	-2.49287	-4.36676	-4.44825
964	2	4	1	2	2	1	5	-2.7857	-3.64703	-4.13727	-4.11666
965	1	4	2	2	2	3	17	-10.9852	-7.77587	-10.8338	-11.8216
966	2	4	1	2	2	1	5	-2.7857	-3.64703	-4.13727	-4.11666
967	2	4	1	2	2	1	5	-2.7857	-3.64703	-4.13727	-4.11666
968	7	21	5	62	4	61	44	-7.18072	-3.83483	-5.65344	-7.22895
969	2	4	1	2	2	1	5	-2.7857	-3.64703	-4.13727	-4.11666
970	4	7	10	4	1	7	1	-1.83226	-3.78262	-2.59892	-1.93212
971	2	4	1	2	2	1	5	-2.7857	-3.64703	-4.13727	-4.11666
972	10	1	16	19	10	5	7	-6.02991	-2.75096	-4.19638	-5.12496
973	8	10	2	2	11	12	6	-3.97013	-7.24325	-7.40749	-7.1742
974	4	7	10	4	1	7	1	-1.83226	-3.78262	-2.59892	-1.93212
975	2	4	2	2	6	1	5	-6.0823	-4.83507	-5.95633	-7.76765
976	2	4	1	2	2	1	5	-2.7857	-3.64703	-4.13727	-4.11666
977	2	4	1	2	2	1	5	-2.7857	-3.64703	-4.13727	-4.11666
978	2	1	12	3	2	1	5	-2.62711	-2.11895	-3.62616	-4.73379
979	2	1	21	3	2	1	5	-2.935	-2.49287	-4.36676	-4.44825
980	1	4	2	2	6	3	17	-4.60437	-2.45351	-4.54508	-5.3623
981	9	2	4	62	4	5	6	-3.73099	-5.19747	-5.79067	-6.70635
982	9	2	4	62	4	5	6	-3.73099	-5.19747	-5.79067	-6.70635
983	2	4	1	2	2	1	5	-2.7857	-3.64703	-4.13727	-4.11666
984	9	25	2	10	22	3	6	-4.47266	-7.61676	-5.86731	-4.3509
985	2	1	12	3	2	1	5	-2.62711	-2.11895	-3.62616	-4.73379
986	2	4	1	2	2	1	5	-2.7857	-3.64703	-4.13727	-4.11666
987	2	4	1	2	2	1	5	-2.7857	-3.64703	-4.13727	-4.11666
988	2	4	1	2	2	1	5	-2.7857	-3.64703	-4.13727	-4.11666
989	1	4	2	2	6	3	17	-4.60437	-2.45351	-4.54508	-5.3623
990	1	4	2	2	6	3	17	-4.60437	-2.45351	-4.54508	-5.3623
991	9	25	2	10	22	3	6	-4.47266	-7.61676	-5.86731	-4.3509
992	1	4	2	2	6	3	17	-4.60437	-2.45351	-4.54508	-5.3623
993	2	4	1	2	2	1	5	-2.7857	-3.64703	-4.13727	-4.11666
994	2	4	1	2	2	1	5	-2.7857	-3.64703	-4.13727	-4.11666
995	8	10	2	2	11	12	6	-3.97013	-7.24325	-7.40749	-7.1742
996	2	4	1	2	2	1	5	-2.7857	-3.64703	-4.13727	-4.11666
997	2	1	5	3	2	5	5	-5.4841	-2.83478	-4.10885	-5.46311
998	8	10	2	2	11	12	6	-3.97013	-7.24325	-7.40749	-7.1742
999	2	4	1	2	2	1	5	-2.7857	-3.64703	-4.13727	-4.11666
1000	2	4	1	2	2	1	5	-2.7857	-3.64703	-4.13727	-4.11666
1001	2	1	21	3	2	1	5	-2.935	-2.49287	-4.36676	-4.44825
1002	1	2	4	62	4	5	17	-6.09677	-4.85158	-7.38713	-8.12248
1003	2	1	12	3	2	1	5	-2.62711	-2.11895	-3.62616	-4.73379
1004	2	4	1	2	7	1	5	-2.32065	-5.63037	-5.65487	-5.15347
1005	1	307	3	4	5	9	3	-6.85075	-6.42282	-6.15745	-8.47684
1006	2	4	2	4	19	3	6	-5.81311	-9.12679	-9.24973	-9.00957
1007	2	4	1	2	2	1	5	-2.7857	-3.64703	-4.13727	-4.11666
1008	1	4	2	2	6	3	17	-4.60437	-2.45351	-4.54508	-5.3623
1009	9	25	2	10	22	3	6	-4.47266	-7.61676	-5.86731	-4.3509
1010	4	7	10	4	1	7	1	-1.83226	-3.78262	-2.59892	-1.93212
1011	2	4	1	2	2	1	5	-2.7857	-3.64703	-4.13727	-4.11666
1012	10	1	16	19	10	5	7	-6.02991	-2.75096	-4.19638	-5.12496
1013	2	1	21	3	2	1	5	-2.935	-2.49287	-4.36676	-4.44825
1014	4	7	10	4	1	7	1	-1.83226	-3.78262	-2.59892	-1.93212
1015	2	4	1	2	2	1	5	-2.7857	-3.64703	-4.13727	-4.11666
1016	1	2	3	4	5	9	3	-4.59926	-2.49121	-3.62639	-4.9053
1017	9	316	4	62	4	5	6	-6.86402	-6.45245	-8.85691	-9.39114
1018	9	25	2	10	22	3	6	-4.47266	-7.61676	-5.86731	-4.3509
1019	1	307	3	4	5	9	3	-6.85075	-6.42282	-6.15745	-8.47684
1020	2	4	1	2	2	1	5	-2.7857	-3.64703	-4.13727	-4.11666
1021	9	25	2	10	22	3	6	-4.47266	-7.61676	-5.86731	-4.3509
1022	2	4	1	2	2	1	5	-2.7857	-3.64703	-4.13727	-4.11666
1023	2	1	12	3	2	1	5	-2.62711	-2.11895	-3.62616	-4.73379
1024	2	1	5	3	2	5	5	-5.4841	-2.83478	-4.10885	-5.46311
1025	2	4	1	2	2	1	5	-2.7857	-3.64703	-4.13727	-4.11666
1026	2	1	12	3	2	1	5	-2.62711	-2.11895	-3.62616	-4.73379
1027	2	1	12	3	2	1	5	-2.62711	-2.11895	-3.62616	-4.73379
1028	10	1	16	19	10	5	7	-6.02991	-2.75096	-4.19638	-5.12496
1029	4	7	10	4	1	7	1	-1.83226	-3.78262	-2.59892	-1.93212
1030	2	4	1	2	2	1	5	-2.7857	-3.64703	-4.13727	-4.11666
1031	2	1	12	88	2	1	5	-3.95126	-3.43379	-5.64747	-5.26056
1032	2	1	21	3	2	1	5	-2.935	-2.49287	-4.36676	-4.44825
1033	1	2	3	4	5	9	3	-4.59926	-2.49121	-3.62639	-4.9053
1034	8	10	2	2	11	12	6	-3.97013	-7.24325	-7.40749	-7.1742
1035	2	1	12	88	2	1	5	-3.95126	-3.43379	-5.64747	-5.26056
1036	33	39	30	82	104	173	68	-5.38048	-3.98257	-6.53491	-7.29835
1037	1	2	3	4	5	9	3	-4.59926	-2.49121	-3.62639	-4.9053
1038	9	25	2	10	22	3	6	-4.47266	-7.61676	-5.86731	-4.3509
1039	2	4	1	2	2	1	5	-2.7857	-3.64703	-4.13727	-4.11666
1040	8	10	2	2	11	12	6	-3.97013	-7.24325	-7.40749	-7.1742
1041	1	2	4	62	4	5	17	-6.09677	-4.85158	-7.38713	-8.12248
1042	10	1	16	19	10	5	7	-6.02991	-2.75096	-4.19638	-5.12496
1043	33	39	30	82	104	173	68	-5.38048	-3.98257	-6.53491	-7.29835
1044	2	4	1	2	2	1	5	-2.7857	-3.64703	-4.13727	-4.11666
1045	8	10	2	2	11	12	6	-3.97013	-7.24325	-7.40749	-7.1742
1046	2	1	5	3	2	5	5	-5.4841	-2.83478	-4.10885	-5.46311
1047	47	2	4	2	6	5	17	-11.1853	-10.1688	-6.23443	-8.99422
1048	1	2	3	4	5	9	3	-4.59926	-2.49121	-3.62639	-4.9053
1049	4	7	10	4	1	7	1	-1.83226	-3.78262	-2.59892	-1.93212
1050	2	1	5	3	2	3	5	-4.22782	-3.25695	-5.39347	-4.73612
1051	2	4	2	2	6	1	5	-6.0823	-4.83507	-5.95633	-7.76765
1052	2	4	1	2	2	1	5	-2.7857	-3.64703	-4.13727	-4.11666
1053	8	10	149	2	11	12	6	-4.87878	-3.97427	-5.65431	-6.98902
1054	9	25	2	10	22	3	6	-4.47266	-7.61676	-5.86731	-4.3509
1055	2	4	1	2	2	1	5	-2.7857	-3.64703	-4.13727	-4.11666
1056	1	2	3	4	5	9	3	-4.59926	-2.49121	-3.62639	-4.9053
1057	2	1	12	3	2	1	5	-2.62711	-2.11895	-3.62616	-4.73379
1058	4	7	10	4	42	51	1	-2.9389	-4.62949	-4.81121	-3.7962
1059	2	4	1	2	2	1	5	-2.7857	-3.64703	-4.13727	-4.11666
1060	2	1	1	3	2	1	5	-4.6157	-3.79072	-6.28231	-6.92064
1061	2	4	1	2	7	1	5	-2.32065	-5.63037	-5.65487	-5.15347
1062	8	10	2	2	11	12	6	-3.97013	-7.24325	-7.40749	-7.1742
1063	2	4	1	2	2	1	5	-2.7857	-3.64703	-4.13727	-4.11666
1064	9	2	4	62	4	5	6	-3.73099	-5.19747	-5.79067	-6.70635
1065	2	4	1	2	2	1	5	-2.7857	-3.64703	-4.13727	-4.11666
1066	4	7	10	4	1	7	1	-1.83226	-3.78262	-2.59892	-1.93212
1067	8	10	2	2	11	12	6	-3.97013	-7.24325	-7.40749	-7.1742
1068	2	4	2	2	6	1	5	-6.0823	-4.83507	-5.95633	-7.76765
1069	2	4	2	2	6	1	5	-6.0823	-4.83507	-5.95633	-7.76765
1070	2	4	2	2	6	1	5	-6.0823	-4.83507	-5.95633	-7.76765
1071	2	4	2	2	6	1	5	-6.0823	-4.83507	-5.95633	-7.76765
1072	2	4	1	2	2	1	5	-2.7857	-3.64703	-4.13727	-4.11666
1073	2	4	1	2	2	1	5	-2.7857	-3.64703	-4.13727	-4.11666
1074	2	1	12	3	2	1	5	-2.62711	-2.11895	-3.62616	-4.73379
1075	2	4	1	2	7	1	5	-2.32065	-5.63037	-5.65487	-5.15347
1076	4	7	10	4	42	51	1	-2.9389	-4.62949	-4.81121	-3.7962
1077	2	4	1	2	2	1	5	-2.7857	-3.64703	-4.13727	-4.11666
1078	8	10	2	2	11	12	6	-3.97013	-7.24325	-7.40749	-7.1742
1079	1	2	3	4	5	9	3	-4.59926	-2.49121	-3.62639	-4.9053
1080	1	2	3	4	5	9	3	-4.59926	-2.49121	-3.62639	-4.9053
1081	10	1	16	19	10	5	7	-6.02991	-2.75096	-4.19638	-5.12496
1082	8	10	2	2	11	12	6	-3.97013	-7.24325	-7.40749	-7.1742
1083	4	7	10	4	1	7	1	-1.83226	-3.78262	-2.59892	-1.93212
1084	2	4	1	2	2	1	5	-2.7857	-3.64703	-4.13727	-4.11666
1085	2	4	1	2	7	1	5	-2.32065	-5.63037	-5.65487	-5.15347
1086	2	1	21	3	2	1	5	-2.935	-2.49287	-4.36676	-4.44825
1087	2	1	12	3	2	1	5	-2.62711	-2.11895	-3.62616	-4.73379
1088	2	4	2	4	19	3	6	-5.81311	-9.12679	-9.24973	-9.00957
1089	8	10	149	2	11	12	6	-4.87878	-3.97427	-5.65431	-6.98902
1090	8	10	2	2	11	12	6	-3.97013	-7.24325	-7.40749	-7.1742
1091	2	1	12	3	2	1	5	-2.62711	-2.11895	-3.62616	-4.73379
1092	2	1	12	3	2	1	5	-2.62711	-2.11895	-3.62616	-4.73379
1093	2	1	5	3	2	3	5	-4.22782	-3.25695	-5.39347	-4.73612
1094	184	39	30	82	113	43	17	-3.96879	-6.10768	-7.24277	-7.12113
1095	2	1	12	3	2	1	5	-2.62711	-2.11895	-3.62616	-4.73379
1096	2	4	1	2	2	1	5	-2.7857	-3.64703	-4.13727	-4.11666
1097	4	7	10	4	1	7	1	-1.83226	-3.78262	-2.59892	-1.93212
1098	8	10	2	2	11	12	6	-3.97013	-7.24325	-7.40749	-7.1742
1099	4	7	10	4	1	7	1	-1.83226	-3.78262	-2.59892	-1.93212
1100	4	7	10	4	42	51	1	-2.9389	-4.62949	-4.81121	-3.7962
1101	9	25	2	10	22	3	6	-4.47266	-7.61676	-5.86731	-4.3509
1102	9	2	4	62	4	5	6	-3.73099	-5.19747	-5.79067	-6.70635
1103	4	7	10	4	1	7	1	-1.83226	-3.78262	-2.59892	-1.93212
1104	2	4	1	2	7	1	5	-2.32065	-5.63037	-5.65487	-5.15347
1105	4	7	10	4	1	7	1	-1.83226	-3.78262	-2.59892	-1.93212
1106	8	10	2	2	11	12	6	-3.97013	-7.24325	-7.40749	-7.1742
1107	2	4	1	2	2	1	5	-2.7857	-3.64703	-4.13727	-4.11666
1108	4	7	10	4	42	51	1	-2.9389	-4.62949	-4.81121	-3.7962
1109	1	2	3	4	5	9	3	-4.59926	-2.49121	-3.62639	-4.9053
1110	2	1	12	3	2	1	5	-2.62711	-2.11895	-3.62616	-4.73379
1111	2	4	1	2	2	1	5	-2.7857	-3.64703	-4.13727	-4.11666
1112	10	81	50	99	120	76	52	-6.65341	-6.38331	-5.27646	-5.1749
1113	2	4	1	2	2	1	5	-2.7857	-3.64703	-4.13727	-4.11666
1114	4	7	10	4	42	51	1	-2.9389	-4.62949	-4.81121	-3.7962
1115	4	7	10	4	42	51	1	-2.9389	-4.62949	-4.81121	-3.7962
1116	4	7	10	4	1	7	1	-1.83226	-3.78262	-2.59892	-1.93212
1117	3	1	5	10	11	11	6	-9.83659	-6.47144	-9.10776	-10.0516
1118	10	81	50	99	120	76	52	-6.65341	-6.38331	-5.27646	-5.1749
1119	2	4	1	2	2	1	5	-2.7857	-3.64703	-4.13727	-4.11666
1120	4	7	10	4	1	7	1	-1.83226	-3.78262	-2.59892	-1.93212
1121	4	7	10	4	1	7	1	-1.83226	-3.78262	-2.59892	-1.93212
1122	4	7	10	4	42	51	1	-2.9389	-4.62949	-4.81121	-3.7962
1123	2	1	12	3	2	1	5	-2.62711	-2.11895	-3.62616	-4.73379
1124	2	4	1	2	2	1	5	-2.7857	-3.64703	-4.13727	-4.11666
1125	2	1	1	3	2	1	5	-4.6157	-3.79072	-6.28231	-6.92064
1126	2	4	1	2	2	1	5	-2.7857	-3.64703	-4.13727	-4.11666
1127	2	4	1	2	2	1	5	-2.7857	-3.64703	-4.13727	-4.11666
1128	2	4	1	2	2	1	5	-2.7857	-3.64703	-4.13727	-4.11666
1129	2	4	1	2	2	1	5	-2.7857	-3.64703	-4.13727	-4.11666
1130	1	2	3	4	5	9	3	-4.59926	-2.49121	-3.62639	-4.9053
1131	8	10	2	2	11	12	6	-3.97013	-7.24325	-7.40749	-7.1742
1132	2	1	21	3	2	1	5	-2.935	-2.49287	-4.36676	-4.44825
1133	2	4	1	2	2	1	5	-2.7857	-3.64703	-4.13727	-4.11666
1134	2	1	21	3	2	1	5	-2.935	-2.49287	-4.36676	-4.44825
1135	2	1	21	3	2	1	5	-2.935	-2.49287	-4.36676	-4.44825
1136	2	4	1	2	2	1	5	-2.7857	-3.64703	-4.13727	-4.11666
1137	1	2	3	4	5	9	3	-4.59926	-2.49121	-3.62639	-4.9053
1138	10	1	16	19	10	5	7	-6.02991	-2.75096	-4.19638	-5.12496
1139	2	1	12	3	2	1	5	-2.62711	-2.11895	-3.62616	-4.73379
1140	7	21	5	62	4	61	44	-7.18072	-3.83483	-5.65344	-7.22895
1141	2	4	1	2	2	1	5	-2.7857	-3.64703	-4.13727	-4.11666
1142	2	1	12	3	2	1	5	-2.62711	-2.11895	-3.62616	-4.73379
1143	2	4	1	2	7	1	5	-2.32065	-5.63037	-5.65487	-5.15347
1144	2	1	5	3	2	3	5	-4.22782	-3.25695	-5.39347	-4.73612
1145	2	1	21	3	2	1	5	-2.935	-2.49287	-4.36676	-4.44825
1146	2	1	21	3	2	1	5	-2.935	-2.49287	-4.36676	-4.44825
1147	2	1	21	3	2	1	5	-2.935	-2.49287	-4.36676	-4.44825
1148	2	1	21	3	2	1	5	-2.935	-2.49287	-4.36676	-4.44825
1149	2	1	12	3	2	1	5	-2.62711	-2.11895	-3.62616	-4.73379
1150	8	10	2	2	11	12	6	-3.97013	-7.24325	-7.40749	-7.1742
1151	129	66	30	82	189	47	17	-3.25727	-4.87356	-5.40655	-4.13943
1152	1	307	3	4	5	9	3	-6.85075	-6.42282	-6.15745	-8.47684
1153	8	10	2	2	11	12	6	-3.97013	-7.24325	-7.40749	-7.1742
1154	2	4	2	2	6	1	5	-6.0823	-4.83507	-5.95633	-7.76765
1155	1	4	2	2	6	3	17	-4.60437	-2.45351	-4.54508	-5.3623
1156	2	4	1	2	2	1	5	-2.7857	-3.64703	-4.13727	-4.11666
1157	8	10	2	2	11	12	6	-3.97013	-7.24325	-7.40749	-7.1742
1158	2	4	2	2	6	1	5	-6.0823	-4.83507	-5.95633	-7.76765
1159	2	1	21	3	2	1	5	-2.935	-2.49287	-4.36676	-4.44825
1160	2	4	5	2	2	5	5	-3.6863	-6.97911	-6.75699	-5.87352
1161	7	21	5	62	4	61	44	-7.18072	-3.83483	-5.65344	-7.22895
1162	2	1	12	3	2	1	5	-2.62711	-2.11895	-3.62616	-4.73379
1163	10	27	16	19	10	5	7	-19.7962	-12.9086	-16.2307	-16.9416
1164	33	283	44	82	189	44	17	-6.76339	-3.47575	-5.39939	-5.8925
1165	9	25	2	10	22	3	6	-4.47266	-7.61676	-5.86731	-4.3509
1166	7	21	5	62	4	61	44	-7.18072	-3.83483	-5.65344	-7.22895
1167	2	1	5	3	2	3	5	-4.22782	-3.25695	-5.39347	-4.73612
1168	2	1	5	3	2	3	5	-4.22782	-3.25695	-5.39347	-4.73612
1169	9	25	2	10	22	3	6	-4.47266	-7.61676	-5.86731	-4.3509
1170	2	1	5	3	2	3	5	-4.22782	-3.25695	-5.39347	-4.73612
1171	2	4	1	2	2	1	5	-2.7857	-3.64703	-4.13727	-4.11666
1172	129	66	30	82	189	47	17	-3.25727	-4.87356	-5.40655	-4.13943
1173	2	4	1	2	2	1	5	-2.7857	-3.64703	-4.13727	-4.11666
1174	2	1	5	3	2	3	5	-4.22782	-3.25695	-5.39347	-4.73612
1175	2	1	12	3	2	1	5	-2.62711	-2.11895	-3.62616	-4.73379
1176	2	4	1	2	2	1	5	-2.7857	-3.64703	-4.13727	-4.11666
1177	1	4	2	2	6	3	17	-4.60437	-2.45351	-4.54508	-5.3623
1178	2	1	12	3	2	1	5	-2.62711	-2.11895	-3.62616	-4.73379
1179	1	4	2	2	446	3	17	-8.66523	-6.52788	-7.84264	-7.85008
1180	2	1	5	88	2	11	5	-8.64928	-5.35054	-6.07129	-8.27343
1181	2	4	2	2	6	1	5	-6.0823	-4.83507	-5.95633	-7.76765
1182	9	25	2	10	22	3	6	-4.47266	-7.61676	-5.86731	-4.3509
1183	2	1	5	3	2	3	5	-4.22782	-3.25695	-5.39347	-4.73612
1184	7	21	5	62	4	61	44	-7.18072	-3.83483	-5.65344	-7.22895
1185	1	2	3	4	5	9	3	-4.59926	-2.49121	-3.62639	-4.9053
1186	2	4	1	2	2	1	5	-2.7857	-3.64703	-4.13727	-4.11666
1187	7	21	5	62	4	61	44	-7.18072	-3.83483	-5.65344	-7.22895
1188	33	39	30	82	104	173	68	-5.38048	-3.98257	-6.53491	-7.29835
1189	1	4	2	2	6	3	17	-4.60437	-2.45351	-4.54508	-5.3623
1190	2	1	21	3	2	1	5	-2.935	-2.49287	-4.36676	-4.44825
1191	4	7	10	4	1	7	1	-1.83226	-3.78262	-2.59892	-1.93212
1192	2	1	5	3	2	5	5	-5.4841	-2.83478	-4.10885	-5.46311
1193	1	4	2	2	6	3	17	-4.60437	-2.45351	-4.54508	-5.3623
1194	2	4	1	2	2	1	5	-2.7857	-3.64703	-4.13727	-4.11666
1195	2	4	1	2	2	1	5	-2.7857	-3.64703	-4.13727	-4.11666
1196	2	1	12	3	2	1	5	-2.62711	-2.11895	-3.62616	-4.73379
1197	2	1	6	3	2	3	5	-7.32247	-7.33222	-8.42752	-6.82279
1198	4	7	10	4	1	7	1	-1.83226	-3.78262	-2.59892	-1.93212
1199	2	4	1	2	7	1	5	-2.32065	-5.63037	-5.65487	-5.15347
1200	2	1	1	3	2	1	5	-4.6157	-3.79072	-6.28231	-6.92064
1201	2	4	1	2	2	1	5	-2.7857	-3.64703	-4.13727	-4.11666
1202	7	2	5	2	10	3	6	-30.7766	-27.6649	-29.1186	-28.4328
1203	2	1	21	3	2	1	5	-2.935	-2.49287	-4.36676	-4.44825
1204	2	4	1	2	7	1	5	-2.32065	-5.63037	-5.65487	-5.15347
1205	4	7	10	4	1	7	1	-1.83226	-3.78262	-2.59892	-1.93212
1206	2	4	1	2	7	1	5	-2.32065	-5.63037	-5.65487	-5.15347
1207	2	4	1	2	2	1	5	-2.7857	-3.64703	-4.13727	-4.11666
1208	1	4	2	2	6	3	17	-4.60437	-2.45351	-4.54508	-5.3623
1209	2	4	1	2	2	1	5	-2.7857	-3.64703	-4.13727	-4.11666
1210	2	4	1	2	2	1	5	-2.7857	-3.64703	-4.13727	-4.11666
1211	74	10	2	2	11	12	6	-8.04165	-11.3518	-10.7254	-9.68039
1212	1	2	3	4	5	9	3	-4.59926	-2.49121	-3.62639	-4.9053
1213	2	1	5	3	2	3	5	-4.22782	-3.25695	-5.39347	-4.73612
1214	4	7	10	4	1	7	1	-1.83226	-3.78262	-2.59892	-1.93212
1215	2	4	2	2	6	1	5	-6.0823	-4.83507	-5.95633	-7.76765
1216	2	1	12	3	2	1	5	-2.62711	-2.11895	-3.62616	-4.73379
1217	2	1	21	3	2	1	5	-2.935	-2.49287	-4.36676	-4.44825
1218	2	4	1	2	2	1	5	-2.7857	-3.64703	-4.13727	-4.11666
1219	2	1	21	3	2	1	5	-2.935	-2.49287	-4.36676	-4.44825
1220	4	7	10	4	1	7	1	-1.83226	-3.78262	-2.59892	-1.93212
1221	2	1	21	3	2	1	5	-2.935	-2.49287	-4.36676	-4.44825
1222	2	4	1	2	2	1	5	-2.7857	-3.64703	-4.13727	-4.11666
1223	4	7	10	4	1	7	1	-1.83226	-3.78262	-2.59892	-1.93212
1224	2	4	1	2	2	1	5	-2.7857	-3.64703	-4.13727	-4.11666
1225	4	7	10	4	1	7	1	-1.83226	-3.78262	-2.59892	-1.93212
1226	4	7	10	4	42	51	1	-2.9389	-4.62949	-4.81121	-3.7962
1227	4	7	10	4	42	7	1	-6.51076	-8.81192	-5.55432	-4.64981
1228	2	4	1	2	2	1	5	-2.7857	-3.64703	-4.13727	-4.11666
1229	2	1	5	3	2	3	5	-4.22782	-3.25695	-5.39347	-4.73612
1230	10	81	50	99	120	76	52	-6.65341	-6.38331	-5.27646	-5.1749
1231	2	4	1	2	7	1	5	-2.32065	-5.63037	-5.65487	-5.15347
1232	2	4	1	2	7	1	5	-2.32065	-5.63037	-5.65487	-5.15347
1233	4	7	10	4	1	7	1	-1.83226	-3.78262	-2.59892	-1.93212
1234	1	4	2	2	6	3	17	-4.60437	-2.45351	-4.54508	-5.3623
1235	4	7	10	4	1	7	1	-1.83226	-3.78262	-2.59892	-1.93212
1236	2	4	1	2	2	1	5	-2.7857	-3.64703	-4.13727	-4.11666
1237	4	7	10	4	1	7	1	-1.83226	-3.78262	-2.59892	-1.93212
1238	4	7	10	4	42	51	1	-2.9389	-4.62949	-4.81121	-3.7962
1239	1	307	3	4	5	9	3	-6.85075	-6.42282	-6.15745	-8.47684
1240	2	4	2	2	6	1	5	-6.0823	-4.83507	-5.95633	-7.76765
1241	8	10	149	2	11	12	6	-4.87878	-3.97427	-5.65431	-6.98902
1242	2	1	12	3	2	1	5	-2.62711	-2.11895	-3.62616	-4.73379
1243	2	4	1	2	2	1	5	-2.7857	-3.64703	-4.13727	-4.11666
1244	2	4	1	2	2	1	5	-2.7857	-3.64703	-4.13727	-4.11666
1245	2	4	1	2	2	1	5	-2.7857	-3.64703	-4.13727	-4.11666
1246	4	7	10	4	42	51	1	-2.9389	-4.62949	-4.81121	-3.7962
1247	2	4	1	2	2	1	5	-2.7857	-3.64703	-4.13727	-4.11666
1248	2	4	1	2	2	1	5	-2.7857	-3.64703	-4.13727	-4.11666
1249	2	1	12	88	2	1	5	-3.95126	-3.43379	-5.64747	-5.26056
1250	1	4	2	2	6	3	17	-4.60437	-2.45351	-4.54508	-5.3623
1251	9	2	4	62	4	5	6	-3.73099	-5.19747	-5.79067	-6.70635
1252	2	4	1	2	7	1	5	-2.32065	-5.63037	-5.65487	-5.15347
1253	2	4	5	2	2	5	5	-3.6863	-6.97911	-6.75699	-5.87352
1254	2	1	21	3	2	1	5	-2.935	-2.49287	-4.36676	-4.44825
1255	1	4	2	2	6	3	17	-4.60437	-2.45351	-4.54508	-5.3623
1256	2	1	21	3	2	1	5	-2.935	-2.49287	-4.36676	-4.44825
1257	2	4	1	2	2	5	5	-6.81221	-6.40756	-8.76407	-9.29942
1258	2	1	12	3	2	1	5	-2.62711	-2.11895	-3.62616	-4.73379
1259	2	4	2	2	6	1	5	-6.0823	-4.83507	-5.95633	-7.76765
1260	2	4	1	2	2	1	5	-2.7857	-3.64703	-4.13727	-4.11666
1261	2	4	1	2	2	1	5	-2.7857	-3.64703	-4.13727	-4.11666
1262	1	307	3	4	5	9	3	-6.85075	-6.42282	-6.15745	-8.47684
1263	9	25	2	10	22	3	6	-4.47266	-7.61676	-5.86731	-4.3509
1264	2	1	1	380	2	1	5	-6.16193	-5.7386	-8.1557	-8.68984
1265	2	4	1	2	2	1	5	-2.7857	-3.64703	-4.13727	-4.11666
1266	2	4	1	2	2	1	5	-2.7857	-3.64703	-4.13727	-4.11666
1267	2	1	12	3	2	1	5	-2.62711	-2.11895	-3.62616	-4.73379
1268	1	2	3	4	5	9	3	-4.59926	-2.49121	-3.62639	-4.9053
1269	2	4	1	2	2	1	5	-2.7857	-3.64703	-4.13727	-4.11666
1270	2	4	1	2	2	1	5	-2.7857	-3.64703	-4.13727	-4.11666
1271	2	4	1	2	2	1	5	-2.7857	-3.64703	-4.13727	-4.11666
1272	1	2	3	4	5	9	3	-4.59926	-2.49121	-3.62639	-4.9053
1273	9	2	2	212	309	253	147	-27.0572	-27.199	-25.3208	-21.1152
1274	2	1	21	3	2	1	5	-2.935	-2.49287	-4.36676	-4.44825
1275	47	2	4	2	6	5	17	-11.1853	-10.1688	-6.23443	-8.99422
1276	1	2	3	4	5	9	3	-4.59926	-2.49121	-3.62639	-4.9053
1277	2	4	1	2	2	1	5	-2.7857	-3.64703	-4.13727	-4.11666
1278	2	4	1	2	2	1	5	-2.7857	-3.64703	-4.13727	-4.11666
1279	9	2	4	62	4	5	6	-3.73099	-5.19747	-5.79067	-6.70635
1280	2	1	12	3	2	1	5	-2.62711	-2.11895	-3.62616	-4.73379
1281	2	4	1	2	2	1	5	-2.7857	-3.64703	-4.13727	-4.11666
1282	2	4	1	2	7	1	5	-2.32065	-5.63037	-5.65487	-5.15347
1283	7	17	2	15	23	3	12	-6.91723	-10.2337	-10.3557	-10.1208
1284	2	1	1	3	2	1	5	-4.6157	-3.79072	-6.28231	-6.92064
1285	2	1	12	3	2	1	5	-2.62711	-2.11895	-3.62616	-4.73379
1286	2	4	1	2	2	1	5	-2.7857	-3.64703	-4.13727	-4.11666
1287	2	1	5	3	2	3	5	-4.22782	-3.25695	-5.39347	-4.73612
1288	2	4	1	2	2	1	5	-2.7857	-3.64703	-4.13727	-4.11666
1289	2	4	1	2	2	1	5	-2.7857	-3.64703	-4.13727	-4.11666
1290	1	4	2	2	6	3	17	-4.60437	-2.45351	-4.54508	-5.3623
1291	2	1	2	3	2	3	5	-3.77283	-7.0016	-7.20674	-6.96611
1292	2	1	5	3	2	3	5	-4.22782	-3.25695	-5.39347	-4.73612
1293	1	2	3	3	5	9	3	-11.4761	-8.04512	-10.2084	-11.8737
1294	4	7	10	4	42	51	1	-2.9389	-4.62949	-4.81121	-3.7962
1295	1	4	2	2	6	3	17	-4.60437	-2.45351	-4.54508	-5.3623
1296	2	1	5	3	2	3	5	-4.22782	-3.25695	-5.39347	-4.73612
1297	4	7	10	4	1	7	1	-1.83226	-3.78262	-2.59892	-1.93212
1298	2	4	1	2	2	1	5	-2.7857	-3.64703	-4.13727	-4.11666
1299	4	7	10	4	1	7	1	-1.83226	-3.78262	-2.59892	-1.93212
1300	2	1	21	3	2	1	5	-2.935	-2.49287	-4.36676	-4.44825
1301	2	4	1	2	2	1	5	-2.7857	-3.64703	-4.13727	-4.11666
1302	4	7	10	4	1	7	1	-1.83226	-3.78262	-2.59892	-1.93212
1303	2	4	1	2	2	1	5	-2.7857	-3.64703	-4.13727	-4.11666
1304	2	1	5	3	2	5	5	-5.4841	-2.83478	-4.10885	-5.46311
1305	2	4	1	2	2	1	5	-2.7857	-3.64703	-4.13727	-4.11666
1306	2	1	21	3	2	1	5	-2.935	-2.49287	-4.36676	-4.44825
1307	2	1	5	3	2	5	5	-5.4841	-2.83478	-4.10885	-5.46311
1308	1	4	2	2	6	3	17	-4.60437	-2.45351	-4.54508	-5.3623
1309	1	4	2	2	6	3	17	-4.60437	-2.45351	-4.54508	-5.3623
1310	2	1	5	3	2	3	5	-4.22782	-3.25695	-5.39347	-4.73612
1311	1	4	2	2	6	3	17	-4.60437	-2.45351	-4.54508	-5.3623
1312	2	4	1	2	2	1	5	-2.7857	-3.64703	-4.13727	-4.11666
1313	2	1	12	88	2	1	5	-3.95126	-3.43379	-5.64747	-5.26056
1314	2	1	5	3	2	3	5	-4.22782	-3.25695	-5.39347	-4.73612
1315	2	4	5	2	2	1	5	-6.17631	-9.04032	-9.12808	-9.14988
1316	2	4	1	2	2	1	5	-2.7857	-3.64703	-4.13727	-4.11666
1317	1	4	2	2	6	3	17	-4.60437	-2.45351	-4.54508	-5.3623
1318	2	1	21	3	2	1	5	-2.935	-2.49287	-4.36676	-4.44825
1319	4	7	10	4	1	7	1	-1.83226	-3.78262	-2.59892	-1.93212
1320	1	2	3	4	5	9	3	-4.59926	-2.49121	-3.62639	-4.9053
1321	2	4	1	2	7	1	5	-2.32065	-5.63037	-5.65487	-5.15347
1322	4	7	10	4	1	7	1	-1.83226	-3.78262	-2.59892	-1.93212
1323	4	7	10	4	1	7	1	-1.83226	-3.78262	-2.59892	-1.93212
1324	1	4	2	2	6	3	17	-4.60437	-2.45351	-4.54508	-5.3623
1325	2	4	1	2	7	1	5	-2.32065	-5.63037	-5.65487	-5.15347
1326	4	7	10	4	1	7	1	-1.83226	-3.78262	-2.59892	-1.93212
1327	8	10	2	2	11	12	6	-3.97013	-7.24325	-7.40749	-7.1742
1328	969	7	10	4	1	7	1	-5.82708	-7.87115	-5.91304	-4.43855
1329	4	7	10	4	1	7	1	-1.83226	-3.78262	-2.59892	-1.93212
1330	10	27	16	942	10	5	7	-23.8676	-17.0178	-19.5489	-19.4475
1331	10	27	16	941	10	5	7	-23.8676	-17.0178	-19.5489	-19.4475
1332	4	7	10	4	1	7	1	-1.83226	-3.78262	-2.59892	-1.93212
1333	4	7	10	4	1	7	1	-1.83226	-3.78262	-2.59892	-1.93212
1334	129	66	30	82	189	47	17	-3.25727	-4.87356	-5.40655	-4.13943
1335	4	7	10	4	1	7	1	-1.83226	-3.78262	-2.59892	-1.93212
1336	4	7	10	4	1	7	1	-1.83226	-3.78262	-2.59892	-1.93212
1337	2	4	1	2	2	1	5	-2.7857	-3.64703	-4.13727	-4.11666
1338	2	1	2	3	2	3	5	-3.77283	-7.0016	-7.20674	-6.96611
1339	10	27	16	19	10	5	7	-19.7962	-12.9086	-16.2307	-16.9416
1340	2	4	1	2	2	1	5	-2.7857	-3.64703	-4.13727	-4.11666
1341	33	39	30	82	104	173	68	-5.38048	-3.98257	-6.53491	-7.29835
1342	1	4	2	2	6	3	17	-4.60437	-2.45351	-4.54508	-5.3623
1343	2	1	5	3	2	5	5	-5.4841	-2.83478	-4.10885	-5.46311
1344	2	1	12	3	2	1	5	-2.62711	-2.11895	-3.62616	-4.73379
1345	8	10	2	2	11	12	6	-3.97013	-7.24325	-7.40749	-7.1742
1346	2	1	1	3	2	1	5	-4.6157	-3.79072	-6.28231	-6.92064
1347	1	4	2	2	6	3	17	-4.60437	-2.45351	-4.54508	-5.3623
1348	7	2	2	2	11	12	6	-4.51677	-7.83339	-7.95572	-7.72071
1349	9	2	4	62	4	5	6	-3.73099	-5.19747	-5.79067	-6.70635
1350	2	1	21	3	2	1	5	-2.935	-2.49287	-4.36676	-4.44825
1351	9	7	10	4	1	7	1	-10.0565	-12.2636	-11.4854	-9.88218
1352	2	1	12	3	920	1	5	-6.69944	-6.21905	-6.9416	-7.23622
1353	239	27	16	19	10	5	7	-9.83862	-6.47408	-9.11085	-10.0551
1354	7	17	2	15	23	3	12	-6.91723	-10.2337	-10.3557	-10.1208
1355	1	4	2	2	6	3	17	-4.60437	-2.45351	-4.54508	-5.3623
1356	1	6	60	24	12	28	1	-29.4531	-30.8191	-22.2842	-18.9902
1357	2	4	5	2	10	1	5	-6.90813	-10.2152	-10.3438	-10.108
1358	10	81	50	99	120	76	52	-6.65341	-6.38331	-5.27646	-5.1749
1359	4	7	10	4	1	7	1	-1.83226	-3.78262	-2.59892	-1.93212
1360	2	1	5	3	2	5	5	-5.4841	-2.83478	-4.10885	-5.46311
1361	4	7	10	1	1	7	1	-5.28308	-8.37209	-5.99166	-6.13778
1362	2	4	5	2	10	1	5	-6.90813	-10.2152	-10.3438	-10.108
1363	2	1	21	3	2	1	5	-2.935	-2.49287	-4.36676	-4.44825
1364	2	1	21	3	2	1	5	-2.935	-2.49287	-4.36676	-4.44825
1365	2	4	1	2	2	1	5	-2.7857	-3.64703	-4.13727	-4.11666
1366	2	4	2	2	6	1	5	-6.0823	-4.83507	-5.95633	-7.76765
1367	2	4	1	2	7	1	5	-2.32065	-5.63037	-5.65487	-5.15347
1368	2	4	1	2	2	1	5	-2.7857	-3.64703	-4.13727	-4.11666
1369	2	4	1	2	2	1	5	-2.7857	-3.64703	-4.13727	-4.11666
1370	4	7	10	4	1	7	1	-1.83226	-3.78262	-2.59892	-1.93212
1371	4	7	10	4	42	51	1	-2.9389	-4.62949	-4.81121	-3.7962
1372	2	1	5	3	2	3	5	-4.22782	-3.25695	-5.39347	-4.73612
1373	2	1	12	3	2	1	5	-2.62711	-2.11895	-3.62616	-4.73379
1374	2	1	1	3	2	1	5	-4.6157	-3.79072	-6.28231	-6.92064
1375	2	4	1	2	2	1	5	-2.7857	-3.64703	-4.13727	-4.11666
1376	4	7	10	4	1	7	1	-1.83226	-3.78262	-2.59892	-1.93212
1377	10	1	16	19	10	5	7	-6.02991	-2.75096	-4.19638	-5.12496
1378	2	4	1	2	7	1	5	-2.32065	-5.63037	-5.65487	-5.15347
1379	2	4	1	2	2	1	5	-2.7857	-3.64703	-4.13727	-4.11666
1380	10	81	50	99	120	76	52	-6.65341	-6.38331	-5.27646	-5.1749
1381	2	1	12	3	2	1	5	-2.62711	-2.11895	-3.62616	-4.73379
1382	2	4	1	2	2	1	5	-2.7857	-3.64703	-4.13727	-4.11666
1383	2	4	1	2	7	1	5	-2.32065	-5.63037	-5.65487	-5.15347
1384	1	2	3	4	5	9	3	-4.59926	-2.49121	-3.62639	-4.9053
1385	8	10	2	2	11	12	6	-3.97013	-7.24325	-7.40749	-7.1742
1386	1	4	2	2	6	3	17	-4.60437	-2.45351	-4.54508	-5.3623
1387	2	4	1	2	2	1	5	-2.7857	-3.64703	-4.13727	-4.11666
1388	2	4	1	2	2	1	5	-2.7857	-3.64703	-4.13727	-4.11666
1389	10	7	10	4	1	7	1	-12.063	-10.8544	-10.1816	-8.97042
1390	2	1	21	3	2	1	5	-2.935	-2.49287	-4.36676	-4.44825
1391	2	1	21	3	2	1	5	-2.935	-2.49287	-4.36676	-4.44825
1392	10	1	16	19	10	5	7	-6.02991	-2.75096	-4.19638	-5.12496
1393	2	1	5	3	2	3	5	-4.22782	-3.25695	-5.39347	-4.73612
1394	2	1	5	3	2	3	5	-4.22782	-3.25695	-5.39347	-4.73612
1395	2	4	1	2	2	5	5	-6.81221	-6.40756	-8.76407	-9.29942
1396	2	4	1	2	7	1	5	-2.32065	-5.63037	-5.65487	-5.15347
1397	10	1	16	19	10	5	7	-6.02991	-2.75096	-4.19638	-5.12496
1398	2	4	1	2	7	1	5	-2.32065	-5.63037	-5.65487	-5.15347
1399	2	934	1	2	2	1	5	-6.78013	-7.74809	-7.446	-6.6116
