Isolate	Loci0	Loci1	Loci2	Loci3	Loci4	Loci5	Loci6	Source0	Source1	Source2	Source3
0	1	2	3	4	5	9	3	-4.56763	-2.48042	-3.51162	-4.88005
1	4	7	10	4	1	7	1	-1.83826	-3.76976	-2.63001	-1.99999
2	2	4	1	2	2	1	5	-2.78945	-3.65996	-4.10195	-4.19341
3	2	4	1	2	2	1	5	-2.78945	-3.65996	-4.10195	-4.19341
4	9	25	2	10	22	3	6	-4.48002	-7.47868	-6.18124	-4.44778
5	4	7	10	4	1	7	1	-1.83826	-3.76976	-2.63001	-1.99999
6	4	7	10	4	1	7	1	-1.83826	-3.76976	-2.63001	-1.99999
7	4	7	10	4	42	51	1	-2.94321	-4.65143	-4.94906	-3.89805
8	2	4	1	2	2	1	5	-2.78945	-3.65996	-4.10195	-4.19341
9	10	81	50	99	120	76	52	-6.65671	-6.33978	-5.22576	-5.20364
10	2	1	21	3	2	1	5	-2.93443	-2.48929	-4.32868	-4.62398
11	2	1	21	3	2	1	5	-2.93443	-2.48929	-4.32868	-4.62398
12	9	25	2	10	22	3	6	-4.48002	-7.47868	-6.18124	-4.44778
13	2	1	21	3	2	1	5	-2.93443	-2.48929	-4.32868	-4.62398
14	10	27	16	19	10	5	7	-19.8987	-13.0045	-16.09	-17.4874
15	2	4	1	2	2	1	5	-2.78945	-3.65996	-4.10195	-4.19341
16	2	4	1	2	2	1	5	-2.78945	-3.65996	-4.10195	-4.19341
17	9	2	4	62	4	5	6	-3.73197	-5.24172	-5.72889	-6.8416
18	9	53	2	53	11	3	3	-31.2405	-27.9163	-27.4972	-24.7594
19	2	4	1	2	2	1	5	-2.78945	-3.65996	-4.10195	-4.19341
20	2	4	1	2	2	1	5	-2.78945	-3.65996	-4.10195	-4.19341
21	4	7	10	4	1	7	1	-1.83826	-3.76976	-2.63001	-1.99999
22	2	4	1	2	2	1	5	-2.78945	-3.65996	-4.10195	-4.19341
23	1	4	2	2	6	3	17	-4.57856	-2.44253	-4.45021	-5.61168
24	4	7	10	4	1	7	1	-1.83826	-3.76976	-2.63001	-1.99999
25	2	1	21	3	2	1	5	-2.93443	-2.48929	-4.32868	-4.62398
26	8	10	2	2	11	12	6	-3.97251	-7.63614	-7.57906	-7.48433
27	2	4	2	2	6	1	5	-6.07083	-4.82849	-5.83619	-7.67524
28	2	1	12	3	2	1	5	-2.62507	-2.11677	-3.53013	-4.86721
29	2	4	1	2	2	1	5	-2.78945	-3.65996	-4.10195	-4.19341
30	4	7	10	4	1	7	1	-1.83826	-3.76976	-2.63001	-1.99999
31	10	1	16	19	10	5	7	-5.93808	-2.7386	-4.09081	-5.18146
32	1	2	3	4	5	9	3	-4.56763	-2.48042	-3.51162	-4.88005
33	2	4	1	2	2	1	5	-2.78945	-3.65996	-4.10195	-4.19341
34	2	4	1	2	2	1	5	-2.78945	-3.65996	-4.10195	-4.19341
35	2	4	1	2	2	1	5	-2.78945	-3.65996	-4.10195	-4.19341
36	4	7	10	4	1	7	1	-1.83826	-3.76976	-2.63001	-1.99999
37	129	66	30	82	189	47	17	-3.26068	-4.89234	-5.64587	-4.25342
38	2	1	12	3	357	1	5	-7.10423	-6.18259	-6.97703	-7.51841
39	9	2	4	62	4	5	6	-3.73197	-5.24172	-5.72889	-6.8416
40	2	1	1	3	2	1	5	-4.6152	-3.78635	-6.22232	-7.42429
41	2	1	12	3	357	1	5	-7.10423	-6.18259	-6.97703	-7.51841
42	2	1	5	3	2	3	5	-4.22559	-3.248	-5.43814	-4.89014
43	2	1	5	3	2	3	5	-4.22559	-3.248	-5.43814	-4.89014
44	2	4	1	2	2	1	5	-2.78945	-3.65996	-4.10195	-4.19341
45	2	4	1	2	2	1	5	-2.78945	-3.65996	-4.10195	-4.19341
46	2	4	2	2	6	1	5	-6.07083	-4.82849	-5.83619	-7.67524
47	1	4	2	2	6	3	17	-4.57856	-2.44253	-4.45021	-5.61168
48	2	1	21	3	2	1	5	-2.93443	-2.48929	-4.32868	-4.62398
49	2	1	2	3	2	3	5	-3.77649	-7.38726	-7.37849	-7.27392
50	2	1	21	3	2	1	5	-2.93443	-2.48929	-4.32868	-4.62398
51	7	17	2	15	23	3	12	-6.91905	-10.6413	-10.5282	-10.4311
52	2	4	1	2	7	1	5	-2.32482	-6.0254	-5.84271	-5.38934
53	9	2	4	62	4	5	6	-3.73197	-5.24172	-5.72889	-6.8416
54	2	4	1	2	7	1	5	-2.32482	-6.0254	-5.84271	-5.38934
55	9	2	4	62	4	5	6	-3.73197	-5.24172	-5.72889	-6.8416
56	2	1	12	88	2	1	5	-3.95073	-3.42867	-5.6665	-5.45524
57	2	1	5	3	2	3	5	-4.22559	-3.248	-5.43814	-4.89014
58	2	4	1	2	2	1	5	-2.78945	-3.65996	-4.10195	-4.19341
59	9	2	4	62	4	5	6	-3.73197	-5.24172	-5.72889	-6.8416
60	2	1	5	3	2	3	5	-4.22559	-3.248	-5.43814	-4.89014
61	2	4	1	2	2	1	5	-2.78945	-3.65996	-4.10195	-4.19341
62	2	4	1	2	2	1	5	-2.78945	-3.65996	-4.10195	-4.19341
63	2	4	1	2	2	1	5	-2.78945	-3.65996	-4.10195	-4.19341
64	2	4	1	2	2	1	5	-2.78945	-3.65996	-4.10195	-4.19341
65	2	4	1	2	2	1	5	-2.78945	-3.65996	-4.10195	-4.19341
66	2	4	1	2	2	1	5	-2.78945	-3.65996	-4.10195	-4.19341
67	1	2	215	4	90	24	8	-31.2601	-27.5273	-24.2687	-20.8235
68	2	4	1	2	2	1	5	-2.78945	-3.65996	-4.10195	-4.19341
69	1	2	3	4	5	9	3	-4.56763	-2.48042	-3.51162	-4.88005
70	2	4	1	2	2	1	5	-2.78945	-3.65996	-4.10195	-4.19341
71	2	4	1	2	2	1	5	-2.78945	-3.65996	-4.10195	-4.19341
72	9	25	2	10	22	3	6	-4.48002	-7.47868	-6.18124	-4.44778
73	2	15	4	48	360	25	23	-6.66802	-8.40567	-5.71583	-4.9727
74	2	4	1	2	2	1	5	-2.78945	-3.65996	-4.10195	-4.19341
75	2	1	12	88	2	1	5	-3.95073	-3.42867	-5.6665	-5.45524
76	2	4	2	2	6	1	5	-6.07083	-4.82849	-5.83619	-7.67524
77	10	1	16	19	10	5	7	-5.93808	-2.7386	-4.09081	-5.18146
78	2	4	1	2	2	1	5	-2.78945	-3.65996	-4.10195	-4.19341
79	2	1	12	3	2	1	5	-2.62507	-2.11677	-3.53013	-4.86721
80	2	4	1	2	2	1	5	-2.78945	-3.65996	-4.10195	-4.19341
81	2	4	1	2	2	1	5	-2.78945	-3.65996	-4.10195	-4.19341
82	1	4	2	2	6	3	17	-4.57856	-2.44253	-4.45021	-5.61168
83	10	1	16	19	10	5	7	-5.93808	-2.7386	-4.09081	-5.18146
84	8	10	149	2	11	12	6	-4.87192	-3.96649	-5.55101	-7.17691
85	2	4	1	2	2	1	5	-2.78945	-3.65996	-4.10195	-4.19341
86	2	4	1	2	7	1	5	-2.32482	-6.0254	-5.84271	-5.38934
87	32	39	30	82	104	324	17	-7.95715	-4.66934	-7.22229	-8.91575
88	1	2	3	4	5	9	3	-4.56763	-2.48042	-3.51162	-4.88005
89	2	1	5	3	2	3	5	-4.22559	-3.248	-5.43814	-4.89014
90	2	4	1	2	2	1	5	-2.78945	-3.65996	-4.10195	-4.19341
91	2	4	1	2	7	1	5	-2.32482	-6.0254	-5.84271	-5.38934
92	4	7	10	4	1	7	1	-1.83826	-3.76976	-2.63001	-1.99999
93	2	1	2	3	2	3	5	-3.77649	-7.38726	-7.37849	-7.27392
94	2	1	12	3	2	1	5	-2.62507	-2.11677	-3.53013	-4.86721
95	2	1	21	3	2	1	5	-2.93443	-2.48929	-4.32868	-4.62398
96	2	1	21	3	2	1	5	-2.93443	-2.48929	-4.32868	-4.62398
97	9	2	5	2	11	3	1	-29.4484	-32.0379	-29.3012	-25.5617
98	4	7	10	4	1	7	1	-1.83826	-3.76976	-2.63001	-1.99999
99	2	1	2	3	2	3	5	-3.77649	-7.38726	-7.37849	-7.27392
100	2	1	21	3	2	1	5	-2.93443	-2.48929	-4.32868	-4.62398
101	4	7	10	4	1	7	1	-1.83826	-3.76976	-2.63001	-1.99999
102	2	1	21	3	2	1	5	-2.93443	-2.48929	-4.32868	-4.62398
103	1	4	2	2	6	3	17	-4.57856	-2.44253	-4.45021	-5.61168
104	2	4	5	2	10	1	5	-6.91184	-10.6245	-10.5155	-10.4168
105	2	1	12	88	2	1	5	-3.95073	-3.42867	-5.6665	-5.45524
106	9	2	4	62	4	5	6	-3.73197	-5.24172	-5.72889	-6.8416
107	2	165	73	147	220	190	104	-8.55299	-8.95493	-7.18067	-5.32029
108	2	1	21	3	2	1	5	-2.93443	-2.48929	-4.32868	-4.62398
109	2	4	1	2	2	1	5	-2.78945	-3.65996	-4.10195	-4.19341
110	2	1	12	3	11	1	6	-18.9903	-18.0158	-20.7576	-20.6522
111	2	1	2	3	2	3	5	-3.77649	-7.38726	-7.37849	-7.27392
112	2	4	1	2	7	1	5	-2.32482	-6.0254	-5.84271	-5.38934
113	2	1	2	3	2	3	5	-3.77649	-7.38726	-7.37849	-7.27392
114	2	1	21	3	2	1	5	-2.93443	-2.48929	-4.32868	-4.62398
115	2	4	1	2	7	1	5	-2.32482	-6.0254	-5.84271	-5.38934
116	33	39	30	82	113	43	17	-9.35847	-6.44123	-6.04967	-8.0754
117	2	4	1	2	2	1	5	-2.78945	-3.65996	-4.10195	-4.19341
118	2	4	1	2	2	1	5	-2.78945	-3.65996	-4.10195	-4.19341
119	2	4	1	2	2	1	5	-2.78945	-3.65996	-4.10195	-4.19341
120	2	4	1	2	7	1	5	-2.32482	-6.0254	-5.84271	-5.38934
121	4	7	10	1	1	7	1	-5.28629	-8.56973	-5.931	-6.15443
122	2	1	12	3	2	1	5	-2.62507	-2.11677	-3.53013	-4.86721
123	2	4	1	2	2	1	5	-2.78945	-3.65996	-4.10195	-4.19341
124	2	4	1	2	2	1	5	-2.78945	-3.65996	-4.10195	-4.19341
125	2	4	1	2	7	1	5	-2.32482	-6.0254	-5.84271	-5.38934
126	2	4	1	2	2	1	5	-2.78945	-3.65996	-4.10195	-4.19341
127	2	4	1	2	2	1	5	-2.78945	-3.65996	-4.10195	-4.19341
128	2	1	12	88	2	1	5	-3.95073	-3.42867	-5.6665	-5.45524
129	2	1	12	3	2	1	5	-2.62507	-2.11677	-3.53013	-4.86721
130	2	1	12	3	2	1	5	-2.62507	-2.11677	-3.53013	-4.86721
131	2	4	1	2	7	1	5	-2.32482	-6.0254	-5.84271	-5.38934
132	2	1	21	3	2	1	5	-2.93443	-2.48929	-4.32868	-4.62398
133	2	1	21	3	2	1	5	-2.93443	-2.48929	-4.32868	-4.62398
134	2	4	5	2	2	5	5	-3.69036	-7.33365	-6.97628	-6.03669
135	2	1	21	3	2	1	5	-2.93443	-2.48929	-4.32868	-4.62398
136	1	4	2	2	6	3	1	-11.3975	-10.1995	-10.6224	-10.8847
137	2	1	5	3	2	3	5	-4.22559	-3.248	-5.43814	-4.89014
138	2	1	5	3	2	3	5	-4.22559	-3.248	-5.43814	-4.89014
139	4	7	10	4	1	7	1	-1.83826	-3.76976	-2.63001	-1.99999
140	8	10	2	2	11	12	6	-3.97251	-7.63614	-7.57906	-7.48433
141	2	1	2	3	2	3	5	-3.77649	-7.38726	-7.37849	-7.27392
142	2	1	5	3	2	3	5	-4.22559	-3.248	-5.43814	-4.89014
143	2	1	2	3	2	3	5	-3.77649	-7.38726	-7.37849	-7.27392
144	129	66	30	82	189	47	17	-3.26068	-4.89234	-5.64587	-4.25342
145	2	4	1	2	2	1	5	-2.78945	-3.65996	-4.10195	-4.19341
146	2	4	1	2	2	1	5	-2.78945	-3.65996	-4.10195	-4.19341
147	7	21	5	62	4	61	44	-7.08263	-3.82221	-5.53498	-7.41588
148	2	4	1	2	2	1	5	-2.78945	-3.65996	-4.10195	-4.19341
149	2	937	1	2	2	1	5	-7.19091	-7.72968	-7.5439	-6.83775
150	1	14	2	2	6	1	17	-9.00273	-6.42116	-7.88189	-6.40639
151	1	4	2	2	6	3	17	-4.57856	-2.44253	-4.45021	-5.61168
152	8	10	149	2	11	12	6	-4.87192	-3.96649	-5.55101	-7.17691
153	2	1	12	3	2	1	5	-2.62507	-2.11677	-3.53013	-4.86721
154	9	30	2	2	89	59	6	-4.97159	-8.69496	-8.58156	-8.48393
155	1	2	3	4	5	9	3	-4.56763	-2.48042	-3.51162	-4.88005
156	2	4	1	2	2	1	5	-2.78945	-3.65996	-4.10195	-4.19341
157	2	4	1	2	2	1	5	-2.78945	-3.65996	-4.10195	-4.19341
158	180	194	2	68	19	231	147	-27.703	-29.4063	-26.165	-22.0848
159	2	4	1	2	2	1	5	-2.78945	-3.65996	-4.10195	-4.19341
160	2	4	1	2	2	1	5	-2.78945	-3.65996	-4.10195	-4.19341
161	2	4	1	2	2	1	5	-2.78945	-3.65996	-4.10195	-4.19341
162	4	7	10	4	1	7	1	-1.83826	-3.76976	-2.63001	-1.99999
163	2	4	1	2	2	1	5	-2.78945	-3.65996	-4.10195	-4.19341
164	2	1	21	3	2	1	5	-2.93443	-2.48929	-4.32868	-4.62398
165	2	4	1	2	7	1	5	-2.32482	-6.0254	-5.84271	-5.38934
166	2	4	1	2	2	1	5	-2.78945	-3.65996	-4.10195	-4.19341
167	10	1	16	19	10	5	7	-5.93808	-2.7386	-4.09081	-5.18146
168	104	7	10	4	1	7	1	-4.42825	-8.15652	-8.02888	-7.91391
169	2	4	1	2	2	1	5	-2.78945	-3.65996	-4.10195	-4.19341
170	10	27	16	19	10	5	7	-19.8987	-13.0045	-16.09	-17.4874
171	2	4	1	2	2	1	5	-2.78945	-3.65996	-4.10195	-4.19341
172	2	1	1	3	2	1	5	-4.6152	-3.78635	-6.22232	-7.42429
173	7	21	5	62	4	61	44	-7.08263	-3.82221	-5.53498	-7.41588
174	2	1	1	3	2	1	5	-4.6152	-3.78635	-6.22232	-7.42429
175	10	1	16	19	10	5	7	-5.93808	-2.7386	-4.09081	-5.18146
176	2	4	1	2	2	1	5	-2.78945	-3.65996	-4.10195	-4.19341
177	2	4	1	2	2	1	5	-2.78945	-3.65996	-4.10195	-4.19341
178	2	1	12	3	2	1	5	-2.62507	-2.11677	-3.53013	-4.86721
179	2	4	1	2	2	1	5	-2.78945	-3.65996	-4.10195	-4.19341
180	2	4	1	2	2	1	5	-2.78945	-3.65996	-4.10195	-4.19341
181	1	4	2	2	6	3	17	-4.57856	-2.44253	-4.45021	-5.61168
182	2	1	12	3	2	1	5	-2.62507	-2.11677	-3.53013	-4.86721
183	4	7	10	4	1	7	1	-1.83826	-3.76976	-2.63001	-1.99999
184	2	4	1	2	2	1	5	-2.78945	-3.65996	-4.10195	-4.19341
185	2	4	1	2	2	1	5	-2.78945	-3.65996	-4.10195	-4.19341
186	2	1	21	3	2	1	5	-2.93443	-2.48929	-4.32868	-4.62398
187	4	7	10	4	1	7	1	-1.83826	-3.76976	-2.63001	-1.99999
188	4	7	10	4	42	51	1	-2.94321	-4.65143	-4.94906	-3.89805
189	2	1	5	3	2	3	5	-4.22559	-3.248	-5.43814	-4.89014
190	1	2	4	62	4	5	17	-6.08764	-4.84219	-7.31427	-8.66912
191	4	7	10	4	1	7	1	-1.83826	-3.76976	-2.63001	-1.99999
192	4	7	10	4	42	51	1	-2.94321	-4.65143	-4.94906	-3.89805
193	2	1	21	3	2	1	5	-2.93443	-2.48929	-4.32868	-4.62398
194	4	7	10	4	42	51	1	-2.94321	-4.65143	-4.94906	-3.89805
195	2	4	1	2	7	1	5	-2.32482	-6.0254	-5.84271	-5.38934
196	2	4	1	2	2	1	5	-2.78945	-3.65996	-4.10195	-4.19341
197	1	2	3	4	5	9	3	-4.56763	-2.48042	-3.51162	-4.88005
198	1	2	4	62	4	5	17	-6.08764	-4.84219	-7.31427	-8.66912
199	2	250	4	281	358	25	57	-29.7203	-29.1378	-21.0631	-18.4459
200	9	2	4	62	4	5	6	-3.73197	-5.24172	-5.72889	-6.8416
201	1	2	3	4	5	9	3	-4.56763	-2.48042	-3.51162	-4.88005
202	4	7	10	4	1	7	1	-1.83826	-3.76976	-2.63001	-1.99999
203	2	4	2	4	19	3	6	-5.81607	-9.53532	-9.42224	-9.31857
204	4	7	10	4	1	7	1	-1.83826	-3.76976	-2.63001	-1.99999
205	4	7	10	4	42	51	1	-2.94321	-4.65143	-4.94906	-3.89805
206	2	1	12	3	2	1	5	-2.62507	-2.11677	-3.53013	-4.86721
207	4	7	10	4	1	7	1	-1.83826	-3.76976	-2.63001	-1.99999
208	2	1	12	3	2	1	5	-2.62507	-2.11677	-3.53013	-4.86721
209	1	2	4	62	4	5	17	-6.08764	-4.84219	-7.31427	-8.66912
210	4	7	10	4	42	51	1	-2.94321	-4.65143	-4.94906	-3.89805
211	2	4	1	2	2	1	5	-2.78945	-3.65996	-4.10195	-4.19341
212	4	7	10	4	1	7	1	-1.83826	-3.76976	-2.63001	-1.99999
213	2	1	21	3	2	1	5	-2.93443	-2.48929	-4.32868	-4.62398
214	47	2	4	2	6	5	17	-10.6659	-10.499	-6.09975	-8.14633
215	2	1	21	3	2	1	5	-2.93443	-2.48929	-4.32868	-4.62398
216	2	1	21	3	2	1	5	-2.93443	-2.48929	-4.32868	-4.62398
217	2	4	1	2	2	1	5	-2.78945	-3.65996	-4.10195	-4.19341
218	2	4	1	2	2	1	5	-2.78945	-3.65996	-4.10195	-4.19341
219	10	81	50	99	120	76	52	-6.65671	-6.33978	-5.22576	-5.20364
220	2	4	1	2	2	1	5	-2.78945	-3.65996	-4.10195	-4.19341
221	2	4	1	2	2	1	5	-2.78945	-3.65996	-4.10195	-4.19341
222	1	4	2	2	6	3	17	-4.57856	-2.44253	-4.45021	-5.61168
223	1	2	4	62	4	5	17	-6.08764	-4.84219	-7.31427	-8.66912
224	4	7	10	4	1	7	1	-1.83826	-3.76976	-2.63001	-1.99999
225	4	7	10	4	1	7	1	-1.83826	-3.76976	-2.63001	-1.99999
226	10	1	16	19	10	5	7	-5.93808	-2.7386	-4.09081	-5.18146
227	2	4	1	2	2	1	5	-2.78945	-3.65996	-4.10195	-4.19341
228	2	4	1	2	7	1	5	-2.32482	-6.0254	-5.84271	-5.38934
229	1	4	2	348	6	3	17	-8.64942	-5.3557	-7.91039	-9.60518
230	1	2	4	62	4	5	17	-6.08764	-4.84219	-7.31427	-8.66912
231	10	27	16	19	10	5	7	-19.8987	-13.0045	-16.09	-17.4874
232	1	4	2	2	6	3	17	-4.57856	-2.44253	-4.45021	-5.61168
233	4	7	10	4	42	51	1	-2.94321	-4.65143	-4.94906	-3.89805
234	2	4	1	2	2	1	5	-2.78945	-3.65996	-4.10195	-4.19341
235	2	1	12	3	2	1	5	-2.62507	-2.11677	-3.53013	-4.86721
236	2	1	12	88	2	1	5	-3.95073	-3.42867	-5.6665	-5.45524
237	2	4	1	2	7	1	5	-2.32482	-6.0254	-5.84271	-5.38934
238	2	1	12	3	2	1	5	-2.62507	-2.11677	-3.53013	-4.86721
239	1	4	2	2	6	3	17	-4.57856	-2.44253	-4.45021	-5.61168
240	2	1	4	28	58	25	58	-5.65161	-7.71594	-5.43357	-4.30198
241	2	1	5	3	2	3	5	-4.22559	-3.248	-5.43814	-4.89014
242	2	1	12	3	2	1	5	-2.62507	-2.11677	-3.53013	-4.86721
243	2	4	1	2	2	1	5	-2.78945	-3.65996	-4.10195	-4.19341
244	2	1	5	10	11	1	5	-27.2654	-22.9327	-24.8174	-24.6476
245	2	1	12	3	2	1	5	-2.62507	-2.11677	-3.53013	-4.86721
246	2	1	12	88	2	1	5	-3.95073	-3.42867	-5.6665	-5.45524
247	2	1	12	3	2	1	5	-2.62507	-2.11677	-3.53013	-4.86721
248	2	1	12	3	2	1	5	-2.62507	-2.11677	-3.53013	-4.86721
249	1	4	2	2	6	3	17	-4.57856	-2.44253	-4.45021	-5.61168
250	9	2	4	62	4	5	6	-3.73197	-5.24172	-5.72889	-6.8416
251	2	1	12	3	2	1	5	-2.62507	-2.11677	-3.53013	-4.86721
252	8	10	149	2	11	12	6	-4.87192	-3.96649	-5.55101	-7.17691
253	2	1	21	3	2	1	5	-2.93443	-2.48929	-4.32868	-4.62398
254	1	2	3	4	5	9	3	-4.56763	-2.48042	-3.51162	-4.88005
255	2	1	5	3	2	3	5	-4.22559	-3.248	-5.43814	-4.89014
256	1	307	3	4	5	9	3	-6.8391	-6.42491	-6.02796	-7.97731
257	1	4	2	2	6	3	17	-4.57856	-2.44253	-4.45021	-5.61168
258	2	4	1	2	7	1	5	-2.32482	-6.0254	-5.84271	-5.38934
259	2	4	1	2	2	1	5	-2.78945	-3.65996	-4.10195	-4.19341
260	2	61	4	64	126	7	23	-5.99259	-7.84332	-6.16746	-4.31883
261	7	21	5	62	4	61	44	-7.08263	-3.82221	-5.53498	-7.41588
262	2	1	12	3	2	1	5	-2.62507	-2.11677	-3.53013	-4.86721
263	2	4	1	2	2	1	5	-2.78945	-3.65996	-4.10195	-4.19341
264	2	1	12	3	2	1	5	-2.62507	-2.11677	-3.53013	-4.86721
265	2	1	21	3	2	1	5	-2.93443	-2.48929	-4.32868	-4.62398
266	2	1	21	3	2	1	5	-2.93443	-2.48929	-4.32868	-4.62398
267	2	4	1	2	2	1	5	-2.78945	-3.65996	-4.10195	-4.19341
268	2	4	1	2	2	1	5	-2.78945	-3.65996	-4.10195	-4.19341
269	2	4	1	2	7	1	5	-2.32482	-6.0254	-5.84271	-5.38934
270	4	7	10	4	1	7	1	-1.83826	-3.76976	-2.63001	-1.99999
271	1	2	4	62	4	5	17	-6.08764	-4.84219	-7.31427	-8.66912
272	4	1	21	3	2	1	5	-9.83666	-10.3409	-10.6327	-9.96555
273	10	1	16	19	10	5	7	-5.93808	-2.7386	-4.09081	-5.18146
274	33	283	44	82	189	44	17	-6.68113	-3.46232	-5.31331	-6.04934
275	2	1	12	3	2	1	5	-2.62507	-2.11677	-3.53013	-4.86721
276	10	81	50	99	120	76	52	-6.65671	-6.33978	-5.22576	-5.20364
277	4	7	10	4	42	25	1	-8.41726	-8.76113	-5.79729	-5.22423
278	2	4	1	2	2	1	5	-2.78945	-3.65996	-4.10195	-4.19341
279	2	4	5	2	10	1	5	-6.91184	-10.6245	-10.5155	-10.4168
280	2	4	1	2	2	1	5	-2.78945	-3.65996	-4.10195	-4.19341
281	9	2	4	62	4	5	6	-3.73197	-5.24172	-5.72889	-6.8416
282	4	7	10	4	1	7	1	-1.83826	-3.76976	-2.63001	-1.99999
283	2	1	12	3	2	1	5	-2.62507	-2.11677	-3.53013	-4.86721
284	9	2	4	62	4	5	6	-3.73197	-5.24172	-5.72889	-6.8416
285	9	2	4	62	4	5	6	-3.73197	-5.24172	-5.72889	-6.8416
286	2	4	1	2	2	1	5	-2.78945	-3.65996	-4.10195	-4.19341
287	2	1	12	88	2	1	5	-3.95073	-3.42867	-5.6665	-5.45524
288	2	1	21	3	2	1	5	-2.93443	-2.48929	-4.32868	-4.62398
289	33	39	30	79	113	44	17	-25.8516	-24.7024	-25.3802	-26.5917
290	1	2	3	4	5	9	3	-4.56763	-2.48042	-3.51162	-4.88005
291	1	4	2	2	6	3	17	-4.57856	-2.44253	-4.45021	-5.61168
292	9	2	4	62	4	5	6	-3.73197	-5.24172	-5.72889	-6.8416
293	2	1	12	3	2	1	5	-2.62507	-2.11677	-3.53013	-4.86721
294	2	1	5	3	2	5	5	-5.43251	-2.82547	-3.99233	-5.44977
295	2	1	5	3	2	5	5	-5.43251	-2.82547	-3.99233	-5.44977
296	2	4	1	2	2	1	5	-2.78945	-3.65996	-4.10195	-4.19341
297	2	4	1	2	2	1	5	-2.78945	-3.65996	-4.10195	-4.19341
298	2	1	21	3	2	1	5	-2.93443	-2.48929	-4.32868	-4.62398
299	32	39	30	82	104	324	17	-7.95715	-4.66934	-7.22229	-8.91575
300	2	1	12	3	2	1	5	-2.62507	-2.11677	-3.53013	-4.86721
301	4	7	10	4	1	7	1	-1.83826	-3.76976	-2.63001	-1.99999
302	1	4	2	2	6	3	5	-8.54313	-5.27556	-7.84505	-9.50862
303	2	1	21	3	2	1	5	-2.93443	-2.48929	-4.32868	-4.62398
304	4	7	10	4	42	51	1	-2.94321	-4.65143	-4.94906	-3.89805
305	2	4	1	2	7	1	5	-2.32482	-6.0254	-5.84271	-5.38934
306	7	21	5	62	4	61	44	-7.08263	-3.82221	-5.53498	-7.41588
307	104	7	10	4	1	7	1	-4.42825	-8.15652	-8.02888	-7.91391
308	9	25	2	10	22	3	6	-4.48002	-7.47868	-6.18124	-4.44778
309	2	4	2	2	6	3	17	-10.8021	-7.86561	-10.2306	-10.7208
310	2	4	1	2	7	1	5	-2.32482	-6.0254	-5.84271	-5.38934
311	129	66	30	82	189	47	17	-3.26068	-4.89234	-5.64587	-4.25342
312	33	39	30	82	104	173	68	-5.36939	-3.97215	-6.45869	-7.85874
313	2	1	12	3	2	1	5	-2.62507	-2.11677	-3.53013	-4.86721
314	2	1	1	3	2	1	5	-4.6152	-3.78635	-6.22232	-7.42429
315	7	21	5	62	4	61	44	-7.08263	-3.82221	-5.53498	-7.41588
316	2	1	21	3	2	1	5	-2.93443	-2.48929	-4.32868	-4.62398
317	4	7	10	4	1	7	1	-1.83826	-3.76976	-2.63001	-1.99999
318	10	2	107	62	120	76	1	-6.85548	-9.61311	-8.17775	-6.39991
319	4	7	10	4	1	7	1	-1.83826	-3.76976	-2.63001	-1.99999
320	2	1	12	3	2	1	5	-2.62507	-2.11677	-3.53013	-4.86721
321	2	1	5	3	2	3	5	-4.22559	-3.248	-5.43814	-4.89014
322	4	7	10	4	1	7	1	-1.83826	-3.76976	-2.63001	-1.99999
323	2	1	12	88	2	1	5	-3.95073	-3.42867	-5.6665	-5.45524
324	4	7	10	4	42	7	1	-6.55328	-8.20936	-5.61779	-4.71317
325	4	7	10	4	42	51	1	-2.94321	-4.65143	-4.94906	-3.89805
326	2	1	21	3	2	1	5	-2.93443	-2.48929	-4.32868	-4.62398
327	2	1	12	3	2	1	5	-2.62507	-2.11677	-3.53013	-4.86721
328	4	7	10	4	1	7	1	-1.83826	-3.76976	-2.63001	-1.99999
329	2	4	1	2	7	1	5	-2.32482	-6.0254	-5.84271	-5.38934
330	4	7	10	4	1	7	1	-1.83826	-3.76976	-2.63001	-1.99999
331	2	1	12	3	2	1	5	-2.62507	-2.11677	-3.53013	-4.86721
332	4	7	10	4	1	7	1	-1.83826	-3.76976	-2.63001	-1.99999
333	4	7	10	4	1	7	1	-1.83826	-3.76976	-2.63001	-1.99999
334	1	4	2	2	6	3	17	-4.57856	-2.44253	-4.45021	-5.61168
335	2	4	1	2	2	1	5	-2.78945	-3.65996	-4.10195	-4.19341
336	4	7	10	4	1	7	1	-1.83826	-3.76976	-2.63001	-1.99999
337	7	17	2	15	23	3	12	-6.91905	-10.6413	-10.5282	-10.4311
338	2	1	5	3	2	3	5	-4.22559	-3.248	-5.43814	-4.89014
339	4	7	10	4	1	7	1	-1.83826	-3.76976	-2.63001	-1.99999
340	4	7	10	4	1	7	1	-1.83826	-3.76976	-2.63001	-1.99999
341	4	7	10	4	42	51	1	-2.94321	-4.65143	-4.94906	-3.89805
342	2	4	1	2	2	1	5	-2.78945	-3.65996	-4.10195	-4.19341
343	2	1	12	88	2	1	5	-3.95073	-3.42867	-5.6665	-5.45524
344	2	1	1	3	2	1	5	-4.6152	-3.78635	-6.22232	-7.42429
345	1	2	3	4	5	9	3	-4.56763	-2.48042	-3.51162	-4.88005
346	2	1	12	88	2	1	5	-3.95073	-3.42867	-5.6665	-5.45524
347	2	1	1	3	2	1	5	-4.6152	-3.78635	-6.22232	-7.42429
348	24	17	2	10	23	68	5	-9.05494	-5.7664	-8.32006	-10.0137
349	4	7	10	4	1	7	1	-1.83826	-3.76976	-2.63001	-1.99999
350	2	1	21	3	2	1	5	-2.93443	-2.48929	-4.32868	-4.62398
351	1	4	2	2	6	3	17	-4.57856	-2.44253	-4.45021	-5.61168
352	2	1	5	3	2	3	5	-4.22559	-3.248	-5.43814	-4.89014
353	4	7	10	4	1	7	1	-1.83826	-3.76976	-2.63001	-1.99999
354	2	1	1	3	2	1	5	-4.6152	-3.78635	-6.22232	-7.42429
355	2	1	12	3	2	1	5	-2.62507	-2.11677	-3.53013	-4.86721
356	8	10	149	2	11	12	6	-4.87192	-3.96649	-5.55101	-7.17691
357	2	4	1	2	2	5	5	-6.82003	-6.4078	-8.71519	-9.72297
358	10	1	16	19	10	5	7	-5.93808	-2.7386	-4.09081	-5.18146
359	24	17	2	10	23	68	5	-9.05494	-5.7664	-8.32006	-10.0137
360	1	2	4	62	4	5	17	-6.08764	-4.84219	-7.31427	-8.66912
361	2	4	1	2	7	1	5	-2.32482	-6.0254	-5.84271	-5.38934
362	7	71	5	62	11	67	6	-30.2497	-27.7963	-28.8949	-27.8069
363	7	17	5	2	10	3	6	-25.507	-24.3454	-24.4284	-22.456
364	2	1	5	3	2	3	5	-4.22559	-3.248	-5.43814	-4.89014
365	9	2	4	62	4	5	6	-3.73197	-5.24172	-5.72889	-6.8416
366	33	38	30	82	104	325	36	-14.2281	-10.5377	-12.4639	-13.3607
367	2	4	1	2	7	1	5	-2.32482	-6.0254	-5.84271	-5.38934
368	47	2	4	2	6	5	17	-10.6659	-10.499	-6.09975	-8.14633
369	2	1	12	88	2	1	5	-3.95073	-3.42867	-5.6665	-5.45524
370	2	1	12	88	2	1	5	-3.95073	-3.42867	-5.6665	-5.45524
371	2	1	12	88	2	1	5	-3.95073	-3.42867	-5.6665	-5.45524
372	2	1	12	88	2	1	5	-3.95073	-3.42867	-5.6665	-5.45524
373	2	4	1	2	2	1	5	-2.78945	-3.65996	-4.10195	-4.19341
374	2	1	12	88	2	1	5	-3.95073	-3.42867	-5.6665	-5.45524
375	1	1	2	2	6	3	17	-9.58687	-6.20981	-8.78645	-10.3589
376	2	1	12	88	2	1	5	-3.95073	-3.42867	-5.6665	-5.45524
377	2	1	12	88	2	1	5	-3.95073	-3.42867	-5.6665	-5.45524
378	2	4	1	2	2	1	5	-2.78945	-3.65996	-4.10195	-4.19341
379	2	1	12	88	2	1	5	-3.95073	-3.42867	-5.6665	-5.45524
380	2	1	5	3	2	3	5	-4.22559	-3.248	-5.43814	-4.89014
381	4	7	10	4	1	7	1	-1.83826	-3.76976	-2.63001	-1.99999
382	2	1	12	3	2	1	5	-2.62507	-2.11677	-3.53013	-4.86721
383	1	2	4	62	4	5	17	-6.08764	-4.84219	-7.31427	-8.66912
384	1	4	2	2	6	3	17	-4.57856	-2.44253	-4.45021	-5.61168
385	2	1	12	3	2	1	5	-2.62507	-2.11677	-3.53013	-4.86721
386	2	1	12	88	2	1	5	-3.95073	-3.42867	-5.6665	-5.45524
387	9	2	4	62	4	5	6	-3.73197	-5.24172	-5.72889	-6.8416
388	2	4	1	2	7	1	5	-2.32482	-6.0254	-5.84271	-5.38934
389	2	1	5	3	2	3	5	-4.22559	-3.248	-5.43814	-4.89014
390	7	21	5	62	4	61	44	-7.08263	-3.82221	-5.53498	-7.41588
391	1	2	215	4	90	24	8	-31.2601	-27.5273	-24.2687	-20.8235
392	2	1	21	3	2	1	5	-2.93443	-2.48929	-4.32868	-4.62398
393	1	4	2	2	6	3	17	-4.57856	-2.44253	-4.45021	-5.61168
394	2	4	1	2	2	1	5	-2.78945	-3.65996	-4.10195	-4.19341
395	2	1	12	3	2	1	5	-2.62507	-2.11677	-3.53013	-4.86721
396	1	2	3	4	5	9	3	-4.56763	-2.48042	-3.51162	-4.88005
397	2	1	5	3	2	3	5	-4.22559	-3.248	-5.43814	-4.89014
398	10	1	16	19	10	5	7	-5.93808	-2.7386	-4.09081	-5.18146
399	2	1	2	3	2	959	5	-8.25294	-10.949	-10.7796	-9.90847
400	10	1	16	19	10	5	7	-5.93808	-2.7386	-4.09081	-5.18146
401	2	4	1	2	7	1	5	-2.32482	-6.0254	-5.84271	-5.38934
402	2	1	12	3	2	1	5	-2.62507	-2.11677	-3.53013	-4.86721
403	8	10	149	2	11	12	6	-4.87192	-3.96649	-5.55101	-7.17691
404	2	4	1	2	7	1	5	-2.32482	-6.0254	-5.84271	-5.38934
405	4	7	10	4	1	7	1	-1.83826	-3.76976	-2.63001	-1.99999
406	4	7	10	4	1	7	1	-1.83826	-3.76976	-2.63001	-1.99999
407	2	4	5	2	2	5	5	-3.69036	-7.33365	-6.97628	-6.03669
408	2	1	12	3	2	1	5	-2.62507	-2.11677	-3.53013	-4.86721
409	166	2	27	10	151	3	1	-33.0429	-33.0065	-29.3534	-24.3744
410	33	39	30	79	113	44	17	-25.8516	-24.7024	-25.3802	-26.5917
411	7	17	2	15	23	3	12	-6.91905	-10.6413	-10.5282	-10.4311
412	1	2	3	4	5	9	3	-4.56763	-2.48042	-3.51162	-4.88005
413	2	4	1	2	7	1	5	-2.32482	-6.0254	-5.84271	-5.38934
414	7	21	5	62	4	61	44	-7.08263	-3.82221	-5.53498	-7.41588
415	2	1	12	3	2	1	5	-2.62507	-2.11677	-3.53013	-4.86721
416	1	2	3	4	5	9	3	-4.56763	-2.48042	-3.51162	-4.88005
417	2	1	5	88	2	11	5	-8.52042	-5.34184	-5.9416	-7.93042
418	2	4	1	2	7	1	5	-2.32482	-6.0254	-5.84271	-5.38934
419	2	1	21	3	2	1	5	-2.93443	-2.48929	-4.32868	-4.62398
420	7	17	2	15	23	3	12	-6.91905	-10.6413	-10.5282	-10.4311
421	2	1	5	88	2	11	5	-8.52042	-5.34184	-5.9416	-7.93042
422	47	2	4	2	6	5	17	-10.6659	-10.499	-6.09975	-8.14633
423	1	2	3	4	5	9	3	-4.56763	-2.48042	-3.51162	-4.88005
424	7	17	2	15	23	3	12	-6.91905	-10.6413	-10.5282	-10.4311
425	2	4	1	2	2	1	5	-2.78945	-3.65996	-4.10195	-4.19341
426	2	4	1	2	2	1	5	-2.78945	-3.65996	-4.10195	-4.19341
427	2	4	1	2	2	1	5	-2.78945	-3.65996	-4.10195	-4.19341
428	2	1	12	3	2	1	5	-2.62507	-2.11677	-3.53013	-4.86721
429	2	4	5	2	2	5	5	-3.69036	-7.33365	-6.97628	-6.03669
430	2	1	21	3	2	1	5	-2.93443	-2.48929	-4.32868	-4.62398
431	4	7	10	4	42	25	1	-8.41726	-8.76113	-5.79729	-5.22423
432	1	4	2	2	6	3	17	-4.57856	-2.44253	-4.45021	-5.61168
433	1	2	215	4	923	24	8	-31.2601	-27.5273	-24.2687	-20.8235
434	1	2	3	4	5	9	3	-4.56763	-2.48042	-3.51162	-4.88005
435	2	1	1	3	2	1	5	-4.6152	-3.78635	-6.22232	-7.42429
436	1	4	2	2	6	3	17	-4.57856	-2.44253	-4.45021	-5.61168
437	2	4	1	2	2	1	5	-2.78945	-3.65996	-4.10195	-4.19341
438	2	1	5	3	2	5	5	-5.43251	-2.82547	-3.99233	-5.44977
439	4	7	10	4	42	51	1	-2.94321	-4.65143	-4.94906	-3.89805
440	4	7	10	4	1	7	1	-1.83826	-3.76976	-2.63001	-1.99999
441	4	7	10	4	1	7	1	-1.83826	-3.76976	-2.63001	-1.99999
442	4	7	10	4	1	7	1	-1.83826	-3.76976	-2.63001	-1.99999
443	2	1	21	3	2	1	5	-2.93443	-2.48929	-4.32868	-4.62398
444	2	1	21	3	2	1	5	-2.93443	-2.48929	-4.32868	-4.62398
445	2	4	1	2	7	1	5	-2.32482	-6.0254	-5.84271	-5.38934
446	4	7	10	4	1	7	1	-1.83826	-3.76976	-2.63001	-1.99999
447	4	7	10	4	1	7	1	-1.83826	-3.76976	-2.63001	-1.99999
448	2	1	1	3	2	1	5	-4.6152	-3.78635	-6.22232	-7.42429
449	2	1	21	3	2	1	5	-2.93443	-2.48929	-4.32868	-4.62398
450	2	1	21	3	2	1	5	-2.93443	-2.48929	-4.32868	-4.62398
451	4	7	10	4	42	51	1	-2.94321	-4.65143	-4.94906	-3.89805
452	4	7	10	1	1	7	1	-5.28629	-8.56973	-5.931	-6.15443
453	239	27	16	19	10	5	7	-9.7502	-6.4611	-9.01356	-10.7083
454	2	1	12	3	2	1	5	-2.62507	-2.11677	-3.53013	-4.86721
455	2	4	1	2	2	1	5	-2.78945	-3.65996	-4.10195	-4.19341
456	2	1	12	3	2	1	5	-2.62507	-2.11677	-3.53013	-4.86721
457	2	1	12	3	2	1	5	-2.62507	-2.11677	-3.53013	-4.86721
458	10	81	50	99	120	76	52	-6.65671	-6.33978	-5.22576	-5.20364
459	47	2	4	2	6	5	17	-10.6659	-10.499	-6.09975	-8.14633
460	2	4	1	3	2	1	5	-6.85169	-8.82743	-9.83423	-9.9892
461	4	7	10	4	1	7	1	-1.83826	-3.76976	-2.63001	-1.99999
462	2	1	1	380	2	1	5	-6.16094	-5.7357	-8.11261	-9.16176
463	2	4	1	2	7	1	5	-2.32482	-6.0254	-5.84271	-5.38934
464	2	1	12	88	2	1	5	-3.95073	-3.42867	-5.6665	-5.45524
465	7	71	5	62	11	67	1	-31.4745	-27.9851	-27.7177	-26.8431
466	2	4	1	2	7	1	5	-2.32482	-6.0254	-5.84271	-5.38934
467	4	7	10	4	1	7	1	-1.83826	-3.76976	-2.63001	-1.99999
468	2	1	1	380	2	1	5	-6.16094	-5.7357	-8.11261	-9.16176
469	2	4	1	2	2	1	5	-2.78945	-3.65996	-4.10195	-4.19341
470	2	1	12	3	2	1	5	-2.62507	-2.11677	-3.53013	-4.86721
471	1	14	2	2	6	1	17	-9.00273	-6.42116	-7.88189	-6.40639
472	1	2	4	62	4	5	17	-6.08764	-4.84219	-7.31427	-8.66912
473	4	7	10	4	1	7	1	-1.83826	-3.76976	-2.63001	-1.99999
474	2	1	21	3	2	1	5	-2.93443	-2.48929	-4.32868	-4.62398
475	2	4	1	2	2	1	5	-2.78945	-3.65996	-4.10195	-4.19341
476	1	4	2	2	6	3	17	-4.57856	-2.44253	-4.45021	-5.61168
477	4	7	10	4	1	7	1	-1.83826	-3.76976	-2.63001	-1.99999
478	10	2	107	62	120	76	1	-6.85548	-9.61311	-8.17775	-6.39991
479	2	1	12	3	2	1	5	-2.62507	-2.11677	-3.53013	-4.86721
480	2	1	5	3	2	3	5	-4.22559	-3.248	-5.43814	-4.89014
481	2	1	21	3	2	1	5	-2.93443	-2.48929	-4.32868	-4.62398
482	1	2	3	4	5	9	3	-4.56763	-2.48042	-3.51162	-4.88005
483	1	307	3	4	5	9	3	-6.8391	-6.42491	-6.02796	-7.97731
484	7	2	5	2	10	3	6	-31.4242	-28.3875	-29.1832	-28.3144
485	1	2	3	4	5	9	3	-4.56763	-2.48042	-3.51162	-4.88005
486	33	39	30	82	104	173	68	-5.36939	-3.97215	-6.45869	-7.85874
487	4	7	10	4	42	7	1	-6.55328	-8.20936	-5.61779	-4.71317
488	2	1	12	88	2	1	5	-3.95073	-3.42867	-5.6665	-5.45524
489	2	4	1	2	2	1	5	-2.78945	-3.65996	-4.10195	-4.19341
490	2	1	21	3	2	1	5	-2.93443	-2.48929	-4.32868	-4.62398
491	9	2	4	62	4	5	6	-3.73197	-5.24172	-5.72889	-6.8416
492	2	1	5	3	2	3	5	-4.22559	-3.248	-5.43814	-4.89014
493	4	7	10	4	1	7	1	-1.83826	-3.76976	-2.63001	-1.99999
494	2	1	57	26	127	29	35	-6.89165	-9.86931	-6.08544	-8.03347
495	2	1	57	26	127	29	35	-6.89165	-9.86931	-6.08544	-8.03347
496	2	4	2	4	19	3	6	-5.81607	-9.53532	-9.42224	-9.31857
497	2	1	12	3	2	1	5	-2.62507	-2.11677	-3.53013	-4.86721
498	2	4	1	2	2	1	5	-2.78945	-3.65996	-4.10195	-4.19341
499	2	4	1	2	2	1	5	-2.78945	-3.65996	-4.10195	-4.19341
500	2	1	21	3	2	1	5	-2.93443	-2.48929	-4.32868	-4.62398
501	33	39	65	79	104	43	17	-4.61576	-8.33851	-8.22505	-8.12859
502	1	14	2	2	6	1	17	-9.00273	-6.42116	-7.88189	-6.40639
503	2	1	12	3	2	1	5	-2.62507	-2.11677	-3.53013	-4.86721
504	7	21	5	62	4	61	44	-7.08263	-3.82221	-5.53498	-7.41588
505	9	2	4	62	4	5	6	-3.73197	-5.24172	-5.72889	-6.8416
506	129	66	30	82	189	47	17	-3.26068	-4.89234	-5.64587	-4.25342
507	2	1	21	3	2	1	5	-2.93443	-2.48929	-4.32868	-4.62398
508	47	2	4	2	6	5	17	-10.6659	-10.499	-6.09975	-8.14633
509	2	4	1	2	7	1	5	-2.32482	-6.0254	-5.84271	-5.38934
510	33	38	30	82	104	325	36	-14.2281	-10.5377	-12.4639	-13.3607
511	1	4	2	2	6	3	17	-4.57856	-2.44253	-4.45021	-5.61168
512	1	4	2	2	6	3	17	-4.57856	-2.44253	-4.45021	-5.61168
513	2	4	1	2	2	1	5	-2.78945	-3.65996	-4.10195	-4.19341
514	4	7	10	4	1	7	1	-1.83826	-3.76976	-2.63001	-1.99999
515	33	283	44	82	189	44	17	-6.68113	-3.46232	-5.31331	-6.04934
516	8	10	149	2	11	12	6	-4.87192	-3.96649	-5.55101	-7.17691
517	2	1	21	3	62	1	5	-5.81363	-9.52449	-9.41993	-9.32104
518	10	1	16	19	10	5	7	-5.93808	-2.7386	-4.09081	-5.18146
519	180	194	2	68	19	231	147	-27.703	-29.4063	-26.165	-22.0848
520	2	4	1	2	7	1	5	-2.32482	-6.0254	-5.84271	-5.38934
521	2	4	2	2	6	1	5	-6.07083	-4.82849	-5.83619	-7.67524
522	1	2	3	4	5	9	3	-4.56763	-2.48042	-3.51162	-4.88005
523	2	1	21	3	2	1	5	-2.93443	-2.48929	-4.32868	-4.62398
524	2	1	12	3	2	1	5	-2.62507	-2.11677	-3.53013	-4.86721
525	2	1	5	3	2	3	5	-4.22559	-3.248	-5.43814	-4.89014
526	1	307	3	4	5	9	3	-6.8391	-6.42491	-6.02796	-7.97731
527	2	4	1	2	7	1	5	-2.32482	-6.0254	-5.84271	-5.38934
528	2	1	12	3	2	1	5	-2.62507	-2.11677	-3.53013	-4.86721
529	7	21	5	62	4	61	44	-7.08263	-3.82221	-5.53498	-7.41588
530	2	1	5	3	2	3	5	-4.22559	-3.248	-5.43814	-4.89014
531	2	1	12	88	2	1	5	-3.95073	-3.42867	-5.6665	-5.45524
532	2	1	21	3	2	1	5	-2.93443	-2.48929	-4.32868	-4.62398
533	1	4	2	2	6	3	17	-4.57856	-2.44253	-4.45021	-5.61168
534	2	4	1	2	7	1	5	-2.32482	-6.0254	-5.84271	-5.38934
535	47	2	4	2	6	5	17	-10.6659	-10.499	-6.09975	-8.14633
536	1	4	2	2	6	3	17	-4.57856	-2.44253	-4.45021	-5.61168
537	1	2	3	4	5	9	3	-4.56763	-2.48042	-3.51162	-4.88005
538	2	4	1	2	2	1	5	-2.78945	-3.65996	-4.10195	-4.19341
539	4	7	10	4	42	7	1	-6.55328	-8.20936	-5.61779	-4.71317
540	2	4	1	9	2	1	5	-7.25315	-7.73414	-7.55035	-6.84489
541	2	1	12	3	2	1	5	-2.62507	-2.11677	-3.53013	-4.86721
542	1	4	2	9	6	3	17	-9.0416	-6.46622	-7.86942	-8.24691
543	1	2	3	4	922	9	3	-9.04634	-6.55611	-6.96148	-7.53289
544	4	7	10	4	1	7	1	-1.83826	-3.76976	-2.63001	-1.99999
545	2	1	5	3	2	3	5	-4.22559	-3.248	-5.43814	-4.89014
546	2	4	1	2	7	1	5	-2.32482	-6.0254	-5.84271	-5.38934
547	4	7	10	4	1	7	1	-1.83826	-3.76976	-2.63001	-1.99999
548	2	4	1	2	2	1	5	-2.78945	-3.65996	-4.10195	-4.19341
549	2	1	21	3	2	1	5	-2.93443	-2.48929	-4.32868	-4.62398
550	4	7	10	4	1	7	1	-1.83826	-3.76976	-2.63001	-1.99999
551	1	4	2	2	6	3	17	-4.57856	-2.44253	-4.45021	-5.61168
552	2	1	5	3	2	5	5	-5.43251	-2.82547	-3.99233	-5.44977
553	2	1	12	3	2	1	5	-2.62507	-2.11677	-3.53013	-4.86721
554	4	936	10	4	1	7	1	-6.31162	-7.84269	-6.04973	-4.65495
555	180	194	2	68	19	231	147	-27.703	-29.4063	-26.165	-22.0848
556	4	7	10	4	42	51	1	-2.94321	-4.65143	-4.94906	-3.89805
557	4	7	10	4	42	25	1	-8.41726	-8.76113	-5.79729	-5.22423
558	2	1	21	3	2	1	5	-2.93443	-2.48929	-4.32868	-4.62398
559	2	1	5	3	2	3	5	-4.22559	-3.248	-5.43814	-4.89014
560	2	1	5	3	2	3	5	-4.22559	-3.248	-5.43814	-4.89014
561	4	7	10	4	42	51	1	-2.94321	-4.65143	-4.94906	-3.89805
562	4	7	10	4	1	7	1	-1.83826	-3.76976	-2.63001	-1.99999
563	2	4	1	2	7	1	5	-2.32482	-6.0254	-5.84271	-5.38934
564	2	1	21	3	2	1	5	-2.93443	-2.48929	-4.32868	-4.62398
565	1	4	2	2	6	3	17	-4.57856	-2.44253	-4.45021	-5.61168
566	188	313	5	2	89	5	6	-40.4142	-36.8888	-37.886	-39.4748
567	2	1	21	3	2	1	5	-2.93443	-2.48929	-4.32868	-4.62398
568	2	1	1	3	2	1	5	-4.6152	-3.78635	-6.22232	-7.42429
569	2	1	5	3	2	3	5	-4.22559	-3.248	-5.43814	-4.89014
570	2	4	1	2	2	1	5	-2.78945	-3.65996	-4.10195	-4.19341
571	2	1	5	3	2	3	5	-4.22559	-3.248	-5.43814	-4.89014
572	2	1	1	3	2	1	5	-4.6152	-3.78635	-6.22232	-7.42429
573	2	1	5	3	2	3	5	-4.22559	-3.248	-5.43814	-4.89014
574	1	4	2	2	6	3	17	-4.57856	-2.44253	-4.45021	-5.61168
575	1	4	2	2	6	3	17	-4.57856	-2.44253	-4.45021	-5.61168
576	2	1	21	3	2	1	5	-2.93443	-2.48929	-4.32868	-4.62398
577	239	27	16	19	10	5	7	-9.7502	-6.4611	-9.01356	-10.7083
578	2	4	5	2	2	5	5	-3.69036	-7.33365	-6.97628	-6.03669
579	9	2	4	62	4	5	6	-3.73197	-5.24172	-5.72889	-6.8416
580	2	1	1	3	2	1	5	-4.6152	-3.78635	-6.22232	-7.42429
581	2	1	5	3	2	3	5	-4.22559	-3.248	-5.43814	-4.89014
582	1	4	2	2	6	3	17	-4.57856	-2.44253	-4.45021	-5.61168
583	2	4	5	2	2	5	5	-3.69036	-7.33365	-6.97628	-6.03669
584	2	4	5	2	2	5	5	-3.69036	-7.33365	-6.97628	-6.03669
585	2	1	5	3	2	3	5	-4.22559	-3.248	-5.43814	-4.89014
586	2	1	1	380	2	1	5	-6.16094	-5.7357	-8.11261	-9.16176
587	2	7	10	4	1	7	1	-6.62001	-8.98402	-8.29846	-7.07858
588	2	1	12	3	2	1	5	-2.62507	-2.11677	-3.53013	-4.86721
589	2	4	1	2	2	1	5	-2.78945	-3.65996	-4.10195	-4.19341
590	9	2	4	62	4	5	6	-3.73197	-5.24172	-5.72889	-6.8416
591	2	4	5	2	2	5	5	-3.69036	-7.33365	-6.97628	-6.03669
592	1	4	2	2	6	3	17	-4.57856	-2.44253	-4.45021	-5.61168
593	1	4	2	2	6	5	17	-12.7889	-8.92877	-11.5284	-13.435
594	2	4	2	2	6	1	5	-6.07083	-4.82849	-5.83619	-7.67524
595	1	4	2	2	6	5	17	-12.7889	-8.92877	-11.5284	-13.435
596	2	23	21	3	2	1	5	-7.41405	-6.56865	-7.77999	-7.27879
597	7	21	5	62	4	61	44	-7.08263	-3.82221	-5.53498	-7.41588
598	2	4	1	2	2	1	5	-2.78945	-3.65996	-4.10195	-4.19341
599	1	307	3	4	5	9	3	-6.8391	-6.42491	-6.02796	-7.97731
600	1	2	3	4	5	9	3	-4.56763	-2.48042	-3.51162	-4.88005
601	9	2	4	62	4	5	6	-3.73197	-5.24172	-5.72889	-6.8416
602	2	1	12	3	2	1	5	-2.62507	-2.11677	-3.53013	-4.86721
603	1	4	2	2	6	3	17	-4.57856	-2.44253	-4.45021	-5.61168
604	10	1	16	19	10	5	7	-5.93808	-2.7386	-4.09081	-5.18146
605	2	1	12	3	2	1	5	-2.62507	-2.11677	-3.53013	-4.86721
606	180	194	2	68	19	231	147	-27.703	-29.4063	-26.165	-22.0848
607	2	1	12	3	2	1	5	-2.62507	-2.11677	-3.53013	-4.86721
608	4	7	10	4	1	7	1	-1.83826	-3.76976	-2.63001	-1.99999
609	129	66	30	82	189	47	17	-3.26068	-4.89234	-5.64587	-4.25342
610	4	7	10	4	1	7	1	-1.83826	-3.76976	-2.63001	-1.99999
611	2	1	12	3	2	1	5	-2.62507	-2.11677	-3.53013	-4.86721
612	2	1	21	3	2	1	5	-2.93443	-2.48929	-4.32868	-4.62398
613	4	7	10	4	1	7	1	-1.83826	-3.76976	-2.63001	-1.99999
614	10	1	16	19	10	5	7	-5.93808	-2.7386	-4.09081	-5.18146
615	8	10	149	2	11	12	6	-4.87192	-3.96649	-5.55101	-7.17691
616	129	66	30	82	189	47	17	-3.26068	-4.89234	-5.64587	-4.25342
617	2	4	1	2	2	1	5	-2.78945	-3.65996	-4.10195	-4.19341
618	180	194	2	68	19	231	147	-27.703	-29.4063	-26.165	-22.0848
619	2	1	5	3	2	3	5	-4.22559	-3.248	-5.43814	-4.89014
620	2	4	1	2	2	1	5	-2.78945	-3.65996	-4.10195	-4.19341
621	1	2	3	4	5	9	3	-4.56763	-2.48042	-3.51162	-4.88005
622	180	194	2	68	19	231	147	-27.703	-29.4063	-26.165	-22.0848
623	33	39	65	79	104	43	17	-4.61576	-8.33851	-8.22505	-8.12859
624	2	4	5	2	2	5	5	-3.69036	-7.33365	-6.97628	-6.03669
625	2	1	5	3	2	5	5	-5.43251	-2.82547	-3.99233	-5.44977
626	2	1	12	3	2	1	5	-2.62507	-2.11677	-3.53013	-4.86721
627	180	194	2	68	19	231	147	-27.703	-29.4063	-26.165	-22.0848
628	2	1	21	3	2	1	5	-2.93443	-2.48929	-4.32868	-4.62398
629	2	1	5	3	2	5	5	-5.43251	-2.82547	-3.99233	-5.44977
630	2	1	21	3	2	1	5	-2.93443	-2.48929	-4.32868	-4.62398
631	1	2	3	4	5	9	3	-4.56763	-2.48042	-3.51162	-4.88005
632	2	1	21	3	2	1	5	-2.93443	-2.48929	-4.32868	-4.62398
633	8	10	2	2	11	12	6	-3.97251	-7.63614	-7.57906	-7.48433
634	2	4	1	2	7	1	5	-2.32482	-6.0254	-5.84271	-5.38934
635	2	1	5	3	2	3	5	-4.22559	-3.248	-5.43814	-4.89014
636	1	2	3	4	5	9	3	-4.56763	-2.48042	-3.51162	-4.88005
637	9	2	4	62	4	5	6	-3.73197	-5.24172	-5.72889	-6.8416
638	2	1	21	3	2	1	5	-2.93443	-2.48929	-4.32868	-4.62398
639	8	10	149	2	11	12	6	-4.87192	-3.96649	-5.55101	-7.17691
640	2	1	12	88	2	1	5	-3.95073	-3.42867	-5.6665	-5.45524
641	2	4	1	2	2	1	5	-2.78945	-3.65996	-4.10195	-4.19341
642	2	1	5	10	10	1	5	-23.6307	-23.8369	-23.5213	-22.9761
643	1	2	3	4	5	9	3	-4.56763	-2.48042	-3.51162	-4.88005
644	2	4	1	2	7	1	5	-2.32482	-6.0254	-5.84271	-5.38934
645	2	4	1	2	2	1	5	-2.78945	-3.65996	-4.10195	-4.19341
646	1	2	3	4	5	9	3	-4.56763	-2.48042	-3.51162	-4.88005
647	2	1	12	88	2	1	5	-3.95073	-3.42867	-5.6665	-5.45524
648	4	7	10	4	1	7	1	-1.83826	-3.76976	-2.63001	-1.99999
649	2	1	21	3	2	1	5	-2.93443	-2.48929	-4.32868	-4.62398
650	2	4	1	2	7	1	5	-2.32482	-6.0254	-5.84271	-5.38934
651	33	38	30	82	118	43	17	-19.7671	-19.3565	-21.1631	-22.3784
652	2	4	1	2	2	1	5	-2.78945	-3.65996	-4.10195	-4.19341
653	2	1	5	3	2	3	5	-4.22559	-3.248	-5.43814	-4.89014
654	4	7	10	4	1	7	1	-1.83826	-3.76976	-2.63001	-1.99999
655	8	10	2	2	11	12	6	-3.97251	-7.63614	-7.57906	-7.48433
656	2	4	5	2	2	5	5	-3.69036	-7.33365	-6.97628	-6.03669
657	4	7	10	4	1	7	1	-1.83826	-3.76976	-2.63001	-1.99999
658	2	1	5	3	2	3	5	-4.22559	-3.248	-5.43814	-4.89014
659	33	39	30	82	113	47	17	-5.78075	-5.74472	-8.03463	-8.92136
660	2	1	21	3	2	1	5	-2.93443	-2.48929	-4.32868	-4.62398
661	2	4	1	2	7	1	5	-2.32482	-6.0254	-5.84271	-5.38934
662	2	1	1	3	2	1	5	-4.6152	-3.78635	-6.22232	-7.42429
663	4	7	10	4	1	7	1	-1.83826	-3.76976	-2.63001	-1.99999
664	7	21	5	62	4	61	44	-7.08263	-3.82221	-5.53498	-7.41588
665	10	81	50	99	120	76	52	-6.65671	-6.33978	-5.22576	-5.20364
666	4	7	10	4	1	7	1	-1.83826	-3.76976	-2.63001	-1.99999
667	1	2	3	4	5	9	3	-4.56763	-2.48042	-3.51162	-4.88005
668	1	2	3	4	5	9	3	-4.56763	-2.48042	-3.51162	-4.88005
669	2	4	1	2	7	1	5	-2.32482	-6.0254	-5.84271	-5.38934
670	4	7	10	4	1	7	1	-1.83826	-3.76976	-2.63001	-1.99999
671	2	1	5	3	2	3	5	-4.22559	-3.248	-5.43814	-4.89014
672	1	4	2	2	6	3	17	-4.57856	-2.44253	-4.45021	-5.61168
673	4	935	10	4	1	7	1	-6.31162	-7.84269	-6.04973	-4.65495
674	10	1	16	19	10	5	7	-5.93808	-2.7386	-4.09081	-5.18146
675	4	7	10	4	1	7	1	-1.83826	-3.76976	-2.63001	-1.99999
676	33	39	65	79	104	43	17	-4.61576	-8.33851	-8.22505	-8.12859
677	2	4	2	2	6	1	5	-6.07083	-4.82849	-5.83619	-7.67524
678	4	7	10	4	42	25	1	-8.41726	-8.76113	-5.79729	-5.22423
679	1	4	2	2	6	3	17	-4.57856	-2.44253	-4.45021	-5.61168
680	4	7	10	4	42	25	1	-8.41726	-8.76113	-5.79729	-5.22423
681	4	7	10	4	42	25	1	-8.41726	-8.76113	-5.79729	-5.22423
682	4	7	10	4	1	7	1	-1.83826	-3.76976	-2.63001	-1.99999
683	2	4	1	2	7	1	5	-2.32482	-6.0254	-5.84271	-5.38934
684	4	7	10	4	1	7	1	-1.83826	-3.76976	-2.63001	-1.99999
685	4	7	10	4	42	7	1	-6.55328	-8.20936	-5.61779	-4.71317
686	10	27	16	19	10	5	7	-19.8987	-13.0045	-16.09	-17.4874
687	10	81	50	99	120	76	52	-6.65671	-6.33978	-5.22576	-5.20364
688	4	7	10	4	1	7	1	-1.83826	-3.76976	-2.63001	-1.99999
689	4	7	10	4	42	51	1	-2.94321	-4.65143	-4.94906	-3.89805
690	4	7	10	4	1	7	1	-1.83826	-3.76976	-2.63001	-1.99999
691	10	81	50	99	120	76	52	-6.65671	-6.33978	-5.22576	-5.20364
692	2	4	1	2	2	1	5	-2.78945	-3.65996	-4.10195	-4.19341
693	4	7	10	4	42	51	1	-2.94321	-4.65143	-4.94906	-3.89805
694	4	7	10	4	42	51	1	-2.94321	-4.65143	-4.94906	-3.89805
695	4	7	10	4	42	51	1	-2.94321	-4.65143	-4.94906	-3.89805
696	8	10	2	2	11	12	6	-3.97251	-7.63614	-7.57906	-7.48433
697	33	38	30	82	104	43	17	-5.30877	-9.03043	-8.91714	-8.81493
698	4	7	10	4	1	7	1	-1.83826	-3.76976	-2.63001	-1.99999
699	10	81	50	99	120	76	52	-6.65671	-6.33978	-5.22576	-5.20364
700	2	4	1	2	7	1	5	-2.32482	-6.0254	-5.84271	-5.38934
701	4	7	10	4	1	7	1	-1.83826	-3.76976	-2.63001	-1.99999
702	4	7	10	4	1	7	1	-1.83826	-3.76976	-2.63001	-1.99999
703	10	81	50	99	120	76	52	-6.65671	-6.33978	-5.22576	-5.20364
704	4	7	10	4	42	51	1	-2.94321	-4.65143	-4.94906	-3.89805
705	9	2	4	62	4	5	6	-3.73197	-5.24172	-5.72889	-6.8416
706	4	7	10	4	1	7	1	-1.83826	-3.76976	-2.63001	-1.99999
707	2	1	1	3	2	1	5	-4.6152	-3.78635	-6.22232	-7.42429
708	1	14	2	2	6	1	17	-9.00273	-6.42116	-7.88189	-6.40639
709	2	4	2	2	6	1	5	-6.07083	-4.82849	-5.83619	-7.67524
710	2	4	2	2	6	1	5	-6.07083	-4.82849	-5.83619	-7.67524
711	4	7	10	4	42	51	1	-2.94321	-4.65143	-4.94906	-3.89805
712	10	2	107	62	120	76	1	-6.85548	-9.61311	-8.17775	-6.39991
713	2	1	12	3	2	1	5	-2.62507	-2.11677	-3.53013	-4.86721
714	2	4	1	2	2	1	5	-2.78945	-3.65996	-4.10195	-4.19341
715	47	2	4	2	6	5	17	-10.6659	-10.499	-6.09975	-8.14633
716	4	7	10	4	42	5	1	-11.1236	-11.0925	-11.3686	-11.1956
717	2	1	12	3	2	1	5	-2.62507	-2.11677	-3.53013	-4.86721
718	4	7	10	4	42	51	1	-2.94321	-4.65143	-4.94906	-3.89805
719	1	307	3	4	5	9	3	-6.8391	-6.42491	-6.02796	-7.97731
720	2	1	21	3	2	1	5	-2.93443	-2.48929	-4.32868	-4.62398
721	4	7	10	4	1	7	1	-1.83826	-3.76976	-2.63001	-1.99999
722	2	4	1	2	2	1	5	-2.78945	-3.65996	-4.10195	-4.19341
723	2	1	12	3	2	1	5	-2.62507	-2.11677	-3.53013	-4.86721
724	4	7	10	4	1	7	1	-1.83826	-3.76976	-2.63001	-1.99999
725	2	1	21	3	2	1	5	-2.93443	-2.48929	-4.32868	-4.62398
726	2	1	1	3	2	1	5	-4.6152	-3.78635	-6.22232	-7.42429
727	4	7	10	4	1	7	1	-1.83826	-3.76976	-2.63001	-1.99999
728	2	1	12	3	2	1	5	-2.62507	-2.11677	-3.53013	-4.86721
729	1	4	3	2	6	3	17	-14.4296	-9.41268	-11.7956	-13.8084
730	2	1	12	3	2	1	5	-2.62507	-2.11677	-3.53013	-4.86721
731	2	1	12	88	2	1	5	-3.95073	-3.42867	-5.6665	-5.45524
732	1	4	2	2	6	3	17	-4.57856	-2.44253	-4.45021	-5.61168
733	4	7	10	4	42	51	1	-2.94321	-4.65143	-4.94906	-3.89805
734	2	1	12	3	2	1	5	-2.62507	-2.11677	-3.53013	-4.86721
735	4	7	10	4	1	7	1	-1.83826	-3.76976	-2.63001	-1.99999
736	2	1	12	88	2	1	5	-3.95073	-3.42867	-5.6665	-5.45524
737	2	1	21	3	2	1	5	-2.93443	-2.48929	-4.32868	-4.62398
738	2	4	5	2	2	5	5	-3.69036	-7.33365	-6.97628	-6.03669
739	2	4	5	2	2	5	5	-3.69036	-7.33365	-6.97628	-6.03669
740	2	1	21	3	62	1	5	-5.81363	-9.52449	-9.41993	-9.32104
741	4	7	10	4	42	25	1	-8.41726	-8.76113	-5.79729	-5.22423
742	1	2	4	62	4	5	17	-6.08764	-4.84219	-7.31427	-8.66912
743	1	2	3	4	5	9	3	-4.56763	-2.48042	-3.51162	-4.88005
744	8	10	2	2	11	12	6	-3.97251	-7.63614	-7.57906	-7.48433
745	2	1	12	88	2	1	5	-3.95073	-3.42867	-5.6665	-5.45524
746	2	4	5	2	2	5	5	-3.69036	-7.33365	-6.97628	-6.03669
747	2	1	12	3	2	1	5	-2.62507	-2.11677	-3.53013	-4.86721
748	7	21	5	62	4	61	44	-7.08263	-3.82221	-5.53498	-7.41588
749	9	2	4	62	4	5	6	-3.73197	-5.24172	-5.72889	-6.8416
750	10	1	16	19	10	5	7	-5.93808	-2.7386	-4.09081	-5.18146
751	10	1	16	19	10	5	7	-5.93808	-2.7386	-4.09081	-5.18146
752	8	10	2	2	11	12	6	-3.97251	-7.63614	-7.57906	-7.48433
753	1	4	2	2	6	3	17	-4.57856	-2.44253	-4.45021	-5.61168
754	2	1	12	3	2	1	5	-2.62507	-2.11677	-3.53013	-4.86721
755	2	1	12	88	2	1	5	-3.95073	-3.42867	-5.6665	-5.45524
756	2	29	4	27	10	25	57	-19.5854	-20.0856	-15.0982	-11.909
757	2	1	5	3	2	3	5	-4.22559	-3.248	-5.43814	-4.89014
758	2	1	12	3	2	1	5	-2.62507	-2.11677	-3.53013	-4.86721
759	37	52	57	26	107	29	23	-8.18029	-8.52333	-5.72656	-4.97569
760	2	4	1	2	7	1	5	-2.32482	-6.0254	-5.84271	-5.38934
761	1	2	3	4	5	9	3	-4.56763	-2.48042	-3.51162	-4.88005
762	2	1	12	3	2	1	5	-2.62507	-2.11677	-3.53013	-4.86721
763	1	4	2	2	6	3	17	-4.57856	-2.44253	-4.45021	-5.61168
764	1	4	2	2	6	3	17	-4.57856	-2.44253	-4.45021	-5.61168
765	1	2	3	4	5	9	3	-4.56763	-2.48042	-3.51162	-4.88005
766	4	7	10	4	1	7	1	-1.83826	-3.76976	-2.63001	-1.99999
767	2	1	21	3	2	1	5	-2.93443	-2.48929	-4.32868	-4.62398
768	2	1	12	3	2	1	5	-2.62507	-2.11677	-3.53013	-4.86721
769	2	4	1	2	2	5	5	-6.82003	-6.4078	-8.71519	-9.72297
770	2	4	1	2	2	1	5	-2.78945	-3.65996	-4.10195	-4.19341
771	2	4	5	2	2	5	5	-3.69036	-7.33365	-6.97628	-6.03669
772	10	1	16	19	10	5	7	-5.93808	-2.7386	-4.09081	-5.18146
773	7	21	5	62	4	61	44	-7.08263	-3.82221	-5.53498	-7.41588
774	9	2	4	62	4	5	6	-3.73197	-5.24172	-5.72889	-6.8416
775	2	1	12	3	2	1	5	-2.62507	-2.11677	-3.53013	-4.86721
776	1	4	2	2	6	3	17	-4.57856	-2.44253	-4.45021	-5.61168
777	4	7	10	4	1	7	1	-1.83826	-3.76976	-2.63001	-1.99999
778	2	1	12	3	2	1	5	-2.62507	-2.11677	-3.53013	-4.86721
779	2	1	5	3	2	5	5	-5.43251	-2.82547	-3.99233	-5.44977
780	2	23	21	3	2	1	5	-7.41405	-6.56865	-7.77999	-7.27879
781	2	4	5	2	2	5	5	-3.69036	-7.33365	-6.97628	-6.03669
782	2	4	2	2	6	1	5	-6.07083	-4.82849	-5.83619	-7.67524
783	2	1	12	3	2	1	5	-2.62507	-2.11677	-3.53013	-4.86721
784	4	7	10	4	42	51	1	-2.94321	-4.65143	-4.94906	-3.89805
785	7	17	5	2	86	232	1	-29.9527	-32.7409	-29.6497	-25.4837
786	2	4	1	2	2	1	5	-2.78945	-3.65996	-4.10195	-4.19341
787	2	1	12	3	2	1	5	-2.62507	-2.11677	-3.53013	-4.86721
788	2	1	21	3	2	1	5	-2.93443	-2.48929	-4.32868	-4.62398
789	7	17	2	15	23	3	12	-6.91905	-10.6413	-10.5282	-10.4311
790	2	1	5	3	2	5	5	-5.43251	-2.82547	-3.99233	-5.44977
791	1	6	60	24	12	28	1	-31.2284	-30.7135	-22.7375	-19.3856
792	1	2	3	4	5	9	3	-4.56763	-2.48042	-3.51162	-4.88005
793	2	4	5	2	2	5	5	-3.69036	-7.33365	-6.97628	-6.03669
794	1	2	3	4	5	9	3	-4.56763	-2.48042	-3.51162	-4.88005
795	1	6	60	24	12	28	1	-31.2284	-30.7135	-22.7375	-19.3856
796	9	2	4	62	4	5	6	-3.73197	-5.24172	-5.72889	-6.8416
797	2	4	1	2	2	1	5	-2.78945	-3.65996	-4.10195	-4.19341
798	4	7	10	4	1	7	1	-1.83826	-3.76976	-2.63001	-1.99999
799	2	4	5	2	2	5	5	-3.69036	-7.33365	-6.97628	-6.03669
800	7	2	2	2	11	12	6	-4.51913	-8.2413	-8.12814	-8.0308
801	2	1	21	3	2	1	941	-7.41386	-6.5494	-7.77068	-7.27604
802	9	2	2	10	10	3	5	-29.9009	-25.6848	-26.759	-24.8693
803	8	10	149	2	11	12	6	-4.87192	-3.96649	-5.55101	-7.17691
804	7	1	5	2	10	3	6	-32.4386	-29.6473	-30.5825	-28.5322
805	2	1	21	3	2	1	5	-2.93443	-2.48929	-4.32868	-4.62398
806	33	39	30	82	113	43	17	-9.35847	-6.44123	-6.04967	-8.0754
807	1	6	60	24	12	28	1	-31.2284	-30.7135	-22.7375	-19.3856
808	1	6	60	24	12	28	1	-31.2284	-30.7135	-22.7375	-19.3856
809	7	17	2	15	23	3	12	-6.91905	-10.6413	-10.5282	-10.4311
810	1	4	2	2	6	3	17	-4.57856	-2.44253	-4.45021	-5.61168
811	1	4	2	2	6	3	17	-4.57856	-2.44253	-4.45021	-5.61168
812	7	21	5	62	4	61	44	-7.08263	-3.82221	-5.53498	-7.41588
813	239	27	16	19	10	5	7	-9.7502	-6.4611	-9.01356	-10.7083
814	9	2	4	62	4	5	6	-3.73197	-5.24172	-5.72889	-6.8416
815	10	1	16	19	10	5	7	-5.93808	-2.7386	-4.09081	-5.18146
816	2	1	5	3	2	5	5	-5.43251	-2.82547	-3.99233	-5.44977
817	2	4	5	2	2	5	5	-3.69036	-7.33365	-6.97628	-6.03669
818	8	10	2	2	11	12	6	-3.97251	-7.63614	-7.57906	-7.48433
819	7	17	2	15	23	3	12	-6.91905	-10.6413	-10.5282	-10.4311
820	2	4	1	4	1	1	5	-15.7221	-18.3863	-16.1627	-14.6911
821	4	7	10	4	1	7	1	-1.83826	-3.76976	-2.63001	-1.99999
822	8	10	149	2	11	12	6	-4.87192	-3.96649	-5.55101	-7.17691
823	2	1	12	88	2	1	5	-3.95073	-3.42867	-5.6665	-5.45524
824	2	4	2	2	6	1	5	-6.07083	-4.82849	-5.83619	-7.67524
825	10	81	50	99	120	76	52	-6.65671	-6.33978	-5.22576	-5.20364
826	2	4	5	2	2	5	5	-3.69036	-7.33365	-6.97628	-6.03669
827	2	4	1	2	2	5	5	-6.82003	-6.4078	-8.71519	-9.72297
828	8	10	149	2	11	12	6	-4.87192	-3.96649	-5.55101	-7.17691
829	1	4	2	2	6	3	17	-4.57856	-2.44253	-4.45021	-5.61168
830	2	165	73	147	220	190	104	-8.55299	-8.95493	-7.18067	-5.32029
831	4	7	10	4	42	25	1	-8.41726	-8.76113	-5.79729	-5.22423
832	7	2	2	2	11	12	6	-4.51913	-8.2413	-8.12814	-8.0308
833	1	6	60	24	12	28	1	-31.2284	-30.7135	-22.7375	-19.3856
834	2	1	12	3	2	1	5	-2.62507	-2.11677	-3.53013	-4.86721
835	33	39	65	79	104	77	17	-5.30871	-9.0311	-8.91827	-8.82162
836	4	7	10	4	1	7	1	-1.83826	-3.76976	-2.63001	-1.99999
837	1	2	3	4	5	9	3	-4.56763	-2.48042	-3.51162	-4.88005
838	2	1	21	3	2	1	5	-2.93443	-2.48929	-4.32868	-4.62398
839	2	1	12	3	2	1	5	-2.62507	-2.11677	-3.53013	-4.86721
840	4	7	10	4	1	7	1	-1.83826	-3.76976	-2.63001	-1.99999
841	2	4	1	2	7	1	5	-2.32482	-6.0254	-5.84271	-5.38934
842	184	39	30	82	113	43	17	-3.97059	-6.20611	-7.36855	-7.44695
843	4	7	10	4	1	7	1	-1.83826	-3.76976	-2.63001	-1.99999
844	2	4	1	2	2	1	5	-2.78945	-3.65996	-4.10195	-4.19341
845	4	7	10	4	1	7	1	-1.83826	-3.76976	-2.63001	-1.99999
846	2	1	12	88	2	1	5	-3.95073	-3.42867	-5.6665	-5.45524
847	2	1	21	3	2	1	5	-2.93443	-2.48929	-4.32868	-4.62398
848	1	2	3	4	5	9	3	-4.56763	-2.48042	-3.51162	-4.88005
849	4	7	10	4	1	7	1	-1.83826	-3.76976	-2.63001	-1.99999
850	2	1	21	3	2	1	5	-2.93443	-2.48929	-4.32868	-4.62398
851	8	10	2	2	11	12	6	-3.97251	-7.63614	-7.57906	-7.48433
852	2	4	1	2	2	1	5	-2.78945	-3.65996	-4.10195	-4.19341
853	2	4	1	2	2	1	5	-2.78945	-3.65996	-4.10195	-4.19341
854	2	4	2	2	6	1	5	-6.07083	-4.82849	-5.83619	-7.67524
855	2	4	1	2	2	1	5	-2.78945	-3.65996	-4.10195	-4.19341
856	2	4	1	2	2	1	5	-2.78945	-3.65996	-4.10195	-4.19341
857	2	4	1	2	2	1	5	-2.78945	-3.65996	-4.10195	-4.19341
858	1	2	3	4	5	9	3	-4.56763	-2.48042	-3.51162	-4.88005
859	2	4	1	2	2	1	5	-2.78945	-3.65996	-4.10195	-4.19341
860	2	4	1	2	2	1	5	-2.78945	-3.65996	-4.10195	-4.19341
861	8	10	2	2	11	12	6	-3.97251	-7.63614	-7.57906	-7.48433
862	2	1	5	3	2	3	5	-4.22559	-3.248	-5.43814	-4.89014
863	33	39	30	82	104	173	68	-5.36939	-3.97215	-6.45869	-7.85874
864	2	4	1	2	7	1	5	-2.32482	-6.0254	-5.84271	-5.38934
865	8	10	2	2	11	12	6	-3.97251	-7.63614	-7.57906	-7.48433
866	2	4	1	2	7	1	5	-2.32482	-6.0254	-5.84271	-5.38934
867	1	2	3	4	5	9	3	-4.56763	-2.48042	-3.51162	-4.88005
868	1	2	215	4	90	24	8	-31.2601	-27.5273	-24.2687	-20.8235
869	2	1	1	3	2	1	5	-4.6152	-3.78635	-6.22232	-7.42429
870	10	81	50	99	120	76	52	-6.65671	-6.33978	-5.22576	-5.20364
871	2	4	1	2	7	1	5	-2.32482	-6.0254	-5.84271	-5.38934
872	2	1	12	3	2	1	5	-2.62507	-2.11677	-3.53013	-4.86721
873	2	4	1	2	2	1	5	-2.78945	-3.65996	-4.10195	-4.19341
874	2	4	1	2	2	1	5	-2.78945	-3.65996	-4.10195	-4.19341
875	2	4	1	2	2	1	5	-2.78945	-3.65996	-4.10195	-4.19341
876	2	1	5	3	2	3	5	-4.22559	-3.248	-5.43814	-4.89014
877	2	4	1	2	2	1	5	-2.78945	-3.65996	-4.10195	-4.19341
878	4	7	10	4	1	7	1	-1.83826	-3.76976	-2.63001	-1.99999
879	2	4	1	2	7	1	5	-2.32482	-6.0254	-5.84271	-5.38934
880	2	4	5	2	2	5	5	-3.69036	-7.33365	-6.97628	-6.03669
881	2	4	1	2	2	1	5	-2.78945	-3.65996	-4.10195	-4.19341
882	8	10	2	2	11	12	6	-3.97251	-7.63614	-7.57906	-7.48433
883	4	7	10	4	1	7	1	-1.83826	-3.76976	-2.63001	-1.99999
884	2	4	1	2	2	1	5	-2.78945	-3.65996	-4.10195	-4.19341
885	166	2	1	10	17	3	1	-35.6622	-36.3786	-33.6508	-29.1593
886	2	4	1	2	7	1	5	-2.32482	-6.0254	-5.84271	-5.38934
887	2	4	1	2	2	1	5	-2.78945	-3.65996	-4.10195	-4.19341
888	4	7	10	4	1	7	1	-1.83826	-3.76976	-2.63001	-1.99999
889	4	7	10	4	1	7	1	-1.83826	-3.76976	-2.63001	-1.99999
890	2	4	1	2	7	1	5	-2.32482	-6.0254	-5.84271	-5.38934
891	2	4	1	2	2	1	5	-2.78945	-3.65996	-4.10195	-4.19341
892	2	1	5	3	2	3	5	-4.22559	-3.248	-5.43814	-4.89014
893	9	25	2	10	22	3	6	-4.48002	-7.47868	-6.18124	-4.44778
894	2	1	21	3	62	1	5	-5.81363	-9.52449	-9.41993	-9.32104
895	129	66	30	82	189	47	17	-3.26068	-4.89234	-5.64587	-4.25342
896	129	66	30	82	189	47	17	-3.26068	-4.89234	-5.64587	-4.25342
897	4	7	10	4	1	7	1	-1.83826	-3.76976	-2.63001	-1.99999
898	2	4	1	2	2	1	5	-2.78945	-3.65996	-4.10195	-4.19341
899	4	7	10	4	42	7	1	-6.55328	-8.20936	-5.61779	-4.71317
900	2	4	1	2	7	1	5	-2.32482	-6.0254	-5.84271	-5.38934
901	1	307	3	4	5	9	3	-6.8391	-6.42491	-6.02796	-7.97731
902	2	1	21	3	2	1	5	-2.93443	-2.48929	-4.32868	-4.62398
903	4	7	10	4	1	7	1	-1.83826	-3.76976	-2.63001	-1.99999
904	2	1	21	3	2	1	5	-2.93443	-2.48929	-4.32868	-4.62398
905	2	4	1	2	2	5	5	-6.82003	-6.4078	-8.71519	-9.72297
906	2	4	1	2	7	1	5	-2.32482	-6.0254	-5.84271	-5.38934
907	2	4	1	2	7	1	5	-2.32482	-6.0254	-5.84271	-5.38934
908	2	4	1	2	7	1	5	-2.32482	-6.0254	-5.84271	-5.38934
909	4	7	10	4	1	7	1	-1.83826	-3.76976	-2.63001	-1.99999
910	8	10	2	2	11	12	6	-3.97251	-7.63614	-7.57906	-7.48433
911	7	21	5	62	4	61	44	-7.08263	-3.82221	-5.53498	-7.41588
912	2	1	12	88	2	1	5	-3.95073	-3.42867	-5.6665	-5.45524
913	2	4	1	2	2	1	5	-2.78945	-3.65996	-4.10195	-4.19341
914	1	2	3	4	5	9	3	-4.56763	-2.48042	-3.51162	-4.88005
915	2	4	1	2	7	1	5	-2.32482	-6.0254	-5.84271	-5.38934
916	2	4	1	2	2	1	5	-2.78945	-3.65996	-4.10195	-4.19341
917	2	4	1	2	2	1	5	-2.78945	-3.65996	-4.10195	-4.19341
918	2	4	1	2	7	1	5	-2.32482	-6.0254	-5.84271	-5.38934
919	4	7	10	4	1	7	1	-1.83826	-3.76976	-2.63001	-1.99999
920	2	1	5	3	2	3	5	-4.22559	-3.248	-5.43814	-4.89014
921	2	4	1	2	7	1	5	-2.32482	-6.0254	-5.84271	-5.38934
922	2	4	1	2	2	1	5	-2.78945	-3.65996	-4.10195	-4.19341
923	8	10	2	2	11	12	6	-3.97251	-7.63614	-7.57906	-7.48433
924	2	1	12	3	2	1	5	-2.62507	-2.11677	-3.53013	-4.86721
925	48	7	10	4	183	7	1	-10.7053	-11.8302	-9.47628	-7.24732
926	7	21	5	62	4	61	44	-7.08263	-3.82221	-5.53498	-7.41588
927	4	7	10	4	1	7	1	-1.83826	-3.76976	-2.63001	-1.99999
928	9	25	2	10	22	3	6	-4.48002	-7.47868	-6.18124	-4.44778
929	2	4	1	2	2	1	5	-2.78945	-3.65996	-4.10195	-4.19341
930	2	4	1	2	7	1	5	-2.32482	-6.0254	-5.84271	-5.38934
931	2	4	1	2	2	1	5	-2.78945	-3.65996	-4.10195	-4.19341
932	2	4	1	2	2	1	5	-2.78945	-3.65996	-4.10195	-4.19341
933	9	25	2	10	22	3	6	-4.48002	-7.47868	-6.18124	-4.44778
934	2	4	1	2	2	1	5	-2.78945	-3.65996	-4.10195	-4.19341
935	2	4	1	2	2	1	5	-2.78945	-3.65996	-4.10195	-4.19341
936	2	4	1	2	7	1	5	-2.32482	-6.0254	-5.84271	-5.38934
937	2	4	1	2	7	1	5	-2.32482	-6.0254	-5.84271	-5.38934
938	2	4	1	2	2	1	5	-2.78945	-3.65996	-4.10195	-4.19341
939	2	4	1	2	2	1	5	-2.78945	-3.65996	-4.10195	-4.19341
940	4	7	10	4	1	7	1	-1.83826	-3.76976	-2.63001	-1.99999
941	2	4	1	2	2	1	5	-2.78945	-3.65996	-4.10195	-4.19341
942	4	7	10	4	1	7	1	-1.83826	-3.76976	-2.63001	-1.99999
943	2	4	1	2	7	1	5	-2.32482	-6.0254	-5.84271	-5.38934
944	2	4	1	2	2	1	5	-2.78945	-3.65996	-4.10195	-4.19341
945	4	7	10	4	1	7	1	-1.83826	-3.76976	-2.63001	-1.99999
946	9	25	2	10	22	3	6	-4.48002	-7.47868	-6.18124	-4.44778
947	10	81	50	99	120	76	52	-6.65671	-6.33978	-5.22576	-5.20364
948	2	1	21	3	2	1	5	-2.93443	-2.48929	-4.32868	-4.62398
949	4	7	10	4	1	7	1	-1.83826	-3.76976	-2.63001	-1.99999
950	2	4	1	2	7	1	5	-2.32482	-6.0254	-5.84271	-5.38934
951	4	7	10	4	1	7	1	-1.83826	-3.76976	-2.63001	-1.99999
952	4	7	10	4	1	7	1	-1.83826	-3.76976	-2.63001	-1.99999
953	8	315	2	2	11	12	6	-8.45123	-11.711	-11.0283	-10.1367
954	8	10	2	2	11	12	6	-3.97251	-7.63614	-7.57906	-7.48433
955	2	4	1	2	2	1	5	-2.78945	-3.65996	-4.10195	-4.19341
956	4	7	10	4	1	7	1	-1.83826	-3.76976	-2.63001	-1.99999
957	2	4	1	2	2	1	5	-2.78945	-3.65996	-4.10195	-4.19341
958	2	4	1	2	2	1	5	-2.78945	-3.65996	-4.10195	-4.19341
959	2	4	1	2	2	1	5	-2.78945	-3.65996	-4.10195	-4.19341
960	2	4	1	2	7	1	5	-2.32482	-6.0254	-5.84271	-5.38934
961	2	4	1	2	2	1	5	-2.78945	-3.65996	-4.10195	-4.19341
962	2	4	1	2	2	1	5	-2.78945	-3.65996	-4.10195	-4.19341
963	2	1	21	3	2	1	5	-2.93443	-2.48929	-4.32868	-4.62398
964	2	4	1	2	2	1	5	-2.78945	-3.65996	-4.10195	-4.19341
965	1	4	2	2	2	3	17	-11.1885	-7.88473	-10.686	-12.0214
966	2	4	1	2	2	1	5	-2.78945	-3.65996	-4.10195	-4.19341
967	2	4	1	2	2	1	5	-2.78945	-3.65996	-4.10195	-4.19341
968	7	21	5	62	4	61	44	-7.08263	-3.82221	-5.53498	-7.41588
969	2	4	1	2	2	1	5	-2.78945	-3.65996	-4.10195	-4.19341
970	4	7	10	4	1	7	1	-1.83826	-3.76976	-2.63001	-1.99999
971	2	4	1	2	2	1	5	-2.78945	-3.65996	-4.10195	-4.19341
972	10	1	16	19	10	5	7	-5.93808	-2.7386	-4.09081	-5.18146
973	8	10	2	2	11	12	6	-3.97251	-7.63614	-7.57906	-7.48433
974	4	7	10	4	1	7	1	-1.83826	-3.76976	-2.63001	-1.99999
975	2	4	2	2	6	1	5	-6.07083	-4.82849	-5.83619	-7.67524
976	2	4	1	2	2	1	5	-2.78945	-3.65996	-4.10195	-4.19341
977	2	4	1	2	2	1	5	-2.78945	-3.65996	-4.10195	-4.19341
978	2	1	12	3	2	1	5	-2.62507	-2.11677	-3.53013	-4.86721
979	2	1	21	3	2	1	5	-2.93443	-2.48929	-4.32868	-4.62398
980	1	4	2	2	6	3	17	-4.57856	-2.44253	-4.45021	-5.61168
981	9	2	4	62	4	5	6	-3.73197	-5.24172	-5.72889	-6.8416
982	9	2	4	62	4	5	6	-3.73197	-5.24172	-5.72889	-6.8416
983	2	4	1	2	2	1	5	-2.78945	-3.65996	-4.10195	-4.19341
984	9	25	2	10	22	3	6	-4.48002	-7.47868	-6.18124	-4.44778
985	2	1	12	3	2	1	5	-2.62507	-2.11677	-3.53013	-4.86721
986	2	4	1	2	2	1	5	-2.78945	-3.65996	-4.10195	-4.19341
987	2	4	1	2	2	1	5	-2.78945	-3.65996	-4.10195	-4.19341
988	2	4	1	2	2	1	5	-2.78945	-3.65996	-4.10195	-4.19341
989	1	4	2	2	6	3	17	-4.57856	-2.44253	-4.45021	-5.61168
990	1	4	2	2	6	3	17	-4.57856	-2.44253	-4.45021	-5.61168
991	9	25	2	10	22	3	6	-4.48002	-7.47868	-6.18124	-4.44778
992	1	4	2	2	6	3	17	-4.57856	-2.44253	-4.45021	-5.61168
993	2	4	1	2	2	1	5	-2.78945	-3.65996	-4.10195	-4.19341
994	2	4	1	2	2	1	5	-2.78945	-3.65996	-4.10195	-4.19341
995	8	10	2	2	11	12	6	-3.97251	-7.63614	-7.57906	-7.48433
996	2	4	1	2	2	1	5	-2.78945	-3.65996	-4.10195	-4.19341
997	2	1	5	3	2	5	5	-5.43251	-2.82547	-3.99233	-5.44977
998	8	10	2	2	11	12	6	-3.97251	-7.63614	-7.57906	-7.48433
999	2	4	1	2	2	1	5	-2.78945	-3.65996	-4.10195	-4.19341
1000	2	4	1	2	2	1	5	-2.78945	-3.65996	-4.10195	-4.19341
1001	2	1	21	3	2	1	5	-2.93443	-2.48929	-4.32868	-4.62398
1002	1	2	4	62	4	5	17	-6.08764	-4.84219	-7.31427	-8.66912
1003	2	1	12	3	2	1	5	-2.62507	-2.11677	-3.53013	-4.86721
1004	2	4	1	2	7	1	5	-2.32482	-6.0254	-5.84271	-5.38934
1005	1	307	3	4	5	9	3	-6.8391	-6.42491	-6.02796	-7.97731
1006	2	4	2	4	19	3	6	-5.81607	-9.53532	-9.42224	-9.31857
1007	2	4	1	2	2	1	5	-2.78945	-3.65996	-4.10195	-4.19341
1008	1	4	2	2	6	3	17	-4.57856	-2.44253	-4.45021	-5.61168
1009	9	25	2	10	22	3	6	-4.48002	-7.47868	-6.18124	-4.44778
1010	4	7	10	4	1	7	1	-1.83826	-3.76976	-2.63001	-1.99999
1011	2	4	1	2	2	1	5	-2.78945	-3.65996	-4.10195	-4.19341
1012	10	1	16	19	10	5	7	-5.93808	-2.7386	-4.09081	-5.18146
1013	2	1	21	3	2	1	5	-2.93443	-2.48929	-4.32868	-4.62398
1014	4	7	10	4	1	7	1	-1.83826	-3.76976	-2.63001	-1.99999
1015	2	4	1	2	2	1	5	-2.78945	-3.65996	-4.10195	-4.19341
1016	1	2	3	4	5	9	3	-4.56763	-2.48042	-3.51162	-4.88005
1017	9	316	4	62	4	5	6	-6.86119	-6.44719	-8.81412	-9.86348
1018	9	25	2	10	22	3	6	-4.48002	-7.47868	-6.18124	-4.44778
1019	1	307	3	4	5	9	3	-6.8391	-6.42491	-6.02796	-7.97731
1020	2	4	1	2	2	1	5	-2.78945	-3.65996	-4.10195	-4.19341
1021	9	25	2	10	22	3	6	-4.48002	-7.47868	-6.18124	-4.44778
1022	2	4	1	2	2	1	5	-2.78945	-3.65996	-4.10195	-4.19341
1023	2	1	12	3	2	1	5	-2.62507	-2.11677	-3.53013	-4.86721
1024	2	1	5	3	2	5	5	-5.43251	-2.82547	-3.99233	-5.44977
1025	2	4	1	2	2	1	5	-2.78945	-3.65996	-4.10195	-4.19341
1026	2	1	12	3	2	1	5	-2.62507	-2.11677	-3.53013	-4.86721
1027	2	1	12	3	2	1	5	-2.62507	-2.11677	-3.53013	-4.86721
1028	10	1	16	19	10	5	7	-5.93808	-2.7386	-4.09081	-5.18146
1029	4	7	10	4	1	7	1	-1.83826	-3.76976	-2.63001	-1.99999
1030	2	4	1	2	2	1	5	-2.78945	-3.65996	-4.10195	-4.19341
1031	2	1	12	88	2	1	5	-3.95073	-3.42867	-5.6665	-5.45524
1032	2	1	21	3	2	1	5	-2.93443	-2.48929	-4.32868	-4.62398
1033	1	2	3	4	5	9	3	-4.56763	-2.48042	-3.51162	-4.88005
1034	8	10	2	2	11	12	6	-3.97251	-7.63614	-7.57906	-7.48433
1035	2	1	12	88	2	1	5	-3.95073	-3.42867	-5.6665	-5.45524
1036	33	39	30	82	104	173	68	-5.36939	-3.97215	-6.45869	-7.85874
1037	1	2	3	4	5	9	3	-4.56763	-2.48042	-3.51162	-4.88005
1038	9	25	2	10	22	3	6	-4.48002	-7.47868	-6.18124	-4.44778
1039	2	4	1	2	2	1	5	-2.78945	-3.65996	-4.10195	-4.19341
1040	8	10	2	2	11	12	6	-3.97251	-7.63614	-7.57906	-7.48433
1041	1	2	4	62	4	5	17	-6.08764	-4.84219	-7.31427	-8.66912
1042	10	1	16	19	10	5	7	-5.93808	-2.7386	-4.09081	-5.18146
1043	33	39	30	82	104	173	68	-5.36939	-3.97215	-6.45869	-7.85874
1044	2	4	1	2	2	1	5	-2.78945	-3.65996	-4.10195	-4.19341
1045	8	10	2	2	11	12	6	-3.97251	-7.63614	-7.57906	-7.48433
1046	2	1	5	3	2	5	5	-5.43251	-2.82547	-3.99233	-5.44977
1047	47	2	4	2	6	5	17	-10.6659	-10.499	-6.09975	-8.14633
1048	1	2	3	4	5	9	3	-4.56763	-2.48042	-3.51162	-4.88005
1049	4	7	10	4	1	7	1	-1.83826	-3.76976	-2.63001	-1.99999
1050	2	1	5	3	2	3	5	-4.22559	-3.248	-5.43814	-4.89014
1051	2	4	2	2	6	1	5	-6.07083	-4.82849	-5.83619	-7.67524
1052	2	4	1	2	2	1	5	-2.78945	-3.65996	-4.10195	-4.19341
1053	8	10	149	2	11	12	6	-4.87192	-3.96649	-5.55101	-7.17691
1054	9	25	2	10	22	3	6	-4.48002	-7.47868	-6.18124	-4.44778
1055	2	4	1	2	2	1	5	-2.78945	-3.65996	-4.10195	-4.19341
1056	1	2	3	4	5	9	3	-4.56763	-2.48042	-3.51162	-4.88005
1057	2	1	12	3	2	1	5	-2.62507	-2.11677	-3.53013	-4.86721
1058	4	7	10	4	42	51	1	-2.94321	-4.65143	-4.94906	-3.89805
1059	2	4	1	2	2	1	5	-2.78945	-3.65996	-4.10195	-4.19341
1060	2	1	1	3	2	1	5	-4.6152	-3.78635	-6.22232	-7.42429
1061	2	4	1	2	7	1	5	-2.32482	-6.0254	-5.84271	-5.38934
1062	8	10	2	2	11	12	6	-3.97251	-7.63614	-7.57906	-7.48433
1063	2	4	1	2	2	1	5	-2.78945	-3.65996	-4.10195	-4.19341
1064	9	2	4	62	4	5	6	-3.73197	-5.24172	-5.72889	-6.8416
1065	2	4	1	2	2	1	5	-2.78945	-3.65996	-4.10195	-4.19341
1066	4	7	10	4	1	7	1	-1.83826	-3.76976	-2.63001	-1.99999
1067	8	10	2	2	11	12	6	-3.97251	-7.63614	-7.57906	-7.48433
1068	2	4	2	2	6	1	5	-6.07083	-4.82849	-5.83619	-7.67524
1069	2	4	2	2	6	1	5	-6.07083	-4.82849	-5.83619	-7.67524
1070	2	4	2	2	6	1	5	-6.07083	-4.82849	-5.83619	-7.67524
1071	2	4	2	2	6	1	5	-6.07083	-4.82849	-5.83619	-7.67524
1072	2	4	1	2	2	1	5	-2.78945	-3.65996	-4.10195	-4.19341
1073	2	4	1	2	2	1	5	-2.78945	-3.65996	-4.10195	-4.19341
1074	2	1	12	3	2	1	5	-2.62507	-2.11677	-3.53013	-4.86721
1075	2	4	1	2	7	1	5	-2.32482	-6.0254	-5.84271	-5.38934
1076	4	7	10	4	42	51	1	-2.94321	-4.65143	-4.94906	-3.89805
1077	2	4	1	2	2	1	5	-2.78945	-3.65996	-4.10195	-4.19341
1078	8	10	2	2	11	12	6	-3.97251	-7.63614	-7.57906	-7.48433
1079	1	2	3	4	5	9	3	-4.56763	-2.48042	-3.51162	-4.88005
1080	1	2	3	4	5	9	3	-4.56763	-2.48042	-3.51162	-4.88005
1081	10	1	16	19	10	5	7	-5.93808	-2.7386	-4.09081	-5.18146
1082	8	10	2	2	11	12	6	-3.97251	-7.63614	-7.57906	-7.48433
1083	4	7	10	4	1	7	1	-1.83826	-3.76976	-2.63001	-1.99999
1084	2	4	1	2	2	1	5	-2.78945	-3.65996	-4.10195	-4.19341
1085	2	4	1	2	7	1	5	-2.32482	-6.0254	-5.84271	-5.38934
1086	2	1	21	3	2	1	5	-2.93443	-2.48929	-4.32868	-4.62398
1087	2	1	12	3	2	1	5	-2.62507	-2.11677	-3.53013	-4.86721
1088	2	4	2	4	19	3	6	-5.81607	-9.53532	-9.42224	-9.31857
1089	8	10	149	2	11	12	6	-4.87192	-3.96649	-5.55101	-7.17691
1090	8	10	2	2	11	12	6	-3.97251	-7.63614	-7.57906	-7.48433
1091	2	1	12	3	2	1	5	-2.62507	-2.11677	-3.53013	-4.86721
1092	2	1	12	3	2	1	5	-2.62507	-2.11677	-3.53013	-4.86721
1093	2	1	5	3	2	3	5	-4.22559	-3.248	-5.43814	-4.89014
1094	184	39	30	82	113	43	17	-3.97059	-6.20611	-7.36855	-7.44695
1095	2	1	12	3	2	1	5	-2.62507	-2.11677	-3.53013	-4.86721
1096	2	4	1	2	2	1	5	-2.78945	-3.65996	-4.10195	-4.19341
1097	4	7	10	4	1	7	1	-1.83826	-3.76976	-2.63001	-1.99999
1098	8	10	2	2	11	12	6	-3.97251	-7.63614	-7.57906	-7.48433
1099	4	7	10	4	1	7	1	-1.83826	-3.76976	-2.63001	-1.99999
1100	4	7	10	4	42	51	1	-2.94321	-4.65143	-4.94906	-3.89805
1101	9	25	2	10	22	3	6	-4.48002	-7.47868	-6.18124	-4.44778
1102	9	2	4	62	4	5	6	-3.73197	-5.24172	-5.72889	-6.8416
1103	4	7	10	4	1	7	1	-1.83826	-3.76976	-2.63001	-1.99999
1104	2	4	1	2	7	1	5	-2.32482	-6.0254	-5.84271	-5.38934
1105	4	7	10	4	1	7	1	-1.83826	-3.76976	-2.63001	-1.99999
1106	8	10	2	2	11	12	6	-3.97251	-7.63614	-7.57906	-7.48433
1107	2	4	1	2	2	1	5	-2.78945	-3.65996	-4.10195	-4.19341
1108	4	7	10	4	42	51	1	-2.94321	-4.65143	-4.94906	-3.89805
1109	1	2	3	4	5	9	3	-4.56763	-2.48042	-3.51162	-4.88005
1110	2	1	12	3	2	1	5	-2.62507	-2.11677	-3.53013	-4.86721
1111	2	4	1	2	2	1	5	-2.78945	-3.65996	-4.10195	-4.19341
1112	10	81	50	99	120	76	52	-6.65671	-6.33978	-5.22576	-5.20364
1113	2	4	1	2	2	1	5	-2.78945	-3.65996	-4.10195	-4.19341
1114	4	7	10	4	42	51	1	-2.94321	-4.65143	-4.94906	-3.89805
1115	4	7	10	4	42	51	1	-2.94321	-4.65143	-4.94906	-3.89805
1116	4	7	10	4	1	7	1	-1.83826	-3.76976	-2.63001	-1.99999
1117	3	1	5	10	11	11	6	-9.74859	-6.45877	-9.01034	-10.7043
1118	10	81	50	99	120	76	52	-6.65671	-6.33978	-5.22576	-5.20364
1119	2	4	1	2	2	1	5	-2.78945	-3.65996	-4.10195	-4.19341
1120	4	7	10	4	1	7	1	-1.83826	-3.76976	-2.63001	-1.99999
1121	4	7	10	4	1	7	1	-1.83826	-3.76976	-2.63001	-1.99999
1122	4	7	10	4	42	51	1	-2.94321	-4.65143	-4.94906	-3.89805
1123	2	1	12	3	2	1	5	-2.62507	-2.11677	-3.53013	-4.86721
1124	2	4	1	2	2	1	5	-2.78945	-3.65996	-4.10195	-4.19341
1125	2	1	1	3	2	1	5	-4.6152	-3.78635	-6.22232	-7.42429
1126	2	4	1	2	2	1	5	-2.78945	-3.65996	-4.10195	-4.19341
1127	2	4	1	2	2	1	5	-2.78945	-3.65996	-4.10195	-4.19341
1128	2	4	1	2	2	1	5	-2.78945	-3.65996	-4.10195	-4.19341
1129	2	4	1	2	2	1	5	-2.78945	-3.65996	-4.10195	-4.19341
1130	1	2	3	4	5	9	3	-4.56763	-2.48042	-3.51162	-4.88005
1131	8	10	2	2	11	12	6	-3.97251	-7.63614	-7.57906	-7.48433
1132	2	1	21	3	2	1	5	-2.93443	-2.48929	-4.32868	-4.62398
1133	2	4	1	2	2	1	5	-2.78945	-3.65996	-4.10195	-4.19341
1134	2	1	21	3	2	1	5	-2.93443	-2.48929	-4.32868	-4.62398
1135	2	1	21	3	2	1	5	-2.93443	-2.48929	-4.32868	-4.62398
1136	2	4	1	2	2	1	5	-2.78945	-3.65996	-4.10195	-4.19341
1137	1	2	3	4	5	9	3	-4.56763	-2.48042	-3.51162	-4.88005
1138	10	1	16	19	10	5	7	-5.93808	-2.7386	-4.09081	-5.18146
1139	2	1	12	3	2	1	5	-2.62507	-2.11677	-3.53013	-4.86721
1140	7	21	5	62	4	61	44	-7.08263	-3.82221	-5.53498	-7.41588
1141	2	4	1	2	2	1	5	-2.78945	-3.65996	-4.10195	-4.19341
1142	2	1	12	3	2	1	5	-2.62507	-2.11677	-3.53013	-4.86721
1143	2	4	1	2	7	1	5	-2.32482	-6.0254	-5.84271	-5.38934
1144	2	1	5	3	2	3	5	-4.22559	-3.248	-5.43814	-4.89014
1145	2	1	21	3	2	1	5	-2.93443	-2.48929	-4.32868	-4.62398
1146	2	1	21	3	2	1	5	-2.93443	-2.48929	-4.32868	-4.62398
1147	2	1	21	3	2	1	5	-2.93443	-2.48929	-4.32868	-4.62398
1148	2	1	21	3	2	1	5	-2.93443	-2.48929	-4.32868	-4.62398
1149	2	1	12	3	2	1	5	-2.62507	-2.11677	-3.53013	-4.86721
1150	8	10	2	2	11	12	6	-3.97251	-7.63614	-7.57906	-7.48433
1151	129	66	30	82	189	47	17	-3.26068	-4.89234	-5.64587	-4.25342
1152	1	307	3	4	5	9	3	-6.8391	-6.42491	-6.02796	-7.97731
1153	8	10	2	2	11	12	6	-3.97251	-7.63614	-7.57906	-7.48433
1154	2	4	2	2	6	1	5	-6.07083	-4.82849	-5.83619	-7.67524
1155	1	4	2	2	6	3	17	-4.57856	-2.44253	-4.45021	-5.61168
1156	2	4	1	2	2	1	5	-2.78945	-3.65996	-4.10195	-4.19341
1157	8	10	2	2	11	12	6	-3.97251	-7.63614	-7.57906	-7.48433
1158	2	4	2	2	6	1	5	-6.07083	-4.82849	-5.83619	-7.67524
1159	2	1	21	3	2	1	5	-2.93443	-2.48929	-4.32868	-4.62398
1160	2	4	5	2	2	5	5	-3.69036	-7.33365	-6.97628	-6.03669
1161	7	21	5	62	4	61	44	-7.08263	-3.82221	-5.53498	-7.41588
1162	2	1	12	3	2	1	5	-2.62507	-2.11677	-3.53013	-4.86721
1163	10	27	16	19	10	5	7	-19.8987	-13.0045	-16.09	-17.4874
1164	33	283	44	82	189	44	17	-6.68113	-3.46232	-5.31331	-6.04934
1165	9	25	2	10	22	3	6	-4.48002	-7.47868	-6.18124	-4.44778
1166	7	21	5	62	4	61	44	-7.08263	-3.82221	-5.53498	-7.41588
1167	2	1	5	3	2	3	5	-4.22559	-3.248	-5.43814	-4.89014
1168	2	1	5	3	2	3	5	-4.22559	-3.248	-5.43814	-4.89014
1169	9	25	2	10	22	3	6	-4.48002	-7.47868	-6.18124	-4.44778
1170	2	1	5	3	2	3	5	-4.22559	-3.248	-5.43814	-4.89014
1171	2	4	1	2	2	1	5	-2.78945	-3.65996	-4.10195	-4.19341
1172	129	66	30	82	189	47	17	-3.26068	-4.89234	-5.64587	-4.25342
1173	2	4	1	2	2	1	5	-2.78945	-3.65996	-4.10195	-4.19341
1174	2	1	5	3	2	3	5	-4.22559	-3.248	-5.43814	-4.89014
1175	2	1	12	3	2	1	5	-2.62507	-2.11677	-3.53013	-4.86721
1176	2	4	1	2	2	1	5	-2.78945	-3.65996	-4.10195	-4.19341
1177	1	4	2	2	6	3	17	-4.57856	-2.44253	-4.45021	-5.61168
1178	2	1	12	3	2	1	5	-2.62507	-2.11677	-3.53013	-4.86721
1179	1	4	2	2	446	3	17	-9.04596	-6.48307	-7.87912	-8.25217
1180	2	1	5	88	2	11	5	-8.52042	-5.34184	-5.9416	-7.93042
1181	2	4	2	2	6	1	5	-6.07083	-4.82849	-5.83619	-7.67524
1182	9	25	2	10	22	3	6	-4.48002	-7.47868	-6.18124	-4.44778
1183	2	1	5	3	2	3	5	-4.22559	-3.248	-5.43814	-4.89014
1184	7	21	5	62	4	61	44	-7.08263	-3.82221	-5.53498	-7.41588
1185	1	2	3	4	5	9	3	-4.56763	-2.48042	-3.51162	-4.88005
1186	2	4	1	2	2	1	5	-2.78945	-3.65996	-4.10195	-4.19341
1187	7	21	5	62	4	61	44	-7.08263	-3.82221	-5.53498	-7.41588
1188	33	39	30	82	104	173	68	-5.36939	-3.97215	-6.45869	-7.85874
1189	1	4	2	2	6	3	17	-4.57856	-2.44253	-4.45021	-5.61168
1190	2	1	21	3	2	1	5	-2.93443	-2.48929	-4.32868	-4.62398
1191	4	7	10	4	1	7	1	-1.83826	-3.76976	-2.63001	-1.99999
1192	2	1	5	3	2	5	5	-5.43251	-2.82547	-3.99233	-5.44977
1193	1	4	2	2	6	3	17	-4.57856	-2.44253	-4.45021	-5.61168
1194	2	4	1	2	2	1	5	-2.78945	-3.65996	-4.10195	-4.19341
1195	2	4	1	2	2	1	5	-2.78945	-3.65996	-4.10195	-4.19341
1196	2	1	12	3	2	1	5	-2.62507	-2.11677	-3.53013	-4.86721
1197	2	1	6	3	2	3	5	-7.73167	-7.29684	-8.64941	-7.11643
1198	4	7	10	4	1	7	1	-1.83826	-3.76976	-2.63001	-1.99999
1199	2	4	1	2	7	1	5	-2.32482	-6.0254	-5.84271	-5.38934
1200	2	1	1	3	2	1	5	-4.6152	-3.78635	-6.22232	-7.42429
1201	2	4	1	2	2	1	5	-2.78945	-3.65996	-4.10195	-4.19341
1202	7	2	5	2	10	3	6	-31.4242	-28.3875	-29.1832	-28.3144
1203	2	1	21	3	2	1	5	-2.93443	-2.48929	-4.32868	-4.62398
1204	2	4	1	2	7	1	5	-2.32482	-6.0254	-5.84271	-5.38934
1205	4	7	10	4	1	7	1	-1.83826	-3.76976	-2.63001	-1.99999
1206	2	4	1	2	7	1	5	-2.32482	-6.0254	-5.84271	-5.38934
1207	2	4	1	2	2	1	5	-2.78945	-3.65996	-4.10195	-4.19341
1208	1	4	2	2	6	3	17	-4.57856	-2.44253	-4.45021	-5.61168
1209	2	4	1	2	2	1	5	-2.78945	-3.65996	-4.10195	-4.19341
1210	2	4	1	2	2	1	5	-2.78945	-3.65996	-4.10195	-4.19341
1211	74	10	2	2	11	12	6	-8.45124	-11.711	-11.0284	-10.1373
1212	1	2	3	4	5	9	3	-4.56763	-2.48042	-3.51162	-4.88005
1213	2	1	5	3	2	3	5	-4.22559	-3.248	-5.43814	-4.89014
1214	4	7	10	4	1	7	1	-1.83826	-3.76976	-2.63001	-1.99999
1215	2	4	2	2	6	1	5	-6.07083	-4.82849	-5.83619	-7.67524
1216	2	1	12	3	2	1	5	-2.62507	-2.11677	-3.53013	-4.86721
1217	2	1	21	3	2	1	5	-2.93443	-2.48929	-4.32868	-4.62398
1218	2	4	1	2	2	1	5	-2.78945	-3.65996	-4.10195	-4.19341
1219	2	1	21	3	2	1	5	-2.93443	-2.48929	-4.32868	-4.62398
1220	4	7	10	4	1	7	1	-1.83826	-3.76976	-2.63001	-1.99999
1221	2	1	21	3	2	1	5	-2.93443	-2.48929	-4.32868	-4.62398
1222	2	4	1	2	2	1	5	-2.78945	-3.65996	-4.10195	-4.19341
1223	4	7	10	4	1	7	1	-1.83826	-3.76976	-2.63001	-1.99999
1224	2	4	1	2	2	1	5	-2.78945	-3.65996	-4.10195	-4.19341
1225	4	7	10	4	1	7	1	-1.83826	-3.76976	-2.63001	-1.99999
1226	4	7	10	4	42	51	1	-2.94321	-4.65143	-4.94906	-3.89805
1227	4	7	10	4	42	7	1	-6.55328	-8.20936	-5.61779	-4.71317
1228	2	4	1	2	2	1	5	-2.78945	-3.65996	-4.10195	-4.19341
1229	2	1	5	3	2	3	5	-4.22559	-3.248	-5.43814	-4.89014
1230	10	81	50	99	120	76	52	-6.65671	-6.33978	-5.22576	-5.20364
1231	2	4	1	2	7	1	5	-2.32482	-6.0254	-5.84271	-5.38934
1232	2	4	1	2	7	1	5	-2.32482	-6.0254	-5.84271	-5.38934
1233	4	7	10	4	1	7	1	-1.83826	-3.76976	-2.63001	-1.99999
1234	1	4	2	2	6	3	17	-4.57856	-2.44253	-4.45021	-5.61168
1235	4	7	10	4	1	7	1	-1.83826	-3.76976	-2.63001	-1.99999
1236	2	4	1	2	2	1	5	-2.78945	-3.65996	-4.10195	-4.19341
1237	4	7	10	4	1	7	1	-1.83826	-3.76976	-2.63001	-1.99999
1238	4	7	10	4	42	51	1	-2.94321	-4.65143	-4.94906	-3.89805
1239	1	307	3	4	5	9	3	-6.8391	-6.42491	-6.02796	-7.97731
1240	2	4	2	2	6	1	5	-6.07083	-4.82849	-5.83619	-7.67524
1241	8	10	149	2	11	12	6	-4.87192	-3.96649	-5.55101	-7.17691
1242	2	1	12	3	2	1	5	-2.62507	-2.11677	-3.53013	-4.86721
1243	2	4	1	2	2	1	5	-2.78945	-3.65996	-4.10195	-4.19341
1244	2	4	1	2	2	1	5	-2.78945	-3.65996	-4.10195	-4.19341
1245	2	4	1	2	2	1	5	-2.78945	-3.65996	-4.10195	-4.19341
1246	4	7	10	4	42	51	1	-2.94321	-4.65143	-4.94906	-3.89805
1247	2	4	1	2	2	1	5	-2.78945	-3.65996	-4.10195	-4.19341
1248	2	4	1	2	2	1	5	-2.78945	-3.65996	-4.10195	-4.19341
1249	2	1	12	88	2	1	5	-3.95073	-3.42867	-5.6665	-5.45524
1250	1	4	2	2	6	3	17	-4.57856	-2.44253	-4.45021	-5.61168
1251	9	2	4	62	4	5	6	-3.73197	-5.24172	-5.72889	-6.8416
1252	2	4	1	2	7	1	5	-2.32482	-6.0254	-5.84271	-5.38934
1253	2	4	5	2	2	5	5	-3.69036	-7.33365	-6.97628	-6.03669
1254	2	1	21	3	2	1	5	-2.93443	-2.48929	-4.32868	-4.62398
1255	1	4	2	2	6	3	17	-4.57856	-2.44253	-4.45021	-5.61168
1256	2	1	21	3	2	1	5	-2.93443	-2.48929	-4.32868	-4.62398
1257	2	4	1	2	2	5	5	-6.82003	-6.4078	-8.71519	-9.72297
1258	2	1	12	3	2	1	5	-2.62507	-2.11677	-3.53013	-4.86721
1259	2	4	2	2	6	1	5	-6.07083	-4.82849	-5.83619	-7.67524
1260	2	4	1	2	2	1	5	-2.78945	-3.65996	-4.10195	-4.19341
1261	2	4	1	2	2	1	5	-2.78945	-3.65996	-4.10195	-4.19341
1262	1	307	3	4	5	9	3	-6.8391	-6.42491	-6.02796	-7.97731
1263	9	25	2	10	22	3	6	-4.48002	-7.47868	-6.18124	-4.44778
1264	2	1	1	380	2	1	5	-6.16094	-5.7357	-8.11261	-9.16176
1265	2	4	1	2	2	1	5	-2.78945	-3.65996	-4.10195	-4.19341
1266	2	4	1	2	2	1	5	-2.78945	-3.65996	-4.10195	-4.19341
1267	2	1	12	3	2	1	5	-2.62507	-2.11677	-3.53013	-4.86721
1268	1	2	3	4	5	9	3	-4.56763	-2.48042	-3.51162	-4.88005
1269	2	4	1	2	2	1	5	-2.78945	-3.65996	-4.10195	-4.19341
1270	2	4	1	2	2	1	5	-2.78945	-3.65996	-4.10195	-4.19341
1271	2	4	1	2	2	1	5	-2.78945	-3.65996	-4.10195	-4.19341
1272	1	2	3	4	5	9	3	-4.56763	-2.48042	-3.51162	-4.88005
1273	9	2	2	212	309	253	147	-28.9176	-27.1946	-25.938	-21.6711
1274	2	1	21	3	2	1	5	-2.93443	-2.48929	-4.32868	-4.62398
1275	47	2	4	2	6	5	17	-10.6659	-10.499	-6.09975	-8.14633
1276	1	2	3	4	5	9	3	-4.56763	-2.48042	-3.51162	-4.88005
1277	2	4	1	2	2	1	5	-2.78945	-3.65996	-4.10195	-4.19341
1278	2	4	1	2	2	1	5	-2.78945	-3.65996	-4.10195	-4.19341
1279	9	2	4	62	4	5	6	-3.73197	-5.24172	-5.72889	-6.8416
1280	2	1	12	3	2	1	5	-2.62507	-2.11677	-3.53013	-4.86721
1281	2	4	1	2	2	1	5	-2.78945	-3.65996	-4.10195	-4.19341
1282	2	4	1	2	7	1	5	-2.32482	-6.0254	-5.84271	-5.38934
1283	7	17	2	15	23	3	12	-6.91905	-10.6413	-10.5282	-10.4311
1284	2	1	1	3	2	1	5	-4.6152	-3.78635	-6.22232	-7.42429
1285	2	1	12	3	2	1	5	-2.62507	-2.11677	-3.53013	-4.86721
1286	2	4	1	2	2	1	5	-2.78945	-3.65996	-4.10195	-4.19341
1287	2	1	5	3	2	3	5	-4.22559	-3.248	-5.43814	-4.89014
1288	2	4	1	2	2	1	5	-2.78945	-3.65996	-4.10195	-4.19341
1289	2	4	1	2	2	1	5	-2.78945	-3.65996	-4.10195	-4.19341
1290	1	4	2	2	6	3	17	-4.57856	-2.44253	-4.45021	-5.61168
1291	2	1	2	3	2	3	5	-3.77649	-7.38726	-7.37849	-7.27392
1292	2	1	5	3	2	3	5	-4.22559	-3.248	-5.43814	-4.89014
1293	1	2	3	3	5	9	3	-11.6722	-8.15239	-10.0264	-11.7975
1294	4	7	10	4	42	51	1	-2.94321	-4.65143	-4.94906	-3.89805
1295	1	4	2	2	6	3	17	-4.57856	-2.44253	-4.45021	-5.61168
1296	2	1	5	3	2	3	5	-4.22559	-3.248	-5.43814	-4.89014
1297	4	7	10	4	1	7	1	-1.83826	-3.76976	-2.63001	-1.99999
1298	2	4	1	2	2	1	5	-2.78945	-3.65996	-4.10195	-4.19341
1299	4	7	10	4	1	7	1	-1.83826	-3.76976	-2.63001	-1.99999
1300	2	1	21	3	2	1	5	-2.93443	-2.48929	-4.32868	-4.62398
1301	2	4	1	2	2	1	5	-2.78945	-3.65996	-4.10195	-4.19341
1302	4	7	10	4	1	7	1	-1.83826	-3.76976	-2.63001	-1.99999
1303	2	4	1	2	2	1	5	-2.78945	-3.65996	-4.10195	-4.19341
1304	2	1	5	3	2	5	5	-5.43251	-2.82547	-3.99233	-5.44977
1305	2	4	1	2	2	1	5	-2.78945	-3.65996	-4.10195	-4.19341
1306	2	1	21	3	2	1	5	-2.93443	-2.48929	-4.32868	-4.62398
1307	2	1	5	3	2	5	5	-5.43251	-2.82547	-3.99233	-5.44977
1308	1	4	2	2	6	3	17	-4.57856	-2.44253	-4.45021	-5.61168
1309	1	4	2	2	6	3	17	-4.57856	-2.44253	-4.45021	-5.61168
1310	2	1	5	3	2	3	5	-4.22559	-3.248	-5.43814	-4.89014
1311	1	4	2	2	6	3	17	-4.57856	-2.44253	-4.45021	-5.61168
1312	2	4	1	2	2	1	5	-2.78945	-3.65996	-4.10195	-4.19341
1313	2	1	12	88	2	1	5	-3.95073	-3.42867	-5.6665	-5.45524
1314	2	1	5	3	2	3	5	-4.22559	-3.248	-5.43814	-4.89014
1315	2	4	5	2	2	1	5	-6.18781	-9.34458	-9.17099	-9.3374
1316	2	4	1	2	2	1	5	-2.78945	-3.65996	-4.10195	-4.19341
1317	1	4	2	2	6	3	17	-4.57856	-2.44253	-4.45021	-5.61168
1318	2	1	21	3	2	1	5	-2.93443	-2.48929	-4.32868	-4.62398
1319	4	7	10	4	1	7	1	-1.83826	-3.76976	-2.63001	-1.99999
1320	1	2	3	4	5	9	3	-4.56763	-2.48042	-3.51162	-4.88005
1321	2	4	1	2	7	1	5	-2.32482	-6.0254	-5.84271	-5.38934
1322	4	7	10	4	1	7	1	-1.83826	-3.76976	-2.63001	-1.99999
1323	4	7	10	4	1	7	1	-1.83826	-3.76976	-2.63001	-1.99999
1324	1	4	2	2	6	3	17	-4.57856	-2.44253	-4.45021	-5.61168
1325	2	4	1	2	7	1	5	-2.32482	-6.0254	-5.84271	-5.38934
1326	4	7	10	4	1	7	1	-1.83826	-3.76976	-2.63001	-1.99999
1327	8	10	2	2	11	12	6	-3.97251	-7.63614	-7.57906	-7.48433
1328	969	7	10	4	1	7	1	-6.23984	-7.83153	-6.07616	-4.65439
1329	4	7	10	4	1	7	1	-1.83826	-3.76976	-2.63001	-1.99999
1330	10	27	16	942	10	5	7	-24.3774	-17.08	-19.5396	-20.1401
1331	10	27	16	941	10	5	7	-24.3774	-17.08	-19.5396	-20.1401
1332	4	7	10	4	1	7	1	-1.83826	-3.76976	-2.63001	-1.99999
1333	4	7	10	4	1	7	1	-1.83826	-3.76976	-2.63001	-1.99999
1334	129	66	30	82	189	47	17	-3.26068	-4.89234	-5.64587	-4.25342
1335	4	7	10	4	1	7	1	-1.83826	-3.76976	-2.63001	-1.99999
1336	4	7	10	4	1	7	1	-1.83826	-3.76976	-2.63001	-1.99999
1337	2	4	1	2	2	1	5	-2.78945	-3.65996	-4.10195	-4.19341
1338	2	1	2	3	2	3	5	-3.77649	-7.38726	-7.37849	-7.27392
1339	10	27	16	19	10	5	7	-19.8987	-13.0045	-16.09	-17.4874
1340	2	4	1	2	2	1	5	-2.78945	-3.65996	-4.10195	-4.19341
1341	33	39	30	82	104	173	68	-5.36939	-3.97215	-6.45869	-7.85874
1342	1	4	2	2	6	3	17	-4.57856	-2.44253	-4.45021	-5.61168
1343	2	1	5	3	2	5	5	-5.43251	-2.82547	-3.99233	-5.44977
1344	2	1	12	3	2	1	5	-2.62507	-2.11677	-3.53013	-4.86721
1345	8	10	2	2	11	12	6	-3.97251	-7.63614	-7.57906	-7.48433
1346	2	1	1	3	2	1	5	-4.6152	-3.78635	-6.22232	-7.42429
1347	1	4	2	2	6	3	17	-4.57856	-2.44253	-4.45021	-5.61168
1348	7	2	2	2	11	12	6	-4.51913	-8.2413	-8.12814	-8.0308
1349	9	2	4	62	4	5	6	-3.73197	-5.24172	-5.72889	-6.8416
1350	2	1	21	3	2	1	5	-2.93443	-2.48929	-4.32868	-4.62398
1351	9	7	10	4	1	7	1	-10.2962	-12.3899	-11.607	-9.88287
1352	2	1	12	3	920	1	5	-7.10423	-6.18259	-6.97703	-7.51841
1353	239	27	16	19	10	5	7	-9.7502	-6.4611	-9.01356	-10.7083
1354	7	17	2	15	23	3	12	-6.91905	-10.6413	-10.5282	-10.4311
1355	1	4	2	2	6	3	17	-4.57856	-2.44253	-4.45021	-5.61168
1356	1	6	60	24	12	28	1	-31.2284	-30.7135	-22.7375	-19.3856
1357	2	4	5	2	10	1	5	-6.91184	-10.6245	-10.5155	-10.4168
1358	10	81	50	99	120	76	52	-6.65671	-6.33978	-5.22576	-5.20364
1359	4	7	10	4	1	7	1	-1.83826	-3.76976	-2.63001	-1.99999
1360	2	1	5	3	2	5	5	-5.43251	-2.82547	-3.99233	-5.44977
1361	4	7	10	1	1	7	1	-5.28629	-8.56973	-5.931	-6.15443
1362	2	4	5	2	10	1	5	-6.91184	-10.6245	-10.5155	-10.4168
1363	2	1	21	3	2	1	5	-2.93443	-2.48929	-4.32868	-4.62398
1364	2	1	21	3	2	1	5	-2.93443	-2.48929	-4.32868	-4.62398
1365	2	4	1	2	2	1	5	-2.78945	-3.65996	-4.10195	-4.19341
1366	2	4	2	2	6	1	5	-6.07083	-4.82849	-5.83619	-7.67524
1367	2	4	1	2	7	1	5	-2.32482	-6.0254	-5.84271	-5.38934
1368	2	4	1	2	2	1	5	-2.78945	-3.65996	-4.10195	-4.19341
1369	2	4	1	2	2	1	5	-2.78945	-3.65996	-4.10195	-4.19341
1370	4	7	10	4	1	7	1	-1.83826	-3.76976	-2.63001	-1.99999
1371	4	7	10	4	42	51	1	-2.94321	-4.65143	-4.94906	-3.89805
1372	2	1	5	3	2	3	5	-4.22559	-3.248	-5.43814	-4.89014
1373	2	1	12	3	2	1	5	-2.62507	-2.11677	-3.53013	-4.86721
1374	2	1	1	3	2	1	5	-4.6152	-3.78635	-6.22232	-7.42429
1375	2	4	1	2	2	1	5	-2.78945	-3.65996	-4.10195	-4.19341
1376	4	7	10	4	1	7	1	-1.83826	-3.76976	-2.63001	-1.99999
1377	10	1	16	19	10	5	7	-5.93808	-2.7386	-4.09081	-5.18146
1378	2	4	1	2	7	1	5	-2.32482	-6.0254	-5.84271	-5.38934
1379	2	4	1	2	2	1	5	-2.78945	-3.65996	-4.10195	-4.19341
1380	10	81	50	99	120	76	52	-6.65671	-6.33978	-5.22576	-5.20364
1381	2	1	12	3	2	1	5	-2.62507	-2.11677	-3.53013	-4.86721
1382	2	4	1	2	2	1	5	-2.78945	-3.65996	-4.10195	-4.19341
1383	2	4	1	2	7	1	5	-2.32482	-6.0254	-5.84271	-5.38934
1384	1	2	3	4	5	9	3	-4.56763	-2.48042	-3.51162	-4.88005
1385	8	10	2	2	11	12	6	-3.97251	-7.63614	-7.57906	-7.48433
1386	1	4	2	2	6	3	17	-4.57856	-2.44253	-4.45021	-5.61168
1387	2	4	1	2	2	1	5	-2.78945	-3.65996	-4.10195	-4.19341
1388	2	4	1	2	2	1	5	-2.78945	-3.65996	-4.10195	-4.19341
1389	10	7	10	4	1	7	1	-12.2813	-10.9542	-10.202	-8.93465
1390	2	1	21	3	2	1	5	-2.93443	-2.48929	-4.32868	-4.62398
1391	2	1	21	3	2	1	5	-2.93443	-2.48929	-4.32868	-4.62398
1392	10	1	16	19	10	5	7	-5.93808	-2.7386	-4.09081	-5.18146
1393	2	1	5	3	2	3	5	-4.22559	-3.248	-5.43814	-4.89014
1394	2	1	5	3	2	3	5	-4.22559	-3.248	-5.43814	-4.89014
1395	2	4	1	2	2	5	5	-6.82003	-6.4078	-8.71519	-9.72297
1396	2	4	1	2	7	1	5	-2.32482	-6.0254	-5.84271	-5.38934
1397	10	1	16	19	10	5	7	-5.93808	-2.7386	-4.09081	-5.18146
1398	2	4	1	2	7	1	5	-2.32482	-6.0254	-5.84271	-5.38934
1399	2	934	1	2	2	1	5	-7.19091	-7.72968	-7.5439	-6.83775
