Isolate	Loci0	Loci1	Loci2	Loci3	Loci4	Loci5	Loci6	Source0	Source1	Source2	Source3
0	1	2	3	4	5	9	3	-4.7909	-2.48328	-3.61277	-4.86014
1	4	7	10	4	1	7	1	-1.82095	-3.87869	-2.63845	-1.9001
2	2	4	1	2	2	1	5	-2.77387	-3.67151	-4.19187	-4.12332
3	2	4	1	2	2	1	5	-2.77387	-3.67151	-4.19187	-4.12332
4	9	25	2	10	22	3	6	-4.46323	-7.98088	-6.02906	-4.31385
5	4	7	10	4	1	7	1	-1.82095	-3.87869	-2.63845	-1.9001
6	4	7	10	4	1	7	1	-1.82095	-3.87869	-2.63845	-1.9001
7	4	7	10	4	42	51	1	-2.9239	-4.69575	-4.96643	-3.78982
8	2	4	1	2	2	1	5	-2.77387	-3.67151	-4.19187	-4.12332
9	10	81	50	99	120	76	52	-6.70274	-6.39146	-5.26265	-5.11029
10	2	1	21	3	2	1	5	-2.95009	-2.49193	-4.47126	-4.50142
11	2	1	21	3	2	1	5	-2.95009	-2.49193	-4.47126	-4.50142
12	9	25	2	10	22	3	6	-4.46323	-7.98088	-6.02906	-4.31385
13	2	1	21	3	2	1	5	-2.95009	-2.49193	-4.47126	-4.50142
14	10	27	16	19	10	5	7	-21.4762	-12.9087	-16.1346	-17.4134
15	2	4	1	2	2	1	5	-2.77387	-3.67151	-4.19187	-4.12332
16	2	4	1	2	2	1	5	-2.77387	-3.67151	-4.19187	-4.12332
17	9	2	4	62	4	5	6	-3.71259	-5.24911	-5.89906	-7.01341
18	9	53	2	53	11	3	3	-29.9765	-28.7526	-24.7706	-27.1854
19	2	4	1	2	2	1	5	-2.77387	-3.67151	-4.19187	-4.12332
20	2	4	1	2	2	1	5	-2.77387	-3.67151	-4.19187	-4.12332
21	4	7	10	4	1	7	1	-1.82095	-3.87869	-2.63845	-1.9001
22	2	4	1	2	2	1	5	-2.77387	-3.67151	-4.19187	-4.12332
23	1	4	2	2	6	3	17	-4.81035	-2.44492	-4.59356	-5.41005
24	4	7	10	4	1	7	1	-1.82095	-3.87869	-2.63845	-1.9001
25	2	1	21	3	2	1	5	-2.95009	-2.49193	-4.47126	-4.50142
26	8	10	2	2	11	12	6	-3.94731	-7.67859	-8.10582	-7.64382
27	2	4	2	2	6	1	5	-6.1416	-4.8298	-5.9484	-7.77357
28	2	1	12	3	2	1	5	-2.64284	-2.11781	-3.66628	-4.8465
29	2	4	1	2	2	1	5	-2.77387	-3.67151	-4.19187	-4.12332
30	4	7	10	4	1	7	1	-1.82095	-3.87869	-2.63845	-1.9001
31	10	1	16	19	10	5	7	-7.01405	-2.74156	-4.19475	-5.08576
32	1	2	3	4	5	9	3	-4.7909	-2.48328	-3.61277	-4.86014
33	2	4	1	2	2	1	5	-2.77387	-3.67151	-4.19187	-4.12332
34	2	4	1	2	2	1	5	-2.77387	-3.67151	-4.19187	-4.12332
35	2	4	1	2	2	1	5	-2.77387	-3.67151	-4.19187	-4.12332
36	4	7	10	4	1	7	1	-1.82095	-3.87869	-2.63845	-1.9001
37	129	66	30	82	189	47	17	-3.24284	-4.93369	-5.63951	-4.1301
38	2	1	12	3	357	1	5	-6.67606	-6.68698	-5.88673	-8.26306
39	9	2	4	62	4	5	6	-3.71259	-5.24911	-5.89906	-7.01341
40	2	1	1	3	2	1	5	-4.64718	-3.78703	-6.45041	-7.18096
41	2	1	12	3	357	1	5	-6.67606	-6.68698	-5.88673	-8.26306
42	2	1	5	3	2	3	5	-4.27464	-3.25211	-5.53364	-4.73526
43	2	1	5	3	2	3	5	-4.27464	-3.25211	-5.53364	-4.73526
44	2	4	1	2	2	1	5	-2.77387	-3.67151	-4.19187	-4.12332
45	2	4	1	2	2	1	5	-2.77387	-3.67151	-4.19187	-4.12332
46	2	4	2	2	6	1	5	-6.1416	-4.8298	-5.9484	-7.77357
47	1	4	2	2	6	3	17	-4.81035	-2.44492	-4.59356	-5.41005
48	2	1	21	3	2	1	5	-2.95009	-2.49193	-4.47126	-4.50142
49	2	1	2	3	2	3	5	-3.75007	-7.42242	-7.90351	-7.43826
50	2	1	21	3	2	1	5	-2.95009	-2.49193	-4.47126	-4.50142
51	7	17	2	15	23	3	12	-6.89446	-10.6931	-11.0573	-10.5898
52	2	4	1	2	7	1	5	-2.29789	-6.08824	-6.27532	-5.43364
53	9	2	4	62	4	5	6	-3.71259	-5.24911	-5.89906	-7.01341
54	2	4	1	2	7	1	5	-2.29789	-6.08824	-6.27532	-5.43364
55	9	2	4	62	4	5	6	-3.71259	-5.24911	-5.89906	-7.01341
56	2	1	12	88	2	1	5	-3.97031	-3.43196	-5.82242	-5.3034
57	2	1	5	3	2	3	5	-4.27464	-3.25211	-5.53364	-4.73526
58	2	4	1	2	2	1	5	-2.77387	-3.67151	-4.19187	-4.12332
59	9	2	4	62	4	5	6	-3.71259	-5.24911	-5.89906	-7.01341
60	2	1	5	3	2	3	5	-4.27464	-3.25211	-5.53364	-4.73526
61	2	4	1	2	2	1	5	-2.77387	-3.67151	-4.19187	-4.12332
62	2	4	1	2	2	1	5	-2.77387	-3.67151	-4.19187	-4.12332
63	2	4	1	2	2	1	5	-2.77387	-3.67151	-4.19187	-4.12332
64	2	4	1	2	2	1	5	-2.77387	-3.67151	-4.19187	-4.12332
65	2	4	1	2	2	1	5	-2.77387	-3.67151	-4.19187	-4.12332
66	2	4	1	2	2	1	5	-2.77387	-3.67151	-4.19187	-4.12332
67	1	2	215	4	90	24	8	-30.0957	-30.1271	-20.2404	-23.5024
68	2	4	1	2	2	1	5	-2.77387	-3.67151	-4.19187	-4.12332
69	1	2	3	4	5	9	3	-4.7909	-2.48328	-3.61277	-4.86014
70	2	4	1	2	2	1	5	-2.77387	-3.67151	-4.19187	-4.12332
71	2	4	1	2	2	1	5	-2.77387	-3.67151	-4.19187	-4.12332
72	9	25	2	10	22	3	6	-4.46323	-7.98088	-6.02906	-4.31385
73	2	15	4	48	360	25	23	-6.68728	-9.15242	-5.69256	-4.8575
74	2	4	1	2	2	1	5	-2.77387	-3.67151	-4.19187	-4.12332
75	2	1	12	88	2	1	5	-3.97031	-3.43196	-5.82242	-5.3034
76	2	4	2	2	6	1	5	-6.1416	-4.8298	-5.9484	-7.77357
77	10	1	16	19	10	5	7	-7.01405	-2.74156	-4.19475	-5.08576
78	2	4	1	2	2	1	5	-2.77387	-3.67151	-4.19187	-4.12332
79	2	1	12	3	2	1	5	-2.64284	-2.11781	-3.66628	-4.8465
80	2	4	1	2	2	1	5	-2.77387	-3.67151	-4.19187	-4.12332
81	2	4	1	2	2	1	5	-2.77387	-3.67151	-4.19187	-4.12332
82	1	4	2	2	6	3	17	-4.81035	-2.44492	-4.59356	-5.41005
83	10	1	16	19	10	5	7	-7.01405	-2.74156	-4.19475	-5.08576
84	8	10	149	2	11	12	6	-4.9152	-3.96967	-5.69357	-7.12472
85	2	4	1	2	2	1	5	-2.77387	-3.67151	-4.19187	-4.12332
86	2	4	1	2	7	1	5	-2.29789	-6.08824	-6.27532	-5.43364
87	32	39	30	82	104	324	17	-9.19668	-4.67222	-7.41737	-8.40584
88	1	2	3	4	5	9	3	-4.7909	-2.48328	-3.61277	-4.86014
89	2	1	5	3	2	3	5	-4.27464	-3.25211	-5.53364	-4.73526
90	2	4	1	2	2	1	5	-2.77387	-3.67151	-4.19187	-4.12332
91	2	4	1	2	7	1	5	-2.29789	-6.08824	-6.27532	-5.43364
92	4	7	10	4	1	7	1	-1.82095	-3.87869	-2.63845	-1.9001
93	2	1	2	3	2	3	5	-3.75007	-7.42242	-7.90351	-7.43826
94	2	1	12	3	2	1	5	-2.64284	-2.11781	-3.66628	-4.8465
95	2	1	21	3	2	1	5	-2.95009	-2.49193	-4.47126	-4.50142
96	2	1	21	3	2	1	5	-2.95009	-2.49193	-4.47126	-4.50142
97	9	2	5	2	11	3	1	-28.6979	-32.3446	-28.6607	-26.8042
98	4	7	10	4	1	7	1	-1.82095	-3.87869	-2.63845	-1.9001
99	2	1	2	3	2	3	5	-3.75007	-7.42242	-7.90351	-7.43826
100	2	1	21	3	2	1	5	-2.95009	-2.49193	-4.47126	-4.50142
101	4	7	10	4	1	7	1	-1.82095	-3.87869	-2.63845	-1.9001
102	2	1	21	3	2	1	5	-2.95009	-2.49193	-4.47126	-4.50142
103	1	4	2	2	6	3	17	-4.81035	-2.44492	-4.59356	-5.41005
104	2	4	5	2	10	1	5	-6.88525	-10.6744	-11.042	-10.581
105	2	1	12	88	2	1	5	-3.97031	-3.43196	-5.82242	-5.3034
106	9	2	4	62	4	5	6	-3.71259	-5.24911	-5.89906	-7.01341
107	2	165	73	147	220	190	104	-8.75126	-10.1482	-6.9493	-5.18022
108	2	1	21	3	2	1	5	-2.95009	-2.49193	-4.47126	-4.50142
109	2	4	1	2	2	1	5	-2.77387	-3.67151	-4.19187	-4.12332
110	2	1	12	3	11	1	6	-18.5015	-17.8311	-20.6731	-21.5387
111	2	1	2	3	2	3	5	-3.75007	-7.42242	-7.90351	-7.43826
112	2	4	1	2	7	1	5	-2.29789	-6.08824	-6.27532	-5.43364
113	2	1	2	3	2	3	5	-3.75007	-7.42242	-7.90351	-7.43826
114	2	1	21	3	2	1	5	-2.95009	-2.49193	-4.47126	-4.50142
115	2	4	1	2	7	1	5	-2.29789	-6.08824	-6.27532	-5.43364
116	33	39	30	82	113	43	17	-10.0544	-6.44158	-6.13906	-8.42777
117	2	4	1	2	2	1	5	-2.77387	-3.67151	-4.19187	-4.12332
118	2	4	1	2	2	1	5	-2.77387	-3.67151	-4.19187	-4.12332
119	2	4	1	2	2	1	5	-2.77387	-3.67151	-4.19187	-4.12332
120	2	4	1	2	7	1	5	-2.29789	-6.08824	-6.27532	-5.43364
121	4	7	10	1	1	7	1	-5.2632	-8.75734	-5.99484	-6.10991
122	2	1	12	3	2	1	5	-2.64284	-2.11781	-3.66628	-4.8465
123	2	4	1	2	2	1	5	-2.77387	-3.67151	-4.19187	-4.12332
124	2	4	1	2	2	1	5	-2.77387	-3.67151	-4.19187	-4.12332
125	2	4	1	2	7	1	5	-2.29789	-6.08824	-6.27532	-5.43364
126	2	4	1	2	2	1	5	-2.77387	-3.67151	-4.19187	-4.12332
127	2	4	1	2	2	1	5	-2.77387	-3.67151	-4.19187	-4.12332
128	2	1	12	88	2	1	5	-3.97031	-3.43196	-5.82242	-5.3034
129	2	1	12	3	2	1	5	-2.64284	-2.11781	-3.66628	-4.8465
130	2	1	12	3	2	1	5	-2.64284	-2.11781	-3.66628	-4.8465
131	2	4	1	2	7	1	5	-2.29789	-6.08824	-6.27532	-5.43364
132	2	1	21	3	2	1	5	-2.95009	-2.49193	-4.47126	-4.50142
133	2	1	21	3	2	1	5	-2.95009	-2.49193	-4.47126	-4.50142
134	2	4	5	2	2	5	5	-3.6643	-7.42977	-7.23189	-5.98418
135	2	1	21	3	2	1	5	-2.95009	-2.49193	-4.47126	-4.50142
136	1	4	2	2	6	3	1	-11.379	-10.1821	-10.5729	-11.1269
137	2	1	5	3	2	3	5	-4.27464	-3.25211	-5.53364	-4.73526
138	2	1	5	3	2	3	5	-4.27464	-3.25211	-5.53364	-4.73526
139	4	7	10	4	1	7	1	-1.82095	-3.87869	-2.63845	-1.9001
140	8	10	2	2	11	12	6	-3.94731	-7.67859	-8.10582	-7.64382
141	2	1	2	3	2	3	5	-3.75007	-7.42242	-7.90351	-7.43826
142	2	1	5	3	2	3	5	-4.27464	-3.25211	-5.53364	-4.73526
143	2	1	2	3	2	3	5	-3.75007	-7.42242	-7.90351	-7.43826
144	129	66	30	82	189	47	17	-3.24284	-4.93369	-5.63951	-4.1301
145	2	4	1	2	2	1	5	-2.77387	-3.67151	-4.19187	-4.12332
146	2	4	1	2	2	1	5	-2.77387	-3.67151	-4.19187	-4.12332
147	7	21	5	62	4	61	44	-8.2683	-3.82507	-5.66519	-7.26047
148	2	4	1	2	2	1	5	-2.77387	-3.67151	-4.19187	-4.12332
149	2	937	1	2	2	1	5	-6.72788	-8.24426	-6.40998	-7.53688
150	1	14	2	2	6	1	17	-9.56872	-6.44141	-7.76981	-6.26003
151	1	4	2	2	6	3	17	-4.81035	-2.44492	-4.59356	-5.41005
152	8	10	149	2	11	12	6	-4.9152	-3.96967	-5.69357	-7.12472
153	2	1	12	3	2	1	5	-2.64284	-2.11781	-3.66628	-4.8465
154	9	30	2	2	89	59	6	-4.94652	-8.74672	-9.11052	-8.64316
155	1	2	3	4	5	9	3	-4.7909	-2.48328	-3.61277	-4.86014
156	2	4	1	2	2	1	5	-2.77387	-3.67151	-4.19187	-4.12332
157	2	4	1	2	2	1	5	-2.77387	-3.67151	-4.19187	-4.12332
158	180	194	2	68	19	231	147	-25.4442	-31.9727	-20.5598	-26.0823
159	2	4	1	2	2	1	5	-2.77387	-3.67151	-4.19187	-4.12332
160	2	4	1	2	2	1	5	-2.77387	-3.67151	-4.19187	-4.12332
161	2	4	1	2	2	1	5	-2.77387	-3.67151	-4.19187	-4.12332
162	4	7	10	4	1	7	1	-1.82095	-3.87869	-2.63845	-1.9001
163	2	4	1	2	2	1	5	-2.77387	-3.67151	-4.19187	-4.12332
164	2	1	21	3	2	1	5	-2.95009	-2.49193	-4.47126	-4.50142
165	2	4	1	2	7	1	5	-2.29789	-6.08824	-6.27532	-5.43364
166	2	4	1	2	2	1	5	-2.77387	-3.67151	-4.19187	-4.12332
167	10	1	16	19	10	5	7	-7.01405	-2.74156	-4.19475	-5.08576
168	104	7	10	4	1	7	1	-4.40188	-8.20855	-8.55483	-8.08444
169	2	4	1	2	2	1	5	-2.77387	-3.67151	-4.19187	-4.12332
170	10	27	16	19	10	5	7	-21.4762	-12.9087	-16.1346	-17.4134
171	2	4	1	2	2	1	5	-2.77387	-3.67151	-4.19187	-4.12332
172	2	1	1	3	2	1	5	-4.64718	-3.78703	-6.45041	-7.18096
173	7	21	5	62	4	61	44	-8.2683	-3.82507	-5.66519	-7.26047
174	2	1	1	3	2	1	5	-4.64718	-3.78703	-6.45041	-7.18096
175	10	1	16	19	10	5	7	-7.01405	-2.74156	-4.19475	-5.08576
176	2	4	1	2	2	1	5	-2.77387	-3.67151	-4.19187	-4.12332
177	2	4	1	2	2	1	5	-2.77387	-3.67151	-4.19187	-4.12332
178	2	1	12	3	2	1	5	-2.64284	-2.11781	-3.66628	-4.8465
179	2	4	1	2	2	1	5	-2.77387	-3.67151	-4.19187	-4.12332
180	2	4	1	2	2	1	5	-2.77387	-3.67151	-4.19187	-4.12332
181	1	4	2	2	6	3	17	-4.81035	-2.44492	-4.59356	-5.41005
182	2	1	12	3	2	1	5	-2.64284	-2.11781	-3.66628	-4.8465
183	4	7	10	4	1	7	1	-1.82095	-3.87869	-2.63845	-1.9001
184	2	4	1	2	2	1	5	-2.77387	-3.67151	-4.19187	-4.12332
185	2	4	1	2	2	1	5	-2.77387	-3.67151	-4.19187	-4.12332
186	2	1	21	3	2	1	5	-2.95009	-2.49193	-4.47126	-4.50142
187	4	7	10	4	1	7	1	-1.82095	-3.87869	-2.63845	-1.9001
188	4	7	10	4	42	51	1	-2.9239	-4.69575	-4.96643	-3.78982
189	2	1	5	3	2	3	5	-4.27464	-3.25211	-5.53364	-4.73526
190	1	2	4	62	4	5	17	-6.15964	-4.84502	-7.53162	-8.34571
191	4	7	10	4	1	7	1	-1.82095	-3.87869	-2.63845	-1.9001
192	4	7	10	4	42	51	1	-2.9239	-4.69575	-4.96643	-3.78982
193	2	1	21	3	2	1	5	-2.95009	-2.49193	-4.47126	-4.50142
194	4	7	10	4	42	51	1	-2.9239	-4.69575	-4.96643	-3.78982
195	2	4	1	2	7	1	5	-2.29789	-6.08824	-6.27532	-5.43364
196	2	4	1	2	2	1	5	-2.77387	-3.67151	-4.19187	-4.12332
197	1	2	3	4	5	9	3	-4.7909	-2.48328	-3.61277	-4.86014
198	1	2	4	62	4	5	17	-6.15964	-4.84502	-7.53162	-8.34571
199	2	250	4	281	358	25	57	-28.8629	-31.4098	-18.3957	-20.3483
200	9	2	4	62	4	5	6	-3.71259	-5.24911	-5.89906	-7.01341
201	1	2	3	4	5	9	3	-4.7909	-2.48328	-3.61277	-4.86014
202	4	7	10	4	1	7	1	-1.82095	-3.87869	-2.63845	-1.9001
203	2	4	2	4	19	3	6	-5.79026	-9.58642	-9.95001	-9.48235
204	4	7	10	4	1	7	1	-1.82095	-3.87869	-2.63845	-1.9001
205	4	7	10	4	42	51	1	-2.9239	-4.69575	-4.96643	-3.78982
206	2	1	12	3	2	1	5	-2.64284	-2.11781	-3.66628	-4.8465
207	4	7	10	4	1	7	1	-1.82095	-3.87869	-2.63845	-1.9001
208	2	1	12	3	2	1	5	-2.64284	-2.11781	-3.66628	-4.8465
209	1	2	4	62	4	5	17	-6.15964	-4.84502	-7.53162	-8.34571
210	4	7	10	4	42	51	1	-2.9239	-4.69575	-4.96643	-3.78982
211	2	4	1	2	2	1	5	-2.77387	-3.67151	-4.19187	-4.12332
212	4	7	10	4	1	7	1	-1.82095	-3.87869	-2.63845	-1.9001
213	2	1	21	3	2	1	5	-2.95009	-2.49193	-4.47126	-4.50142
214	47	2	4	2	6	5	17	-10.8049	-10.3769	-6.18316	-8.61242
215	2	1	21	3	2	1	5	-2.95009	-2.49193	-4.47126	-4.50142
216	2	1	21	3	2	1	5	-2.95009	-2.49193	-4.47126	-4.50142
217	2	4	1	2	2	1	5	-2.77387	-3.67151	-4.19187	-4.12332
218	2	4	1	2	2	1	5	-2.77387	-3.67151	-4.19187	-4.12332
219	10	81	50	99	120	76	52	-6.70274	-6.39146	-5.26265	-5.11029
220	2	4	1	2	2	1	5	-2.77387	-3.67151	-4.19187	-4.12332
221	2	4	1	2	2	1	5	-2.77387	-3.67151	-4.19187	-4.12332
222	1	4	2	2	6	3	17	-4.81035	-2.44492	-4.59356	-5.41005
223	1	2	4	62	4	5	17	-6.15964	-4.84502	-7.53162	-8.34571
224	4	7	10	4	1	7	1	-1.82095	-3.87869	-2.63845	-1.9001
225	4	7	10	4	1	7	1	-1.82095	-3.87869	-2.63845	-1.9001
226	10	1	16	19	10	5	7	-7.01405	-2.74156	-4.19475	-5.08576
227	2	4	1	2	2	1	5	-2.77387	-3.67151	-4.19187	-4.12332
228	2	4	1	2	7	1	5	-2.29789	-6.08824	-6.27532	-5.43364
229	1	4	2	348	6	3	17	-9.88878	-5.35786	-8.1048	-9.0967
230	1	2	4	62	4	5	17	-6.15964	-4.84502	-7.53162	-8.34571
231	10	27	16	19	10	5	7	-21.4762	-12.9087	-16.1346	-17.4134
232	1	4	2	2	6	3	17	-4.81035	-2.44492	-4.59356	-5.41005
233	4	7	10	4	42	51	1	-2.9239	-4.69575	-4.96643	-3.78982
234	2	4	1	2	2	1	5	-2.77387	-3.67151	-4.19187	-4.12332
235	2	1	12	3	2	1	5	-2.64284	-2.11781	-3.66628	-4.8465
236	2	1	12	88	2	1	5	-3.97031	-3.43196	-5.82242	-5.3034
237	2	4	1	2	7	1	5	-2.29789	-6.08824	-6.27532	-5.43364
238	2	1	12	3	2	1	5	-2.64284	-2.11781	-3.66628	-4.8465
239	1	4	2	2	6	3	17	-4.81035	-2.44492	-4.59356	-5.41005
240	2	1	4	28	58	25	58	-5.65722	-8.49419	-5.36264	-4.17666
241	2	1	5	3	2	3	5	-4.27464	-3.25211	-5.53364	-4.73526
242	2	1	12	3	2	1	5	-2.64284	-2.11781	-3.66628	-4.8465
243	2	4	1	2	2	1	5	-2.77387	-3.67151	-4.19187	-4.12332
244	2	1	5	10	11	1	5	-26.8283	-22.6444	-24.53	-25.9966
245	2	1	12	3	2	1	5	-2.64284	-2.11781	-3.66628	-4.8465
246	2	1	12	88	2	1	5	-3.97031	-3.43196	-5.82242	-5.3034
247	2	1	12	3	2	1	5	-2.64284	-2.11781	-3.66628	-4.8465
248	2	1	12	3	2	1	5	-2.64284	-2.11781	-3.66628	-4.8465
249	1	4	2	2	6	3	17	-4.81035	-2.44492	-4.59356	-5.41005
250	9	2	4	62	4	5	6	-3.71259	-5.24911	-5.89906	-7.01341
251	2	1	12	3	2	1	5	-2.64284	-2.11781	-3.66628	-4.8465
252	8	10	149	2	11	12	6	-4.9152	-3.96967	-5.69357	-7.12472
253	2	1	21	3	2	1	5	-2.95009	-2.49193	-4.47126	-4.50142
254	1	2	3	4	5	9	3	-4.7909	-2.48328	-3.61277	-4.86014
255	2	1	5	3	2	3	5	-4.27464	-3.25211	-5.53364	-4.73526
256	1	307	3	4	5	9	3	-6.85771	-6.42586	-6.11961	-8.31449
257	1	4	2	2	6	3	17	-4.81035	-2.44492	-4.59356	-5.41005
258	2	4	1	2	7	1	5	-2.29789	-6.08824	-6.27532	-5.43364
259	2	4	1	2	2	1	5	-2.77387	-3.67151	-4.19187	-4.12332
260	2	61	4	64	126	7	23	-6.0095	-8.80542	-5.94839	-4.1857
261	7	21	5	62	4	61	44	-8.2683	-3.82507	-5.66519	-7.26047
262	2	1	12	3	2	1	5	-2.64284	-2.11781	-3.66628	-4.8465
263	2	4	1	2	2	1	5	-2.77387	-3.67151	-4.19187	-4.12332
264	2	1	12	3	2	1	5	-2.64284	-2.11781	-3.66628	-4.8465
265	2	1	21	3	2	1	5	-2.95009	-2.49193	-4.47126	-4.50142
266	2	1	21	3	2	1	5	-2.95009	-2.49193	-4.47126	-4.50142
267	2	4	1	2	2	1	5	-2.77387	-3.67151	-4.19187	-4.12332
268	2	4	1	2	2	1	5	-2.77387	-3.67151	-4.19187	-4.12332
269	2	4	1	2	7	1	5	-2.29789	-6.08824	-6.27532	-5.43364
270	4	7	10	4	1	7	1	-1.82095	-3.87869	-2.63845	-1.9001
271	1	2	4	62	4	5	17	-6.15964	-4.84502	-7.53162	-8.34571
272	4	1	21	3	2	1	5	-9.59264	-10.3256	-10.577	-10.288
273	10	1	16	19	10	5	7	-7.01405	-2.74156	-4.19475	-5.08576
274	33	283	44	82	189	44	17	-7.79752	-3.46595	-5.43069	-5.87927
275	2	1	12	3	2	1	5	-2.64284	-2.11781	-3.66628	-4.8465
276	10	81	50	99	120	76	52	-6.70274	-6.39146	-5.26265	-5.11029
277	4	7	10	4	42	25	1	-8.59846	-9.56391	-5.78823	-5.12367
278	2	4	1	2	2	1	5	-2.77387	-3.67151	-4.19187	-4.12332
279	2	4	5	2	10	1	5	-6.88525	-10.6744	-11.042	-10.581
280	2	4	1	2	2	1	5	-2.77387	-3.67151	-4.19187	-4.12332
281	9	2	4	62	4	5	6	-3.71259	-5.24911	-5.89906	-7.01341
282	4	7	10	4	1	7	1	-1.82095	-3.87869	-2.63845	-1.9001
283	2	1	12	3	2	1	5	-2.64284	-2.11781	-3.66628	-4.8465
284	9	2	4	62	4	5	6	-3.71259	-5.24911	-5.89906	-7.01341
285	9	2	4	62	4	5	6	-3.71259	-5.24911	-5.89906	-7.01341
286	2	4	1	2	2	1	5	-2.77387	-3.67151	-4.19187	-4.12332
287	2	1	12	88	2	1	5	-3.97031	-3.43196	-5.82242	-5.3034
288	2	1	21	3	2	1	5	-2.95009	-2.49193	-4.47126	-4.50142
289	33	39	30	79	113	44	17	-26.4401	-24.5796	-25.4923	-27.7354
290	1	2	3	4	5	9	3	-4.7909	-2.48328	-3.61277	-4.86014
291	1	4	2	2	6	3	17	-4.81035	-2.44492	-4.59356	-5.41005
292	9	2	4	62	4	5	6	-3.71259	-5.24911	-5.89906	-7.01341
293	2	1	12	3	2	1	5	-2.64284	-2.11781	-3.66628	-4.8465
294	2	1	5	3	2	5	5	-5.85903	-2.82642	-4.09683	-5.42082
295	2	1	5	3	2	5	5	-5.85903	-2.82642	-4.09683	-5.42082
296	2	4	1	2	2	1	5	-2.77387	-3.67151	-4.19187	-4.12332
297	2	4	1	2	2	1	5	-2.77387	-3.67151	-4.19187	-4.12332
298	2	1	21	3	2	1	5	-2.95009	-2.49193	-4.47126	-4.50142
299	32	39	30	82	104	324	17	-9.19668	-4.67222	-7.41737	-8.40584
300	2	1	12	3	2	1	5	-2.64284	-2.11781	-3.66628	-4.8465
301	4	7	10	4	1	7	1	-1.82095	-3.87869	-2.63845	-1.9001
302	1	4	2	2	6	3	5	-9.56258	-5.26966	-8.03059	-9.05125
303	2	1	21	3	2	1	5	-2.95009	-2.49193	-4.47126	-4.50142
304	4	7	10	4	42	51	1	-2.9239	-4.69575	-4.96643	-3.78982
305	2	4	1	2	7	1	5	-2.29789	-6.08824	-6.27532	-5.43364
306	7	21	5	62	4	61	44	-8.2683	-3.82507	-5.66519	-7.26047
307	104	7	10	4	1	7	1	-4.40188	-8.20855	-8.55483	-8.08444
308	9	25	2	10	22	3	6	-4.46323	-7.98088	-6.02906	-4.31385
309	2	4	2	2	6	3	17	-10.7958	-7.77417	-10.2241	-10.9613
310	2	4	1	2	7	1	5	-2.29789	-6.08824	-6.27532	-5.43364
311	129	66	30	82	189	47	17	-3.24284	-4.93369	-5.63951	-4.1301
312	33	39	30	82	104	173	68	-5.4588	-3.97538	-6.67342	-7.50992
313	2	1	12	3	2	1	5	-2.64284	-2.11781	-3.66628	-4.8465
314	2	1	1	3	2	1	5	-4.64718	-3.78703	-6.45041	-7.18096
315	7	21	5	62	4	61	44	-8.2683	-3.82507	-5.66519	-7.26047
316	2	1	21	3	2	1	5	-2.95009	-2.49193	-4.47126	-4.50142
317	4	7	10	4	1	7	1	-1.82095	-3.87869	-2.63845	-1.9001
318	10	2	107	62	120	76	1	-6.84298	-10.2403	-7.99838	-6.26489
319	4	7	10	4	1	7	1	-1.82095	-3.87869	-2.63845	-1.9001
320	2	1	12	3	2	1	5	-2.64284	-2.11781	-3.66628	-4.8465
321	2	1	5	3	2	3	5	-4.27464	-3.25211	-5.53364	-4.73526
322	4	7	10	4	1	7	1	-1.82095	-3.87869	-2.63845	-1.9001
323	2	1	12	88	2	1	5	-3.97031	-3.43196	-5.82242	-5.3034
324	4	7	10	4	42	7	1	-6.55837	-8.99305	-5.57418	-4.61093
325	4	7	10	4	42	51	1	-2.9239	-4.69575	-4.96643	-3.78982
326	2	1	21	3	2	1	5	-2.95009	-2.49193	-4.47126	-4.50142
327	2	1	12	3	2	1	5	-2.64284	-2.11781	-3.66628	-4.8465
328	4	7	10	4	1	7	1	-1.82095	-3.87869	-2.63845	-1.9001
329	2	4	1	2	7	1	5	-2.29789	-6.08824	-6.27532	-5.43364
330	4	7	10	4	1	7	1	-1.82095	-3.87869	-2.63845	-1.9001
331	2	1	12	3	2	1	5	-2.64284	-2.11781	-3.66628	-4.8465
332	4	7	10	4	1	7	1	-1.82095	-3.87869	-2.63845	-1.9001
333	4	7	10	4	1	7	1	-1.82095	-3.87869	-2.63845	-1.9001
334	1	4	2	2	6	3	17	-4.81035	-2.44492	-4.59356	-5.41005
335	2	4	1	2	2	1	5	-2.77387	-3.67151	-4.19187	-4.12332
336	4	7	10	4	1	7	1	-1.82095	-3.87869	-2.63845	-1.9001
337	7	17	2	15	23	3	12	-6.89446	-10.6931	-11.0573	-10.5898
338	2	1	5	3	2	3	5	-4.27464	-3.25211	-5.53364	-4.73526
339	4	7	10	4	1	7	1	-1.82095	-3.87869	-2.63845	-1.9001
340	4	7	10	4	1	7	1	-1.82095	-3.87869	-2.63845	-1.9001
341	4	7	10	4	42	51	1	-2.9239	-4.69575	-4.96643	-3.78982
342	2	4	1	2	2	1	5	-2.77387	-3.67151	-4.19187	-4.12332
343	2	1	12	88	2	1	5	-3.97031	-3.43196	-5.82242	-5.3034
344	2	1	1	3	2	1	5	-4.64718	-3.78703	-6.45041	-7.18096
345	1	2	3	4	5	9	3	-4.7909	-2.48328	-3.61277	-4.86014
346	2	1	12	88	2	1	5	-3.97031	-3.43196	-5.82242	-5.3034
347	2	1	1	3	2	1	5	-4.64718	-3.78703	-6.45041	-7.18096
348	24	17	2	10	23	68	5	-10.2942	-5.76911	-8.51508	-9.50405
349	4	7	10	4	1	7	1	-1.82095	-3.87869	-2.63845	-1.9001
350	2	1	21	3	2	1	5	-2.95009	-2.49193	-4.47126	-4.50142
351	1	4	2	2	6	3	17	-4.81035	-2.44492	-4.59356	-5.41005
352	2	1	5	3	2	3	5	-4.27464	-3.25211	-5.53364	-4.73526
353	4	7	10	4	1	7	1	-1.82095	-3.87869	-2.63845	-1.9001
354	2	1	1	3	2	1	5	-4.64718	-3.78703	-6.45041	-7.18096
355	2	1	12	3	2	1	5	-2.64284	-2.11781	-3.66628	-4.8465
356	8	10	149	2	11	12	6	-4.9152	-3.96967	-5.69357	-7.12472
357	2	4	1	2	2	5	5	-6.82374	-6.40769	-8.93723	-9.60115
358	10	1	16	19	10	5	7	-7.01405	-2.74156	-4.19475	-5.08576
359	24	17	2	10	23	68	5	-10.2942	-5.76911	-8.51508	-9.50405
360	1	2	4	62	4	5	17	-6.15964	-4.84502	-7.53162	-8.34571
361	2	4	1	2	7	1	5	-2.29789	-6.08824	-6.27532	-5.43364
362	7	71	5	62	11	67	6	-28.9631	-28.6211	-26.5268	-30.2415
363	7	17	5	2	10	3	6	-25.5712	-24.6622	-24.0666	-23.2493
364	2	1	5	3	2	3	5	-4.27464	-3.25211	-5.53364	-4.73526
365	9	2	4	62	4	5	6	-3.71259	-5.24911	-5.89906	-7.01341
366	33	38	30	82	104	325	36	-15.0209	-11.0437	-11.4321	-13.6184
367	2	4	1	2	7	1	5	-2.29789	-6.08824	-6.27532	-5.43364
368	47	2	4	2	6	5	17	-10.8049	-10.3769	-6.18316	-8.61242
369	2	1	12	88	2	1	5	-3.97031	-3.43196	-5.82242	-5.3034
370	2	1	12	88	2	1	5	-3.97031	-3.43196	-5.82242	-5.3034
371	2	1	12	88	2	1	5	-3.97031	-3.43196	-5.82242	-5.3034
372	2	1	12	88	2	1	5	-3.97031	-3.43196	-5.82242	-5.3034
373	2	4	1	2	2	1	5	-2.77387	-3.67151	-4.19187	-4.12332
374	2	1	12	88	2	1	5	-3.97031	-3.43196	-5.82242	-5.3034
375	1	1	2	2	6	3	17	-10.5294	-6.18945	-8.94441	-10.022
376	2	1	12	88	2	1	5	-3.97031	-3.43196	-5.82242	-5.3034
377	2	1	12	88	2	1	5	-3.97031	-3.43196	-5.82242	-5.3034
378	2	4	1	2	2	1	5	-2.77387	-3.67151	-4.19187	-4.12332
379	2	1	12	88	2	1	5	-3.97031	-3.43196	-5.82242	-5.3034
380	2	1	5	3	2	3	5	-4.27464	-3.25211	-5.53364	-4.73526
381	4	7	10	4	1	7	1	-1.82095	-3.87869	-2.63845	-1.9001
382	2	1	12	3	2	1	5	-2.64284	-2.11781	-3.66628	-4.8465
383	1	2	4	62	4	5	17	-6.15964	-4.84502	-7.53162	-8.34571
384	1	4	2	2	6	3	17	-4.81035	-2.44492	-4.59356	-5.41005
385	2	1	12	3	2	1	5	-2.64284	-2.11781	-3.66628	-4.8465
386	2	1	12	88	2	1	5	-3.97031	-3.43196	-5.82242	-5.3034
387	9	2	4	62	4	5	6	-3.71259	-5.24911	-5.89906	-7.01341
388	2	4	1	2	7	1	5	-2.29789	-6.08824	-6.27532	-5.43364
389	2	1	5	3	2	3	5	-4.27464	-3.25211	-5.53364	-4.73526
390	7	21	5	62	4	61	44	-8.2683	-3.82507	-5.66519	-7.26047
391	1	2	215	4	90	24	8	-30.0957	-30.1271	-20.2404	-23.5024
392	2	1	21	3	2	1	5	-2.95009	-2.49193	-4.47126	-4.50142
393	1	4	2	2	6	3	17	-4.81035	-2.44492	-4.59356	-5.41005
394	2	4	1	2	2	1	5	-2.77387	-3.67151	-4.19187	-4.12332
395	2	1	12	3	2	1	5	-2.64284	-2.11781	-3.66628	-4.8465
396	1	2	3	4	5	9	3	-4.7909	-2.48328	-3.61277	-4.86014
397	2	1	5	3	2	3	5	-4.27464	-3.25211	-5.53364	-4.73526
398	10	1	16	19	10	5	7	-7.01405	-2.74156	-4.19475	-5.08576
399	2	1	2	3	2	959	5	-7.77927	-11.4314	-10.049	-10.8437
400	10	1	16	19	10	5	7	-7.01405	-2.74156	-4.19475	-5.08576
401	2	4	1	2	7	1	5	-2.29789	-6.08824	-6.27532	-5.43364
402	2	1	12	3	2	1	5	-2.64284	-2.11781	-3.66628	-4.8465
403	8	10	149	2	11	12	6	-4.9152	-3.96967	-5.69357	-7.12472
404	2	4	1	2	7	1	5	-2.29789	-6.08824	-6.27532	-5.43364
405	4	7	10	4	1	7	1	-1.82095	-3.87869	-2.63845	-1.9001
406	4	7	10	4	1	7	1	-1.82095	-3.87869	-2.63845	-1.9001
407	2	4	5	2	2	5	5	-3.6643	-7.42977	-7.23189	-5.98418
408	2	1	12	3	2	1	5	-2.64284	-2.11781	-3.66628	-4.8465
409	166	2	27	10	151	3	1	-31.2141	-34.5112	-25.2007	-27.4732
410	33	39	30	79	113	44	17	-26.4401	-24.5796	-25.4923	-27.7354
411	7	17	2	15	23	3	12	-6.89446	-10.6931	-11.0573	-10.5898
412	1	2	3	4	5	9	3	-4.7909	-2.48328	-3.61277	-4.86014
413	2	4	1	2	7	1	5	-2.29789	-6.08824	-6.27532	-5.43364
414	7	21	5	62	4	61	44	-8.2683	-3.82507	-5.66519	-7.26047
415	2	1	12	3	2	1	5	-2.64284	-2.11781	-3.66628	-4.8465
416	1	2	3	4	5	9	3	-4.7909	-2.48328	-3.61277	-4.86014
417	2	1	5	88	2	11	5	-9.54717	-5.34241	-6.03908	-8.12797
418	2	4	1	2	7	1	5	-2.29789	-6.08824	-6.27532	-5.43364
419	2	1	21	3	2	1	5	-2.95009	-2.49193	-4.47126	-4.50142
420	7	17	2	15	23	3	12	-6.89446	-10.6931	-11.0573	-10.5898
421	2	1	5	88	2	11	5	-9.54717	-5.34241	-6.03908	-8.12797
422	47	2	4	2	6	5	17	-10.8049	-10.3769	-6.18316	-8.61242
423	1	2	3	4	5	9	3	-4.7909	-2.48328	-3.61277	-4.86014
424	7	17	2	15	23	3	12	-6.89446	-10.6931	-11.0573	-10.5898
425	2	4	1	2	2	1	5	-2.77387	-3.67151	-4.19187	-4.12332
426	2	4	1	2	2	1	5	-2.77387	-3.67151	-4.19187	-4.12332
427	2	4	1	2	2	1	5	-2.77387	-3.67151	-4.19187	-4.12332
428	2	1	12	3	2	1	5	-2.64284	-2.11781	-3.66628	-4.8465
429	2	4	5	2	2	5	5	-3.6643	-7.42977	-7.23189	-5.98418
430	2	1	21	3	2	1	5	-2.95009	-2.49193	-4.47126	-4.50142
431	4	7	10	4	42	25	1	-8.59846	-9.56391	-5.78823	-5.12367
432	1	4	2	2	6	3	17	-4.81035	-2.44492	-4.59356	-5.41005
433	1	2	215	4	923	24	8	-30.0957	-30.1271	-20.2404	-23.5024
434	1	2	3	4	5	9	3	-4.7909	-2.48328	-3.61277	-4.86014
435	2	1	1	3	2	1	5	-4.64718	-3.78703	-6.45041	-7.18096
436	1	4	2	2	6	3	17	-4.81035	-2.44492	-4.59356	-5.41005
437	2	4	1	2	2	1	5	-2.77387	-3.67151	-4.19187	-4.12332
438	2	1	5	3	2	5	5	-5.85903	-2.82642	-4.09683	-5.42082
439	4	7	10	4	42	51	1	-2.9239	-4.69575	-4.96643	-3.78982
440	4	7	10	4	1	7	1	-1.82095	-3.87869	-2.63845	-1.9001
441	4	7	10	4	1	7	1	-1.82095	-3.87869	-2.63845	-1.9001
442	4	7	10	4	1	7	1	-1.82095	-3.87869	-2.63845	-1.9001
443	2	1	21	3	2	1	5	-2.95009	-2.49193	-4.47126	-4.50142
444	2	1	21	3	2	1	5	-2.95009	-2.49193	-4.47126	-4.50142
445	2	4	1	2	7	1	5	-2.29789	-6.08824	-6.27532	-5.43364
446	4	7	10	4	1	7	1	-1.82095	-3.87869	-2.63845	-1.9001
447	4	7	10	4	1	7	1	-1.82095	-3.87869	-2.63845	-1.9001
448	2	1	1	3	2	1	5	-4.64718	-3.78703	-6.45041	-7.18096
449	2	1	21	3	2	1	5	-2.95009	-2.49193	-4.47126	-4.50142
450	2	1	21	3	2	1	5	-2.95009	-2.49193	-4.47126	-4.50142
451	4	7	10	4	42	51	1	-2.9239	-4.69575	-4.96643	-3.78982
452	4	7	10	1	1	7	1	-5.2632	-8.75734	-5.99484	-6.10991
453	239	27	16	19	10	5	7	-10.9901	-6.46397	-9.20854	-10.1981
454	2	1	12	3	2	1	5	-2.64284	-2.11781	-3.66628	-4.8465
455	2	4	1	2	2	1	5	-2.77387	-3.67151	-4.19187	-4.12332
456	2	1	12	3	2	1	5	-2.64284	-2.11781	-3.66628	-4.8465
457	2	1	12	3	2	1	5	-2.64284	-2.11781	-3.66628	-4.8465
458	10	81	50	99	120	76	52	-6.70274	-6.39146	-5.26265	-5.11029
459	47	2	4	2	6	5	17	-10.8049	-10.3769	-6.18316	-8.61242
460	2	4	1	3	2	1	5	-6.81177	-8.75853	-10.0721	-10.2248
461	4	7	10	4	1	7	1	-1.82095	-3.87869	-2.63845	-1.9001
462	2	1	1	380	2	1	5	-6.17504	-5.73754	-8.35919	-8.98098
463	2	4	1	2	7	1	5	-2.29789	-6.08824	-6.27532	-5.43364
464	2	1	12	88	2	1	5	-3.97031	-3.43196	-5.82242	-5.3034
465	7	71	5	62	11	67	1	-31.2347	-28.8749	-25.1412	-29.1485
466	2	4	1	2	7	1	5	-2.29789	-6.08824	-6.27532	-5.43364
467	4	7	10	4	1	7	1	-1.82095	-3.87869	-2.63845	-1.9001
468	2	1	1	380	2	1	5	-6.17504	-5.73754	-8.35919	-8.98098
469	2	4	1	2	2	1	5	-2.77387	-3.67151	-4.19187	-4.12332
470	2	1	12	3	2	1	5	-2.64284	-2.11781	-3.66628	-4.8465
471	1	14	2	2	6	1	17	-9.56872	-6.44141	-7.76981	-6.26003
472	1	2	4	62	4	5	17	-6.15964	-4.84502	-7.53162	-8.34571
473	4	7	10	4	1	7	1	-1.82095	-3.87869	-2.63845	-1.9001
474	2	1	21	3	2	1	5	-2.95009	-2.49193	-4.47126	-4.50142
475	2	4	1	2	2	1	5	-2.77387	-3.67151	-4.19187	-4.12332
476	1	4	2	2	6	3	17	-4.81035	-2.44492	-4.59356	-5.41005
477	4	7	10	4	1	7	1	-1.82095	-3.87869	-2.63845	-1.9001
478	10	2	107	62	120	76	1	-6.84298	-10.2403	-7.99838	-6.26489
479	2	1	12	3	2	1	5	-2.64284	-2.11781	-3.66628	-4.8465
480	2	1	5	3	2	3	5	-4.27464	-3.25211	-5.53364	-4.73526
481	2	1	21	3	2	1	5	-2.95009	-2.49193	-4.47126	-4.50142
482	1	2	3	4	5	9	3	-4.7909	-2.48328	-3.61277	-4.86014
483	1	307	3	4	5	9	3	-6.85771	-6.42586	-6.11961	-8.31449
484	7	2	5	2	10	3	6	-31.3128	-28.1652	-29.1908	-29.7394
485	1	2	3	4	5	9	3	-4.7909	-2.48328	-3.61277	-4.86014
486	33	39	30	82	104	173	68	-5.4588	-3.97538	-6.67342	-7.50992
487	4	7	10	4	42	7	1	-6.55837	-8.99305	-5.57418	-4.61093
488	2	1	12	88	2	1	5	-3.97031	-3.43196	-5.82242	-5.3034
489	2	4	1	2	2	1	5	-2.77387	-3.67151	-4.19187	-4.12332
490	2	1	21	3	2	1	5	-2.95009	-2.49193	-4.47126	-4.50142
491	9	2	4	62	4	5	6	-3.71259	-5.24911	-5.89906	-7.01341
492	2	1	5	3	2	3	5	-4.27464	-3.25211	-5.53364	-4.73526
493	4	7	10	4	1	7	1	-1.82095	-3.87869	-2.63845	-1.9001
494	2	1	57	26	127	29	35	-6.86945	-9.82422	-6.17226	-8.47094
495	2	1	57	26	127	29	35	-6.86945	-9.82422	-6.17226	-8.47094
496	2	4	2	4	19	3	6	-5.79026	-9.58642	-9.95001	-9.48235
497	2	1	12	3	2	1	5	-2.64284	-2.11781	-3.66628	-4.8465
498	2	4	1	2	2	1	5	-2.77387	-3.67151	-4.19187	-4.12332
499	2	4	1	2	2	1	5	-2.77387	-3.67151	-4.19187	-4.12332
500	2	1	21	3	2	1	5	-2.95009	-2.49193	-4.47126	-4.50142
501	33	39	65	79	104	43	17	-4.59095	-8.39028	-8.75404	-8.28734
502	1	14	2	2	6	1	17	-9.56872	-6.44141	-7.76981	-6.26003
503	2	1	12	3	2	1	5	-2.64284	-2.11781	-3.66628	-4.8465
504	7	21	5	62	4	61	44	-8.2683	-3.82507	-5.66519	-7.26047
505	9	2	4	62	4	5	6	-3.71259	-5.24911	-5.89906	-7.01341
506	129	66	30	82	189	47	17	-3.24284	-4.93369	-5.63951	-4.1301
507	2	1	21	3	2	1	5	-2.95009	-2.49193	-4.47126	-4.50142
508	47	2	4	2	6	5	17	-10.8049	-10.3769	-6.18316	-8.61242
509	2	4	1	2	7	1	5	-2.29789	-6.08824	-6.27532	-5.43364
510	33	38	30	82	104	325	36	-15.0209	-11.0437	-11.4321	-13.6184
511	1	4	2	2	6	3	17	-4.81035	-2.44492	-4.59356	-5.41005
512	1	4	2	2	6	3	17	-4.81035	-2.44492	-4.59356	-5.41005
513	2	4	1	2	2	1	5	-2.77387	-3.67151	-4.19187	-4.12332
514	4	7	10	4	1	7	1	-1.82095	-3.87869	-2.63845	-1.9001
515	33	283	44	82	189	44	17	-7.79752	-3.46595	-5.43069	-5.87927
516	8	10	149	2	11	12	6	-4.9152	-3.96967	-5.69357	-7.12472
517	2	1	21	3	62	1	5	-5.78721	-9.5744	-9.94784	-9.48398
518	10	1	16	19	10	5	7	-7.01405	-2.74156	-4.19475	-5.08576
519	180	194	2	68	19	231	147	-25.4442	-31.9727	-20.5598	-26.0823
520	2	4	1	2	7	1	5	-2.29789	-6.08824	-6.27532	-5.43364
521	2	4	2	2	6	1	5	-6.1416	-4.8298	-5.9484	-7.77357
522	1	2	3	4	5	9	3	-4.7909	-2.48328	-3.61277	-4.86014
523	2	1	21	3	2	1	5	-2.95009	-2.49193	-4.47126	-4.50142
524	2	1	12	3	2	1	5	-2.64284	-2.11781	-3.66628	-4.8465
525	2	1	5	3	2	3	5	-4.27464	-3.25211	-5.53364	-4.73526
526	1	307	3	4	5	9	3	-6.85771	-6.42586	-6.11961	-8.31449
527	2	4	1	2	7	1	5	-2.29789	-6.08824	-6.27532	-5.43364
528	2	1	12	3	2	1	5	-2.64284	-2.11781	-3.66628	-4.8465
529	7	21	5	62	4	61	44	-8.2683	-3.82507	-5.66519	-7.26047
530	2	1	5	3	2	3	5	-4.27464	-3.25211	-5.53364	-4.73526
531	2	1	12	88	2	1	5	-3.97031	-3.43196	-5.82242	-5.3034
532	2	1	21	3	2	1	5	-2.95009	-2.49193	-4.47126	-4.50142
533	1	4	2	2	6	3	17	-4.81035	-2.44492	-4.59356	-5.41005
534	2	4	1	2	7	1	5	-2.29789	-6.08824	-6.27532	-5.43364
535	47	2	4	2	6	5	17	-10.8049	-10.3769	-6.18316	-8.61242
536	1	4	2	2	6	3	17	-4.81035	-2.44492	-4.59356	-5.41005
537	1	2	3	4	5	9	3	-4.7909	-2.48328	-3.61277	-4.86014
538	2	4	1	2	2	1	5	-2.77387	-3.67151	-4.19187	-4.12332
539	4	7	10	4	42	7	1	-6.55837	-8.99305	-5.57418	-4.61093
540	2	4	1	9	2	1	5	-6.79088	-8.24866	-6.41407	-7.54263
541	2	1	12	3	2	1	5	-2.64284	-2.11781	-3.66628	-4.8465
542	1	4	2	9	6	3	17	-8.83764	-6.97168	-6.78749	-8.8062
543	1	2	3	4	922	9	3	-8.82276	-7.06198	-5.83585	-8.28065
544	4	7	10	4	1	7	1	-1.82095	-3.87869	-2.63845	-1.9001
545	2	1	5	3	2	3	5	-4.27464	-3.25211	-5.53364	-4.73526
546	2	4	1	2	7	1	5	-2.29789	-6.08824	-6.27532	-5.43364
547	4	7	10	4	1	7	1	-1.82095	-3.87869	-2.63845	-1.9001
548	2	4	1	2	2	1	5	-2.77387	-3.67151	-4.19187	-4.12332
549	2	1	21	3	2	1	5	-2.95009	-2.49193	-4.47126	-4.50142
550	4	7	10	4	1	7	1	-1.82095	-3.87869	-2.63845	-1.9001
551	1	4	2	2	6	3	17	-4.81035	-2.44492	-4.59356	-5.41005
552	2	1	5	3	2	5	5	-5.85903	-2.82642	-4.09683	-5.42082
553	2	1	12	3	2	1	5	-2.64284	-2.11781	-3.66628	-4.8465
554	4	936	10	4	1	7	1	-5.84774	-8.45417	-4.83399	-5.32211
555	180	194	2	68	19	231	147	-25.4442	-31.9727	-20.5598	-26.0823
556	4	7	10	4	42	51	1	-2.9239	-4.69575	-4.96643	-3.78982
557	4	7	10	4	42	25	1	-8.59846	-9.56391	-5.78823	-5.12367
558	2	1	21	3	2	1	5	-2.95009	-2.49193	-4.47126	-4.50142
559	2	1	5	3	2	3	5	-4.27464	-3.25211	-5.53364	-4.73526
560	2	1	5	3	2	3	5	-4.27464	-3.25211	-5.53364	-4.73526
561	4	7	10	4	42	51	1	-2.9239	-4.69575	-4.96643	-3.78982
562	4	7	10	4	1	7	1	-1.82095	-3.87869	-2.63845	-1.9001
563	2	4	1	2	7	1	5	-2.29789	-6.08824	-6.27532	-5.43364
564	2	1	21	3	2	1	5	-2.95009	-2.49193	-4.47126	-4.50142
565	1	4	2	2	6	3	17	-4.81035	-2.44492	-4.59356	-5.41005
566	188	313	5	2	89	5	6	-40.4795	-37.1407	-36.9333	-41.4952
567	2	1	21	3	2	1	5	-2.95009	-2.49193	-4.47126	-4.50142
568	2	1	1	3	2	1	5	-4.64718	-3.78703	-6.45041	-7.18096
569	2	1	5	3	2	3	5	-4.27464	-3.25211	-5.53364	-4.73526
570	2	4	1	2	2	1	5	-2.77387	-3.67151	-4.19187	-4.12332
571	2	1	5	3	2	3	5	-4.27464	-3.25211	-5.53364	-4.73526
572	2	1	1	3	2	1	5	-4.64718	-3.78703	-6.45041	-7.18096
573	2	1	5	3	2	3	5	-4.27464	-3.25211	-5.53364	-4.73526
574	1	4	2	2	6	3	17	-4.81035	-2.44492	-4.59356	-5.41005
575	1	4	2	2	6	3	17	-4.81035	-2.44492	-4.59356	-5.41005
576	2	1	21	3	2	1	5	-2.95009	-2.49193	-4.47126	-4.50142
577	239	27	16	19	10	5	7	-10.9901	-6.46397	-9.20854	-10.1981
578	2	4	5	2	2	5	5	-3.6643	-7.42977	-7.23189	-5.98418
579	9	2	4	62	4	5	6	-3.71259	-5.24911	-5.89906	-7.01341
580	2	1	1	3	2	1	5	-4.64718	-3.78703	-6.45041	-7.18096
581	2	1	5	3	2	3	5	-4.27464	-3.25211	-5.53364	-4.73526
582	1	4	2	2	6	3	17	-4.81035	-2.44492	-4.59356	-5.41005
583	2	4	5	2	2	5	5	-3.6643	-7.42977	-7.23189	-5.98418
584	2	4	5	2	2	5	5	-3.6643	-7.42977	-7.23189	-5.98418
585	2	1	5	3	2	3	5	-4.27464	-3.25211	-5.53364	-4.73526
586	2	1	1	380	2	1	5	-6.17504	-5.73754	-8.35919	-8.98098
587	2	7	10	4	1	7	1	-6.5291	-9.00525	-8.21302	-7.41589
588	2	1	12	3	2	1	5	-2.64284	-2.11781	-3.66628	-4.8465
589	2	4	1	2	2	1	5	-2.77387	-3.67151	-4.19187	-4.12332
590	9	2	4	62	4	5	6	-3.71259	-5.24911	-5.89906	-7.01341
591	2	4	5	2	2	5	5	-3.6643	-7.42977	-7.23189	-5.98418
592	1	4	2	2	6	3	17	-4.81035	-2.44492	-4.59356	-5.41005
593	1	4	2	2	6	5	17	-12.8184	-8.82932	-11.5724	-13.7419
594	2	4	2	2	6	1	5	-6.1416	-4.8298	-5.9484	-7.77357
595	1	4	2	2	6	5	17	-12.8184	-8.82932	-11.5724	-13.7419
596	2	23	21	3	2	1	5	-6.98308	-7.07469	-6.69596	-7.92319
597	7	21	5	62	4	61	44	-8.2683	-3.82507	-5.66519	-7.26047
598	2	4	1	2	2	1	5	-2.77387	-3.67151	-4.19187	-4.12332
599	1	307	3	4	5	9	3	-6.85771	-6.42586	-6.11961	-8.31449
600	1	2	3	4	5	9	3	-4.7909	-2.48328	-3.61277	-4.86014
601	9	2	4	62	4	5	6	-3.71259	-5.24911	-5.89906	-7.01341
602	2	1	12	3	2	1	5	-2.64284	-2.11781	-3.66628	-4.8465
603	1	4	2	2	6	3	17	-4.81035	-2.44492	-4.59356	-5.41005
604	10	1	16	19	10	5	7	-7.01405	-2.74156	-4.19475	-5.08576
605	2	1	12	3	2	1	5	-2.64284	-2.11781	-3.66628	-4.8465
606	180	194	2	68	19	231	147	-25.4442	-31.9727	-20.5598	-26.0823
607	2	1	12	3	2	1	5	-2.64284	-2.11781	-3.66628	-4.8465
608	4	7	10	4	1	7	1	-1.82095	-3.87869	-2.63845	-1.9001
609	129	66	30	82	189	47	17	-3.24284	-4.93369	-5.63951	-4.1301
610	4	7	10	4	1	7	1	-1.82095	-3.87869	-2.63845	-1.9001
611	2	1	12	3	2	1	5	-2.64284	-2.11781	-3.66628	-4.8465
612	2	1	21	3	2	1	5	-2.95009	-2.49193	-4.47126	-4.50142
613	4	7	10	4	1	7	1	-1.82095	-3.87869	-2.63845	-1.9001
614	10	1	16	19	10	5	7	-7.01405	-2.74156	-4.19475	-5.08576
615	8	10	149	2	11	12	6	-4.9152	-3.96967	-5.69357	-7.12472
616	129	66	30	82	189	47	17	-3.24284	-4.93369	-5.63951	-4.1301
617	2	4	1	2	2	1	5	-2.77387	-3.67151	-4.19187	-4.12332
618	180	194	2	68	19	231	147	-25.4442	-31.9727	-20.5598	-26.0823
619	2	1	5	3	2	3	5	-4.27464	-3.25211	-5.53364	-4.73526
620	2	4	1	2	2	1	5	-2.77387	-3.67151	-4.19187	-4.12332
621	1	2	3	4	5	9	3	-4.7909	-2.48328	-3.61277	-4.86014
622	180	194	2	68	19	231	147	-25.4442	-31.9727	-20.5598	-26.0823
623	33	39	65	79	104	43	17	-4.59095	-8.39028	-8.75404	-8.28734
624	2	4	5	2	2	5	5	-3.6643	-7.42977	-7.23189	-5.98418
625	2	1	5	3	2	5	5	-5.85903	-2.82642	-4.09683	-5.42082
626	2	1	12	3	2	1	5	-2.64284	-2.11781	-3.66628	-4.8465
627	180	194	2	68	19	231	147	-25.4442	-31.9727	-20.5598	-26.0823
628	2	1	21	3	2	1	5	-2.95009	-2.49193	-4.47126	-4.50142
629	2	1	5	3	2	5	5	-5.85903	-2.82642	-4.09683	-5.42082
630	2	1	21	3	2	1	5	-2.95009	-2.49193	-4.47126	-4.50142
631	1	2	3	4	5	9	3	-4.7909	-2.48328	-3.61277	-4.86014
632	2	1	21	3	2	1	5	-2.95009	-2.49193	-4.47126	-4.50142
633	8	10	2	2	11	12	6	-3.94731	-7.67859	-8.10582	-7.64382
634	2	4	1	2	7	1	5	-2.29789	-6.08824	-6.27532	-5.43364
635	2	1	5	3	2	3	5	-4.27464	-3.25211	-5.53364	-4.73526
636	1	2	3	4	5	9	3	-4.7909	-2.48328	-3.61277	-4.86014
637	9	2	4	62	4	5	6	-3.71259	-5.24911	-5.89906	-7.01341
638	2	1	21	3	2	1	5	-2.95009	-2.49193	-4.47126	-4.50142
639	8	10	149	2	11	12	6	-4.9152	-3.96967	-5.69357	-7.12472
640	2	1	12	88	2	1	5	-3.97031	-3.43196	-5.82242	-5.3034
641	2	4	1	2	2	1	5	-2.77387	-3.67151	-4.19187	-4.12332
642	2	1	5	10	10	1	5	-23.1456	-23.6003	-23.1482	-24.2149
643	1	2	3	4	5	9	3	-4.7909	-2.48328	-3.61277	-4.86014
644	2	4	1	2	7	1	5	-2.29789	-6.08824	-6.27532	-5.43364
645	2	4	1	2	2	1	5	-2.77387	-3.67151	-4.19187	-4.12332
646	1	2	3	4	5	9	3	-4.7909	-2.48328	-3.61277	-4.86014
647	2	1	12	88	2	1	5	-3.97031	-3.43196	-5.82242	-5.3034
648	4	7	10	4	1	7	1	-1.82095	-3.87869	-2.63845	-1.9001
649	2	1	21	3	2	1	5	-2.95009	-2.49193	-4.47126	-4.50142
650	2	4	1	2	7	1	5	-2.29789	-6.08824	-6.27532	-5.43364
651	33	38	30	82	118	43	17	-20.7366	-19.3054	-21.6711	-22.5877
652	2	4	1	2	2	1	5	-2.77387	-3.67151	-4.19187	-4.12332
653	2	1	5	3	2	3	5	-4.27464	-3.25211	-5.53364	-4.73526
654	4	7	10	4	1	7	1	-1.82095	-3.87869	-2.63845	-1.9001
655	8	10	2	2	11	12	6	-3.94731	-7.67859	-8.10582	-7.64382
656	2	4	5	2	2	5	5	-3.6643	-7.42977	-7.23189	-5.98418
657	4	7	10	4	1	7	1	-1.82095	-3.87869	-2.63845	-1.9001
658	2	1	5	3	2	3	5	-4.27464	-3.25211	-5.53364	-4.73526
659	33	39	30	82	113	47	17	-5.78337	-5.74862	-8.30248	-8.80376
660	2	1	21	3	2	1	5	-2.95009	-2.49193	-4.47126	-4.50142
661	2	4	1	2	7	1	5	-2.29789	-6.08824	-6.27532	-5.43364
662	2	1	1	3	2	1	5	-4.64718	-3.78703	-6.45041	-7.18096
663	4	7	10	4	1	7	1	-1.82095	-3.87869	-2.63845	-1.9001
664	7	21	5	62	4	61	44	-8.2683	-3.82507	-5.66519	-7.26047
665	10	81	50	99	120	76	52	-6.70274	-6.39146	-5.26265	-5.11029
666	4	7	10	4	1	7	1	-1.82095	-3.87869	-2.63845	-1.9001
667	1	2	3	4	5	9	3	-4.7909	-2.48328	-3.61277	-4.86014
668	1	2	3	4	5	9	3	-4.7909	-2.48328	-3.61277	-4.86014
669	2	4	1	2	7	1	5	-2.29789	-6.08824	-6.27532	-5.43364
670	4	7	10	4	1	7	1	-1.82095	-3.87869	-2.63845	-1.9001
671	2	1	5	3	2	3	5	-4.27464	-3.25211	-5.53364	-4.73526
672	1	4	2	2	6	3	17	-4.81035	-2.44492	-4.59356	-5.41005
673	4	935	10	4	1	7	1	-5.84774	-8.45417	-4.83399	-5.32211
674	10	1	16	19	10	5	7	-7.01405	-2.74156	-4.19475	-5.08576
675	4	7	10	4	1	7	1	-1.82095	-3.87869	-2.63845	-1.9001
676	33	39	65	79	104	43	17	-4.59095	-8.39028	-8.75404	-8.28734
677	2	4	2	2	6	1	5	-6.1416	-4.8298	-5.9484	-7.77357
678	4	7	10	4	42	25	1	-8.59846	-9.56391	-5.78823	-5.12367
679	1	4	2	2	6	3	17	-4.81035	-2.44492	-4.59356	-5.41005
680	4	7	10	4	42	25	1	-8.59846	-9.56391	-5.78823	-5.12367
681	4	7	10	4	42	25	1	-8.59846	-9.56391	-5.78823	-5.12367
682	4	7	10	4	1	7	1	-1.82095	-3.87869	-2.63845	-1.9001
683	2	4	1	2	7	1	5	-2.29789	-6.08824	-6.27532	-5.43364
684	4	7	10	4	1	7	1	-1.82095	-3.87869	-2.63845	-1.9001
685	4	7	10	4	42	7	1	-6.55837	-8.99305	-5.57418	-4.61093
686	10	27	16	19	10	5	7	-21.4762	-12.9087	-16.1346	-17.4134
687	10	81	50	99	120	76	52	-6.70274	-6.39146	-5.26265	-5.11029
688	4	7	10	4	1	7	1	-1.82095	-3.87869	-2.63845	-1.9001
689	4	7	10	4	42	51	1	-2.9239	-4.69575	-4.96643	-3.78982
690	4	7	10	4	1	7	1	-1.82095	-3.87869	-2.63845	-1.9001
691	10	81	50	99	120	76	52	-6.70274	-6.39146	-5.26265	-5.11029
692	2	4	1	2	2	1	5	-2.77387	-3.67151	-4.19187	-4.12332
693	4	7	10	4	42	51	1	-2.9239	-4.69575	-4.96643	-3.78982
694	4	7	10	4	42	51	1	-2.9239	-4.69575	-4.96643	-3.78982
695	4	7	10	4	42	51	1	-2.9239	-4.69575	-4.96643	-3.78982
696	8	10	2	2	11	12	6	-3.94731	-7.67859	-8.10582	-7.64382
697	33	38	30	82	104	43	17	-5.28394	-9.08232	-9.44517	-8.97475
698	4	7	10	4	1	7	1	-1.82095	-3.87869	-2.63845	-1.9001
699	10	81	50	99	120	76	52	-6.70274	-6.39146	-5.26265	-5.11029
700	2	4	1	2	7	1	5	-2.29789	-6.08824	-6.27532	-5.43364
701	4	7	10	4	1	7	1	-1.82095	-3.87869	-2.63845	-1.9001
702	4	7	10	4	1	7	1	-1.82095	-3.87869	-2.63845	-1.9001
703	10	81	50	99	120	76	52	-6.70274	-6.39146	-5.26265	-5.11029
704	4	7	10	4	42	51	1	-2.9239	-4.69575	-4.96643	-3.78982
705	9	2	4	62	4	5	6	-3.71259	-5.24911	-5.89906	-7.01341
706	4	7	10	4	1	7	1	-1.82095	-3.87869	-2.63845	-1.9001
707	2	1	1	3	2	1	5	-4.64718	-3.78703	-6.45041	-7.18096
708	1	14	2	2	6	1	17	-9.56872	-6.44141	-7.76981	-6.26003
709	2	4	2	2	6	1	5	-6.1416	-4.8298	-5.9484	-7.77357
710	2	4	2	2	6	1	5	-6.1416	-4.8298	-5.9484	-7.77357
711	4	7	10	4	42	51	1	-2.9239	-4.69575	-4.96643	-3.78982
712	10	2	107	62	120	76	1	-6.84298	-10.2403	-7.99838	-6.26489
713	2	1	12	3	2	1	5	-2.64284	-2.11781	-3.66628	-4.8465
714	2	4	1	2	2	1	5	-2.77387	-3.67151	-4.19187	-4.12332
715	47	2	4	2	6	5	17	-10.8049	-10.3769	-6.18316	-8.61242
716	4	7	10	4	42	5	1	-10.9036	-11.0576	-11.2654	-11.5951
717	2	1	12	3	2	1	5	-2.64284	-2.11781	-3.66628	-4.8465
718	4	7	10	4	42	51	1	-2.9239	-4.69575	-4.96643	-3.78982
719	1	307	3	4	5	9	3	-6.85771	-6.42586	-6.11961	-8.31449
720	2	1	21	3	2	1	5	-2.95009	-2.49193	-4.47126	-4.50142
721	4	7	10	4	1	7	1	-1.82095	-3.87869	-2.63845	-1.9001
722	2	4	1	2	2	1	5	-2.77387	-3.67151	-4.19187	-4.12332
723	2	1	12	3	2	1	5	-2.64284	-2.11781	-3.66628	-4.8465
724	4	7	10	4	1	7	1	-1.82095	-3.87869	-2.63845	-1.9001
725	2	1	21	3	2	1	5	-2.95009	-2.49193	-4.47126	-4.50142
726	2	1	1	3	2	1	5	-4.64718	-3.78703	-6.45041	-7.18096
727	4	7	10	4	1	7	1	-1.82095	-3.87869	-2.63845	-1.9001
728	2	1	12	3	2	1	5	-2.64284	-2.11781	-3.66628	-4.8465
729	1	4	3	2	6	3	17	-14.6286	-9.31294	-11.8245	-14.1265
730	2	1	12	3	2	1	5	-2.64284	-2.11781	-3.66628	-4.8465
731	2	1	12	88	2	1	5	-3.97031	-3.43196	-5.82242	-5.3034
732	1	4	2	2	6	3	17	-4.81035	-2.44492	-4.59356	-5.41005
733	4	7	10	4	42	51	1	-2.9239	-4.69575	-4.96643	-3.78982
734	2	1	12	3	2	1	5	-2.64284	-2.11781	-3.66628	-4.8465
735	4	7	10	4	1	7	1	-1.82095	-3.87869	-2.63845	-1.9001
736	2	1	12	88	2	1	5	-3.97031	-3.43196	-5.82242	-5.3034
737	2	1	21	3	2	1	5	-2.95009	-2.49193	-4.47126	-4.50142
738	2	4	5	2	2	5	5	-3.6643	-7.42977	-7.23189	-5.98418
739	2	4	5	2	2	5	5	-3.6643	-7.42977	-7.23189	-5.98418
740	2	1	21	3	62	1	5	-5.78721	-9.5744	-9.94784	-9.48398
741	4	7	10	4	42	25	1	-8.59846	-9.56391	-5.78823	-5.12367
742	1	2	4	62	4	5	17	-6.15964	-4.84502	-7.53162	-8.34571
743	1	2	3	4	5	9	3	-4.7909	-2.48328	-3.61277	-4.86014
744	8	10	2	2	11	12	6	-3.94731	-7.67859	-8.10582	-7.64382
745	2	1	12	88	2	1	5	-3.97031	-3.43196	-5.82242	-5.3034
746	2	4	5	2	2	5	5	-3.6643	-7.42977	-7.23189	-5.98418
747	2	1	12	3	2	1	5	-2.64284	-2.11781	-3.66628	-4.8465
748	7	21	5	62	4	61	44	-8.2683	-3.82507	-5.66519	-7.26047
749	9	2	4	62	4	5	6	-3.71259	-5.24911	-5.89906	-7.01341
750	10	1	16	19	10	5	7	-7.01405	-2.74156	-4.19475	-5.08576
751	10	1	16	19	10	5	7	-7.01405	-2.74156	-4.19475	-5.08576
752	8	10	2	2	11	12	6	-3.94731	-7.67859	-8.10582	-7.64382
753	1	4	2	2	6	3	17	-4.81035	-2.44492	-4.59356	-5.41005
754	2	1	12	3	2	1	5	-2.64284	-2.11781	-3.66628	-4.8465
755	2	1	12	88	2	1	5	-3.97031	-3.43196	-5.82242	-5.3034
756	2	29	4	27	10	25	57	-19.6262	-22.0819	-14.6009	-12.2035
757	2	1	5	3	2	3	5	-4.27464	-3.25211	-5.53364	-4.73526
758	2	1	12	3	2	1	5	-2.64284	-2.11781	-3.66628	-4.8465
759	37	52	57	26	107	29	23	-8.37401	-9.39877	-5.69989	-4.85976
760	2	4	1	2	7	1	5	-2.29789	-6.08824	-6.27532	-5.43364
761	1	2	3	4	5	9	3	-4.7909	-2.48328	-3.61277	-4.86014
762	2	1	12	3	2	1	5	-2.64284	-2.11781	-3.66628	-4.8465
763	1	4	2	2	6	3	17	-4.81035	-2.44492	-4.59356	-5.41005
764	1	4	2	2	6	3	17	-4.81035	-2.44492	-4.59356	-5.41005
765	1	2	3	4	5	9	3	-4.7909	-2.48328	-3.61277	-4.86014
766	4	7	10	4	1	7	1	-1.82095	-3.87869	-2.63845	-1.9001
767	2	1	21	3	2	1	5	-2.95009	-2.49193	-4.47126	-4.50142
768	2	1	12	3	2	1	5	-2.64284	-2.11781	-3.66628	-4.8465
769	2	4	1	2	2	5	5	-6.82374	-6.40769	-8.93723	-9.60115
770	2	4	1	2	2	1	5	-2.77387	-3.67151	-4.19187	-4.12332
771	2	4	5	2	2	5	5	-3.6643	-7.42977	-7.23189	-5.98418
772	10	1	16	19	10	5	7	-7.01405	-2.74156	-4.19475	-5.08576
773	7	21	5	62	4	61	44	-8.2683	-3.82507	-5.66519	-7.26047
774	9	2	4	62	4	5	6	-3.71259	-5.24911	-5.89906	-7.01341
775	2	1	12	3	2	1	5	-2.64284	-2.11781	-3.66628	-4.8465
776	1	4	2	2	6	3	17	-4.81035	-2.44492	-4.59356	-5.41005
777	4	7	10	4	1	7	1	-1.82095	-3.87869	-2.63845	-1.9001
778	2	1	12	3	2	1	5	-2.64284	-2.11781	-3.66628	-4.8465
779	2	1	5	3	2	5	5	-5.85903	-2.82642	-4.09683	-5.42082
780	2	23	21	3	2	1	5	-6.98308	-7.07469	-6.69596	-7.92319
781	2	4	5	2	2	5	5	-3.6643	-7.42977	-7.23189	-5.98418
782	2	4	2	2	6	1	5	-6.1416	-4.8298	-5.9484	-7.77357
783	2	1	12	3	2	1	5	-2.64284	-2.11781	-3.66628	-4.8465
784	4	7	10	4	42	51	1	-2.9239	-4.69575	-4.96643	-3.78982
785	7	17	5	2	86	232	1	-28.5303	-33.9939	-26.8335	-27.853
786	2	4	1	2	2	1	5	-2.77387	-3.67151	-4.19187	-4.12332
787	2	1	12	3	2	1	5	-2.64284	-2.11781	-3.66628	-4.8465
788	2	1	21	3	2	1	5	-2.95009	-2.49193	-4.47126	-4.50142
789	7	17	2	15	23	3	12	-6.89446	-10.6931	-11.0573	-10.5898
790	2	1	5	3	2	5	5	-5.85903	-2.82642	-4.09683	-5.42082
791	1	6	60	24	12	28	1	-29.3539	-32.9804	-17.6976	-22.891
792	1	2	3	4	5	9	3	-4.7909	-2.48328	-3.61277	-4.86014
793	2	4	5	2	2	5	5	-3.6643	-7.42977	-7.23189	-5.98418
794	1	2	3	4	5	9	3	-4.7909	-2.48328	-3.61277	-4.86014
795	1	6	60	24	12	28	1	-29.3539	-32.9804	-17.6976	-22.891
796	9	2	4	62	4	5	6	-3.71259	-5.24911	-5.89906	-7.01341
797	2	4	1	2	2	1	5	-2.77387	-3.67151	-4.19187	-4.12332
798	4	7	10	4	1	7	1	-1.82095	-3.87869	-2.63845	-1.9001
799	2	4	5	2	2	5	5	-3.6643	-7.42977	-7.23189	-5.98418
800	7	2	2	2	11	12	6	-4.49394	-8.29288	-8.65691	-8.19048
801	2	1	21	3	2	1	941	-6.98395	-7.05539	-6.68704	-7.91949
802	9	2	2	10	10	3	5	-29.762	-25.5024	-26.2463	-26.1287
803	8	10	149	2	11	12	6	-4.9152	-3.96967	-5.69357	-7.12472
804	7	1	5	2	10	3	6	-32.2863	-29.8063	-30.1123	-29.7727
805	2	1	21	3	2	1	5	-2.95009	-2.49193	-4.47126	-4.50142
806	33	39	30	82	113	43	17	-10.0544	-6.44158	-6.13906	-8.42777
807	1	6	60	24	12	28	1	-29.3539	-32.9804	-17.6976	-22.891
808	1	6	60	24	12	28	1	-29.3539	-32.9804	-17.6976	-22.891
809	7	17	2	15	23	3	12	-6.89446	-10.6931	-11.0573	-10.5898
810	1	4	2	2	6	3	17	-4.81035	-2.44492	-4.59356	-5.41005
811	1	4	2	2	6	3	17	-4.81035	-2.44492	-4.59356	-5.41005
812	7	21	5	62	4	61	44	-8.2683	-3.82507	-5.66519	-7.26047
813	239	27	16	19	10	5	7	-10.9901	-6.46397	-9.20854	-10.1981
814	9	2	4	62	4	5	6	-3.71259	-5.24911	-5.89906	-7.01341
815	10	1	16	19	10	5	7	-7.01405	-2.74156	-4.19475	-5.08576
816	2	1	5	3	2	5	5	-5.85903	-2.82642	-4.09683	-5.42082
817	2	4	5	2	2	5	5	-3.6643	-7.42977	-7.23189	-5.98418
818	8	10	2	2	11	12	6	-3.94731	-7.67859	-8.10582	-7.64382
819	7	17	2	15	23	3	12	-6.89446	-10.6931	-11.0573	-10.5898
820	2	4	1	4	1	1	5	-15.1879	-18.3186	-15.9332	-15.5573
821	4	7	10	4	1	7	1	-1.82095	-3.87869	-2.63845	-1.9001
822	8	10	149	2	11	12	6	-4.9152	-3.96967	-5.69357	-7.12472
823	2	1	12	88	2	1	5	-3.97031	-3.43196	-5.82242	-5.3034
824	2	4	2	2	6	1	5	-6.1416	-4.8298	-5.9484	-7.77357
825	10	81	50	99	120	76	52	-6.70274	-6.39146	-5.26265	-5.11029
826	2	4	5	2	2	5	5	-3.6643	-7.42977	-7.23189	-5.98418
827	2	4	1	2	2	5	5	-6.82374	-6.40769	-8.93723	-9.60115
828	8	10	149	2	11	12	6	-4.9152	-3.96967	-5.69357	-7.12472
829	1	4	2	2	6	3	17	-4.81035	-2.44492	-4.59356	-5.41005
830	2	165	73	147	220	190	104	-8.75126	-10.1482	-6.9493	-5.18022
831	4	7	10	4	42	25	1	-8.59846	-9.56391	-5.78823	-5.12367
832	7	2	2	2	11	12	6	-4.49394	-8.29288	-8.65691	-8.19048
833	1	6	60	24	12	28	1	-29.3539	-32.9804	-17.6976	-22.891
834	2	1	12	3	2	1	5	-2.64284	-2.11781	-3.66628	-4.8465
835	33	39	65	79	104	77	17	-5.28385	-9.08281	-9.44729	-8.9804
836	4	7	10	4	1	7	1	-1.82095	-3.87869	-2.63845	-1.9001
837	1	2	3	4	5	9	3	-4.7909	-2.48328	-3.61277	-4.86014
838	2	1	21	3	2	1	5	-2.95009	-2.49193	-4.47126	-4.50142
839	2	1	12	3	2	1	5	-2.64284	-2.11781	-3.66628	-4.8465
840	4	7	10	4	1	7	1	-1.82095	-3.87869	-2.63845	-1.9001
841	2	4	1	2	7	1	5	-2.29789	-6.08824	-6.27532	-5.43364
842	184	39	30	82	113	43	17	-3.94794	-6.21982	-7.82379	-7.57006
843	4	7	10	4	1	7	1	-1.82095	-3.87869	-2.63845	-1.9001
844	2	4	1	2	2	1	5	-2.77387	-3.67151	-4.19187	-4.12332
845	4	7	10	4	1	7	1	-1.82095	-3.87869	-2.63845	-1.9001
846	2	1	12	88	2	1	5	-3.97031	-3.43196	-5.82242	-5.3034
847	2	1	21	3	2	1	5	-2.95009	-2.49193	-4.47126	-4.50142
848	1	2	3	4	5	9	3	-4.7909	-2.48328	-3.61277	-4.86014
849	4	7	10	4	1	7	1	-1.82095	-3.87869	-2.63845	-1.9001
850	2	1	21	3	2	1	5	-2.95009	-2.49193	-4.47126	-4.50142
851	8	10	2	2	11	12	6	-3.94731	-7.67859	-8.10582	-7.64382
852	2	4	1	2	2	1	5	-2.77387	-3.67151	-4.19187	-4.12332
853	2	4	1	2	2	1	5	-2.77387	-3.67151	-4.19187	-4.12332
854	2	4	2	2	6	1	5	-6.1416	-4.8298	-5.9484	-7.77357
855	2	4	1	2	2	1	5	-2.77387	-3.67151	-4.19187	-4.12332
856	2	4	1	2	2	1	5	-2.77387	-3.67151	-4.19187	-4.12332
857	2	4	1	2	2	1	5	-2.77387	-3.67151	-4.19187	-4.12332
858	1	2	3	4	5	9	3	-4.7909	-2.48328	-3.61277	-4.86014
859	2	4	1	2	2	1	5	-2.77387	-3.67151	-4.19187	-4.12332
860	2	4	1	2	2	1	5	-2.77387	-3.67151	-4.19187	-4.12332
861	8	10	2	2	11	12	6	-3.94731	-7.67859	-8.10582	-7.64382
862	2	1	5	3	2	3	5	-4.27464	-3.25211	-5.53364	-4.73526
863	33	39	30	82	104	173	68	-5.4588	-3.97538	-6.67342	-7.50992
864	2	4	1	2	7	1	5	-2.29789	-6.08824	-6.27532	-5.43364
865	8	10	2	2	11	12	6	-3.94731	-7.67859	-8.10582	-7.64382
866	2	4	1	2	7	1	5	-2.29789	-6.08824	-6.27532	-5.43364
867	1	2	3	4	5	9	3	-4.7909	-2.48328	-3.61277	-4.86014
868	1	2	215	4	90	24	8	-30.0957	-30.1271	-20.2404	-23.5024
869	2	1	1	3	2	1	5	-4.64718	-3.78703	-6.45041	-7.18096
870	10	81	50	99	120	76	52	-6.70274	-6.39146	-5.26265	-5.11029
871	2	4	1	2	7	1	5	-2.29789	-6.08824	-6.27532	-5.43364
872	2	1	12	3	2	1	5	-2.64284	-2.11781	-3.66628	-4.8465
873	2	4	1	2	2	1	5	-2.77387	-3.67151	-4.19187	-4.12332
874	2	4	1	2	2	1	5	-2.77387	-3.67151	-4.19187	-4.12332
875	2	4	1	2	2	1	5	-2.77387	-3.67151	-4.19187	-4.12332
876	2	1	5	3	2	3	5	-4.27464	-3.25211	-5.53364	-4.73526
877	2	4	1	2	2	1	5	-2.77387	-3.67151	-4.19187	-4.12332
878	4	7	10	4	1	7	1	-1.82095	-3.87869	-2.63845	-1.9001
879	2	4	1	2	7	1	5	-2.29789	-6.08824	-6.27532	-5.43364
880	2	4	5	2	2	5	5	-3.6643	-7.42977	-7.23189	-5.98418
881	2	4	1	2	2	1	5	-2.77387	-3.67151	-4.19187	-4.12332
882	8	10	2	2	11	12	6	-3.94731	-7.67859	-8.10582	-7.64382
883	4	7	10	4	1	7	1	-1.82095	-3.87869	-2.63845	-1.9001
884	2	4	1	2	2	1	5	-2.77387	-3.67151	-4.19187	-4.12332
885	166	2	1	10	17	3	1	-34.0191	-37.2838	-30.659	-31.9957
886	2	4	1	2	7	1	5	-2.29789	-6.08824	-6.27532	-5.43364
887	2	4	1	2	2	1	5	-2.77387	-3.67151	-4.19187	-4.12332
888	4	7	10	4	1	7	1	-1.82095	-3.87869	-2.63845	-1.9001
889	4	7	10	4	1	7	1	-1.82095	-3.87869	-2.63845	-1.9001
890	2	4	1	2	7	1	5	-2.29789	-6.08824	-6.27532	-5.43364
891	2	4	1	2	2	1	5	-2.77387	-3.67151	-4.19187	-4.12332
892	2	1	5	3	2	3	5	-4.27464	-3.25211	-5.53364	-4.73526
893	9	25	2	10	22	3	6	-4.46323	-7.98088	-6.02906	-4.31385
894	2	1	21	3	62	1	5	-5.78721	-9.5744	-9.94784	-9.48398
895	129	66	30	82	189	47	17	-3.24284	-4.93369	-5.63951	-4.1301
896	129	66	30	82	189	47	17	-3.24284	-4.93369	-5.63951	-4.1301
897	4	7	10	4	1	7	1	-1.82095	-3.87869	-2.63845	-1.9001
898	2	4	1	2	2	1	5	-2.77387	-3.67151	-4.19187	-4.12332
899	4	7	10	4	42	7	1	-6.55837	-8.99305	-5.57418	-4.61093
900	2	4	1	2	7	1	5	-2.29789	-6.08824	-6.27532	-5.43364
901	1	307	3	4	5	9	3	-6.85771	-6.42586	-6.11961	-8.31449
902	2	1	21	3	2	1	5	-2.95009	-2.49193	-4.47126	-4.50142
903	4	7	10	4	1	7	1	-1.82095	-3.87869	-2.63845	-1.9001
904	2	1	21	3	2	1	5	-2.95009	-2.49193	-4.47126	-4.50142
905	2	4	1	2	2	5	5	-6.82374	-6.40769	-8.93723	-9.60115
906	2	4	1	2	7	1	5	-2.29789	-6.08824	-6.27532	-5.43364
907	2	4	1	2	7	1	5	-2.29789	-6.08824	-6.27532	-5.43364
908	2	4	1	2	7	1	5	-2.29789	-6.08824	-6.27532	-5.43364
909	4	7	10	4	1	7	1	-1.82095	-3.87869	-2.63845	-1.9001
910	8	10	2	2	11	12	6	-3.94731	-7.67859	-8.10582	-7.64382
911	7	21	5	62	4	61	44	-8.2683	-3.82507	-5.66519	-7.26047
912	2	1	12	88	2	1	5	-3.97031	-3.43196	-5.82242	-5.3034
913	2	4	1	2	2	1	5	-2.77387	-3.67151	-4.19187	-4.12332
914	1	2	3	4	5	9	3	-4.7909	-2.48328	-3.61277	-4.86014
915	2	4	1	2	7	1	5	-2.29789	-6.08824	-6.27532	-5.43364
916	2	4	1	2	2	1	5	-2.77387	-3.67151	-4.19187	-4.12332
917	2	4	1	2	2	1	5	-2.77387	-3.67151	-4.19187	-4.12332
918	2	4	1	2	7	1	5	-2.29789	-6.08824	-6.27532	-5.43364
919	4	7	10	4	1	7	1	-1.82095	-3.87869	-2.63845	-1.9001
920	2	1	5	3	2	3	5	-4.27464	-3.25211	-5.53364	-4.73526
921	2	4	1	2	7	1	5	-2.29789	-6.08824	-6.27532	-5.43364
922	2	4	1	2	2	1	5	-2.77387	-3.67151	-4.19187	-4.12332
923	8	10	2	2	11	12	6	-3.94731	-7.67859	-8.10582	-7.64382
924	2	1	12	3	2	1	5	-2.64284	-2.11781	-3.66628	-4.8465
925	48	7	10	4	183	7	1	-9.79458	-12.9426	-7.03155	-8.68001
926	7	21	5	62	4	61	44	-8.2683	-3.82507	-5.66519	-7.26047
927	4	7	10	4	1	7	1	-1.82095	-3.87869	-2.63845	-1.9001
928	9	25	2	10	22	3	6	-4.46323	-7.98088	-6.02906	-4.31385
929	2	4	1	2	2	1	5	-2.77387	-3.67151	-4.19187	-4.12332
930	2	4	1	2	7	1	5	-2.29789	-6.08824	-6.27532	-5.43364
931	2	4	1	2	2	1	5	-2.77387	-3.67151	-4.19187	-4.12332
932	2	4	1	2	2	1	5	-2.77387	-3.67151	-4.19187	-4.12332
933	9	25	2	10	22	3	6	-4.46323	-7.98088	-6.02906	-4.31385
934	2	4	1	2	2	1	5	-2.77387	-3.67151	-4.19187	-4.12332
935	2	4	1	2	2	1	5	-2.77387	-3.67151	-4.19187	-4.12332
936	2	4	1	2	7	1	5	-2.29789	-6.08824	-6.27532	-5.43364
937	2	4	1	2	7	1	5	-2.29789	-6.08824	-6.27532	-5.43364
938	2	4	1	2	2	1	5	-2.77387	-3.67151	-4.19187	-4.12332
939	2	4	1	2	2	1	5	-2.77387	-3.67151	-4.19187	-4.12332
940	4	7	10	4	1	7	1	-1.82095	-3.87869	-2.63845	-1.9001
941	2	4	1	2	2	1	5	-2.77387	-3.67151	-4.19187	-4.12332
942	4	7	10	4	1	7	1	-1.82095	-3.87869	-2.63845	-1.9001
943	2	4	1	2	7	1	5	-2.29789	-6.08824	-6.27532	-5.43364
944	2	4	1	2	2	1	5	-2.77387	-3.67151	-4.19187	-4.12332
945	4	7	10	4	1	7	1	-1.82095	-3.87869	-2.63845	-1.9001
946	9	25	2	10	22	3	6	-4.46323	-7.98088	-6.02906	-4.31385
947	10	81	50	99	120	76	52	-6.70274	-6.39146	-5.26265	-5.11029
948	2	1	21	3	2	1	5	-2.95009	-2.49193	-4.47126	-4.50142
949	4	7	10	4	1	7	1	-1.82095	-3.87869	-2.63845	-1.9001
950	2	4	1	2	7	1	5	-2.29789	-6.08824	-6.27532	-5.43364
951	4	7	10	4	1	7	1	-1.82095	-3.87869	-2.63845	-1.9001
952	4	7	10	4	1	7	1	-1.82095	-3.87869	-2.63845	-1.9001
953	8	315	2	2	11	12	6	-7.9792	-12.2564	-10.3282	-11.064
954	8	10	2	2	11	12	6	-3.94731	-7.67859	-8.10582	-7.64382
955	2	4	1	2	2	1	5	-2.77387	-3.67151	-4.19187	-4.12332
956	4	7	10	4	1	7	1	-1.82095	-3.87869	-2.63845	-1.9001
957	2	4	1	2	2	1	5	-2.77387	-3.67151	-4.19187	-4.12332
958	2	4	1	2	2	1	5	-2.77387	-3.67151	-4.19187	-4.12332
959	2	4	1	2	2	1	5	-2.77387	-3.67151	-4.19187	-4.12332
960	2	4	1	2	7	1	5	-2.29789	-6.08824	-6.27532	-5.43364
961	2	4	1	2	2	1	5	-2.77387	-3.67151	-4.19187	-4.12332
962	2	4	1	2	2	1	5	-2.77387	-3.67151	-4.19187	-4.12332
963	2	1	21	3	2	1	5	-2.95009	-2.49193	-4.47126	-4.50142
964	2	4	1	2	2	1	5	-2.77387	-3.67151	-4.19187	-4.12332
965	1	4	2	2	2	3	17	-11.1948	-7.78655	-10.7398	-12.2841
966	2	4	1	2	2	1	5	-2.77387	-3.67151	-4.19187	-4.12332
967	2	4	1	2	2	1	5	-2.77387	-3.67151	-4.19187	-4.12332
968	7	21	5	62	4	61	44	-8.2683	-3.82507	-5.66519	-7.26047
969	2	4	1	2	2	1	5	-2.77387	-3.67151	-4.19187	-4.12332
970	4	7	10	4	1	7	1	-1.82095	-3.87869	-2.63845	-1.9001
971	2	4	1	2	2	1	5	-2.77387	-3.67151	-4.19187	-4.12332
972	10	1	16	19	10	5	7	-7.01405	-2.74156	-4.19475	-5.08576
973	8	10	2	2	11	12	6	-3.94731	-7.67859	-8.10582	-7.64382
974	4	7	10	4	1	7	1	-1.82095	-3.87869	-2.63845	-1.9001
975	2	4	2	2	6	1	5	-6.1416	-4.8298	-5.9484	-7.77357
976	2	4	1	2	2	1	5	-2.77387	-3.67151	-4.19187	-4.12332
977	2	4	1	2	2	1	5	-2.77387	-3.67151	-4.19187	-4.12332
978	2	1	12	3	2	1	5	-2.64284	-2.11781	-3.66628	-4.8465
979	2	1	21	3	2	1	5	-2.95009	-2.49193	-4.47126	-4.50142
980	1	4	2	2	6	3	17	-4.81035	-2.44492	-4.59356	-5.41005
981	9	2	4	62	4	5	6	-3.71259	-5.24911	-5.89906	-7.01341
982	9	2	4	62	4	5	6	-3.71259	-5.24911	-5.89906	-7.01341
983	2	4	1	2	2	1	5	-2.77387	-3.67151	-4.19187	-4.12332
984	9	25	2	10	22	3	6	-4.46323	-7.98088	-6.02906	-4.31385
985	2	1	12	3	2	1	5	-2.64284	-2.11781	-3.66628	-4.8465
986	2	4	1	2	2	1	5	-2.77387	-3.67151	-4.19187	-4.12332
987	2	4	1	2	2	1	5	-2.77387	-3.67151	-4.19187	-4.12332
988	2	4	1	2	2	1	5	-2.77387	-3.67151	-4.19187	-4.12332
989	1	4	2	2	6	3	17	-4.81035	-2.44492	-4.59356	-5.41005
990	1	4	2	2	6	3	17	-4.81035	-2.44492	-4.59356	-5.41005
991	9	25	2	10	22	3	6	-4.46323	-7.98088	-6.02906	-4.31385
992	1	4	2	2	6	3	17	-4.81035	-2.44492	-4.59356	-5.41005
993	2	4	1	2	2	1	5	-2.77387	-3.67151	-4.19187	-4.12332
994	2	4	1	2	2	1	5	-2.77387	-3.67151	-4.19187	-4.12332
995	8	10	2	2	11	12	6	-3.94731	-7.67859	-8.10582	-7.64382
996	2	4	1	2	2	1	5	-2.77387	-3.67151	-4.19187	-4.12332
997	2	1	5	3	2	5	5	-5.85903	-2.82642	-4.09683	-5.42082
998	8	10	2	2	11	12	6	-3.94731	-7.67859	-8.10582	-7.64382
999	2	4	1	2	2	1	5	-2.77387	-3.67151	-4.19187	-4.12332
1000	2	4	1	2	2	1	5	-2.77387	-3.67151	-4.19187	-4.12332
1001	2	1	21	3	2	1	5	-2.95009	-2.49193	-4.47126	-4.50142
1002	1	2	4	62	4	5	17	-6.15964	-4.84502	-7.53162	-8.34571
1003	2	1	12	3	2	1	5	-2.64284	-2.11781	-3.66628	-4.8465
1004	2	4	1	2	7	1	5	-2.29789	-6.08824	-6.27532	-5.43364
1005	1	307	3	4	5	9	3	-6.85771	-6.42586	-6.11961	-8.31449
1006	2	4	2	4	19	3	6	-5.79026	-9.58642	-9.95001	-9.48235
1007	2	4	1	2	2	1	5	-2.77387	-3.67151	-4.19187	-4.12332
1008	1	4	2	2	6	3	17	-4.81035	-2.44492	-4.59356	-5.41005
1009	9	25	2	10	22	3	6	-4.46323	-7.98088	-6.02906	-4.31385
1010	4	7	10	4	1	7	1	-1.82095	-3.87869	-2.63845	-1.9001
1011	2	4	1	2	2	1	5	-2.77387	-3.67151	-4.19187	-4.12332
1012	10	1	16	19	10	5	7	-7.01405	-2.74156	-4.19475	-5.08576
1013	2	1	21	3	2	1	5	-2.95009	-2.49193	-4.47126	-4.50142
1014	4	7	10	4	1	7	1	-1.82095	-3.87869	-2.63845	-1.9001
1015	2	4	1	2	2	1	5	-2.77387	-3.67151	-4.19187	-4.12332
1016	1	2	3	4	5	9	3	-4.7909	-2.48328	-3.61277	-4.86014
1017	9	316	4	62	4	5	6	-6.87721	-6.45094	-9.06148	-9.67952
1018	9	25	2	10	22	3	6	-4.46323	-7.98088	-6.02906	-4.31385
1019	1	307	3	4	5	9	3	-6.85771	-6.42586	-6.11961	-8.31449
1020	2	4	1	2	2	1	5	-2.77387	-3.67151	-4.19187	-4.12332
1021	9	25	2	10	22	3	6	-4.46323	-7.98088	-6.02906	-4.31385
1022	2	4	1	2	2	1	5	-2.77387	-3.67151	-4.19187	-4.12332
1023	2	1	12	3	2	1	5	-2.64284	-2.11781	-3.66628	-4.8465
1024	2	1	5	3	2	5	5	-5.85903	-2.82642	-4.09683	-5.42082
1025	2	4	1	2	2	1	5	-2.77387	-3.67151	-4.19187	-4.12332
1026	2	1	12	3	2	1	5	-2.64284	-2.11781	-3.66628	-4.8465
1027	2	1	12	3	2	1	5	-2.64284	-2.11781	-3.66628	-4.8465
1028	10	1	16	19	10	5	7	-7.01405	-2.74156	-4.19475	-5.08576
1029	4	7	10	4	1	7	1	-1.82095	-3.87869	-2.63845	-1.9001
1030	2	4	1	2	2	1	5	-2.77387	-3.67151	-4.19187	-4.12332
1031	2	1	12	88	2	1	5	-3.97031	-3.43196	-5.82242	-5.3034
1032	2	1	21	3	2	1	5	-2.95009	-2.49193	-4.47126	-4.50142
1033	1	2	3	4	5	9	3	-4.7909	-2.48328	-3.61277	-4.86014
1034	8	10	2	2	11	12	6	-3.94731	-7.67859	-8.10582	-7.64382
1035	2	1	12	88	2	1	5	-3.97031	-3.43196	-5.82242	-5.3034
1036	33	39	30	82	104	173	68	-5.4588	-3.97538	-6.67342	-7.50992
1037	1	2	3	4	5	9	3	-4.7909	-2.48328	-3.61277	-4.86014
1038	9	25	2	10	22	3	6	-4.46323	-7.98088	-6.02906	-4.31385
1039	2	4	1	2	2	1	5	-2.77387	-3.67151	-4.19187	-4.12332
1040	8	10	2	2	11	12	6	-3.94731	-7.67859	-8.10582	-7.64382
1041	1	2	4	62	4	5	17	-6.15964	-4.84502	-7.53162	-8.34571
1042	10	1	16	19	10	5	7	-7.01405	-2.74156	-4.19475	-5.08576
1043	33	39	30	82	104	173	68	-5.4588	-3.97538	-6.67342	-7.50992
1044	2	4	1	2	2	1	5	-2.77387	-3.67151	-4.19187	-4.12332
1045	8	10	2	2	11	12	6	-3.94731	-7.67859	-8.10582	-7.64382
1046	2	1	5	3	2	5	5	-5.85903	-2.82642	-4.09683	-5.42082
1047	47	2	4	2	6	5	17	-10.8049	-10.3769	-6.18316	-8.61242
1048	1	2	3	4	5	9	3	-4.7909	-2.48328	-3.61277	-4.86014
1049	4	7	10	4	1	7	1	-1.82095	-3.87869	-2.63845	-1.9001
1050	2	1	5	3	2	3	5	-4.27464	-3.25211	-5.53364	-4.73526
1051	2	4	2	2	6	1	5	-6.1416	-4.8298	-5.9484	-7.77357
1052	2	4	1	2	2	1	5	-2.77387	-3.67151	-4.19187	-4.12332
1053	8	10	149	2	11	12	6	-4.9152	-3.96967	-5.69357	-7.12472
1054	9	25	2	10	22	3	6	-4.46323	-7.98088	-6.02906	-4.31385
1055	2	4	1	2	2	1	5	-2.77387	-3.67151	-4.19187	-4.12332
1056	1	2	3	4	5	9	3	-4.7909	-2.48328	-3.61277	-4.86014
1057	2	1	12	3	2	1	5	-2.64284	-2.11781	-3.66628	-4.8465
1058	4	7	10	4	42	51	1	-2.9239	-4.69575	-4.96643	-3.78982
1059	2	4	1	2	2	1	5	-2.77387	-3.67151	-4.19187	-4.12332
1060	2	1	1	3	2	1	5	-4.64718	-3.78703	-6.45041	-7.18096
1061	2	4	1	2	7	1	5	-2.29789	-6.08824	-6.27532	-5.43364
1062	8	10	2	2	11	12	6	-3.94731	-7.67859	-8.10582	-7.64382
1063	2	4	1	2	2	1	5	-2.77387	-3.67151	-4.19187	-4.12332
1064	9	2	4	62	4	5	6	-3.71259	-5.24911	-5.89906	-7.01341
1065	2	4	1	2	2	1	5	-2.77387	-3.67151	-4.19187	-4.12332
1066	4	7	10	4	1	7	1	-1.82095	-3.87869	-2.63845	-1.9001
1067	8	10	2	2	11	12	6	-3.94731	-7.67859	-8.10582	-7.64382
1068	2	4	2	2	6	1	5	-6.1416	-4.8298	-5.9484	-7.77357
1069	2	4	2	2	6	1	5	-6.1416	-4.8298	-5.9484	-7.77357
1070	2	4	2	2	6	1	5	-6.1416	-4.8298	-5.9484	-7.77357
1071	2	4	2	2	6	1	5	-6.1416	-4.8298	-5.9484	-7.77357
1072	2	4	1	2	2	1	5	-2.77387	-3.67151	-4.19187	-4.12332
1073	2	4	1	2	2	1	5	-2.77387	-3.67151	-4.19187	-4.12332
1074	2	1	12	3	2	1	5	-2.64284	-2.11781	-3.66628	-4.8465
1075	2	4	1	2	7	1	5	-2.29789	-6.08824	-6.27532	-5.43364
1076	4	7	10	4	42	51	1	-2.9239	-4.69575	-4.96643	-3.78982
1077	2	4	1	2	2	1	5	-2.77387	-3.67151	-4.19187	-4.12332
1078	8	10	2	2	11	12	6	-3.94731	-7.67859	-8.10582	-7.64382
1079	1	2	3	4	5	9	3	-4.7909	-2.48328	-3.61277	-4.86014
1080	1	2	3	4	5	9	3	-4.7909	-2.48328	-3.61277	-4.86014
1081	10	1	16	19	10	5	7	-7.01405	-2.74156	-4.19475	-5.08576
1082	8	10	2	2	11	12	6	-3.94731	-7.67859	-8.10582	-7.64382
1083	4	7	10	4	1	7	1	-1.82095	-3.87869	-2.63845	-1.9001
1084	2	4	1	2	2	1	5	-2.77387	-3.67151	-4.19187	-4.12332
1085	2	4	1	2	7	1	5	-2.29789	-6.08824	-6.27532	-5.43364
1086	2	1	21	3	2	1	5	-2.95009	-2.49193	-4.47126	-4.50142
1087	2	1	12	3	2	1	5	-2.64284	-2.11781	-3.66628	-4.8465
1088	2	4	2	4	19	3	6	-5.79026	-9.58642	-9.95001	-9.48235
1089	8	10	149	2	11	12	6	-4.9152	-3.96967	-5.69357	-7.12472
1090	8	10	2	2	11	12	6	-3.94731	-7.67859	-8.10582	-7.64382
1091	2	1	12	3	2	1	5	-2.64284	-2.11781	-3.66628	-4.8465
1092	2	1	12	3	2	1	5	-2.64284	-2.11781	-3.66628	-4.8465
1093	2	1	5	3	2	3	5	-4.27464	-3.25211	-5.53364	-4.73526
1094	184	39	30	82	113	43	17	-3.94794	-6.21982	-7.82379	-7.57006
1095	2	1	12	3	2	1	5	-2.64284	-2.11781	-3.66628	-4.8465
1096	2	4	1	2	2	1	5	-2.77387	-3.67151	-4.19187	-4.12332
1097	4	7	10	4	1	7	1	-1.82095	-3.87869	-2.63845	-1.9001
1098	8	10	2	2	11	12	6	-3.94731	-7.67859	-8.10582	-7.64382
1099	4	7	10	4	1	7	1	-1.82095	-3.87869	-2.63845	-1.9001
1100	4	7	10	4	42	51	1	-2.9239	-4.69575	-4.96643	-3.78982
1101	9	25	2	10	22	3	6	-4.46323	-7.98088	-6.02906	-4.31385
1102	9	2	4	62	4	5	6	-3.71259	-5.24911	-5.89906	-7.01341
1103	4	7	10	4	1	7	1	-1.82095	-3.87869	-2.63845	-1.9001
1104	2	4	1	2	7	1	5	-2.29789	-6.08824	-6.27532	-5.43364
1105	4	7	10	4	1	7	1	-1.82095	-3.87869	-2.63845	-1.9001
1106	8	10	2	2	11	12	6	-3.94731	-7.67859	-8.10582	-7.64382
1107	2	4	1	2	2	1	5	-2.77387	-3.67151	-4.19187	-4.12332
1108	4	7	10	4	42	51	1	-2.9239	-4.69575	-4.96643	-3.78982
1109	1	2	3	4	5	9	3	-4.7909	-2.48328	-3.61277	-4.86014
1110	2	1	12	3	2	1	5	-2.64284	-2.11781	-3.66628	-4.8465
1111	2	4	1	2	2	1	5	-2.77387	-3.67151	-4.19187	-4.12332
1112	10	81	50	99	120	76	52	-6.70274	-6.39146	-5.26265	-5.11029
1113	2	4	1	2	2	1	5	-2.77387	-3.67151	-4.19187	-4.12332
1114	4	7	10	4	42	51	1	-2.9239	-4.69575	-4.96643	-3.78982
1115	4	7	10	4	42	51	1	-2.9239	-4.69575	-4.96643	-3.78982
1116	4	7	10	4	1	7	1	-1.82095	-3.87869	-2.63845	-1.9001
1117	3	1	5	10	11	11	6	-10.9881	-6.46141	-9.20484	-10.1957
1118	10	81	50	99	120	76	52	-6.70274	-6.39146	-5.26265	-5.11029
1119	2	4	1	2	2	1	5	-2.77387	-3.67151	-4.19187	-4.12332
1120	4	7	10	4	1	7	1	-1.82095	-3.87869	-2.63845	-1.9001
1121	4	7	10	4	1	7	1	-1.82095	-3.87869	-2.63845	-1.9001
1122	4	7	10	4	42	51	1	-2.9239	-4.69575	-4.96643	-3.78982
1123	2	1	12	3	2	1	5	-2.64284	-2.11781	-3.66628	-4.8465
1124	2	4	1	2	2	1	5	-2.77387	-3.67151	-4.19187	-4.12332
1125	2	1	1	3	2	1	5	-4.64718	-3.78703	-6.45041	-7.18096
1126	2	4	1	2	2	1	5	-2.77387	-3.67151	-4.19187	-4.12332
1127	2	4	1	2	2	1	5	-2.77387	-3.67151	-4.19187	-4.12332
1128	2	4	1	2	2	1	5	-2.77387	-3.67151	-4.19187	-4.12332
1129	2	4	1	2	2	1	5	-2.77387	-3.67151	-4.19187	-4.12332
1130	1	2	3	4	5	9	3	-4.7909	-2.48328	-3.61277	-4.86014
1131	8	10	2	2	11	12	6	-3.94731	-7.67859	-8.10582	-7.64382
1132	2	1	21	3	2	1	5	-2.95009	-2.49193	-4.47126	-4.50142
1133	2	4	1	2	2	1	5	-2.77387	-3.67151	-4.19187	-4.12332
1134	2	1	21	3	2	1	5	-2.95009	-2.49193	-4.47126	-4.50142
1135	2	1	21	3	2	1	5	-2.95009	-2.49193	-4.47126	-4.50142
1136	2	4	1	2	2	1	5	-2.77387	-3.67151	-4.19187	-4.12332
1137	1	2	3	4	5	9	3	-4.7909	-2.48328	-3.61277	-4.86014
1138	10	1	16	19	10	5	7	-7.01405	-2.74156	-4.19475	-5.08576
1139	2	1	12	3	2	1	5	-2.64284	-2.11781	-3.66628	-4.8465
1140	7	21	5	62	4	61	44	-8.2683	-3.82507	-5.66519	-7.26047
1141	2	4	1	2	2	1	5	-2.77387	-3.67151	-4.19187	-4.12332
1142	2	1	12	3	2	1	5	-2.64284	-2.11781	-3.66628	-4.8465
1143	2	4	1	2	7	1	5	-2.29789	-6.08824	-6.27532	-5.43364
1144	2	1	5	3	2	3	5	-4.27464	-3.25211	-5.53364	-4.73526
1145	2	1	21	3	2	1	5	-2.95009	-2.49193	-4.47126	-4.50142
1146	2	1	21	3	2	1	5	-2.95009	-2.49193	-4.47126	-4.50142
1147	2	1	21	3	2	1	5	-2.95009	-2.49193	-4.47126	-4.50142
1148	2	1	21	3	2	1	5	-2.95009	-2.49193	-4.47126	-4.50142
1149	2	1	12	3	2	1	5	-2.64284	-2.11781	-3.66628	-4.8465
1150	8	10	2	2	11	12	6	-3.94731	-7.67859	-8.10582	-7.64382
1151	129	66	30	82	189	47	17	-3.24284	-4.93369	-5.63951	-4.1301
1152	1	307	3	4	5	9	3	-6.85771	-6.42586	-6.11961	-8.31449
1153	8	10	2	2	11	12	6	-3.94731	-7.67859	-8.10582	-7.64382
1154	2	4	2	2	6	1	5	-6.1416	-4.8298	-5.9484	-7.77357
1155	1	4	2	2	6	3	17	-4.81035	-2.44492	-4.59356	-5.41005
1156	2	4	1	2	2	1	5	-2.77387	-3.67151	-4.19187	-4.12332
1157	8	10	2	2	11	12	6	-3.94731	-7.67859	-8.10582	-7.64382
1158	2	4	2	2	6	1	5	-6.1416	-4.8298	-5.9484	-7.77357
1159	2	1	21	3	2	1	5	-2.95009	-2.49193	-4.47126	-4.50142
1160	2	4	5	2	2	5	5	-3.6643	-7.42977	-7.23189	-5.98418
1161	7	21	5	62	4	61	44	-8.2683	-3.82507	-5.66519	-7.26047
1162	2	1	12	3	2	1	5	-2.64284	-2.11781	-3.66628	-4.8465
1163	10	27	16	19	10	5	7	-21.4762	-12.9087	-16.1346	-17.4134
1164	33	283	44	82	189	44	17	-7.79752	-3.46595	-5.43069	-5.87927
1165	9	25	2	10	22	3	6	-4.46323	-7.98088	-6.02906	-4.31385
1166	7	21	5	62	4	61	44	-8.2683	-3.82507	-5.66519	-7.26047
1167	2	1	5	3	2	3	5	-4.27464	-3.25211	-5.53364	-4.73526
1168	2	1	5	3	2	3	5	-4.27464	-3.25211	-5.53364	-4.73526
1169	9	25	2	10	22	3	6	-4.46323	-7.98088	-6.02906	-4.31385
1170	2	1	5	3	2	3	5	-4.27464	-3.25211	-5.53364	-4.73526
1171	2	4	1	2	2	1	5	-2.77387	-3.67151	-4.19187	-4.12332
1172	129	66	30	82	189	47	17	-3.24284	-4.93369	-5.63951	-4.1301
1173	2	4	1	2	2	1	5	-2.77387	-3.67151	-4.19187	-4.12332
1174	2	1	5	3	2	3	5	-4.27464	-3.25211	-5.53364	-4.73526
1175	2	1	12	3	2	1	5	-2.64284	-2.11781	-3.66628	-4.8465
1176	2	4	1	2	2	1	5	-2.77387	-3.67151	-4.19187	-4.12332
1177	1	4	2	2	6	3	17	-4.81035	-2.44492	-4.59356	-5.41005
1178	2	1	12	3	2	1	5	-2.64284	-2.11781	-3.66628	-4.8465
1179	1	4	2	2	446	3	17	-8.83807	-6.98849	-6.79667	-8.81392
1180	2	1	5	88	2	11	5	-9.54717	-5.34241	-6.03908	-8.12797
1181	2	4	2	2	6	1	5	-6.1416	-4.8298	-5.9484	-7.77357
1182	9	25	2	10	22	3	6	-4.46323	-7.98088	-6.02906	-4.31385
1183	2	1	5	3	2	3	5	-4.27464	-3.25211	-5.53364	-4.73526
1184	7	21	5	62	4	61	44	-8.2683	-3.82507	-5.66519	-7.26047
1185	1	2	3	4	5	9	3	-4.7909	-2.48328	-3.61277	-4.86014
1186	2	4	1	2	2	1	5	-2.77387	-3.67151	-4.19187	-4.12332
1187	7	21	5	62	4	61	44	-8.2683	-3.82507	-5.66519	-7.26047
1188	33	39	30	82	104	173	68	-5.4588	-3.97538	-6.67342	-7.50992
1189	1	4	2	2	6	3	17	-4.81035	-2.44492	-4.59356	-5.41005
1190	2	1	21	3	2	1	5	-2.95009	-2.49193	-4.47126	-4.50142
1191	4	7	10	4	1	7	1	-1.82095	-3.87869	-2.63845	-1.9001
1192	2	1	5	3	2	5	5	-5.85903	-2.82642	-4.09683	-5.42082
1193	1	4	2	2	6	3	17	-4.81035	-2.44492	-4.59356	-5.41005
1194	2	4	1	2	2	1	5	-2.77387	-3.67151	-4.19187	-4.12332
1195	2	4	1	2	2	1	5	-2.77387	-3.67151	-4.19187	-4.12332
1196	2	1	12	3	2	1	5	-2.64284	-2.11781	-3.66628	-4.8465
1197	2	1	6	3	2	3	5	-7.28693	-7.80511	-7.52351	-7.75124
1198	4	7	10	4	1	7	1	-1.82095	-3.87869	-2.63845	-1.9001
1199	2	4	1	2	7	1	5	-2.29789	-6.08824	-6.27532	-5.43364
1200	2	1	1	3	2	1	5	-4.64718	-3.78703	-6.45041	-7.18096
1201	2	4	1	2	2	1	5	-2.77387	-3.67151	-4.19187	-4.12332
1202	7	2	5	2	10	3	6	-31.3128	-28.1652	-29.1908	-29.7394
1203	2	1	21	3	2	1	5	-2.95009	-2.49193	-4.47126	-4.50142
1204	2	4	1	2	7	1	5	-2.29789	-6.08824	-6.27532	-5.43364
1205	4	7	10	4	1	7	1	-1.82095	-3.87869	-2.63845	-1.9001
1206	2	4	1	2	7	1	5	-2.29789	-6.08824	-6.27532	-5.43364
1207	2	4	1	2	2	1	5	-2.77387	-3.67151	-4.19187	-4.12332
1208	1	4	2	2	6	3	17	-4.81035	-2.44492	-4.59356	-5.41005
1209	2	4	1	2	2	1	5	-2.77387	-3.67151	-4.19187	-4.12332
1210	2	4	1	2	2	1	5	-2.77387	-3.67151	-4.19187	-4.12332
1211	74	10	2	2	11	12	6	-7.97921	-12.2564	-10.3283	-11.0644
1212	1	2	3	4	5	9	3	-4.7909	-2.48328	-3.61277	-4.86014
1213	2	1	5	3	2	3	5	-4.27464	-3.25211	-5.53364	-4.73526
1214	4	7	10	4	1	7	1	-1.82095	-3.87869	-2.63845	-1.9001
1215	2	4	2	2	6	1	5	-6.1416	-4.8298	-5.9484	-7.77357
1216	2	1	12	3	2	1	5	-2.64284	-2.11781	-3.66628	-4.8465
1217	2	1	21	3	2	1	5	-2.95009	-2.49193	-4.47126	-4.50142
1218	2	4	1	2	2	1	5	-2.77387	-3.67151	-4.19187	-4.12332
1219	2	1	21	3	2	1	5	-2.95009	-2.49193	-4.47126	-4.50142
1220	4	7	10	4	1	7	1	-1.82095	-3.87869	-2.63845	-1.9001
1221	2	1	21	3	2	1	5	-2.95009	-2.49193	-4.47126	-4.50142
1222	2	4	1	2	2	1	5	-2.77387	-3.67151	-4.19187	-4.12332
1223	4	7	10	4	1	7	1	-1.82095	-3.87869	-2.63845	-1.9001
1224	2	4	1	2	2	1	5	-2.77387	-3.67151	-4.19187	-4.12332
1225	4	7	10	4	1	7	1	-1.82095	-3.87869	-2.63845	-1.9001
1226	4	7	10	4	42	51	1	-2.9239	-4.69575	-4.96643	-3.78982
1227	4	7	10	4	42	7	1	-6.55837	-8.99305	-5.57418	-4.61093
1228	2	4	1	2	2	1	5	-2.77387	-3.67151	-4.19187	-4.12332
1229	2	1	5	3	2	3	5	-4.27464	-3.25211	-5.53364	-4.73526
1230	10	81	50	99	120	76	52	-6.70274	-6.39146	-5.26265	-5.11029
1231	2	4	1	2	7	1	5	-2.29789	-6.08824	-6.27532	-5.43364
1232	2	4	1	2	7	1	5	-2.29789	-6.08824	-6.27532	-5.43364
1233	4	7	10	4	1	7	1	-1.82095	-3.87869	-2.63845	-1.9001
1234	1	4	2	2	6	3	17	-4.81035	-2.44492	-4.59356	-5.41005
1235	4	7	10	4	1	7	1	-1.82095	-3.87869	-2.63845	-1.9001
1236	2	4	1	2	2	1	5	-2.77387	-3.67151	-4.19187	-4.12332
1237	4	7	10	4	1	7	1	-1.82095	-3.87869	-2.63845	-1.9001
1238	4	7	10	4	42	51	1	-2.9239	-4.69575	-4.96643	-3.78982
1239	1	307	3	4	5	9	3	-6.85771	-6.42586	-6.11961	-8.31449
1240	2	4	2	2	6	1	5	-6.1416	-4.8298	-5.9484	-7.77357
1241	8	10	149	2	11	12	6	-4.9152	-3.96967	-5.69357	-7.12472
1242	2	1	12	3	2	1	5	-2.64284	-2.11781	-3.66628	-4.8465
1243	2	4	1	2	2	1	5	-2.77387	-3.67151	-4.19187	-4.12332
1244	2	4	1	2	2	1	5	-2.77387	-3.67151	-4.19187	-4.12332
1245	2	4	1	2	2	1	5	-2.77387	-3.67151	-4.19187	-4.12332
1246	4	7	10	4	42	51	1	-2.9239	-4.69575	-4.96643	-3.78982
1247	2	4	1	2	2	1	5	-2.77387	-3.67151	-4.19187	-4.12332
1248	2	4	1	2	2	1	5	-2.77387	-3.67151	-4.19187	-4.12332
1249	2	1	12	88	2	1	5	-3.97031	-3.43196	-5.82242	-5.3034
1250	1	4	2	2	6	3	17	-4.81035	-2.44492	-4.59356	-5.41005
1251	9	2	4	62	4	5	6	-3.71259	-5.24911	-5.89906	-7.01341
1252	2	4	1	2	7	1	5	-2.29789	-6.08824	-6.27532	-5.43364
1253	2	4	5	2	2	5	5	-3.6643	-7.42977	-7.23189	-5.98418
1254	2	1	21	3	2	1	5	-2.95009	-2.49193	-4.47126	-4.50142
1255	1	4	2	2	6	3	17	-4.81035	-2.44492	-4.59356	-5.41005
1256	2	1	21	3	2	1	5	-2.95009	-2.49193	-4.47126	-4.50142
1257	2	4	1	2	2	5	5	-6.82374	-6.40769	-8.93723	-9.60115
1258	2	1	12	3	2	1	5	-2.64284	-2.11781	-3.66628	-4.8465
1259	2	4	2	2	6	1	5	-6.1416	-4.8298	-5.9484	-7.77357
1260	2	4	1	2	2	1	5	-2.77387	-3.67151	-4.19187	-4.12332
1261	2	4	1	2	2	1	5	-2.77387	-3.67151	-4.19187	-4.12332
1262	1	307	3	4	5	9	3	-6.85771	-6.42586	-6.11961	-8.31449
1263	9	25	2	10	22	3	6	-4.46323	-7.98088	-6.02906	-4.31385
1264	2	1	1	380	2	1	5	-6.17504	-5.73754	-8.35919	-8.98098
1265	2	4	1	2	2	1	5	-2.77387	-3.67151	-4.19187	-4.12332
1266	2	4	1	2	2	1	5	-2.77387	-3.67151	-4.19187	-4.12332
1267	2	1	12	3	2	1	5	-2.64284	-2.11781	-3.66628	-4.8465
1268	1	2	3	4	5	9	3	-4.7909	-2.48328	-3.61277	-4.86014
1269	2	4	1	2	2	1	5	-2.77387	-3.67151	-4.19187	-4.12332
1270	2	4	1	2	2	1	5	-2.77387	-3.67151	-4.19187	-4.12332
1271	2	4	1	2	2	1	5	-2.77387	-3.67151	-4.19187	-4.12332
1272	1	2	3	4	5	9	3	-4.7909	-2.48328	-3.61277	-4.86014
1273	9	2	2	212	309	253	147	-26.886	-29.1261	-20.9204	-25.0983
1274	2	1	21	3	2	1	5	-2.95009	-2.49193	-4.47126	-4.50142
1275	47	2	4	2	6	5	17	-10.8049	-10.3769	-6.18316	-8.61242
1276	1	2	3	4	5	9	3	-4.7909	-2.48328	-3.61277	-4.86014
1277	2	4	1	2	2	1	5	-2.77387	-3.67151	-4.19187	-4.12332
1278	2	4	1	2	2	1	5	-2.77387	-3.67151	-4.19187	-4.12332
1279	9	2	4	62	4	5	6	-3.71259	-5.24911	-5.89906	-7.01341
1280	2	1	12	3	2	1	5	-2.64284	-2.11781	-3.66628	-4.8465
1281	2	4	1	2	2	1	5	-2.77387	-3.67151	-4.19187	-4.12332
1282	2	4	1	2	7	1	5	-2.29789	-6.08824	-6.27532	-5.43364
1283	7	17	2	15	23	3	12	-6.89446	-10.6931	-11.0573	-10.5898
1284	2	1	1	3	2	1	5	-4.64718	-3.78703	-6.45041	-7.18096
1285	2	1	12	3	2	1	5	-2.64284	-2.11781	-3.66628	-4.8465
1286	2	4	1	2	2	1	5	-2.77387	-3.67151	-4.19187	-4.12332
1287	2	1	5	3	2	3	5	-4.27464	-3.25211	-5.53364	-4.73526
1288	2	4	1	2	2	1	5	-2.77387	-3.67151	-4.19187	-4.12332
1289	2	4	1	2	2	1	5	-2.77387	-3.67151	-4.19187	-4.12332
1290	1	4	2	2	6	3	17	-4.81035	-2.44492	-4.59356	-5.41005
1291	2	1	2	3	2	3	5	-3.75007	-7.42242	-7.90351	-7.43826
1292	2	1	5	3	2	3	5	-4.27464	-3.25211	-5.53364	-4.73526
1293	1	2	3	3	5	9	3	-11.6757	-8.05391	-10.0401	-12.2447
1294	4	7	10	4	42	51	1	-2.9239	-4.69575	-4.96643	-3.78982
1295	1	4	2	2	6	3	17	-4.81035	-2.44492	-4.59356	-5.41005
1296	2	1	5	3	2	3	5	-4.27464	-3.25211	-5.53364	-4.73526
1297	4	7	10	4	1	7	1	-1.82095	-3.87869	-2.63845	-1.9001
1298	2	4	1	2	2	1	5	-2.77387	-3.67151	-4.19187	-4.12332
1299	4	7	10	4	1	7	1	-1.82095	-3.87869	-2.63845	-1.9001
1300	2	1	21	3	2	1	5	-2.95009	-2.49193	-4.47126	-4.50142
1301	2	4	1	2	2	1	5	-2.77387	-3.67151	-4.19187	-4.12332
1302	4	7	10	4	1	7	1	-1.82095	-3.87869	-2.63845	-1.9001
1303	2	4	1	2	2	1	5	-2.77387	-3.67151	-4.19187	-4.12332
1304	2	1	5	3	2	5	5	-5.85903	-2.82642	-4.09683	-5.42082
1305	2	4	1	2	2	1	5	-2.77387	-3.67151	-4.19187	-4.12332
1306	2	1	21	3	2	1	5	-2.95009	-2.49193	-4.47126	-4.50142
1307	2	1	5	3	2	5	5	-5.85903	-2.82642	-4.09683	-5.42082
1308	1	4	2	2	6	3	17	-4.81035	-2.44492	-4.59356	-5.41005
1309	1	4	2	2	6	3	17	-4.81035	-2.44492	-4.59356	-5.41005
1310	2	1	5	3	2	3	5	-4.27464	-3.25211	-5.53364	-4.73526
1311	1	4	2	2	6	3	17	-4.81035	-2.44492	-4.59356	-5.41005
1312	2	4	1	2	2	1	5	-2.77387	-3.67151	-4.19187	-4.12332
1313	2	1	12	88	2	1	5	-3.97031	-3.43196	-5.82242	-5.3034
1314	2	1	5	3	2	3	5	-4.27464	-3.25211	-5.53364	-4.73526
1315	2	4	5	2	2	1	5	-6.15332	-9.33327	-9.38837	-9.5915
1316	2	4	1	2	2	1	5	-2.77387	-3.67151	-4.19187	-4.12332
1317	1	4	2	2	6	3	17	-4.81035	-2.44492	-4.59356	-5.41005
1318	2	1	21	3	2	1	5	-2.95009	-2.49193	-4.47126	-4.50142
1319	4	7	10	4	1	7	1	-1.82095	-3.87869	-2.63845	-1.9001
1320	1	2	3	4	5	9	3	-4.7909	-2.48328	-3.61277	-4.86014
1321	2	4	1	2	7	1	5	-2.29789	-6.08824	-6.27532	-5.43364
1322	4	7	10	4	1	7	1	-1.82095	-3.87869	-2.63845	-1.9001
1323	4	7	10	4	1	7	1	-1.82095	-3.87869	-2.63845	-1.9001
1324	1	4	2	2	6	3	17	-4.81035	-2.44492	-4.59356	-5.41005
1325	2	4	1	2	7	1	5	-2.29789	-6.08824	-6.27532	-5.43364
1326	4	7	10	4	1	7	1	-1.82095	-3.87869	-2.63845	-1.9001
1327	8	10	2	2	11	12	6	-3.94731	-7.67859	-8.10582	-7.64382
1328	969	7	10	4	1	7	1	-5.7753	-8.4426	-4.86012	-5.32125
1329	4	7	10	4	1	7	1	-1.82095	-3.87869	-2.63845	-1.9001
1330	10	27	16	942	10	5	7	-25.5081	-17.4872	-18.3573	-20.8338
1331	10	27	16	941	10	5	7	-25.5081	-17.4872	-18.3573	-20.8338
1332	4	7	10	4	1	7	1	-1.82095	-3.87869	-2.63845	-1.9001
1333	4	7	10	4	1	7	1	-1.82095	-3.87869	-2.63845	-1.9001
1334	129	66	30	82	189	47	17	-3.24284	-4.93369	-5.63951	-4.1301
1335	4	7	10	4	1	7	1	-1.82095	-3.87869	-2.63845	-1.9001
1336	4	7	10	4	1	7	1	-1.82095	-3.87869	-2.63845	-1.9001
1337	2	4	1	2	2	1	5	-2.77387	-3.67151	-4.19187	-4.12332
1338	2	1	2	3	2	3	5	-3.75007	-7.42242	-7.90351	-7.43826
1339	10	27	16	19	10	5	7	-21.4762	-12.9087	-16.1346	-17.4134
1340	2	4	1	2	2	1	5	-2.77387	-3.67151	-4.19187	-4.12332
1341	33	39	30	82	104	173	68	-5.4588	-3.97538	-6.67342	-7.50992
1342	1	4	2	2	6	3	17	-4.81035	-2.44492	-4.59356	-5.41005
1343	2	1	5	3	2	5	5	-5.85903	-2.82642	-4.09683	-5.42082
1344	2	1	12	3	2	1	5	-2.64284	-2.11781	-3.66628	-4.8465
1345	8	10	2	2	11	12	6	-3.94731	-7.67859	-8.10582	-7.64382
1346	2	1	1	3	2	1	5	-4.64718	-3.78703	-6.45041	-7.18096
1347	1	4	2	2	6	3	17	-4.81035	-2.44492	-4.59356	-5.41005
1348	7	2	2	2	11	12	6	-4.49394	-8.29288	-8.65691	-8.19048
1349	9	2	4	62	4	5	6	-3.71259	-5.24911	-5.89906	-7.01341
1350	2	1	21	3	2	1	5	-2.95009	-2.49193	-4.47126	-4.50142
1351	9	7	10	4	1	7	1	-10.0203	-12.4103	-11.4689	-10.2274
1352	2	1	12	3	920	1	5	-6.67606	-6.68698	-5.88673	-8.26306
1353	239	27	16	19	10	5	7	-10.9901	-6.46397	-9.20854	-10.1981
1354	7	17	2	15	23	3	12	-6.89446	-10.6931	-11.0573	-10.5898
1355	1	4	2	2	6	3	17	-4.81035	-2.44492	-4.59356	-5.41005
1356	1	6	60	24	12	28	1	-29.3539	-32.9804	-17.6976	-22.891
1357	2	4	5	2	10	1	5	-6.88525	-10.6744	-11.042	-10.581
1358	10	81	50	99	120	76	52	-6.70274	-6.39146	-5.26265	-5.11029
1359	4	7	10	4	1	7	1	-1.82095	-3.87869	-2.63845	-1.9001
1360	2	1	5	3	2	5	5	-5.85903	-2.82642	-4.09683	-5.42082
1361	4	7	10	1	1	7	1	-5.2632	-8.75734	-5.99484	-6.10991
1362	2	4	5	2	10	1	5	-6.88525	-10.6744	-11.042	-10.581
1363	2	1	21	3	2	1	5	-2.95009	-2.49193	-4.47126	-4.50142
1364	2	1	21	3	2	1	5	-2.95009	-2.49193	-4.47126	-4.50142
1365	2	4	1	2	2	1	5	-2.77387	-3.67151	-4.19187	-4.12332
1366	2	4	2	2	6	1	5	-6.1416	-4.8298	-5.9484	-7.77357
1367	2	4	1	2	7	1	5	-2.29789	-6.08824	-6.27532	-5.43364
1368	2	4	1	2	2	1	5	-2.77387	-3.67151	-4.19187	-4.12332
1369	2	4	1	2	2	1	5	-2.77387	-3.67151	-4.19187	-4.12332
1370	4	7	10	4	1	7	1	-1.82095	-3.87869	-2.63845	-1.9001
1371	4	7	10	4	42	51	1	-2.9239	-4.69575	-4.96643	-3.78982
1372	2	1	5	3	2	3	5	-4.27464	-3.25211	-5.53364	-4.73526
1373	2	1	12	3	2	1	5	-2.64284	-2.11781	-3.66628	-4.8465
1374	2	1	1	3	2	1	5	-4.64718	-3.78703	-6.45041	-7.18096
1375	2	4	1	2	2	1	5	-2.77387	-3.67151	-4.19187	-4.12332
1376	4	7	10	4	1	7	1	-1.82095	-3.87869	-2.63845	-1.9001
1377	10	1	16	19	10	5	7	-7.01405	-2.74156	-4.19475	-5.08576
1378	2	4	1	2	7	1	5	-2.29789	-6.08824	-6.27532	-5.43364
1379	2	4	1	2	2	1	5	-2.77387	-3.67151	-4.19187	-4.12332
1380	10	81	50	99	120	76	52	-6.70274	-6.39146	-5.26265	-5.11029
1381	2	1	12	3	2	1	5	-2.64284	-2.11781	-3.66628	-4.8465
1382	2	4	1	2	2	1	5	-2.77387	-3.67151	-4.19187	-4.12332
1383	2	4	1	2	7	1	5	-2.29789	-6.08824	-6.27532	-5.43364
1384	1	2	3	4	5	9	3	-4.7909	-2.48328	-3.61277	-4.86014
1385	8	10	2	2	11	12	6	-3.94731	-7.67859	-8.10582	-7.64382
1386	1	4	2	2	6	3	17	-4.81035	-2.44492	-4.59356	-5.41005
1387	2	4	1	2	2	1	5	-2.77387	-3.67151	-4.19187	-4.12332
1388	2	4	1	2	2	1	5	-2.77387	-3.67151	-4.19187	-4.12332
1389	10	7	10	4	1	7	1	-12.4391	-10.9671	-10.0372	-9.26576
1390	2	1	21	3	2	1	5	-2.95009	-2.49193	-4.47126	-4.50142
1391	2	1	21	3	2	1	5	-2.95009	-2.49193	-4.47126	-4.50142
1392	10	1	16	19	10	5	7	-7.01405	-2.74156	-4.19475	-5.08576
1393	2	1	5	3	2	3	5	-4.27464	-3.25211	-5.53364	-4.73526
1394	2	1	5	3	2	3	5	-4.27464	-3.25211	-5.53364	-4.73526
1395	2	4	1	2	2	5	5	-6.82374	-6.40769	-8.93723	-9.60115
1396	2	4	1	2	7	1	5	-2.29789	-6.08824	-6.27532	-5.43364
1397	10	1	16	19	10	5	7	-7.01405	-2.74156	-4.19475	-5.08576
1398	2	4	1	2	7	1	5	-2.29789	-6.08824	-6.27532	-5.43364
1399	2	934	1	2	2	1	5	-6.72788	-8.24426	-6.40998	-7.53688
