Isolate	Loci0	Loci1	Loci2	Loci3	Loci4	Loci5	Loci6	Source0	Source1	Source2	Source3
0	1	2	3	4	5	9	3	-4.63625	-2.48506	-3.62258	-4.76026
1	4	7	10	4	1	7	1	-1.81888	-3.84864	-2.71172	-1.96808
2	2	4	1	2	2	1	5	-2.76622	-3.66913	-4.19781	-4.04339
3	2	4	1	2	2	1	5	-2.76622	-3.66913	-4.19781	-4.04339
4	9	25	2	10	22	3	6	-4.4616	-7.77083	-6.12611	-4.42129
5	4	7	10	4	1	7	1	-1.81888	-3.84864	-2.71172	-1.96808
6	4	7	10	4	1	7	1	-1.81888	-3.84864	-2.71172	-1.96808
7	4	7	10	4	42	51	1	-2.91901	-4.68592	-4.96622	-3.80964
8	2	4	1	2	2	1	5	-2.76622	-3.66913	-4.19781	-4.04339
9	10	81	50	99	120	76	52	-6.69422	-6.38248	-5.35319	-5.20359
10	2	1	21	3	2	1	5	-2.92226	-2.48924	-4.35617	-4.38724
11	2	1	21	3	2	1	5	-2.92226	-2.48924	-4.35617	-4.38724
12	9	25	2	10	22	3	6	-4.4616	-7.77083	-6.12611	-4.42129
13	2	1	21	3	2	1	5	-2.92226	-2.48924	-4.35617	-4.38724
14	10	27	16	19	10	5	7	-20.3889	-12.7478	-15.6297	-17.1582
15	2	4	1	2	2	1	5	-2.76622	-3.66913	-4.19781	-4.04339
16	2	4	1	2	2	1	5	-2.76622	-3.66913	-4.19781	-4.04339
17	9	2	4	62	4	5	6	-3.70488	-5.25368	-5.83928	-6.19616
18	9	53	2	53	11	3	3	-29.8159	-28.566	-25.6252	-25.485
19	2	4	1	2	2	1	5	-2.76622	-3.66913	-4.19781	-4.04339
20	2	4	1	2	2	1	5	-2.76622	-3.66913	-4.19781	-4.04339
21	4	7	10	4	1	7	1	-1.81888	-3.84864	-2.71172	-1.96808
22	2	4	1	2	2	1	5	-2.76622	-3.66913	-4.19781	-4.04339
23	1	4	2	2	6	3	17	-4.64412	-2.44526	-4.48753	-5.36149
24	4	7	10	4	1	7	1	-1.81888	-3.84864	-2.71172	-1.96808
25	2	1	21	3	2	1	5	-2.92226	-2.48924	-4.35617	-4.38724
26	8	10	2	2	11	12	6	-3.94301	-7.67955	-7.58609	-6.64848
27	2	4	2	2	6	1	5	-6.08047	-4.8301	-5.95233	-7.39937
28	2	1	12	3	2	1	5	-2.61333	-2.1156	-3.61353	-4.47548
29	2	4	1	2	2	1	5	-2.76622	-3.66913	-4.19781	-4.04339
30	4	7	10	4	1	7	1	-1.81888	-3.84864	-2.71172	-1.96808
31	10	1	16	19	10	5	7	-6.23742	-2.74261	-4.18626	-5.08948
32	1	2	3	4	5	9	3	-4.63625	-2.48506	-3.62258	-4.76026
33	2	4	1	2	2	1	5	-2.76622	-3.66913	-4.19781	-4.04339
34	2	4	1	2	2	1	5	-2.76622	-3.66913	-4.19781	-4.04339
35	2	4	1	2	2	1	5	-2.76622	-3.66913	-4.19781	-4.04339
36	4	7	10	4	1	7	1	-1.81888	-3.84864	-2.71172	-1.96808
37	129	66	30	82	189	47	17	-3.23664	-4.9238	-5.60579	-4.15948
38	2	1	12	3	357	1	5	-6.3863	-6.75593	-6.56386	-7.47011
39	9	2	4	62	4	5	6	-3.70488	-5.25368	-5.83928	-6.19616
40	2	1	1	3	2	1	5	-4.60869	-3.78398	-6.18499	-6.76301
41	2	1	12	3	357	1	5	-6.3863	-6.75593	-6.56386	-7.47011
42	2	1	5	3	2	3	5	-4.22832	-3.24848	-5.39329	-4.79053
43	2	1	5	3	2	3	5	-4.22832	-3.24848	-5.39329	-4.79053
44	2	4	1	2	2	1	5	-2.76622	-3.66913	-4.19781	-4.04339
45	2	4	1	2	2	1	5	-2.76622	-3.66913	-4.19781	-4.04339
46	2	4	2	2	6	1	5	-6.08047	-4.8301	-5.95233	-7.39937
47	1	4	2	2	6	3	17	-4.64412	-2.44526	-4.48753	-5.36149
48	2	1	21	3	2	1	5	-2.92226	-2.48924	-4.35617	-4.38724
49	2	1	2	3	2	3	5	-3.74685	-7.41163	-7.37955	-6.4433
50	2	1	21	3	2	1	5	-2.92226	-2.48924	-4.35617	-4.38724
51	7	17	2	15	23	3	12	-6.88965	-10.7067	-10.5377	-9.59516
52	2	4	1	2	7	1	5	-2.29522	-6.09397	-5.84077	-4.78297
53	9	2	4	62	4	5	6	-3.70488	-5.25368	-5.83928	-6.19616
54	2	4	1	2	7	1	5	-2.29522	-6.09397	-5.84077	-4.78297
55	9	2	4	62	4	5	6	-3.70488	-5.25368	-5.83928	-6.19616
56	2	1	12	88	2	1	5	-3.94016	-3.42928	-5.62887	-5.25277
57	2	1	5	3	2	3	5	-4.22832	-3.24848	-5.39329	-4.79053
58	2	4	1	2	2	1	5	-2.76622	-3.66913	-4.19781	-4.04339
59	9	2	4	62	4	5	6	-3.70488	-5.25368	-5.83928	-6.19616
60	2	1	5	3	2	3	5	-4.22832	-3.24848	-5.39329	-4.79053
61	2	4	1	2	2	1	5	-2.76622	-3.66913	-4.19781	-4.04339
62	2	4	1	2	2	1	5	-2.76622	-3.66913	-4.19781	-4.04339
63	2	4	1	2	2	1	5	-2.76622	-3.66913	-4.19781	-4.04339
64	2	4	1	2	2	1	5	-2.76622	-3.66913	-4.19781	-4.04339
65	2	4	1	2	2	1	5	-2.76622	-3.66913	-4.19781	-4.04339
66	2	4	1	2	2	1	5	-2.76622	-3.66913	-4.19781	-4.04339
67	1	2	215	4	90	24	8	-29.4815	-29.5296	-22.3111	-21.9547
68	2	4	1	2	2	1	5	-2.76622	-3.66913	-4.19781	-4.04339
69	1	2	3	4	5	9	3	-4.63625	-2.48506	-3.62258	-4.76026
70	2	4	1	2	2	1	5	-2.76622	-3.66913	-4.19781	-4.04339
71	2	4	1	2	2	1	5	-2.76622	-3.66913	-4.19781	-4.04339
72	9	25	2	10	22	3	6	-4.4616	-7.77083	-6.12611	-4.42129
73	2	15	4	48	360	25	23	-6.70179	-8.83776	-5.80236	-4.97923
74	2	4	1	2	2	1	5	-2.76622	-3.66913	-4.19781	-4.04339
75	2	1	12	88	2	1	5	-3.94016	-3.42928	-5.62887	-5.25277
76	2	4	2	2	6	1	5	-6.08047	-4.8301	-5.95233	-7.39937
77	10	1	16	19	10	5	7	-6.23742	-2.74261	-4.18626	-5.08948
78	2	4	1	2	2	1	5	-2.76622	-3.66913	-4.19781	-4.04339
79	2	1	12	3	2	1	5	-2.61333	-2.1156	-3.61353	-4.47548
80	2	4	1	2	2	1	5	-2.76622	-3.66913	-4.19781	-4.04339
81	2	4	1	2	2	1	5	-2.76622	-3.66913	-4.19781	-4.04339
82	1	4	2	2	6	3	17	-4.64412	-2.44526	-4.48753	-5.36149
83	10	1	16	19	10	5	7	-6.23742	-2.74261	-4.18626	-5.08948
84	8	10	149	2	11	12	6	-4.86929	-3.97217	-5.63182	-6.72262
85	2	4	1	2	2	1	5	-2.76622	-3.66913	-4.19781	-4.04339
86	2	4	1	2	7	1	5	-2.29522	-6.09397	-5.84077	-4.78297
87	32	39	30	82	104	324	17	-8.25575	-4.67407	-7.18965	-8.42223
88	1	2	3	4	5	9	3	-4.63625	-2.48506	-3.62258	-4.76026
89	2	1	5	3	2	3	5	-4.22832	-3.24848	-5.39329	-4.79053
90	2	4	1	2	2	1	5	-2.76622	-3.66913	-4.19781	-4.04339
91	2	4	1	2	7	1	5	-2.29522	-6.09397	-5.84077	-4.78297
92	4	7	10	4	1	7	1	-1.81888	-3.84864	-2.71172	-1.96808
93	2	1	2	3	2	3	5	-3.74685	-7.41163	-7.37955	-6.4433
94	2	1	12	3	2	1	5	-2.61333	-2.1156	-3.61353	-4.47548
95	2	1	21	3	2	1	5	-2.92226	-2.48924	-4.35617	-4.38724
96	2	1	21	3	2	1	5	-2.92226	-2.48924	-4.35617	-4.38724
97	9	2	5	2	11	3	1	-29.3206	-31.6145	-27.9507	-25.8825
98	4	7	10	4	1	7	1	-1.81888	-3.84864	-2.71172	-1.96808
99	2	1	2	3	2	3	5	-3.74685	-7.41163	-7.37955	-6.4433
100	2	1	21	3	2	1	5	-2.92226	-2.48924	-4.35617	-4.38724
101	4	7	10	4	1	7	1	-1.81888	-3.84864	-2.71172	-1.96808
102	2	1	21	3	2	1	5	-2.92226	-2.48924	-4.35617	-4.38724
103	1	4	2	2	6	3	17	-4.64412	-2.44526	-4.48753	-5.36149
104	2	4	5	2	10	1	5	-6.88215	-10.6843	-10.5178	-9.58193
105	2	1	12	88	2	1	5	-3.94016	-3.42928	-5.62887	-5.25277
106	9	2	4	62	4	5	6	-3.70488	-5.25368	-5.83928	-6.19616
107	2	165	73	147	220	190	104	-8.84603	-9.50086	-7.11448	-5.3305
108	2	1	21	3	2	1	5	-2.92226	-2.48924	-4.35617	-4.38724
109	2	4	1	2	2	1	5	-2.76622	-3.66913	-4.19781	-4.04339
110	2	1	12	3	11	1	6	-18.8916	-17.503	-19.8852	-20.2367
111	2	1	2	3	2	3	5	-3.74685	-7.41163	-7.37955	-6.4433
112	2	4	1	2	7	1	5	-2.29522	-6.09397	-5.84077	-4.78297
113	2	1	2	3	2	3	5	-3.74685	-7.41163	-7.37955	-6.4433
114	2	1	21	3	2	1	5	-2.92226	-2.48924	-4.35617	-4.38724
115	2	4	1	2	7	1	5	-2.29522	-6.09397	-5.84077	-4.78297
116	33	39	30	82	113	43	17	-9.64035	-6.44801	-6.20724	-8.03733
117	2	4	1	2	2	1	5	-2.76622	-3.66913	-4.19781	-4.04339
118	2	4	1	2	2	1	5	-2.76622	-3.66913	-4.19781	-4.04339
119	2	4	1	2	2	1	5	-2.76622	-3.66913	-4.19781	-4.04339
120	2	4	1	2	7	1	5	-2.29522	-6.09397	-5.84077	-4.78297
121	4	7	10	1	1	7	1	-5.26154	-8.74318	-6.06027	-6.07738
122	2	1	12	3	2	1	5	-2.61333	-2.1156	-3.61353	-4.47548
123	2	4	1	2	2	1	5	-2.76622	-3.66913	-4.19781	-4.04339
124	2	4	1	2	2	1	5	-2.76622	-3.66913	-4.19781	-4.04339
125	2	4	1	2	7	1	5	-2.29522	-6.09397	-5.84077	-4.78297
126	2	4	1	2	2	1	5	-2.76622	-3.66913	-4.19781	-4.04339
127	2	4	1	2	2	1	5	-2.76622	-3.66913	-4.19781	-4.04339
128	2	1	12	88	2	1	5	-3.94016	-3.42928	-5.62887	-5.25277
129	2	1	12	3	2	1	5	-2.61333	-2.1156	-3.61353	-4.47548
130	2	1	12	3	2	1	5	-2.61333	-2.1156	-3.61353	-4.47548
131	2	4	1	2	7	1	5	-2.29522	-6.09397	-5.84077	-4.78297
132	2	1	21	3	2	1	5	-2.92226	-2.48924	-4.35617	-4.38724
133	2	1	21	3	2	1	5	-2.92226	-2.48924	-4.35617	-4.38724
134	2	4	5	2	2	5	5	-3.66139	-7.41876	-6.95838	-5.69927
135	2	1	21	3	2	1	5	-2.92226	-2.48924	-4.35617	-4.38724
136	1	4	2	2	6	3	1	-11.4244	-9.99743	-10.2388	-10.7751
137	2	1	5	3	2	3	5	-4.22832	-3.24848	-5.39329	-4.79053
138	2	1	5	3	2	3	5	-4.22832	-3.24848	-5.39329	-4.79053
139	4	7	10	4	1	7	1	-1.81888	-3.84864	-2.71172	-1.96808
140	8	10	2	2	11	12	6	-3.94301	-7.67955	-7.58609	-6.64848
141	2	1	2	3	2	3	5	-3.74685	-7.41163	-7.37955	-6.4433
142	2	1	5	3	2	3	5	-4.22832	-3.24848	-5.39329	-4.79053
143	2	1	2	3	2	3	5	-3.74685	-7.41163	-7.37955	-6.4433
144	129	66	30	82	189	47	17	-3.23664	-4.9238	-5.60579	-4.15948
145	2	4	1	2	2	1	5	-2.76622	-3.66913	-4.19781	-4.04339
146	2	4	1	2	2	1	5	-2.76622	-3.66913	-4.19781	-4.04339
147	7	21	5	62	4	61	44	-7.38187	-3.82757	-5.61132	-7.1323
148	2	4	1	2	2	1	5	-2.76622	-3.66913	-4.19781	-4.04339
149	2	937	1	2	2	1	5	-6.46078	-8.31221	-7.14238	-7.02172
150	1	14	2	2	6	1	17	-9.29829	-6.43327	-7.82373	-6.40695
151	1	4	2	2	6	3	17	-4.64412	-2.44526	-4.48753	-5.36149
152	8	10	149	2	11	12	6	-4.86929	-3.97217	-5.63182	-6.72262
153	2	1	12	3	2	1	5	-2.61333	-2.1156	-3.61353	-4.47548
154	9	30	2	2	89	59	6	-4.94211	-8.76028	-8.59058	-7.64788
155	1	2	3	4	5	9	3	-4.63625	-2.48506	-3.62258	-4.76026
156	2	4	1	2	2	1	5	-2.76622	-3.66913	-4.19781	-4.04339
157	2	4	1	2	2	1	5	-2.76622	-3.66913	-4.19781	-4.04339
158	180	194	2	68	19	231	147	-24.1413	-32.3381	-23.6892	-22.9672
159	2	4	1	2	2	1	5	-2.76622	-3.66913	-4.19781	-4.04339
160	2	4	1	2	2	1	5	-2.76622	-3.66913	-4.19781	-4.04339
161	2	4	1	2	2	1	5	-2.76622	-3.66913	-4.19781	-4.04339
162	4	7	10	4	1	7	1	-1.81888	-3.84864	-2.71172	-1.96808
163	2	4	1	2	2	1	5	-2.76622	-3.66913	-4.19781	-4.04339
164	2	1	21	3	2	1	5	-2.92226	-2.48924	-4.35617	-4.38724
165	2	4	1	2	7	1	5	-2.29522	-6.09397	-5.84077	-4.78297
166	2	4	1	2	2	1	5	-2.76622	-3.66913	-4.19781	-4.04339
167	10	1	16	19	10	5	7	-6.23742	-2.74261	-4.18626	-5.08948
168	104	7	10	4	1	7	1	-4.3986	-8.22218	-8.03113	-7.08258
169	2	4	1	2	2	1	5	-2.76622	-3.66913	-4.19781	-4.04339
170	10	27	16	19	10	5	7	-20.3889	-12.7478	-15.6297	-17.1582
171	2	4	1	2	2	1	5	-2.76622	-3.66913	-4.19781	-4.04339
172	2	1	1	3	2	1	5	-4.60869	-3.78398	-6.18499	-6.76301
173	7	21	5	62	4	61	44	-7.38187	-3.82757	-5.61132	-7.1323
174	2	1	1	3	2	1	5	-4.60869	-3.78398	-6.18499	-6.76301
175	10	1	16	19	10	5	7	-6.23742	-2.74261	-4.18626	-5.08948
176	2	4	1	2	2	1	5	-2.76622	-3.66913	-4.19781	-4.04339
177	2	4	1	2	2	1	5	-2.76622	-3.66913	-4.19781	-4.04339
178	2	1	12	3	2	1	5	-2.61333	-2.1156	-3.61353	-4.47548
179	2	4	1	2	2	1	5	-2.76622	-3.66913	-4.19781	-4.04339
180	2	4	1	2	2	1	5	-2.76622	-3.66913	-4.19781	-4.04339
181	1	4	2	2	6	3	17	-4.64412	-2.44526	-4.48753	-5.36149
182	2	1	12	3	2	1	5	-2.61333	-2.1156	-3.61353	-4.47548
183	4	7	10	4	1	7	1	-1.81888	-3.84864	-2.71172	-1.96808
184	2	4	1	2	2	1	5	-2.76622	-3.66913	-4.19781	-4.04339
185	2	4	1	2	2	1	5	-2.76622	-3.66913	-4.19781	-4.04339
186	2	1	21	3	2	1	5	-2.92226	-2.48924	-4.35617	-4.38724
187	4	7	10	4	1	7	1	-1.81888	-3.84864	-2.71172	-1.96808
188	4	7	10	4	42	51	1	-2.91901	-4.68592	-4.96622	-3.80964
189	2	1	5	3	2	3	5	-4.22832	-3.24848	-5.39329	-4.79053
190	1	2	4	62	4	5	17	-6.09484	-4.84629	-7.28219	-8.04451
191	4	7	10	4	1	7	1	-1.81888	-3.84864	-2.71172	-1.96808
192	4	7	10	4	42	51	1	-2.91901	-4.68592	-4.96622	-3.80964
193	2	1	21	3	2	1	5	-2.92226	-2.48924	-4.35617	-4.38724
194	4	7	10	4	42	51	1	-2.91901	-4.68592	-4.96622	-3.80964
195	2	4	1	2	7	1	5	-2.29522	-6.09397	-5.84077	-4.78297
196	2	4	1	2	2	1	5	-2.76622	-3.66913	-4.19781	-4.04339
197	1	2	3	4	5	9	3	-4.63625	-2.48506	-3.62258	-4.76026
198	1	2	4	62	4	5	17	-6.09484	-4.84629	-7.28219	-8.04451
199	2	250	4	281	358	25	57	-28.7357	-30.888	-19.7726	-19.3415
200	9	2	4	62	4	5	6	-3.70488	-5.25368	-5.83928	-6.19616
201	1	2	3	4	5	9	3	-4.63625	-2.48506	-3.62258	-4.76026
202	4	7	10	4	1	7	1	-1.81888	-3.84864	-2.71172	-1.96808
203	2	4	2	4	19	3	6	-5.7865	-9.59861	-9.42773	-8.4841
204	4	7	10	4	1	7	1	-1.81888	-3.84864	-2.71172	-1.96808
205	4	7	10	4	42	51	1	-2.91901	-4.68592	-4.96622	-3.80964
206	2	1	12	3	2	1	5	-2.61333	-2.1156	-3.61353	-4.47548
207	4	7	10	4	1	7	1	-1.81888	-3.84864	-2.71172	-1.96808
208	2	1	12	3	2	1	5	-2.61333	-2.1156	-3.61353	-4.47548
209	1	2	4	62	4	5	17	-6.09484	-4.84629	-7.28219	-8.04451
210	4	7	10	4	42	51	1	-2.91901	-4.68592	-4.96622	-3.80964
211	2	4	1	2	2	1	5	-2.76622	-3.66913	-4.19781	-4.04339
212	4	7	10	4	1	7	1	-1.81888	-3.84864	-2.71172	-1.96808
213	2	1	21	3	2	1	5	-2.92226	-2.48924	-4.35617	-4.38724
214	47	2	4	2	6	5	17	-10.9867	-10.677	-6.26738	-8.15543
215	2	1	21	3	2	1	5	-2.92226	-2.48924	-4.35617	-4.38724
216	2	1	21	3	2	1	5	-2.92226	-2.48924	-4.35617	-4.38724
217	2	4	1	2	2	1	5	-2.76622	-3.66913	-4.19781	-4.04339
218	2	4	1	2	2	1	5	-2.76622	-3.66913	-4.19781	-4.04339
219	10	81	50	99	120	76	52	-6.69422	-6.38248	-5.35319	-5.20359
220	2	4	1	2	2	1	5	-2.76622	-3.66913	-4.19781	-4.04339
221	2	4	1	2	2	1	5	-2.76622	-3.66913	-4.19781	-4.04339
222	1	4	2	2	6	3	17	-4.64412	-2.44526	-4.48753	-5.36149
223	1	2	4	62	4	5	17	-6.09484	-4.84629	-7.28219	-8.04451
224	4	7	10	4	1	7	1	-1.81888	-3.84864	-2.71172	-1.96808
225	4	7	10	4	1	7	1	-1.81888	-3.84864	-2.71172	-1.96808
226	10	1	16	19	10	5	7	-6.23742	-2.74261	-4.18626	-5.08948
227	2	4	1	2	2	1	5	-2.76622	-3.66913	-4.19781	-4.04339
228	2	4	1	2	7	1	5	-2.29522	-6.09397	-5.84077	-4.78297
229	1	4	2	348	6	3	17	-8.94801	-5.3584	-7.87525	-9.11203
230	1	2	4	62	4	5	17	-6.09484	-4.84629	-7.28219	-8.04451
231	10	27	16	19	10	5	7	-20.3889	-12.7478	-15.6297	-17.1582
232	1	4	2	2	6	3	17	-4.64412	-2.44526	-4.48753	-5.36149
233	4	7	10	4	42	51	1	-2.91901	-4.68592	-4.96622	-3.80964
234	2	4	1	2	2	1	5	-2.76622	-3.66913	-4.19781	-4.04339
235	2	1	12	3	2	1	5	-2.61333	-2.1156	-3.61353	-4.47548
236	2	1	12	88	2	1	5	-3.94016	-3.42928	-5.62887	-5.25277
237	2	4	1	2	7	1	5	-2.29522	-6.09397	-5.84077	-4.78297
238	2	1	12	3	2	1	5	-2.61333	-2.1156	-3.61353	-4.47548
239	1	4	2	2	6	3	17	-4.64412	-2.44526	-4.48753	-5.36149
240	2	1	4	28	58	25	58	-5.66547	-8.14059	-5.48057	-4.30465
241	2	1	5	3	2	3	5	-4.22832	-3.24848	-5.39329	-4.79053
242	2	1	12	3	2	1	5	-2.61333	-2.1156	-3.61353	-4.47548
243	2	4	1	2	2	1	5	-2.76622	-3.66913	-4.19781	-4.04339
244	2	1	5	10	11	1	5	-27.276	-22.1594	-23.8686	-24.6637
245	2	1	12	3	2	1	5	-2.61333	-2.1156	-3.61353	-4.47548
246	2	1	12	88	2	1	5	-3.94016	-3.42928	-5.62887	-5.25277
247	2	1	12	3	2	1	5	-2.61333	-2.1156	-3.61353	-4.47548
248	2	1	12	3	2	1	5	-2.61333	-2.1156	-3.61353	-4.47548
249	1	4	2	2	6	3	17	-4.64412	-2.44526	-4.48753	-5.36149
250	9	2	4	62	4	5	6	-3.70488	-5.25368	-5.83928	-6.19616
251	2	1	12	3	2	1	5	-2.61333	-2.1156	-3.61353	-4.47548
252	8	10	149	2	11	12	6	-4.86929	-3.97217	-5.63182	-6.72262
253	2	1	21	3	2	1	5	-2.92226	-2.48924	-4.35617	-4.38724
254	1	2	3	4	5	9	3	-4.63625	-2.48506	-3.62258	-4.76026
255	2	1	5	3	2	3	5	-4.22832	-3.24848	-5.39329	-4.79053
256	1	307	3	4	5	9	3	-6.83161	-6.43212	-6.17916	-7.84063
257	1	4	2	2	6	3	17	-4.64412	-2.44526	-4.48753	-5.36149
258	2	4	1	2	7	1	5	-2.29522	-6.09397	-5.84077	-4.78297
259	2	4	1	2	2	1	5	-2.76622	-3.66913	-4.19781	-4.04339
260	2	61	4	64	126	7	23	-6.02167	-8.31652	-6.09991	-4.32569
261	7	21	5	62	4	61	44	-7.38187	-3.82757	-5.61132	-7.1323
262	2	1	12	3	2	1	5	-2.61333	-2.1156	-3.61353	-4.47548
263	2	4	1	2	2	1	5	-2.76622	-3.66913	-4.19781	-4.04339
264	2	1	12	3	2	1	5	-2.61333	-2.1156	-3.61353	-4.47548
265	2	1	21	3	2	1	5	-2.92226	-2.48924	-4.35617	-4.38724
266	2	1	21	3	2	1	5	-2.92226	-2.48924	-4.35617	-4.38724
267	2	4	1	2	2	1	5	-2.76622	-3.66913	-4.19781	-4.04339
268	2	4	1	2	2	1	5	-2.76622	-3.66913	-4.19781	-4.04339
269	2	4	1	2	7	1	5	-2.29522	-6.09397	-5.84077	-4.78297
270	4	7	10	4	1	7	1	-1.81888	-3.84864	-2.71172	-1.96808
271	1	2	4	62	4	5	17	-6.09484	-4.84629	-7.28219	-8.04451
272	4	1	21	3	2	1	5	-9.78289	-10.1372	-10.2375	-9.87403
273	10	1	16	19	10	5	7	-6.23742	-2.74261	-4.18626	-5.08948
274	33	283	44	82	189	44	17	-6.97986	-3.46752	-5.36526	-5.94187
275	2	1	12	3	2	1	5	-2.61333	-2.1156	-3.61353	-4.47548
276	10	81	50	99	120	76	52	-6.69422	-6.38248	-5.35319	-5.20359
277	4	7	10	4	42	25	1	-8.70704	-9.23207	-5.8945	-5.23949
278	2	4	1	2	2	1	5	-2.76622	-3.66913	-4.19781	-4.04339
279	2	4	5	2	10	1	5	-6.88215	-10.6843	-10.5178	-9.58193
280	2	4	1	2	2	1	5	-2.76622	-3.66913	-4.19781	-4.04339
281	9	2	4	62	4	5	6	-3.70488	-5.25368	-5.83928	-6.19616
282	4	7	10	4	1	7	1	-1.81888	-3.84864	-2.71172	-1.96808
283	2	1	12	3	2	1	5	-2.61333	-2.1156	-3.61353	-4.47548
284	9	2	4	62	4	5	6	-3.70488	-5.25368	-5.83928	-6.19616
285	9	2	4	62	4	5	6	-3.70488	-5.25368	-5.83928	-6.19616
286	2	4	1	2	2	1	5	-2.76622	-3.66913	-4.19781	-4.04339
287	2	1	12	88	2	1	5	-3.94016	-3.42928	-5.62887	-5.25277
288	2	1	21	3	2	1	5	-2.92226	-2.48924	-4.35617	-4.38724
289	33	39	30	79	113	44	17	-26.0584	-24.2582	-24.5591	-26.0496
290	1	2	3	4	5	9	3	-4.63625	-2.48506	-3.62258	-4.76026
291	1	4	2	2	6	3	17	-4.64412	-2.44526	-4.48753	-5.36149
292	9	2	4	62	4	5	6	-3.70488	-5.25368	-5.83928	-6.19616
293	2	1	12	3	2	1	5	-2.61333	-2.1156	-3.61353	-4.47548
294	2	1	5	3	2	5	5	-5.56837	-2.82497	-4.09724	-5.32322
295	2	1	5	3	2	5	5	-5.56837	-2.82497	-4.09724	-5.32322
296	2	4	1	2	2	1	5	-2.76622	-3.66913	-4.19781	-4.04339
297	2	4	1	2	2	1	5	-2.76622	-3.66913	-4.19781	-4.04339
298	2	1	21	3	2	1	5	-2.92226	-2.48924	-4.35617	-4.38724
299	32	39	30	82	104	324	17	-8.25575	-4.67407	-7.18965	-8.42223
300	2	1	12	3	2	1	5	-2.61333	-2.1156	-3.61353	-4.47548
301	4	7	10	4	1	7	1	-1.81888	-3.84864	-2.71172	-1.96808
302	1	4	2	2	6	3	5	-8.81118	-5.25553	-7.78217	-9.02972
303	2	1	21	3	2	1	5	-2.92226	-2.48924	-4.35617	-4.38724
304	4	7	10	4	42	51	1	-2.91901	-4.68592	-4.96622	-3.80964
305	2	4	1	2	7	1	5	-2.29522	-6.09397	-5.84077	-4.78297
306	7	21	5	62	4	61	44	-7.38187	-3.82757	-5.61132	-7.1323
307	104	7	10	4	1	7	1	-4.3986	-8.22218	-8.03113	-7.08258
308	9	25	2	10	22	3	6	-4.4616	-7.77083	-6.12611	-4.42129
309	2	4	2	2	6	3	17	-10.832	-7.61116	-9.82612	-10.5745
310	2	4	1	2	7	1	5	-2.29522	-6.09397	-5.84077	-4.78297
311	129	66	30	82	189	47	17	-3.23664	-4.9238	-5.60579	-4.15948
312	33	39	30	82	104	173	68	-5.38291	-3.97749	-6.42907	-7.24762
313	2	1	12	3	2	1	5	-2.61333	-2.1156	-3.61353	-4.47548
314	2	1	1	3	2	1	5	-4.60869	-3.78398	-6.18499	-6.76301
315	7	21	5	62	4	61	44	-7.38187	-3.82757	-5.61132	-7.1323
316	2	1	21	3	2	1	5	-2.92226	-2.48924	-4.35617	-4.38724
317	4	7	10	4	1	7	1	-1.81888	-3.84864	-2.71172	-1.96808
318	10	2	107	62	120	76	1	-6.84302	-9.96025	-8.11809	-6.38696
319	4	7	10	4	1	7	1	-1.81888	-3.84864	-2.71172	-1.96808
320	2	1	12	3	2	1	5	-2.61333	-2.1156	-3.61353	-4.47548
321	2	1	5	3	2	3	5	-4.22832	-3.24848	-5.39329	-4.79053
322	4	7	10	4	1	7	1	-1.81888	-3.84864	-2.71172	-1.96808
323	2	1	12	88	2	1	5	-3.94016	-3.42928	-5.62887	-5.25277
324	4	7	10	4	42	7	1	-6.5913	-8.64242	-5.68036	-4.72511
325	4	7	10	4	42	51	1	-2.91901	-4.68592	-4.96622	-3.80964
326	2	1	21	3	2	1	5	-2.92226	-2.48924	-4.35617	-4.38724
327	2	1	12	3	2	1	5	-2.61333	-2.1156	-3.61353	-4.47548
328	4	7	10	4	1	7	1	-1.81888	-3.84864	-2.71172	-1.96808
329	2	4	1	2	7	1	5	-2.29522	-6.09397	-5.84077	-4.78297
330	4	7	10	4	1	7	1	-1.81888	-3.84864	-2.71172	-1.96808
331	2	1	12	3	2	1	5	-2.61333	-2.1156	-3.61353	-4.47548
332	4	7	10	4	1	7	1	-1.81888	-3.84864	-2.71172	-1.96808
333	4	7	10	4	1	7	1	-1.81888	-3.84864	-2.71172	-1.96808
334	1	4	2	2	6	3	17	-4.64412	-2.44526	-4.48753	-5.36149
335	2	4	1	2	2	1	5	-2.76622	-3.66913	-4.19781	-4.04339
336	4	7	10	4	1	7	1	-1.81888	-3.84864	-2.71172	-1.96808
337	7	17	2	15	23	3	12	-6.88965	-10.7067	-10.5377	-9.59516
338	2	1	5	3	2	3	5	-4.22832	-3.24848	-5.39329	-4.79053
339	4	7	10	4	1	7	1	-1.81888	-3.84864	-2.71172	-1.96808
340	4	7	10	4	1	7	1	-1.81888	-3.84864	-2.71172	-1.96808
341	4	7	10	4	42	51	1	-2.91901	-4.68592	-4.96622	-3.80964
342	2	4	1	2	2	1	5	-2.76622	-3.66913	-4.19781	-4.04339
343	2	1	12	88	2	1	5	-3.94016	-3.42928	-5.62887	-5.25277
344	2	1	1	3	2	1	5	-4.60869	-3.78398	-6.18499	-6.76301
345	1	2	3	4	5	9	3	-4.63625	-2.48506	-3.62258	-4.76026
346	2	1	12	88	2	1	5	-3.94016	-3.42928	-5.62887	-5.25277
347	2	1	1	3	2	1	5	-4.60869	-3.78398	-6.18499	-6.76301
348	24	17	2	10	23	68	5	-9.3535	-5.77067	-8.28697	-9.52009
349	4	7	10	4	1	7	1	-1.81888	-3.84864	-2.71172	-1.96808
350	2	1	21	3	2	1	5	-2.92226	-2.48924	-4.35617	-4.38724
351	1	4	2	2	6	3	17	-4.64412	-2.44526	-4.48753	-5.36149
352	2	1	5	3	2	3	5	-4.22832	-3.24848	-5.39329	-4.79053
353	4	7	10	4	1	7	1	-1.81888	-3.84864	-2.71172	-1.96808
354	2	1	1	3	2	1	5	-4.60869	-3.78398	-6.18499	-6.76301
355	2	1	12	3	2	1	5	-2.61333	-2.1156	-3.61353	-4.47548
356	8	10	149	2	11	12	6	-4.86929	-3.97217	-5.63182	-6.72262
357	2	4	1	2	2	5	5	-6.80433	-6.40242	-8.65652	-9.06833
358	10	1	16	19	10	5	7	-6.23742	-2.74261	-4.18626	-5.08948
359	24	17	2	10	23	68	5	-9.3535	-5.77067	-8.28697	-9.52009
360	1	2	4	62	4	5	17	-6.09484	-4.84629	-7.28219	-8.04451
361	2	4	1	2	7	1	5	-2.29522	-6.09397	-5.84077	-4.78297
362	7	71	5	62	11	67	6	-28.7791	-28.437	-27.058	-27.9761
363	7	17	5	2	10	3	6	-25.6375	-24.1208	-23.4896	-22.427
364	2	1	5	3	2	3	5	-4.22832	-3.24848	-5.39329	-4.79053
365	9	2	4	62	4	5	6	-3.70488	-5.25368	-5.83928	-6.19616
366	33	38	30	82	104	325	36	-13.8202	-11.1163	-11.9345	-13.2109
367	2	4	1	2	7	1	5	-2.29522	-6.09397	-5.84077	-4.78297
368	47	2	4	2	6	5	17	-10.9867	-10.677	-6.26738	-8.15543
369	2	1	12	88	2	1	5	-3.94016	-3.42928	-5.62887	-5.25277
370	2	1	12	88	2	1	5	-3.94016	-3.42928	-5.62887	-5.25277
371	2	1	12	88	2	1	5	-3.94016	-3.42928	-5.62887	-5.25277
372	2	1	12	88	2	1	5	-3.94016	-3.42928	-5.62887	-5.25277
373	2	4	1	2	2	1	5	-2.76622	-3.66913	-4.19781	-4.04339
374	2	1	12	88	2	1	5	-3.94016	-3.42928	-5.62887	-5.25277
375	1	1	2	2	6	3	17	-9.84355	-6.14966	-8.67061	-9.94704
376	2	1	12	88	2	1	5	-3.94016	-3.42928	-5.62887	-5.25277
377	2	1	12	88	2	1	5	-3.94016	-3.42928	-5.62887	-5.25277
378	2	4	1	2	2	1	5	-2.76622	-3.66913	-4.19781	-4.04339
379	2	1	12	88	2	1	5	-3.94016	-3.42928	-5.62887	-5.25277
380	2	1	5	3	2	3	5	-4.22832	-3.24848	-5.39329	-4.79053
381	4	7	10	4	1	7	1	-1.81888	-3.84864	-2.71172	-1.96808
382	2	1	12	3	2	1	5	-2.61333	-2.1156	-3.61353	-4.47548
383	1	2	4	62	4	5	17	-6.09484	-4.84629	-7.28219	-8.04451
384	1	4	2	2	6	3	17	-4.64412	-2.44526	-4.48753	-5.36149
385	2	1	12	3	2	1	5	-2.61333	-2.1156	-3.61353	-4.47548
386	2	1	12	88	2	1	5	-3.94016	-3.42928	-5.62887	-5.25277
387	9	2	4	62	4	5	6	-3.70488	-5.25368	-5.83928	-6.19616
388	2	4	1	2	7	1	5	-2.29522	-6.09397	-5.84077	-4.78297
389	2	1	5	3	2	3	5	-4.22832	-3.24848	-5.39329	-4.79053
390	7	21	5	62	4	61	44	-7.38187	-3.82757	-5.61132	-7.1323
391	1	2	215	4	90	24	8	-29.4815	-29.5296	-22.3111	-21.9547
392	2	1	21	3	2	1	5	-2.92226	-2.48924	-4.35617	-4.38724
393	1	4	2	2	6	3	17	-4.64412	-2.44526	-4.48753	-5.36149
394	2	4	1	2	2	1	5	-2.76622	-3.66913	-4.19781	-4.04339
395	2	1	12	3	2	1	5	-2.61333	-2.1156	-3.61353	-4.47548
396	1	2	3	4	5	9	3	-4.63625	-2.48506	-3.62258	-4.76026
397	2	1	5	3	2	3	5	-4.22832	-3.24848	-5.39329	-4.79053
398	10	1	16	19	10	5	7	-6.23742	-2.74261	-4.18626	-5.08948
399	2	1	2	3	2	959	5	-7.51682	-11.4222	-10.261	-9.42927
400	10	1	16	19	10	5	7	-6.23742	-2.74261	-4.18626	-5.08948
401	2	4	1	2	7	1	5	-2.29522	-6.09397	-5.84077	-4.78297
402	2	1	12	3	2	1	5	-2.61333	-2.1156	-3.61353	-4.47548
403	8	10	149	2	11	12	6	-4.86929	-3.97217	-5.63182	-6.72262
404	2	4	1	2	7	1	5	-2.29522	-6.09397	-5.84077	-4.78297
405	4	7	10	4	1	7	1	-1.81888	-3.84864	-2.71172	-1.96808
406	4	7	10	4	1	7	1	-1.81888	-3.84864	-2.71172	-1.96808
407	2	4	5	2	2	5	5	-3.66139	-7.41876	-6.95838	-5.69927
408	2	1	12	3	2	1	5	-2.61333	-2.1156	-3.61353	-4.47548
409	166	2	27	10	151	3	1	-30.8416	-34.3305	-26.9942	-25.6564
410	33	39	30	79	113	44	17	-26.0584	-24.2582	-24.5591	-26.0496
411	7	17	2	15	23	3	12	-6.88965	-10.7067	-10.5377	-9.59516
412	1	2	3	4	5	9	3	-4.63625	-2.48506	-3.62258	-4.76026
413	2	4	1	2	7	1	5	-2.29522	-6.09397	-5.84077	-4.78297
414	7	21	5	62	4	61	44	-7.38187	-3.82757	-5.61132	-7.1323
415	2	1	12	3	2	1	5	-2.61333	-2.1156	-3.61353	-4.47548
416	1	2	3	4	5	9	3	-4.63625	-2.48506	-3.62258	-4.76026
417	2	1	5	88	2	11	5	-8.82143	-5.3431	-6.07467	-7.82362
418	2	4	1	2	7	1	5	-2.29522	-6.09397	-5.84077	-4.78297
419	2	1	21	3	2	1	5	-2.92226	-2.48924	-4.35617	-4.38724
420	7	17	2	15	23	3	12	-6.88965	-10.7067	-10.5377	-9.59516
421	2	1	5	88	2	11	5	-8.82143	-5.3431	-6.07467	-7.82362
422	47	2	4	2	6	5	17	-10.9867	-10.677	-6.26738	-8.15543
423	1	2	3	4	5	9	3	-4.63625	-2.48506	-3.62258	-4.76026
424	7	17	2	15	23	3	12	-6.88965	-10.7067	-10.5377	-9.59516
425	2	4	1	2	2	1	5	-2.76622	-3.66913	-4.19781	-4.04339
426	2	4	1	2	2	1	5	-2.76622	-3.66913	-4.19781	-4.04339
427	2	4	1	2	2	1	5	-2.76622	-3.66913	-4.19781	-4.04339
428	2	1	12	3	2	1	5	-2.61333	-2.1156	-3.61353	-4.47548
429	2	4	5	2	2	5	5	-3.66139	-7.41876	-6.95838	-5.69927
430	2	1	21	3	2	1	5	-2.92226	-2.48924	-4.35617	-4.38724
431	4	7	10	4	42	25	1	-8.70704	-9.23207	-5.8945	-5.23949
432	1	4	2	2	6	3	17	-4.64412	-2.44526	-4.48753	-5.36149
433	1	2	215	4	923	24	8	-29.4815	-29.5296	-22.3111	-21.9547
434	1	2	3	4	5	9	3	-4.63625	-2.48506	-3.62258	-4.76026
435	2	1	1	3	2	1	5	-4.60869	-3.78398	-6.18499	-6.76301
436	1	4	2	2	6	3	17	-4.64412	-2.44526	-4.48753	-5.36149
437	2	4	1	2	2	1	5	-2.76622	-3.66913	-4.19781	-4.04339
438	2	1	5	3	2	5	5	-5.56837	-2.82497	-4.09724	-5.32322
439	4	7	10	4	42	51	1	-2.91901	-4.68592	-4.96622	-3.80964
440	4	7	10	4	1	7	1	-1.81888	-3.84864	-2.71172	-1.96808
441	4	7	10	4	1	7	1	-1.81888	-3.84864	-2.71172	-1.96808
442	4	7	10	4	1	7	1	-1.81888	-3.84864	-2.71172	-1.96808
443	2	1	21	3	2	1	5	-2.92226	-2.48924	-4.35617	-4.38724
444	2	1	21	3	2	1	5	-2.92226	-2.48924	-4.35617	-4.38724
445	2	4	1	2	7	1	5	-2.29522	-6.09397	-5.84077	-4.78297
446	4	7	10	4	1	7	1	-1.81888	-3.84864	-2.71172	-1.96808
447	4	7	10	4	1	7	1	-1.81888	-3.84864	-2.71172	-1.96808
448	2	1	1	3	2	1	5	-4.60869	-3.78398	-6.18499	-6.76301
449	2	1	21	3	2	1	5	-2.92226	-2.48924	-4.35617	-4.38724
450	2	1	21	3	2	1	5	-2.92226	-2.48924	-4.35617	-4.38724
451	4	7	10	4	42	51	1	-2.91901	-4.68592	-4.96622	-3.80964
452	4	7	10	1	1	7	1	-5.26154	-8.74318	-6.06027	-6.07738
453	239	27	16	19	10	5	7	-10.0489	-6.46583	-8.98077	-10.2149
454	2	1	12	3	2	1	5	-2.61333	-2.1156	-3.61353	-4.47548
455	2	4	1	2	2	1	5	-2.76622	-3.66913	-4.19781	-4.04339
456	2	1	12	3	2	1	5	-2.61333	-2.1156	-3.61353	-4.47548
457	2	1	12	3	2	1	5	-2.61333	-2.1156	-3.61353	-4.47548
458	10	81	50	99	120	76	52	-6.69422	-6.38248	-5.35319	-5.20359
459	47	2	4	2	6	5	17	-10.9867	-10.677	-6.26738	-8.15543
460	2	4	1	3	2	1	5	-6.82058	-8.61847	-9.64769	-9.32569
461	4	7	10	4	1	7	1	-1.81888	-3.84864	-2.71172	-1.96808
462	2	1	1	380	2	1	5	-6.14694	-5.73625	-8.08226	-8.45966
463	2	4	1	2	7	1	5	-2.29522	-6.09397	-5.84077	-4.78297
464	2	1	12	88	2	1	5	-3.94016	-3.42928	-5.62887	-5.25277
465	7	71	5	62	11	67	1	-30.2722	-28.6711	-25.915	-27.2857
466	2	4	1	2	7	1	5	-2.29522	-6.09397	-5.84077	-4.78297
467	4	7	10	4	1	7	1	-1.81888	-3.84864	-2.71172	-1.96808
468	2	1	1	380	2	1	5	-6.14694	-5.73625	-8.08226	-8.45966
469	2	4	1	2	2	1	5	-2.76622	-3.66913	-4.19781	-4.04339
470	2	1	12	3	2	1	5	-2.61333	-2.1156	-3.61353	-4.47548
471	1	14	2	2	6	1	17	-9.29829	-6.43327	-7.82373	-6.40695
472	1	2	4	62	4	5	17	-6.09484	-4.84629	-7.28219	-8.04451
473	4	7	10	4	1	7	1	-1.81888	-3.84864	-2.71172	-1.96808
474	2	1	21	3	2	1	5	-2.92226	-2.48924	-4.35617	-4.38724
475	2	4	1	2	2	1	5	-2.76622	-3.66913	-4.19781	-4.04339
476	1	4	2	2	6	3	17	-4.64412	-2.44526	-4.48753	-5.36149
477	4	7	10	4	1	7	1	-1.81888	-3.84864	-2.71172	-1.96808
478	10	2	107	62	120	76	1	-6.84302	-9.96025	-8.11809	-6.38696
479	2	1	12	3	2	1	5	-2.61333	-2.1156	-3.61353	-4.47548
480	2	1	5	3	2	3	5	-4.22832	-3.24848	-5.39329	-4.79053
481	2	1	21	3	2	1	5	-2.92226	-2.48924	-4.35617	-4.38724
482	1	2	3	4	5	9	3	-4.63625	-2.48506	-3.62258	-4.76026
483	1	307	3	4	5	9	3	-6.83161	-6.43212	-6.17916	-7.84063
484	7	2	5	2	10	3	6	-31.543	-27.6834	-27.8897	-28.0657
485	1	2	3	4	5	9	3	-4.63625	-2.48506	-3.62258	-4.76026
486	33	39	30	82	104	173	68	-5.38291	-3.97749	-6.42907	-7.24762
487	4	7	10	4	42	7	1	-6.5913	-8.64242	-5.68036	-4.72511
488	2	1	12	88	2	1	5	-3.94016	-3.42928	-5.62887	-5.25277
489	2	4	1	2	2	1	5	-2.76622	-3.66913	-4.19781	-4.04339
490	2	1	21	3	2	1	5	-2.92226	-2.48924	-4.35617	-4.38724
491	9	2	4	62	4	5	6	-3.70488	-5.25368	-5.83928	-6.19616
492	2	1	5	3	2	3	5	-4.22832	-3.24848	-5.39329	-4.79053
493	4	7	10	4	1	7	1	-1.81888	-3.84864	-2.71172	-1.96808
494	2	1	57	26	127	29	35	-6.86893	-9.99164	-6.24947	-7.92876
495	2	1	57	26	127	29	35	-6.86893	-9.99164	-6.24947	-7.92876
496	2	4	2	4	19	3	6	-5.7865	-9.59861	-9.42773	-8.4841
497	2	1	12	3	2	1	5	-2.61333	-2.1156	-3.61353	-4.47548
498	2	4	1	2	2	1	5	-2.76622	-3.66913	-4.19781	-4.04339
499	2	4	1	2	2	1	5	-2.76622	-3.66913	-4.19781	-4.04339
500	2	1	21	3	2	1	5	-2.92226	-2.48924	-4.35617	-4.38724
501	33	39	65	79	104	43	17	-4.58632	-8.40388	-8.23421	-7.29248
502	1	14	2	2	6	1	17	-9.29829	-6.43327	-7.82373	-6.40695
503	2	1	12	3	2	1	5	-2.61333	-2.1156	-3.61353	-4.47548
504	7	21	5	62	4	61	44	-7.38187	-3.82757	-5.61132	-7.1323
505	9	2	4	62	4	5	6	-3.70488	-5.25368	-5.83928	-6.19616
506	129	66	30	82	189	47	17	-3.23664	-4.9238	-5.60579	-4.15948
507	2	1	21	3	2	1	5	-2.92226	-2.48924	-4.35617	-4.38724
508	47	2	4	2	6	5	17	-10.9867	-10.677	-6.26738	-8.15543
509	2	4	1	2	7	1	5	-2.29522	-6.09397	-5.84077	-4.78297
510	33	38	30	82	104	325	36	-13.8202	-11.1163	-11.9345	-13.2109
511	1	4	2	2	6	3	17	-4.64412	-2.44526	-4.48753	-5.36149
512	1	4	2	2	6	3	17	-4.64412	-2.44526	-4.48753	-5.36149
513	2	4	1	2	2	1	5	-2.76622	-3.66913	-4.19781	-4.04339
514	4	7	10	4	1	7	1	-1.81888	-3.84864	-2.71172	-1.96808
515	33	283	44	82	189	44	17	-6.97986	-3.46752	-5.36526	-5.94187
516	8	10	149	2	11	12	6	-4.86929	-3.97217	-5.63182	-6.72262
517	2	1	21	3	62	1	5	-5.78397	-9.58452	-9.42405	-8.48543
518	10	1	16	19	10	5	7	-6.23742	-2.74261	-4.18626	-5.08948
519	180	194	2	68	19	231	147	-24.1413	-32.3381	-23.6892	-22.9672
520	2	4	1	2	7	1	5	-2.29522	-6.09397	-5.84077	-4.78297
521	2	4	2	2	6	1	5	-6.08047	-4.8301	-5.95233	-7.39937
522	1	2	3	4	5	9	3	-4.63625	-2.48506	-3.62258	-4.76026
523	2	1	21	3	2	1	5	-2.92226	-2.48924	-4.35617	-4.38724
524	2	1	12	3	2	1	5	-2.61333	-2.1156	-3.61353	-4.47548
525	2	1	5	3	2	3	5	-4.22832	-3.24848	-5.39329	-4.79053
526	1	307	3	4	5	9	3	-6.83161	-6.43212	-6.17916	-7.84063
527	2	4	1	2	7	1	5	-2.29522	-6.09397	-5.84077	-4.78297
528	2	1	12	3	2	1	5	-2.61333	-2.1156	-3.61353	-4.47548
529	7	21	5	62	4	61	44	-7.38187	-3.82757	-5.61132	-7.1323
530	2	1	5	3	2	3	5	-4.22832	-3.24848	-5.39329	-4.79053
531	2	1	12	88	2	1	5	-3.94016	-3.42928	-5.62887	-5.25277
532	2	1	21	3	2	1	5	-2.92226	-2.48924	-4.35617	-4.38724
533	1	4	2	2	6	3	17	-4.64412	-2.44526	-4.48753	-5.36149
534	2	4	1	2	7	1	5	-2.29522	-6.09397	-5.84077	-4.78297
535	47	2	4	2	6	5	17	-10.9867	-10.677	-6.26738	-8.15543
536	1	4	2	2	6	3	17	-4.64412	-2.44526	-4.48753	-5.36149
537	1	2	3	4	5	9	3	-4.63625	-2.48506	-3.62258	-4.76026
538	2	4	1	2	2	1	5	-2.76622	-3.66913	-4.19781	-4.04339
539	4	7	10	4	42	7	1	-6.5913	-8.64242	-5.68036	-4.72511
540	2	4	1	9	2	1	5	-6.52342	-8.3167	-7.14943	-7.0367
541	2	1	12	3	2	1	5	-2.61333	-2.1156	-3.61353	-4.47548
542	1	4	2	9	6	3	17	-8.40426	-7.04272	-7.4079	-8.33556
543	1	2	3	4	922	9	3	-8.4085	-7.13428	-6.57569	-7.75677
544	4	7	10	4	1	7	1	-1.81888	-3.84864	-2.71172	-1.96808
545	2	1	5	3	2	3	5	-4.22832	-3.24848	-5.39329	-4.79053
546	2	4	1	2	7	1	5	-2.29522	-6.09397	-5.84077	-4.78297
547	4	7	10	4	1	7	1	-1.81888	-3.84864	-2.71172	-1.96808
548	2	4	1	2	2	1	5	-2.76622	-3.66913	-4.19781	-4.04339
549	2	1	21	3	2	1	5	-2.92226	-2.48924	-4.35617	-4.38724
550	4	7	10	4	1	7	1	-1.81888	-3.84864	-2.71172	-1.96808
551	1	4	2	2	6	3	17	-4.64412	-2.44526	-4.48753	-5.36149
552	2	1	5	3	2	5	5	-5.56837	-2.82497	-4.09724	-5.32322
553	2	1	12	3	2	1	5	-2.61333	-2.1156	-3.61353	-4.47548
554	4	936	10	4	1	7	1	-5.58581	-8.49501	-5.63768	-4.9659
555	180	194	2	68	19	231	147	-24.1413	-32.3381	-23.6892	-22.9672
556	4	7	10	4	42	51	1	-2.91901	-4.68592	-4.96622	-3.80964
557	4	7	10	4	42	25	1	-8.70704	-9.23207	-5.8945	-5.23949
558	2	1	21	3	2	1	5	-2.92226	-2.48924	-4.35617	-4.38724
559	2	1	5	3	2	3	5	-4.22832	-3.24848	-5.39329	-4.79053
560	2	1	5	3	2	3	5	-4.22832	-3.24848	-5.39329	-4.79053
561	4	7	10	4	42	51	1	-2.91901	-4.68592	-4.96622	-3.80964
562	4	7	10	4	1	7	1	-1.81888	-3.84864	-2.71172	-1.96808
563	2	4	1	2	7	1	5	-2.29522	-6.09397	-5.84077	-4.78297
564	2	1	21	3	2	1	5	-2.92226	-2.48924	-4.35617	-4.38724
565	1	4	2	2	6	3	17	-4.64412	-2.44526	-4.48753	-5.36149
566	188	313	5	2	89	5	6	-39.892	-36.742	-36.0717	-38.7728
567	2	1	21	3	2	1	5	-2.92226	-2.48924	-4.35617	-4.38724
568	2	1	1	3	2	1	5	-4.60869	-3.78398	-6.18499	-6.76301
569	2	1	5	3	2	3	5	-4.22832	-3.24848	-5.39329	-4.79053
570	2	4	1	2	2	1	5	-2.76622	-3.66913	-4.19781	-4.04339
571	2	1	5	3	2	3	5	-4.22832	-3.24848	-5.39329	-4.79053
572	2	1	1	3	2	1	5	-4.60869	-3.78398	-6.18499	-6.76301
573	2	1	5	3	2	3	5	-4.22832	-3.24848	-5.39329	-4.79053
574	1	4	2	2	6	3	17	-4.64412	-2.44526	-4.48753	-5.36149
575	1	4	2	2	6	3	17	-4.64412	-2.44526	-4.48753	-5.36149
576	2	1	21	3	2	1	5	-2.92226	-2.48924	-4.35617	-4.38724
577	239	27	16	19	10	5	7	-10.0489	-6.46583	-8.98077	-10.2149
578	2	4	5	2	2	5	5	-3.66139	-7.41876	-6.95838	-5.69927
579	9	2	4	62	4	5	6	-3.70488	-5.25368	-5.83928	-6.19616
580	2	1	1	3	2	1	5	-4.60869	-3.78398	-6.18499	-6.76301
581	2	1	5	3	2	3	5	-4.22832	-3.24848	-5.39329	-4.79053
582	1	4	2	2	6	3	17	-4.64412	-2.44526	-4.48753	-5.36149
583	2	4	5	2	2	5	5	-3.66139	-7.41876	-6.95838	-5.69927
584	2	4	5	2	2	5	5	-3.66139	-7.41876	-6.95838	-5.69927
585	2	1	5	3	2	3	5	-4.22832	-3.24848	-5.39329	-4.79053
586	2	1	1	380	2	1	5	-6.14694	-5.73625	-8.08226	-8.45966
587	2	7	10	4	1	7	1	-6.58336	-8.84723	-7.97187	-7.09663
588	2	1	12	3	2	1	5	-2.61333	-2.1156	-3.61353	-4.47548
589	2	4	1	2	2	1	5	-2.76622	-3.66913	-4.19781	-4.04339
590	9	2	4	62	4	5	6	-3.70488	-5.25368	-5.83928	-6.19616
591	2	4	5	2	2	5	5	-3.66139	-7.41876	-6.95838	-5.69927
592	1	4	2	2	6	3	17	-4.64412	-2.44526	-4.48753	-5.36149
593	1	4	2	2	6	5	17	-12.8308	-8.66893	-11.1549	-13.1582
594	2	4	2	2	6	1	5	-6.08047	-4.8301	-5.95233	-7.39937
595	1	4	2	2	6	5	17	-12.8308	-8.66893	-11.1549	-13.1582
596	2	23	21	3	2	1	5	-6.69545	-7.14323	-7.31158	-7.38561
597	7	21	5	62	4	61	44	-7.38187	-3.82757	-5.61132	-7.1323
598	2	4	1	2	2	1	5	-2.76622	-3.66913	-4.19781	-4.04339
599	1	307	3	4	5	9	3	-6.83161	-6.43212	-6.17916	-7.84063
600	1	2	3	4	5	9	3	-4.63625	-2.48506	-3.62258	-4.76026
601	9	2	4	62	4	5	6	-3.70488	-5.25368	-5.83928	-6.19616
602	2	1	12	3	2	1	5	-2.61333	-2.1156	-3.61353	-4.47548
603	1	4	2	2	6	3	17	-4.64412	-2.44526	-4.48753	-5.36149
604	10	1	16	19	10	5	7	-6.23742	-2.74261	-4.18626	-5.08948
605	2	1	12	3	2	1	5	-2.61333	-2.1156	-3.61353	-4.47548
606	180	194	2	68	19	231	147	-24.1413	-32.3381	-23.6892	-22.9672
607	2	1	12	3	2	1	5	-2.61333	-2.1156	-3.61353	-4.47548
608	4	7	10	4	1	7	1	-1.81888	-3.84864	-2.71172	-1.96808
609	129	66	30	82	189	47	17	-3.23664	-4.9238	-5.60579	-4.15948
610	4	7	10	4	1	7	1	-1.81888	-3.84864	-2.71172	-1.96808
611	2	1	12	3	2	1	5	-2.61333	-2.1156	-3.61353	-4.47548
612	2	1	21	3	2	1	5	-2.92226	-2.48924	-4.35617	-4.38724
613	4	7	10	4	1	7	1	-1.81888	-3.84864	-2.71172	-1.96808
614	10	1	16	19	10	5	7	-6.23742	-2.74261	-4.18626	-5.08948
615	8	10	149	2	11	12	6	-4.86929	-3.97217	-5.63182	-6.72262
616	129	66	30	82	189	47	17	-3.23664	-4.9238	-5.60579	-4.15948
617	2	4	1	2	2	1	5	-2.76622	-3.66913	-4.19781	-4.04339
618	180	194	2	68	19	231	147	-24.1413	-32.3381	-23.6892	-22.9672
619	2	1	5	3	2	3	5	-4.22832	-3.24848	-5.39329	-4.79053
620	2	4	1	2	2	1	5	-2.76622	-3.66913	-4.19781	-4.04339
621	1	2	3	4	5	9	3	-4.63625	-2.48506	-3.62258	-4.76026
622	180	194	2	68	19	231	147	-24.1413	-32.3381	-23.6892	-22.9672
623	33	39	65	79	104	43	17	-4.58632	-8.40388	-8.23421	-7.29248
624	2	4	5	2	2	5	5	-3.66139	-7.41876	-6.95838	-5.69927
625	2	1	5	3	2	5	5	-5.56837	-2.82497	-4.09724	-5.32322
626	2	1	12	3	2	1	5	-2.61333	-2.1156	-3.61353	-4.47548
627	180	194	2	68	19	231	147	-24.1413	-32.3381	-23.6892	-22.9672
628	2	1	21	3	2	1	5	-2.92226	-2.48924	-4.35617	-4.38724
629	2	1	5	3	2	5	5	-5.56837	-2.82497	-4.09724	-5.32322
630	2	1	21	3	2	1	5	-2.92226	-2.48924	-4.35617	-4.38724
631	1	2	3	4	5	9	3	-4.63625	-2.48506	-3.62258	-4.76026
632	2	1	21	3	2	1	5	-2.92226	-2.48924	-4.35617	-4.38724
633	8	10	2	2	11	12	6	-3.94301	-7.67955	-7.58609	-6.64848
634	2	4	1	2	7	1	5	-2.29522	-6.09397	-5.84077	-4.78297
635	2	1	5	3	2	3	5	-4.22832	-3.24848	-5.39329	-4.79053
636	1	2	3	4	5	9	3	-4.63625	-2.48506	-3.62258	-4.76026
637	9	2	4	62	4	5	6	-3.70488	-5.25368	-5.83928	-6.19616
638	2	1	21	3	2	1	5	-2.92226	-2.48924	-4.35617	-4.38724
639	8	10	149	2	11	12	6	-4.86929	-3.97217	-5.63182	-6.72262
640	2	1	12	88	2	1	5	-3.94016	-3.42928	-5.62887	-5.25277
641	2	4	1	2	2	1	5	-2.76622	-3.66913	-4.19781	-4.04339
642	2	1	5	10	10	1	5	-23.5405	-23.1395	-22.6418	-22.9581
643	1	2	3	4	5	9	3	-4.63625	-2.48506	-3.62258	-4.76026
644	2	4	1	2	7	1	5	-2.29522	-6.09397	-5.84077	-4.78297
645	2	4	1	2	2	1	5	-2.76622	-3.66913	-4.19781	-4.04339
646	1	2	3	4	5	9	3	-4.63625	-2.48506	-3.62258	-4.76026
647	2	1	12	88	2	1	5	-3.94016	-3.42928	-5.62887	-5.25277
648	4	7	10	4	1	7	1	-1.81888	-3.84864	-2.71172	-1.96808
649	2	1	21	3	2	1	5	-2.92226	-2.48924	-4.35617	-4.38724
650	2	4	1	2	7	1	5	-2.29522	-6.09397	-5.84077	-4.78297
651	33	38	30	82	118	43	17	-20.0142	-19.1571	-20.627	-21.2408
652	2	4	1	2	2	1	5	-2.76622	-3.66913	-4.19781	-4.04339
653	2	1	5	3	2	3	5	-4.22832	-3.24848	-5.39329	-4.79053
654	4	7	10	4	1	7	1	-1.81888	-3.84864	-2.71172	-1.96808
655	8	10	2	2	11	12	6	-3.94301	-7.67955	-7.58609	-6.64848
656	2	4	5	2	2	5	5	-3.66139	-7.41876	-6.95838	-5.69927
657	4	7	10	4	1	7	1	-1.81888	-3.84864	-2.71172	-1.96808
658	2	1	5	3	2	3	5	-4.22832	-3.24848	-5.39329	-4.79053
659	33	39	30	82	113	47	17	-5.76194	-5.75062	-8.01173	-8.1883
660	2	1	21	3	2	1	5	-2.92226	-2.48924	-4.35617	-4.38724
661	2	4	1	2	7	1	5	-2.29522	-6.09397	-5.84077	-4.78297
662	2	1	1	3	2	1	5	-4.60869	-3.78398	-6.18499	-6.76301
663	4	7	10	4	1	7	1	-1.81888	-3.84864	-2.71172	-1.96808
664	7	21	5	62	4	61	44	-7.38187	-3.82757	-5.61132	-7.1323
665	10	81	50	99	120	76	52	-6.69422	-6.38248	-5.35319	-5.20359
666	4	7	10	4	1	7	1	-1.81888	-3.84864	-2.71172	-1.96808
667	1	2	3	4	5	9	3	-4.63625	-2.48506	-3.62258	-4.76026
668	1	2	3	4	5	9	3	-4.63625	-2.48506	-3.62258	-4.76026
669	2	4	1	2	7	1	5	-2.29522	-6.09397	-5.84077	-4.78297
670	4	7	10	4	1	7	1	-1.81888	-3.84864	-2.71172	-1.96808
671	2	1	5	3	2	3	5	-4.22832	-3.24848	-5.39329	-4.79053
672	1	4	2	2	6	3	17	-4.64412	-2.44526	-4.48753	-5.36149
673	4	935	10	4	1	7	1	-5.58581	-8.49501	-5.63768	-4.9659
674	10	1	16	19	10	5	7	-6.23742	-2.74261	-4.18626	-5.08948
675	4	7	10	4	1	7	1	-1.81888	-3.84864	-2.71172	-1.96808
676	33	39	65	79	104	43	17	-4.58632	-8.40388	-8.23421	-7.29248
677	2	4	2	2	6	1	5	-6.08047	-4.8301	-5.95233	-7.39937
678	4	7	10	4	42	25	1	-8.70704	-9.23207	-5.8945	-5.23949
679	1	4	2	2	6	3	17	-4.64412	-2.44526	-4.48753	-5.36149
680	4	7	10	4	42	25	1	-8.70704	-9.23207	-5.8945	-5.23949
681	4	7	10	4	42	25	1	-8.70704	-9.23207	-5.8945	-5.23949
682	4	7	10	4	1	7	1	-1.81888	-3.84864	-2.71172	-1.96808
683	2	4	1	2	7	1	5	-2.29522	-6.09397	-5.84077	-4.78297
684	4	7	10	4	1	7	1	-1.81888	-3.84864	-2.71172	-1.96808
685	4	7	10	4	42	7	1	-6.5913	-8.64242	-5.68036	-4.72511
686	10	27	16	19	10	5	7	-20.3889	-12.7478	-15.6297	-17.1582
687	10	81	50	99	120	76	52	-6.69422	-6.38248	-5.35319	-5.20359
688	4	7	10	4	1	7	1	-1.81888	-3.84864	-2.71172	-1.96808
689	4	7	10	4	42	51	1	-2.91901	-4.68592	-4.96622	-3.80964
690	4	7	10	4	1	7	1	-1.81888	-3.84864	-2.71172	-1.96808
691	10	81	50	99	120	76	52	-6.69422	-6.38248	-5.35319	-5.20359
692	2	4	1	2	2	1	5	-2.76622	-3.66913	-4.19781	-4.04339
693	4	7	10	4	42	51	1	-2.91901	-4.68592	-4.96622	-3.80964
694	4	7	10	4	42	51	1	-2.91901	-4.68592	-4.96622	-3.80964
695	4	7	10	4	42	51	1	-2.91901	-4.68592	-4.96622	-3.80964
696	8	10	2	2	11	12	6	-3.94301	-7.67955	-7.58609	-6.64848
697	33	38	30	82	104	43	17	-5.27934	-9.0956	-8.92559	-7.98236
698	4	7	10	4	1	7	1	-1.81888	-3.84864	-2.71172	-1.96808
699	10	81	50	99	120	76	52	-6.69422	-6.38248	-5.35319	-5.20359
700	2	4	1	2	7	1	5	-2.29522	-6.09397	-5.84077	-4.78297
701	4	7	10	4	1	7	1	-1.81888	-3.84864	-2.71172	-1.96808
702	4	7	10	4	1	7	1	-1.81888	-3.84864	-2.71172	-1.96808
703	10	81	50	99	120	76	52	-6.69422	-6.38248	-5.35319	-5.20359
704	4	7	10	4	42	51	1	-2.91901	-4.68592	-4.96622	-3.80964
705	9	2	4	62	4	5	6	-3.70488	-5.25368	-5.83928	-6.19616
706	4	7	10	4	1	7	1	-1.81888	-3.84864	-2.71172	-1.96808
707	2	1	1	3	2	1	5	-4.60869	-3.78398	-6.18499	-6.76301
708	1	14	2	2	6	1	17	-9.29829	-6.43327	-7.82373	-6.40695
709	2	4	2	2	6	1	5	-6.08047	-4.8301	-5.95233	-7.39937
710	2	4	2	2	6	1	5	-6.08047	-4.8301	-5.95233	-7.39937
711	4	7	10	4	42	51	1	-2.91901	-4.68592	-4.96622	-3.80964
712	10	2	107	62	120	76	1	-6.84302	-9.96025	-8.11809	-6.38696
713	2	1	12	3	2	1	5	-2.61333	-2.1156	-3.61353	-4.47548
714	2	4	1	2	2	1	5	-2.76622	-3.66913	-4.19781	-4.04339
715	47	2	4	2	6	5	17	-10.9867	-10.677	-6.26738	-8.15543
716	4	7	10	4	42	5	1	-11.0785	-10.8786	-11.0062	-11.1198
717	2	1	12	3	2	1	5	-2.61333	-2.1156	-3.61353	-4.47548
718	4	7	10	4	42	51	1	-2.91901	-4.68592	-4.96622	-3.80964
719	1	307	3	4	5	9	3	-6.83161	-6.43212	-6.17916	-7.84063
720	2	1	21	3	2	1	5	-2.92226	-2.48924	-4.35617	-4.38724
721	4	7	10	4	1	7	1	-1.81888	-3.84864	-2.71172	-1.96808
722	2	4	1	2	2	1	5	-2.76622	-3.66913	-4.19781	-4.04339
723	2	1	12	3	2	1	5	-2.61333	-2.1156	-3.61353	-4.47548
724	4	7	10	4	1	7	1	-1.81888	-3.84864	-2.71172	-1.96808
725	2	1	21	3	2	1	5	-2.92226	-2.48924	-4.35617	-4.38724
726	2	1	1	3	2	1	5	-4.60869	-3.78398	-6.18499	-6.76301
727	4	7	10	4	1	7	1	-1.81888	-3.84864	-2.71172	-1.96808
728	2	1	12	3	2	1	5	-2.61333	-2.1156	-3.61353	-4.47548
729	1	4	3	2	6	3	17	-14.5388	-9.15263	-11.4368	-13.6418
730	2	1	12	3	2	1	5	-2.61333	-2.1156	-3.61353	-4.47548
731	2	1	12	88	2	1	5	-3.94016	-3.42928	-5.62887	-5.25277
732	1	4	2	2	6	3	17	-4.64412	-2.44526	-4.48753	-5.36149
733	4	7	10	4	42	51	1	-2.91901	-4.68592	-4.96622	-3.80964
734	2	1	12	3	2	1	5	-2.61333	-2.1156	-3.61353	-4.47548
735	4	7	10	4	1	7	1	-1.81888	-3.84864	-2.71172	-1.96808
736	2	1	12	88	2	1	5	-3.94016	-3.42928	-5.62887	-5.25277
737	2	1	21	3	2	1	5	-2.92226	-2.48924	-4.35617	-4.38724
738	2	4	5	2	2	5	5	-3.66139	-7.41876	-6.95838	-5.69927
739	2	4	5	2	2	5	5	-3.66139	-7.41876	-6.95838	-5.69927
740	2	1	21	3	62	1	5	-5.78397	-9.58452	-9.42405	-8.48543
741	4	7	10	4	42	25	1	-8.70704	-9.23207	-5.8945	-5.23949
742	1	2	4	62	4	5	17	-6.09484	-4.84629	-7.28219	-8.04451
743	1	2	3	4	5	9	3	-4.63625	-2.48506	-3.62258	-4.76026
744	8	10	2	2	11	12	6	-3.94301	-7.67955	-7.58609	-6.64848
745	2	1	12	88	2	1	5	-3.94016	-3.42928	-5.62887	-5.25277
746	2	4	5	2	2	5	5	-3.66139	-7.41876	-6.95838	-5.69927
747	2	1	12	3	2	1	5	-2.61333	-2.1156	-3.61353	-4.47548
748	7	21	5	62	4	61	44	-7.38187	-3.82757	-5.61132	-7.1323
749	9	2	4	62	4	5	6	-3.70488	-5.25368	-5.83928	-6.19616
750	10	1	16	19	10	5	7	-6.23742	-2.74261	-4.18626	-5.08948
751	10	1	16	19	10	5	7	-6.23742	-2.74261	-4.18626	-5.08948
752	8	10	2	2	11	12	6	-3.94301	-7.67955	-7.58609	-6.64848
753	1	4	2	2	6	3	17	-4.64412	-2.44526	-4.48753	-5.36149
754	2	1	12	3	2	1	5	-2.61333	-2.1156	-3.61353	-4.47548
755	2	1	12	88	2	1	5	-3.94016	-3.42928	-5.62887	-5.25277
756	2	29	4	27	10	25	57	-19.989	-20.8484	-14.5892	-12.117
757	2	1	5	3	2	3	5	-4.22832	-3.24848	-5.39329	-4.79053
758	2	1	12	3	2	1	5	-2.61333	-2.1156	-3.61353	-4.47548
759	37	52	57	26	107	29	23	-8.4757	-9.01136	-5.81498	-4.98872
760	2	4	1	2	7	1	5	-2.29522	-6.09397	-5.84077	-4.78297
761	1	2	3	4	5	9	3	-4.63625	-2.48506	-3.62258	-4.76026
762	2	1	12	3	2	1	5	-2.61333	-2.1156	-3.61353	-4.47548
763	1	4	2	2	6	3	17	-4.64412	-2.44526	-4.48753	-5.36149
764	1	4	2	2	6	3	17	-4.64412	-2.44526	-4.48753	-5.36149
765	1	2	3	4	5	9	3	-4.63625	-2.48506	-3.62258	-4.76026
766	4	7	10	4	1	7	1	-1.81888	-3.84864	-2.71172	-1.96808
767	2	1	21	3	2	1	5	-2.92226	-2.48924	-4.35617	-4.38724
768	2	1	12	3	2	1	5	-2.61333	-2.1156	-3.61353	-4.47548
769	2	4	1	2	2	5	5	-6.80433	-6.40242	-8.65652	-9.06833
770	2	4	1	2	2	1	5	-2.76622	-3.66913	-4.19781	-4.04339
771	2	4	5	2	2	5	5	-3.66139	-7.41876	-6.95838	-5.69927
772	10	1	16	19	10	5	7	-6.23742	-2.74261	-4.18626	-5.08948
773	7	21	5	62	4	61	44	-7.38187	-3.82757	-5.61132	-7.1323
774	9	2	4	62	4	5	6	-3.70488	-5.25368	-5.83928	-6.19616
775	2	1	12	3	2	1	5	-2.61333	-2.1156	-3.61353	-4.47548
776	1	4	2	2	6	3	17	-4.64412	-2.44526	-4.48753	-5.36149
777	4	7	10	4	1	7	1	-1.81888	-3.84864	-2.71172	-1.96808
778	2	1	12	3	2	1	5	-2.61333	-2.1156	-3.61353	-4.47548
779	2	1	5	3	2	5	5	-5.56837	-2.82497	-4.09724	-5.32322
780	2	23	21	3	2	1	5	-6.69545	-7.14323	-7.31158	-7.38561
781	2	4	5	2	2	5	5	-3.66139	-7.41876	-6.95838	-5.69927
782	2	4	2	2	6	1	5	-6.08047	-4.8301	-5.95233	-7.39937
783	2	1	12	3	2	1	5	-2.61333	-2.1156	-3.61353	-4.47548
784	4	7	10	4	42	51	1	-2.91901	-4.68592	-4.96622	-3.80964
785	7	17	5	2	86	232	1	-28.4351	-33.6408	-27.7209	-26.0431
786	2	4	1	2	2	1	5	-2.76622	-3.66913	-4.19781	-4.04339
787	2	1	12	3	2	1	5	-2.61333	-2.1156	-3.61353	-4.47548
788	2	1	21	3	2	1	5	-2.92226	-2.48924	-4.35617	-4.38724
789	7	17	2	15	23	3	12	-6.88965	-10.7067	-10.5377	-9.59516
790	2	1	5	3	2	5	5	-5.56837	-2.82497	-4.09724	-5.32322
791	1	6	60	24	12	28	1	-28.6649	-33.1268	-20.4799	-20.9158
792	1	2	3	4	5	9	3	-4.63625	-2.48506	-3.62258	-4.76026
793	2	4	5	2	2	5	5	-3.66139	-7.41876	-6.95838	-5.69927
794	1	2	3	4	5	9	3	-4.63625	-2.48506	-3.62258	-4.76026
795	1	6	60	24	12	28	1	-28.6649	-33.1268	-20.4799	-20.9158
796	9	2	4	62	4	5	6	-3.70488	-5.25368	-5.83928	-6.19616
797	2	4	1	2	2	1	5	-2.76622	-3.66913	-4.19781	-4.04339
798	4	7	10	4	1	7	1	-1.81888	-3.84864	-2.71172	-1.96808
799	2	4	5	2	2	5	5	-3.66139	-7.41876	-6.95838	-5.69927
800	7	2	2	2	11	12	6	-4.48963	-8.30612	-8.13645	-7.19483
801	2	1	21	3	2	1	941	-6.6956	-7.1239	-7.30162	-7.38245
802	9	2	2	10	10	3	5	-30.0127	-24.9763	-25.4444	-25.071
803	8	10	149	2	11	12	6	-4.86929	-3.97217	-5.63182	-6.72262
804	7	1	5	2	10	3	6	-32.5419	-29.1094	-29.1985	-28.561
805	2	1	21	3	2	1	5	-2.92226	-2.48924	-4.35617	-4.38724
806	33	39	30	82	113	43	17	-9.64035	-6.44801	-6.20724	-8.03733
807	1	6	60	24	12	28	1	-28.6649	-33.1268	-20.4799	-20.9158
808	1	6	60	24	12	28	1	-28.6649	-33.1268	-20.4799	-20.9158
809	7	17	2	15	23	3	12	-6.88965	-10.7067	-10.5377	-9.59516
810	1	4	2	2	6	3	17	-4.64412	-2.44526	-4.48753	-5.36149
811	1	4	2	2	6	3	17	-4.64412	-2.44526	-4.48753	-5.36149
812	7	21	5	62	4	61	44	-7.38187	-3.82757	-5.61132	-7.1323
813	239	27	16	19	10	5	7	-10.0489	-6.46583	-8.98077	-10.2149
814	9	2	4	62	4	5	6	-3.70488	-5.25368	-5.83928	-6.19616
815	10	1	16	19	10	5	7	-6.23742	-2.74261	-4.18626	-5.08948
816	2	1	5	3	2	5	5	-5.56837	-2.82497	-4.09724	-5.32322
817	2	4	5	2	2	5	5	-3.66139	-7.41876	-6.95838	-5.69927
818	8	10	2	2	11	12	6	-3.94301	-7.67955	-7.58609	-6.64848
819	7	17	2	15	23	3	12	-6.88965	-10.7067	-10.5377	-9.59516
820	2	4	1	4	1	1	5	-15.6151	-17.9609	-15.423	-14.7038
821	4	7	10	4	1	7	1	-1.81888	-3.84864	-2.71172	-1.96808
822	8	10	149	2	11	12	6	-4.86929	-3.97217	-5.63182	-6.72262
823	2	1	12	88	2	1	5	-3.94016	-3.42928	-5.62887	-5.25277
824	2	4	2	2	6	1	5	-6.08047	-4.8301	-5.95233	-7.39937
825	10	81	50	99	120	76	52	-6.69422	-6.38248	-5.35319	-5.20359
826	2	4	5	2	2	5	5	-3.66139	-7.41876	-6.95838	-5.69927
827	2	4	1	2	2	5	5	-6.80433	-6.40242	-8.65652	-9.06833
828	8	10	149	2	11	12	6	-4.86929	-3.97217	-5.63182	-6.72262
829	1	4	2	2	6	3	17	-4.64412	-2.44526	-4.48753	-5.36149
830	2	165	73	147	220	190	104	-8.84603	-9.50086	-7.11448	-5.3305
831	4	7	10	4	42	25	1	-8.70704	-9.23207	-5.8945	-5.23949
832	7	2	2	2	11	12	6	-4.48963	-8.30612	-8.13645	-7.19483
833	1	6	60	24	12	28	1	-28.6649	-33.1268	-20.4799	-20.9158
834	2	1	12	3	2	1	5	-2.61333	-2.1156	-3.61353	-4.47548
835	33	39	65	79	104	77	17	-5.27927	-9.0963	-8.92743	-7.98548
836	4	7	10	4	1	7	1	-1.81888	-3.84864	-2.71172	-1.96808
837	1	2	3	4	5	9	3	-4.63625	-2.48506	-3.62258	-4.76026
838	2	1	21	3	2	1	5	-2.92226	-2.48924	-4.35617	-4.38724
839	2	1	12	3	2	1	5	-2.61333	-2.1156	-3.61353	-4.47548
840	4	7	10	4	1	7	1	-1.81888	-3.84864	-2.71172	-1.96808
841	2	4	1	2	7	1	5	-2.29522	-6.09397	-5.84077	-4.78297
842	184	39	30	82	113	43	17	-3.94201	-6.22424	-7.36937	-6.62209
843	4	7	10	4	1	7	1	-1.81888	-3.84864	-2.71172	-1.96808
844	2	4	1	2	2	1	5	-2.76622	-3.66913	-4.19781	-4.04339
845	4	7	10	4	1	7	1	-1.81888	-3.84864	-2.71172	-1.96808
846	2	1	12	88	2	1	5	-3.94016	-3.42928	-5.62887	-5.25277
847	2	1	21	3	2	1	5	-2.92226	-2.48924	-4.35617	-4.38724
848	1	2	3	4	5	9	3	-4.63625	-2.48506	-3.62258	-4.76026
849	4	7	10	4	1	7	1	-1.81888	-3.84864	-2.71172	-1.96808
850	2	1	21	3	2	1	5	-2.92226	-2.48924	-4.35617	-4.38724
851	8	10	2	2	11	12	6	-3.94301	-7.67955	-7.58609	-6.64848
852	2	4	1	2	2	1	5	-2.76622	-3.66913	-4.19781	-4.04339
853	2	4	1	2	2	1	5	-2.76622	-3.66913	-4.19781	-4.04339
854	2	4	2	2	6	1	5	-6.08047	-4.8301	-5.95233	-7.39937
855	2	4	1	2	2	1	5	-2.76622	-3.66913	-4.19781	-4.04339
856	2	4	1	2	2	1	5	-2.76622	-3.66913	-4.19781	-4.04339
857	2	4	1	2	2	1	5	-2.76622	-3.66913	-4.19781	-4.04339
858	1	2	3	4	5	9	3	-4.63625	-2.48506	-3.62258	-4.76026
859	2	4	1	2	2	1	5	-2.76622	-3.66913	-4.19781	-4.04339
860	2	4	1	2	2	1	5	-2.76622	-3.66913	-4.19781	-4.04339
861	8	10	2	2	11	12	6	-3.94301	-7.67955	-7.58609	-6.64848
862	2	1	5	3	2	3	5	-4.22832	-3.24848	-5.39329	-4.79053
863	33	39	30	82	104	173	68	-5.38291	-3.97749	-6.42907	-7.24762
864	2	4	1	2	7	1	5	-2.29522	-6.09397	-5.84077	-4.78297
865	8	10	2	2	11	12	6	-3.94301	-7.67955	-7.58609	-6.64848
866	2	4	1	2	7	1	5	-2.29522	-6.09397	-5.84077	-4.78297
867	1	2	3	4	5	9	3	-4.63625	-2.48506	-3.62258	-4.76026
868	1	2	215	4	90	24	8	-29.4815	-29.5296	-22.3111	-21.9547
869	2	1	1	3	2	1	5	-4.60869	-3.78398	-6.18499	-6.76301
870	10	81	50	99	120	76	52	-6.69422	-6.38248	-5.35319	-5.20359
871	2	4	1	2	7	1	5	-2.29522	-6.09397	-5.84077	-4.78297
872	2	1	12	3	2	1	5	-2.61333	-2.1156	-3.61353	-4.47548
873	2	4	1	2	2	1	5	-2.76622	-3.66913	-4.19781	-4.04339
874	2	4	1	2	2	1	5	-2.76622	-3.66913	-4.19781	-4.04339
875	2	4	1	2	2	1	5	-2.76622	-3.66913	-4.19781	-4.04339
876	2	1	5	3	2	3	5	-4.22832	-3.24848	-5.39329	-4.79053
877	2	4	1	2	2	1	5	-2.76622	-3.66913	-4.19781	-4.04339
878	4	7	10	4	1	7	1	-1.81888	-3.84864	-2.71172	-1.96808
879	2	4	1	2	7	1	5	-2.29522	-6.09397	-5.84077	-4.78297
880	2	4	5	2	2	5	5	-3.66139	-7.41876	-6.95838	-5.69927
881	2	4	1	2	2	1	5	-2.76622	-3.66913	-4.19781	-4.04339
882	8	10	2	2	11	12	6	-3.94301	-7.67955	-7.58609	-6.64848
883	4	7	10	4	1	7	1	-1.81888	-3.84864	-2.71172	-1.96808
884	2	4	1	2	2	1	5	-2.76622	-3.66913	-4.19781	-4.04339
885	166	2	1	10	17	3	1	-34.1199	-36.8706	-31.3478	-29.9815
886	2	4	1	2	7	1	5	-2.29522	-6.09397	-5.84077	-4.78297
887	2	4	1	2	2	1	5	-2.76622	-3.66913	-4.19781	-4.04339
888	4	7	10	4	1	7	1	-1.81888	-3.84864	-2.71172	-1.96808
889	4	7	10	4	1	7	1	-1.81888	-3.84864	-2.71172	-1.96808
890	2	4	1	2	7	1	5	-2.29522	-6.09397	-5.84077	-4.78297
891	2	4	1	2	2	1	5	-2.76622	-3.66913	-4.19781	-4.04339
892	2	1	5	3	2	3	5	-4.22832	-3.24848	-5.39329	-4.79053
893	9	25	2	10	22	3	6	-4.4616	-7.77083	-6.12611	-4.42129
894	2	1	21	3	62	1	5	-5.78397	-9.58452	-9.42405	-8.48543
895	129	66	30	82	189	47	17	-3.23664	-4.9238	-5.60579	-4.15948
896	129	66	30	82	189	47	17	-3.23664	-4.9238	-5.60579	-4.15948
897	4	7	10	4	1	7	1	-1.81888	-3.84864	-2.71172	-1.96808
898	2	4	1	2	2	1	5	-2.76622	-3.66913	-4.19781	-4.04339
899	4	7	10	4	42	7	1	-6.5913	-8.64242	-5.68036	-4.72511
900	2	4	1	2	7	1	5	-2.29522	-6.09397	-5.84077	-4.78297
901	1	307	3	4	5	9	3	-6.83161	-6.43212	-6.17916	-7.84063
902	2	1	21	3	2	1	5	-2.92226	-2.48924	-4.35617	-4.38724
903	4	7	10	4	1	7	1	-1.81888	-3.84864	-2.71172	-1.96808
904	2	1	21	3	2	1	5	-2.92226	-2.48924	-4.35617	-4.38724
905	2	4	1	2	2	5	5	-6.80433	-6.40242	-8.65652	-9.06833
906	2	4	1	2	7	1	5	-2.29522	-6.09397	-5.84077	-4.78297
907	2	4	1	2	7	1	5	-2.29522	-6.09397	-5.84077	-4.78297
908	2	4	1	2	7	1	5	-2.29522	-6.09397	-5.84077	-4.78297
909	4	7	10	4	1	7	1	-1.81888	-3.84864	-2.71172	-1.96808
910	8	10	2	2	11	12	6	-3.94301	-7.67955	-7.58609	-6.64848
911	7	21	5	62	4	61	44	-7.38187	-3.82757	-5.61132	-7.1323
912	2	1	12	88	2	1	5	-3.94016	-3.42928	-5.62887	-5.25277
913	2	4	1	2	2	1	5	-2.76622	-3.66913	-4.19781	-4.04339
914	1	2	3	4	5	9	3	-4.63625	-2.48506	-3.62258	-4.76026
915	2	4	1	2	7	1	5	-2.29522	-6.09397	-5.84077	-4.78297
916	2	4	1	2	2	1	5	-2.76622	-3.66913	-4.19781	-4.04339
917	2	4	1	2	2	1	5	-2.76622	-3.66913	-4.19781	-4.04339
918	2	4	1	2	7	1	5	-2.29522	-6.09397	-5.84077	-4.78297
919	4	7	10	4	1	7	1	-1.81888	-3.84864	-2.71172	-1.96808
920	2	1	5	3	2	3	5	-4.22832	-3.24848	-5.39329	-4.79053
921	2	4	1	2	7	1	5	-2.29522	-6.09397	-5.84077	-4.78297
922	2	4	1	2	2	1	5	-2.76622	-3.66913	-4.19781	-4.04339
923	8	10	2	2	11	12	6	-3.94301	-7.67955	-7.58609	-6.64848
924	2	1	12	3	2	1	5	-2.61333	-2.1156	-3.61353	-4.47548
925	48	7	10	4	183	7	1	-9.27279	-13.054	-8.56426	-7.90047
926	7	21	5	62	4	61	44	-7.38187	-3.82757	-5.61132	-7.1323
927	4	7	10	4	1	7	1	-1.81888	-3.84864	-2.71172	-1.96808
928	9	25	2	10	22	3	6	-4.4616	-7.77083	-6.12611	-4.42129
929	2	4	1	2	2	1	5	-2.76622	-3.66913	-4.19781	-4.04339
930	2	4	1	2	7	1	5	-2.29522	-6.09397	-5.84077	-4.78297
931	2	4	1	2	2	1	5	-2.76622	-3.66913	-4.19781	-4.04339
932	2	4	1	2	2	1	5	-2.76622	-3.66913	-4.19781	-4.04339
933	9	25	2	10	22	3	6	-4.4616	-7.77083	-6.12611	-4.42129
934	2	4	1	2	2	1	5	-2.76622	-3.66913	-4.19781	-4.04339
935	2	4	1	2	2	1	5	-2.76622	-3.66913	-4.19781	-4.04339
936	2	4	1	2	7	1	5	-2.29522	-6.09397	-5.84077	-4.78297
937	2	4	1	2	7	1	5	-2.29522	-6.09397	-5.84077	-4.78297
938	2	4	1	2	2	1	5	-2.76622	-3.66913	-4.19781	-4.04339
939	2	4	1	2	2	1	5	-2.76622	-3.66913	-4.19781	-4.04339
940	4	7	10	4	1	7	1	-1.81888	-3.84864	-2.71172	-1.96808
941	2	4	1	2	2	1	5	-2.76622	-3.66913	-4.19781	-4.04339
942	4	7	10	4	1	7	1	-1.81888	-3.84864	-2.71172	-1.96808
943	2	4	1	2	7	1	5	-2.29522	-6.09397	-5.84077	-4.78297
944	2	4	1	2	2	1	5	-2.76622	-3.66913	-4.19781	-4.04339
945	4	7	10	4	1	7	1	-1.81888	-3.84864	-2.71172	-1.96808
946	9	25	2	10	22	3	6	-4.4616	-7.77083	-6.12611	-4.42129
947	10	81	50	99	120	76	52	-6.69422	-6.38248	-5.35319	-5.20359
948	2	1	21	3	2	1	5	-2.92226	-2.48924	-4.35617	-4.38724
949	4	7	10	4	1	7	1	-1.81888	-3.84864	-2.71172	-1.96808
950	2	4	1	2	7	1	5	-2.29522	-6.09397	-5.84077	-4.78297
951	4	7	10	4	1	7	1	-1.81888	-3.84864	-2.71172	-1.96808
952	4	7	10	4	1	7	1	-1.81888	-3.84864	-2.71172	-1.96808
953	8	315	2	2	11	12	6	-7.71528	-12.3277	-10.5383	-9.64455
954	8	10	2	2	11	12	6	-3.94301	-7.67955	-7.58609	-6.64848
955	2	4	1	2	2	1	5	-2.76622	-3.66913	-4.19781	-4.04339
956	4	7	10	4	1	7	1	-1.81888	-3.84864	-2.71172	-1.96808
957	2	4	1	2	2	1	5	-2.76622	-3.66913	-4.19781	-4.04339
958	2	4	1	2	2	1	5	-2.76622	-3.66913	-4.19781	-4.04339
959	2	4	1	2	2	1	5	-2.76622	-3.66913	-4.19781	-4.04339
960	2	4	1	2	7	1	5	-2.29522	-6.09397	-5.84077	-4.78297
961	2	4	1	2	2	1	5	-2.76622	-3.66913	-4.19781	-4.04339
962	2	4	1	2	2	1	5	-2.76622	-3.66913	-4.19781	-4.04339
963	2	1	21	3	2	1	5	-2.92226	-2.48924	-4.35617	-4.38724
964	2	4	1	2	2	1	5	-2.76622	-3.66913	-4.19781	-4.04339
965	1	4	2	2	2	3	17	-11.2207	-7.6256	-10.2853	-11.7343
966	2	4	1	2	2	1	5	-2.76622	-3.66913	-4.19781	-4.04339
967	2	4	1	2	2	1	5	-2.76622	-3.66913	-4.19781	-4.04339
968	7	21	5	62	4	61	44	-7.38187	-3.82757	-5.61132	-7.1323
969	2	4	1	2	2	1	5	-2.76622	-3.66913	-4.19781	-4.04339
970	4	7	10	4	1	7	1	-1.81888	-3.84864	-2.71172	-1.96808
971	2	4	1	2	2	1	5	-2.76622	-3.66913	-4.19781	-4.04339
972	10	1	16	19	10	5	7	-6.23742	-2.74261	-4.18626	-5.08948
973	8	10	2	2	11	12	6	-3.94301	-7.67955	-7.58609	-6.64848
974	4	7	10	4	1	7	1	-1.81888	-3.84864	-2.71172	-1.96808
975	2	4	2	2	6	1	5	-6.08047	-4.8301	-5.95233	-7.39937
976	2	4	1	2	2	1	5	-2.76622	-3.66913	-4.19781	-4.04339
977	2	4	1	2	2	1	5	-2.76622	-3.66913	-4.19781	-4.04339
978	2	1	12	3	2	1	5	-2.61333	-2.1156	-3.61353	-4.47548
979	2	1	21	3	2	1	5	-2.92226	-2.48924	-4.35617	-4.38724
980	1	4	2	2	6	3	17	-4.64412	-2.44526	-4.48753	-5.36149
981	9	2	4	62	4	5	6	-3.70488	-5.25368	-5.83928	-6.19616
982	9	2	4	62	4	5	6	-3.70488	-5.25368	-5.83928	-6.19616
983	2	4	1	2	2	1	5	-2.76622	-3.66913	-4.19781	-4.04339
984	9	25	2	10	22	3	6	-4.4616	-7.77083	-6.12611	-4.42129
985	2	1	12	3	2	1	5	-2.61333	-2.1156	-3.61353	-4.47548
986	2	4	1	2	2	1	5	-2.76622	-3.66913	-4.19781	-4.04339
987	2	4	1	2	2	1	5	-2.76622	-3.66913	-4.19781	-4.04339
988	2	4	1	2	2	1	5	-2.76622	-3.66913	-4.19781	-4.04339
989	1	4	2	2	6	3	17	-4.64412	-2.44526	-4.48753	-5.36149
990	1	4	2	2	6	3	17	-4.64412	-2.44526	-4.48753	-5.36149
991	9	25	2	10	22	3	6	-4.4616	-7.77083	-6.12611	-4.42129
992	1	4	2	2	6	3	17	-4.64412	-2.44526	-4.48753	-5.36149
993	2	4	1	2	2	1	5	-2.76622	-3.66913	-4.19781	-4.04339
994	2	4	1	2	2	1	5	-2.76622	-3.66913	-4.19781	-4.04339
995	8	10	2	2	11	12	6	-3.94301	-7.67955	-7.58609	-6.64848
996	2	4	1	2	2	1	5	-2.76622	-3.66913	-4.19781	-4.04339
997	2	1	5	3	2	5	5	-5.56837	-2.82497	-4.09724	-5.32322
998	8	10	2	2	11	12	6	-3.94301	-7.67955	-7.58609	-6.64848
999	2	4	1	2	2	1	5	-2.76622	-3.66913	-4.19781	-4.04339
1000	2	4	1	2	2	1	5	-2.76622	-3.66913	-4.19781	-4.04339
1001	2	1	21	3	2	1	5	-2.92226	-2.48924	-4.35617	-4.38724
1002	1	2	4	62	4	5	17	-6.09484	-4.84629	-7.28219	-8.04451
1003	2	1	12	3	2	1	5	-2.61333	-2.1156	-3.61353	-4.47548
1004	2	4	1	2	7	1	5	-2.29522	-6.09397	-5.84077	-4.78297
1005	1	307	3	4	5	9	3	-6.83161	-6.43212	-6.17916	-7.84063
1006	2	4	2	4	19	3	6	-5.7865	-9.59861	-9.42773	-8.4841
1007	2	4	1	2	2	1	5	-2.76622	-3.66913	-4.19781	-4.04339
1008	1	4	2	2	6	3	17	-4.64412	-2.44526	-4.48753	-5.36149
1009	9	25	2	10	22	3	6	-4.4616	-7.77083	-6.12611	-4.42129
1010	4	7	10	4	1	7	1	-1.81888	-3.84864	-2.71172	-1.96808
1011	2	4	1	2	2	1	5	-2.76622	-3.66913	-4.19781	-4.04339
1012	10	1	16	19	10	5	7	-6.23742	-2.74261	-4.18626	-5.08948
1013	2	1	21	3	2	1	5	-2.92226	-2.48924	-4.35617	-4.38724
1014	4	7	10	4	1	7	1	-1.81888	-3.84864	-2.71172	-1.96808
1015	2	4	1	2	2	1	5	-2.76622	-3.66913	-4.19781	-4.04339
1016	1	2	3	4	5	9	3	-4.63625	-2.48506	-3.62258	-4.76026
1017	9	316	4	62	4	5	6	-6.84746	-6.45321	-8.78844	-9.16162
1018	9	25	2	10	22	3	6	-4.4616	-7.77083	-6.12611	-4.42129
1019	1	307	3	4	5	9	3	-6.83161	-6.43212	-6.17916	-7.84063
1020	2	4	1	2	2	1	5	-2.76622	-3.66913	-4.19781	-4.04339
1021	9	25	2	10	22	3	6	-4.4616	-7.77083	-6.12611	-4.42129
1022	2	4	1	2	2	1	5	-2.76622	-3.66913	-4.19781	-4.04339
1023	2	1	12	3	2	1	5	-2.61333	-2.1156	-3.61353	-4.47548
1024	2	1	5	3	2	5	5	-5.56837	-2.82497	-4.09724	-5.32322
1025	2	4	1	2	2	1	5	-2.76622	-3.66913	-4.19781	-4.04339
1026	2	1	12	3	2	1	5	-2.61333	-2.1156	-3.61353	-4.47548
1027	2	1	12	3	2	1	5	-2.61333	-2.1156	-3.61353	-4.47548
1028	10	1	16	19	10	5	7	-6.23742	-2.74261	-4.18626	-5.08948
1029	4	7	10	4	1	7	1	-1.81888	-3.84864	-2.71172	-1.96808
1030	2	4	1	2	2	1	5	-2.76622	-3.66913	-4.19781	-4.04339
1031	2	1	12	88	2	1	5	-3.94016	-3.42928	-5.62887	-5.25277
1032	2	1	21	3	2	1	5	-2.92226	-2.48924	-4.35617	-4.38724
1033	1	2	3	4	5	9	3	-4.63625	-2.48506	-3.62258	-4.76026
1034	8	10	2	2	11	12	6	-3.94301	-7.67955	-7.58609	-6.64848
1035	2	1	12	88	2	1	5	-3.94016	-3.42928	-5.62887	-5.25277
1036	33	39	30	82	104	173	68	-5.38291	-3.97749	-6.42907	-7.24762
1037	1	2	3	4	5	9	3	-4.63625	-2.48506	-3.62258	-4.76026
1038	9	25	2	10	22	3	6	-4.4616	-7.77083	-6.12611	-4.42129
1039	2	4	1	2	2	1	5	-2.76622	-3.66913	-4.19781	-4.04339
1040	8	10	2	2	11	12	6	-3.94301	-7.67955	-7.58609	-6.64848
1041	1	2	4	62	4	5	17	-6.09484	-4.84629	-7.28219	-8.04451
1042	10	1	16	19	10	5	7	-6.23742	-2.74261	-4.18626	-5.08948
1043	33	39	30	82	104	173	68	-5.38291	-3.97749	-6.42907	-7.24762
1044	2	4	1	2	2	1	5	-2.76622	-3.66913	-4.19781	-4.04339
1045	8	10	2	2	11	12	6	-3.94301	-7.67955	-7.58609	-6.64848
1046	2	1	5	3	2	5	5	-5.56837	-2.82497	-4.09724	-5.32322
1047	47	2	4	2	6	5	17	-10.9867	-10.677	-6.26738	-8.15543
1048	1	2	3	4	5	9	3	-4.63625	-2.48506	-3.62258	-4.76026
1049	4	7	10	4	1	7	1	-1.81888	-3.84864	-2.71172	-1.96808
1050	2	1	5	3	2	3	5	-4.22832	-3.24848	-5.39329	-4.79053
1051	2	4	2	2	6	1	5	-6.08047	-4.8301	-5.95233	-7.39937
1052	2	4	1	2	2	1	5	-2.76622	-3.66913	-4.19781	-4.04339
1053	8	10	149	2	11	12	6	-4.86929	-3.97217	-5.63182	-6.72262
1054	9	25	2	10	22	3	6	-4.4616	-7.77083	-6.12611	-4.42129
1055	2	4	1	2	2	1	5	-2.76622	-3.66913	-4.19781	-4.04339
1056	1	2	3	4	5	9	3	-4.63625	-2.48506	-3.62258	-4.76026
1057	2	1	12	3	2	1	5	-2.61333	-2.1156	-3.61353	-4.47548
1058	4	7	10	4	42	51	1	-2.91901	-4.68592	-4.96622	-3.80964
1059	2	4	1	2	2	1	5	-2.76622	-3.66913	-4.19781	-4.04339
1060	2	1	1	3	2	1	5	-4.60869	-3.78398	-6.18499	-6.76301
1061	2	4	1	2	7	1	5	-2.29522	-6.09397	-5.84077	-4.78297
1062	8	10	2	2	11	12	6	-3.94301	-7.67955	-7.58609	-6.64848
1063	2	4	1	2	2	1	5	-2.76622	-3.66913	-4.19781	-4.04339
1064	9	2	4	62	4	5	6	-3.70488	-5.25368	-5.83928	-6.19616
1065	2	4	1	2	2	1	5	-2.76622	-3.66913	-4.19781	-4.04339
1066	4	7	10	4	1	7	1	-1.81888	-3.84864	-2.71172	-1.96808
1067	8	10	2	2	11	12	6	-3.94301	-7.67955	-7.58609	-6.64848
1068	2	4	2	2	6	1	5	-6.08047	-4.8301	-5.95233	-7.39937
1069	2	4	2	2	6	1	5	-6.08047	-4.8301	-5.95233	-7.39937
1070	2	4	2	2	6	1	5	-6.08047	-4.8301	-5.95233	-7.39937
1071	2	4	2	2	6	1	5	-6.08047	-4.8301	-5.95233	-7.39937
1072	2	4	1	2	2	1	5	-2.76622	-3.66913	-4.19781	-4.04339
1073	2	4	1	2	2	1	5	-2.76622	-3.66913	-4.19781	-4.04339
1074	2	1	12	3	2	1	5	-2.61333	-2.1156	-3.61353	-4.47548
1075	2	4	1	2	7	1	5	-2.29522	-6.09397	-5.84077	-4.78297
1076	4	7	10	4	42	51	1	-2.91901	-4.68592	-4.96622	-3.80964
1077	2	4	1	2	2	1	5	-2.76622	-3.66913	-4.19781	-4.04339
1078	8	10	2	2	11	12	6	-3.94301	-7.67955	-7.58609	-6.64848
1079	1	2	3	4	5	9	3	-4.63625	-2.48506	-3.62258	-4.76026
1080	1	2	3	4	5	9	3	-4.63625	-2.48506	-3.62258	-4.76026
1081	10	1	16	19	10	5	7	-6.23742	-2.74261	-4.18626	-5.08948
1082	8	10	2	2	11	12	6	-3.94301	-7.67955	-7.58609	-6.64848
1083	4	7	10	4	1	7	1	-1.81888	-3.84864	-2.71172	-1.96808
1084	2	4	1	2	2	1	5	-2.76622	-3.66913	-4.19781	-4.04339
1085	2	4	1	2	7	1	5	-2.29522	-6.09397	-5.84077	-4.78297
1086	2	1	21	3	2	1	5	-2.92226	-2.48924	-4.35617	-4.38724
1087	2	1	12	3	2	1	5	-2.61333	-2.1156	-3.61353	-4.47548
1088	2	4	2	4	19	3	6	-5.7865	-9.59861	-9.42773	-8.4841
1089	8	10	149	2	11	12	6	-4.86929	-3.97217	-5.63182	-6.72262
1090	8	10	2	2	11	12	6	-3.94301	-7.67955	-7.58609	-6.64848
1091	2	1	12	3	2	1	5	-2.61333	-2.1156	-3.61353	-4.47548
1092	2	1	12	3	2	1	5	-2.61333	-2.1156	-3.61353	-4.47548
1093	2	1	5	3	2	3	5	-4.22832	-3.24848	-5.39329	-4.79053
1094	184	39	30	82	113	43	17	-3.94201	-6.22424	-7.36937	-6.62209
1095	2	1	12	3	2	1	5	-2.61333	-2.1156	-3.61353	-4.47548
1096	2	4	1	2	2	1	5	-2.76622	-3.66913	-4.19781	-4.04339
1097	4	7	10	4	1	7	1	-1.81888	-3.84864	-2.71172	-1.96808
1098	8	10	2	2	11	12	6	-3.94301	-7.67955	-7.58609	-6.64848
1099	4	7	10	4	1	7	1	-1.81888	-3.84864	-2.71172	-1.96808
1100	4	7	10	4	42	51	1	-2.91901	-4.68592	-4.96622	-3.80964
1101	9	25	2	10	22	3	6	-4.4616	-7.77083	-6.12611	-4.42129
1102	9	2	4	62	4	5	6	-3.70488	-5.25368	-5.83928	-6.19616
1103	4	7	10	4	1	7	1	-1.81888	-3.84864	-2.71172	-1.96808
1104	2	4	1	2	7	1	5	-2.29522	-6.09397	-5.84077	-4.78297
1105	4	7	10	4	1	7	1	-1.81888	-3.84864	-2.71172	-1.96808
1106	8	10	2	2	11	12	6	-3.94301	-7.67955	-7.58609	-6.64848
1107	2	4	1	2	2	1	5	-2.76622	-3.66913	-4.19781	-4.04339
1108	4	7	10	4	42	51	1	-2.91901	-4.68592	-4.96622	-3.80964
1109	1	2	3	4	5	9	3	-4.63625	-2.48506	-3.62258	-4.76026
1110	2	1	12	3	2	1	5	-2.61333	-2.1156	-3.61353	-4.47548
1111	2	4	1	2	2	1	5	-2.76622	-3.66913	-4.19781	-4.04339
1112	10	81	50	99	120	76	52	-6.69422	-6.38248	-5.35319	-5.20359
1113	2	4	1	2	2	1	5	-2.76622	-3.66913	-4.19781	-4.04339
1114	4	7	10	4	42	51	1	-2.91901	-4.68592	-4.96622	-3.80964
1115	4	7	10	4	42	51	1	-2.91901	-4.68592	-4.96622	-3.80964
1116	4	7	10	4	1	7	1	-1.81888	-3.84864	-2.71172	-1.96808
1117	3	1	5	10	11	11	6	-10.0472	-6.46281	-8.97597	-10.2113
1118	10	81	50	99	120	76	52	-6.69422	-6.38248	-5.35319	-5.20359
1119	2	4	1	2	2	1	5	-2.76622	-3.66913	-4.19781	-4.04339
1120	4	7	10	4	1	7	1	-1.81888	-3.84864	-2.71172	-1.96808
1121	4	7	10	4	1	7	1	-1.81888	-3.84864	-2.71172	-1.96808
1122	4	7	10	4	42	51	1	-2.91901	-4.68592	-4.96622	-3.80964
1123	2	1	12	3	2	1	5	-2.61333	-2.1156	-3.61353	-4.47548
1124	2	4	1	2	2	1	5	-2.76622	-3.66913	-4.19781	-4.04339
1125	2	1	1	3	2	1	5	-4.60869	-3.78398	-6.18499	-6.76301
1126	2	4	1	2	2	1	5	-2.76622	-3.66913	-4.19781	-4.04339
1127	2	4	1	2	2	1	5	-2.76622	-3.66913	-4.19781	-4.04339
1128	2	4	1	2	2	1	5	-2.76622	-3.66913	-4.19781	-4.04339
1129	2	4	1	2	2	1	5	-2.76622	-3.66913	-4.19781	-4.04339
1130	1	2	3	4	5	9	3	-4.63625	-2.48506	-3.62258	-4.76026
1131	8	10	2	2	11	12	6	-3.94301	-7.67955	-7.58609	-6.64848
1132	2	1	21	3	2	1	5	-2.92226	-2.48924	-4.35617	-4.38724
1133	2	4	1	2	2	1	5	-2.76622	-3.66913	-4.19781	-4.04339
1134	2	1	21	3	2	1	5	-2.92226	-2.48924	-4.35617	-4.38724
1135	2	1	21	3	2	1	5	-2.92226	-2.48924	-4.35617	-4.38724
1136	2	4	1	2	2	1	5	-2.76622	-3.66913	-4.19781	-4.04339
1137	1	2	3	4	5	9	3	-4.63625	-2.48506	-3.62258	-4.76026
1138	10	1	16	19	10	5	7	-6.23742	-2.74261	-4.18626	-5.08948
1139	2	1	12	3	2	1	5	-2.61333	-2.1156	-3.61353	-4.47548
1140	7	21	5	62	4	61	44	-7.38187	-3.82757	-5.61132	-7.1323
1141	2	4	1	2	2	1	5	-2.76622	-3.66913	-4.19781	-4.04339
1142	2	1	12	3	2	1	5	-2.61333	-2.1156	-3.61353	-4.47548
1143	2	4	1	2	7	1	5	-2.29522	-6.09397	-5.84077	-4.78297
1144	2	1	5	3	2	3	5	-4.22832	-3.24848	-5.39329	-4.79053
1145	2	1	21	3	2	1	5	-2.92226	-2.48924	-4.35617	-4.38724
1146	2	1	21	3	2	1	5	-2.92226	-2.48924	-4.35617	-4.38724
1147	2	1	21	3	2	1	5	-2.92226	-2.48924	-4.35617	-4.38724
1148	2	1	21	3	2	1	5	-2.92226	-2.48924	-4.35617	-4.38724
1149	2	1	12	3	2	1	5	-2.61333	-2.1156	-3.61353	-4.47548
1150	8	10	2	2	11	12	6	-3.94301	-7.67955	-7.58609	-6.64848
1151	129	66	30	82	189	47	17	-3.23664	-4.9238	-5.60579	-4.15948
1152	1	307	3	4	5	9	3	-6.83161	-6.43212	-6.17916	-7.84063
1153	8	10	2	2	11	12	6	-3.94301	-7.67955	-7.58609	-6.64848
1154	2	4	2	2	6	1	5	-6.08047	-4.8301	-5.95233	-7.39937
1155	1	4	2	2	6	3	17	-4.64412	-2.44526	-4.48753	-5.36149
1156	2	4	1	2	2	1	5	-2.76622	-3.66913	-4.19781	-4.04339
1157	8	10	2	2	11	12	6	-3.94301	-7.67955	-7.58609	-6.64848
1158	2	4	2	2	6	1	5	-6.08047	-4.8301	-5.95233	-7.39937
1159	2	1	21	3	2	1	5	-2.92226	-2.48924	-4.35617	-4.38724
1160	2	4	5	2	2	5	5	-3.66139	-7.41876	-6.95838	-5.69927
1161	7	21	5	62	4	61	44	-7.38187	-3.82757	-5.61132	-7.1323
1162	2	1	12	3	2	1	5	-2.61333	-2.1156	-3.61353	-4.47548
1163	10	27	16	19	10	5	7	-20.3889	-12.7478	-15.6297	-17.1582
1164	33	283	44	82	189	44	17	-6.97986	-3.46752	-5.36526	-5.94187
1165	9	25	2	10	22	3	6	-4.4616	-7.77083	-6.12611	-4.42129
1166	7	21	5	62	4	61	44	-7.38187	-3.82757	-5.61132	-7.1323
1167	2	1	5	3	2	3	5	-4.22832	-3.24848	-5.39329	-4.79053
1168	2	1	5	3	2	3	5	-4.22832	-3.24848	-5.39329	-4.79053
1169	9	25	2	10	22	3	6	-4.4616	-7.77083	-6.12611	-4.42129
1170	2	1	5	3	2	3	5	-4.22832	-3.24848	-5.39329	-4.79053
1171	2	4	1	2	2	1	5	-2.76622	-3.66913	-4.19781	-4.04339
1172	129	66	30	82	189	47	17	-3.23664	-4.9238	-5.60579	-4.15948
1173	2	4	1	2	2	1	5	-2.76622	-3.66913	-4.19781	-4.04339
1174	2	1	5	3	2	3	5	-4.22832	-3.24848	-5.39329	-4.79053
1175	2	1	12	3	2	1	5	-2.61333	-2.1156	-3.61353	-4.47548
1176	2	4	1	2	2	1	5	-2.76622	-3.66913	-4.19781	-4.04339
1177	1	4	2	2	6	3	17	-4.64412	-2.44526	-4.48753	-5.36149
1178	2	1	12	3	2	1	5	-2.61333	-2.1156	-3.61353	-4.47548
1179	1	4	2	2	446	3	17	-8.4074	-7.05944	-7.41807	-8.34234
1180	2	1	5	88	2	11	5	-8.82143	-5.3431	-6.07467	-7.82362
1181	2	4	2	2	6	1	5	-6.08047	-4.8301	-5.95233	-7.39937
1182	9	25	2	10	22	3	6	-4.4616	-7.77083	-6.12611	-4.42129
1183	2	1	5	3	2	3	5	-4.22832	-3.24848	-5.39329	-4.79053
1184	7	21	5	62	4	61	44	-7.38187	-3.82757	-5.61132	-7.1323
1185	1	2	3	4	5	9	3	-4.63625	-2.48506	-3.62258	-4.76026
1186	2	4	1	2	2	1	5	-2.76622	-3.66913	-4.19781	-4.04339
1187	7	21	5	62	4	61	44	-7.38187	-3.82757	-5.61132	-7.1323
1188	33	39	30	82	104	173	68	-5.38291	-3.97749	-6.42907	-7.24762
1189	1	4	2	2	6	3	17	-4.64412	-2.44526	-4.48753	-5.36149
1190	2	1	21	3	2	1	5	-2.92226	-2.48924	-4.35617	-4.38724
1191	4	7	10	4	1	7	1	-1.81888	-3.84864	-2.71172	-1.96808
1192	2	1	5	3	2	5	5	-5.56837	-2.82497	-4.09724	-5.32322
1193	1	4	2	2	6	3	17	-4.64412	-2.44526	-4.48753	-5.36149
1194	2	4	1	2	2	1	5	-2.76622	-3.66913	-4.19781	-4.04339
1195	2	4	1	2	2	1	5	-2.76622	-3.66913	-4.19781	-4.04339
1196	2	1	12	3	2	1	5	-2.61333	-2.1156	-3.61353	-4.47548
1197	2	1	6	3	2	3	5	-7.00863	-7.86972	-8.10997	-7.32282
1198	4	7	10	4	1	7	1	-1.81888	-3.84864	-2.71172	-1.96808
1199	2	4	1	2	7	1	5	-2.29522	-6.09397	-5.84077	-4.78297
1200	2	1	1	3	2	1	5	-4.60869	-3.78398	-6.18499	-6.76301
1201	2	4	1	2	2	1	5	-2.76622	-3.66913	-4.19781	-4.04339
1202	7	2	5	2	10	3	6	-31.543	-27.6834	-27.8897	-28.0657
1203	2	1	21	3	2	1	5	-2.92226	-2.48924	-4.35617	-4.38724
1204	2	4	1	2	7	1	5	-2.29522	-6.09397	-5.84077	-4.78297
1205	4	7	10	4	1	7	1	-1.81888	-3.84864	-2.71172	-1.96808
1206	2	4	1	2	7	1	5	-2.29522	-6.09397	-5.84077	-4.78297
1207	2	4	1	2	2	1	5	-2.76622	-3.66913	-4.19781	-4.04339
1208	1	4	2	2	6	3	17	-4.64412	-2.44526	-4.48753	-5.36149
1209	2	4	1	2	2	1	5	-2.76622	-3.66913	-4.19781	-4.04339
1210	2	4	1	2	2	1	5	-2.76622	-3.66913	-4.19781	-4.04339
1211	74	10	2	2	11	12	6	-7.71529	-12.3278	-10.5384	-9.64504
1212	1	2	3	4	5	9	3	-4.63625	-2.48506	-3.62258	-4.76026
1213	2	1	5	3	2	3	5	-4.22832	-3.24848	-5.39329	-4.79053
1214	4	7	10	4	1	7	1	-1.81888	-3.84864	-2.71172	-1.96808
1215	2	4	2	2	6	1	5	-6.08047	-4.8301	-5.95233	-7.39937
1216	2	1	12	3	2	1	5	-2.61333	-2.1156	-3.61353	-4.47548
1217	2	1	21	3	2	1	5	-2.92226	-2.48924	-4.35617	-4.38724
1218	2	4	1	2	2	1	5	-2.76622	-3.66913	-4.19781	-4.04339
1219	2	1	21	3	2	1	5	-2.92226	-2.48924	-4.35617	-4.38724
1220	4	7	10	4	1	7	1	-1.81888	-3.84864	-2.71172	-1.96808
1221	2	1	21	3	2	1	5	-2.92226	-2.48924	-4.35617	-4.38724
1222	2	4	1	2	2	1	5	-2.76622	-3.66913	-4.19781	-4.04339
1223	4	7	10	4	1	7	1	-1.81888	-3.84864	-2.71172	-1.96808
1224	2	4	1	2	2	1	5	-2.76622	-3.66913	-4.19781	-4.04339
1225	4	7	10	4	1	7	1	-1.81888	-3.84864	-2.71172	-1.96808
1226	4	7	10	4	42	51	1	-2.91901	-4.68592	-4.96622	-3.80964
1227	4	7	10	4	42	7	1	-6.5913	-8.64242	-5.68036	-4.72511
1228	2	4	1	2	2	1	5	-2.76622	-3.66913	-4.19781	-4.04339
1229	2	1	5	3	2	3	5	-4.22832	-3.24848	-5.39329	-4.79053
1230	10	81	50	99	120	76	52	-6.69422	-6.38248	-5.35319	-5.20359
1231	2	4	1	2	7	1	5	-2.29522	-6.09397	-5.84077	-4.78297
1232	2	4	1	2	7	1	5	-2.29522	-6.09397	-5.84077	-4.78297
1233	4	7	10	4	1	7	1	-1.81888	-3.84864	-2.71172	-1.96808
1234	1	4	2	2	6	3	17	-4.64412	-2.44526	-4.48753	-5.36149
1235	4	7	10	4	1	7	1	-1.81888	-3.84864	-2.71172	-1.96808
1236	2	4	1	2	2	1	5	-2.76622	-3.66913	-4.19781	-4.04339
1237	4	7	10	4	1	7	1	-1.81888	-3.84864	-2.71172	-1.96808
1238	4	7	10	4	42	51	1	-2.91901	-4.68592	-4.96622	-3.80964
1239	1	307	3	4	5	9	3	-6.83161	-6.43212	-6.17916	-7.84063
1240	2	4	2	2	6	1	5	-6.08047	-4.8301	-5.95233	-7.39937
1241	8	10	149	2	11	12	6	-4.86929	-3.97217	-5.63182	-6.72262
1242	2	1	12	3	2	1	5	-2.61333	-2.1156	-3.61353	-4.47548
1243	2	4	1	2	2	1	5	-2.76622	-3.66913	-4.19781	-4.04339
1244	2	4	1	2	2	1	5	-2.76622	-3.66913	-4.19781	-4.04339
1245	2	4	1	2	2	1	5	-2.76622	-3.66913	-4.19781	-4.04339
1246	4	7	10	4	42	51	1	-2.91901	-4.68592	-4.96622	-3.80964
1247	2	4	1	2	2	1	5	-2.76622	-3.66913	-4.19781	-4.04339
1248	2	4	1	2	2	1	5	-2.76622	-3.66913	-4.19781	-4.04339
1249	2	1	12	88	2	1	5	-3.94016	-3.42928	-5.62887	-5.25277
1250	1	4	2	2	6	3	17	-4.64412	-2.44526	-4.48753	-5.36149
1251	9	2	4	62	4	5	6	-3.70488	-5.25368	-5.83928	-6.19616
1252	2	4	1	2	7	1	5	-2.29522	-6.09397	-5.84077	-4.78297
1253	2	4	5	2	2	5	5	-3.66139	-7.41876	-6.95838	-5.69927
1254	2	1	21	3	2	1	5	-2.92226	-2.48924	-4.35617	-4.38724
1255	1	4	2	2	6	3	17	-4.64412	-2.44526	-4.48753	-5.36149
1256	2	1	21	3	2	1	5	-2.92226	-2.48924	-4.35617	-4.38724
1257	2	4	1	2	2	5	5	-6.80433	-6.40242	-8.65652	-9.06833
1258	2	1	12	3	2	1	5	-2.61333	-2.1156	-3.61353	-4.47548
1259	2	4	2	2	6	1	5	-6.08047	-4.8301	-5.95233	-7.39937
1260	2	4	1	2	2	1	5	-2.76622	-3.66913	-4.19781	-4.04339
1261	2	4	1	2	2	1	5	-2.76622	-3.66913	-4.19781	-4.04339
1262	1	307	3	4	5	9	3	-6.83161	-6.43212	-6.17916	-7.84063
1263	9	25	2	10	22	3	6	-4.4616	-7.77083	-6.12611	-4.42129
1264	2	1	1	380	2	1	5	-6.14694	-5.73625	-8.08226	-8.45966
1265	2	4	1	2	2	1	5	-2.76622	-3.66913	-4.19781	-4.04339
1266	2	4	1	2	2	1	5	-2.76622	-3.66913	-4.19781	-4.04339
1267	2	1	12	3	2	1	5	-2.61333	-2.1156	-3.61353	-4.47548
1268	1	2	3	4	5	9	3	-4.63625	-2.48506	-3.62258	-4.76026
1269	2	4	1	2	2	1	5	-2.76622	-3.66913	-4.19781	-4.04339
1270	2	4	1	2	2	1	5	-2.76622	-3.66913	-4.19781	-4.04339
1271	2	4	1	2	2	1	5	-2.76622	-3.66913	-4.19781	-4.04339
1272	1	2	3	4	5	9	3	-4.63625	-2.48506	-3.62258	-4.76026
1273	9	2	2	212	309	253	147	-26.0349	-29.2438	-23.5315	-23.0726
1274	2	1	21	3	2	1	5	-2.92226	-2.48924	-4.35617	-4.38724
1275	47	2	4	2	6	5	17	-10.9867	-10.677	-6.26738	-8.15543
1276	1	2	3	4	5	9	3	-4.63625	-2.48506	-3.62258	-4.76026
1277	2	4	1	2	2	1	5	-2.76622	-3.66913	-4.19781	-4.04339
1278	2	4	1	2	2	1	5	-2.76622	-3.66913	-4.19781	-4.04339
1279	9	2	4	62	4	5	6	-3.70488	-5.25368	-5.83928	-6.19616
1280	2	1	12	3	2	1	5	-2.61333	-2.1156	-3.61353	-4.47548
1281	2	4	1	2	2	1	5	-2.76622	-3.66913	-4.19781	-4.04339
1282	2	4	1	2	7	1	5	-2.29522	-6.09397	-5.84077	-4.78297
1283	7	17	2	15	23	3	12	-6.88965	-10.7067	-10.5377	-9.59516
1284	2	1	1	3	2	1	5	-4.60869	-3.78398	-6.18499	-6.76301
1285	2	1	12	3	2	1	5	-2.61333	-2.1156	-3.61353	-4.47548
1286	2	4	1	2	2	1	5	-2.76622	-3.66913	-4.19781	-4.04339
1287	2	1	5	3	2	3	5	-4.22832	-3.24848	-5.39329	-4.79053
1288	2	4	1	2	2	1	5	-2.76622	-3.66913	-4.19781	-4.04339
1289	2	4	1	2	2	1	5	-2.76622	-3.66913	-4.19781	-4.04339
1290	1	4	2	2	6	3	17	-4.64412	-2.44526	-4.48753	-5.36149
1291	2	1	2	3	2	3	5	-3.74685	-7.41163	-7.37955	-6.4433
1292	2	1	5	3	2	3	5	-4.22832	-3.24848	-5.39329	-4.79053
1293	1	2	3	3	5	9	3	-11.7099	-7.89456	-9.70452	-11.627
1294	4	7	10	4	42	51	1	-2.91901	-4.68592	-4.96622	-3.80964
1295	1	4	2	2	6	3	17	-4.64412	-2.44526	-4.48753	-5.36149
1296	2	1	5	3	2	3	5	-4.22832	-3.24848	-5.39329	-4.79053
1297	4	7	10	4	1	7	1	-1.81888	-3.84864	-2.71172	-1.96808
1298	2	4	1	2	2	1	5	-2.76622	-3.66913	-4.19781	-4.04339
1299	4	7	10	4	1	7	1	-1.81888	-3.84864	-2.71172	-1.96808
1300	2	1	21	3	2	1	5	-2.92226	-2.48924	-4.35617	-4.38724
1301	2	4	1	2	2	1	5	-2.76622	-3.66913	-4.19781	-4.04339
1302	4	7	10	4	1	7	1	-1.81888	-3.84864	-2.71172	-1.96808
1303	2	4	1	2	2	1	5	-2.76622	-3.66913	-4.19781	-4.04339
1304	2	1	5	3	2	5	5	-5.56837	-2.82497	-4.09724	-5.32322
1305	2	4	1	2	2	1	5	-2.76622	-3.66913	-4.19781	-4.04339
1306	2	1	21	3	2	1	5	-2.92226	-2.48924	-4.35617	-4.38724
1307	2	1	5	3	2	5	5	-5.56837	-2.82497	-4.09724	-5.32322
1308	1	4	2	2	6	3	17	-4.64412	-2.44526	-4.48753	-5.36149
1309	1	4	2	2	6	3	17	-4.64412	-2.44526	-4.48753	-5.36149
1310	2	1	5	3	2	3	5	-4.22832	-3.24848	-5.39329	-4.79053
1311	1	4	2	2	6	3	17	-4.64412	-2.44526	-4.48753	-5.36149
1312	2	4	1	2	2	1	5	-2.76622	-3.66913	-4.19781	-4.04339
1313	2	1	12	88	2	1	5	-3.94016	-3.42928	-5.62887	-5.25277
1314	2	1	5	3	2	3	5	-4.22832	-3.24848	-5.39329	-4.79053
1315	2	4	5	2	2	1	5	-6.15712	-9.25731	-9.02819	-8.68933
1316	2	4	1	2	2	1	5	-2.76622	-3.66913	-4.19781	-4.04339
1317	1	4	2	2	6	3	17	-4.64412	-2.44526	-4.48753	-5.36149
1318	2	1	21	3	2	1	5	-2.92226	-2.48924	-4.35617	-4.38724
1319	4	7	10	4	1	7	1	-1.81888	-3.84864	-2.71172	-1.96808
1320	1	2	3	4	5	9	3	-4.63625	-2.48506	-3.62258	-4.76026
1321	2	4	1	2	7	1	5	-2.29522	-6.09397	-5.84077	-4.78297
1322	4	7	10	4	1	7	1	-1.81888	-3.84864	-2.71172	-1.96808
1323	4	7	10	4	1	7	1	-1.81888	-3.84864	-2.71172	-1.96808
1324	1	4	2	2	6	3	17	-4.64412	-2.44526	-4.48753	-5.36149
1325	2	4	1	2	7	1	5	-2.29522	-6.09397	-5.84077	-4.78297
1326	4	7	10	4	1	7	1	-1.81888	-3.84864	-2.71172	-1.96808
1327	8	10	2	2	11	12	6	-3.94301	-7.67955	-7.58609	-6.64848
1328	969	7	10	4	1	7	1	-5.51327	-8.48356	-5.66137	-4.96196
1329	4	7	10	4	1	7	1	-1.81888	-3.84864	-2.71172	-1.96808
1330	10	27	16	942	10	5	7	-24.1611	-17.3968	-18.5824	-20.1546
1331	10	27	16	941	10	5	7	-24.1611	-17.3968	-18.5824	-20.1546
1332	4	7	10	4	1	7	1	-1.81888	-3.84864	-2.71172	-1.96808
1333	4	7	10	4	1	7	1	-1.81888	-3.84864	-2.71172	-1.96808
1334	129	66	30	82	189	47	17	-3.23664	-4.9238	-5.60579	-4.15948
1335	4	7	10	4	1	7	1	-1.81888	-3.84864	-2.71172	-1.96808
1336	4	7	10	4	1	7	1	-1.81888	-3.84864	-2.71172	-1.96808
1337	2	4	1	2	2	1	5	-2.76622	-3.66913	-4.19781	-4.04339
1338	2	1	2	3	2	3	5	-3.74685	-7.41163	-7.37955	-6.4433
1339	10	27	16	19	10	5	7	-20.3889	-12.7478	-15.6297	-17.1582
1340	2	4	1	2	2	1	5	-2.76622	-3.66913	-4.19781	-4.04339
1341	33	39	30	82	104	173	68	-5.38291	-3.97749	-6.42907	-7.24762
1342	1	4	2	2	6	3	17	-4.64412	-2.44526	-4.48753	-5.36149
1343	2	1	5	3	2	5	5	-5.56837	-2.82497	-4.09724	-5.32322
1344	2	1	12	3	2	1	5	-2.61333	-2.1156	-3.61353	-4.47548
1345	8	10	2	2	11	12	6	-3.94301	-7.67955	-7.58609	-6.64848
1346	2	1	1	3	2	1	5	-4.60869	-3.78398	-6.18499	-6.76301
1347	1	4	2	2	6	3	17	-4.64412	-2.44526	-4.48753	-5.36149
1348	7	2	2	2	11	12	6	-4.48963	-8.30612	-8.13645	-7.19483
1349	9	2	4	62	4	5	6	-3.70488	-5.25368	-5.83928	-6.19616
1350	2	1	21	3	2	1	5	-2.92226	-2.48924	-4.35617	-4.38724
1351	9	7	10	4	1	7	1	-10.2313	-12.2155	-11.2089	-9.91399
1352	2	1	12	3	920	1	5	-6.3863	-6.75593	-6.56386	-7.47011
1353	239	27	16	19	10	5	7	-10.0489	-6.46583	-8.98077	-10.2149
1354	7	17	2	15	23	3	12	-6.88965	-10.7067	-10.5377	-9.59516
1355	1	4	2	2	6	3	17	-4.64412	-2.44526	-4.48753	-5.36149
1356	1	6	60	24	12	28	1	-28.6649	-33.1268	-20.4799	-20.9158
1357	2	4	5	2	10	1	5	-6.88215	-10.6843	-10.5178	-9.58193
1358	10	81	50	99	120	76	52	-6.69422	-6.38248	-5.35319	-5.20359
1359	4	7	10	4	1	7	1	-1.81888	-3.84864	-2.71172	-1.96808
1360	2	1	5	3	2	5	5	-5.56837	-2.82497	-4.09724	-5.32322
1361	4	7	10	1	1	7	1	-5.26154	-8.74318	-6.06027	-6.07738
1362	2	4	5	2	10	1	5	-6.88215	-10.6843	-10.5178	-9.58193
1363	2	1	21	3	2	1	5	-2.92226	-2.48924	-4.35617	-4.38724
1364	2	1	21	3	2	1	5	-2.92226	-2.48924	-4.35617	-4.38724
1365	2	4	1	2	2	1	5	-2.76622	-3.66913	-4.19781	-4.04339
1366	2	4	2	2	6	1	5	-6.08047	-4.8301	-5.95233	-7.39937
1367	2	4	1	2	7	1	5	-2.29522	-6.09397	-5.84077	-4.78297
1368	2	4	1	2	2	1	5	-2.76622	-3.66913	-4.19781	-4.04339
1369	2	4	1	2	2	1	5	-2.76622	-3.66913	-4.19781	-4.04339
1370	4	7	10	4	1	7	1	-1.81888	-3.84864	-2.71172	-1.96808
1371	4	7	10	4	42	51	1	-2.91901	-4.68592	-4.96622	-3.80964
1372	2	1	5	3	2	3	5	-4.22832	-3.24848	-5.39329	-4.79053
1373	2	1	12	3	2	1	5	-2.61333	-2.1156	-3.61353	-4.47548
1374	2	1	1	3	2	1	5	-4.60869	-3.78398	-6.18499	-6.76301
1375	2	4	1	2	2	1	5	-2.76622	-3.66913	-4.19781	-4.04339
1376	4	7	10	4	1	7	1	-1.81888	-3.84864	-2.71172	-1.96808
1377	10	1	16	19	10	5	7	-6.23742	-2.74261	-4.18626	-5.08948
1378	2	4	1	2	7	1	5	-2.29522	-6.09397	-5.84077	-4.78297
1379	2	4	1	2	2	1	5	-2.76622	-3.66913	-4.19781	-4.04339
1380	10	81	50	99	120	76	52	-6.69422	-6.38248	-5.35319	-5.20359
1381	2	1	12	3	2	1	5	-2.61333	-2.1156	-3.61353	-4.47548
1382	2	4	1	2	2	1	5	-2.76622	-3.66913	-4.19781	-4.04339
1383	2	4	1	2	7	1	5	-2.29522	-6.09397	-5.84077	-4.78297
1384	1	2	3	4	5	9	3	-4.63625	-2.48506	-3.62258	-4.76026
1385	8	10	2	2	11	12	6	-3.94301	-7.67955	-7.58609	-6.64848
1386	1	4	2	2	6	3	17	-4.64412	-2.44526	-4.48753	-5.36149
1387	2	4	1	2	2	1	5	-2.76622	-3.66913	-4.19781	-4.04339
1388	2	4	1	2	2	1	5	-2.76622	-3.66913	-4.19781	-4.04339
1389	10	7	10	4	1	7	1	-12.4165	-10.7738	-9.84957	-9.07483
1390	2	1	21	3	2	1	5	-2.92226	-2.48924	-4.35617	-4.38724
1391	2	1	21	3	2	1	5	-2.92226	-2.48924	-4.35617	-4.38724
1392	10	1	16	19	10	5	7	-6.23742	-2.74261	-4.18626	-5.08948
1393	2	1	5	3	2	3	5	-4.22832	-3.24848	-5.39329	-4.79053
1394	2	1	5	3	2	3	5	-4.22832	-3.24848	-5.39329	-4.79053
1395	2	4	1	2	2	5	5	-6.80433	-6.40242	-8.65652	-9.06833
1396	2	4	1	2	7	1	5	-2.29522	-6.09397	-5.84077	-4.78297
1397	10	1	16	19	10	5	7	-6.23742	-2.74261	-4.18626	-5.08948
1398	2	4	1	2	7	1	5	-2.29522	-6.09397	-5.84077	-4.78297
1399	2	934	1	2	2	1	5	-6.46078	-8.31221	-7.14238	-7.02172
