Isolate	Loci0	Loci1	Loci2	Loci3	Loci4	Loci5	Loci6	Source0	Source1	Source2	Source3
0	1	2	3	4	5	9	3	-4.63474	-2.49803	-3.6006	-4.99617
1	4	7	10	4	1	7	1	-1.82322	-3.75718	-2.66981	-1.92514
2	2	4	1	2	2	1	5	-2.76908	-3.63893	-4.21578	-4.18743
3	2	4	1	2	2	1	5	-2.76908	-3.63893	-4.21578	-4.18743
4	9	25	2	10	22	3	6	-4.46584	-7.461	-6.10231	-4.3429
5	4	7	10	4	1	7	1	-1.82322	-3.75718	-2.66981	-1.92514
6	4	7	10	4	1	7	1	-1.82322	-3.75718	-2.66981	-1.92514
7	4	7	10	4	42	51	1	-2.92214	-4.60398	-5.02863	-3.82893
8	2	4	1	2	2	1	5	-2.76908	-3.63893	-4.21578	-4.18743
9	10	81	50	99	120	76	52	-6.70927	-6.40296	-5.2774	-5.137
10	2	1	21	3	2	1	5	-2.92359	-2.49099	-4.4575	-4.63131
11	2	1	21	3	2	1	5	-2.92359	-2.49099	-4.4575	-4.63131
12	9	25	2	10	22	3	6	-4.46584	-7.461	-6.10231	-4.3429
13	2	1	21	3	2	1	5	-2.92359	-2.49099	-4.4575	-4.63131
14	10	27	16	19	10	5	7	-20.3359	-12.754	-15.9423	-17.6768
15	2	4	1	2	2	1	5	-2.76908	-3.63893	-4.21578	-4.18743
16	2	4	1	2	2	1	5	-2.76908	-3.63893	-4.21578	-4.18743
17	9	2	4	62	4	5	6	-3.7076	-5.18239	-5.94178	-7.32542
18	9	53	2	53	11	3	3	-31.2004	-27.8827	-25.8349	-24.8557
19	2	4	1	2	2	1	5	-2.76908	-3.63893	-4.21578	-4.18743
20	2	4	1	2	2	1	5	-2.76908	-3.63893	-4.21578	-4.18743
21	4	7	10	4	1	7	1	-1.82322	-3.75718	-2.66981	-1.92514
22	2	4	1	2	2	1	5	-2.76908	-3.63893	-4.21578	-4.18743
23	1	4	2	2	6	3	17	-4.63799	-2.45765	-4.54815	-5.64916
24	4	7	10	4	1	7	1	-1.82322	-3.75718	-2.66981	-1.92514
25	2	1	21	3	2	1	5	-2.92359	-2.49099	-4.4575	-4.63131
26	8	10	2	2	11	12	6	-3.94573	-7.10199	-8.51584	-8.02406
27	2	4	2	2	6	1	5	-6.08133	-4.83908	-5.93897	-8.0343
28	2	1	12	3	2	1	5	-2.61474	-2.1179	-3.65623	-5.09898
29	2	4	1	2	2	1	5	-2.76908	-3.63893	-4.21578	-4.18743
30	4	7	10	4	1	7	1	-1.82322	-3.75718	-2.66981	-1.92514
31	10	1	16	19	10	5	7	-6.21803	-2.75712	-4.17497	-5.21191
32	1	2	3	4	5	9	3	-4.63474	-2.49803	-3.6006	-4.99617
33	2	4	1	2	2	1	5	-2.76908	-3.63893	-4.21578	-4.18743
34	2	4	1	2	2	1	5	-2.76908	-3.63893	-4.21578	-4.18743
35	2	4	1	2	2	1	5	-2.76908	-3.63893	-4.21578	-4.18743
36	4	7	10	4	1	7	1	-1.82322	-3.75718	-2.66981	-1.92514
37	129	66	30	82	189	47	17	-3.2397	-4.84821	-5.72486	-4.1748
38	2	1	12	3	357	1	5	-7.07984	-6.44068	-6.46532	-7.57385
39	9	2	4	62	4	5	6	-3.7076	-5.18239	-5.94178	-7.32542
40	2	1	1	3	2	1	5	-4.60872	-3.78885	-6.3922	-7.65623
41	2	1	12	3	357	1	5	-7.07984	-6.44068	-6.46532	-7.57385
42	2	1	5	3	2	3	5	-4.22874	-3.256	-5.50554	-4.80966
43	2	1	5	3	2	3	5	-4.22874	-3.256	-5.50554	-4.80966
44	2	4	1	2	2	1	5	-2.76908	-3.63893	-4.21578	-4.18743
45	2	4	1	2	2	1	5	-2.76908	-3.63893	-4.21578	-4.18743
46	2	4	2	2	6	1	5	-6.08133	-4.83908	-5.93897	-8.0343
47	1	4	2	2	6	3	17	-4.63799	-2.45765	-4.54815	-5.64916
48	2	1	21	3	2	1	5	-2.92359	-2.49099	-4.4575	-4.63131
49	2	1	2	3	2	3	5	-3.74951	-6.85567	-8.31205	-7.81117
50	2	1	21	3	2	1	5	-2.92359	-2.49099	-4.4575	-4.63131
51	7	17	2	15	23	3	12	-6.89239	-10.0936	-11.4714	-10.9705
52	2	4	1	2	7	1	5	-2.2979	-5.4873	-6.61659	-5.64246
53	9	2	4	62	4	5	6	-3.7076	-5.18239	-5.94178	-7.32542
54	2	4	1	2	7	1	5	-2.2979	-5.4873	-6.61659	-5.64246
55	9	2	4	62	4	5	6	-3.7076	-5.18239	-5.94178	-7.32542
56	2	1	12	88	2	1	5	-3.94125	-3.43207	-5.79752	-5.41648
57	2	1	5	3	2	3	5	-4.22874	-3.256	-5.50554	-4.80966
58	2	4	1	2	2	1	5	-2.76908	-3.63893	-4.21578	-4.18743
59	9	2	4	62	4	5	6	-3.7076	-5.18239	-5.94178	-7.32542
60	2	1	5	3	2	3	5	-4.22874	-3.256	-5.50554	-4.80966
61	2	4	1	2	2	1	5	-2.76908	-3.63893	-4.21578	-4.18743
62	2	4	1	2	2	1	5	-2.76908	-3.63893	-4.21578	-4.18743
63	2	4	1	2	2	1	5	-2.76908	-3.63893	-4.21578	-4.18743
64	2	4	1	2	2	1	5	-2.76908	-3.63893	-4.21578	-4.18743
65	2	4	1	2	2	1	5	-2.76908	-3.63893	-4.21578	-4.18743
66	2	4	1	2	2	1	5	-2.76908	-3.63893	-4.21578	-4.18743
67	1	2	215	4	90	24	8	-31.6002	-28.9484	-21.9572	-20.488
68	2	4	1	2	2	1	5	-2.76908	-3.63893	-4.21578	-4.18743
69	1	2	3	4	5	9	3	-4.63474	-2.49803	-3.6006	-4.99617
70	2	4	1	2	2	1	5	-2.76908	-3.63893	-4.21578	-4.18743
71	2	4	1	2	2	1	5	-2.76908	-3.63893	-4.21578	-4.18743
72	9	25	2	10	22	3	6	-4.46584	-7.461	-6.10231	-4.3429
73	2	15	4	48	360	25	23	-6.71652	-8.95915	-5.71788	-4.87792
74	2	4	1	2	2	1	5	-2.76908	-3.63893	-4.21578	-4.18743
75	2	1	12	88	2	1	5	-3.94125	-3.43207	-5.79752	-5.41648
76	2	4	2	2	6	1	5	-6.08133	-4.83908	-5.93897	-8.0343
77	10	1	16	19	10	5	7	-6.21803	-2.75712	-4.17497	-5.21191
78	2	4	1	2	2	1	5	-2.76908	-3.63893	-4.21578	-4.18743
79	2	1	12	3	2	1	5	-2.61474	-2.1179	-3.65623	-5.09898
80	2	4	1	2	2	1	5	-2.76908	-3.63893	-4.21578	-4.18743
81	2	4	1	2	2	1	5	-2.76908	-3.63893	-4.21578	-4.18743
82	1	4	2	2	6	3	17	-4.63799	-2.45765	-4.54815	-5.64916
83	10	1	16	19	10	5	7	-6.21803	-2.75712	-4.17497	-5.21191
84	8	10	149	2	11	12	6	-4.86986	-3.97909	-5.67437	-7.48567
85	2	4	1	2	2	1	5	-2.76908	-3.63893	-4.21578	-4.18743
86	2	4	1	2	7	1	5	-2.2979	-5.4873	-6.61659	-5.64246
87	32	39	30	82	104	324	17	-8.21846	-4.68809	-7.32284	-8.93718
88	1	2	3	4	5	9	3	-4.63474	-2.49803	-3.6006	-4.99617
89	2	1	5	3	2	3	5	-4.22874	-3.256	-5.50554	-4.80966
90	2	4	1	2	2	1	5	-2.76908	-3.63893	-4.21578	-4.18743
91	2	4	1	2	7	1	5	-2.2979	-5.4873	-6.61659	-5.64246
92	4	7	10	4	1	7	1	-1.82322	-3.75718	-2.66981	-1.92514
93	2	1	2	3	2	3	5	-3.74951	-6.85567	-8.31205	-7.81117
94	2	1	12	3	2	1	5	-2.61474	-2.1179	-3.65623	-5.09898
95	2	1	21	3	2	1	5	-2.92359	-2.49099	-4.4575	-4.63131
96	2	1	21	3	2	1	5	-2.92359	-2.49099	-4.4575	-4.63131
97	9	2	5	2	11	3	1	-29.2991	-31.135	-28.5457	-26.0117
98	4	7	10	4	1	7	1	-1.82322	-3.75718	-2.66981	-1.92514
99	2	1	2	3	2	3	5	-3.74951	-6.85567	-8.31205	-7.81117
100	2	1	21	3	2	1	5	-2.92359	-2.49099	-4.4575	-4.63131
101	4	7	10	4	1	7	1	-1.82322	-3.75718	-2.66981	-1.92514
102	2	1	21	3	2	1	5	-2.92359	-2.49099	-4.4575	-4.63131
103	1	4	2	2	6	3	17	-4.63799	-2.45765	-4.54815	-5.64916
104	2	4	5	2	10	1	5	-6.88482	-10.0716	-11.4536	-10.9588
105	2	1	12	88	2	1	5	-3.94125	-3.43207	-5.79752	-5.41648
106	9	2	4	62	4	5	6	-3.7076	-5.18239	-5.94178	-7.32542
107	2	165	73	147	220	190	104	-8.90171	-9.8831	-7.00023	-5.20239
108	2	1	21	3	2	1	5	-2.92359	-2.49099	-4.4575	-4.63131
109	2	4	1	2	2	1	5	-2.76908	-3.63893	-4.21578	-4.18743
110	2	1	12	3	11	1	6	-18.8738	-17.4191	-20.5465	-21.3319
111	2	1	2	3	2	3	5	-3.74951	-6.85567	-8.31205	-7.81117
112	2	4	1	2	7	1	5	-2.2979	-5.4873	-6.61659	-5.64246
113	2	1	2	3	2	3	5	-3.74951	-6.85567	-8.31205	-7.81117
114	2	1	21	3	2	1	5	-2.92359	-2.49099	-4.4575	-4.63131
115	2	4	1	2	7	1	5	-2.2979	-5.4873	-6.61659	-5.64246
116	33	39	30	82	113	43	17	-9.68923	-6.46396	-6.14196	-8.51938
117	2	4	1	2	2	1	5	-2.76908	-3.63893	-4.21578	-4.18743
118	2	4	1	2	2	1	5	-2.76908	-3.63893	-4.21578	-4.18743
119	2	4	1	2	2	1	5	-2.76908	-3.63893	-4.21578	-4.18743
120	2	4	1	2	7	1	5	-2.2979	-5.4873	-6.61659	-5.64246
121	4	7	10	1	1	7	1	-5.26564	-8.3248	-6.01825	-6.14373
122	2	1	12	3	2	1	5	-2.61474	-2.1179	-3.65623	-5.09898
123	2	4	1	2	2	1	5	-2.76908	-3.63893	-4.21578	-4.18743
124	2	4	1	2	2	1	5	-2.76908	-3.63893	-4.21578	-4.18743
125	2	4	1	2	7	1	5	-2.2979	-5.4873	-6.61659	-5.64246
126	2	4	1	2	2	1	5	-2.76908	-3.63893	-4.21578	-4.18743
127	2	4	1	2	2	1	5	-2.76908	-3.63893	-4.21578	-4.18743
128	2	1	12	88	2	1	5	-3.94125	-3.43207	-5.79752	-5.41648
129	2	1	12	3	2	1	5	-2.61474	-2.1179	-3.65623	-5.09898
130	2	1	12	3	2	1	5	-2.61474	-2.1179	-3.65623	-5.09898
131	2	4	1	2	7	1	5	-2.2979	-5.4873	-6.61659	-5.64246
132	2	1	21	3	2	1	5	-2.92359	-2.49099	-4.4575	-4.63131
133	2	1	21	3	2	1	5	-2.92359	-2.49099	-4.4575	-4.63131
134	2	4	5	2	2	5	5	-3.66415	-6.83453	-7.46591	-6.084
135	2	1	21	3	2	1	5	-2.92359	-2.49099	-4.4575	-4.63131
136	1	4	2	2	6	3	1	-11.41	-9.90417	-10.4682	-11.0851
137	2	1	5	3	2	3	5	-4.22874	-3.256	-5.50554	-4.80966
138	2	1	5	3	2	3	5	-4.22874	-3.256	-5.50554	-4.80966
139	4	7	10	4	1	7	1	-1.82322	-3.75718	-2.66981	-1.92514
140	8	10	2	2	11	12	6	-3.94573	-7.10199	-8.51584	-8.02406
141	2	1	2	3	2	3	5	-3.74951	-6.85567	-8.31205	-7.81117
142	2	1	5	3	2	3	5	-4.22874	-3.256	-5.50554	-4.80966
143	2	1	2	3	2	3	5	-3.74951	-6.85567	-8.31205	-7.81117
144	129	66	30	82	189	47	17	-3.2397	-4.84821	-5.72486	-4.1748
145	2	4	1	2	2	1	5	-2.76908	-3.63893	-4.21578	-4.18743
146	2	4	1	2	2	1	5	-2.76908	-3.63893	-4.21578	-4.18743
147	7	21	5	62	4	61	44	-7.35303	-3.84183	-5.63012	-7.63334
148	2	4	1	2	2	1	5	-2.76908	-3.63893	-4.21578	-4.18743
149	2	937	1	2	2	1	5	-7.15578	-7.96073	-7.02444	-6.66034
150	1	14	2	2	6	1	17	-9.30871	-6.45173	-7.78338	-6.29059
151	1	4	2	2	6	3	17	-4.63799	-2.45765	-4.54815	-5.64916
152	8	10	149	2	11	12	6	-4.86986	-3.97909	-5.67437	-7.48567
153	2	1	12	3	2	1	5	-2.61474	-2.1179	-3.65623	-5.09898
154	9	30	2	2	89	59	6	-4.94483	-8.14704	-9.52465	-9.02359
155	1	2	3	4	5	9	3	-4.63474	-2.49803	-3.6006	-4.99617
156	2	4	1	2	2	1	5	-2.76908	-3.63893	-4.21578	-4.18743
157	2	4	1	2	2	1	5	-2.76908	-3.63893	-4.21578	-4.18743
158	180	194	2	68	19	231	147	-27.6048	-30.1359	-23.9179	-21.7477
159	2	4	1	2	2	1	5	-2.76908	-3.63893	-4.21578	-4.18743
160	2	4	1	2	2	1	5	-2.76908	-3.63893	-4.21578	-4.18743
161	2	4	1	2	2	1	5	-2.76908	-3.63893	-4.21578	-4.18743
162	4	7	10	4	1	7	1	-1.82322	-3.75718	-2.66981	-1.92514
163	2	4	1	2	2	1	5	-2.76908	-3.63893	-4.21578	-4.18743
164	2	1	21	3	2	1	5	-2.92359	-2.49099	-4.4575	-4.63131
165	2	4	1	2	7	1	5	-2.2979	-5.4873	-6.61659	-5.64246
166	2	4	1	2	2	1	5	-2.76908	-3.63893	-4.21578	-4.18743
167	10	1	16	19	10	5	7	-6.21803	-2.75712	-4.17497	-5.21191
168	104	7	10	4	1	7	1	-4.4013	-7.60878	-8.96791	-8.45818
169	2	4	1	2	2	1	5	-2.76908	-3.63893	-4.21578	-4.18743
170	10	27	16	19	10	5	7	-20.3359	-12.754	-15.9423	-17.6768
171	2	4	1	2	2	1	5	-2.76908	-3.63893	-4.21578	-4.18743
172	2	1	1	3	2	1	5	-4.60872	-3.78885	-6.3922	-7.65623
173	7	21	5	62	4	61	44	-7.35303	-3.84183	-5.63012	-7.63334
174	2	1	1	3	2	1	5	-4.60872	-3.78885	-6.3922	-7.65623
175	10	1	16	19	10	5	7	-6.21803	-2.75712	-4.17497	-5.21191
176	2	4	1	2	2	1	5	-2.76908	-3.63893	-4.21578	-4.18743
177	2	4	1	2	2	1	5	-2.76908	-3.63893	-4.21578	-4.18743
178	2	1	12	3	2	1	5	-2.61474	-2.1179	-3.65623	-5.09898
179	2	4	1	2	2	1	5	-2.76908	-3.63893	-4.21578	-4.18743
180	2	4	1	2	2	1	5	-2.76908	-3.63893	-4.21578	-4.18743
181	1	4	2	2	6	3	17	-4.63799	-2.45765	-4.54815	-5.64916
182	2	1	12	3	2	1	5	-2.61474	-2.1179	-3.65623	-5.09898
183	4	7	10	4	1	7	1	-1.82322	-3.75718	-2.66981	-1.92514
184	2	4	1	2	2	1	5	-2.76908	-3.63893	-4.21578	-4.18743
185	2	4	1	2	2	1	5	-2.76908	-3.63893	-4.21578	-4.18743
186	2	1	21	3	2	1	5	-2.92359	-2.49099	-4.4575	-4.63131
187	4	7	10	4	1	7	1	-1.82322	-3.75718	-2.66981	-1.92514
188	4	7	10	4	42	51	1	-2.92214	-4.60398	-5.02863	-3.82893
189	2	1	5	3	2	3	5	-4.22874	-3.256	-5.50554	-4.80966
190	1	2	4	62	4	5	17	-6.09366	-4.8553	-7.4604	-8.84197
191	4	7	10	4	1	7	1	-1.82322	-3.75718	-2.66981	-1.92514
192	4	7	10	4	42	51	1	-2.92214	-4.60398	-5.02863	-3.82893
193	2	1	21	3	2	1	5	-2.92359	-2.49099	-4.4575	-4.63131
194	4	7	10	4	42	51	1	-2.92214	-4.60398	-5.02863	-3.82893
195	2	4	1	2	7	1	5	-2.2979	-5.4873	-6.61659	-5.64246
196	2	4	1	2	2	1	5	-2.76908	-3.63893	-4.21578	-4.18743
197	1	2	3	4	5	9	3	-4.63474	-2.49803	-3.6006	-4.99617
198	1	2	4	62	4	5	17	-6.09366	-4.8553	-7.4604	-8.84197
199	2	250	4	281	358	25	57	-30.2659	-30.807	-19.5244	-18.1849
200	9	2	4	62	4	5	6	-3.7076	-5.18239	-5.94178	-7.32542
201	1	2	3	4	5	9	3	-4.63474	-2.49803	-3.6006	-4.99617
202	4	7	10	4	1	7	1	-1.82322	-3.75718	-2.66981	-1.92514
203	2	4	2	4	19	3	6	-5.7892	-8.98517	-10.3635	-9.86021
204	4	7	10	4	1	7	1	-1.82322	-3.75718	-2.66981	-1.92514
205	4	7	10	4	42	51	1	-2.92214	-4.60398	-5.02863	-3.82893
206	2	1	12	3	2	1	5	-2.61474	-2.1179	-3.65623	-5.09898
207	4	7	10	4	1	7	1	-1.82322	-3.75718	-2.66981	-1.92514
208	2	1	12	3	2	1	5	-2.61474	-2.1179	-3.65623	-5.09898
209	1	2	4	62	4	5	17	-6.09366	-4.8553	-7.4604	-8.84197
210	4	7	10	4	42	51	1	-2.92214	-4.60398	-5.02863	-3.82893
211	2	4	1	2	2	1	5	-2.76908	-3.63893	-4.21578	-4.18743
212	4	7	10	4	1	7	1	-1.82322	-3.75718	-2.66981	-1.92514
213	2	1	21	3	2	1	5	-2.92359	-2.49099	-4.4575	-4.63131
214	47	2	4	2	6	5	17	-11.3195	-10.862	-6.19074	-8.63252
215	2	1	21	3	2	1	5	-2.92359	-2.49099	-4.4575	-4.63131
216	2	1	21	3	2	1	5	-2.92359	-2.49099	-4.4575	-4.63131
217	2	4	1	2	2	1	5	-2.76908	-3.63893	-4.21578	-4.18743
218	2	4	1	2	2	1	5	-2.76908	-3.63893	-4.21578	-4.18743
219	10	81	50	99	120	76	52	-6.70927	-6.40296	-5.2774	-5.137
220	2	4	1	2	2	1	5	-2.76908	-3.63893	-4.21578	-4.18743
221	2	4	1	2	2	1	5	-2.76908	-3.63893	-4.21578	-4.18743
222	1	4	2	2	6	3	17	-4.63799	-2.45765	-4.54815	-5.64916
223	1	2	4	62	4	5	17	-6.09366	-4.8553	-7.4604	-8.84197
224	4	7	10	4	1	7	1	-1.82322	-3.75718	-2.66981	-1.92514
225	4	7	10	4	1	7	1	-1.82322	-3.75718	-2.66981	-1.92514
226	10	1	16	19	10	5	7	-6.21803	-2.75712	-4.17497	-5.21191
227	2	4	1	2	2	1	5	-2.76908	-3.63893	-4.21578	-4.18743
228	2	4	1	2	7	1	5	-2.2979	-5.4873	-6.61659	-5.64246
229	1	4	2	348	6	3	17	-8.91072	-5.3723	-8.0097	-9.62741
230	1	2	4	62	4	5	17	-6.09366	-4.8553	-7.4604	-8.84197
231	10	27	16	19	10	5	7	-20.3359	-12.754	-15.9423	-17.6768
232	1	4	2	2	6	3	17	-4.63799	-2.45765	-4.54815	-5.64916
233	4	7	10	4	42	51	1	-2.92214	-4.60398	-5.02863	-3.82893
234	2	4	1	2	2	1	5	-2.76908	-3.63893	-4.21578	-4.18743
235	2	1	12	3	2	1	5	-2.61474	-2.1179	-3.65623	-5.09898
236	2	1	12	88	2	1	5	-3.94125	-3.43207	-5.79752	-5.41648
237	2	4	1	2	7	1	5	-2.2979	-5.4873	-6.61659	-5.64246
238	2	1	12	3	2	1	5	-2.61474	-2.1179	-3.65623	-5.09898
239	1	4	2	2	6	3	17	-4.63799	-2.45765	-4.54815	-5.64916
240	2	1	4	28	58	25	58	-5.67531	-8.17675	-5.39694	-4.19846
241	2	1	5	3	2	3	5	-4.22874	-3.256	-5.50554	-4.80966
242	2	1	12	3	2	1	5	-2.61474	-2.1179	-3.65623	-5.09898
243	2	4	1	2	2	1	5	-2.76908	-3.63893	-4.21578	-4.18743
244	2	1	5	10	11	1	5	-27.2812	-22.0878	-24.405	-25.5233
245	2	1	12	3	2	1	5	-2.61474	-2.1179	-3.65623	-5.09898
246	2	1	12	88	2	1	5	-3.94125	-3.43207	-5.79752	-5.41648
247	2	1	12	3	2	1	5	-2.61474	-2.1179	-3.65623	-5.09898
248	2	1	12	3	2	1	5	-2.61474	-2.1179	-3.65623	-5.09898
249	1	4	2	2	6	3	17	-4.63799	-2.45765	-4.54815	-5.64916
250	9	2	4	62	4	5	6	-3.7076	-5.18239	-5.94178	-7.32542
251	2	1	12	3	2	1	5	-2.61474	-2.1179	-3.65623	-5.09898
252	8	10	149	2	11	12	6	-4.86986	-3.97909	-5.67437	-7.48567
253	2	1	21	3	2	1	5	-2.92359	-2.49099	-4.4575	-4.63131
254	1	2	3	4	5	9	3	-4.63474	-2.49803	-3.6006	-4.99617
255	2	1	5	3	2	3	5	-4.22874	-3.256	-5.50554	-4.80966
256	1	307	3	4	5	9	3	-6.83712	-6.43623	-6.12389	-8.4307
257	1	4	2	2	6	3	17	-4.63799	-2.45765	-4.54815	-5.64916
258	2	4	1	2	7	1	5	-2.2979	-5.4873	-6.61659	-5.64246
259	2	4	1	2	2	1	5	-2.76908	-3.63893	-4.21578	-4.18743
260	2	61	4	64	126	7	23	-6.0326	-8.42633	-6.00252	-4.20536
261	7	21	5	62	4	61	44	-7.35303	-3.84183	-5.63012	-7.63334
262	2	1	12	3	2	1	5	-2.61474	-2.1179	-3.65623	-5.09898
263	2	4	1	2	2	1	5	-2.76908	-3.63893	-4.21578	-4.18743
264	2	1	12	3	2	1	5	-2.61474	-2.1179	-3.65623	-5.09898
265	2	1	21	3	2	1	5	-2.92359	-2.49099	-4.4575	-4.63131
266	2	1	21	3	2	1	5	-2.92359	-2.49099	-4.4575	-4.63131
267	2	4	1	2	2	1	5	-2.76908	-3.63893	-4.21578	-4.18743
268	2	4	1	2	2	1	5	-2.76908	-3.63893	-4.21578	-4.18743
269	2	4	1	2	7	1	5	-2.2979	-5.4873	-6.61659	-5.64246
270	4	7	10	4	1	7	1	-1.82322	-3.75718	-2.66981	-1.92514
271	1	2	4	62	4	5	17	-6.09366	-4.8553	-7.4604	-8.84197
272	4	1	21	3	2	1	5	-9.77627	-10.0346	-10.5061	-10.1328
273	10	1	16	19	10	5	7	-6.21803	-2.75712	-4.17497	-5.21191
274	33	283	44	82	189	44	17	-6.95283	-3.48192	-5.3933	-6.01449
275	2	1	12	3	2	1	5	-2.61474	-2.1179	-3.65623	-5.09898
276	10	81	50	99	120	76	52	-6.70927	-6.40296	-5.2774	-5.137
277	4	7	10	4	42	25	1	-8.78668	-9.56337	-5.80881	-5.13755
278	2	4	1	2	2	1	5	-2.76908	-3.63893	-4.21578	-4.18743
279	2	4	5	2	10	1	5	-6.88482	-10.0716	-11.4536	-10.9588
280	2	4	1	2	2	1	5	-2.76908	-3.63893	-4.21578	-4.18743
281	9	2	4	62	4	5	6	-3.7076	-5.18239	-5.94178	-7.32542
282	4	7	10	4	1	7	1	-1.82322	-3.75718	-2.66981	-1.92514
283	2	1	12	3	2	1	5	-2.61474	-2.1179	-3.65623	-5.09898
284	9	2	4	62	4	5	6	-3.7076	-5.18239	-5.94178	-7.32542
285	9	2	4	62	4	5	6	-3.7076	-5.18239	-5.94178	-7.32542
286	2	4	1	2	2	1	5	-2.76908	-3.63893	-4.21578	-4.18743
287	2	1	12	88	2	1	5	-3.94125	-3.43207	-5.79752	-5.41648
288	2	1	21	3	2	1	5	-2.92359	-2.49099	-4.4575	-4.63131
289	33	39	30	79	113	44	17	-26.0159	-23.625	-25.5563	-27.6045
290	1	2	3	4	5	9	3	-4.63474	-2.49803	-3.6006	-4.99617
291	1	4	2	2	6	3	17	-4.63799	-2.45765	-4.54815	-5.64916
292	9	2	4	62	4	5	6	-3.7076	-5.18239	-5.94178	-7.32542
293	2	1	12	3	2	1	5	-2.61474	-2.1179	-3.65623	-5.09898
294	2	1	5	3	2	5	5	-5.56199	-2.83826	-4.08079	-5.57883
295	2	1	5	3	2	5	5	-5.56199	-2.83826	-4.08079	-5.57883
296	2	4	1	2	2	1	5	-2.76908	-3.63893	-4.21578	-4.18743
297	2	4	1	2	2	1	5	-2.76908	-3.63893	-4.21578	-4.18743
298	2	1	21	3	2	1	5	-2.92359	-2.49099	-4.4575	-4.63131
299	32	39	30	82	104	324	17	-8.21846	-4.68809	-7.32284	-8.93718
300	2	1	12	3	2	1	5	-2.61474	-2.1179	-3.65623	-5.09898
301	4	7	10	4	1	7	1	-1.82322	-3.75718	-2.66981	-1.92514
302	1	4	2	2	6	3	5	-8.77649	-5.26653	-7.93283	-9.55509
303	2	1	21	3	2	1	5	-2.92359	-2.49099	-4.4575	-4.63131
304	4	7	10	4	42	51	1	-2.92214	-4.60398	-5.02863	-3.82893
305	2	4	1	2	7	1	5	-2.2979	-5.4873	-6.61659	-5.64246
306	7	21	5	62	4	61	44	-7.35303	-3.84183	-5.63012	-7.63334
307	104	7	10	4	1	7	1	-4.4013	-7.60878	-8.96791	-8.45818
308	9	25	2	10	22	3	6	-4.46584	-7.461	-6.10231	-4.3429
309	2	4	2	2	6	3	17	-10.8164	-7.59707	-10.1035	-10.9353
310	2	4	1	2	7	1	5	-2.2979	-5.4873	-6.61659	-5.64246
311	129	66	30	82	189	47	17	-3.2397	-4.84821	-5.72486	-4.1748
312	33	39	30	82	104	173	68	-5.38104	-3.98738	-6.59902	-8.01188
313	2	1	12	3	2	1	5	-2.61474	-2.1179	-3.65623	-5.09898
314	2	1	1	3	2	1	5	-4.60872	-3.78885	-6.3922	-7.65623
315	7	21	5	62	4	61	44	-7.35303	-3.84183	-5.63012	-7.63334
316	2	1	21	3	2	1	5	-2.92359	-2.49099	-4.4575	-4.63131
317	4	7	10	4	1	7	1	-1.82322	-3.75718	-2.66981	-1.92514
318	10	2	107	62	120	76	1	-6.84808	-9.75048	-8.06367	-6.29082
319	4	7	10	4	1	7	1	-1.82322	-3.75718	-2.66981	-1.92514
320	2	1	12	3	2	1	5	-2.61474	-2.1179	-3.65623	-5.09898
321	2	1	5	3	2	3	5	-4.22874	-3.256	-5.50554	-4.80966
322	4	7	10	4	1	7	1	-1.82322	-3.75718	-2.66981	-1.92514
323	2	1	12	88	2	1	5	-3.94125	-3.43207	-5.79752	-5.41648
324	4	7	10	4	42	7	1	-6.60621	-8.78315	-5.60033	-4.62202
325	4	7	10	4	42	51	1	-2.92214	-4.60398	-5.02863	-3.82893
326	2	1	21	3	2	1	5	-2.92359	-2.49099	-4.4575	-4.63131
327	2	1	12	3	2	1	5	-2.61474	-2.1179	-3.65623	-5.09898
328	4	7	10	4	1	7	1	-1.82322	-3.75718	-2.66981	-1.92514
329	2	4	1	2	7	1	5	-2.2979	-5.4873	-6.61659	-5.64246
330	4	7	10	4	1	7	1	-1.82322	-3.75718	-2.66981	-1.92514
331	2	1	12	3	2	1	5	-2.61474	-2.1179	-3.65623	-5.09898
332	4	7	10	4	1	7	1	-1.82322	-3.75718	-2.66981	-1.92514
333	4	7	10	4	1	7	1	-1.82322	-3.75718	-2.66981	-1.92514
334	1	4	2	2	6	3	17	-4.63799	-2.45765	-4.54815	-5.64916
335	2	4	1	2	2	1	5	-2.76908	-3.63893	-4.21578	-4.18743
336	4	7	10	4	1	7	1	-1.82322	-3.75718	-2.66981	-1.92514
337	7	17	2	15	23	3	12	-6.89239	-10.0936	-11.4714	-10.9705
338	2	1	5	3	2	3	5	-4.22874	-3.256	-5.50554	-4.80966
339	4	7	10	4	1	7	1	-1.82322	-3.75718	-2.66981	-1.92514
340	4	7	10	4	1	7	1	-1.82322	-3.75718	-2.66981	-1.92514
341	4	7	10	4	42	51	1	-2.92214	-4.60398	-5.02863	-3.82893
342	2	4	1	2	2	1	5	-2.76908	-3.63893	-4.21578	-4.18743
343	2	1	12	88	2	1	5	-3.94125	-3.43207	-5.79752	-5.41648
344	2	1	1	3	2	1	5	-4.60872	-3.78885	-6.3922	-7.65623
345	1	2	3	4	5	9	3	-4.63474	-2.49803	-3.6006	-4.99617
346	2	1	12	88	2	1	5	-3.94125	-3.43207	-5.79752	-5.41648
347	2	1	1	3	2	1	5	-4.60872	-3.78885	-6.3922	-7.65623
348	24	17	2	10	23	68	5	-9.31621	-5.78462	-8.42046	-10.0353
349	4	7	10	4	1	7	1	-1.82322	-3.75718	-2.66981	-1.92514
350	2	1	21	3	2	1	5	-2.92359	-2.49099	-4.4575	-4.63131
351	1	4	2	2	6	3	17	-4.63799	-2.45765	-4.54815	-5.64916
352	2	1	5	3	2	3	5	-4.22874	-3.256	-5.50554	-4.80966
353	4	7	10	4	1	7	1	-1.82322	-3.75718	-2.66981	-1.92514
354	2	1	1	3	2	1	5	-4.60872	-3.78885	-6.3922	-7.65623
355	2	1	12	3	2	1	5	-2.61474	-2.1179	-3.65623	-5.09898
356	8	10	149	2	11	12	6	-4.86986	-3.97909	-5.67437	-7.48567
357	2	4	1	2	2	5	5	-6.80503	-6.40186	-8.89446	-10.0141
358	10	1	16	19	10	5	7	-6.21803	-2.75712	-4.17497	-5.21191
359	24	17	2	10	23	68	5	-9.31621	-5.78462	-8.42046	-10.0353
360	1	2	4	62	4	5	17	-6.09366	-4.8553	-7.4604	-8.84197
361	2	4	1	2	7	1	5	-2.2979	-5.4873	-6.61659	-5.64246
362	7	71	5	62	11	67	6	-30.1459	-27.6951	-27.6903	-28.2431
363	7	17	5	2	10	3	6	-25.6167	-23.7779	-23.9649	-22.8508
364	2	1	5	3	2	3	5	-4.22874	-3.256	-5.50554	-4.80966
365	9	2	4	62	4	5	6	-3.7076	-5.18239	-5.94178	-7.32542
366	33	38	30	82	104	325	36	-14.4751	-10.8125	-11.9265	-13.2067
367	2	4	1	2	7	1	5	-2.2979	-5.4873	-6.61659	-5.64246
368	47	2	4	2	6	5	17	-11.3195	-10.862	-6.19074	-8.63252
369	2	1	12	88	2	1	5	-3.94125	-3.43207	-5.79752	-5.41648
370	2	1	12	88	2	1	5	-3.94125	-3.43207	-5.79752	-5.41648
371	2	1	12	88	2	1	5	-3.94125	-3.43207	-5.79752	-5.41648
372	2	1	12	88	2	1	5	-3.94125	-3.43207	-5.79752	-5.41648
373	2	4	1	2	2	1	5	-2.76908	-3.63893	-4.21578	-4.18743
374	2	1	12	88	2	1	5	-3.94125	-3.43207	-5.79752	-5.41648
375	1	1	2	2	6	3	17	-9.80995	-6.15867	-8.83995	-10.4486
376	2	1	12	88	2	1	5	-3.94125	-3.43207	-5.79752	-5.41648
377	2	1	12	88	2	1	5	-3.94125	-3.43207	-5.79752	-5.41648
378	2	4	1	2	2	1	5	-2.76908	-3.63893	-4.21578	-4.18743
379	2	1	12	88	2	1	5	-3.94125	-3.43207	-5.79752	-5.41648
380	2	1	5	3	2	3	5	-4.22874	-3.256	-5.50554	-4.80966
381	4	7	10	4	1	7	1	-1.82322	-3.75718	-2.66981	-1.92514
382	2	1	12	3	2	1	5	-2.61474	-2.1179	-3.65623	-5.09898
383	1	2	4	62	4	5	17	-6.09366	-4.8553	-7.4604	-8.84197
384	1	4	2	2	6	3	17	-4.63799	-2.45765	-4.54815	-5.64916
385	2	1	12	3	2	1	5	-2.61474	-2.1179	-3.65623	-5.09898
386	2	1	12	88	2	1	5	-3.94125	-3.43207	-5.79752	-5.41648
387	9	2	4	62	4	5	6	-3.7076	-5.18239	-5.94178	-7.32542
388	2	4	1	2	7	1	5	-2.2979	-5.4873	-6.61659	-5.64246
389	2	1	5	3	2	3	5	-4.22874	-3.256	-5.50554	-4.80966
390	7	21	5	62	4	61	44	-7.35303	-3.84183	-5.63012	-7.63334
391	1	2	215	4	90	24	8	-31.6002	-28.9484	-21.9572	-20.488
392	2	1	21	3	2	1	5	-2.92359	-2.49099	-4.4575	-4.63131
393	1	4	2	2	6	3	17	-4.63799	-2.45765	-4.54815	-5.64916
394	2	4	1	2	2	1	5	-2.76908	-3.63893	-4.21578	-4.18743
395	2	1	12	3	2	1	5	-2.61474	-2.1179	-3.65623	-5.09898
396	1	2	3	4	5	9	3	-4.63474	-2.49803	-3.6006	-4.99617
397	2	1	5	3	2	3	5	-4.22874	-3.256	-5.50554	-4.80966
398	10	1	16	19	10	5	7	-6.21803	-2.75712	-4.17497	-5.21191
399	2	1	2	3	2	959	5	-8.21161	-10.7682	-10.9968	-10.2662
400	10	1	16	19	10	5	7	-6.21803	-2.75712	-4.17497	-5.21191
401	2	4	1	2	7	1	5	-2.2979	-5.4873	-6.61659	-5.64246
402	2	1	12	3	2	1	5	-2.61474	-2.1179	-3.65623	-5.09898
403	8	10	149	2	11	12	6	-4.86986	-3.97909	-5.67437	-7.48567
404	2	4	1	2	7	1	5	-2.2979	-5.4873	-6.61659	-5.64246
405	4	7	10	4	1	7	1	-1.82322	-3.75718	-2.66981	-1.92514
406	4	7	10	4	1	7	1	-1.82322	-3.75718	-2.66981	-1.92514
407	2	4	5	2	2	5	5	-3.66415	-6.83453	-7.46591	-6.084
408	2	1	12	3	2	1	5	-2.61474	-2.1179	-3.65623	-5.09898
409	166	2	27	10	151	3	1	-32.9056	-33.1911	-26.8911	-24.1179
410	33	39	30	79	113	44	17	-26.0159	-23.625	-25.5563	-27.6045
411	7	17	2	15	23	3	12	-6.89239	-10.0936	-11.4714	-10.9705
412	1	2	3	4	5	9	3	-4.63474	-2.49803	-3.6006	-4.99617
413	2	4	1	2	7	1	5	-2.2979	-5.4873	-6.61659	-5.64246
414	7	21	5	62	4	61	44	-7.35303	-3.84183	-5.63012	-7.63334
415	2	1	12	3	2	1	5	-2.61474	-2.1179	-3.65623	-5.09898
416	1	2	3	4	5	9	3	-4.63474	-2.49803	-3.6006	-4.99617
417	2	1	5	88	2	11	5	-8.82037	-5.35747	-6.03231	-8.31238
418	2	4	1	2	7	1	5	-2.2979	-5.4873	-6.61659	-5.64246
419	2	1	21	3	2	1	5	-2.92359	-2.49099	-4.4575	-4.63131
420	7	17	2	15	23	3	12	-6.89239	-10.0936	-11.4714	-10.9705
421	2	1	5	88	2	11	5	-8.82037	-5.35747	-6.03231	-8.31238
422	47	2	4	2	6	5	17	-11.3195	-10.862	-6.19074	-8.63252
423	1	2	3	4	5	9	3	-4.63474	-2.49803	-3.6006	-4.99617
424	7	17	2	15	23	3	12	-6.89239	-10.0936	-11.4714	-10.9705
425	2	4	1	2	2	1	5	-2.76908	-3.63893	-4.21578	-4.18743
426	2	4	1	2	2	1	5	-2.76908	-3.63893	-4.21578	-4.18743
427	2	4	1	2	2	1	5	-2.76908	-3.63893	-4.21578	-4.18743
428	2	1	12	3	2	1	5	-2.61474	-2.1179	-3.65623	-5.09898
429	2	4	5	2	2	5	5	-3.66415	-6.83453	-7.46591	-6.084
430	2	1	21	3	2	1	5	-2.92359	-2.49099	-4.4575	-4.63131
431	4	7	10	4	42	25	1	-8.78668	-9.56337	-5.80881	-5.13755
432	1	4	2	2	6	3	17	-4.63799	-2.45765	-4.54815	-5.64916
433	1	2	215	4	923	24	8	-31.6002	-28.9484	-21.9572	-20.488
434	1	2	3	4	5	9	3	-4.63474	-2.49803	-3.6006	-4.99617
435	2	1	1	3	2	1	5	-4.60872	-3.78885	-6.3922	-7.65623
436	1	4	2	2	6	3	17	-4.63799	-2.45765	-4.54815	-5.64916
437	2	4	1	2	2	1	5	-2.76908	-3.63893	-4.21578	-4.18743
438	2	1	5	3	2	5	5	-5.56199	-2.83826	-4.08079	-5.57883
439	4	7	10	4	42	51	1	-2.92214	-4.60398	-5.02863	-3.82893
440	4	7	10	4	1	7	1	-1.82322	-3.75718	-2.66981	-1.92514
441	4	7	10	4	1	7	1	-1.82322	-3.75718	-2.66981	-1.92514
442	4	7	10	4	1	7	1	-1.82322	-3.75718	-2.66981	-1.92514
443	2	1	21	3	2	1	5	-2.92359	-2.49099	-4.4575	-4.63131
444	2	1	21	3	2	1	5	-2.92359	-2.49099	-4.4575	-4.63131
445	2	4	1	2	7	1	5	-2.2979	-5.4873	-6.61659	-5.64246
446	4	7	10	4	1	7	1	-1.82322	-3.75718	-2.66981	-1.92514
447	4	7	10	4	1	7	1	-1.82322	-3.75718	-2.66981	-1.92514
448	2	1	1	3	2	1	5	-4.60872	-3.78885	-6.3922	-7.65623
449	2	1	21	3	2	1	5	-2.92359	-2.49099	-4.4575	-4.63131
450	2	1	21	3	2	1	5	-2.92359	-2.49099	-4.4575	-4.63131
451	4	7	10	4	42	51	1	-2.92214	-4.60398	-5.02863	-3.82893
452	4	7	10	1	1	7	1	-5.26564	-8.3248	-6.01825	-6.14373
453	239	27	16	19	10	5	7	-10.0116	-6.47993	-9.11391	-10.7296
454	2	1	12	3	2	1	5	-2.61474	-2.1179	-3.65623	-5.09898
455	2	4	1	2	2	1	5	-2.76908	-3.63893	-4.21578	-4.18743
456	2	1	12	3	2	1	5	-2.61474	-2.1179	-3.65623	-5.09898
457	2	1	12	3	2	1	5	-2.61474	-2.1179	-3.65623	-5.09898
458	10	81	50	99	120	76	52	-6.70927	-6.40296	-5.2774	-5.137
459	47	2	4	2	6	5	17	-11.3195	-10.862	-6.19074	-8.63252
460	2	4	1	3	2	1	5	-6.8226	-8.48127	-10.1521	-10.4384
461	4	7	10	4	1	7	1	-1.82322	-3.75718	-2.66981	-1.92514
462	2	1	1	380	2	1	5	-6.14793	-5.73738	-8.31957	-9.44684
463	2	4	1	2	7	1	5	-2.2979	-5.4873	-6.61659	-5.64246
464	2	1	12	88	2	1	5	-3.94125	-3.43207	-5.79752	-5.41648
465	7	71	5	62	11	67	1	-31.6101	-27.9057	-26.1576	-27.153
466	2	4	1	2	7	1	5	-2.2979	-5.4873	-6.61659	-5.64246
467	4	7	10	4	1	7	1	-1.82322	-3.75718	-2.66981	-1.92514
468	2	1	1	380	2	1	5	-6.14793	-5.73738	-8.31957	-9.44684
469	2	4	1	2	2	1	5	-2.76908	-3.63893	-4.21578	-4.18743
470	2	1	12	3	2	1	5	-2.61474	-2.1179	-3.65623	-5.09898
471	1	14	2	2	6	1	17	-9.30871	-6.45173	-7.78338	-6.29059
472	1	2	4	62	4	5	17	-6.09366	-4.8553	-7.4604	-8.84197
473	4	7	10	4	1	7	1	-1.82322	-3.75718	-2.66981	-1.92514
474	2	1	21	3	2	1	5	-2.92359	-2.49099	-4.4575	-4.63131
475	2	4	1	2	2	1	5	-2.76908	-3.63893	-4.21578	-4.18743
476	1	4	2	2	6	3	17	-4.63799	-2.45765	-4.54815	-5.64916
477	4	7	10	4	1	7	1	-1.82322	-3.75718	-2.66981	-1.92514
478	10	2	107	62	120	76	1	-6.84808	-9.75048	-8.06367	-6.29082
479	2	1	12	3	2	1	5	-2.61474	-2.1179	-3.65623	-5.09898
480	2	1	5	3	2	3	5	-4.22874	-3.256	-5.50554	-4.80966
481	2	1	21	3	2	1	5	-2.92359	-2.49099	-4.4575	-4.63131
482	1	2	3	4	5	9	3	-4.63474	-2.49803	-3.6006	-4.99617
483	1	307	3	4	5	9	3	-6.83712	-6.43623	-6.12389	-8.4307
484	7	2	5	2	10	3	6	-31.5128	-27.0436	-29.232	-29.1955
485	1	2	3	4	5	9	3	-4.63474	-2.49803	-3.6006	-4.99617
486	33	39	30	82	104	173	68	-5.38104	-3.98738	-6.59902	-8.01188
487	4	7	10	4	42	7	1	-6.60621	-8.78315	-5.60033	-4.62202
488	2	1	12	88	2	1	5	-3.94125	-3.43207	-5.79752	-5.41648
489	2	4	1	2	2	1	5	-2.76908	-3.63893	-4.21578	-4.18743
490	2	1	21	3	2	1	5	-2.92359	-2.49099	-4.4575	-4.63131
491	9	2	4	62	4	5	6	-3.7076	-5.18239	-5.94178	-7.32542
492	2	1	5	3	2	3	5	-4.22874	-3.256	-5.50554	-4.80966
493	4	7	10	4	1	7	1	-1.82322	-3.75718	-2.66981	-1.92514
494	2	1	57	26	127	29	35	-6.87623	-9.70328	-6.18222	-8.52462
495	2	1	57	26	127	29	35	-6.87623	-9.70328	-6.18222	-8.52462
496	2	4	2	4	19	3	6	-5.7892	-8.98517	-10.3635	-9.86021
497	2	1	12	3	2	1	5	-2.61474	-2.1179	-3.65623	-5.09898
498	2	4	1	2	2	1	5	-2.76908	-3.63893	-4.21578	-4.18743
499	2	4	1	2	2	1	5	-2.76908	-3.63893	-4.21578	-4.18743
500	2	1	21	3	2	1	5	-2.92359	-2.49099	-4.4575	-4.63131
501	33	39	65	79	104	43	17	-4.58906	-7.7907	-9.16815	-8.66804
502	1	14	2	2	6	1	17	-9.30871	-6.45173	-7.78338	-6.29059
503	2	1	12	3	2	1	5	-2.61474	-2.1179	-3.65623	-5.09898
504	7	21	5	62	4	61	44	-7.35303	-3.84183	-5.63012	-7.63334
505	9	2	4	62	4	5	6	-3.7076	-5.18239	-5.94178	-7.32542
506	129	66	30	82	189	47	17	-3.2397	-4.84821	-5.72486	-4.1748
507	2	1	21	3	2	1	5	-2.92359	-2.49099	-4.4575	-4.63131
508	47	2	4	2	6	5	17	-11.3195	-10.862	-6.19074	-8.63252
509	2	4	1	2	7	1	5	-2.2979	-5.4873	-6.61659	-5.64246
510	33	38	30	82	104	325	36	-14.4751	-10.8125	-11.9265	-13.2067
511	1	4	2	2	6	3	17	-4.63799	-2.45765	-4.54815	-5.64916
512	1	4	2	2	6	3	17	-4.63799	-2.45765	-4.54815	-5.64916
513	2	4	1	2	2	1	5	-2.76908	-3.63893	-4.21578	-4.18743
514	4	7	10	4	1	7	1	-1.82322	-3.75718	-2.66981	-1.92514
515	33	283	44	82	189	44	17	-6.95283	-3.48192	-5.3933	-6.01449
516	8	10	149	2	11	12	6	-4.86986	-3.97909	-5.67437	-7.48567
517	2	1	21	3	62	1	5	-5.78664	-8.97079	-10.361	-9.8627
518	10	1	16	19	10	5	7	-6.21803	-2.75712	-4.17497	-5.21191
519	180	194	2	68	19	231	147	-27.6048	-30.1359	-23.9179	-21.7477
520	2	4	1	2	7	1	5	-2.2979	-5.4873	-6.61659	-5.64246
521	2	4	2	2	6	1	5	-6.08133	-4.83908	-5.93897	-8.0343
522	1	2	3	4	5	9	3	-4.63474	-2.49803	-3.6006	-4.99617
523	2	1	21	3	2	1	5	-2.92359	-2.49099	-4.4575	-4.63131
524	2	1	12	3	2	1	5	-2.61474	-2.1179	-3.65623	-5.09898
525	2	1	5	3	2	3	5	-4.22874	-3.256	-5.50554	-4.80966
526	1	307	3	4	5	9	3	-6.83712	-6.43623	-6.12389	-8.4307
527	2	4	1	2	7	1	5	-2.2979	-5.4873	-6.61659	-5.64246
528	2	1	12	3	2	1	5	-2.61474	-2.1179	-3.65623	-5.09898
529	7	21	5	62	4	61	44	-7.35303	-3.84183	-5.63012	-7.63334
530	2	1	5	3	2	3	5	-4.22874	-3.256	-5.50554	-4.80966
531	2	1	12	88	2	1	5	-3.94125	-3.43207	-5.79752	-5.41648
532	2	1	21	3	2	1	5	-2.92359	-2.49099	-4.4575	-4.63131
533	1	4	2	2	6	3	17	-4.63799	-2.45765	-4.54815	-5.64916
534	2	4	1	2	7	1	5	-2.2979	-5.4873	-6.61659	-5.64246
535	47	2	4	2	6	5	17	-11.3195	-10.862	-6.19074	-8.63252
536	1	4	2	2	6	3	17	-4.63799	-2.45765	-4.54815	-5.64916
537	1	2	3	4	5	9	3	-4.63474	-2.49803	-3.6006	-4.99617
538	2	4	1	2	2	1	5	-2.76908	-3.63893	-4.21578	-4.18743
539	4	7	10	4	42	7	1	-6.60621	-8.78315	-5.60033	-4.62202
540	2	4	1	9	2	1	5	-7.21843	-7.96807	-7.02717	-6.66424
541	2	1	12	3	2	1	5	-2.61474	-2.1179	-3.65623	-5.09898
542	1	4	2	9	6	3	17	-9.08986	-6.73747	-7.32947	-8.10859
543	1	2	3	4	922	9	3	-9.09915	-6.82945	-6.41255	-7.47366
544	4	7	10	4	1	7	1	-1.82322	-3.75718	-2.66981	-1.92514
545	2	1	5	3	2	3	5	-4.22874	-3.256	-5.50554	-4.80966
546	2	4	1	2	7	1	5	-2.2979	-5.4873	-6.61659	-5.64246
547	4	7	10	4	1	7	1	-1.82322	-3.75718	-2.66981	-1.92514
548	2	4	1	2	2	1	5	-2.76908	-3.63893	-4.21578	-4.18743
549	2	1	21	3	2	1	5	-2.92359	-2.49099	-4.4575	-4.63131
550	4	7	10	4	1	7	1	-1.82322	-3.75718	-2.66981	-1.92514
551	1	4	2	2	6	3	17	-4.63799	-2.45765	-4.54815	-5.64916
552	2	1	5	3	2	5	5	-5.56199	-2.83826	-4.08079	-5.57883
553	2	1	12	3	2	1	5	-2.61474	-2.1179	-3.65623	-5.09898
554	4	936	10	4	1	7	1	-6.28232	-8.08533	-5.45365	-4.40515
555	180	194	2	68	19	231	147	-27.6048	-30.1359	-23.9179	-21.7477
556	4	7	10	4	42	51	1	-2.92214	-4.60398	-5.02863	-3.82893
557	4	7	10	4	42	25	1	-8.78668	-9.56337	-5.80881	-5.13755
558	2	1	21	3	2	1	5	-2.92359	-2.49099	-4.4575	-4.63131
559	2	1	5	3	2	3	5	-4.22874	-3.256	-5.50554	-4.80966
560	2	1	5	3	2	3	5	-4.22874	-3.256	-5.50554	-4.80966
561	4	7	10	4	42	51	1	-2.92214	-4.60398	-5.02863	-3.82893
562	4	7	10	4	1	7	1	-1.82322	-3.75718	-2.66981	-1.92514
563	2	4	1	2	7	1	5	-2.2979	-5.4873	-6.61659	-5.64246
564	2	1	21	3	2	1	5	-2.92359	-2.49099	-4.4575	-4.63131
565	1	4	2	2	6	3	17	-4.63799	-2.45765	-4.54815	-5.64916
566	188	313	5	2	89	5	6	-40.5196	-35.7688	-37.5712	-40.6997
567	2	1	21	3	2	1	5	-2.92359	-2.49099	-4.4575	-4.63131
568	2	1	1	3	2	1	5	-4.60872	-3.78885	-6.3922	-7.65623
569	2	1	5	3	2	3	5	-4.22874	-3.256	-5.50554	-4.80966
570	2	4	1	2	2	1	5	-2.76908	-3.63893	-4.21578	-4.18743
571	2	1	5	3	2	3	5	-4.22874	-3.256	-5.50554	-4.80966
572	2	1	1	3	2	1	5	-4.60872	-3.78885	-6.3922	-7.65623
573	2	1	5	3	2	3	5	-4.22874	-3.256	-5.50554	-4.80966
574	1	4	2	2	6	3	17	-4.63799	-2.45765	-4.54815	-5.64916
575	1	4	2	2	6	3	17	-4.63799	-2.45765	-4.54815	-5.64916
576	2	1	21	3	2	1	5	-2.92359	-2.49099	-4.4575	-4.63131
577	239	27	16	19	10	5	7	-10.0116	-6.47993	-9.11391	-10.7296
578	2	4	5	2	2	5	5	-3.66415	-6.83453	-7.46591	-6.084
579	9	2	4	62	4	5	6	-3.7076	-5.18239	-5.94178	-7.32542
580	2	1	1	3	2	1	5	-4.60872	-3.78885	-6.3922	-7.65623
581	2	1	5	3	2	3	5	-4.22874	-3.256	-5.50554	-4.80966
582	1	4	2	2	6	3	17	-4.63799	-2.45765	-4.54815	-5.64916
583	2	4	5	2	2	5	5	-3.66415	-6.83453	-7.46591	-6.084
584	2	4	5	2	2	5	5	-3.66415	-6.83453	-7.46591	-6.084
585	2	1	5	3	2	3	5	-4.22874	-3.256	-5.50554	-4.80966
586	2	1	1	380	2	1	5	-6.14793	-5.73738	-8.31957	-9.44684
587	2	7	10	4	1	7	1	-6.58401	-8.62706	-8.19233	-7.1949
588	2	1	12	3	2	1	5	-2.61474	-2.1179	-3.65623	-5.09898
589	2	4	1	2	2	1	5	-2.76908	-3.63893	-4.21578	-4.18743
590	9	2	4	62	4	5	6	-3.7076	-5.18239	-5.94178	-7.32542
591	2	4	5	2	2	5	5	-3.66415	-6.83453	-7.46591	-6.084
592	1	4	2	2	6	3	17	-4.63799	-2.45765	-4.54815	-5.64916
593	1	4	2	2	6	5	17	-12.8138	-8.66538	-11.4285	-13.8127
594	2	4	2	2	6	1	5	-6.08133	-4.83908	-5.93897	-8.0343
595	1	4	2	2	6	5	17	-12.8138	-8.66538	-11.4285	-13.8127
596	2	23	21	3	2	1	5	-7.38893	-6.82727	-7.27124	-7.11041
597	7	21	5	62	4	61	44	-7.35303	-3.84183	-5.63012	-7.63334
598	2	4	1	2	2	1	5	-2.76908	-3.63893	-4.21578	-4.18743
599	1	307	3	4	5	9	3	-6.83712	-6.43623	-6.12389	-8.4307
600	1	2	3	4	5	9	3	-4.63474	-2.49803	-3.6006	-4.99617
601	9	2	4	62	4	5	6	-3.7076	-5.18239	-5.94178	-7.32542
602	2	1	12	3	2	1	5	-2.61474	-2.1179	-3.65623	-5.09898
603	1	4	2	2	6	3	17	-4.63799	-2.45765	-4.54815	-5.64916
604	10	1	16	19	10	5	7	-6.21803	-2.75712	-4.17497	-5.21191
605	2	1	12	3	2	1	5	-2.61474	-2.1179	-3.65623	-5.09898
606	180	194	2	68	19	231	147	-27.6048	-30.1359	-23.9179	-21.7477
607	2	1	12	3	2	1	5	-2.61474	-2.1179	-3.65623	-5.09898
608	4	7	10	4	1	7	1	-1.82322	-3.75718	-2.66981	-1.92514
609	129	66	30	82	189	47	17	-3.2397	-4.84821	-5.72486	-4.1748
610	4	7	10	4	1	7	1	-1.82322	-3.75718	-2.66981	-1.92514
611	2	1	12	3	2	1	5	-2.61474	-2.1179	-3.65623	-5.09898
612	2	1	21	3	2	1	5	-2.92359	-2.49099	-4.4575	-4.63131
613	4	7	10	4	1	7	1	-1.82322	-3.75718	-2.66981	-1.92514
614	10	1	16	19	10	5	7	-6.21803	-2.75712	-4.17497	-5.21191
615	8	10	149	2	11	12	6	-4.86986	-3.97909	-5.67437	-7.48567
616	129	66	30	82	189	47	17	-3.2397	-4.84821	-5.72486	-4.1748
617	2	4	1	2	2	1	5	-2.76908	-3.63893	-4.21578	-4.18743
618	180	194	2	68	19	231	147	-27.6048	-30.1359	-23.9179	-21.7477
619	2	1	5	3	2	3	5	-4.22874	-3.256	-5.50554	-4.80966
620	2	4	1	2	2	1	5	-2.76908	-3.63893	-4.21578	-4.18743
621	1	2	3	4	5	9	3	-4.63474	-2.49803	-3.6006	-4.99617
622	180	194	2	68	19	231	147	-27.6048	-30.1359	-23.9179	-21.7477
623	33	39	65	79	104	43	17	-4.58906	-7.7907	-9.16815	-8.66804
624	2	4	5	2	2	5	5	-3.66415	-6.83453	-7.46591	-6.084
625	2	1	5	3	2	5	5	-5.56199	-2.83826	-4.08079	-5.57883
626	2	1	12	3	2	1	5	-2.61474	-2.1179	-3.65623	-5.09898
627	180	194	2	68	19	231	147	-27.6048	-30.1359	-23.9179	-21.7477
628	2	1	21	3	2	1	5	-2.92359	-2.49099	-4.4575	-4.63131
629	2	1	5	3	2	5	5	-5.56199	-2.83826	-4.08079	-5.57883
630	2	1	21	3	2	1	5	-2.92359	-2.49099	-4.4575	-4.63131
631	1	2	3	4	5	9	3	-4.63474	-2.49803	-3.6006	-4.99617
632	2	1	21	3	2	1	5	-2.92359	-2.49099	-4.4575	-4.63131
633	8	10	2	2	11	12	6	-3.94573	-7.10199	-8.51584	-8.02406
634	2	4	1	2	7	1	5	-2.2979	-5.4873	-6.61659	-5.64246
635	2	1	5	3	2	3	5	-4.22874	-3.256	-5.50554	-4.80966
636	1	2	3	4	5	9	3	-4.63474	-2.49803	-3.6006	-4.99617
637	9	2	4	62	4	5	6	-3.7076	-5.18239	-5.94178	-7.32542
638	2	1	21	3	2	1	5	-2.92359	-2.49099	-4.4575	-4.63131
639	8	10	149	2	11	12	6	-4.86986	-3.97909	-5.67437	-7.48567
640	2	1	12	88	2	1	5	-3.94125	-3.43207	-5.79752	-5.41648
641	2	4	1	2	2	1	5	-2.76908	-3.63893	-4.21578	-4.18743
642	2	1	5	10	10	1	5	-23.5241	-22.9741	-23.0208	-23.7695
643	1	2	3	4	5	9	3	-4.63474	-2.49803	-3.6006	-4.99617
644	2	4	1	2	7	1	5	-2.2979	-5.4873	-6.61659	-5.64246
645	2	4	1	2	2	1	5	-2.76908	-3.63893	-4.21578	-4.18743
646	1	2	3	4	5	9	3	-4.63474	-2.49803	-3.6006	-4.99617
647	2	1	12	88	2	1	5	-3.94125	-3.43207	-5.79752	-5.41648
648	4	7	10	4	1	7	1	-1.82322	-3.75718	-2.66981	-1.92514
649	2	1	21	3	2	1	5	-2.92359	-2.49099	-4.4575	-4.63131
650	2	4	1	2	7	1	5	-2.2979	-5.4873	-6.61659	-5.64246
651	33	38	30	82	118	43	17	-19.9675	-18.5352	-21.9001	-23.1746
652	2	4	1	2	2	1	5	-2.76908	-3.63893	-4.21578	-4.18743
653	2	1	5	3	2	3	5	-4.22874	-3.256	-5.50554	-4.80966
654	4	7	10	4	1	7	1	-1.82322	-3.75718	-2.66981	-1.92514
655	8	10	2	2	11	12	6	-3.94573	-7.10199	-8.51584	-8.02406
656	2	4	5	2	2	5	5	-3.66415	-6.83453	-7.46591	-6.084
657	4	7	10	4	1	7	1	-1.82322	-3.75718	-2.66981	-1.92514
658	2	1	5	3	2	3	5	-4.22874	-3.256	-5.50554	-4.80966
659	33	39	30	82	113	47	17	-5.76355	-5.74632	-8.28724	-9.25592
660	2	1	21	3	2	1	5	-2.92359	-2.49099	-4.4575	-4.63131
661	2	4	1	2	7	1	5	-2.2979	-5.4873	-6.61659	-5.64246
662	2	1	1	3	2	1	5	-4.60872	-3.78885	-6.3922	-7.65623
663	4	7	10	4	1	7	1	-1.82322	-3.75718	-2.66981	-1.92514
664	7	21	5	62	4	61	44	-7.35303	-3.84183	-5.63012	-7.63334
665	10	81	50	99	120	76	52	-6.70927	-6.40296	-5.2774	-5.137
666	4	7	10	4	1	7	1	-1.82322	-3.75718	-2.66981	-1.92514
667	1	2	3	4	5	9	3	-4.63474	-2.49803	-3.6006	-4.99617
668	1	2	3	4	5	9	3	-4.63474	-2.49803	-3.6006	-4.99617
669	2	4	1	2	7	1	5	-2.2979	-5.4873	-6.61659	-5.64246
670	4	7	10	4	1	7	1	-1.82322	-3.75718	-2.66981	-1.92514
671	2	1	5	3	2	3	5	-4.22874	-3.256	-5.50554	-4.80966
672	1	4	2	2	6	3	17	-4.63799	-2.45765	-4.54815	-5.64916
673	4	935	10	4	1	7	1	-6.28232	-8.08533	-5.45365	-4.40515
674	10	1	16	19	10	5	7	-6.21803	-2.75712	-4.17497	-5.21191
675	4	7	10	4	1	7	1	-1.82322	-3.75718	-2.66981	-1.92514
676	33	39	65	79	104	43	17	-4.58906	-7.7907	-9.16815	-8.66804
677	2	4	2	2	6	1	5	-6.08133	-4.83908	-5.93897	-8.0343
678	4	7	10	4	42	25	1	-8.78668	-9.56337	-5.80881	-5.13755
679	1	4	2	2	6	3	17	-4.63799	-2.45765	-4.54815	-5.64916
680	4	7	10	4	42	25	1	-8.78668	-9.56337	-5.80881	-5.13755
681	4	7	10	4	42	25	1	-8.78668	-9.56337	-5.80881	-5.13755
682	4	7	10	4	1	7	1	-1.82322	-3.75718	-2.66981	-1.92514
683	2	4	1	2	7	1	5	-2.2979	-5.4873	-6.61659	-5.64246
684	4	7	10	4	1	7	1	-1.82322	-3.75718	-2.66981	-1.92514
685	4	7	10	4	42	7	1	-6.60621	-8.78315	-5.60033	-4.62202
686	10	27	16	19	10	5	7	-20.3359	-12.754	-15.9423	-17.6768
687	10	81	50	99	120	76	52	-6.70927	-6.40296	-5.2774	-5.137
688	4	7	10	4	1	7	1	-1.82322	-3.75718	-2.66981	-1.92514
689	4	7	10	4	42	51	1	-2.92214	-4.60398	-5.02863	-3.82893
690	4	7	10	4	1	7	1	-1.82322	-3.75718	-2.66981	-1.92514
691	10	81	50	99	120	76	52	-6.70927	-6.40296	-5.2774	-5.137
692	2	4	1	2	2	1	5	-2.76908	-3.63893	-4.21578	-4.18743
693	4	7	10	4	42	51	1	-2.92214	-4.60398	-5.02863	-3.82893
694	4	7	10	4	42	51	1	-2.92214	-4.60398	-5.02863	-3.82893
695	4	7	10	4	42	51	1	-2.92214	-4.60398	-5.02863	-3.82893
696	8	10	2	2	11	12	6	-3.94573	-7.10199	-8.51584	-8.02406
697	33	38	30	82	104	43	17	-5.28207	-8.48256	-9.85836	-9.35114
698	4	7	10	4	1	7	1	-1.82322	-3.75718	-2.66981	-1.92514
699	10	81	50	99	120	76	52	-6.70927	-6.40296	-5.2774	-5.137
700	2	4	1	2	7	1	5	-2.2979	-5.4873	-6.61659	-5.64246
701	4	7	10	4	1	7	1	-1.82322	-3.75718	-2.66981	-1.92514
702	4	7	10	4	1	7	1	-1.82322	-3.75718	-2.66981	-1.92514
703	10	81	50	99	120	76	52	-6.70927	-6.40296	-5.2774	-5.137
704	4	7	10	4	42	51	1	-2.92214	-4.60398	-5.02863	-3.82893
705	9	2	4	62	4	5	6	-3.7076	-5.18239	-5.94178	-7.32542
706	4	7	10	4	1	7	1	-1.82322	-3.75718	-2.66981	-1.92514
707	2	1	1	3	2	1	5	-4.60872	-3.78885	-6.3922	-7.65623
708	1	14	2	2	6	1	17	-9.30871	-6.45173	-7.78338	-6.29059
709	2	4	2	2	6	1	5	-6.08133	-4.83908	-5.93897	-8.0343
710	2	4	2	2	6	1	5	-6.08133	-4.83908	-5.93897	-8.0343
711	4	7	10	4	42	51	1	-2.92214	-4.60398	-5.02863	-3.82893
712	10	2	107	62	120	76	1	-6.84808	-9.75048	-8.06367	-6.29082
713	2	1	12	3	2	1	5	-2.61474	-2.1179	-3.65623	-5.09898
714	2	4	1	2	2	1	5	-2.76908	-3.63893	-4.21578	-4.18743
715	47	2	4	2	6	5	17	-11.3195	-10.862	-6.19074	-8.63252
716	4	7	10	4	42	5	1	-11.0713	-10.7879	-11.2102	-11.4568
717	2	1	12	3	2	1	5	-2.61474	-2.1179	-3.65623	-5.09898
718	4	7	10	4	42	51	1	-2.92214	-4.60398	-5.02863	-3.82893
719	1	307	3	4	5	9	3	-6.83712	-6.43623	-6.12389	-8.4307
720	2	1	21	3	2	1	5	-2.92359	-2.49099	-4.4575	-4.63131
721	4	7	10	4	1	7	1	-1.82322	-3.75718	-2.66981	-1.92514
722	2	4	1	2	2	1	5	-2.76908	-3.63893	-4.21578	-4.18743
723	2	1	12	3	2	1	5	-2.61474	-2.1179	-3.65623	-5.09898
724	4	7	10	4	1	7	1	-1.82322	-3.75718	-2.66981	-1.92514
725	2	1	21	3	2	1	5	-2.92359	-2.49099	-4.4575	-4.63131
726	2	1	1	3	2	1	5	-4.60872	-3.78885	-6.3922	-7.65623
727	4	7	10	4	1	7	1	-1.82322	-3.75718	-2.66981	-1.92514
728	2	1	12	3	2	1	5	-2.61474	-2.1179	-3.65623	-5.09898
729	1	4	3	2	6	3	17	-14.5195	-9.15492	-11.6794	-14.1642
730	2	1	12	3	2	1	5	-2.61474	-2.1179	-3.65623	-5.09898
731	2	1	12	88	2	1	5	-3.94125	-3.43207	-5.79752	-5.41648
732	1	4	2	2	6	3	17	-4.63799	-2.45765	-4.54815	-5.64916
733	4	7	10	4	42	51	1	-2.92214	-4.60398	-5.02863	-3.82893
734	2	1	12	3	2	1	5	-2.61474	-2.1179	-3.65623	-5.09898
735	4	7	10	4	1	7	1	-1.82322	-3.75718	-2.66981	-1.92514
736	2	1	12	88	2	1	5	-3.94125	-3.43207	-5.79752	-5.41648
737	2	1	21	3	2	1	5	-2.92359	-2.49099	-4.4575	-4.63131
738	2	4	5	2	2	5	5	-3.66415	-6.83453	-7.46591	-6.084
739	2	4	5	2	2	5	5	-3.66415	-6.83453	-7.46591	-6.084
740	2	1	21	3	62	1	5	-5.78664	-8.97079	-10.361	-9.8627
741	4	7	10	4	42	25	1	-8.78668	-9.56337	-5.80881	-5.13755
742	1	2	4	62	4	5	17	-6.09366	-4.8553	-7.4604	-8.84197
743	1	2	3	4	5	9	3	-4.63474	-2.49803	-3.6006	-4.99617
744	8	10	2	2	11	12	6	-3.94573	-7.10199	-8.51584	-8.02406
745	2	1	12	88	2	1	5	-3.94125	-3.43207	-5.79752	-5.41648
746	2	4	5	2	2	5	5	-3.66415	-6.83453	-7.46591	-6.084
747	2	1	12	3	2	1	5	-2.61474	-2.1179	-3.65623	-5.09898
748	7	21	5	62	4	61	44	-7.35303	-3.84183	-5.63012	-7.63334
749	9	2	4	62	4	5	6	-3.7076	-5.18239	-5.94178	-7.32542
750	10	1	16	19	10	5	7	-6.21803	-2.75712	-4.17497	-5.21191
751	10	1	16	19	10	5	7	-6.21803	-2.75712	-4.17497	-5.21191
752	8	10	2	2	11	12	6	-3.94573	-7.10199	-8.51584	-8.02406
753	1	4	2	2	6	3	17	-4.63799	-2.45765	-4.54815	-5.64916
754	2	1	12	3	2	1	5	-2.61474	-2.1179	-3.65623	-5.09898
755	2	1	12	88	2	1	5	-3.94125	-3.43207	-5.79752	-5.41648
756	2	29	4	27	10	25	57	-20.0656	-21.4914	-14.5904	-11.9266
757	2	1	5	3	2	3	5	-4.22874	-3.256	-5.50554	-4.80966
758	2	1	12	3	2	1	5	-2.61474	-2.1179	-3.65623	-5.09898
759	37	52	57	26	107	29	23	-8.5512	-9.35382	-5.72393	-4.87868
760	2	4	1	2	7	1	5	-2.2979	-5.4873	-6.61659	-5.64246
761	1	2	3	4	5	9	3	-4.63474	-2.49803	-3.6006	-4.99617
762	2	1	12	3	2	1	5	-2.61474	-2.1179	-3.65623	-5.09898
763	1	4	2	2	6	3	17	-4.63799	-2.45765	-4.54815	-5.64916
764	1	4	2	2	6	3	17	-4.63799	-2.45765	-4.54815	-5.64916
765	1	2	3	4	5	9	3	-4.63474	-2.49803	-3.6006	-4.99617
766	4	7	10	4	1	7	1	-1.82322	-3.75718	-2.66981	-1.92514
767	2	1	21	3	2	1	5	-2.92359	-2.49099	-4.4575	-4.63131
768	2	1	12	3	2	1	5	-2.61474	-2.1179	-3.65623	-5.09898
769	2	4	1	2	2	5	5	-6.80503	-6.40186	-8.89446	-10.0141
770	2	4	1	2	2	1	5	-2.76908	-3.63893	-4.21578	-4.18743
771	2	4	5	2	2	5	5	-3.66415	-6.83453	-7.46591	-6.084
772	10	1	16	19	10	5	7	-6.21803	-2.75712	-4.17497	-5.21191
773	7	21	5	62	4	61	44	-7.35303	-3.84183	-5.63012	-7.63334
774	9	2	4	62	4	5	6	-3.7076	-5.18239	-5.94178	-7.32542
775	2	1	12	3	2	1	5	-2.61474	-2.1179	-3.65623	-5.09898
776	1	4	2	2	6	3	17	-4.63799	-2.45765	-4.54815	-5.64916
777	4	7	10	4	1	7	1	-1.82322	-3.75718	-2.66981	-1.92514
778	2	1	12	3	2	1	5	-2.61474	-2.1179	-3.65623	-5.09898
779	2	1	5	3	2	5	5	-5.56199	-2.83826	-4.08079	-5.57883
780	2	23	21	3	2	1	5	-7.38893	-6.82727	-7.27124	-7.11041
781	2	4	5	2	2	5	5	-3.66415	-6.83453	-7.46591	-6.084
782	2	4	2	2	6	1	5	-6.08133	-4.83908	-5.93897	-8.0343
783	2	1	12	3	2	1	5	-2.61474	-2.1179	-3.65623	-5.09898
784	4	7	10	4	42	51	1	-2.92214	-4.60398	-5.02863	-3.82893
785	7	17	5	2	86	232	1	-29.8055	-32.4778	-27.9696	-25.5723
786	2	4	1	2	2	1	5	-2.76908	-3.63893	-4.21578	-4.18743
787	2	1	12	3	2	1	5	-2.61474	-2.1179	-3.65623	-5.09898
788	2	1	21	3	2	1	5	-2.92359	-2.49099	-4.4575	-4.63131
789	7	17	2	15	23	3	12	-6.89239	-10.0936	-11.4714	-10.9705
790	2	1	5	3	2	5	5	-5.56199	-2.83826	-4.08079	-5.57883
791	1	6	60	24	12	28	1	-31.5844	-32.001	-20.0048	-18.8537
792	1	2	3	4	5	9	3	-4.63474	-2.49803	-3.6006	-4.99617
793	2	4	5	2	2	5	5	-3.66415	-6.83453	-7.46591	-6.084
794	1	2	3	4	5	9	3	-4.63474	-2.49803	-3.6006	-4.99617
795	1	6	60	24	12	28	1	-31.5844	-32.001	-20.0048	-18.8537
796	9	2	4	62	4	5	6	-3.7076	-5.18239	-5.94178	-7.32542
797	2	4	1	2	2	1	5	-2.76908	-3.63893	-4.21578	-4.18743
798	4	7	10	4	1	7	1	-1.82322	-3.75718	-2.66981	-1.92514
799	2	4	5	2	2	5	5	-3.66415	-6.83453	-7.46591	-6.084
800	7	2	2	2	11	12	6	-4.49235	-7.69284	-9.07089	-8.57072
801	2	1	21	3	2	1	941	-7.38906	-6.80821	-7.26153	-7.10768
802	9	2	2	10	10	3	5	-29.983	-24.8604	-26.046	-25.4275
803	8	10	149	2	11	12	6	-4.86986	-3.97909	-5.67437	-7.48567
804	7	1	5	2	10	3	6	-32.5103	-28.7525	-29.915	-29.1412
805	2	1	21	3	2	1	5	-2.92359	-2.49099	-4.4575	-4.63131
806	33	39	30	82	113	43	17	-9.68923	-6.46396	-6.14196	-8.51938
807	1	6	60	24	12	28	1	-31.5844	-32.001	-20.0048	-18.8537
808	1	6	60	24	12	28	1	-31.5844	-32.001	-20.0048	-18.8537
809	7	17	2	15	23	3	12	-6.89239	-10.0936	-11.4714	-10.9705
810	1	4	2	2	6	3	17	-4.63799	-2.45765	-4.54815	-5.64916
811	1	4	2	2	6	3	17	-4.63799	-2.45765	-4.54815	-5.64916
812	7	21	5	62	4	61	44	-7.35303	-3.84183	-5.63012	-7.63334
813	239	27	16	19	10	5	7	-10.0116	-6.47993	-9.11391	-10.7296
814	9	2	4	62	4	5	6	-3.7076	-5.18239	-5.94178	-7.32542
815	10	1	16	19	10	5	7	-6.21803	-2.75712	-4.17497	-5.21191
816	2	1	5	3	2	5	5	-5.56199	-2.83826	-4.08079	-5.57883
817	2	4	5	2	2	5	5	-3.66415	-6.83453	-7.46591	-6.084
818	8	10	2	2	11	12	6	-3.94573	-7.10199	-8.51584	-8.02406
819	7	17	2	15	23	3	12	-6.89239	-10.0936	-11.4714	-10.9705
820	2	4	1	4	1	1	5	-15.6021	-17.7068	-15.8611	-15.0802
821	4	7	10	4	1	7	1	-1.82322	-3.75718	-2.66981	-1.92514
822	8	10	149	2	11	12	6	-4.86986	-3.97909	-5.67437	-7.48567
823	2	1	12	88	2	1	5	-3.94125	-3.43207	-5.79752	-5.41648
824	2	4	2	2	6	1	5	-6.08133	-4.83908	-5.93897	-8.0343
825	10	81	50	99	120	76	52	-6.70927	-6.40296	-5.2774	-5.137
826	2	4	5	2	2	5	5	-3.66415	-6.83453	-7.46591	-6.084
827	2	4	1	2	2	5	5	-6.80503	-6.40186	-8.89446	-10.0141
828	8	10	149	2	11	12	6	-4.86986	-3.97909	-5.67437	-7.48567
829	1	4	2	2	6	3	17	-4.63799	-2.45765	-4.54815	-5.64916
830	2	165	73	147	220	190	104	-8.90171	-9.8831	-7.00023	-5.20239
831	4	7	10	4	42	25	1	-8.78668	-9.56337	-5.80881	-5.13755
832	7	2	2	2	11	12	6	-4.49235	-7.69284	-9.07089	-8.57072
833	1	6	60	24	12	28	1	-31.5844	-32.001	-20.0048	-18.8537
834	2	1	12	3	2	1	5	-2.61474	-2.1179	-3.65623	-5.09898
835	33	39	65	79	104	77	17	-5.282	-8.4831	-9.8614	-9.36108
836	4	7	10	4	1	7	1	-1.82322	-3.75718	-2.66981	-1.92514
837	1	2	3	4	5	9	3	-4.63474	-2.49803	-3.6006	-4.99617
838	2	1	21	3	2	1	5	-2.92359	-2.49099	-4.4575	-4.63131
839	2	1	12	3	2	1	5	-2.61474	-2.1179	-3.65623	-5.09898
840	4	7	10	4	1	7	1	-1.82322	-3.75718	-2.66981	-1.92514
841	2	4	1	2	7	1	5	-2.2979	-5.4873	-6.61659	-5.64246
842	184	39	30	82	113	43	17	-3.94465	-6.06638	-8.08435	-7.96079
843	4	7	10	4	1	7	1	-1.82322	-3.75718	-2.66981	-1.92514
844	2	4	1	2	2	1	5	-2.76908	-3.63893	-4.21578	-4.18743
845	4	7	10	4	1	7	1	-1.82322	-3.75718	-2.66981	-1.92514
846	2	1	12	88	2	1	5	-3.94125	-3.43207	-5.79752	-5.41648
847	2	1	21	3	2	1	5	-2.92359	-2.49099	-4.4575	-4.63131
848	1	2	3	4	5	9	3	-4.63474	-2.49803	-3.6006	-4.99617
849	4	7	10	4	1	7	1	-1.82322	-3.75718	-2.66981	-1.92514
850	2	1	21	3	2	1	5	-2.92359	-2.49099	-4.4575	-4.63131
851	8	10	2	2	11	12	6	-3.94573	-7.10199	-8.51584	-8.02406
852	2	4	1	2	2	1	5	-2.76908	-3.63893	-4.21578	-4.18743
853	2	4	1	2	2	1	5	-2.76908	-3.63893	-4.21578	-4.18743
854	2	4	2	2	6	1	5	-6.08133	-4.83908	-5.93897	-8.0343
855	2	4	1	2	2	1	5	-2.76908	-3.63893	-4.21578	-4.18743
856	2	4	1	2	2	1	5	-2.76908	-3.63893	-4.21578	-4.18743
857	2	4	1	2	2	1	5	-2.76908	-3.63893	-4.21578	-4.18743
858	1	2	3	4	5	9	3	-4.63474	-2.49803	-3.6006	-4.99617
859	2	4	1	2	2	1	5	-2.76908	-3.63893	-4.21578	-4.18743
860	2	4	1	2	2	1	5	-2.76908	-3.63893	-4.21578	-4.18743
861	8	10	2	2	11	12	6	-3.94573	-7.10199	-8.51584	-8.02406
862	2	1	5	3	2	3	5	-4.22874	-3.256	-5.50554	-4.80966
863	33	39	30	82	104	173	68	-5.38104	-3.98738	-6.59902	-8.01188
864	2	4	1	2	7	1	5	-2.2979	-5.4873	-6.61659	-5.64246
865	8	10	2	2	11	12	6	-3.94573	-7.10199	-8.51584	-8.02406
866	2	4	1	2	7	1	5	-2.2979	-5.4873	-6.61659	-5.64246
867	1	2	3	4	5	9	3	-4.63474	-2.49803	-3.6006	-4.99617
868	1	2	215	4	90	24	8	-31.6002	-28.9484	-21.9572	-20.488
869	2	1	1	3	2	1	5	-4.60872	-3.78885	-6.3922	-7.65623
870	10	81	50	99	120	76	52	-6.70927	-6.40296	-5.2774	-5.137
871	2	4	1	2	7	1	5	-2.2979	-5.4873	-6.61659	-5.64246
872	2	1	12	3	2	1	5	-2.61474	-2.1179	-3.65623	-5.09898
873	2	4	1	2	2	1	5	-2.76908	-3.63893	-4.21578	-4.18743
874	2	4	1	2	2	1	5	-2.76908	-3.63893	-4.21578	-4.18743
875	2	4	1	2	2	1	5	-2.76908	-3.63893	-4.21578	-4.18743
876	2	1	5	3	2	3	5	-4.22874	-3.256	-5.50554	-4.80966
877	2	4	1	2	2	1	5	-2.76908	-3.63893	-4.21578	-4.18743
878	4	7	10	4	1	7	1	-1.82322	-3.75718	-2.66981	-1.92514
879	2	4	1	2	7	1	5	-2.2979	-5.4873	-6.61659	-5.64246
880	2	4	5	2	2	5	5	-3.66415	-6.83453	-7.46591	-6.084
881	2	4	1	2	2	1	5	-2.76908	-3.63893	-4.21578	-4.18743
882	8	10	2	2	11	12	6	-3.94573	-7.10199	-8.51584	-8.02406
883	4	7	10	4	1	7	1	-1.82322	-3.75718	-2.66981	-1.92514
884	2	4	1	2	2	1	5	-2.76908	-3.63893	-4.21578	-4.18743
885	166	2	1	10	17	3	1	-35.4821	-35.9724	-31.7168	-29.3748
886	2	4	1	2	7	1	5	-2.2979	-5.4873	-6.61659	-5.64246
887	2	4	1	2	2	1	5	-2.76908	-3.63893	-4.21578	-4.18743
888	4	7	10	4	1	7	1	-1.82322	-3.75718	-2.66981	-1.92514
889	4	7	10	4	1	7	1	-1.82322	-3.75718	-2.66981	-1.92514
890	2	4	1	2	7	1	5	-2.2979	-5.4873	-6.61659	-5.64246
891	2	4	1	2	2	1	5	-2.76908	-3.63893	-4.21578	-4.18743
892	2	1	5	3	2	3	5	-4.22874	-3.256	-5.50554	-4.80966
893	9	25	2	10	22	3	6	-4.46584	-7.461	-6.10231	-4.3429
894	2	1	21	3	62	1	5	-5.78664	-8.97079	-10.361	-9.8627
895	129	66	30	82	189	47	17	-3.2397	-4.84821	-5.72486	-4.1748
896	129	66	30	82	189	47	17	-3.2397	-4.84821	-5.72486	-4.1748
897	4	7	10	4	1	7	1	-1.82322	-3.75718	-2.66981	-1.92514
898	2	4	1	2	2	1	5	-2.76908	-3.63893	-4.21578	-4.18743
899	4	7	10	4	42	7	1	-6.60621	-8.78315	-5.60033	-4.62202
900	2	4	1	2	7	1	5	-2.2979	-5.4873	-6.61659	-5.64246
901	1	307	3	4	5	9	3	-6.83712	-6.43623	-6.12389	-8.4307
902	2	1	21	3	2	1	5	-2.92359	-2.49099	-4.4575	-4.63131
903	4	7	10	4	1	7	1	-1.82322	-3.75718	-2.66981	-1.92514
904	2	1	21	3	2	1	5	-2.92359	-2.49099	-4.4575	-4.63131
905	2	4	1	2	2	5	5	-6.80503	-6.40186	-8.89446	-10.0141
906	2	4	1	2	7	1	5	-2.2979	-5.4873	-6.61659	-5.64246
907	2	4	1	2	7	1	5	-2.2979	-5.4873	-6.61659	-5.64246
908	2	4	1	2	7	1	5	-2.2979	-5.4873	-6.61659	-5.64246
909	4	7	10	4	1	7	1	-1.82322	-3.75718	-2.66981	-1.92514
910	8	10	2	2	11	12	6	-3.94573	-7.10199	-8.51584	-8.02406
911	7	21	5	62	4	61	44	-7.35303	-3.84183	-5.63012	-7.63334
912	2	1	12	88	2	1	5	-3.94125	-3.43207	-5.79752	-5.41648
913	2	4	1	2	2	1	5	-2.76908	-3.63893	-4.21578	-4.18743
914	1	2	3	4	5	9	3	-4.63474	-2.49803	-3.6006	-4.99617
915	2	4	1	2	7	1	5	-2.2979	-5.4873	-6.61659	-5.64246
916	2	4	1	2	2	1	5	-2.76908	-3.63893	-4.21578	-4.18743
917	2	4	1	2	2	1	5	-2.76908	-3.63893	-4.21578	-4.18743
918	2	4	1	2	7	1	5	-2.2979	-5.4873	-6.61659	-5.64246
919	4	7	10	4	1	7	1	-1.82322	-3.75718	-2.66981	-1.92514
920	2	1	5	3	2	3	5	-4.22874	-3.256	-5.50554	-4.80966
921	2	4	1	2	7	1	5	-2.2979	-5.4873	-6.61659	-5.64246
922	2	4	1	2	2	1	5	-2.76908	-3.63893	-4.21578	-4.18743
923	8	10	2	2	11	12	6	-3.94573	-7.10199	-8.51584	-8.02406
924	2	1	12	3	2	1	5	-2.61474	-2.1179	-3.65623	-5.09898
925	48	7	10	4	183	7	1	-10.6614	-12.3261	-8.24126	-6.82085
926	7	21	5	62	4	61	44	-7.35303	-3.84183	-5.63012	-7.63334
927	4	7	10	4	1	7	1	-1.82322	-3.75718	-2.66981	-1.92514
928	9	25	2	10	22	3	6	-4.46584	-7.461	-6.10231	-4.3429
929	2	4	1	2	2	1	5	-2.76908	-3.63893	-4.21578	-4.18743
930	2	4	1	2	7	1	5	-2.2979	-5.4873	-6.61659	-5.64246
931	2	4	1	2	2	1	5	-2.76908	-3.63893	-4.21578	-4.18743
932	2	4	1	2	2	1	5	-2.76908	-3.63893	-4.21578	-4.18743
933	9	25	2	10	22	3	6	-4.46584	-7.461	-6.10231	-4.3429
934	2	4	1	2	2	1	5	-2.76908	-3.63893	-4.21578	-4.18743
935	2	4	1	2	2	1	5	-2.76908	-3.63893	-4.21578	-4.18743
936	2	4	1	2	7	1	5	-2.2979	-5.4873	-6.61659	-5.64246
937	2	4	1	2	7	1	5	-2.2979	-5.4873	-6.61659	-5.64246
938	2	4	1	2	2	1	5	-2.76908	-3.63893	-4.21578	-4.18743
939	2	4	1	2	2	1	5	-2.76908	-3.63893	-4.21578	-4.18743
940	4	7	10	4	1	7	1	-1.82322	-3.75718	-2.66981	-1.92514
941	2	4	1	2	2	1	5	-2.76908	-3.63893	-4.21578	-4.18743
942	4	7	10	4	1	7	1	-1.82322	-3.75718	-2.66981	-1.92514
943	2	4	1	2	7	1	5	-2.2979	-5.4873	-6.61659	-5.64246
944	2	4	1	2	2	1	5	-2.76908	-3.63893	-4.21578	-4.18743
945	4	7	10	4	1	7	1	-1.82322	-3.75718	-2.66981	-1.92514
946	9	25	2	10	22	3	6	-4.46584	-7.461	-6.10231	-4.3429
947	10	81	50	99	120	76	52	-6.70927	-6.40296	-5.2774	-5.137
948	2	1	21	3	2	1	5	-2.92359	-2.49099	-4.4575	-4.63131
949	4	7	10	4	1	7	1	-1.82322	-3.75718	-2.66981	-1.92514
950	2	4	1	2	7	1	5	-2.2979	-5.4873	-6.61659	-5.64246
951	4	7	10	4	1	7	1	-1.82322	-3.75718	-2.66981	-1.92514
952	4	7	10	4	1	7	1	-1.82322	-3.75718	-2.66981	-1.92514
953	8	315	2	2	11	12	6	-8.41015	-11.4323	-11.327	-10.5011
954	8	10	2	2	11	12	6	-3.94573	-7.10199	-8.51584	-8.02406
955	2	4	1	2	2	1	5	-2.76908	-3.63893	-4.21578	-4.18743
956	4	7	10	4	1	7	1	-1.82322	-3.75718	-2.66981	-1.92514
957	2	4	1	2	2	1	5	-2.76908	-3.63893	-4.21578	-4.18743
958	2	4	1	2	2	1	5	-2.76908	-3.63893	-4.21578	-4.18743
959	2	4	1	2	2	1	5	-2.76908	-3.63893	-4.21578	-4.18743
960	2	4	1	2	7	1	5	-2.2979	-5.4873	-6.61659	-5.64246
961	2	4	1	2	2	1	5	-2.76908	-3.63893	-4.21578	-4.18743
962	2	4	1	2	2	1	5	-2.76908	-3.63893	-4.21578	-4.18743
963	2	1	21	3	2	1	5	-2.92359	-2.49099	-4.4575	-4.63131
964	2	4	1	2	2	1	5	-2.76908	-3.63893	-4.21578	-4.18743
965	1	4	2	2	2	3	17	-11.2039	-7.61577	-10.6012	-12.3289
966	2	4	1	2	2	1	5	-2.76908	-3.63893	-4.21578	-4.18743
967	2	4	1	2	2	1	5	-2.76908	-3.63893	-4.21578	-4.18743
968	7	21	5	62	4	61	44	-7.35303	-3.84183	-5.63012	-7.63334
969	2	4	1	2	2	1	5	-2.76908	-3.63893	-4.21578	-4.18743
970	4	7	10	4	1	7	1	-1.82322	-3.75718	-2.66981	-1.92514
971	2	4	1	2	2	1	5	-2.76908	-3.63893	-4.21578	-4.18743
972	10	1	16	19	10	5	7	-6.21803	-2.75712	-4.17497	-5.21191
973	8	10	2	2	11	12	6	-3.94573	-7.10199	-8.51584	-8.02406
974	4	7	10	4	1	7	1	-1.82322	-3.75718	-2.66981	-1.92514
975	2	4	2	2	6	1	5	-6.08133	-4.83908	-5.93897	-8.0343
976	2	4	1	2	2	1	5	-2.76908	-3.63893	-4.21578	-4.18743
977	2	4	1	2	2	1	5	-2.76908	-3.63893	-4.21578	-4.18743
978	2	1	12	3	2	1	5	-2.61474	-2.1179	-3.65623	-5.09898
979	2	1	21	3	2	1	5	-2.92359	-2.49099	-4.4575	-4.63131
980	1	4	2	2	6	3	17	-4.63799	-2.45765	-4.54815	-5.64916
981	9	2	4	62	4	5	6	-3.7076	-5.18239	-5.94178	-7.32542
982	9	2	4	62	4	5	6	-3.7076	-5.18239	-5.94178	-7.32542
983	2	4	1	2	2	1	5	-2.76908	-3.63893	-4.21578	-4.18743
984	9	25	2	10	22	3	6	-4.46584	-7.461	-6.10231	-4.3429
985	2	1	12	3	2	1	5	-2.61474	-2.1179	-3.65623	-5.09898
986	2	4	1	2	2	1	5	-2.76908	-3.63893	-4.21578	-4.18743
987	2	4	1	2	2	1	5	-2.76908	-3.63893	-4.21578	-4.18743
988	2	4	1	2	2	1	5	-2.76908	-3.63893	-4.21578	-4.18743
989	1	4	2	2	6	3	17	-4.63799	-2.45765	-4.54815	-5.64916
990	1	4	2	2	6	3	17	-4.63799	-2.45765	-4.54815	-5.64916
991	9	25	2	10	22	3	6	-4.46584	-7.461	-6.10231	-4.3429
992	1	4	2	2	6	3	17	-4.63799	-2.45765	-4.54815	-5.64916
993	2	4	1	2	2	1	5	-2.76908	-3.63893	-4.21578	-4.18743
994	2	4	1	2	2	1	5	-2.76908	-3.63893	-4.21578	-4.18743
995	8	10	2	2	11	12	6	-3.94573	-7.10199	-8.51584	-8.02406
996	2	4	1	2	2	1	5	-2.76908	-3.63893	-4.21578	-4.18743
997	2	1	5	3	2	5	5	-5.56199	-2.83826	-4.08079	-5.57883
998	8	10	2	2	11	12	6	-3.94573	-7.10199	-8.51584	-8.02406
999	2	4	1	2	2	1	5	-2.76908	-3.63893	-4.21578	-4.18743
1000	2	4	1	2	2	1	5	-2.76908	-3.63893	-4.21578	-4.18743
1001	2	1	21	3	2	1	5	-2.92359	-2.49099	-4.4575	-4.63131
1002	1	2	4	62	4	5	17	-6.09366	-4.8553	-7.4604	-8.84197
1003	2	1	12	3	2	1	5	-2.61474	-2.1179	-3.65623	-5.09898
1004	2	4	1	2	7	1	5	-2.2979	-5.4873	-6.61659	-5.64246
1005	1	307	3	4	5	9	3	-6.83712	-6.43623	-6.12389	-8.4307
1006	2	4	2	4	19	3	6	-5.7892	-8.98517	-10.3635	-9.86021
1007	2	4	1	2	2	1	5	-2.76908	-3.63893	-4.21578	-4.18743
1008	1	4	2	2	6	3	17	-4.63799	-2.45765	-4.54815	-5.64916
1009	9	25	2	10	22	3	6	-4.46584	-7.461	-6.10231	-4.3429
1010	4	7	10	4	1	7	1	-1.82322	-3.75718	-2.66981	-1.92514
1011	2	4	1	2	2	1	5	-2.76908	-3.63893	-4.21578	-4.18743
1012	10	1	16	19	10	5	7	-6.21803	-2.75712	-4.17497	-5.21191
1013	2	1	21	3	2	1	5	-2.92359	-2.49099	-4.4575	-4.63131
1014	4	7	10	4	1	7	1	-1.82322	-3.75718	-2.66981	-1.92514
1015	2	4	1	2	2	1	5	-2.76908	-3.63893	-4.21578	-4.18743
1016	1	2	3	4	5	9	3	-4.63474	-2.49803	-3.6006	-4.99617
1017	9	316	4	62	4	5	6	-6.84853	-6.45494	-9.0227	-10.1466
1018	9	25	2	10	22	3	6	-4.46584	-7.461	-6.10231	-4.3429
1019	1	307	3	4	5	9	3	-6.83712	-6.43623	-6.12389	-8.4307
1020	2	4	1	2	2	1	5	-2.76908	-3.63893	-4.21578	-4.18743
1021	9	25	2	10	22	3	6	-4.46584	-7.461	-6.10231	-4.3429
1022	2	4	1	2	2	1	5	-2.76908	-3.63893	-4.21578	-4.18743
1023	2	1	12	3	2	1	5	-2.61474	-2.1179	-3.65623	-5.09898
1024	2	1	5	3	2	5	5	-5.56199	-2.83826	-4.08079	-5.57883
1025	2	4	1	2	2	1	5	-2.76908	-3.63893	-4.21578	-4.18743
1026	2	1	12	3	2	1	5	-2.61474	-2.1179	-3.65623	-5.09898
1027	2	1	12	3	2	1	5	-2.61474	-2.1179	-3.65623	-5.09898
1028	10	1	16	19	10	5	7	-6.21803	-2.75712	-4.17497	-5.21191
1029	4	7	10	4	1	7	1	-1.82322	-3.75718	-2.66981	-1.92514
1030	2	4	1	2	2	1	5	-2.76908	-3.63893	-4.21578	-4.18743
1031	2	1	12	88	2	1	5	-3.94125	-3.43207	-5.79752	-5.41648
1032	2	1	21	3	2	1	5	-2.92359	-2.49099	-4.4575	-4.63131
1033	1	2	3	4	5	9	3	-4.63474	-2.49803	-3.6006	-4.99617
1034	8	10	2	2	11	12	6	-3.94573	-7.10199	-8.51584	-8.02406
1035	2	1	12	88	2	1	5	-3.94125	-3.43207	-5.79752	-5.41648
1036	33	39	30	82	104	173	68	-5.38104	-3.98738	-6.59902	-8.01188
1037	1	2	3	4	5	9	3	-4.63474	-2.49803	-3.6006	-4.99617
1038	9	25	2	10	22	3	6	-4.46584	-7.461	-6.10231	-4.3429
1039	2	4	1	2	2	1	5	-2.76908	-3.63893	-4.21578	-4.18743
1040	8	10	2	2	11	12	6	-3.94573	-7.10199	-8.51584	-8.02406
1041	1	2	4	62	4	5	17	-6.09366	-4.8553	-7.4604	-8.84197
1042	10	1	16	19	10	5	7	-6.21803	-2.75712	-4.17497	-5.21191
1043	33	39	30	82	104	173	68	-5.38104	-3.98738	-6.59902	-8.01188
1044	2	4	1	2	2	1	5	-2.76908	-3.63893	-4.21578	-4.18743
1045	8	10	2	2	11	12	6	-3.94573	-7.10199	-8.51584	-8.02406
1046	2	1	5	3	2	5	5	-5.56199	-2.83826	-4.08079	-5.57883
1047	47	2	4	2	6	5	17	-11.3195	-10.862	-6.19074	-8.63252
1048	1	2	3	4	5	9	3	-4.63474	-2.49803	-3.6006	-4.99617
1049	4	7	10	4	1	7	1	-1.82322	-3.75718	-2.66981	-1.92514
1050	2	1	5	3	2	3	5	-4.22874	-3.256	-5.50554	-4.80966
1051	2	4	2	2	6	1	5	-6.08133	-4.83908	-5.93897	-8.0343
1052	2	4	1	2	2	1	5	-2.76908	-3.63893	-4.21578	-4.18743
1053	8	10	149	2	11	12	6	-4.86986	-3.97909	-5.67437	-7.48567
1054	9	25	2	10	22	3	6	-4.46584	-7.461	-6.10231	-4.3429
1055	2	4	1	2	2	1	5	-2.76908	-3.63893	-4.21578	-4.18743
1056	1	2	3	4	5	9	3	-4.63474	-2.49803	-3.6006	-4.99617
1057	2	1	12	3	2	1	5	-2.61474	-2.1179	-3.65623	-5.09898
1058	4	7	10	4	42	51	1	-2.92214	-4.60398	-5.02863	-3.82893
1059	2	4	1	2	2	1	5	-2.76908	-3.63893	-4.21578	-4.18743
1060	2	1	1	3	2	1	5	-4.60872	-3.78885	-6.3922	-7.65623
1061	2	4	1	2	7	1	5	-2.2979	-5.4873	-6.61659	-5.64246
1062	8	10	2	2	11	12	6	-3.94573	-7.10199	-8.51584	-8.02406
1063	2	4	1	2	2	1	5	-2.76908	-3.63893	-4.21578	-4.18743
1064	9	2	4	62	4	5	6	-3.7076	-5.18239	-5.94178	-7.32542
1065	2	4	1	2	2	1	5	-2.76908	-3.63893	-4.21578	-4.18743
1066	4	7	10	4	1	7	1	-1.82322	-3.75718	-2.66981	-1.92514
1067	8	10	2	2	11	12	6	-3.94573	-7.10199	-8.51584	-8.02406
1068	2	4	2	2	6	1	5	-6.08133	-4.83908	-5.93897	-8.0343
1069	2	4	2	2	6	1	5	-6.08133	-4.83908	-5.93897	-8.0343
1070	2	4	2	2	6	1	5	-6.08133	-4.83908	-5.93897	-8.0343
1071	2	4	2	2	6	1	5	-6.08133	-4.83908	-5.93897	-8.0343
1072	2	4	1	2	2	1	5	-2.76908	-3.63893	-4.21578	-4.18743
1073	2	4	1	2	2	1	5	-2.76908	-3.63893	-4.21578	-4.18743
1074	2	1	12	3	2	1	5	-2.61474	-2.1179	-3.65623	-5.09898
1075	2	4	1	2	7	1	5	-2.2979	-5.4873	-6.61659	-5.64246
1076	4	7	10	4	42	51	1	-2.92214	-4.60398	-5.02863	-3.82893
1077	2	4	1	2	2	1	5	-2.76908	-3.63893	-4.21578	-4.18743
1078	8	10	2	2	11	12	6	-3.94573	-7.10199	-8.51584	-8.02406
1079	1	2	3	4	5	9	3	-4.63474	-2.49803	-3.6006	-4.99617
1080	1	2	3	4	5	9	3	-4.63474	-2.49803	-3.6006	-4.99617
1081	10	1	16	19	10	5	7	-6.21803	-2.75712	-4.17497	-5.21191
1082	8	10	2	2	11	12	6	-3.94573	-7.10199	-8.51584	-8.02406
1083	4	7	10	4	1	7	1	-1.82322	-3.75718	-2.66981	-1.92514
1084	2	4	1	2	2	1	5	-2.76908	-3.63893	-4.21578	-4.18743
1085	2	4	1	2	7	1	5	-2.2979	-5.4873	-6.61659	-5.64246
1086	2	1	21	3	2	1	5	-2.92359	-2.49099	-4.4575	-4.63131
1087	2	1	12	3	2	1	5	-2.61474	-2.1179	-3.65623	-5.09898
1088	2	4	2	4	19	3	6	-5.7892	-8.98517	-10.3635	-9.86021
1089	8	10	149	2	11	12	6	-4.86986	-3.97909	-5.67437	-7.48567
1090	8	10	2	2	11	12	6	-3.94573	-7.10199	-8.51584	-8.02406
1091	2	1	12	3	2	1	5	-2.61474	-2.1179	-3.65623	-5.09898
1092	2	1	12	3	2	1	5	-2.61474	-2.1179	-3.65623	-5.09898
1093	2	1	5	3	2	3	5	-4.22874	-3.256	-5.50554	-4.80966
1094	184	39	30	82	113	43	17	-3.94465	-6.06638	-8.08435	-7.96079
1095	2	1	12	3	2	1	5	-2.61474	-2.1179	-3.65623	-5.09898
1096	2	4	1	2	2	1	5	-2.76908	-3.63893	-4.21578	-4.18743
1097	4	7	10	4	1	7	1	-1.82322	-3.75718	-2.66981	-1.92514
1098	8	10	2	2	11	12	6	-3.94573	-7.10199	-8.51584	-8.02406
1099	4	7	10	4	1	7	1	-1.82322	-3.75718	-2.66981	-1.92514
1100	4	7	10	4	42	51	1	-2.92214	-4.60398	-5.02863	-3.82893
1101	9	25	2	10	22	3	6	-4.46584	-7.461	-6.10231	-4.3429
1102	9	2	4	62	4	5	6	-3.7076	-5.18239	-5.94178	-7.32542
1103	4	7	10	4	1	7	1	-1.82322	-3.75718	-2.66981	-1.92514
1104	2	4	1	2	7	1	5	-2.2979	-5.4873	-6.61659	-5.64246
1105	4	7	10	4	1	7	1	-1.82322	-3.75718	-2.66981	-1.92514
1106	8	10	2	2	11	12	6	-3.94573	-7.10199	-8.51584	-8.02406
1107	2	4	1	2	2	1	5	-2.76908	-3.63893	-4.21578	-4.18743
1108	4	7	10	4	42	51	1	-2.92214	-4.60398	-5.02863	-3.82893
1109	1	2	3	4	5	9	3	-4.63474	-2.49803	-3.6006	-4.99617
1110	2	1	12	3	2	1	5	-2.61474	-2.1179	-3.65623	-5.09898
1111	2	4	1	2	2	1	5	-2.76908	-3.63893	-4.21578	-4.18743
1112	10	81	50	99	120	76	52	-6.70927	-6.40296	-5.2774	-5.137
1113	2	4	1	2	2	1	5	-2.76908	-3.63893	-4.21578	-4.18743
1114	4	7	10	4	42	51	1	-2.92214	-4.60398	-5.02863	-3.82893
1115	4	7	10	4	42	51	1	-2.92214	-4.60398	-5.02863	-3.82893
1116	4	7	10	4	1	7	1	-1.82322	-3.75718	-2.66981	-1.92514
1117	3	1	5	10	11	11	6	-10.0099	-6.4768	-9.10993	-10.7264
1118	10	81	50	99	120	76	52	-6.70927	-6.40296	-5.2774	-5.137
1119	2	4	1	2	2	1	5	-2.76908	-3.63893	-4.21578	-4.18743
1120	4	7	10	4	1	7	1	-1.82322	-3.75718	-2.66981	-1.92514
1121	4	7	10	4	1	7	1	-1.82322	-3.75718	-2.66981	-1.92514
1122	4	7	10	4	42	51	1	-2.92214	-4.60398	-5.02863	-3.82893
1123	2	1	12	3	2	1	5	-2.61474	-2.1179	-3.65623	-5.09898
1124	2	4	1	2	2	1	5	-2.76908	-3.63893	-4.21578	-4.18743
1125	2	1	1	3	2	1	5	-4.60872	-3.78885	-6.3922	-7.65623
1126	2	4	1	2	2	1	5	-2.76908	-3.63893	-4.21578	-4.18743
1127	2	4	1	2	2	1	5	-2.76908	-3.63893	-4.21578	-4.18743
1128	2	4	1	2	2	1	5	-2.76908	-3.63893	-4.21578	-4.18743
1129	2	4	1	2	2	1	5	-2.76908	-3.63893	-4.21578	-4.18743
1130	1	2	3	4	5	9	3	-4.63474	-2.49803	-3.6006	-4.99617
1131	8	10	2	2	11	12	6	-3.94573	-7.10199	-8.51584	-8.02406
1132	2	1	21	3	2	1	5	-2.92359	-2.49099	-4.4575	-4.63131
1133	2	4	1	2	2	1	5	-2.76908	-3.63893	-4.21578	-4.18743
1134	2	1	21	3	2	1	5	-2.92359	-2.49099	-4.4575	-4.63131
1135	2	1	21	3	2	1	5	-2.92359	-2.49099	-4.4575	-4.63131
1136	2	4	1	2	2	1	5	-2.76908	-3.63893	-4.21578	-4.18743
1137	1	2	3	4	5	9	3	-4.63474	-2.49803	-3.6006	-4.99617
1138	10	1	16	19	10	5	7	-6.21803	-2.75712	-4.17497	-5.21191
1139	2	1	12	3	2	1	5	-2.61474	-2.1179	-3.65623	-5.09898
1140	7	21	5	62	4	61	44	-7.35303	-3.84183	-5.63012	-7.63334
1141	2	4	1	2	2	1	5	-2.76908	-3.63893	-4.21578	-4.18743
1142	2	1	12	3	2	1	5	-2.61474	-2.1179	-3.65623	-5.09898
1143	2	4	1	2	7	1	5	-2.2979	-5.4873	-6.61659	-5.64246
1144	2	1	5	3	2	3	5	-4.22874	-3.256	-5.50554	-4.80966
1145	2	1	21	3	2	1	5	-2.92359	-2.49099	-4.4575	-4.63131
1146	2	1	21	3	2	1	5	-2.92359	-2.49099	-4.4575	-4.63131
1147	2	1	21	3	2	1	5	-2.92359	-2.49099	-4.4575	-4.63131
1148	2	1	21	3	2	1	5	-2.92359	-2.49099	-4.4575	-4.63131
1149	2	1	12	3	2	1	5	-2.61474	-2.1179	-3.65623	-5.09898
1150	8	10	2	2	11	12	6	-3.94573	-7.10199	-8.51584	-8.02406
1151	129	66	30	82	189	47	17	-3.2397	-4.84821	-5.72486	-4.1748
1152	1	307	3	4	5	9	3	-6.83712	-6.43623	-6.12389	-8.4307
1153	8	10	2	2	11	12	6	-3.94573	-7.10199	-8.51584	-8.02406
1154	2	4	2	2	6	1	5	-6.08133	-4.83908	-5.93897	-8.0343
1155	1	4	2	2	6	3	17	-4.63799	-2.45765	-4.54815	-5.64916
1156	2	4	1	2	2	1	5	-2.76908	-3.63893	-4.21578	-4.18743
1157	8	10	2	2	11	12	6	-3.94573	-7.10199	-8.51584	-8.02406
1158	2	4	2	2	6	1	5	-6.08133	-4.83908	-5.93897	-8.0343
1159	2	1	21	3	2	1	5	-2.92359	-2.49099	-4.4575	-4.63131
1160	2	4	5	2	2	5	5	-3.66415	-6.83453	-7.46591	-6.084
1161	7	21	5	62	4	61	44	-7.35303	-3.84183	-5.63012	-7.63334
1162	2	1	12	3	2	1	5	-2.61474	-2.1179	-3.65623	-5.09898
1163	10	27	16	19	10	5	7	-20.3359	-12.754	-15.9423	-17.6768
1164	33	283	44	82	189	44	17	-6.95283	-3.48192	-5.3933	-6.01449
1165	9	25	2	10	22	3	6	-4.46584	-7.461	-6.10231	-4.3429
1166	7	21	5	62	4	61	44	-7.35303	-3.84183	-5.63012	-7.63334
1167	2	1	5	3	2	3	5	-4.22874	-3.256	-5.50554	-4.80966
1168	2	1	5	3	2	3	5	-4.22874	-3.256	-5.50554	-4.80966
1169	9	25	2	10	22	3	6	-4.46584	-7.461	-6.10231	-4.3429
1170	2	1	5	3	2	3	5	-4.22874	-3.256	-5.50554	-4.80966
1171	2	4	1	2	2	1	5	-2.76908	-3.63893	-4.21578	-4.18743
1172	129	66	30	82	189	47	17	-3.2397	-4.84821	-5.72486	-4.1748
1173	2	4	1	2	2	1	5	-2.76908	-3.63893	-4.21578	-4.18743
1174	2	1	5	3	2	3	5	-4.22874	-3.256	-5.50554	-4.80966
1175	2	1	12	3	2	1	5	-2.61474	-2.1179	-3.65623	-5.09898
1176	2	4	1	2	2	1	5	-2.76908	-3.63893	-4.21578	-4.18743
1177	1	4	2	2	6	3	17	-4.63799	-2.45765	-4.54815	-5.64916
1178	2	1	12	3	2	1	5	-2.61474	-2.1179	-3.65623	-5.09898
1179	1	4	2	2	446	3	17	-9.09313	-6.75408	-7.33912	-8.11416
1180	2	1	5	88	2	11	5	-8.82037	-5.35747	-6.03231	-8.31238
1181	2	4	2	2	6	1	5	-6.08133	-4.83908	-5.93897	-8.0343
1182	9	25	2	10	22	3	6	-4.46584	-7.461	-6.10231	-4.3429
1183	2	1	5	3	2	3	5	-4.22874	-3.256	-5.50554	-4.80966
1184	7	21	5	62	4	61	44	-7.35303	-3.84183	-5.63012	-7.63334
1185	1	2	3	4	5	9	3	-4.63474	-2.49803	-3.6006	-4.99617
1186	2	4	1	2	2	1	5	-2.76908	-3.63893	-4.21578	-4.18743
1187	7	21	5	62	4	61	44	-7.35303	-3.84183	-5.63012	-7.63334
1188	33	39	30	82	104	173	68	-5.38104	-3.98738	-6.59902	-8.01188
1189	1	4	2	2	6	3	17	-4.63799	-2.45765	-4.54815	-5.64916
1190	2	1	21	3	2	1	5	-2.92359	-2.49099	-4.4575	-4.63131
1191	4	7	10	4	1	7	1	-1.82322	-3.75718	-2.66981	-1.92514
1192	2	1	5	3	2	5	5	-5.56199	-2.83826	-4.08079	-5.57883
1193	1	4	2	2	6	3	17	-4.63799	-2.45765	-4.54815	-5.64916
1194	2	4	1	2	2	1	5	-2.76908	-3.63893	-4.21578	-4.18743
1195	2	4	1	2	2	1	5	-2.76908	-3.63893	-4.21578	-4.18743
1196	2	1	12	3	2	1	5	-2.61474	-2.1179	-3.65623	-5.09898
1197	2	1	6	3	2	3	5	-7.70273	-7.54778	-8.12173	-6.87927
1198	4	7	10	4	1	7	1	-1.82322	-3.75718	-2.66981	-1.92514
1199	2	4	1	2	7	1	5	-2.2979	-5.4873	-6.61659	-5.64246
1200	2	1	1	3	2	1	5	-4.60872	-3.78885	-6.3922	-7.65623
1201	2	4	1	2	2	1	5	-2.76908	-3.63893	-4.21578	-4.18743
1202	7	2	5	2	10	3	6	-31.5128	-27.0436	-29.232	-29.1955
1203	2	1	21	3	2	1	5	-2.92359	-2.49099	-4.4575	-4.63131
1204	2	4	1	2	7	1	5	-2.2979	-5.4873	-6.61659	-5.64246
1205	4	7	10	4	1	7	1	-1.82322	-3.75718	-2.66981	-1.92514
1206	2	4	1	2	7	1	5	-2.2979	-5.4873	-6.61659	-5.64246
1207	2	4	1	2	2	1	5	-2.76908	-3.63893	-4.21578	-4.18743
1208	1	4	2	2	6	3	17	-4.63799	-2.45765	-4.54815	-5.64916
1209	2	4	1	2	2	1	5	-2.76908	-3.63893	-4.21578	-4.18743
1210	2	4	1	2	2	1	5	-2.76908	-3.63893	-4.21578	-4.18743
1211	74	10	2	2	11	12	6	-8.41016	-11.4324	-11.3271	-10.5017
1212	1	2	3	4	5	9	3	-4.63474	-2.49803	-3.6006	-4.99617
1213	2	1	5	3	2	3	5	-4.22874	-3.256	-5.50554	-4.80966
1214	4	7	10	4	1	7	1	-1.82322	-3.75718	-2.66981	-1.92514
1215	2	4	2	2	6	1	5	-6.08133	-4.83908	-5.93897	-8.0343
1216	2	1	12	3	2	1	5	-2.61474	-2.1179	-3.65623	-5.09898
1217	2	1	21	3	2	1	5	-2.92359	-2.49099	-4.4575	-4.63131
1218	2	4	1	2	2	1	5	-2.76908	-3.63893	-4.21578	-4.18743
1219	2	1	21	3	2	1	5	-2.92359	-2.49099	-4.4575	-4.63131
1220	4	7	10	4	1	7	1	-1.82322	-3.75718	-2.66981	-1.92514
1221	2	1	21	3	2	1	5	-2.92359	-2.49099	-4.4575	-4.63131
1222	2	4	1	2	2	1	5	-2.76908	-3.63893	-4.21578	-4.18743
1223	4	7	10	4	1	7	1	-1.82322	-3.75718	-2.66981	-1.92514
1224	2	4	1	2	2	1	5	-2.76908	-3.63893	-4.21578	-4.18743
1225	4	7	10	4	1	7	1	-1.82322	-3.75718	-2.66981	-1.92514
1226	4	7	10	4	42	51	1	-2.92214	-4.60398	-5.02863	-3.82893
1227	4	7	10	4	42	7	1	-6.60621	-8.78315	-5.60033	-4.62202
1228	2	4	1	2	2	1	5	-2.76908	-3.63893	-4.21578	-4.18743
1229	2	1	5	3	2	3	5	-4.22874	-3.256	-5.50554	-4.80966
1230	10	81	50	99	120	76	52	-6.70927	-6.40296	-5.2774	-5.137
1231	2	4	1	2	7	1	5	-2.2979	-5.4873	-6.61659	-5.64246
1232	2	4	1	2	7	1	5	-2.2979	-5.4873	-6.61659	-5.64246
1233	4	7	10	4	1	7	1	-1.82322	-3.75718	-2.66981	-1.92514
1234	1	4	2	2	6	3	17	-4.63799	-2.45765	-4.54815	-5.64916
1235	4	7	10	4	1	7	1	-1.82322	-3.75718	-2.66981	-1.92514
1236	2	4	1	2	2	1	5	-2.76908	-3.63893	-4.21578	-4.18743
1237	4	7	10	4	1	7	1	-1.82322	-3.75718	-2.66981	-1.92514
1238	4	7	10	4	42	51	1	-2.92214	-4.60398	-5.02863	-3.82893
1239	1	307	3	4	5	9	3	-6.83712	-6.43623	-6.12389	-8.4307
1240	2	4	2	2	6	1	5	-6.08133	-4.83908	-5.93897	-8.0343
1241	8	10	149	2	11	12	6	-4.86986	-3.97909	-5.67437	-7.48567
1242	2	1	12	3	2	1	5	-2.61474	-2.1179	-3.65623	-5.09898
1243	2	4	1	2	2	1	5	-2.76908	-3.63893	-4.21578	-4.18743
1244	2	4	1	2	2	1	5	-2.76908	-3.63893	-4.21578	-4.18743
1245	2	4	1	2	2	1	5	-2.76908	-3.63893	-4.21578	-4.18743
1246	4	7	10	4	42	51	1	-2.92214	-4.60398	-5.02863	-3.82893
1247	2	4	1	2	2	1	5	-2.76908	-3.63893	-4.21578	-4.18743
1248	2	4	1	2	2	1	5	-2.76908	-3.63893	-4.21578	-4.18743
1249	2	1	12	88	2	1	5	-3.94125	-3.43207	-5.79752	-5.41648
1250	1	4	2	2	6	3	17	-4.63799	-2.45765	-4.54815	-5.64916
1251	9	2	4	62	4	5	6	-3.7076	-5.18239	-5.94178	-7.32542
1252	2	4	1	2	7	1	5	-2.2979	-5.4873	-6.61659	-5.64246
1253	2	4	5	2	2	5	5	-3.66415	-6.83453	-7.46591	-6.084
1254	2	1	21	3	2	1	5	-2.92359	-2.49099	-4.4575	-4.63131
1255	1	4	2	2	6	3	17	-4.63799	-2.45765	-4.54815	-5.64916
1256	2	1	21	3	2	1	5	-2.92359	-2.49099	-4.4575	-4.63131
1257	2	4	1	2	2	5	5	-6.80503	-6.40186	-8.89446	-10.0141
1258	2	1	12	3	2	1	5	-2.61474	-2.1179	-3.65623	-5.09898
1259	2	4	2	2	6	1	5	-6.08133	-4.83908	-5.93897	-8.0343
1260	2	4	1	2	2	1	5	-2.76908	-3.63893	-4.21578	-4.18743
1261	2	4	1	2	2	1	5	-2.76908	-3.63893	-4.21578	-4.18743
1262	1	307	3	4	5	9	3	-6.83712	-6.43623	-6.12389	-8.4307
1263	9	25	2	10	22	3	6	-4.46584	-7.461	-6.10231	-4.3429
1264	2	1	1	380	2	1	5	-6.14793	-5.73738	-8.31957	-9.44684
1265	2	4	1	2	2	1	5	-2.76908	-3.63893	-4.21578	-4.18743
1266	2	4	1	2	2	1	5	-2.76908	-3.63893	-4.21578	-4.18743
1267	2	1	12	3	2	1	5	-2.61474	-2.1179	-3.65623	-5.09898
1268	1	2	3	4	5	9	3	-4.63474	-2.49803	-3.6006	-4.99617
1269	2	4	1	2	2	1	5	-2.76908	-3.63893	-4.21578	-4.18743
1270	2	4	1	2	2	1	5	-2.76908	-3.63893	-4.21578	-4.18743
1271	2	4	1	2	2	1	5	-2.76908	-3.63893	-4.21578	-4.18743
1272	1	2	3	4	5	9	3	-4.63474	-2.49803	-3.6006	-4.99617
1273	9	2	2	212	309	253	147	-28.7964	-27.9128	-23.2366	-21.1071
1274	2	1	21	3	2	1	5	-2.92359	-2.49099	-4.4575	-4.63131
1275	47	2	4	2	6	5	17	-11.3195	-10.862	-6.19074	-8.63252
1276	1	2	3	4	5	9	3	-4.63474	-2.49803	-3.6006	-4.99617
1277	2	4	1	2	2	1	5	-2.76908	-3.63893	-4.21578	-4.18743
1278	2	4	1	2	2	1	5	-2.76908	-3.63893	-4.21578	-4.18743
1279	9	2	4	62	4	5	6	-3.7076	-5.18239	-5.94178	-7.32542
1280	2	1	12	3	2	1	5	-2.61474	-2.1179	-3.65623	-5.09898
1281	2	4	1	2	2	1	5	-2.76908	-3.63893	-4.21578	-4.18743
1282	2	4	1	2	7	1	5	-2.2979	-5.4873	-6.61659	-5.64246
1283	7	17	2	15	23	3	12	-6.89239	-10.0936	-11.4714	-10.9705
1284	2	1	1	3	2	1	5	-4.60872	-3.78885	-6.3922	-7.65623
1285	2	1	12	3	2	1	5	-2.61474	-2.1179	-3.65623	-5.09898
1286	2	4	1	2	2	1	5	-2.76908	-3.63893	-4.21578	-4.18743
1287	2	1	5	3	2	3	5	-4.22874	-3.256	-5.50554	-4.80966
1288	2	4	1	2	2	1	5	-2.76908	-3.63893	-4.21578	-4.18743
1289	2	4	1	2	2	1	5	-2.76908	-3.63893	-4.21578	-4.18743
1290	1	4	2	2	6	3	17	-4.63799	-2.45765	-4.54815	-5.64916
1291	2	1	2	3	2	3	5	-3.74951	-6.85567	-8.31205	-7.81117
1292	2	1	5	3	2	3	5	-4.22874	-3.256	-5.50554	-4.80966
1293	1	2	3	3	5	9	3	-11.6977	-7.8888	-9.92907	-12.2065
1294	4	7	10	4	42	51	1	-2.92214	-4.60398	-5.02863	-3.82893
1295	1	4	2	2	6	3	17	-4.63799	-2.45765	-4.54815	-5.64916
1296	2	1	5	3	2	3	5	-4.22874	-3.256	-5.50554	-4.80966
1297	4	7	10	4	1	7	1	-1.82322	-3.75718	-2.66981	-1.92514
1298	2	4	1	2	2	1	5	-2.76908	-3.63893	-4.21578	-4.18743
1299	4	7	10	4	1	7	1	-1.82322	-3.75718	-2.66981	-1.92514
1300	2	1	21	3	2	1	5	-2.92359	-2.49099	-4.4575	-4.63131
1301	2	4	1	2	2	1	5	-2.76908	-3.63893	-4.21578	-4.18743
1302	4	7	10	4	1	7	1	-1.82322	-3.75718	-2.66981	-1.92514
1303	2	4	1	2	2	1	5	-2.76908	-3.63893	-4.21578	-4.18743
1304	2	1	5	3	2	5	5	-5.56199	-2.83826	-4.08079	-5.57883
1305	2	4	1	2	2	1	5	-2.76908	-3.63893	-4.21578	-4.18743
1306	2	1	21	3	2	1	5	-2.92359	-2.49099	-4.4575	-4.63131
1307	2	1	5	3	2	5	5	-5.56199	-2.83826	-4.08079	-5.57883
1308	1	4	2	2	6	3	17	-4.63799	-2.45765	-4.54815	-5.64916
1309	1	4	2	2	6	3	17	-4.63799	-2.45765	-4.54815	-5.64916
1310	2	1	5	3	2	3	5	-4.22874	-3.256	-5.50554	-4.80966
1311	1	4	2	2	6	3	17	-4.63799	-2.45765	-4.54815	-5.64916
1312	2	4	1	2	2	1	5	-2.76908	-3.63893	-4.21578	-4.18743
1313	2	1	12	88	2	1	5	-3.94125	-3.43207	-5.79752	-5.41648
1314	2	1	5	3	2	3	5	-4.22874	-3.256	-5.50554	-4.80966
1315	2	4	5	2	2	1	5	-6.15951	-8.88409	-9.48732	-9.79047
1316	2	4	1	2	2	1	5	-2.76908	-3.63893	-4.21578	-4.18743
1317	1	4	2	2	6	3	17	-4.63799	-2.45765	-4.54815	-5.64916
1318	2	1	21	3	2	1	5	-2.92359	-2.49099	-4.4575	-4.63131
1319	4	7	10	4	1	7	1	-1.82322	-3.75718	-2.66981	-1.92514
1320	1	2	3	4	5	9	3	-4.63474	-2.49803	-3.6006	-4.99617
1321	2	4	1	2	7	1	5	-2.2979	-5.4873	-6.61659	-5.64246
1322	4	7	10	4	1	7	1	-1.82322	-3.75718	-2.66981	-1.92514
1323	4	7	10	4	1	7	1	-1.82322	-3.75718	-2.66981	-1.92514
1324	1	4	2	2	6	3	17	-4.63799	-2.45765	-4.54815	-5.64916
1325	2	4	1	2	7	1	5	-2.2979	-5.4873	-6.61659	-5.64246
1326	4	7	10	4	1	7	1	-1.82322	-3.75718	-2.66981	-1.92514
1327	8	10	2	2	11	12	6	-3.94573	-7.10199	-8.51584	-8.02406
1328	969	7	10	4	1	7	1	-6.20964	-8.06515	-5.48132	-4.4049
1329	4	7	10	4	1	7	1	-1.82322	-3.75718	-2.66981	-1.92514
1330	10	27	16	942	10	5	7	-24.8003	-17.0852	-18.7539	-20.1542
1331	10	27	16	941	10	5	7	-24.8003	-17.0852	-18.7539	-20.1542
1332	4	7	10	4	1	7	1	-1.82322	-3.75718	-2.66981	-1.92514
1333	4	7	10	4	1	7	1	-1.82322	-3.75718	-2.66981	-1.92514
1334	129	66	30	82	189	47	17	-3.2397	-4.84821	-5.72486	-4.1748
1335	4	7	10	4	1	7	1	-1.82322	-3.75718	-2.66981	-1.92514
1336	4	7	10	4	1	7	1	-1.82322	-3.75718	-2.66981	-1.92514
1337	2	4	1	2	2	1	5	-2.76908	-3.63893	-4.21578	-4.18743
1338	2	1	2	3	2	3	5	-3.74951	-6.85567	-8.31205	-7.81117
1339	10	27	16	19	10	5	7	-20.3359	-12.754	-15.9423	-17.6768
1340	2	4	1	2	2	1	5	-2.76908	-3.63893	-4.21578	-4.18743
1341	33	39	30	82	104	173	68	-5.38104	-3.98738	-6.59902	-8.01188
1342	1	4	2	2	6	3	17	-4.63799	-2.45765	-4.54815	-5.64916
1343	2	1	5	3	2	5	5	-5.56199	-2.83826	-4.08079	-5.57883
1344	2	1	12	3	2	1	5	-2.61474	-2.1179	-3.65623	-5.09898
1345	8	10	2	2	11	12	6	-3.94573	-7.10199	-8.51584	-8.02406
1346	2	1	1	3	2	1	5	-4.60872	-3.78885	-6.3922	-7.65623
1347	1	4	2	2	6	3	17	-4.63799	-2.45765	-4.54815	-5.64916
1348	7	2	2	2	11	12	6	-4.49235	-7.69284	-9.07089	-8.57072
1349	9	2	4	62	4	5	6	-3.7076	-5.18239	-5.94178	-7.32542
1350	2	1	21	3	2	1	5	-2.92359	-2.49099	-4.4575	-4.63131
1351	9	7	10	4	1	7	1	-10.2263	-12.06	-11.4561	-9.98927
1352	2	1	12	3	920	1	5	-7.07984	-6.44068	-6.46532	-7.57385
1353	239	27	16	19	10	5	7	-10.0116	-6.47993	-9.11391	-10.7296
1354	7	17	2	15	23	3	12	-6.89239	-10.0936	-11.4714	-10.9705
1355	1	4	2	2	6	3	17	-4.63799	-2.45765	-4.54815	-5.64916
1356	1	6	60	24	12	28	1	-31.5844	-32.001	-20.0048	-18.8537
1357	2	4	5	2	10	1	5	-6.88482	-10.0716	-11.4536	-10.9588
1358	10	81	50	99	120	76	52	-6.70927	-6.40296	-5.2774	-5.137
1359	4	7	10	4	1	7	1	-1.82322	-3.75718	-2.66981	-1.92514
1360	2	1	5	3	2	5	5	-5.56199	-2.83826	-4.08079	-5.57883
1361	4	7	10	1	1	7	1	-5.26564	-8.3248	-6.01825	-6.14373
1362	2	4	5	2	10	1	5	-6.88482	-10.0716	-11.4536	-10.9588
1363	2	1	21	3	2	1	5	-2.92359	-2.49099	-4.4575	-4.63131
1364	2	1	21	3	2	1	5	-2.92359	-2.49099	-4.4575	-4.63131
1365	2	4	1	2	2	1	5	-2.76908	-3.63893	-4.21578	-4.18743
1366	2	4	2	2	6	1	5	-6.08133	-4.83908	-5.93897	-8.0343
1367	2	4	1	2	7	1	5	-2.2979	-5.4873	-6.61659	-5.64246
1368	2	4	1	2	2	1	5	-2.76908	-3.63893	-4.21578	-4.18743
1369	2	4	1	2	2	1	5	-2.76908	-3.63893	-4.21578	-4.18743
1370	4	7	10	4	1	7	1	-1.82322	-3.75718	-2.66981	-1.92514
1371	4	7	10	4	42	51	1	-2.92214	-4.60398	-5.02863	-3.82893
1372	2	1	5	3	2	3	5	-4.22874	-3.256	-5.50554	-4.80966
1373	2	1	12	3	2	1	5	-2.61474	-2.1179	-3.65623	-5.09898
1374	2	1	1	3	2	1	5	-4.60872	-3.78885	-6.3922	-7.65623
1375	2	4	1	2	2	1	5	-2.76908	-3.63893	-4.21578	-4.18743
1376	4	7	10	4	1	7	1	-1.82322	-3.75718	-2.66981	-1.92514
1377	10	1	16	19	10	5	7	-6.21803	-2.75712	-4.17497	-5.21191
1378	2	4	1	2	7	1	5	-2.2979	-5.4873	-6.61659	-5.64246
1379	2	4	1	2	2	1	5	-2.76908	-3.63893	-4.21578	-4.18743
1380	10	81	50	99	120	76	52	-6.70927	-6.40296	-5.2774	-5.137
1381	2	1	12	3	2	1	5	-2.61474	-2.1179	-3.65623	-5.09898
1382	2	4	1	2	2	1	5	-2.76908	-3.63893	-4.21578	-4.18743
1383	2	4	1	2	7	1	5	-2.2979	-5.4873	-6.61659	-5.64246
1384	1	2	3	4	5	9	3	-4.63474	-2.49803	-3.6006	-4.99617
1385	8	10	2	2	11	12	6	-3.94573	-7.10199	-8.51584	-8.02406
1386	1	4	2	2	6	3	17	-4.63799	-2.45765	-4.54815	-5.64916
1387	2	4	1	2	2	1	5	-2.76908	-3.63893	-4.21578	-4.18743
1388	2	4	1	2	2	1	5	-2.76908	-3.63893	-4.21578	-4.18743
1389	10	7	10	4	1	7	1	-12.4115	-10.6659	-9.97925	-9.01273
1390	2	1	21	3	2	1	5	-2.92359	-2.49099	-4.4575	-4.63131
1391	2	1	21	3	2	1	5	-2.92359	-2.49099	-4.4575	-4.63131
1392	10	1	16	19	10	5	7	-6.21803	-2.75712	-4.17497	-5.21191
1393	2	1	5	3	2	3	5	-4.22874	-3.256	-5.50554	-4.80966
1394	2	1	5	3	2	3	5	-4.22874	-3.256	-5.50554	-4.80966
1395	2	4	1	2	2	5	5	-6.80503	-6.40186	-8.89446	-10.0141
1396	2	4	1	2	7	1	5	-2.2979	-5.4873	-6.61659	-5.64246
1397	10	1	16	19	10	5	7	-6.21803	-2.75712	-4.17497	-5.21191
1398	2	4	1	2	7	1	5	-2.2979	-5.4873	-6.61659	-5.64246
1399	2	934	1	2	2	1	5	-7.15578	-7.96073	-7.02444	-6.66034
