Isolate	Loci0	Loci1	Loci2	Loci3	Loci4	Loci5	Loci6	Source0	Source1	Source2	Source3
0	1	2	3	4	5	9	3	-4.62558	-2.48978	-3.57802	-5.09453
1	4	7	10	4	1	7	1	-1.82053	-3.77862	-2.62298	-1.93982
2	2	4	1	2	2	1	5	-2.76791	-3.63854	-4.11496	-4.06971
3	2	4	1	2	2	1	5	-2.76791	-3.63854	-4.11496	-4.06971
4	9	25	2	10	22	3	6	-4.46085	-7.66192	-6.05289	-4.36994
5	4	7	10	4	1	7	1	-1.82053	-3.77862	-2.62298	-1.93982
6	4	7	10	4	1	7	1	-1.82053	-3.77862	-2.62298	-1.93982
7	4	7	10	4	42	51	1	-2.91947	-4.61993	-4.88093	-3.77774
8	2	4	1	2	2	1	5	-2.76791	-3.63854	-4.11496	-4.06971
9	10	81	50	99	120	76	52	-6.70547	-6.38575	-5.25845	-5.20231
10	2	1	21	3	2	1	5	-2.92011	-2.4897	-4.36695	-4.49673
11	2	1	21	3	2	1	5	-2.92011	-2.4897	-4.36695	-4.49673
12	9	25	2	10	22	3	6	-4.46085	-7.66192	-6.05289	-4.36994
13	2	1	21	3	2	1	5	-2.92011	-2.4897	-4.36695	-4.49673
14	10	27	16	19	10	5	7	-20.4236	-12.8637	-16.2051	-18.4175
15	2	4	1	2	2	1	5	-2.76791	-3.63854	-4.11496	-4.06971
16	2	4	1	2	2	1	5	-2.76791	-3.63854	-4.11496	-4.06971
17	9	2	4	62	4	5	6	-3.70517	-5.18103	-5.72924	-6.31933
18	9	53	2	53	11	3	3	-30.4419	-28.8805	-25.3289	-25.5128
19	2	4	1	2	2	1	5	-2.76791	-3.63854	-4.11496	-4.06971
20	2	4	1	2	2	1	5	-2.76791	-3.63854	-4.11496	-4.06971
21	4	7	10	4	1	7	1	-1.82053	-3.77862	-2.62298	-1.93982
22	2	4	1	2	2	1	5	-2.76791	-3.63854	-4.11496	-4.06971
23	1	4	2	2	6	3	17	-4.62348	-2.45266	-4.53425	-5.77453
24	4	7	10	4	1	7	1	-1.82053	-3.77862	-2.62298	-1.93982
25	2	1	21	3	2	1	5	-2.92011	-2.4897	-4.36695	-4.49673
26	8	10	2	2	11	12	6	-3.94355	-7.15372	-7.34852	-6.67103
27	2	4	2	2	6	1	5	-6.07779	-4.83225	-5.90094	-7.94326
28	2	1	12	3	2	1	5	-2.61192	-2.11506	-3.58441	-4.77389
29	2	4	1	2	2	1	5	-2.76791	-3.63854	-4.11496	-4.06971
30	4	7	10	4	1	7	1	-1.82053	-3.77862	-2.62298	-1.93982
31	10	1	16	19	10	5	7	-6.18029	-2.75021	-4.16191	-5.36546
32	1	2	3	4	5	9	3	-4.62558	-2.48978	-3.57802	-5.09453
33	2	4	1	2	2	1	5	-2.76791	-3.63854	-4.11496	-4.06971
34	2	4	1	2	2	1	5	-2.76791	-3.63854	-4.11496	-4.06971
35	2	4	1	2	2	1	5	-2.76791	-3.63854	-4.11496	-4.06971
36	4	7	10	4	1	7	1	-1.82053	-3.77862	-2.62298	-1.93982
37	129	66	30	82	189	47	17	-3.23625	-4.86541	-5.52697	-4.1229
38	2	1	12	3	357	1	5	-6.52325	-6.82519	-6.01062	-7.7157
39	9	2	4	62	4	5	6	-3.70517	-5.18103	-5.72924	-6.31933
40	2	1	1	3	2	1	5	-4.60593	-3.7878	-6.29069	-7.16528
41	2	1	12	3	357	1	5	-6.52325	-6.82519	-6.01062	-7.7157
42	2	1	5	3	2	3	5	-4.22232	-3.25543	-5.46692	-4.82481
43	2	1	5	3	2	3	5	-4.22232	-3.25543	-5.46692	-4.82481
44	2	4	1	2	2	1	5	-2.76791	-3.63854	-4.11496	-4.06971
45	2	4	1	2	2	1	5	-2.76791	-3.63854	-4.11496	-4.06971
46	2	4	2	2	6	1	5	-6.07779	-4.83225	-5.90094	-7.94326
47	1	4	2	2	6	3	17	-4.62348	-2.45266	-4.53425	-5.77453
48	2	1	21	3	2	1	5	-2.92011	-2.4897	-4.36695	-4.49673
49	2	1	2	3	2	3	5	-3.74813	-6.91224	-7.14766	-6.46662
50	2	1	21	3	2	1	5	-2.92011	-2.4897	-4.36695	-4.49673
51	7	17	2	15	23	3	12	-6.88986	-10.1424	-10.2969	-9.61744
52	2	4	1	2	7	1	5	-2.29675	-5.54092	-5.6211	-4.79
53	9	2	4	62	4	5	6	-3.70517	-5.18103	-5.72924	-6.31933
54	2	4	1	2	7	1	5	-2.29675	-5.54092	-5.6211	-4.79
55	9	2	4	62	4	5	6	-3.70517	-5.18103	-5.72924	-6.31933
56	2	1	12	88	2	1	5	-3.93709	-3.43124	-5.69348	-5.32515
57	2	1	5	3	2	3	5	-4.22232	-3.25543	-5.46692	-4.82481
58	2	4	1	2	2	1	5	-2.76791	-3.63854	-4.11496	-4.06971
59	9	2	4	62	4	5	6	-3.70517	-5.18103	-5.72924	-6.31933
60	2	1	5	3	2	3	5	-4.22232	-3.25543	-5.46692	-4.82481
61	2	4	1	2	2	1	5	-2.76791	-3.63854	-4.11496	-4.06971
62	2	4	1	2	2	1	5	-2.76791	-3.63854	-4.11496	-4.06971
63	2	4	1	2	2	1	5	-2.76791	-3.63854	-4.11496	-4.06971
64	2	4	1	2	2	1	5	-2.76791	-3.63854	-4.11496	-4.06971
65	2	4	1	2	2	1	5	-2.76791	-3.63854	-4.11496	-4.06971
66	2	4	1	2	2	1	5	-2.76791	-3.63854	-4.11496	-4.06971
67	1	2	215	4	90	24	8	-30.013	-31.4157	-21.1046	-21.9957
68	2	4	1	2	2	1	5	-2.76791	-3.63854	-4.11496	-4.06971
69	1	2	3	4	5	9	3	-4.62558	-2.48978	-3.57802	-5.09453
70	2	4	1	2	2	1	5	-2.76791	-3.63854	-4.11496	-4.06971
71	2	4	1	2	2	1	5	-2.76791	-3.63854	-4.11496	-4.06971
72	9	25	2	10	22	3	6	-4.46085	-7.66192	-6.05289	-4.36994
73	2	15	4	48	360	25	23	-6.70597	-9.13823	-5.71622	-4.94304
74	2	4	1	2	2	1	5	-2.76791	-3.63854	-4.11496	-4.06971
75	2	1	12	88	2	1	5	-3.93709	-3.43124	-5.69348	-5.32515
76	2	4	2	2	6	1	5	-6.07779	-4.83225	-5.90094	-7.94326
77	10	1	16	19	10	5	7	-6.18029	-2.75021	-4.16191	-5.36546
78	2	4	1	2	2	1	5	-2.76791	-3.63854	-4.11496	-4.06971
79	2	1	12	3	2	1	5	-2.61192	-2.11506	-3.58441	-4.77389
80	2	4	1	2	2	1	5	-2.76791	-3.63854	-4.11496	-4.06971
81	2	4	1	2	2	1	5	-2.76791	-3.63854	-4.11496	-4.06971
82	1	4	2	2	6	3	17	-4.62348	-2.45266	-4.53425	-5.77453
83	10	1	16	19	10	5	7	-6.18029	-2.75021	-4.16191	-5.36546
84	8	10	149	2	11	12	6	-4.86483	-3.97252	-5.61592	-7.18045
85	2	4	1	2	2	1	5	-2.76791	-3.63854	-4.11496	-4.06971
86	2	4	1	2	7	1	5	-2.29675	-5.54092	-5.6211	-4.79
87	32	39	30	82	104	324	17	-8.16465	-4.68227	-7.34281	-9.63653
88	1	2	3	4	5	9	3	-4.62558	-2.48978	-3.57802	-5.09453
89	2	1	5	3	2	3	5	-4.22232	-3.25543	-5.46692	-4.82481
90	2	4	1	2	2	1	5	-2.76791	-3.63854	-4.11496	-4.06971
91	2	4	1	2	7	1	5	-2.29675	-5.54092	-5.6211	-4.79
92	4	7	10	4	1	7	1	-1.82053	-3.77862	-2.62298	-1.93982
93	2	1	2	3	2	3	5	-3.74813	-6.91224	-7.14766	-6.46662
94	2	1	12	3	2	1	5	-2.61192	-2.11506	-3.58441	-4.77389
95	2	1	21	3	2	1	5	-2.92011	-2.4897	-4.36695	-4.49673
96	2	1	21	3	2	1	5	-2.92011	-2.4897	-4.36695	-4.49673
97	9	2	5	2	11	3	1	-29.8055	-31.717	-29.0097	-25.8492
98	4	7	10	4	1	7	1	-1.82053	-3.77862	-2.62298	-1.93982
99	2	1	2	3	2	3	5	-3.74813	-6.91224	-7.14766	-6.46662
100	2	1	21	3	2	1	5	-2.92011	-2.4897	-4.36695	-4.49673
101	4	7	10	4	1	7	1	-1.82053	-3.77862	-2.62298	-1.93982
102	2	1	21	3	2	1	5	-2.92011	-2.4897	-4.36695	-4.49673
103	1	4	2	2	6	3	17	-4.62348	-2.45266	-4.53425	-5.77453
104	2	4	5	2	10	1	5	-6.88348	-10.123	-10.2841	-9.60488
105	2	1	12	88	2	1	5	-3.93709	-3.43124	-5.69348	-5.32515
106	9	2	4	62	4	5	6	-3.70517	-5.18103	-5.72924	-6.31933
107	2	165	73	147	220	190	104	-8.81065	-11.0733	-7.07044	-5.27441
108	2	1	21	3	2	1	5	-2.92011	-2.4897	-4.36695	-4.49673
109	2	4	1	2	2	1	5	-2.76791	-3.63854	-4.11496	-4.06971
110	2	1	12	3	11	1	6	-19.2114	-17.6589	-20.6642	-20.586
111	2	1	2	3	2	3	5	-3.74813	-6.91224	-7.14766	-6.46662
112	2	4	1	2	7	1	5	-2.29675	-5.54092	-5.6211	-4.79
113	2	1	2	3	2	3	5	-3.74813	-6.91224	-7.14766	-6.46662
114	2	1	21	3	2	1	5	-2.92011	-2.4897	-4.36695	-4.49673
115	2	4	1	2	7	1	5	-2.29675	-5.54092	-5.6211	-4.79
116	33	39	30	82	113	43	17	-9.77442	-6.44074	-6.11136	-8.64922
117	2	4	1	2	2	1	5	-2.76791	-3.63854	-4.11496	-4.06971
118	2	4	1	2	2	1	5	-2.76791	-3.63854	-4.11496	-4.06971
119	2	4	1	2	2	1	5	-2.76791	-3.63854	-4.11496	-4.06971
120	2	4	1	2	7	1	5	-2.29675	-5.54092	-5.6211	-4.79
121	4	7	10	1	1	7	1	-5.26457	-8.29806	-5.95453	-6.0933
122	2	1	12	3	2	1	5	-2.61192	-2.11506	-3.58441	-4.77389
123	2	4	1	2	2	1	5	-2.76791	-3.63854	-4.11496	-4.06971
124	2	4	1	2	2	1	5	-2.76791	-3.63854	-4.11496	-4.06971
125	2	4	1	2	7	1	5	-2.29675	-5.54092	-5.6211	-4.79
126	2	4	1	2	2	1	5	-2.76791	-3.63854	-4.11496	-4.06971
127	2	4	1	2	2	1	5	-2.76791	-3.63854	-4.11496	-4.06971
128	2	1	12	88	2	1	5	-3.93709	-3.43124	-5.69348	-5.32515
129	2	1	12	3	2	1	5	-2.61192	-2.11506	-3.58441	-4.77389
130	2	1	12	3	2	1	5	-2.61192	-2.11506	-3.58441	-4.77389
131	2	4	1	2	7	1	5	-2.29675	-5.54092	-5.6211	-4.79
132	2	1	21	3	2	1	5	-2.92011	-2.4897	-4.36695	-4.49673
133	2	1	21	3	2	1	5	-2.92011	-2.4897	-4.36695	-4.49673
134	2	4	5	2	2	5	5	-3.66265	-6.89691	-6.7766	-5.68348
135	2	1	21	3	2	1	5	-2.92011	-2.4897	-4.36695	-4.49673
136	1	4	2	2	6	3	1	-11.5654	-10.0357	-10.6487	-11.177
137	2	1	5	3	2	3	5	-4.22232	-3.25543	-5.46692	-4.82481
138	2	1	5	3	2	3	5	-4.22232	-3.25543	-5.46692	-4.82481
139	4	7	10	4	1	7	1	-1.82053	-3.77862	-2.62298	-1.93982
140	8	10	2	2	11	12	6	-3.94355	-7.15372	-7.34852	-6.67103
141	2	1	2	3	2	3	5	-3.74813	-6.91224	-7.14766	-6.46662
142	2	1	5	3	2	3	5	-4.22232	-3.25543	-5.46692	-4.82481
143	2	1	2	3	2	3	5	-3.74813	-6.91224	-7.14766	-6.46662
144	129	66	30	82	189	47	17	-3.23625	-4.86541	-5.52697	-4.1229
145	2	4	1	2	2	1	5	-2.76791	-3.63854	-4.11496	-4.06971
146	2	4	1	2	2	1	5	-2.76791	-3.63854	-4.11496	-4.06971
147	7	21	5	62	4	61	44	-7.31015	-3.83447	-5.61993	-8.05901
148	2	4	1	2	2	1	5	-2.76791	-3.63854	-4.11496	-4.06971
149	2	937	1	2	2	1	5	-6.60094	-8.34874	-6.53375	-6.99338
150	1	14	2	2	6	1	17	-9.23655	-6.45541	-7.84098	-6.3677
151	1	4	2	2	6	3	17	-4.62348	-2.45266	-4.53425	-5.77453
152	8	10	149	2	11	12	6	-4.86483	-3.97252	-5.61592	-7.18045
153	2	1	12	3	2	1	5	-2.61192	-2.11506	-3.58441	-4.77389
154	9	30	2	2	89	59	6	-4.94257	-8.19598	-8.35014	-7.67017
155	1	2	3	4	5	9	3	-4.62558	-2.48978	-3.57802	-5.09453
156	2	4	1	2	2	1	5	-2.76791	-3.63854	-4.11496	-4.06971
157	2	4	1	2	2	1	5	-2.76791	-3.63854	-4.11496	-4.06971
158	180	194	2	68	19	231	147	-24.8346	-32.1245	-20.8288	-22.7166
159	2	4	1	2	2	1	5	-2.76791	-3.63854	-4.11496	-4.06971
160	2	4	1	2	2	1	5	-2.76791	-3.63854	-4.11496	-4.06971
161	2	4	1	2	2	1	5	-2.76791	-3.63854	-4.11496	-4.06971
162	4	7	10	4	1	7	1	-1.82053	-3.77862	-2.62298	-1.93982
163	2	4	1	2	2	1	5	-2.76791	-3.63854	-4.11496	-4.06971
164	2	1	21	3	2	1	5	-2.92011	-2.4897	-4.36695	-4.49673
165	2	4	1	2	7	1	5	-2.29675	-5.54092	-5.6211	-4.79
166	2	4	1	2	2	1	5	-2.76791	-3.63854	-4.11496	-4.06971
167	10	1	16	19	10	5	7	-6.18029	-2.75021	-4.16191	-5.36546
168	104	7	10	4	1	7	1	-4.39974	-7.65767	-7.79678	-7.10421
169	2	4	1	2	2	1	5	-2.76791	-3.63854	-4.11496	-4.06971
170	10	27	16	19	10	5	7	-20.4236	-12.8637	-16.2051	-18.4175
171	2	4	1	2	2	1	5	-2.76791	-3.63854	-4.11496	-4.06971
172	2	1	1	3	2	1	5	-4.60593	-3.7878	-6.29069	-7.16528
173	7	21	5	62	4	61	44	-7.31015	-3.83447	-5.61993	-8.05901
174	2	1	1	3	2	1	5	-4.60593	-3.7878	-6.29069	-7.16528
175	10	1	16	19	10	5	7	-6.18029	-2.75021	-4.16191	-5.36546
176	2	4	1	2	2	1	5	-2.76791	-3.63854	-4.11496	-4.06971
177	2	4	1	2	2	1	5	-2.76791	-3.63854	-4.11496	-4.06971
178	2	1	12	3	2	1	5	-2.61192	-2.11506	-3.58441	-4.77389
179	2	4	1	2	2	1	5	-2.76791	-3.63854	-4.11496	-4.06971
180	2	4	1	2	2	1	5	-2.76791	-3.63854	-4.11496	-4.06971
181	1	4	2	2	6	3	17	-4.62348	-2.45266	-4.53425	-5.77453
182	2	1	12	3	2	1	5	-2.61192	-2.11506	-3.58441	-4.77389
183	4	7	10	4	1	7	1	-1.82053	-3.77862	-2.62298	-1.93982
184	2	4	1	2	2	1	5	-2.76791	-3.63854	-4.11496	-4.06971
185	2	4	1	2	2	1	5	-2.76791	-3.63854	-4.11496	-4.06971
186	2	1	21	3	2	1	5	-2.92011	-2.4897	-4.36695	-4.49673
187	4	7	10	4	1	7	1	-1.82053	-3.77862	-2.62298	-1.93982
188	4	7	10	4	42	51	1	-2.91947	-4.61993	-4.88093	-3.77774
189	2	1	5	3	2	3	5	-4.22232	-3.25543	-5.46692	-4.82481
190	1	2	4	62	4	5	17	-6.08601	-4.8505	-7.40119	-8.57707
191	4	7	10	4	1	7	1	-1.82053	-3.77862	-2.62298	-1.93982
192	4	7	10	4	42	51	1	-2.91947	-4.61993	-4.88093	-3.77774
193	2	1	21	3	2	1	5	-2.92011	-2.4897	-4.36695	-4.49673
194	4	7	10	4	42	51	1	-2.91947	-4.61993	-4.88093	-3.77774
195	2	4	1	2	7	1	5	-2.29675	-5.54092	-5.6211	-4.79
196	2	4	1	2	2	1	5	-2.76791	-3.63854	-4.11496	-4.06971
197	1	2	3	4	5	9	3	-4.62558	-2.48978	-3.57802	-5.09453
198	1	2	4	62	4	5	17	-6.08601	-4.8505	-7.40119	-8.57707
199	2	250	4	281	358	25	57	-29.3445	-31.6712	-18.9971	-19.2072
200	9	2	4	62	4	5	6	-3.70517	-5.18103	-5.72924	-6.31933
201	1	2	3	4	5	9	3	-4.62558	-2.48978	-3.57802	-5.09453
202	4	7	10	4	1	7	1	-1.82053	-3.77862	-2.62298	-1.93982
203	2	4	2	4	19	3	6	-5.78739	-9.03513	-9.19057	-8.50641
204	4	7	10	4	1	7	1	-1.82053	-3.77862	-2.62298	-1.93982
205	4	7	10	4	42	51	1	-2.91947	-4.61993	-4.88093	-3.77774
206	2	1	12	3	2	1	5	-2.61192	-2.11506	-3.58441	-4.77389
207	4	7	10	4	1	7	1	-1.82053	-3.77862	-2.62298	-1.93982
208	2	1	12	3	2	1	5	-2.61192	-2.11506	-3.58441	-4.77389
209	1	2	4	62	4	5	17	-6.08601	-4.8505	-7.40119	-8.57707
210	4	7	10	4	42	51	1	-2.91947	-4.61993	-4.88093	-3.77774
211	2	4	1	2	2	1	5	-2.76791	-3.63854	-4.11496	-4.06971
212	4	7	10	4	1	7	1	-1.82053	-3.77862	-2.62298	-1.93982
213	2	1	21	3	2	1	5	-2.92011	-2.4897	-4.36695	-4.49673
214	47	2	4	2	6	5	17	-12.1411	-9.9539	-6.1583	-8.7116
215	2	1	21	3	2	1	5	-2.92011	-2.4897	-4.36695	-4.49673
216	2	1	21	3	2	1	5	-2.92011	-2.4897	-4.36695	-4.49673
217	2	4	1	2	2	1	5	-2.76791	-3.63854	-4.11496	-4.06971
218	2	4	1	2	2	1	5	-2.76791	-3.63854	-4.11496	-4.06971
219	10	81	50	99	120	76	52	-6.70547	-6.38575	-5.25845	-5.20231
220	2	4	1	2	2	1	5	-2.76791	-3.63854	-4.11496	-4.06971
221	2	4	1	2	2	1	5	-2.76791	-3.63854	-4.11496	-4.06971
222	1	4	2	2	6	3	17	-4.62348	-2.45266	-4.53425	-5.77453
223	1	2	4	62	4	5	17	-6.08601	-4.8505	-7.40119	-8.57707
224	4	7	10	4	1	7	1	-1.82053	-3.77862	-2.62298	-1.93982
225	4	7	10	4	1	7	1	-1.82053	-3.77862	-2.62298	-1.93982
226	10	1	16	19	10	5	7	-6.18029	-2.75021	-4.16191	-5.36546
227	2	4	1	2	2	1	5	-2.76791	-3.63854	-4.11496	-4.06971
228	2	4	1	2	7	1	5	-2.29675	-5.54092	-5.6211	-4.79
229	1	4	2	348	6	3	17	-8.85704	-5.36744	-8.03089	-10.3267
230	1	2	4	62	4	5	17	-6.08601	-4.8505	-7.40119	-8.57707
231	10	27	16	19	10	5	7	-20.4236	-12.8637	-16.2051	-18.4175
232	1	4	2	2	6	3	17	-4.62348	-2.45266	-4.53425	-5.77453
233	4	7	10	4	42	51	1	-2.91947	-4.61993	-4.88093	-3.77774
234	2	4	1	2	2	1	5	-2.76791	-3.63854	-4.11496	-4.06971
235	2	1	12	3	2	1	5	-2.61192	-2.11506	-3.58441	-4.77389
236	2	1	12	88	2	1	5	-3.93709	-3.43124	-5.69348	-5.32515
237	2	4	1	2	7	1	5	-2.29675	-5.54092	-5.6211	-4.79
238	2	1	12	3	2	1	5	-2.61192	-2.11506	-3.58441	-4.77389
239	1	4	2	2	6	3	17	-4.62348	-2.45266	-4.53425	-5.77453
240	2	1	4	28	58	25	58	-5.66535	-8.47731	-5.40392	-4.25956
241	2	1	5	3	2	3	5	-4.22232	-3.25543	-5.46692	-4.82481
242	2	1	12	3	2	1	5	-2.61192	-2.11506	-3.58441	-4.77389
243	2	4	1	2	2	1	5	-2.76791	-3.63854	-4.11496	-4.06971
244	2	1	5	10	11	1	5	-27.8243	-22.4328	-24.6868	-25.2034
245	2	1	12	3	2	1	5	-2.61192	-2.11506	-3.58441	-4.77389
246	2	1	12	88	2	1	5	-3.93709	-3.43124	-5.69348	-5.32515
247	2	1	12	3	2	1	5	-2.61192	-2.11506	-3.58441	-4.77389
248	2	1	12	3	2	1	5	-2.61192	-2.11506	-3.58441	-4.77389
249	1	4	2	2	6	3	17	-4.62348	-2.45266	-4.53425	-5.77453
250	9	2	4	62	4	5	6	-3.70517	-5.18103	-5.72924	-6.31933
251	2	1	12	3	2	1	5	-2.61192	-2.11506	-3.58441	-4.77389
252	8	10	149	2	11	12	6	-4.86483	-3.97252	-5.61592	-7.18045
253	2	1	21	3	2	1	5	-2.92011	-2.4897	-4.36695	-4.49673
254	1	2	3	4	5	9	3	-4.62558	-2.48978	-3.57802	-5.09453
255	2	1	5	3	2	3	5	-4.22232	-3.25543	-5.46692	-4.82481
256	1	307	3	4	5	9	3	-6.83883	-6.41485	-6.08581	-8.32236
257	1	4	2	2	6	3	17	-4.62348	-2.45266	-4.53425	-5.77453
258	2	4	1	2	7	1	5	-2.29675	-5.54092	-5.6211	-4.79
259	2	4	1	2	2	1	5	-2.76791	-3.63854	-4.11496	-4.06971
260	2	61	4	64	126	7	23	-6.01648	-9.02559	-6.05361	-4.27001
261	7	21	5	62	4	61	44	-7.31015	-3.83447	-5.61993	-8.05901
262	2	1	12	3	2	1	5	-2.61192	-2.11506	-3.58441	-4.77389
263	2	4	1	2	2	1	5	-2.76791	-3.63854	-4.11496	-4.06971
264	2	1	12	3	2	1	5	-2.61192	-2.11506	-3.58441	-4.77389
265	2	1	21	3	2	1	5	-2.92011	-2.4897	-4.36695	-4.49673
266	2	1	21	3	2	1	5	-2.92011	-2.4897	-4.36695	-4.49673
267	2	4	1	2	2	1	5	-2.76791	-3.63854	-4.11496	-4.06971
268	2	4	1	2	2	1	5	-2.76791	-3.63854	-4.11496	-4.06971
269	2	4	1	2	7	1	5	-2.29675	-5.54092	-5.6211	-4.79
270	4	7	10	4	1	7	1	-1.82053	-3.77862	-2.62298	-1.93982
271	1	2	4	62	4	5	17	-6.08601	-4.8505	-7.40119	-8.57707
272	4	1	21	3	2	1	5	-9.9429	-10.1715	-10.6094	-9.9595
273	10	1	16	19	10	5	7	-6.18029	-2.75021	-4.16191	-5.36546
274	33	283	44	82	189	44	17	-6.90457	-3.47568	-5.39236	-6.17443
275	2	1	12	3	2	1	5	-2.61192	-2.11506	-3.58441	-4.77389
276	10	81	50	99	120	76	52	-6.70547	-6.38575	-5.25845	-5.20231
277	4	7	10	4	42	25	1	-8.751	-9.67321	-5.80928	-5.20818
278	2	4	1	2	2	1	5	-2.76791	-3.63854	-4.11496	-4.06971
279	2	4	5	2	10	1	5	-6.88348	-10.123	-10.2841	-9.60488
280	2	4	1	2	2	1	5	-2.76791	-3.63854	-4.11496	-4.06971
281	9	2	4	62	4	5	6	-3.70517	-5.18103	-5.72924	-6.31933
282	4	7	10	4	1	7	1	-1.82053	-3.77862	-2.62298	-1.93982
283	2	1	12	3	2	1	5	-2.61192	-2.11506	-3.58441	-4.77389
284	9	2	4	62	4	5	6	-3.70517	-5.18103	-5.72924	-6.31933
285	9	2	4	62	4	5	6	-3.70517	-5.18103	-5.72924	-6.31933
286	2	4	1	2	2	1	5	-2.76791	-3.63854	-4.11496	-4.06971
287	2	1	12	88	2	1	5	-3.93709	-3.43124	-5.69348	-5.32515
288	2	1	21	3	2	1	5	-2.92011	-2.4897	-4.36695	-4.49673
289	33	39	30	79	113	44	17	-26.3165	-23.9092	-25.187	-26.6788
290	1	2	3	4	5	9	3	-4.62558	-2.48978	-3.57802	-5.09453
291	1	4	2	2	6	3	17	-4.62348	-2.45266	-4.53425	-5.77453
292	9	2	4	62	4	5	6	-3.70517	-5.18103	-5.72924	-6.31933
293	2	1	12	3	2	1	5	-2.61192	-2.11506	-3.58441	-4.77389
294	2	1	5	3	2	5	5	-5.54742	-2.83273	-4.06209	-5.72652
295	2	1	5	3	2	5	5	-5.54742	-2.83273	-4.06209	-5.72652
296	2	4	1	2	2	1	5	-2.76791	-3.63854	-4.11496	-4.06971
297	2	4	1	2	2	1	5	-2.76791	-3.63854	-4.11496	-4.06971
298	2	1	21	3	2	1	5	-2.92011	-2.4897	-4.36695	-4.49673
299	32	39	30	82	104	324	17	-8.16465	-4.68227	-7.34281	-9.63653
300	2	1	12	3	2	1	5	-2.61192	-2.11506	-3.58441	-4.77389
301	4	7	10	4	1	7	1	-1.82053	-3.77862	-2.62298	-1.93982
302	1	4	2	2	6	3	5	-8.74675	-5.2728	-7.96166	-10.1696
303	2	1	21	3	2	1	5	-2.92011	-2.4897	-4.36695	-4.49673
304	4	7	10	4	42	51	1	-2.91947	-4.61993	-4.88093	-3.77774
305	2	4	1	2	7	1	5	-2.29675	-5.54092	-5.6211	-4.79
306	7	21	5	62	4	61	44	-7.31015	-3.83447	-5.61993	-8.05901
307	104	7	10	4	1	7	1	-4.39974	-7.65767	-7.79678	-7.10421
308	9	25	2	10	22	3	6	-4.46085	-7.66192	-6.05289	-4.36994
309	2	4	2	2	6	3	17	-10.9714	-7.7107	-10.2734	-10.9988
310	2	4	1	2	7	1	5	-2.29675	-5.54092	-5.6211	-4.79
311	129	66	30	82	189	47	17	-3.23625	-4.86541	-5.52697	-4.1229
312	33	39	30	82	104	173	68	-5.37243	-3.98187	-6.55079	-7.83213
313	2	1	12	3	2	1	5	-2.61192	-2.11506	-3.58441	-4.77389
314	2	1	1	3	2	1	5	-4.60593	-3.7878	-6.29069	-7.16528
315	7	21	5	62	4	61	44	-7.31015	-3.83447	-5.61993	-8.05901
316	2	1	21	3	2	1	5	-2.92011	-2.4897	-4.36695	-4.49673
317	4	7	10	4	1	7	1	-1.82053	-3.77862	-2.62298	-1.93982
318	10	2	107	62	120	76	1	-6.84169	-10.0201	-8.05526	-6.33391
319	4	7	10	4	1	7	1	-1.82053	-3.77862	-2.62298	-1.93982
320	2	1	12	3	2	1	5	-2.61192	-2.11506	-3.58441	-4.77389
321	2	1	5	3	2	3	5	-4.22232	-3.25543	-5.46692	-4.82481
322	4	7	10	4	1	7	1	-1.82053	-3.77862	-2.62298	-1.93982
323	2	1	12	88	2	1	5	-3.93709	-3.43124	-5.69348	-5.32515
324	4	7	10	4	42	7	1	-6.60444	-9.03312	-5.60816	-4.6846
325	4	7	10	4	42	51	1	-2.91947	-4.61993	-4.88093	-3.77774
326	2	1	21	3	2	1	5	-2.92011	-2.4897	-4.36695	-4.49673
327	2	1	12	3	2	1	5	-2.61192	-2.11506	-3.58441	-4.77389
328	4	7	10	4	1	7	1	-1.82053	-3.77862	-2.62298	-1.93982
329	2	4	1	2	7	1	5	-2.29675	-5.54092	-5.6211	-4.79
330	4	7	10	4	1	7	1	-1.82053	-3.77862	-2.62298	-1.93982
331	2	1	12	3	2	1	5	-2.61192	-2.11506	-3.58441	-4.77389
332	4	7	10	4	1	7	1	-1.82053	-3.77862	-2.62298	-1.93982
333	4	7	10	4	1	7	1	-1.82053	-3.77862	-2.62298	-1.93982
334	1	4	2	2	6	3	17	-4.62348	-2.45266	-4.53425	-5.77453
335	2	4	1	2	2	1	5	-2.76791	-3.63854	-4.11496	-4.06971
336	4	7	10	4	1	7	1	-1.82053	-3.77862	-2.62298	-1.93982
337	7	17	2	15	23	3	12	-6.88986	-10.1424	-10.2969	-9.61744
338	2	1	5	3	2	3	5	-4.22232	-3.25543	-5.46692	-4.82481
339	4	7	10	4	1	7	1	-1.82053	-3.77862	-2.62298	-1.93982
340	4	7	10	4	1	7	1	-1.82053	-3.77862	-2.62298	-1.93982
341	4	7	10	4	42	51	1	-2.91947	-4.61993	-4.88093	-3.77774
342	2	4	1	2	2	1	5	-2.76791	-3.63854	-4.11496	-4.06971
343	2	1	12	88	2	1	5	-3.93709	-3.43124	-5.69348	-5.32515
344	2	1	1	3	2	1	5	-4.60593	-3.7878	-6.29069	-7.16528
345	1	2	3	4	5	9	3	-4.62558	-2.48978	-3.57802	-5.09453
346	2	1	12	88	2	1	5	-3.93709	-3.43124	-5.69348	-5.32515
347	2	1	1	3	2	1	5	-4.60593	-3.7878	-6.29069	-7.16528
348	24	17	2	10	23	68	5	-9.26253	-5.77903	-8.44055	-10.7345
349	4	7	10	4	1	7	1	-1.82053	-3.77862	-2.62298	-1.93982
350	2	1	21	3	2	1	5	-2.92011	-2.4897	-4.36695	-4.49673
351	1	4	2	2	6	3	17	-4.62348	-2.45266	-4.53425	-5.77453
352	2	1	5	3	2	3	5	-4.22232	-3.25543	-5.46692	-4.82481
353	4	7	10	4	1	7	1	-1.82053	-3.77862	-2.62298	-1.93982
354	2	1	1	3	2	1	5	-4.60593	-3.7878	-6.29069	-7.16528
355	2	1	12	3	2	1	5	-2.61192	-2.11506	-3.58441	-4.77389
356	8	10	149	2	11	12	6	-4.86483	-3.97252	-5.61592	-7.18045
357	2	4	1	2	2	5	5	-6.80715	-6.40308	-8.75848	-9.36193
358	10	1	16	19	10	5	7	-6.18029	-2.75021	-4.16191	-5.36546
359	24	17	2	10	23	68	5	-9.26253	-5.77903	-8.44055	-10.7345
360	1	2	4	62	4	5	17	-6.08601	-4.8505	-7.40119	-8.57707
361	2	4	1	2	7	1	5	-2.29675	-5.54092	-5.6211	-4.79
362	7	71	5	62	11	67	6	-29.3751	-28.7107	-26.6902	-28.3832
363	7	17	5	2	10	3	6	-25.9238	-24.2191	-24.2549	-22.5191
364	2	1	5	3	2	3	5	-4.22232	-3.25543	-5.46692	-4.82481
365	9	2	4	62	4	5	6	-3.70517	-5.18103	-5.72924	-6.31933
366	33	38	30	82	104	325	36	-13.8677	-11.1944	-11.5634	-14.3705
367	2	4	1	2	7	1	5	-2.29675	-5.54092	-5.6211	-4.79
368	47	2	4	2	6	5	17	-12.1411	-9.9539	-6.1583	-8.7116
369	2	1	12	88	2	1	5	-3.93709	-3.43124	-5.69348	-5.32515
370	2	1	12	88	2	1	5	-3.93709	-3.43124	-5.69348	-5.32515
371	2	1	12	88	2	1	5	-3.93709	-3.43124	-5.69348	-5.32515
372	2	1	12	88	2	1	5	-3.93709	-3.43124	-5.69348	-5.32515
373	2	4	1	2	2	1	5	-2.76791	-3.63854	-4.11496	-4.06971
374	2	1	12	88	2	1	5	-3.93709	-3.43124	-5.69348	-5.32515
375	1	1	2	2	6	3	17	-9.79072	-6.18356	-8.89682	-10.9536
376	2	1	12	88	2	1	5	-3.93709	-3.43124	-5.69348	-5.32515
377	2	1	12	88	2	1	5	-3.93709	-3.43124	-5.69348	-5.32515
378	2	4	1	2	2	1	5	-2.76791	-3.63854	-4.11496	-4.06971
379	2	1	12	88	2	1	5	-3.93709	-3.43124	-5.69348	-5.32515
380	2	1	5	3	2	3	5	-4.22232	-3.25543	-5.46692	-4.82481
381	4	7	10	4	1	7	1	-1.82053	-3.77862	-2.62298	-1.93982
382	2	1	12	3	2	1	5	-2.61192	-2.11506	-3.58441	-4.77389
383	1	2	4	62	4	5	17	-6.08601	-4.8505	-7.40119	-8.57707
384	1	4	2	2	6	3	17	-4.62348	-2.45266	-4.53425	-5.77453
385	2	1	12	3	2	1	5	-2.61192	-2.11506	-3.58441	-4.77389
386	2	1	12	88	2	1	5	-3.93709	-3.43124	-5.69348	-5.32515
387	9	2	4	62	4	5	6	-3.70517	-5.18103	-5.72924	-6.31933
388	2	4	1	2	7	1	5	-2.29675	-5.54092	-5.6211	-4.79
389	2	1	5	3	2	3	5	-4.22232	-3.25543	-5.46692	-4.82481
390	7	21	5	62	4	61	44	-7.31015	-3.83447	-5.61993	-8.05901
391	1	2	215	4	90	24	8	-30.013	-31.4157	-21.1046	-21.9957
392	2	1	21	3	2	1	5	-2.92011	-2.4897	-4.36695	-4.49673
393	1	4	2	2	6	3	17	-4.62348	-2.45266	-4.53425	-5.77453
394	2	4	1	2	2	1	5	-2.76791	-3.63854	-4.11496	-4.06971
395	2	1	12	3	2	1	5	-2.61192	-2.11506	-3.58441	-4.77389
396	1	2	3	4	5	9	3	-4.62558	-2.48978	-3.57802	-5.09453
397	2	1	5	3	2	3	5	-4.22232	-3.25543	-5.46692	-4.82481
398	10	1	16	19	10	5	7	-6.18029	-2.75021	-4.16191	-5.36546
399	2	1	2	3	2	959	5	-7.65704	-11.2316	-9.53897	-9.40082
400	10	1	16	19	10	5	7	-6.18029	-2.75021	-4.16191	-5.36546
401	2	4	1	2	7	1	5	-2.29675	-5.54092	-5.6211	-4.79
402	2	1	12	3	2	1	5	-2.61192	-2.11506	-3.58441	-4.77389
403	8	10	149	2	11	12	6	-4.86483	-3.97252	-5.61592	-7.18045
404	2	4	1	2	7	1	5	-2.29675	-5.54092	-5.6211	-4.79
405	4	7	10	4	1	7	1	-1.82053	-3.77862	-2.62298	-1.93982
406	4	7	10	4	1	7	1	-1.82053	-3.77862	-2.62298	-1.93982
407	2	4	5	2	2	5	5	-3.66265	-6.89691	-6.7766	-5.68348
408	2	1	12	3	2	1	5	-2.61192	-2.11506	-3.58441	-4.77389
409	166	2	27	10	151	3	1	-31.5803	-34.6548	-26.1034	-25.4746
410	33	39	30	79	113	44	17	-26.3165	-23.9092	-25.187	-26.6788
411	7	17	2	15	23	3	12	-6.88986	-10.1424	-10.2969	-9.61744
412	1	2	3	4	5	9	3	-4.62558	-2.48978	-3.57802	-5.09453
413	2	4	1	2	7	1	5	-2.29675	-5.54092	-5.6211	-4.79
414	7	21	5	62	4	61	44	-7.31015	-3.83447	-5.61993	-8.05901
415	2	1	12	3	2	1	5	-2.61192	-2.11506	-3.58441	-4.77389
416	1	2	3	4	5	9	3	-4.62558	-2.48978	-3.57802	-5.09453
417	2	1	5	88	2	11	5	-8.81667	-5.34776	-6.00849	-8.52407
418	2	4	1	2	7	1	5	-2.29675	-5.54092	-5.6211	-4.79
419	2	1	21	3	2	1	5	-2.92011	-2.4897	-4.36695	-4.49673
420	7	17	2	15	23	3	12	-6.88986	-10.1424	-10.2969	-9.61744
421	2	1	5	88	2	11	5	-8.81667	-5.34776	-6.00849	-8.52407
422	47	2	4	2	6	5	17	-12.1411	-9.9539	-6.1583	-8.7116
423	1	2	3	4	5	9	3	-4.62558	-2.48978	-3.57802	-5.09453
424	7	17	2	15	23	3	12	-6.88986	-10.1424	-10.2969	-9.61744
425	2	4	1	2	2	1	5	-2.76791	-3.63854	-4.11496	-4.06971
426	2	4	1	2	2	1	5	-2.76791	-3.63854	-4.11496	-4.06971
427	2	4	1	2	2	1	5	-2.76791	-3.63854	-4.11496	-4.06971
428	2	1	12	3	2	1	5	-2.61192	-2.11506	-3.58441	-4.77389
429	2	4	5	2	2	5	5	-3.66265	-6.89691	-6.7766	-5.68348
430	2	1	21	3	2	1	5	-2.92011	-2.4897	-4.36695	-4.49673
431	4	7	10	4	42	25	1	-8.751	-9.67321	-5.80928	-5.20818
432	1	4	2	2	6	3	17	-4.62348	-2.45266	-4.53425	-5.77453
433	1	2	215	4	923	24	8	-30.013	-31.4157	-21.1046	-21.9957
434	1	2	3	4	5	9	3	-4.62558	-2.48978	-3.57802	-5.09453
435	2	1	1	3	2	1	5	-4.60593	-3.7878	-6.29069	-7.16528
436	1	4	2	2	6	3	17	-4.62348	-2.45266	-4.53425	-5.77453
437	2	4	1	2	2	1	5	-2.76791	-3.63854	-4.11496	-4.06971
438	2	1	5	3	2	5	5	-5.54742	-2.83273	-4.06209	-5.72652
439	4	7	10	4	42	51	1	-2.91947	-4.61993	-4.88093	-3.77774
440	4	7	10	4	1	7	1	-1.82053	-3.77862	-2.62298	-1.93982
441	4	7	10	4	1	7	1	-1.82053	-3.77862	-2.62298	-1.93982
442	4	7	10	4	1	7	1	-1.82053	-3.77862	-2.62298	-1.93982
443	2	1	21	3	2	1	5	-2.92011	-2.4897	-4.36695	-4.49673
444	2	1	21	3	2	1	5	-2.92011	-2.4897	-4.36695	-4.49673
445	2	4	1	2	7	1	5	-2.29675	-5.54092	-5.6211	-4.79
446	4	7	10	4	1	7	1	-1.82053	-3.77862	-2.62298	-1.93982
447	4	7	10	4	1	7	1	-1.82053	-3.77862	-2.62298	-1.93982
448	2	1	1	3	2	1	5	-4.60593	-3.7878	-6.29069	-7.16528
449	2	1	21	3	2	1	5	-2.92011	-2.4897	-4.36695	-4.49673
450	2	1	21	3	2	1	5	-2.92011	-2.4897	-4.36695	-4.49673
451	4	7	10	4	42	51	1	-2.91947	-4.61993	-4.88093	-3.77774
452	4	7	10	1	1	7	1	-5.26457	-8.29806	-5.95453	-6.0933
453	239	27	16	19	10	5	7	-9.95756	-6.47408	-9.13414	-11.4293
454	2	1	12	3	2	1	5	-2.61192	-2.11506	-3.58441	-4.77389
455	2	4	1	2	2	1	5	-2.76791	-3.63854	-4.11496	-4.06971
456	2	1	12	3	2	1	5	-2.61192	-2.11506	-3.58441	-4.77389
457	2	1	12	3	2	1	5	-2.61192	-2.11506	-3.58441	-4.77389
458	10	81	50	99	120	76	52	-6.70547	-6.38575	-5.25845	-5.20231
459	47	2	4	2	6	5	17	-12.1411	-9.9539	-6.1583	-8.7116
460	2	4	1	3	2	1	5	-6.8307	-8.58376	-9.71455	-9.38882
461	4	7	10	4	1	7	1	-1.82053	-3.77862	-2.62298	-1.93982
462	2	1	1	380	2	1	5	-6.14443	-5.73547	-8.15953	-8.76188
463	2	4	1	2	7	1	5	-2.29675	-5.54092	-5.6211	-4.79
464	2	1	12	88	2	1	5	-3.93709	-3.43124	-5.69348	-5.32515
465	7	71	5	62	11	67	1	-30.8029	-28.9302	-25.6479	-28.1398
466	2	4	1	2	7	1	5	-2.29675	-5.54092	-5.6211	-4.79
467	4	7	10	4	1	7	1	-1.82053	-3.77862	-2.62298	-1.93982
468	2	1	1	380	2	1	5	-6.14443	-5.73547	-8.15953	-8.76188
469	2	4	1	2	2	1	5	-2.76791	-3.63854	-4.11496	-4.06971
470	2	1	12	3	2	1	5	-2.61192	-2.11506	-3.58441	-4.77389
471	1	14	2	2	6	1	17	-9.23655	-6.45541	-7.84098	-6.3677
472	1	2	4	62	4	5	17	-6.08601	-4.8505	-7.40119	-8.57707
473	4	7	10	4	1	7	1	-1.82053	-3.77862	-2.62298	-1.93982
474	2	1	21	3	2	1	5	-2.92011	-2.4897	-4.36695	-4.49673
475	2	4	1	2	2	1	5	-2.76791	-3.63854	-4.11496	-4.06971
476	1	4	2	2	6	3	17	-4.62348	-2.45266	-4.53425	-5.77453
477	4	7	10	4	1	7	1	-1.82053	-3.77862	-2.62298	-1.93982
478	10	2	107	62	120	76	1	-6.84169	-10.0201	-8.05526	-6.33391
479	2	1	12	3	2	1	5	-2.61192	-2.11506	-3.58441	-4.77389
480	2	1	5	3	2	3	5	-4.22232	-3.25543	-5.46692	-4.82481
481	2	1	21	3	2	1	5	-2.92011	-2.4897	-4.36695	-4.49673
482	1	2	3	4	5	9	3	-4.62558	-2.48978	-3.57802	-5.09453
483	1	307	3	4	5	9	3	-6.83883	-6.41485	-6.08581	-8.32236
484	7	2	5	2	10	3	6	-31.9923	-27.4377	-28.9336	-28.2747
485	1	2	3	4	5	9	3	-4.62558	-2.48978	-3.57802	-5.09453
486	33	39	30	82	104	173	68	-5.37243	-3.98187	-6.55079	-7.83213
487	4	7	10	4	42	7	1	-6.60444	-9.03312	-5.60816	-4.6846
488	2	1	12	88	2	1	5	-3.93709	-3.43124	-5.69348	-5.32515
489	2	4	1	2	2	1	5	-2.76791	-3.63854	-4.11496	-4.06971
490	2	1	21	3	2	1	5	-2.92011	-2.4897	-4.36695	-4.49673
491	9	2	4	62	4	5	6	-3.70517	-5.18103	-5.72924	-6.31933
492	2	1	5	3	2	3	5	-4.22232	-3.25543	-5.46692	-4.82481
493	4	7	10	4	1	7	1	-1.82053	-3.77862	-2.62298	-1.93982
494	2	1	57	26	127	29	35	-6.88099	-9.34471	-6.13975	-8.35547
495	2	1	57	26	127	29	35	-6.88099	-9.34471	-6.13975	-8.35547
496	2	4	2	4	19	3	6	-5.78739	-9.03513	-9.19057	-8.50641
497	2	1	12	3	2	1	5	-2.61192	-2.11506	-3.58441	-4.77389
498	2	4	1	2	2	1	5	-2.76791	-3.63854	-4.11496	-4.06971
499	2	4	1	2	2	1	5	-2.76791	-3.63854	-4.11496	-4.06971
500	2	1	21	3	2	1	5	-2.92011	-2.4897	-4.36695	-4.49673
501	33	39	65	79	104	43	17	-4.58665	-7.83959	-7.99369	-7.31482
502	1	14	2	2	6	1	17	-9.23655	-6.45541	-7.84098	-6.3677
503	2	1	12	3	2	1	5	-2.61192	-2.11506	-3.58441	-4.77389
504	7	21	5	62	4	61	44	-7.31015	-3.83447	-5.61993	-8.05901
505	9	2	4	62	4	5	6	-3.70517	-5.18103	-5.72924	-6.31933
506	129	66	30	82	189	47	17	-3.23625	-4.86541	-5.52697	-4.1229
507	2	1	21	3	2	1	5	-2.92011	-2.4897	-4.36695	-4.49673
508	47	2	4	2	6	5	17	-12.1411	-9.9539	-6.1583	-8.7116
509	2	4	1	2	7	1	5	-2.29675	-5.54092	-5.6211	-4.79
510	33	38	30	82	104	325	36	-13.8677	-11.1944	-11.5634	-14.3705
511	1	4	2	2	6	3	17	-4.62348	-2.45266	-4.53425	-5.77453
512	1	4	2	2	6	3	17	-4.62348	-2.45266	-4.53425	-5.77453
513	2	4	1	2	2	1	5	-2.76791	-3.63854	-4.11496	-4.06971
514	4	7	10	4	1	7	1	-1.82053	-3.77862	-2.62298	-1.93982
515	33	283	44	82	189	44	17	-6.90457	-3.47568	-5.39236	-6.17443
516	8	10	149	2	11	12	6	-4.86483	-3.97252	-5.61592	-7.18045
517	2	1	21	3	62	1	5	-5.78523	-9.02232	-9.18834	-8.50838
518	10	1	16	19	10	5	7	-6.18029	-2.75021	-4.16191	-5.36546
519	180	194	2	68	19	231	147	-24.8346	-32.1245	-20.8288	-22.7166
520	2	4	1	2	7	1	5	-2.29675	-5.54092	-5.6211	-4.79
521	2	4	2	2	6	1	5	-6.07779	-4.83225	-5.90094	-7.94326
522	1	2	3	4	5	9	3	-4.62558	-2.48978	-3.57802	-5.09453
523	2	1	21	3	2	1	5	-2.92011	-2.4897	-4.36695	-4.49673
524	2	1	12	3	2	1	5	-2.61192	-2.11506	-3.58441	-4.77389
525	2	1	5	3	2	3	5	-4.22232	-3.25543	-5.46692	-4.82481
526	1	307	3	4	5	9	3	-6.83883	-6.41485	-6.08581	-8.32236
527	2	4	1	2	7	1	5	-2.29675	-5.54092	-5.6211	-4.79
528	2	1	12	3	2	1	5	-2.61192	-2.11506	-3.58441	-4.77389
529	7	21	5	62	4	61	44	-7.31015	-3.83447	-5.61993	-8.05901
530	2	1	5	3	2	3	5	-4.22232	-3.25543	-5.46692	-4.82481
531	2	1	12	88	2	1	5	-3.93709	-3.43124	-5.69348	-5.32515
532	2	1	21	3	2	1	5	-2.92011	-2.4897	-4.36695	-4.49673
533	1	4	2	2	6	3	17	-4.62348	-2.45266	-4.53425	-5.77453
534	2	4	1	2	7	1	5	-2.29675	-5.54092	-5.6211	-4.79
535	47	2	4	2	6	5	17	-12.1411	-9.9539	-6.1583	-8.7116
536	1	4	2	2	6	3	17	-4.62348	-2.45266	-4.53425	-5.77453
537	1	2	3	4	5	9	3	-4.62558	-2.48978	-3.57802	-5.09453
538	2	4	1	2	2	1	5	-2.76791	-3.63854	-4.11496	-4.06971
539	4	7	10	4	42	7	1	-6.60444	-9.03312	-5.60816	-4.6846
540	2	4	1	9	2	1	5	-6.66354	-8.35565	-6.54198	-7.00837
541	2	1	12	3	2	1	5	-2.61192	-2.11506	-3.58441	-4.77389
542	1	4	2	9	6	3	17	-8.52106	-7.12017	-6.93361	-8.7067
543	1	2	3	4	922	9	3	-8.53644	-7.20903	-6.0069	-8.03639
544	4	7	10	4	1	7	1	-1.82053	-3.77862	-2.62298	-1.93982
545	2	1	5	3	2	3	5	-4.22232	-3.25543	-5.46692	-4.82481
546	2	4	1	2	7	1	5	-2.29675	-5.54092	-5.6211	-4.79
547	4	7	10	4	1	7	1	-1.82053	-3.77862	-2.62298	-1.93982
548	2	4	1	2	2	1	5	-2.76791	-3.63854	-4.11496	-4.06971
549	2	1	21	3	2	1	5	-2.92011	-2.4897	-4.36695	-4.49673
550	4	7	10	4	1	7	1	-1.82053	-3.77862	-2.62298	-1.93982
551	1	4	2	2	6	3	17	-4.62348	-2.45266	-4.53425	-5.77453
552	2	1	5	3	2	5	5	-5.54742	-2.83273	-4.06209	-5.72652
553	2	1	12	3	2	1	5	-2.61192	-2.11506	-3.58441	-4.77389
554	4	936	10	4	1	7	1	-5.72597	-8.49346	-5.02367	-4.88411
555	180	194	2	68	19	231	147	-24.8346	-32.1245	-20.8288	-22.7166
556	4	7	10	4	42	51	1	-2.91947	-4.61993	-4.88093	-3.77774
557	4	7	10	4	42	25	1	-8.751	-9.67321	-5.80928	-5.20818
558	2	1	21	3	2	1	5	-2.92011	-2.4897	-4.36695	-4.49673
559	2	1	5	3	2	3	5	-4.22232	-3.25543	-5.46692	-4.82481
560	2	1	5	3	2	3	5	-4.22232	-3.25543	-5.46692	-4.82481
561	4	7	10	4	42	51	1	-2.91947	-4.61993	-4.88093	-3.77774
562	4	7	10	4	1	7	1	-1.82053	-3.77862	-2.62298	-1.93982
563	2	4	1	2	7	1	5	-2.29675	-5.54092	-5.6211	-4.79
564	2	1	21	3	2	1	5	-2.92011	-2.4897	-4.36695	-4.49673
565	1	4	2	2	6	3	17	-4.62348	-2.45266	-4.53425	-5.77453
566	188	313	5	2	89	5	6	-40.4259	-36.5431	-36.6952	-40.2627
567	2	1	21	3	2	1	5	-2.92011	-2.4897	-4.36695	-4.49673
568	2	1	1	3	2	1	5	-4.60593	-3.7878	-6.29069	-7.16528
569	2	1	5	3	2	3	5	-4.22232	-3.25543	-5.46692	-4.82481
570	2	4	1	2	2	1	5	-2.76791	-3.63854	-4.11496	-4.06971
571	2	1	5	3	2	3	5	-4.22232	-3.25543	-5.46692	-4.82481
572	2	1	1	3	2	1	5	-4.60593	-3.7878	-6.29069	-7.16528
573	2	1	5	3	2	3	5	-4.22232	-3.25543	-5.46692	-4.82481
574	1	4	2	2	6	3	17	-4.62348	-2.45266	-4.53425	-5.77453
575	1	4	2	2	6	3	17	-4.62348	-2.45266	-4.53425	-5.77453
576	2	1	21	3	2	1	5	-2.92011	-2.4897	-4.36695	-4.49673
577	239	27	16	19	10	5	7	-9.95756	-6.47408	-9.13414	-11.4293
578	2	4	5	2	2	5	5	-3.66265	-6.89691	-6.7766	-5.68348
579	9	2	4	62	4	5	6	-3.70517	-5.18103	-5.72924	-6.31933
580	2	1	1	3	2	1	5	-4.60593	-3.7878	-6.29069	-7.16528
581	2	1	5	3	2	3	5	-4.22232	-3.25543	-5.46692	-4.82481
582	1	4	2	2	6	3	17	-4.62348	-2.45266	-4.53425	-5.77453
583	2	4	5	2	2	5	5	-3.66265	-6.89691	-6.7766	-5.68348
584	2	4	5	2	2	5	5	-3.66265	-6.89691	-6.7766	-5.68348
585	2	1	5	3	2	3	5	-4.22232	-3.25543	-5.46692	-4.82481
586	2	1	1	380	2	1	5	-6.14443	-5.73547	-8.15953	-8.76188
587	2	7	10	4	1	7	1	-6.62374	-8.74597	-8.22702	-7.07952
588	2	1	12	3	2	1	5	-2.61192	-2.11506	-3.58441	-4.77389
589	2	4	1	2	2	1	5	-2.76791	-3.63854	-4.11496	-4.06971
590	9	2	4	62	4	5	6	-3.70517	-5.18103	-5.72924	-6.31933
591	2	4	5	2	2	5	5	-3.66265	-6.89691	-6.7766	-5.68348
592	1	4	2	2	6	3	17	-4.62348	-2.45266	-4.53425	-5.77453
593	1	4	2	2	6	5	17	-12.9684	-8.77483	-11.6151	-13.8101
594	2	4	2	2	6	1	5	-6.07779	-4.83225	-5.90094	-7.94326
595	1	4	2	2	6	5	17	-12.9684	-8.77483	-11.6151	-13.8101
596	2	23	21	3	2	1	5	-6.83177	-7.21327	-6.79731	-7.44034
597	7	21	5	62	4	61	44	-7.31015	-3.83447	-5.61993	-8.05901
598	2	4	1	2	2	1	5	-2.76791	-3.63854	-4.11496	-4.06971
599	1	307	3	4	5	9	3	-6.83883	-6.41485	-6.08581	-8.32236
600	1	2	3	4	5	9	3	-4.62558	-2.48978	-3.57802	-5.09453
601	9	2	4	62	4	5	6	-3.70517	-5.18103	-5.72924	-6.31933
602	2	1	12	3	2	1	5	-2.61192	-2.11506	-3.58441	-4.77389
603	1	4	2	2	6	3	17	-4.62348	-2.45266	-4.53425	-5.77453
604	10	1	16	19	10	5	7	-6.18029	-2.75021	-4.16191	-5.36546
605	2	1	12	3	2	1	5	-2.61192	-2.11506	-3.58441	-4.77389
606	180	194	2	68	19	231	147	-24.8346	-32.1245	-20.8288	-22.7166
607	2	1	12	3	2	1	5	-2.61192	-2.11506	-3.58441	-4.77389
608	4	7	10	4	1	7	1	-1.82053	-3.77862	-2.62298	-1.93982
609	129	66	30	82	189	47	17	-3.23625	-4.86541	-5.52697	-4.1229
610	4	7	10	4	1	7	1	-1.82053	-3.77862	-2.62298	-1.93982
611	2	1	12	3	2	1	5	-2.61192	-2.11506	-3.58441	-4.77389
612	2	1	21	3	2	1	5	-2.92011	-2.4897	-4.36695	-4.49673
613	4	7	10	4	1	7	1	-1.82053	-3.77862	-2.62298	-1.93982
614	10	1	16	19	10	5	7	-6.18029	-2.75021	-4.16191	-5.36546
615	8	10	149	2	11	12	6	-4.86483	-3.97252	-5.61592	-7.18045
616	129	66	30	82	189	47	17	-3.23625	-4.86541	-5.52697	-4.1229
617	2	4	1	2	2	1	5	-2.76791	-3.63854	-4.11496	-4.06971
618	180	194	2	68	19	231	147	-24.8346	-32.1245	-20.8288	-22.7166
619	2	1	5	3	2	3	5	-4.22232	-3.25543	-5.46692	-4.82481
620	2	4	1	2	2	1	5	-2.76791	-3.63854	-4.11496	-4.06971
621	1	2	3	4	5	9	3	-4.62558	-2.48978	-3.57802	-5.09453
622	180	194	2	68	19	231	147	-24.8346	-32.1245	-20.8288	-22.7166
623	33	39	65	79	104	43	17	-4.58665	-7.83959	-7.99369	-7.31482
624	2	4	5	2	2	5	5	-3.66265	-6.89691	-6.7766	-5.68348
625	2	1	5	3	2	5	5	-5.54742	-2.83273	-4.06209	-5.72652
626	2	1	12	3	2	1	5	-2.61192	-2.11506	-3.58441	-4.77389
627	180	194	2	68	19	231	147	-24.8346	-32.1245	-20.8288	-22.7166
628	2	1	21	3	2	1	5	-2.92011	-2.4897	-4.36695	-4.49673
629	2	1	5	3	2	5	5	-5.54742	-2.83273	-4.06209	-5.72652
630	2	1	21	3	2	1	5	-2.92011	-2.4897	-4.36695	-4.49673
631	1	2	3	4	5	9	3	-4.62558	-2.48978	-3.57802	-5.09453
632	2	1	21	3	2	1	5	-2.92011	-2.4897	-4.36695	-4.49673
633	8	10	2	2	11	12	6	-3.94355	-7.15372	-7.34852	-6.67103
634	2	4	1	2	7	1	5	-2.29675	-5.54092	-5.6211	-4.79
635	2	1	5	3	2	3	5	-4.22232	-3.25543	-5.46692	-4.82481
636	1	2	3	4	5	9	3	-4.62558	-2.48978	-3.57802	-5.09453
637	9	2	4	62	4	5	6	-3.70517	-5.18103	-5.72924	-6.31933
638	2	1	21	3	2	1	5	-2.92011	-2.4897	-4.36695	-4.49673
639	8	10	149	2	11	12	6	-4.86483	-3.97252	-5.61592	-7.18045
640	2	1	12	88	2	1	5	-3.93709	-3.43124	-5.69348	-5.32515
641	2	4	1	2	2	1	5	-2.76791	-3.63854	-4.11496	-4.06971
642	2	1	5	10	10	1	5	-23.8595	-23.2903	-23.4093	-23.235
643	1	2	3	4	5	9	3	-4.62558	-2.48978	-3.57802	-5.09453
644	2	4	1	2	7	1	5	-2.29675	-5.54092	-5.6211	-4.79
645	2	4	1	2	2	1	5	-2.76791	-3.63854	-4.11496	-4.06971
646	1	2	3	4	5	9	3	-4.62558	-2.48978	-3.57802	-5.09453
647	2	1	12	88	2	1	5	-3.93709	-3.43124	-5.69348	-5.32515
648	4	7	10	4	1	7	1	-1.82053	-3.77862	-2.62298	-1.93982
649	2	1	21	3	2	1	5	-2.92011	-2.4897	-4.36695	-4.49673
650	2	4	1	2	7	1	5	-2.29675	-5.54092	-5.6211	-4.79
651	33	38	30	82	118	43	17	-20.0853	-18.7003	-20.9967	-22.4776
652	2	4	1	2	2	1	5	-2.76791	-3.63854	-4.11496	-4.06971
653	2	1	5	3	2	3	5	-4.22232	-3.25543	-5.46692	-4.82481
654	4	7	10	4	1	7	1	-1.82053	-3.77862	-2.62298	-1.93982
655	8	10	2	2	11	12	6	-3.94355	-7.15372	-7.34852	-6.67103
656	2	4	5	2	2	5	5	-3.66265	-6.89691	-6.7766	-5.68348
657	4	7	10	4	1	7	1	-1.82053	-3.77862	-2.62298	-1.93982
658	2	1	5	3	2	3	5	-4.22232	-3.25543	-5.46692	-4.82481
659	33	39	30	82	113	47	17	-5.7597	-5.74265	-8.05548	-8.41399
660	2	1	21	3	2	1	5	-2.92011	-2.4897	-4.36695	-4.49673
661	2	4	1	2	7	1	5	-2.29675	-5.54092	-5.6211	-4.79
662	2	1	1	3	2	1	5	-4.60593	-3.7878	-6.29069	-7.16528
663	4	7	10	4	1	7	1	-1.82053	-3.77862	-2.62298	-1.93982
664	7	21	5	62	4	61	44	-7.31015	-3.83447	-5.61993	-8.05901
665	10	81	50	99	120	76	52	-6.70547	-6.38575	-5.25845	-5.20231
666	4	7	10	4	1	7	1	-1.82053	-3.77862	-2.62298	-1.93982
667	1	2	3	4	5	9	3	-4.62558	-2.48978	-3.57802	-5.09453
668	1	2	3	4	5	9	3	-4.62558	-2.48978	-3.57802	-5.09453
669	2	4	1	2	7	1	5	-2.29675	-5.54092	-5.6211	-4.79
670	4	7	10	4	1	7	1	-1.82053	-3.77862	-2.62298	-1.93982
671	2	1	5	3	2	3	5	-4.22232	-3.25543	-5.46692	-4.82481
672	1	4	2	2	6	3	17	-4.62348	-2.45266	-4.53425	-5.77453
673	4	935	10	4	1	7	1	-5.72597	-8.49346	-5.02367	-4.88411
674	10	1	16	19	10	5	7	-6.18029	-2.75021	-4.16191	-5.36546
675	4	7	10	4	1	7	1	-1.82053	-3.77862	-2.62298	-1.93982
676	33	39	65	79	104	43	17	-4.58665	-7.83959	-7.99369	-7.31482
677	2	4	2	2	6	1	5	-6.07779	-4.83225	-5.90094	-7.94326
678	4	7	10	4	42	25	1	-8.751	-9.67321	-5.80928	-5.20818
679	1	4	2	2	6	3	17	-4.62348	-2.45266	-4.53425	-5.77453
680	4	7	10	4	42	25	1	-8.751	-9.67321	-5.80928	-5.20818
681	4	7	10	4	42	25	1	-8.751	-9.67321	-5.80928	-5.20818
682	4	7	10	4	1	7	1	-1.82053	-3.77862	-2.62298	-1.93982
683	2	4	1	2	7	1	5	-2.29675	-5.54092	-5.6211	-4.79
684	4	7	10	4	1	7	1	-1.82053	-3.77862	-2.62298	-1.93982
685	4	7	10	4	42	7	1	-6.60444	-9.03312	-5.60816	-4.6846
686	10	27	16	19	10	5	7	-20.4236	-12.8637	-16.2051	-18.4175
687	10	81	50	99	120	76	52	-6.70547	-6.38575	-5.25845	-5.20231
688	4	7	10	4	1	7	1	-1.82053	-3.77862	-2.62298	-1.93982
689	4	7	10	4	42	51	1	-2.91947	-4.61993	-4.88093	-3.77774
690	4	7	10	4	1	7	1	-1.82053	-3.77862	-2.62298	-1.93982
691	10	81	50	99	120	76	52	-6.70547	-6.38575	-5.25845	-5.20231
692	2	4	1	2	2	1	5	-2.76791	-3.63854	-4.11496	-4.06971
693	4	7	10	4	42	51	1	-2.91947	-4.61993	-4.88093	-3.77774
694	4	7	10	4	42	51	1	-2.91947	-4.61993	-4.88093	-3.77774
695	4	7	10	4	42	51	1	-2.91947	-4.61993	-4.88093	-3.77774
696	8	10	2	2	11	12	6	-3.94355	-7.15372	-7.34852	-6.67103
697	33	38	30	82	104	43	17	-5.27968	-8.53166	-8.68582	-8.00463
698	4	7	10	4	1	7	1	-1.82053	-3.77862	-2.62298	-1.93982
699	10	81	50	99	120	76	52	-6.70547	-6.38575	-5.25845	-5.20231
700	2	4	1	2	7	1	5	-2.29675	-5.54092	-5.6211	-4.79
701	4	7	10	4	1	7	1	-1.82053	-3.77862	-2.62298	-1.93982
702	4	7	10	4	1	7	1	-1.82053	-3.77862	-2.62298	-1.93982
703	10	81	50	99	120	76	52	-6.70547	-6.38575	-5.25845	-5.20231
704	4	7	10	4	42	51	1	-2.91947	-4.61993	-4.88093	-3.77774
705	9	2	4	62	4	5	6	-3.70517	-5.18103	-5.72924	-6.31933
706	4	7	10	4	1	7	1	-1.82053	-3.77862	-2.62298	-1.93982
707	2	1	1	3	2	1	5	-4.60593	-3.7878	-6.29069	-7.16528
708	1	14	2	2	6	1	17	-9.23655	-6.45541	-7.84098	-6.3677
709	2	4	2	2	6	1	5	-6.07779	-4.83225	-5.90094	-7.94326
710	2	4	2	2	6	1	5	-6.07779	-4.83225	-5.90094	-7.94326
711	4	7	10	4	42	51	1	-2.91947	-4.61993	-4.88093	-3.77774
712	10	2	107	62	120	76	1	-6.84169	-10.0201	-8.05526	-6.33391
713	2	1	12	3	2	1	5	-2.61192	-2.11506	-3.58441	-4.77389
714	2	4	1	2	2	1	5	-2.76791	-3.63854	-4.11496	-4.06971
715	47	2	4	2	6	5	17	-12.1411	-9.9539	-6.1583	-8.7116
716	4	7	10	4	42	5	1	-11.2375	-10.9223	-11.3359	-11.3252
717	2	1	12	3	2	1	5	-2.61192	-2.11506	-3.58441	-4.77389
718	4	7	10	4	42	51	1	-2.91947	-4.61993	-4.88093	-3.77774
719	1	307	3	4	5	9	3	-6.83883	-6.41485	-6.08581	-8.32236
720	2	1	21	3	2	1	5	-2.92011	-2.4897	-4.36695	-4.49673
721	4	7	10	4	1	7	1	-1.82053	-3.77862	-2.62298	-1.93982
722	2	4	1	2	2	1	5	-2.76791	-3.63854	-4.11496	-4.06971
723	2	1	12	3	2	1	5	-2.61192	-2.11506	-3.58441	-4.77389
724	4	7	10	4	1	7	1	-1.82053	-3.77862	-2.62298	-1.93982
725	2	1	21	3	2	1	5	-2.92011	-2.4897	-4.36695	-4.49673
726	2	1	1	3	2	1	5	-4.60593	-3.7878	-6.29069	-7.16528
727	4	7	10	4	1	7	1	-1.82053	-3.77862	-2.62298	-1.93982
728	2	1	12	3	2	1	5	-2.61192	-2.11506	-3.58441	-4.77389
729	1	4	3	2	6	3	17	-14.6699	-9.26282	-11.8891	-14.3318
730	2	1	12	3	2	1	5	-2.61192	-2.11506	-3.58441	-4.77389
731	2	1	12	88	2	1	5	-3.93709	-3.43124	-5.69348	-5.32515
732	1	4	2	2	6	3	17	-4.62348	-2.45266	-4.53425	-5.77453
733	4	7	10	4	42	51	1	-2.91947	-4.61993	-4.88093	-3.77774
734	2	1	12	3	2	1	5	-2.61192	-2.11506	-3.58441	-4.77389
735	4	7	10	4	1	7	1	-1.82053	-3.77862	-2.62298	-1.93982
736	2	1	12	88	2	1	5	-3.93709	-3.43124	-5.69348	-5.32515
737	2	1	21	3	2	1	5	-2.92011	-2.4897	-4.36695	-4.49673
738	2	4	5	2	2	5	5	-3.66265	-6.89691	-6.7766	-5.68348
739	2	4	5	2	2	5	5	-3.66265	-6.89691	-6.7766	-5.68348
740	2	1	21	3	62	1	5	-5.78523	-9.02232	-9.18834	-8.50838
741	4	7	10	4	42	25	1	-8.751	-9.67321	-5.80928	-5.20818
742	1	2	4	62	4	5	17	-6.08601	-4.8505	-7.40119	-8.57707
743	1	2	3	4	5	9	3	-4.62558	-2.48978	-3.57802	-5.09453
744	8	10	2	2	11	12	6	-3.94355	-7.15372	-7.34852	-6.67103
745	2	1	12	88	2	1	5	-3.93709	-3.43124	-5.69348	-5.32515
746	2	4	5	2	2	5	5	-3.66265	-6.89691	-6.7766	-5.68348
747	2	1	12	3	2	1	5	-2.61192	-2.11506	-3.58441	-4.77389
748	7	21	5	62	4	61	44	-7.31015	-3.83447	-5.61993	-8.05901
749	9	2	4	62	4	5	6	-3.70517	-5.18103	-5.72924	-6.31933
750	10	1	16	19	10	5	7	-6.18029	-2.75021	-4.16191	-5.36546
751	10	1	16	19	10	5	7	-6.18029	-2.75021	-4.16191	-5.36546
752	8	10	2	2	11	12	6	-3.94355	-7.15372	-7.34852	-6.67103
753	1	4	2	2	6	3	17	-4.62348	-2.45266	-4.53425	-5.77453
754	2	1	12	3	2	1	5	-2.61192	-2.11506	-3.58441	-4.77389
755	2	1	12	88	2	1	5	-3.93709	-3.43124	-5.69348	-5.32515
756	2	29	4	27	10	25	57	-20.1185	-23.168	-14.9207	-12.0192
757	2	1	5	3	2	3	5	-4.22232	-3.25543	-5.46692	-4.82481
758	2	1	12	3	2	1	5	-2.61192	-2.11506	-3.58441	-4.77389
759	37	52	57	26	107	29	23	-8.49804	-9.60051	-5.7291	-4.95154
760	2	4	1	2	7	1	5	-2.29675	-5.54092	-5.6211	-4.79
761	1	2	3	4	5	9	3	-4.62558	-2.48978	-3.57802	-5.09453
762	2	1	12	3	2	1	5	-2.61192	-2.11506	-3.58441	-4.77389
763	1	4	2	2	6	3	17	-4.62348	-2.45266	-4.53425	-5.77453
764	1	4	2	2	6	3	17	-4.62348	-2.45266	-4.53425	-5.77453
765	1	2	3	4	5	9	3	-4.62558	-2.48978	-3.57802	-5.09453
766	4	7	10	4	1	7	1	-1.82053	-3.77862	-2.62298	-1.93982
767	2	1	21	3	2	1	5	-2.92011	-2.4897	-4.36695	-4.49673
768	2	1	12	3	2	1	5	-2.61192	-2.11506	-3.58441	-4.77389
769	2	4	1	2	2	5	5	-6.80715	-6.40308	-8.75848	-9.36193
770	2	4	1	2	2	1	5	-2.76791	-3.63854	-4.11496	-4.06971
771	2	4	5	2	2	5	5	-3.66265	-6.89691	-6.7766	-5.68348
772	10	1	16	19	10	5	7	-6.18029	-2.75021	-4.16191	-5.36546
773	7	21	5	62	4	61	44	-7.31015	-3.83447	-5.61993	-8.05901
774	9	2	4	62	4	5	6	-3.70517	-5.18103	-5.72924	-6.31933
775	2	1	12	3	2	1	5	-2.61192	-2.11506	-3.58441	-4.77389
776	1	4	2	2	6	3	17	-4.62348	-2.45266	-4.53425	-5.77453
777	4	7	10	4	1	7	1	-1.82053	-3.77862	-2.62298	-1.93982
778	2	1	12	3	2	1	5	-2.61192	-2.11506	-3.58441	-4.77389
779	2	1	5	3	2	5	5	-5.54742	-2.83273	-4.06209	-5.72652
780	2	23	21	3	2	1	5	-6.83177	-7.21327	-6.79731	-7.44034
781	2	4	5	2	2	5	5	-3.66265	-6.89691	-6.7766	-5.68348
782	2	4	2	2	6	1	5	-6.07779	-4.83225	-5.90094	-7.94326
783	2	1	12	3	2	1	5	-2.61192	-2.11506	-3.58441	-4.77389
784	4	7	10	4	42	51	1	-2.91947	-4.61993	-4.88093	-3.77774
785	7	17	5	2	86	232	1	-29.0349	-33.658	-27.3607	-25.9494
786	2	4	1	2	2	1	5	-2.76791	-3.63854	-4.11496	-4.06971
787	2	1	12	3	2	1	5	-2.61192	-2.11506	-3.58441	-4.77389
788	2	1	21	3	2	1	5	-2.92011	-2.4897	-4.36695	-4.49673
789	7	17	2	15	23	3	12	-6.88986	-10.1424	-10.2969	-9.61744
790	2	1	5	3	2	5	5	-5.54742	-2.83273	-4.06209	-5.72652
791	1	6	60	24	12	28	1	-29.677	-33.1066	-18.6432	-20.7428
792	1	2	3	4	5	9	3	-4.62558	-2.48978	-3.57802	-5.09453
793	2	4	5	2	2	5	5	-3.66265	-6.89691	-6.7766	-5.68348
794	1	2	3	4	5	9	3	-4.62558	-2.48978	-3.57802	-5.09453
795	1	6	60	24	12	28	1	-29.677	-33.1066	-18.6432	-20.7428
796	9	2	4	62	4	5	6	-3.70517	-5.18103	-5.72924	-6.31933
797	2	4	1	2	2	1	5	-2.76791	-3.63854	-4.11496	-4.06971
798	4	7	10	4	1	7	1	-1.82053	-3.77862	-2.62298	-1.93982
799	2	4	5	2	2	5	5	-3.66265	-6.89691	-6.7766	-5.68348
800	7	2	2	2	11	12	6	-4.49016	-7.74201	-7.89671	-7.21722
801	2	1	21	3	2	1	941	-6.8317	-7.1942	-6.78875	-7.43914
802	9	2	2	10	10	3	5	-30.4595	-25.2529	-26.6001	-25.2208
803	8	10	149	2	11	12	6	-4.86483	-3.97252	-5.61592	-7.18045
804	7	1	5	2	10	3	6	-32.9882	-29.3021	-30.3973	-28.7366
805	2	1	21	3	2	1	5	-2.92011	-2.4897	-4.36695	-4.49673
806	33	39	30	82	113	43	17	-9.77442	-6.44074	-6.11136	-8.64922
807	1	6	60	24	12	28	1	-29.677	-33.1066	-18.6432	-20.7428
808	1	6	60	24	12	28	1	-29.677	-33.1066	-18.6432	-20.7428
809	7	17	2	15	23	3	12	-6.88986	-10.1424	-10.2969	-9.61744
810	1	4	2	2	6	3	17	-4.62348	-2.45266	-4.53425	-5.77453
811	1	4	2	2	6	3	17	-4.62348	-2.45266	-4.53425	-5.77453
812	7	21	5	62	4	61	44	-7.31015	-3.83447	-5.61993	-8.05901
813	239	27	16	19	10	5	7	-9.95756	-6.47408	-9.13414	-11.4293
814	9	2	4	62	4	5	6	-3.70517	-5.18103	-5.72924	-6.31933
815	10	1	16	19	10	5	7	-6.18029	-2.75021	-4.16191	-5.36546
816	2	1	5	3	2	5	5	-5.54742	-2.83273	-4.06209	-5.72652
817	2	4	5	2	2	5	5	-3.66265	-6.89691	-6.7766	-5.68348
818	8	10	2	2	11	12	6	-3.94355	-7.15372	-7.34852	-6.67103
819	7	17	2	15	23	3	12	-6.88986	-10.1424	-10.2969	-9.61744
820	2	4	1	4	1	1	5	-15.9416	-17.9711	-16.0416	-14.6963
821	4	7	10	4	1	7	1	-1.82053	-3.77862	-2.62298	-1.93982
822	8	10	149	2	11	12	6	-4.86483	-3.97252	-5.61592	-7.18045
823	2	1	12	88	2	1	5	-3.93709	-3.43124	-5.69348	-5.32515
824	2	4	2	2	6	1	5	-6.07779	-4.83225	-5.90094	-7.94326
825	10	81	50	99	120	76	52	-6.70547	-6.38575	-5.25845	-5.20231
826	2	4	5	2	2	5	5	-3.66265	-6.89691	-6.7766	-5.68348
827	2	4	1	2	2	5	5	-6.80715	-6.40308	-8.75848	-9.36193
828	8	10	149	2	11	12	6	-4.86483	-3.97252	-5.61592	-7.18045
829	1	4	2	2	6	3	17	-4.62348	-2.45266	-4.53425	-5.77453
830	2	165	73	147	220	190	104	-8.81065	-11.0733	-7.07044	-5.27441
831	4	7	10	4	42	25	1	-8.751	-9.67321	-5.80928	-5.20818
832	7	2	2	2	11	12	6	-4.49016	-7.74201	-7.89671	-7.21722
833	1	6	60	24	12	28	1	-29.677	-33.1066	-18.6432	-20.7428
834	2	1	12	3	2	1	5	-2.61192	-2.11506	-3.58441	-4.77389
835	33	39	65	79	104	77	17	-5.27962	-8.53207	-8.6869	-8.00782
836	4	7	10	4	1	7	1	-1.82053	-3.77862	-2.62298	-1.93982
837	1	2	3	4	5	9	3	-4.62558	-2.48978	-3.57802	-5.09453
838	2	1	21	3	2	1	5	-2.92011	-2.4897	-4.36695	-4.49673
839	2	1	12	3	2	1	5	-2.61192	-2.11506	-3.58441	-4.77389
840	4	7	10	4	1	7	1	-1.82053	-3.77862	-2.62298	-1.93982
841	2	4	1	2	7	1	5	-2.29675	-5.54092	-5.6211	-4.79
842	184	39	30	82	113	43	17	-3.94215	-6.07875	-7.19611	-6.6638
843	4	7	10	4	1	7	1	-1.82053	-3.77862	-2.62298	-1.93982
844	2	4	1	2	2	1	5	-2.76791	-3.63854	-4.11496	-4.06971
845	4	7	10	4	1	7	1	-1.82053	-3.77862	-2.62298	-1.93982
846	2	1	12	88	2	1	5	-3.93709	-3.43124	-5.69348	-5.32515
847	2	1	21	3	2	1	5	-2.92011	-2.4897	-4.36695	-4.49673
848	1	2	3	4	5	9	3	-4.62558	-2.48978	-3.57802	-5.09453
849	4	7	10	4	1	7	1	-1.82053	-3.77862	-2.62298	-1.93982
850	2	1	21	3	2	1	5	-2.92011	-2.4897	-4.36695	-4.49673
851	8	10	2	2	11	12	6	-3.94355	-7.15372	-7.34852	-6.67103
852	2	4	1	2	2	1	5	-2.76791	-3.63854	-4.11496	-4.06971
853	2	4	1	2	2	1	5	-2.76791	-3.63854	-4.11496	-4.06971
854	2	4	2	2	6	1	5	-6.07779	-4.83225	-5.90094	-7.94326
855	2	4	1	2	2	1	5	-2.76791	-3.63854	-4.11496	-4.06971
856	2	4	1	2	2	1	5	-2.76791	-3.63854	-4.11496	-4.06971
857	2	4	1	2	2	1	5	-2.76791	-3.63854	-4.11496	-4.06971
858	1	2	3	4	5	9	3	-4.62558	-2.48978	-3.57802	-5.09453
859	2	4	1	2	2	1	5	-2.76791	-3.63854	-4.11496	-4.06971
860	2	4	1	2	2	1	5	-2.76791	-3.63854	-4.11496	-4.06971
861	8	10	2	2	11	12	6	-3.94355	-7.15372	-7.34852	-6.67103
862	2	1	5	3	2	3	5	-4.22232	-3.25543	-5.46692	-4.82481
863	33	39	30	82	104	173	68	-5.37243	-3.98187	-6.55079	-7.83213
864	2	4	1	2	7	1	5	-2.29675	-5.54092	-5.6211	-4.79
865	8	10	2	2	11	12	6	-3.94355	-7.15372	-7.34852	-6.67103
866	2	4	1	2	7	1	5	-2.29675	-5.54092	-5.6211	-4.79
867	1	2	3	4	5	9	3	-4.62558	-2.48978	-3.57802	-5.09453
868	1	2	215	4	90	24	8	-30.013	-31.4157	-21.1046	-21.9957
869	2	1	1	3	2	1	5	-4.60593	-3.7878	-6.29069	-7.16528
870	10	81	50	99	120	76	52	-6.70547	-6.38575	-5.25845	-5.20231
871	2	4	1	2	7	1	5	-2.29675	-5.54092	-5.6211	-4.79
872	2	1	12	3	2	1	5	-2.61192	-2.11506	-3.58441	-4.77389
873	2	4	1	2	2	1	5	-2.76791	-3.63854	-4.11496	-4.06971
874	2	4	1	2	2	1	5	-2.76791	-3.63854	-4.11496	-4.06971
875	2	4	1	2	2	1	5	-2.76791	-3.63854	-4.11496	-4.06971
876	2	1	5	3	2	3	5	-4.22232	-3.25543	-5.46692	-4.82481
877	2	4	1	2	2	1	5	-2.76791	-3.63854	-4.11496	-4.06971
878	4	7	10	4	1	7	1	-1.82053	-3.77862	-2.62298	-1.93982
879	2	4	1	2	7	1	5	-2.29675	-5.54092	-5.6211	-4.79
880	2	4	5	2	2	5	5	-3.66265	-6.89691	-6.7766	-5.68348
881	2	4	1	2	2	1	5	-2.76791	-3.63854	-4.11496	-4.06971
882	8	10	2	2	11	12	6	-3.94355	-7.15372	-7.34852	-6.67103
883	4	7	10	4	1	7	1	-1.82053	-3.77862	-2.62298	-1.93982
884	2	4	1	2	2	1	5	-2.76791	-3.63854	-4.11496	-4.06971
885	166	2	1	10	17	3	1	-34.8815	-37.1712	-31.3479	-29.8901
886	2	4	1	2	7	1	5	-2.29675	-5.54092	-5.6211	-4.79
887	2	4	1	2	2	1	5	-2.76791	-3.63854	-4.11496	-4.06971
888	4	7	10	4	1	7	1	-1.82053	-3.77862	-2.62298	-1.93982
889	4	7	10	4	1	7	1	-1.82053	-3.77862	-2.62298	-1.93982
890	2	4	1	2	7	1	5	-2.29675	-5.54092	-5.6211	-4.79
891	2	4	1	2	2	1	5	-2.76791	-3.63854	-4.11496	-4.06971
892	2	1	5	3	2	3	5	-4.22232	-3.25543	-5.46692	-4.82481
893	9	25	2	10	22	3	6	-4.46085	-7.66192	-6.05289	-4.36994
894	2	1	21	3	62	1	5	-5.78523	-9.02232	-9.18834	-8.50838
895	129	66	30	82	189	47	17	-3.23625	-4.86541	-5.52697	-4.1229
896	129	66	30	82	189	47	17	-3.23625	-4.86541	-5.52697	-4.1229
897	4	7	10	4	1	7	1	-1.82053	-3.77862	-2.62298	-1.93982
898	2	4	1	2	2	1	5	-2.76791	-3.63854	-4.11496	-4.06971
899	4	7	10	4	42	7	1	-6.60444	-9.03312	-5.60816	-4.6846
900	2	4	1	2	7	1	5	-2.29675	-5.54092	-5.6211	-4.79
901	1	307	3	4	5	9	3	-6.83883	-6.41485	-6.08581	-8.32236
902	2	1	21	3	2	1	5	-2.92011	-2.4897	-4.36695	-4.49673
903	4	7	10	4	1	7	1	-1.82053	-3.77862	-2.62298	-1.93982
904	2	1	21	3	2	1	5	-2.92011	-2.4897	-4.36695	-4.49673
905	2	4	1	2	2	5	5	-6.80715	-6.40308	-8.75848	-9.36193
906	2	4	1	2	7	1	5	-2.29675	-5.54092	-5.6211	-4.79
907	2	4	1	2	7	1	5	-2.29675	-5.54092	-5.6211	-4.79
908	2	4	1	2	7	1	5	-2.29675	-5.54092	-5.6211	-4.79
909	4	7	10	4	1	7	1	-1.82053	-3.77862	-2.62298	-1.93982
910	8	10	2	2	11	12	6	-3.94355	-7.15372	-7.34852	-6.67103
911	7	21	5	62	4	61	44	-7.31015	-3.83447	-5.61993	-8.05901
912	2	1	12	88	2	1	5	-3.93709	-3.43124	-5.69348	-5.32515
913	2	4	1	2	2	1	5	-2.76791	-3.63854	-4.11496	-4.06971
914	1	2	3	4	5	9	3	-4.62558	-2.48978	-3.57802	-5.09453
915	2	4	1	2	7	1	5	-2.29675	-5.54092	-5.6211	-4.79
916	2	4	1	2	2	1	5	-2.76791	-3.63854	-4.11496	-4.06971
917	2	4	1	2	2	1	5	-2.76791	-3.63854	-4.11496	-4.06971
918	2	4	1	2	7	1	5	-2.29675	-5.54092	-5.6211	-4.79
919	4	7	10	4	1	7	1	-1.82053	-3.77862	-2.62298	-1.93982
920	2	1	5	3	2	3	5	-4.22232	-3.25543	-5.46692	-4.82481
921	2	4	1	2	7	1	5	-2.29675	-5.54092	-5.6211	-4.79
922	2	4	1	2	2	1	5	-2.76791	-3.63854	-4.11496	-4.06971
923	8	10	2	2	11	12	6	-3.94355	-7.15372	-7.34852	-6.67103
924	2	1	12	3	2	1	5	-2.61192	-2.11506	-3.58441	-4.77389
925	48	7	10	4	183	7	1	-9.55136	-13.1235	-7.42636	-7.76301
926	7	21	5	62	4	61	44	-7.31015	-3.83447	-5.61993	-8.05901
927	4	7	10	4	1	7	1	-1.82053	-3.77862	-2.62298	-1.93982
928	9	25	2	10	22	3	6	-4.46085	-7.66192	-6.05289	-4.36994
929	2	4	1	2	2	1	5	-2.76791	-3.63854	-4.11496	-4.06971
930	2	4	1	2	7	1	5	-2.29675	-5.54092	-5.6211	-4.79
931	2	4	1	2	2	1	5	-2.76791	-3.63854	-4.11496	-4.06971
932	2	4	1	2	2	1	5	-2.76791	-3.63854	-4.11496	-4.06971
933	9	25	2	10	22	3	6	-4.46085	-7.66192	-6.05289	-4.36994
934	2	4	1	2	2	1	5	-2.76791	-3.63854	-4.11496	-4.06971
935	2	4	1	2	2	1	5	-2.76791	-3.63854	-4.11496	-4.06971
936	2	4	1	2	7	1	5	-2.29675	-5.54092	-5.6211	-4.79
937	2	4	1	2	7	1	5	-2.29675	-5.54092	-5.6211	-4.79
938	2	4	1	2	2	1	5	-2.76791	-3.63854	-4.11496	-4.06971
939	2	4	1	2	2	1	5	-2.76791	-3.63854	-4.11496	-4.06971
940	4	7	10	4	1	7	1	-1.82053	-3.77862	-2.62298	-1.93982
941	2	4	1	2	2	1	5	-2.76791	-3.63854	-4.11496	-4.06971
942	4	7	10	4	1	7	1	-1.82053	-3.77862	-2.62298	-1.93982
943	2	4	1	2	7	1	5	-2.29675	-5.54092	-5.6211	-4.79
944	2	4	1	2	2	1	5	-2.76791	-3.63854	-4.11496	-4.06971
945	4	7	10	4	1	7	1	-1.82053	-3.77862	-2.62298	-1.93982
946	9	25	2	10	22	3	6	-4.46085	-7.66192	-6.05289	-4.36994
947	10	81	50	99	120	76	52	-6.70547	-6.38575	-5.25845	-5.20231
948	2	1	21	3	2	1	5	-2.92011	-2.4897	-4.36695	-4.49673
949	4	7	10	4	1	7	1	-1.82053	-3.77862	-2.62298	-1.93982
950	2	4	1	2	7	1	5	-2.29675	-5.54092	-5.6211	-4.79
951	4	7	10	4	1	7	1	-1.82053	-3.77862	-2.62298	-1.93982
952	4	7	10	4	1	7	1	-1.82053	-3.77862	-2.62298	-1.93982
953	8	315	2	2	11	12	6	-7.85442	-11.872	-9.77677	-9.6125
954	8	10	2	2	11	12	6	-3.94355	-7.15372	-7.34852	-6.67103
955	2	4	1	2	2	1	5	-2.76791	-3.63854	-4.11496	-4.06971
956	4	7	10	4	1	7	1	-1.82053	-3.77862	-2.62298	-1.93982
957	2	4	1	2	2	1	5	-2.76791	-3.63854	-4.11496	-4.06971
958	2	4	1	2	2	1	5	-2.76791	-3.63854	-4.11496	-4.06971
959	2	4	1	2	2	1	5	-2.76791	-3.63854	-4.11496	-4.06971
960	2	4	1	2	7	1	5	-2.29675	-5.54092	-5.6211	-4.79
961	2	4	1	2	2	1	5	-2.76791	-3.63854	-4.11496	-4.06971
962	2	4	1	2	2	1	5	-2.76791	-3.63854	-4.11496	-4.06971
963	2	1	21	3	2	1	5	-2.92011	-2.4897	-4.36695	-4.49673
964	2	4	1	2	2	1	5	-2.76791	-3.63854	-4.11496	-4.06971
965	1	4	2	2	2	3	17	-11.3589	-7.72718	-10.7559	-12.2725
966	2	4	1	2	2	1	5	-2.76791	-3.63854	-4.11496	-4.06971
967	2	4	1	2	2	1	5	-2.76791	-3.63854	-4.11496	-4.06971
968	7	21	5	62	4	61	44	-7.31015	-3.83447	-5.61993	-8.05901
969	2	4	1	2	2	1	5	-2.76791	-3.63854	-4.11496	-4.06971
970	4	7	10	4	1	7	1	-1.82053	-3.77862	-2.62298	-1.93982
971	2	4	1	2	2	1	5	-2.76791	-3.63854	-4.11496	-4.06971
972	10	1	16	19	10	5	7	-6.18029	-2.75021	-4.16191	-5.36546
973	8	10	2	2	11	12	6	-3.94355	-7.15372	-7.34852	-6.67103
974	4	7	10	4	1	7	1	-1.82053	-3.77862	-2.62298	-1.93982
975	2	4	2	2	6	1	5	-6.07779	-4.83225	-5.90094	-7.94326
976	2	4	1	2	2	1	5	-2.76791	-3.63854	-4.11496	-4.06971
977	2	4	1	2	2	1	5	-2.76791	-3.63854	-4.11496	-4.06971
978	2	1	12	3	2	1	5	-2.61192	-2.11506	-3.58441	-4.77389
979	2	1	21	3	2	1	5	-2.92011	-2.4897	-4.36695	-4.49673
980	1	4	2	2	6	3	17	-4.62348	-2.45266	-4.53425	-5.77453
981	9	2	4	62	4	5	6	-3.70517	-5.18103	-5.72924	-6.31933
982	9	2	4	62	4	5	6	-3.70517	-5.18103	-5.72924	-6.31933
983	2	4	1	2	2	1	5	-2.76791	-3.63854	-4.11496	-4.06971
984	9	25	2	10	22	3	6	-4.46085	-7.66192	-6.05289	-4.36994
985	2	1	12	3	2	1	5	-2.61192	-2.11506	-3.58441	-4.77389
986	2	4	1	2	2	1	5	-2.76791	-3.63854	-4.11496	-4.06971
987	2	4	1	2	2	1	5	-2.76791	-3.63854	-4.11496	-4.06971
988	2	4	1	2	2	1	5	-2.76791	-3.63854	-4.11496	-4.06971
989	1	4	2	2	6	3	17	-4.62348	-2.45266	-4.53425	-5.77453
990	1	4	2	2	6	3	17	-4.62348	-2.45266	-4.53425	-5.77453
991	9	25	2	10	22	3	6	-4.46085	-7.66192	-6.05289	-4.36994
992	1	4	2	2	6	3	17	-4.62348	-2.45266	-4.53425	-5.77453
993	2	4	1	2	2	1	5	-2.76791	-3.63854	-4.11496	-4.06971
994	2	4	1	2	2	1	5	-2.76791	-3.63854	-4.11496	-4.06971
995	8	10	2	2	11	12	6	-3.94355	-7.15372	-7.34852	-6.67103
996	2	4	1	2	2	1	5	-2.76791	-3.63854	-4.11496	-4.06971
997	2	1	5	3	2	5	5	-5.54742	-2.83273	-4.06209	-5.72652
998	8	10	2	2	11	12	6	-3.94355	-7.15372	-7.34852	-6.67103
999	2	4	1	2	2	1	5	-2.76791	-3.63854	-4.11496	-4.06971
1000	2	4	1	2	2	1	5	-2.76791	-3.63854	-4.11496	-4.06971
1001	2	1	21	3	2	1	5	-2.92011	-2.4897	-4.36695	-4.49673
1002	1	2	4	62	4	5	17	-6.08601	-4.8505	-7.40119	-8.57707
1003	2	1	12	3	2	1	5	-2.61192	-2.11506	-3.58441	-4.77389
1004	2	4	1	2	7	1	5	-2.29675	-5.54092	-5.6211	-4.79
1005	1	307	3	4	5	9	3	-6.83883	-6.41485	-6.08581	-8.32236
1006	2	4	2	4	19	3	6	-5.78739	-9.03513	-9.19057	-8.50641
1007	2	4	1	2	2	1	5	-2.76791	-3.63854	-4.11496	-4.06971
1008	1	4	2	2	6	3	17	-4.62348	-2.45266	-4.53425	-5.77453
1009	9	25	2	10	22	3	6	-4.46085	-7.66192	-6.05289	-4.36994
1010	4	7	10	4	1	7	1	-1.82053	-3.77862	-2.62298	-1.93982
1011	2	4	1	2	2	1	5	-2.76791	-3.63854	-4.11496	-4.06971
1012	10	1	16	19	10	5	7	-6.18029	-2.75021	-4.16191	-5.36546
1013	2	1	21	3	2	1	5	-2.92011	-2.4897	-4.36695	-4.49673
1014	4	7	10	4	1	7	1	-1.82053	-3.77862	-2.62298	-1.93982
1015	2	4	1	2	2	1	5	-2.76791	-3.63854	-4.11496	-4.06971
1016	1	2	3	4	5	9	3	-4.62558	-2.48978	-3.57802	-5.09453
1017	9	316	4	62	4	5	6	-6.84387	-6.45033	-8.86124	-9.4631
1018	9	25	2	10	22	3	6	-4.46085	-7.66192	-6.05289	-4.36994
1019	1	307	3	4	5	9	3	-6.83883	-6.41485	-6.08581	-8.32236
1020	2	4	1	2	2	1	5	-2.76791	-3.63854	-4.11496	-4.06971
1021	9	25	2	10	22	3	6	-4.46085	-7.66192	-6.05289	-4.36994
1022	2	4	1	2	2	1	5	-2.76791	-3.63854	-4.11496	-4.06971
1023	2	1	12	3	2	1	5	-2.61192	-2.11506	-3.58441	-4.77389
1024	2	1	5	3	2	5	5	-5.54742	-2.83273	-4.06209	-5.72652
1025	2	4	1	2	2	1	5	-2.76791	-3.63854	-4.11496	-4.06971
1026	2	1	12	3	2	1	5	-2.61192	-2.11506	-3.58441	-4.77389
1027	2	1	12	3	2	1	5	-2.61192	-2.11506	-3.58441	-4.77389
1028	10	1	16	19	10	5	7	-6.18029	-2.75021	-4.16191	-5.36546
1029	4	7	10	4	1	7	1	-1.82053	-3.77862	-2.62298	-1.93982
1030	2	4	1	2	2	1	5	-2.76791	-3.63854	-4.11496	-4.06971
1031	2	1	12	88	2	1	5	-3.93709	-3.43124	-5.69348	-5.32515
1032	2	1	21	3	2	1	5	-2.92011	-2.4897	-4.36695	-4.49673
1033	1	2	3	4	5	9	3	-4.62558	-2.48978	-3.57802	-5.09453
1034	8	10	2	2	11	12	6	-3.94355	-7.15372	-7.34852	-6.67103
1035	2	1	12	88	2	1	5	-3.93709	-3.43124	-5.69348	-5.32515
1036	33	39	30	82	104	173	68	-5.37243	-3.98187	-6.55079	-7.83213
1037	1	2	3	4	5	9	3	-4.62558	-2.48978	-3.57802	-5.09453
1038	9	25	2	10	22	3	6	-4.46085	-7.66192	-6.05289	-4.36994
1039	2	4	1	2	2	1	5	-2.76791	-3.63854	-4.11496	-4.06971
1040	8	10	2	2	11	12	6	-3.94355	-7.15372	-7.34852	-6.67103
1041	1	2	4	62	4	5	17	-6.08601	-4.8505	-7.40119	-8.57707
1042	10	1	16	19	10	5	7	-6.18029	-2.75021	-4.16191	-5.36546
1043	33	39	30	82	104	173	68	-5.37243	-3.98187	-6.55079	-7.83213
1044	2	4	1	2	2	1	5	-2.76791	-3.63854	-4.11496	-4.06971
1045	8	10	2	2	11	12	6	-3.94355	-7.15372	-7.34852	-6.67103
1046	2	1	5	3	2	5	5	-5.54742	-2.83273	-4.06209	-5.72652
1047	47	2	4	2	6	5	17	-12.1411	-9.9539	-6.1583	-8.7116
1048	1	2	3	4	5	9	3	-4.62558	-2.48978	-3.57802	-5.09453
1049	4	7	10	4	1	7	1	-1.82053	-3.77862	-2.62298	-1.93982
1050	2	1	5	3	2	3	5	-4.22232	-3.25543	-5.46692	-4.82481
1051	2	4	2	2	6	1	5	-6.07779	-4.83225	-5.90094	-7.94326
1052	2	4	1	2	2	1	5	-2.76791	-3.63854	-4.11496	-4.06971
1053	8	10	149	2	11	12	6	-4.86483	-3.97252	-5.61592	-7.18045
1054	9	25	2	10	22	3	6	-4.46085	-7.66192	-6.05289	-4.36994
1055	2	4	1	2	2	1	5	-2.76791	-3.63854	-4.11496	-4.06971
1056	1	2	3	4	5	9	3	-4.62558	-2.48978	-3.57802	-5.09453
1057	2	1	12	3	2	1	5	-2.61192	-2.11506	-3.58441	-4.77389
1058	4	7	10	4	42	51	1	-2.91947	-4.61993	-4.88093	-3.77774
1059	2	4	1	2	2	1	5	-2.76791	-3.63854	-4.11496	-4.06971
1060	2	1	1	3	2	1	5	-4.60593	-3.7878	-6.29069	-7.16528
1061	2	4	1	2	7	1	5	-2.29675	-5.54092	-5.6211	-4.79
1062	8	10	2	2	11	12	6	-3.94355	-7.15372	-7.34852	-6.67103
1063	2	4	1	2	2	1	5	-2.76791	-3.63854	-4.11496	-4.06971
1064	9	2	4	62	4	5	6	-3.70517	-5.18103	-5.72924	-6.31933
1065	2	4	1	2	2	1	5	-2.76791	-3.63854	-4.11496	-4.06971
1066	4	7	10	4	1	7	1	-1.82053	-3.77862	-2.62298	-1.93982
1067	8	10	2	2	11	12	6	-3.94355	-7.15372	-7.34852	-6.67103
1068	2	4	2	2	6	1	5	-6.07779	-4.83225	-5.90094	-7.94326
1069	2	4	2	2	6	1	5	-6.07779	-4.83225	-5.90094	-7.94326
1070	2	4	2	2	6	1	5	-6.07779	-4.83225	-5.90094	-7.94326
1071	2	4	2	2	6	1	5	-6.07779	-4.83225	-5.90094	-7.94326
1072	2	4	1	2	2	1	5	-2.76791	-3.63854	-4.11496	-4.06971
1073	2	4	1	2	2	1	5	-2.76791	-3.63854	-4.11496	-4.06971
1074	2	1	12	3	2	1	5	-2.61192	-2.11506	-3.58441	-4.77389
1075	2	4	1	2	7	1	5	-2.29675	-5.54092	-5.6211	-4.79
1076	4	7	10	4	42	51	1	-2.91947	-4.61993	-4.88093	-3.77774
1077	2	4	1	2	2	1	5	-2.76791	-3.63854	-4.11496	-4.06971
1078	8	10	2	2	11	12	6	-3.94355	-7.15372	-7.34852	-6.67103
1079	1	2	3	4	5	9	3	-4.62558	-2.48978	-3.57802	-5.09453
1080	1	2	3	4	5	9	3	-4.62558	-2.48978	-3.57802	-5.09453
1081	10	1	16	19	10	5	7	-6.18029	-2.75021	-4.16191	-5.36546
1082	8	10	2	2	11	12	6	-3.94355	-7.15372	-7.34852	-6.67103
1083	4	7	10	4	1	7	1	-1.82053	-3.77862	-2.62298	-1.93982
1084	2	4	1	2	2	1	5	-2.76791	-3.63854	-4.11496	-4.06971
1085	2	4	1	2	7	1	5	-2.29675	-5.54092	-5.6211	-4.79
1086	2	1	21	3	2	1	5	-2.92011	-2.4897	-4.36695	-4.49673
1087	2	1	12	3	2	1	5	-2.61192	-2.11506	-3.58441	-4.77389
1088	2	4	2	4	19	3	6	-5.78739	-9.03513	-9.19057	-8.50641
1089	8	10	149	2	11	12	6	-4.86483	-3.97252	-5.61592	-7.18045
1090	8	10	2	2	11	12	6	-3.94355	-7.15372	-7.34852	-6.67103
1091	2	1	12	3	2	1	5	-2.61192	-2.11506	-3.58441	-4.77389
1092	2	1	12	3	2	1	5	-2.61192	-2.11506	-3.58441	-4.77389
1093	2	1	5	3	2	3	5	-4.22232	-3.25543	-5.46692	-4.82481
1094	184	39	30	82	113	43	17	-3.94215	-6.07875	-7.19611	-6.6638
1095	2	1	12	3	2	1	5	-2.61192	-2.11506	-3.58441	-4.77389
1096	2	4	1	2	2	1	5	-2.76791	-3.63854	-4.11496	-4.06971
1097	4	7	10	4	1	7	1	-1.82053	-3.77862	-2.62298	-1.93982
1098	8	10	2	2	11	12	6	-3.94355	-7.15372	-7.34852	-6.67103
1099	4	7	10	4	1	7	1	-1.82053	-3.77862	-2.62298	-1.93982
1100	4	7	10	4	42	51	1	-2.91947	-4.61993	-4.88093	-3.77774
1101	9	25	2	10	22	3	6	-4.46085	-7.66192	-6.05289	-4.36994
1102	9	2	4	62	4	5	6	-3.70517	-5.18103	-5.72924	-6.31933
1103	4	7	10	4	1	7	1	-1.82053	-3.77862	-2.62298	-1.93982
1104	2	4	1	2	7	1	5	-2.29675	-5.54092	-5.6211	-4.79
1105	4	7	10	4	1	7	1	-1.82053	-3.77862	-2.62298	-1.93982
1106	8	10	2	2	11	12	6	-3.94355	-7.15372	-7.34852	-6.67103
1107	2	4	1	2	2	1	5	-2.76791	-3.63854	-4.11496	-4.06971
1108	4	7	10	4	42	51	1	-2.91947	-4.61993	-4.88093	-3.77774
1109	1	2	3	4	5	9	3	-4.62558	-2.48978	-3.57802	-5.09453
1110	2	1	12	3	2	1	5	-2.61192	-2.11506	-3.58441	-4.77389
1111	2	4	1	2	2	1	5	-2.76791	-3.63854	-4.11496	-4.06971
1112	10	81	50	99	120	76	52	-6.70547	-6.38575	-5.25845	-5.20231
1113	2	4	1	2	2	1	5	-2.76791	-3.63854	-4.11496	-4.06971
1114	4	7	10	4	42	51	1	-2.91947	-4.61993	-4.88093	-3.77774
1115	4	7	10	4	42	51	1	-2.91947	-4.61993	-4.88093	-3.77774
1116	4	7	10	4	1	7	1	-1.82053	-3.77862	-2.62298	-1.93982
1117	3	1	5	10	11	11	6	-9.95613	-6.4713	-9.13082	-11.4257
1118	10	81	50	99	120	76	52	-6.70547	-6.38575	-5.25845	-5.20231
1119	2	4	1	2	2	1	5	-2.76791	-3.63854	-4.11496	-4.06971
1120	4	7	10	4	1	7	1	-1.82053	-3.77862	-2.62298	-1.93982
1121	4	7	10	4	1	7	1	-1.82053	-3.77862	-2.62298	-1.93982
1122	4	7	10	4	42	51	1	-2.91947	-4.61993	-4.88093	-3.77774
1123	2	1	12	3	2	1	5	-2.61192	-2.11506	-3.58441	-4.77389
1124	2	4	1	2	2	1	5	-2.76791	-3.63854	-4.11496	-4.06971
1125	2	1	1	3	2	1	5	-4.60593	-3.7878	-6.29069	-7.16528
1126	2	4	1	2	2	1	5	-2.76791	-3.63854	-4.11496	-4.06971
1127	2	4	1	2	2	1	5	-2.76791	-3.63854	-4.11496	-4.06971
1128	2	4	1	2	2	1	5	-2.76791	-3.63854	-4.11496	-4.06971
1129	2	4	1	2	2	1	5	-2.76791	-3.63854	-4.11496	-4.06971
1130	1	2	3	4	5	9	3	-4.62558	-2.48978	-3.57802	-5.09453
1131	8	10	2	2	11	12	6	-3.94355	-7.15372	-7.34852	-6.67103
1132	2	1	21	3	2	1	5	-2.92011	-2.4897	-4.36695	-4.49673
1133	2	4	1	2	2	1	5	-2.76791	-3.63854	-4.11496	-4.06971
1134	2	1	21	3	2	1	5	-2.92011	-2.4897	-4.36695	-4.49673
1135	2	1	21	3	2	1	5	-2.92011	-2.4897	-4.36695	-4.49673
1136	2	4	1	2	2	1	5	-2.76791	-3.63854	-4.11496	-4.06971
1137	1	2	3	4	5	9	3	-4.62558	-2.48978	-3.57802	-5.09453
1138	10	1	16	19	10	5	7	-6.18029	-2.75021	-4.16191	-5.36546
1139	2	1	12	3	2	1	5	-2.61192	-2.11506	-3.58441	-4.77389
1140	7	21	5	62	4	61	44	-7.31015	-3.83447	-5.61993	-8.05901
1141	2	4	1	2	2	1	5	-2.76791	-3.63854	-4.11496	-4.06971
1142	2	1	12	3	2	1	5	-2.61192	-2.11506	-3.58441	-4.77389
1143	2	4	1	2	7	1	5	-2.29675	-5.54092	-5.6211	-4.79
1144	2	1	5	3	2	3	5	-4.22232	-3.25543	-5.46692	-4.82481
1145	2	1	21	3	2	1	5	-2.92011	-2.4897	-4.36695	-4.49673
1146	2	1	21	3	2	1	5	-2.92011	-2.4897	-4.36695	-4.49673
1147	2	1	21	3	2	1	5	-2.92011	-2.4897	-4.36695	-4.49673
1148	2	1	21	3	2	1	5	-2.92011	-2.4897	-4.36695	-4.49673
1149	2	1	12	3	2	1	5	-2.61192	-2.11506	-3.58441	-4.77389
1150	8	10	2	2	11	12	6	-3.94355	-7.15372	-7.34852	-6.67103
1151	129	66	30	82	189	47	17	-3.23625	-4.86541	-5.52697	-4.1229
1152	1	307	3	4	5	9	3	-6.83883	-6.41485	-6.08581	-8.32236
1153	8	10	2	2	11	12	6	-3.94355	-7.15372	-7.34852	-6.67103
1154	2	4	2	2	6	1	5	-6.07779	-4.83225	-5.90094	-7.94326
1155	1	4	2	2	6	3	17	-4.62348	-2.45266	-4.53425	-5.77453
1156	2	4	1	2	2	1	5	-2.76791	-3.63854	-4.11496	-4.06971
1157	8	10	2	2	11	12	6	-3.94355	-7.15372	-7.34852	-6.67103
1158	2	4	2	2	6	1	5	-6.07779	-4.83225	-5.90094	-7.94326
1159	2	1	21	3	2	1	5	-2.92011	-2.4897	-4.36695	-4.49673
1160	2	4	5	2	2	5	5	-3.66265	-6.89691	-6.7766	-5.68348
1161	7	21	5	62	4	61	44	-7.31015	-3.83447	-5.61993	-8.05901
1162	2	1	12	3	2	1	5	-2.61192	-2.11506	-3.58441	-4.77389
1163	10	27	16	19	10	5	7	-20.4236	-12.8637	-16.2051	-18.4175
1164	33	283	44	82	189	44	17	-6.90457	-3.47568	-5.39236	-6.17443
1165	9	25	2	10	22	3	6	-4.46085	-7.66192	-6.05289	-4.36994
1166	7	21	5	62	4	61	44	-7.31015	-3.83447	-5.61993	-8.05901
1167	2	1	5	3	2	3	5	-4.22232	-3.25543	-5.46692	-4.82481
1168	2	1	5	3	2	3	5	-4.22232	-3.25543	-5.46692	-4.82481
1169	9	25	2	10	22	3	6	-4.46085	-7.66192	-6.05289	-4.36994
1170	2	1	5	3	2	3	5	-4.22232	-3.25543	-5.46692	-4.82481
1171	2	4	1	2	2	1	5	-2.76791	-3.63854	-4.11496	-4.06971
1172	129	66	30	82	189	47	17	-3.23625	-4.86541	-5.52697	-4.1229
1173	2	4	1	2	2	1	5	-2.76791	-3.63854	-4.11496	-4.06971
1174	2	1	5	3	2	3	5	-4.22232	-3.25543	-5.46692	-4.82481
1175	2	1	12	3	2	1	5	-2.61192	-2.11506	-3.58441	-4.77389
1176	2	4	1	2	2	1	5	-2.76791	-3.63854	-4.11496	-4.06971
1177	1	4	2	2	6	3	17	-4.62348	-2.45266	-4.53425	-5.77453
1178	2	1	12	3	2	1	5	-2.61192	-2.11506	-3.58441	-4.77389
1179	1	4	2	2	446	3	17	-8.52472	-7.13686	-6.9429	-8.70928
1180	2	1	5	88	2	11	5	-8.81667	-5.34776	-6.00849	-8.52407
1181	2	4	2	2	6	1	5	-6.07779	-4.83225	-5.90094	-7.94326
1182	9	25	2	10	22	3	6	-4.46085	-7.66192	-6.05289	-4.36994
1183	2	1	5	3	2	3	5	-4.22232	-3.25543	-5.46692	-4.82481
1184	7	21	5	62	4	61	44	-7.31015	-3.83447	-5.61993	-8.05901
1185	1	2	3	4	5	9	3	-4.62558	-2.48978	-3.57802	-5.09453
1186	2	4	1	2	2	1	5	-2.76791	-3.63854	-4.11496	-4.06971
1187	7	21	5	62	4	61	44	-7.31015	-3.83447	-5.61993	-8.05901
1188	33	39	30	82	104	173	68	-5.37243	-3.98187	-6.55079	-7.83213
1189	1	4	2	2	6	3	17	-4.62348	-2.45266	-4.53425	-5.77453
1190	2	1	21	3	2	1	5	-2.92011	-2.4897	-4.36695	-4.49673
1191	4	7	10	4	1	7	1	-1.82053	-3.77862	-2.62298	-1.93982
1192	2	1	5	3	2	5	5	-5.54742	-2.83273	-4.06209	-5.72652
1193	1	4	2	2	6	3	17	-4.62348	-2.45266	-4.53425	-5.77453
1194	2	4	1	2	2	1	5	-2.76791	-3.63854	-4.11496	-4.06971
1195	2	4	1	2	2	1	5	-2.76791	-3.63854	-4.11496	-4.06971
1196	2	1	12	3	2	1	5	-2.61192	-2.11506	-3.58441	-4.77389
1197	2	1	6	3	2	3	5	-7.14578	-7.93832	-7.60971	-7.2785
1198	4	7	10	4	1	7	1	-1.82053	-3.77862	-2.62298	-1.93982
1199	2	4	1	2	7	1	5	-2.29675	-5.54092	-5.6211	-4.79
1200	2	1	1	3	2	1	5	-4.60593	-3.7878	-6.29069	-7.16528
1201	2	4	1	2	2	1	5	-2.76791	-3.63854	-4.11496	-4.06971
1202	7	2	5	2	10	3	6	-31.9923	-27.4377	-28.9336	-28.2747
1203	2	1	21	3	2	1	5	-2.92011	-2.4897	-4.36695	-4.49673
1204	2	4	1	2	7	1	5	-2.29675	-5.54092	-5.6211	-4.79
1205	4	7	10	4	1	7	1	-1.82053	-3.77862	-2.62298	-1.93982
1206	2	4	1	2	7	1	5	-2.29675	-5.54092	-5.6211	-4.79
1207	2	4	1	2	2	1	5	-2.76791	-3.63854	-4.11496	-4.06971
1208	1	4	2	2	6	3	17	-4.62348	-2.45266	-4.53425	-5.77453
1209	2	4	1	2	2	1	5	-2.76791	-3.63854	-4.11496	-4.06971
1210	2	4	1	2	2	1	5	-2.76791	-3.63854	-4.11496	-4.06971
1211	74	10	2	2	11	12	6	-7.85443	-11.872	-9.77685	-9.61301
1212	1	2	3	4	5	9	3	-4.62558	-2.48978	-3.57802	-5.09453
1213	2	1	5	3	2	3	5	-4.22232	-3.25543	-5.46692	-4.82481
1214	4	7	10	4	1	7	1	-1.82053	-3.77862	-2.62298	-1.93982
1215	2	4	2	2	6	1	5	-6.07779	-4.83225	-5.90094	-7.94326
1216	2	1	12	3	2	1	5	-2.61192	-2.11506	-3.58441	-4.77389
1217	2	1	21	3	2	1	5	-2.92011	-2.4897	-4.36695	-4.49673
1218	2	4	1	2	2	1	5	-2.76791	-3.63854	-4.11496	-4.06971
1219	2	1	21	3	2	1	5	-2.92011	-2.4897	-4.36695	-4.49673
1220	4	7	10	4	1	7	1	-1.82053	-3.77862	-2.62298	-1.93982
1221	2	1	21	3	2	1	5	-2.92011	-2.4897	-4.36695	-4.49673
1222	2	4	1	2	2	1	5	-2.76791	-3.63854	-4.11496	-4.06971
1223	4	7	10	4	1	7	1	-1.82053	-3.77862	-2.62298	-1.93982
1224	2	4	1	2	2	1	5	-2.76791	-3.63854	-4.11496	-4.06971
1225	4	7	10	4	1	7	1	-1.82053	-3.77862	-2.62298	-1.93982
1226	4	7	10	4	42	51	1	-2.91947	-4.61993	-4.88093	-3.77774
1227	4	7	10	4	42	7	1	-6.60444	-9.03312	-5.60816	-4.6846
1228	2	4	1	2	2	1	5	-2.76791	-3.63854	-4.11496	-4.06971
1229	2	1	5	3	2	3	5	-4.22232	-3.25543	-5.46692	-4.82481
1230	10	81	50	99	120	76	52	-6.70547	-6.38575	-5.25845	-5.20231
1231	2	4	1	2	7	1	5	-2.29675	-5.54092	-5.6211	-4.79
1232	2	4	1	2	7	1	5	-2.29675	-5.54092	-5.6211	-4.79
1233	4	7	10	4	1	7	1	-1.82053	-3.77862	-2.62298	-1.93982
1234	1	4	2	2	6	3	17	-4.62348	-2.45266	-4.53425	-5.77453
1235	4	7	10	4	1	7	1	-1.82053	-3.77862	-2.62298	-1.93982
1236	2	4	1	2	2	1	5	-2.76791	-3.63854	-4.11496	-4.06971
1237	4	7	10	4	1	7	1	-1.82053	-3.77862	-2.62298	-1.93982
1238	4	7	10	4	42	51	1	-2.91947	-4.61993	-4.88093	-3.77774
1239	1	307	3	4	5	9	3	-6.83883	-6.41485	-6.08581	-8.32236
1240	2	4	2	2	6	1	5	-6.07779	-4.83225	-5.90094	-7.94326
1241	8	10	149	2	11	12	6	-4.86483	-3.97252	-5.61592	-7.18045
1242	2	1	12	3	2	1	5	-2.61192	-2.11506	-3.58441	-4.77389
1243	2	4	1	2	2	1	5	-2.76791	-3.63854	-4.11496	-4.06971
1244	2	4	1	2	2	1	5	-2.76791	-3.63854	-4.11496	-4.06971
1245	2	4	1	2	2	1	5	-2.76791	-3.63854	-4.11496	-4.06971
1246	4	7	10	4	42	51	1	-2.91947	-4.61993	-4.88093	-3.77774
1247	2	4	1	2	2	1	5	-2.76791	-3.63854	-4.11496	-4.06971
1248	2	4	1	2	2	1	5	-2.76791	-3.63854	-4.11496	-4.06971
1249	2	1	12	88	2	1	5	-3.93709	-3.43124	-5.69348	-5.32515
1250	1	4	2	2	6	3	17	-4.62348	-2.45266	-4.53425	-5.77453
1251	9	2	4	62	4	5	6	-3.70517	-5.18103	-5.72924	-6.31933
1252	2	4	1	2	7	1	5	-2.29675	-5.54092	-5.6211	-4.79
1253	2	4	5	2	2	5	5	-3.66265	-6.89691	-6.7766	-5.68348
1254	2	1	21	3	2	1	5	-2.92011	-2.4897	-4.36695	-4.49673
1255	1	4	2	2	6	3	17	-4.62348	-2.45266	-4.53425	-5.77453
1256	2	1	21	3	2	1	5	-2.92011	-2.4897	-4.36695	-4.49673
1257	2	4	1	2	2	5	5	-6.80715	-6.40308	-8.75848	-9.36193
1258	2	1	12	3	2	1	5	-2.61192	-2.11506	-3.58441	-4.77389
1259	2	4	2	2	6	1	5	-6.07779	-4.83225	-5.90094	-7.94326
1260	2	4	1	2	2	1	5	-2.76791	-3.63854	-4.11496	-4.06971
1261	2	4	1	2	2	1	5	-2.76791	-3.63854	-4.11496	-4.06971
1262	1	307	3	4	5	9	3	-6.83883	-6.41485	-6.08581	-8.32236
1263	9	25	2	10	22	3	6	-4.46085	-7.66192	-6.05289	-4.36994
1264	2	1	1	380	2	1	5	-6.14443	-5.73547	-8.15953	-8.76188
1265	2	4	1	2	2	1	5	-2.76791	-3.63854	-4.11496	-4.06971
1266	2	4	1	2	2	1	5	-2.76791	-3.63854	-4.11496	-4.06971
1267	2	1	12	3	2	1	5	-2.61192	-2.11506	-3.58441	-4.77389
1268	1	2	3	4	5	9	3	-4.62558	-2.48978	-3.57802	-5.09453
1269	2	4	1	2	2	1	5	-2.76791	-3.63854	-4.11496	-4.06971
1270	2	4	1	2	2	1	5	-2.76791	-3.63854	-4.11496	-4.06971
1271	2	4	1	2	2	1	5	-2.76791	-3.63854	-4.11496	-4.06971
1272	1	2	3	4	5	9	3	-4.62558	-2.48978	-3.57802	-5.09453
1273	9	2	2	212	309	253	147	-26.7487	-29.583	-21.7806	-22.8869
1274	2	1	21	3	2	1	5	-2.92011	-2.4897	-4.36695	-4.49673
1275	47	2	4	2	6	5	17	-12.1411	-9.9539	-6.1583	-8.7116
1276	1	2	3	4	5	9	3	-4.62558	-2.48978	-3.57802	-5.09453
1277	2	4	1	2	2	1	5	-2.76791	-3.63854	-4.11496	-4.06971
1278	2	4	1	2	2	1	5	-2.76791	-3.63854	-4.11496	-4.06971
1279	9	2	4	62	4	5	6	-3.70517	-5.18103	-5.72924	-6.31933
1280	2	1	12	3	2	1	5	-2.61192	-2.11506	-3.58441	-4.77389
1281	2	4	1	2	2	1	5	-2.76791	-3.63854	-4.11496	-4.06971
1282	2	4	1	2	7	1	5	-2.29675	-5.54092	-5.6211	-4.79
1283	7	17	2	15	23	3	12	-6.88986	-10.1424	-10.2969	-9.61744
1284	2	1	1	3	2	1	5	-4.60593	-3.7878	-6.29069	-7.16528
1285	2	1	12	3	2	1	5	-2.61192	-2.11506	-3.58441	-4.77389
1286	2	4	1	2	2	1	5	-2.76791	-3.63854	-4.11496	-4.06971
1287	2	1	5	3	2	3	5	-4.22232	-3.25543	-5.46692	-4.82481
1288	2	4	1	2	2	1	5	-2.76791	-3.63854	-4.11496	-4.06971
1289	2	4	1	2	2	1	5	-2.76791	-3.63854	-4.11496	-4.06971
1290	1	4	2	2	6	3	17	-4.62348	-2.45266	-4.53425	-5.77453
1291	2	1	2	3	2	3	5	-3.74813	-6.91224	-7.14766	-6.46662
1292	2	1	5	3	2	3	5	-4.22232	-3.25543	-5.46692	-4.82481
1293	1	2	3	3	5	9	3	-11.8577	-7.99636	-10.0881	-12.1296
1294	4	7	10	4	42	51	1	-2.91947	-4.61993	-4.88093	-3.77774
1295	1	4	2	2	6	3	17	-4.62348	-2.45266	-4.53425	-5.77453
1296	2	1	5	3	2	3	5	-4.22232	-3.25543	-5.46692	-4.82481
1297	4	7	10	4	1	7	1	-1.82053	-3.77862	-2.62298	-1.93982
1298	2	4	1	2	2	1	5	-2.76791	-3.63854	-4.11496	-4.06971
1299	4	7	10	4	1	7	1	-1.82053	-3.77862	-2.62298	-1.93982
1300	2	1	21	3	2	1	5	-2.92011	-2.4897	-4.36695	-4.49673
1301	2	4	1	2	2	1	5	-2.76791	-3.63854	-4.11496	-4.06971
1302	4	7	10	4	1	7	1	-1.82053	-3.77862	-2.62298	-1.93982
1303	2	4	1	2	2	1	5	-2.76791	-3.63854	-4.11496	-4.06971
1304	2	1	5	3	2	5	5	-5.54742	-2.83273	-4.06209	-5.72652
1305	2	4	1	2	2	1	5	-2.76791	-3.63854	-4.11496	-4.06971
1306	2	1	21	3	2	1	5	-2.92011	-2.4897	-4.36695	-4.49673
1307	2	1	5	3	2	5	5	-5.54742	-2.83273	-4.06209	-5.72652
1308	1	4	2	2	6	3	17	-4.62348	-2.45266	-4.53425	-5.77453
1309	1	4	2	2	6	3	17	-4.62348	-2.45266	-4.53425	-5.77453
1310	2	1	5	3	2	3	5	-4.22232	-3.25543	-5.46692	-4.82481
1311	1	4	2	2	6	3	17	-4.62348	-2.45266	-4.53425	-5.77453
1312	2	4	1	2	2	1	5	-2.76791	-3.63854	-4.11496	-4.06971
1313	2	1	12	88	2	1	5	-3.93709	-3.43124	-5.69348	-5.32515
1314	2	1	5	3	2	3	5	-4.22232	-3.25543	-5.46692	-4.82481
1315	2	4	5	2	2	1	5	-6.16316	-8.95879	-9.04413	-8.73285
1316	2	4	1	2	2	1	5	-2.76791	-3.63854	-4.11496	-4.06971
1317	1	4	2	2	6	3	17	-4.62348	-2.45266	-4.53425	-5.77453
1318	2	1	21	3	2	1	5	-2.92011	-2.4897	-4.36695	-4.49673
1319	4	7	10	4	1	7	1	-1.82053	-3.77862	-2.62298	-1.93982
1320	1	2	3	4	5	9	3	-4.62558	-2.48978	-3.57802	-5.09453
1321	2	4	1	2	7	1	5	-2.29675	-5.54092	-5.6211	-4.79
1322	4	7	10	4	1	7	1	-1.82053	-3.77862	-2.62298	-1.93982
1323	4	7	10	4	1	7	1	-1.82053	-3.77862	-2.62298	-1.93982
1324	1	4	2	2	6	3	17	-4.62348	-2.45266	-4.53425	-5.77453
1325	2	4	1	2	7	1	5	-2.29675	-5.54092	-5.6211	-4.79
1326	4	7	10	4	1	7	1	-1.82053	-3.77862	-2.62298	-1.93982
1327	8	10	2	2	11	12	6	-3.94355	-7.15372	-7.34852	-6.67103
1328	969	7	10	4	1	7	1	-5.65333	-8.4751	-5.04704	-4.87953
1329	4	7	10	4	1	7	1	-1.82053	-3.77862	-2.62298	-1.93982
1330	10	27	16	942	10	5	7	-24.3345	-17.5827	-18.6337	-21.3592
1331	10	27	16	941	10	5	7	-24.3345	-17.5827	-18.6337	-21.3592
1332	4	7	10	4	1	7	1	-1.82053	-3.77862	-2.62298	-1.93982
1333	4	7	10	4	1	7	1	-1.82053	-3.77862	-2.62298	-1.93982
1334	129	66	30	82	189	47	17	-3.23625	-4.86541	-5.52697	-4.1229
1335	4	7	10	4	1	7	1	-1.82053	-3.77862	-2.62298	-1.93982
1336	4	7	10	4	1	7	1	-1.82053	-3.77862	-2.62298	-1.93982
1337	2	4	1	2	2	1	5	-2.76791	-3.63854	-4.11496	-4.06971
1338	2	1	2	3	2	3	5	-3.74813	-6.91224	-7.14766	-6.46662
1339	10	27	16	19	10	5	7	-20.4236	-12.8637	-16.2051	-18.4175
1340	2	4	1	2	2	1	5	-2.76791	-3.63854	-4.11496	-4.06971
1341	33	39	30	82	104	173	68	-5.37243	-3.98187	-6.55079	-7.83213
1342	1	4	2	2	6	3	17	-4.62348	-2.45266	-4.53425	-5.77453
1343	2	1	5	3	2	5	5	-5.54742	-2.83273	-4.06209	-5.72652
1344	2	1	12	3	2	1	5	-2.61192	-2.11506	-3.58441	-4.77389
1345	8	10	2	2	11	12	6	-3.94355	-7.15372	-7.34852	-6.67103
1346	2	1	1	3	2	1	5	-4.60593	-3.7878	-6.29069	-7.16528
1347	1	4	2	2	6	3	17	-4.62348	-2.45266	-4.53425	-5.77453
1348	7	2	2	2	11	12	6	-4.49016	-7.74201	-7.89671	-7.21722
1349	9	2	4	62	4	5	6	-3.70517	-5.18103	-5.72924	-6.31933
1350	2	1	21	3	2	1	5	-2.92011	-2.4897	-4.36695	-4.49673
1351	9	7	10	4	1	7	1	-10.394	-12.2068	-11.5061	-9.87283
1352	2	1	12	3	920	1	5	-6.52325	-6.82519	-6.01062	-7.7157
1353	239	27	16	19	10	5	7	-9.95756	-6.47408	-9.13414	-11.4293
1354	7	17	2	15	23	3	12	-6.88986	-10.1424	-10.2969	-9.61744
1355	1	4	2	2	6	3	17	-4.62348	-2.45266	-4.53425	-5.77453
1356	1	6	60	24	12	28	1	-29.677	-33.1066	-18.6432	-20.7428
1357	2	4	5	2	10	1	5	-6.88348	-10.123	-10.2841	-9.60488
1358	10	81	50	99	120	76	52	-6.70547	-6.38575	-5.25845	-5.20231
1359	4	7	10	4	1	7	1	-1.82053	-3.77862	-2.62298	-1.93982
1360	2	1	5	3	2	5	5	-5.54742	-2.83273	-4.06209	-5.72652
1361	4	7	10	1	1	7	1	-5.26457	-8.29806	-5.95453	-6.0933
1362	2	4	5	2	10	1	5	-6.88348	-10.123	-10.2841	-9.60488
1363	2	1	21	3	2	1	5	-2.92011	-2.4897	-4.36695	-4.49673
1364	2	1	21	3	2	1	5	-2.92011	-2.4897	-4.36695	-4.49673
1365	2	4	1	2	2	1	5	-2.76791	-3.63854	-4.11496	-4.06971
1366	2	4	2	2	6	1	5	-6.07779	-4.83225	-5.90094	-7.94326
1367	2	4	1	2	7	1	5	-2.29675	-5.54092	-5.6211	-4.79
1368	2	4	1	2	2	1	5	-2.76791	-3.63854	-4.11496	-4.06971
1369	2	4	1	2	2	1	5	-2.76791	-3.63854	-4.11496	-4.06971
1370	4	7	10	4	1	7	1	-1.82053	-3.77862	-2.62298	-1.93982
1371	4	7	10	4	42	51	1	-2.91947	-4.61993	-4.88093	-3.77774
1372	2	1	5	3	2	3	5	-4.22232	-3.25543	-5.46692	-4.82481
1373	2	1	12	3	2	1	5	-2.61192	-2.11506	-3.58441	-4.77389
1374	2	1	1	3	2	1	5	-4.60593	-3.7878	-6.29069	-7.16528
1375	2	4	1	2	2	1	5	-2.76791	-3.63854	-4.11496	-4.06971
1376	4	7	10	4	1	7	1	-1.82053	-3.77862	-2.62298	-1.93982
1377	10	1	16	19	10	5	7	-6.18029	-2.75021	-4.16191	-5.36546
1378	2	4	1	2	7	1	5	-2.29675	-5.54092	-5.6211	-4.79
1379	2	4	1	2	2	1	5	-2.76791	-3.63854	-4.11496	-4.06971
1380	10	81	50	99	120	76	52	-6.70547	-6.38575	-5.25845	-5.20231
1381	2	1	12	3	2	1	5	-2.61192	-2.11506	-3.58441	-4.77389
1382	2	4	1	2	2	1	5	-2.76791	-3.63854	-4.11496	-4.06971
1383	2	4	1	2	7	1	5	-2.29675	-5.54092	-5.6211	-4.79
1384	1	2	3	4	5	9	3	-4.62558	-2.48978	-3.57802	-5.09453
1385	8	10	2	2	11	12	6	-3.94355	-7.15372	-7.34852	-6.67103
1386	1	4	2	2	6	3	17	-4.62348	-2.45266	-4.53425	-5.77453
1387	2	4	1	2	2	1	5	-2.76791	-3.63854	-4.11496	-4.06971
1388	2	4	1	2	2	1	5	-2.76791	-3.63854	-4.11496	-4.06971
1389	10	7	10	4	1	7	1	-12.5529	-10.8045	-10.175	-9.05485
1390	2	1	21	3	2	1	5	-2.92011	-2.4897	-4.36695	-4.49673
1391	2	1	21	3	2	1	5	-2.92011	-2.4897	-4.36695	-4.49673
1392	10	1	16	19	10	5	7	-6.18029	-2.75021	-4.16191	-5.36546
1393	2	1	5	3	2	3	5	-4.22232	-3.25543	-5.46692	-4.82481
1394	2	1	5	3	2	3	5	-4.22232	-3.25543	-5.46692	-4.82481
1395	2	4	1	2	2	5	5	-6.80715	-6.40308	-8.75848	-9.36193
1396	2	4	1	2	7	1	5	-2.29675	-5.54092	-5.6211	-4.79
1397	10	1	16	19	10	5	7	-6.18029	-2.75021	-4.16191	-5.36546
1398	2	4	1	2	7	1	5	-2.29675	-5.54092	-5.6211	-4.79
1399	2	934	1	2	2	1	5	-6.60094	-8.34874	-6.53375	-6.99338
