Isolate	Loci0	Loci1	Loci2	Loci3	Loci4	Loci5	Loci6	Source0	Source1	Source2	Source3
0	1	2	3	4	5	9	3	-4.65542	-2.49226	-3.61924	-5.04718
1	4	7	10	4	1	7	1	-1.82666	-3.77514	-2.58176	-1.96043
2	2	4	1	2	2	1	5	-2.78043	-3.66223	-4.17908	-4.18401
3	2	4	1	2	2	1	5	-2.78043	-3.66223	-4.17908	-4.18401
4	9	25	2	10	22	3	6	-4.46828	-7.5175	-5.81068	-4.38921
5	4	7	10	4	1	7	1	-1.82666	-3.77514	-2.58176	-1.96043
6	4	7	10	4	1	7	1	-1.82666	-3.77514	-2.58176	-1.96043
7	4	7	10	4	42	51	1	-2.93143	-4.65364	-4.85293	-3.84653
8	2	4	1	2	2	1	5	-2.78043	-3.66223	-4.17908	-4.18401
9	10	81	50	99	120	76	52	-6.66071	-6.35411	-5.24948	-5.19212
10	2	1	21	3	2	1	5	-2.93985	-2.49685	-4.40791	-4.62175
11	2	1	21	3	2	1	5	-2.93985	-2.49685	-4.40791	-4.62175
12	9	25	2	10	22	3	6	-4.46828	-7.5175	-5.81068	-4.38921
13	2	1	21	3	2	1	5	-2.93985	-2.49685	-4.40791	-4.62175
14	10	27	16	19	10	5	7	-20.6154	-12.8459	-16.0472	-17.665
15	2	4	1	2	2	1	5	-2.78043	-3.66223	-4.17908	-4.18401
16	2	4	1	2	2	1	5	-2.78043	-3.66223	-4.17908	-4.18401
17	9	2	4	62	4	5	6	-3.71921	-5.23732	-5.93694	-6.93433
18	9	53	2	53	11	3	3	-30.7765	-27.61	-28.0275	-24.1473
19	2	4	1	2	2	1	5	-2.78043	-3.66223	-4.17908	-4.18401
20	2	4	1	2	2	1	5	-2.78043	-3.66223	-4.17908	-4.18401
21	4	7	10	4	1	7	1	-1.82666	-3.77514	-2.58176	-1.96043
22	2	4	1	2	2	1	5	-2.78043	-3.66223	-4.17908	-4.18401
23	1	4	2	2	6	3	17	-4.67678	-2.45448	-4.53493	-5.71301
24	4	7	10	4	1	7	1	-1.82666	-3.77514	-2.58176	-1.96043
25	2	1	21	3	2	1	5	-2.93985	-2.49685	-4.40791	-4.62175
26	8	10	2	2	11	12	6	-3.9576	-7.50563	-8.21759	-7.43983
27	2	4	2	2	6	1	5	-6.09838	-4.83761	-5.96335	-8.01479
28	2	1	12	3	2	1	5	-2.63105	-2.12339	-3.66065	-5.01299
29	2	4	1	2	2	1	5	-2.78043	-3.66223	-4.17908	-4.18401
30	4	7	10	4	1	7	1	-1.82666	-3.77514	-2.58176	-1.96043
31	10	1	16	19	10	5	7	-6.28592	-2.75099	-4.18055	-5.28388
32	1	2	3	4	5	9	3	-4.65542	-2.49226	-3.61924	-5.04718
33	2	4	1	2	2	1	5	-2.78043	-3.66223	-4.17908	-4.18401
34	2	4	1	2	2	1	5	-2.78043	-3.66223	-4.17908	-4.18401
35	2	4	1	2	2	1	5	-2.78043	-3.66223	-4.17908	-4.18401
36	4	7	10	4	1	7	1	-1.82666	-3.77514	-2.58176	-1.96043
37	129	66	30	82	189	47	17	-3.24888	-4.89612	-5.46382	-4.19709
38	2	1	12	3	357	1	5	-6.77343	-6.20787	-7.53665	-7.37202
39	9	2	4	62	4	5	6	-3.71921	-5.23732	-5.93694	-6.93433
40	2	1	1	3	2	1	5	-4.63089	-3.79378	-6.34614	-7.50629
41	2	1	12	3	357	1	5	-6.77343	-6.20787	-7.53665	-7.37202
42	2	1	5	3	2	3	5	-4.24636	-3.25725	-5.38073	-4.84903
43	2	1	5	3	2	3	5	-4.24636	-3.25725	-5.38073	-4.84903
44	2	4	1	2	2	1	5	-2.78043	-3.66223	-4.17908	-4.18401
45	2	4	1	2	2	1	5	-2.78043	-3.66223	-4.17908	-4.18401
46	2	4	2	2	6	1	5	-6.09838	-4.83761	-5.96335	-8.01479
47	1	4	2	2	6	3	17	-4.67678	-2.45448	-4.53493	-5.71301
48	2	1	21	3	2	1	5	-2.93985	-2.49685	-4.40791	-4.62175
49	2	1	2	3	2	3	5	-3.76207	-7.25179	-8.01445	-7.22871
50	2	1	21	3	2	1	5	-2.93985	-2.49685	-4.40791	-4.62175
51	7	17	2	15	23	3	12	-6.90396	-10.513	-11.1696	-10.3865
52	2	4	1	2	7	1	5	-2.31052	-5.8999	-6.3184	-5.33922
53	9	2	4	62	4	5	6	-3.71921	-5.23732	-5.93694	-6.93433
54	2	4	1	2	7	1	5	-2.31052	-5.8999	-6.3184	-5.33922
55	9	2	4	62	4	5	6	-3.71921	-5.23732	-5.93694	-6.93433
56	2	1	12	88	2	1	5	-3.9581	-3.43714	-5.69132	-5.42301
57	2	1	5	3	2	3	5	-4.24636	-3.25725	-5.38073	-4.84903
58	2	4	1	2	2	1	5	-2.78043	-3.66223	-4.17908	-4.18401
59	9	2	4	62	4	5	6	-3.71921	-5.23732	-5.93694	-6.93433
60	2	1	5	3	2	3	5	-4.24636	-3.25725	-5.38073	-4.84903
61	2	4	1	2	2	1	5	-2.78043	-3.66223	-4.17908	-4.18401
62	2	4	1	2	2	1	5	-2.78043	-3.66223	-4.17908	-4.18401
63	2	4	1	2	2	1	5	-2.78043	-3.66223	-4.17908	-4.18401
64	2	4	1	2	2	1	5	-2.78043	-3.66223	-4.17908	-4.18401
65	2	4	1	2	2	1	5	-2.78043	-3.66223	-4.17908	-4.18401
66	2	4	1	2	2	1	5	-2.78043	-3.66223	-4.17908	-4.18401
67	1	2	215	4	90	24	8	-30.5052	-27.6192	-25.0534	-19.9898
68	2	4	1	2	2	1	5	-2.78043	-3.66223	-4.17908	-4.18401
69	1	2	3	4	5	9	3	-4.65542	-2.49226	-3.61924	-5.04718
70	2	4	1	2	2	1	5	-2.78043	-3.66223	-4.17908	-4.18401
71	2	4	1	2	2	1	5	-2.78043	-3.66223	-4.17908	-4.18401
72	9	25	2	10	22	3	6	-4.46828	-7.5175	-5.81068	-4.38921
73	2	15	4	48	360	25	23	-6.66537	-8.50002	-5.62249	-4.93131
74	2	4	1	2	2	1	5	-2.78043	-3.66223	-4.17908	-4.18401
75	2	1	12	88	2	1	5	-3.9581	-3.43714	-5.69132	-5.42301
76	2	4	2	2	6	1	5	-6.09838	-4.83761	-5.96335	-8.01479
77	10	1	16	19	10	5	7	-6.28592	-2.75099	-4.18055	-5.28388
78	2	4	1	2	2	1	5	-2.78043	-3.66223	-4.17908	-4.18401
79	2	1	12	3	2	1	5	-2.63105	-2.12339	-3.66065	-5.01299
80	2	4	1	2	2	1	5	-2.78043	-3.66223	-4.17908	-4.18401
81	2	4	1	2	2	1	5	-2.78043	-3.66223	-4.17908	-4.18401
82	1	4	2	2	6	3	17	-4.67678	-2.45448	-4.53493	-5.71301
83	10	1	16	19	10	5	7	-6.28592	-2.75099	-4.18055	-5.28388
84	8	10	149	2	11	12	6	-4.88811	-3.97866	-5.67933	-7.40347
85	2	4	1	2	2	1	5	-2.78043	-3.66223	-4.17908	-4.18401
86	2	4	1	2	7	1	5	-2.31052	-5.8999	-6.3184	-5.33922
87	32	39	30	82	104	324	17	-8.36241	-4.68328	-7.29132	-9.12209
88	1	2	3	4	5	9	3	-4.65542	-2.49226	-3.61924	-5.04718
89	2	1	5	3	2	3	5	-4.24636	-3.25725	-5.38073	-4.84903
90	2	4	1	2	2	1	5	-2.78043	-3.66223	-4.17908	-4.18401
91	2	4	1	2	7	1	5	-2.31052	-5.8999	-6.3184	-5.33922
92	4	7	10	4	1	7	1	-1.82666	-3.77514	-2.58176	-1.96043
93	2	1	2	3	2	3	5	-3.76207	-7.25179	-8.01445	-7.22871
94	2	1	12	3	2	1	5	-2.63105	-2.12339	-3.66065	-5.01299
95	2	1	21	3	2	1	5	-2.93985	-2.49685	-4.40791	-4.62175
96	2	1	21	3	2	1	5	-2.93985	-2.49685	-4.40791	-4.62175
97	9	2	5	2	11	3	1	-29.7131	-31.541	-28.5401	-25.3774
98	4	7	10	4	1	7	1	-1.82666	-3.77514	-2.58176	-1.96043
99	2	1	2	3	2	3	5	-3.76207	-7.25179	-8.01445	-7.22871
100	2	1	21	3	2	1	5	-2.93985	-2.49685	-4.40791	-4.62175
101	4	7	10	4	1	7	1	-1.82666	-3.77514	-2.58176	-1.96043
102	2	1	21	3	2	1	5	-2.93985	-2.49685	-4.40791	-4.62175
103	1	4	2	2	6	3	17	-4.67678	-2.45448	-4.53493	-5.71301
104	2	4	5	2	10	1	5	-6.89739	-10.493	-11.1552	-10.3719
105	2	1	12	88	2	1	5	-3.9581	-3.43714	-5.69132	-5.42301
106	9	2	4	62	4	5	6	-3.71921	-5.23732	-5.93694	-6.93433
107	2	165	73	147	220	190	104	-8.62459	-9.16746	-6.70938	-5.2612
108	2	1	21	3	2	1	5	-2.93985	-2.49685	-4.40791	-4.62175
109	2	4	1	2	2	1	5	-2.78043	-3.66223	-4.17908	-4.18401
110	2	1	12	3	11	1	6	-19.1743	-17.6681	-20.6803	-20.6978
111	2	1	2	3	2	3	5	-3.76207	-7.25179	-8.01445	-7.22871
112	2	4	1	2	7	1	5	-2.31052	-5.8999	-6.3184	-5.33922
113	2	1	2	3	2	3	5	-3.76207	-7.25179	-8.01445	-7.22871
114	2	1	21	3	2	1	5	-2.93985	-2.49685	-4.40791	-4.62175
115	2	4	1	2	7	1	5	-2.31052	-5.8999	-6.3184	-5.33922
116	33	39	30	82	113	43	17	-9.53015	-6.44836	-6.18073	-8.55444
117	2	4	1	2	2	1	5	-2.78043	-3.66223	-4.17908	-4.18401
118	2	4	1	2	2	1	5	-2.78043	-3.66223	-4.17908	-4.18401
119	2	4	1	2	2	1	5	-2.78043	-3.66223	-4.17908	-4.18401
120	2	4	1	2	7	1	5	-2.31052	-5.8999	-6.3184	-5.33922
121	4	7	10	1	1	7	1	-5.27156	-8.48108	-6.00491	-6.15714
122	2	1	12	3	2	1	5	-2.63105	-2.12339	-3.66065	-5.01299
123	2	4	1	2	2	1	5	-2.78043	-3.66223	-4.17908	-4.18401
124	2	4	1	2	2	1	5	-2.78043	-3.66223	-4.17908	-4.18401
125	2	4	1	2	7	1	5	-2.31052	-5.8999	-6.3184	-5.33922
126	2	4	1	2	2	1	5	-2.78043	-3.66223	-4.17908	-4.18401
127	2	4	1	2	2	1	5	-2.78043	-3.66223	-4.17908	-4.18401
128	2	1	12	88	2	1	5	-3.9581	-3.43714	-5.69132	-5.42301
129	2	1	12	3	2	1	5	-2.63105	-2.12339	-3.66065	-5.01299
130	2	1	12	3	2	1	5	-2.63105	-2.12339	-3.66065	-5.01299
131	2	4	1	2	7	1	5	-2.31052	-5.8999	-6.3184	-5.33922
132	2	1	21	3	2	1	5	-2.93985	-2.49685	-4.40791	-4.62175
133	2	1	21	3	2	1	5	-2.93985	-2.49685	-4.40791	-4.62175
134	2	4	5	2	2	5	5	-3.67612	-7.22169	-7.17211	-5.98211
135	2	1	21	3	2	1	5	-2.93985	-2.49685	-4.40791	-4.62175
136	1	4	2	2	6	3	1	-11.5847	-10.0287	-10.5436	-10.9319
137	2	1	5	3	2	3	5	-4.24636	-3.25725	-5.38073	-4.84903
138	2	1	5	3	2	3	5	-4.24636	-3.25725	-5.38073	-4.84903
139	4	7	10	4	1	7	1	-1.82666	-3.77514	-2.58176	-1.96043
140	8	10	2	2	11	12	6	-3.9576	-7.50563	-8.21759	-7.43983
141	2	1	2	3	2	3	5	-3.76207	-7.25179	-8.01445	-7.22871
142	2	1	5	3	2	3	5	-4.24636	-3.25725	-5.38073	-4.84903
143	2	1	2	3	2	3	5	-3.76207	-7.25179	-8.01445	-7.22871
144	129	66	30	82	189	47	17	-3.24888	-4.89612	-5.46382	-4.19709
145	2	4	1	2	2	1	5	-2.78043	-3.66223	-4.17908	-4.18401
146	2	4	1	2	2	1	5	-2.78043	-3.66223	-4.17908	-4.18401
147	7	21	5	62	4	61	44	-7.46313	-3.83597	-5.64066	-7.75415
148	2	4	1	2	2	1	5	-2.78043	-3.66223	-4.17908	-4.18401
149	2	937	1	2	2	1	5	-6.84451	-7.74904	-8.05392	-6.53573
150	1	14	2	2	6	1	17	-9.21978	-6.43746	-7.55651	-6.35094
151	1	4	2	2	6	3	17	-4.67678	-2.45448	-4.53493	-5.71301
152	8	10	149	2	11	12	6	-4.88811	-3.97866	-5.67933	-7.40347
153	2	1	12	3	2	1	5	-2.63105	-2.12339	-3.66065	-5.01299
154	9	30	2	2	89	59	6	-4.95662	-8.56663	-9.22295	-8.43925
155	1	2	3	4	5	9	3	-4.65542	-2.49226	-3.61924	-5.04718
156	2	4	1	2	2	1	5	-2.78043	-3.66223	-4.17908	-4.18401
157	2	4	1	2	2	1	5	-2.78043	-3.66223	-4.17908	-4.18401
158	180	194	2	68	19	231	147	-26.0032	-29.3672	-28.9529	-20.5785
159	2	4	1	2	2	1	5	-2.78043	-3.66223	-4.17908	-4.18401
160	2	4	1	2	2	1	5	-2.78043	-3.66223	-4.17908	-4.18401
161	2	4	1	2	2	1	5	-2.78043	-3.66223	-4.17908	-4.18401
162	4	7	10	4	1	7	1	-1.82666	-3.77514	-2.58176	-1.96043
163	2	4	1	2	2	1	5	-2.78043	-3.66223	-4.17908	-4.18401
164	2	1	21	3	2	1	5	-2.93985	-2.49685	-4.40791	-4.62175
165	2	4	1	2	7	1	5	-2.31052	-5.8999	-6.3184	-5.33922
166	2	4	1	2	2	1	5	-2.78043	-3.66223	-4.17908	-4.18401
167	10	1	16	19	10	5	7	-6.28592	-2.75099	-4.18055	-5.28388
168	104	7	10	4	1	7	1	-4.41363	-8.02828	-8.66797	-7.86758
169	2	4	1	2	2	1	5	-2.78043	-3.66223	-4.17908	-4.18401
170	10	27	16	19	10	5	7	-20.6154	-12.8459	-16.0472	-17.665
171	2	4	1	2	2	1	5	-2.78043	-3.66223	-4.17908	-4.18401
172	2	1	1	3	2	1	5	-4.63089	-3.79378	-6.34614	-7.50629
173	7	21	5	62	4	61	44	-7.46313	-3.83597	-5.64066	-7.75415
174	2	1	1	3	2	1	5	-4.63089	-3.79378	-6.34614	-7.50629
175	10	1	16	19	10	5	7	-6.28592	-2.75099	-4.18055	-5.28388
176	2	4	1	2	2	1	5	-2.78043	-3.66223	-4.17908	-4.18401
177	2	4	1	2	2	1	5	-2.78043	-3.66223	-4.17908	-4.18401
178	2	1	12	3	2	1	5	-2.63105	-2.12339	-3.66065	-5.01299
179	2	4	1	2	2	1	5	-2.78043	-3.66223	-4.17908	-4.18401
180	2	4	1	2	2	1	5	-2.78043	-3.66223	-4.17908	-4.18401
181	1	4	2	2	6	3	17	-4.67678	-2.45448	-4.53493	-5.71301
182	2	1	12	3	2	1	5	-2.63105	-2.12339	-3.66065	-5.01299
183	4	7	10	4	1	7	1	-1.82666	-3.77514	-2.58176	-1.96043
184	2	4	1	2	2	1	5	-2.78043	-3.66223	-4.17908	-4.18401
185	2	4	1	2	2	1	5	-2.78043	-3.66223	-4.17908	-4.18401
186	2	1	21	3	2	1	5	-2.93985	-2.49685	-4.40791	-4.62175
187	4	7	10	4	1	7	1	-1.82666	-3.77514	-2.58176	-1.96043
188	4	7	10	4	42	51	1	-2.93143	-4.65364	-4.85293	-3.84653
189	2	1	5	3	2	3	5	-4.24636	-3.25725	-5.38073	-4.84903
190	1	2	4	62	4	5	17	-6.11773	-4.85457	-7.4188	-8.78154
191	4	7	10	4	1	7	1	-1.82666	-3.77514	-2.58176	-1.96043
192	4	7	10	4	42	51	1	-2.93143	-4.65364	-4.85293	-3.84653
193	2	1	21	3	2	1	5	-2.93985	-2.49685	-4.40791	-4.62175
194	4	7	10	4	42	51	1	-2.93143	-4.65364	-4.85293	-3.84653
195	2	4	1	2	7	1	5	-2.31052	-5.8999	-6.3184	-5.33922
196	2	4	1	2	2	1	5	-2.78043	-3.66223	-4.17908	-4.18401
197	1	2	3	4	5	9	3	-4.65542	-2.49226	-3.61924	-5.04718
198	1	2	4	62	4	5	17	-6.11773	-4.85457	-7.4188	-8.78154
199	2	250	4	281	358	25	57	-29.1451	-29.1038	-21.7059	-17.8036
200	9	2	4	62	4	5	6	-3.71921	-5.23732	-5.93694	-6.93433
201	1	2	3	4	5	9	3	-4.65542	-2.49226	-3.61924	-5.04718
202	4	7	10	4	1	7	1	-1.82666	-3.77514	-2.58176	-1.96043
203	2	4	2	4	19	3	6	-5.80136	-9.40567	-10.0627	-9.27329
204	4	7	10	4	1	7	1	-1.82666	-3.77514	-2.58176	-1.96043
205	4	7	10	4	42	51	1	-2.93143	-4.65364	-4.85293	-3.84653
206	2	1	12	3	2	1	5	-2.63105	-2.12339	-3.66065	-5.01299
207	4	7	10	4	1	7	1	-1.82666	-3.77514	-2.58176	-1.96043
208	2	1	12	3	2	1	5	-2.63105	-2.12339	-3.66065	-5.01299
209	1	2	4	62	4	5	17	-6.11773	-4.85457	-7.4188	-8.78154
210	4	7	10	4	42	51	1	-2.93143	-4.65364	-4.85293	-3.84653
211	2	4	1	2	2	1	5	-2.78043	-3.66223	-4.17908	-4.18401
212	4	7	10	4	1	7	1	-1.82666	-3.77514	-2.58176	-1.96043
213	2	1	21	3	2	1	5	-2.93985	-2.49685	-4.40791	-4.62175
214	47	2	4	2	6	5	17	-10.4289	-10.2001	-6.23395	-8.65023
215	2	1	21	3	2	1	5	-2.93985	-2.49685	-4.40791	-4.62175
216	2	1	21	3	2	1	5	-2.93985	-2.49685	-4.40791	-4.62175
217	2	4	1	2	2	1	5	-2.78043	-3.66223	-4.17908	-4.18401
218	2	4	1	2	2	1	5	-2.78043	-3.66223	-4.17908	-4.18401
219	10	81	50	99	120	76	52	-6.66071	-6.35411	-5.24948	-5.19212
220	2	4	1	2	2	1	5	-2.78043	-3.66223	-4.17908	-4.18401
221	2	4	1	2	2	1	5	-2.78043	-3.66223	-4.17908	-4.18401
222	1	4	2	2	6	3	17	-4.67678	-2.45448	-4.53493	-5.71301
223	1	2	4	62	4	5	17	-6.11773	-4.85457	-7.4188	-8.78154
224	4	7	10	4	1	7	1	-1.82666	-3.77514	-2.58176	-1.96043
225	4	7	10	4	1	7	1	-1.82666	-3.77514	-2.58176	-1.96043
226	10	1	16	19	10	5	7	-6.28592	-2.75099	-4.18055	-5.28388
227	2	4	1	2	2	1	5	-2.78043	-3.66223	-4.17908	-4.18401
228	2	4	1	2	7	1	5	-2.31052	-5.8999	-6.3184	-5.33922
229	1	4	2	348	6	3	17	-9.05479	-5.36835	-7.97916	-9.81161
230	1	2	4	62	4	5	17	-6.11773	-4.85457	-7.4188	-8.78154
231	10	27	16	19	10	5	7	-20.6154	-12.8459	-16.0472	-17.665
232	1	4	2	2	6	3	17	-4.67678	-2.45448	-4.53493	-5.71301
233	4	7	10	4	42	51	1	-2.93143	-4.65364	-4.85293	-3.84653
234	2	4	1	2	2	1	5	-2.78043	-3.66223	-4.17908	-4.18401
235	2	1	12	3	2	1	5	-2.63105	-2.12339	-3.66065	-5.01299
236	2	1	12	88	2	1	5	-3.9581	-3.43714	-5.69132	-5.42301
237	2	4	1	2	7	1	5	-2.31052	-5.8999	-6.3184	-5.33922
238	2	1	12	3	2	1	5	-2.63105	-2.12339	-3.66065	-5.01299
239	1	4	2	2	6	3	17	-4.67678	-2.45448	-4.53493	-5.71301
240	2	1	4	28	58	25	58	-5.64731	-7.82587	-5.24422	-4.25186
241	2	1	5	3	2	3	5	-4.24636	-3.25725	-5.38073	-4.84903
242	2	1	12	3	2	1	5	-2.63105	-2.12339	-3.66065	-5.01299
243	2	4	1	2	2	1	5	-2.78043	-3.66223	-4.17908	-4.18401
244	2	1	5	10	11	1	5	-27.5698	-22.4168	-24.4968	-24.9597
245	2	1	12	3	2	1	5	-2.63105	-2.12339	-3.66065	-5.01299
246	2	1	12	88	2	1	5	-3.9581	-3.43714	-5.69132	-5.42301
247	2	1	12	3	2	1	5	-2.63105	-2.12339	-3.66065	-5.01299
248	2	1	12	3	2	1	5	-2.63105	-2.12339	-3.66065	-5.01299
249	1	4	2	2	6	3	17	-4.67678	-2.45448	-4.53493	-5.71301
250	9	2	4	62	4	5	6	-3.71921	-5.23732	-5.93694	-6.93433
251	2	1	12	3	2	1	5	-2.63105	-2.12339	-3.66065	-5.01299
252	8	10	149	2	11	12	6	-4.88811	-3.97866	-5.67933	-7.40347
253	2	1	21	3	2	1	5	-2.93985	-2.49685	-4.40791	-4.62175
254	1	2	3	4	5	9	3	-4.65542	-2.49226	-3.61924	-5.04718
255	2	1	5	3	2	3	5	-4.24636	-3.25725	-5.38073	-4.84903
256	1	307	3	4	5	9	3	-6.83746	-6.42965	-6.16291	-8.39889
257	1	4	2	2	6	3	17	-4.67678	-2.45448	-4.53493	-5.71301
258	2	4	1	2	7	1	5	-2.31052	-5.8999	-6.3184	-5.33922
259	2	4	1	2	2	1	5	-2.78043	-3.66223	-4.17908	-4.18401
260	2	61	4	64	126	7	23	-5.99495	-8.00734	-5.71232	-4.25887
261	7	21	5	62	4	61	44	-7.46313	-3.83597	-5.64066	-7.75415
262	2	1	12	3	2	1	5	-2.63105	-2.12339	-3.66065	-5.01299
263	2	4	1	2	2	1	5	-2.78043	-3.66223	-4.17908	-4.18401
264	2	1	12	3	2	1	5	-2.63105	-2.12339	-3.66065	-5.01299
265	2	1	21	3	2	1	5	-2.93985	-2.49685	-4.40791	-4.62175
266	2	1	21	3	2	1	5	-2.93985	-2.49685	-4.40791	-4.62175
267	2	4	1	2	2	1	5	-2.78043	-3.66223	-4.17908	-4.18401
268	2	4	1	2	2	1	5	-2.78043	-3.66223	-4.17908	-4.18401
269	2	4	1	2	7	1	5	-2.31052	-5.8999	-6.3184	-5.33922
270	4	7	10	4	1	7	1	-1.82666	-3.77514	-2.58176	-1.96043
271	1	2	4	62	4	5	17	-6.11773	-4.85457	-7.4188	-8.78154
272	4	1	21	3	2	1	5	-9.92696	-10.1674	-10.5383	-9.90609
273	10	1	16	19	10	5	7	-6.28592	-2.75099	-4.18055	-5.28388
274	33	283	44	82	189	44	17	-7.05	-3.47604	-5.37428	-6.09242
275	2	1	12	3	2	1	5	-2.63105	-2.12339	-3.66065	-5.01299
276	10	81	50	99	120	76	52	-6.66071	-6.35411	-5.24948	-5.19212
277	4	7	10	4	42	25	1	-8.45182	-8.86287	-5.73718	-5.18694
278	2	4	1	2	2	1	5	-2.78043	-3.66223	-4.17908	-4.18401
279	2	4	5	2	10	1	5	-6.89739	-10.493	-11.1552	-10.3719
280	2	4	1	2	2	1	5	-2.78043	-3.66223	-4.17908	-4.18401
281	9	2	4	62	4	5	6	-3.71921	-5.23732	-5.93694	-6.93433
282	4	7	10	4	1	7	1	-1.82666	-3.77514	-2.58176	-1.96043
283	2	1	12	3	2	1	5	-2.63105	-2.12339	-3.66065	-5.01299
284	9	2	4	62	4	5	6	-3.71921	-5.23732	-5.93694	-6.93433
285	9	2	4	62	4	5	6	-3.71921	-5.23732	-5.93694	-6.93433
286	2	4	1	2	2	1	5	-2.78043	-3.66223	-4.17908	-4.18401
287	2	1	12	88	2	1	5	-3.9581	-3.43714	-5.69132	-5.42301
288	2	1	21	3	2	1	5	-2.93985	-2.49685	-4.40791	-4.62175
289	33	39	30	79	113	44	17	-26.3855	-24.2352	-25.6237	-26.8784
290	1	2	3	4	5	9	3	-4.65542	-2.49226	-3.61924	-5.04718
291	1	4	2	2	6	3	17	-4.67678	-2.45448	-4.53493	-5.71301
292	9	2	4	62	4	5	6	-3.71921	-5.23732	-5.93694	-6.93433
293	2	1	12	3	2	1	5	-2.63105	-2.12339	-3.66065	-5.01299
294	2	1	5	3	2	5	5	-5.59695	-2.8345	-4.09932	-5.64091
295	2	1	5	3	2	5	5	-5.59695	-2.8345	-4.09932	-5.64091
296	2	4	1	2	2	1	5	-2.78043	-3.66223	-4.17908	-4.18401
297	2	4	1	2	2	1	5	-2.78043	-3.66223	-4.17908	-4.18401
298	2	1	21	3	2	1	5	-2.93985	-2.49685	-4.40791	-4.62175
299	32	39	30	82	104	324	17	-8.36241	-4.68328	-7.29132	-9.12209
300	2	1	12	3	2	1	5	-2.63105	-2.12339	-3.66065	-5.01299
301	4	7	10	4	1	7	1	-1.82666	-3.77514	-2.58176	-1.96043
302	1	4	2	2	6	3	5	-8.92557	-5.27342	-7.91318	-9.70468
303	2	1	21	3	2	1	5	-2.93985	-2.49685	-4.40791	-4.62175
304	4	7	10	4	42	51	1	-2.93143	-4.65364	-4.85293	-3.84653
305	2	4	1	2	7	1	5	-2.31052	-5.8999	-6.3184	-5.33922
306	7	21	5	62	4	61	44	-7.46313	-3.83597	-5.64066	-7.75415
307	104	7	10	4	1	7	1	-4.41363	-8.02828	-8.66797	-7.86758
308	9	25	2	10	22	3	6	-4.46828	-7.5175	-5.81068	-4.38921
309	2	4	2	2	6	3	17	-10.996	-7.70272	-10.1895	-10.7735
310	2	4	1	2	7	1	5	-2.31052	-5.8999	-6.3184	-5.33922
311	129	66	30	82	189	47	17	-3.24888	-4.89612	-5.46382	-4.19709
312	33	39	30	82	104	173	68	-5.40729	-3.98551	-6.55801	-7.98157
313	2	1	12	3	2	1	5	-2.63105	-2.12339	-3.66065	-5.01299
314	2	1	1	3	2	1	5	-4.63089	-3.79378	-6.34614	-7.50629
315	7	21	5	62	4	61	44	-7.46313	-3.83597	-5.64066	-7.75415
316	2	1	21	3	2	1	5	-2.93985	-2.49685	-4.40791	-4.62175
317	4	7	10	4	1	7	1	-1.82666	-3.77514	-2.58176	-1.96043
318	10	2	107	62	120	76	1	-6.84551	-9.69041	-7.7727	-6.34108
319	4	7	10	4	1	7	1	-1.82666	-3.77514	-2.58176	-1.96043
320	2	1	12	3	2	1	5	-2.63105	-2.12339	-3.66065	-5.01299
321	2	1	5	3	2	3	5	-4.24636	-3.25725	-5.38073	-4.84903
322	4	7	10	4	1	7	1	-1.82666	-3.77514	-2.58176	-1.96043
323	2	1	12	88	2	1	5	-3.9581	-3.43714	-5.69132	-5.42301
324	4	7	10	4	42	7	1	-6.55853	-8.31485	-5.48951	-4.66602
325	4	7	10	4	42	51	1	-2.93143	-4.65364	-4.85293	-3.84653
326	2	1	21	3	2	1	5	-2.93985	-2.49685	-4.40791	-4.62175
327	2	1	12	3	2	1	5	-2.63105	-2.12339	-3.66065	-5.01299
328	4	7	10	4	1	7	1	-1.82666	-3.77514	-2.58176	-1.96043
329	2	4	1	2	7	1	5	-2.31052	-5.8999	-6.3184	-5.33922
330	4	7	10	4	1	7	1	-1.82666	-3.77514	-2.58176	-1.96043
331	2	1	12	3	2	1	5	-2.63105	-2.12339	-3.66065	-5.01299
332	4	7	10	4	1	7	1	-1.82666	-3.77514	-2.58176	-1.96043
333	4	7	10	4	1	7	1	-1.82666	-3.77514	-2.58176	-1.96043
334	1	4	2	2	6	3	17	-4.67678	-2.45448	-4.53493	-5.71301
335	2	4	1	2	2	1	5	-2.78043	-3.66223	-4.17908	-4.18401
336	4	7	10	4	1	7	1	-1.82666	-3.77514	-2.58176	-1.96043
337	7	17	2	15	23	3	12	-6.90396	-10.513	-11.1696	-10.3865
338	2	1	5	3	2	3	5	-4.24636	-3.25725	-5.38073	-4.84903
339	4	7	10	4	1	7	1	-1.82666	-3.77514	-2.58176	-1.96043
340	4	7	10	4	1	7	1	-1.82666	-3.77514	-2.58176	-1.96043
341	4	7	10	4	42	51	1	-2.93143	-4.65364	-4.85293	-3.84653
342	2	4	1	2	2	1	5	-2.78043	-3.66223	-4.17908	-4.18401
343	2	1	12	88	2	1	5	-3.9581	-3.43714	-5.69132	-5.42301
344	2	1	1	3	2	1	5	-4.63089	-3.79378	-6.34614	-7.50629
345	1	2	3	4	5	9	3	-4.65542	-2.49226	-3.61924	-5.04718
346	2	1	12	88	2	1	5	-3.9581	-3.43714	-5.69132	-5.42301
347	2	1	1	3	2	1	5	-4.63089	-3.79378	-6.34614	-7.50629
348	24	17	2	10	23	68	5	-9.46027	-5.78004	-8.38908	-10.22
349	4	7	10	4	1	7	1	-1.82666	-3.77514	-2.58176	-1.96043
350	2	1	21	3	2	1	5	-2.93985	-2.49685	-4.40791	-4.62175
351	1	4	2	2	6	3	17	-4.67678	-2.45448	-4.53493	-5.71301
352	2	1	5	3	2	3	5	-4.24636	-3.25725	-5.38073	-4.84903
353	4	7	10	4	1	7	1	-1.82666	-3.77514	-2.58176	-1.96043
354	2	1	1	3	2	1	5	-4.63089	-3.79378	-6.34614	-7.50629
355	2	1	12	3	2	1	5	-2.63105	-2.12339	-3.66065	-5.01299
356	8	10	149	2	11	12	6	-4.88811	-3.97866	-5.67933	-7.40347
357	2	4	1	2	2	5	5	-6.8275	-6.412	-8.8572	-9.777
358	10	1	16	19	10	5	7	-6.28592	-2.75099	-4.18055	-5.28388
359	24	17	2	10	23	68	5	-9.46027	-5.78004	-8.38908	-10.22
360	1	2	4	62	4	5	17	-6.11773	-4.85457	-7.4188	-8.78154
361	2	4	1	2	7	1	5	-2.31052	-5.8999	-6.3184	-5.33922
362	7	71	5	62	11	67	6	-29.7966	-27.483	-29.9274	-27.3445
363	7	17	5	2	10	3	6	-25.8957	-24.0381	-23.938	-22.357
364	2	1	5	3	2	3	5	-4.24636	-3.25725	-5.38073	-4.84903
365	9	2	4	62	4	5	6	-3.71921	-5.23732	-5.93694	-6.93433
366	33	38	30	82	104	325	36	-14.2963	-10.5699	-12.9622	-13.2747
367	2	4	1	2	7	1	5	-2.31052	-5.8999	-6.3184	-5.33922
368	47	2	4	2	6	5	17	-10.4289	-10.2001	-6.23395	-8.65023
369	2	1	12	88	2	1	5	-3.9581	-3.43714	-5.69132	-5.42301
370	2	1	12	88	2	1	5	-3.9581	-3.43714	-5.69132	-5.42301
371	2	1	12	88	2	1	5	-3.9581	-3.43714	-5.69132	-5.42301
372	2	1	12	88	2	1	5	-3.9581	-3.43714	-5.69132	-5.42301
373	2	4	1	2	2	1	5	-2.78043	-3.66223	-4.17908	-4.18401
374	2	1	12	88	2	1	5	-3.9581	-3.43714	-5.69132	-5.42301
375	1	1	2	2	6	3	17	-9.96115	-6.18186	-8.84548	-10.5363
376	2	1	12	88	2	1	5	-3.9581	-3.43714	-5.69132	-5.42301
377	2	1	12	88	2	1	5	-3.9581	-3.43714	-5.69132	-5.42301
378	2	4	1	2	2	1	5	-2.78043	-3.66223	-4.17908	-4.18401
379	2	1	12	88	2	1	5	-3.9581	-3.43714	-5.69132	-5.42301
380	2	1	5	3	2	3	5	-4.24636	-3.25725	-5.38073	-4.84903
381	4	7	10	4	1	7	1	-1.82666	-3.77514	-2.58176	-1.96043
382	2	1	12	3	2	1	5	-2.63105	-2.12339	-3.66065	-5.01299
383	1	2	4	62	4	5	17	-6.11773	-4.85457	-7.4188	-8.78154
384	1	4	2	2	6	3	17	-4.67678	-2.45448	-4.53493	-5.71301
385	2	1	12	3	2	1	5	-2.63105	-2.12339	-3.66065	-5.01299
386	2	1	12	88	2	1	5	-3.9581	-3.43714	-5.69132	-5.42301
387	9	2	4	62	4	5	6	-3.71921	-5.23732	-5.93694	-6.93433
388	2	4	1	2	7	1	5	-2.31052	-5.8999	-6.3184	-5.33922
389	2	1	5	3	2	3	5	-4.24636	-3.25725	-5.38073	-4.84903
390	7	21	5	62	4	61	44	-7.46313	-3.83597	-5.64066	-7.75415
391	1	2	215	4	90	24	8	-30.5052	-27.6192	-25.0534	-19.9898
392	2	1	21	3	2	1	5	-2.93985	-2.49685	-4.40791	-4.62175
393	1	4	2	2	6	3	17	-4.67678	-2.45448	-4.53493	-5.71301
394	2	4	1	2	2	1	5	-2.78043	-3.66223	-4.17908	-4.18401
395	2	1	12	3	2	1	5	-2.63105	-2.12339	-3.66065	-5.01299
396	1	2	3	4	5	9	3	-4.65542	-2.49226	-3.61924	-5.04718
397	2	1	5	3	2	3	5	-4.24636	-3.25725	-5.38073	-4.84903
398	10	1	16	19	10	5	7	-6.28592	-2.75099	-4.18055	-5.28388
399	2	1	2	3	2	959	5	-7.90186	-10.8192	-11.8075	-9.57282
400	10	1	16	19	10	5	7	-6.28592	-2.75099	-4.18055	-5.28388
401	2	4	1	2	7	1	5	-2.31052	-5.8999	-6.3184	-5.33922
402	2	1	12	3	2	1	5	-2.63105	-2.12339	-3.66065	-5.01299
403	8	10	149	2	11	12	6	-4.88811	-3.97866	-5.67933	-7.40347
404	2	4	1	2	7	1	5	-2.31052	-5.8999	-6.3184	-5.33922
405	4	7	10	4	1	7	1	-1.82666	-3.77514	-2.58176	-1.96043
406	4	7	10	4	1	7	1	-1.82666	-3.77514	-2.58176	-1.96043
407	2	4	5	2	2	5	5	-3.67612	-7.22169	-7.17211	-5.98211
408	2	1	12	3	2	1	5	-2.63105	-2.12339	-3.66065	-5.01299
409	166	2	27	10	151	3	1	-32.2113	-32.7194	-30.061	-23.3772
410	33	39	30	79	113	44	17	-26.3855	-24.2352	-25.6237	-26.8784
411	7	17	2	15	23	3	12	-6.90396	-10.513	-11.1696	-10.3865
412	1	2	3	4	5	9	3	-4.65542	-2.49226	-3.61924	-5.04718
413	2	4	1	2	7	1	5	-2.31052	-5.8999	-6.3184	-5.33922
414	7	21	5	62	4	61	44	-7.46313	-3.83597	-5.64066	-7.75415
415	2	1	12	3	2	1	5	-2.63105	-2.12339	-3.66065	-5.01299
416	1	2	3	4	5	9	3	-4.65542	-2.49226	-3.61924	-5.04718
417	2	1	5	88	2	11	5	-8.82554	-5.35082	-6.066	-8.37087
418	2	4	1	2	7	1	5	-2.31052	-5.8999	-6.3184	-5.33922
419	2	1	21	3	2	1	5	-2.93985	-2.49685	-4.40791	-4.62175
420	7	17	2	15	23	3	12	-6.90396	-10.513	-11.1696	-10.3865
421	2	1	5	88	2	11	5	-8.82554	-5.35082	-6.066	-8.37087
422	47	2	4	2	6	5	17	-10.4289	-10.2001	-6.23395	-8.65023
423	1	2	3	4	5	9	3	-4.65542	-2.49226	-3.61924	-5.04718
424	7	17	2	15	23	3	12	-6.90396	-10.513	-11.1696	-10.3865
425	2	4	1	2	2	1	5	-2.78043	-3.66223	-4.17908	-4.18401
426	2	4	1	2	2	1	5	-2.78043	-3.66223	-4.17908	-4.18401
427	2	4	1	2	2	1	5	-2.78043	-3.66223	-4.17908	-4.18401
428	2	1	12	3	2	1	5	-2.63105	-2.12339	-3.66065	-5.01299
429	2	4	5	2	2	5	5	-3.67612	-7.22169	-7.17211	-5.98211
430	2	1	21	3	2	1	5	-2.93985	-2.49685	-4.40791	-4.62175
431	4	7	10	4	42	25	1	-8.45182	-8.86287	-5.73718	-5.18694
432	1	4	2	2	6	3	17	-4.67678	-2.45448	-4.53493	-5.71301
433	1	2	215	4	923	24	8	-30.5052	-27.6192	-25.0534	-19.9898
434	1	2	3	4	5	9	3	-4.65542	-2.49226	-3.61924	-5.04718
435	2	1	1	3	2	1	5	-4.63089	-3.79378	-6.34614	-7.50629
436	1	4	2	2	6	3	17	-4.67678	-2.45448	-4.53493	-5.71301
437	2	4	1	2	2	1	5	-2.78043	-3.66223	-4.17908	-4.18401
438	2	1	5	3	2	5	5	-5.59695	-2.8345	-4.09932	-5.64091
439	4	7	10	4	42	51	1	-2.93143	-4.65364	-4.85293	-3.84653
440	4	7	10	4	1	7	1	-1.82666	-3.77514	-2.58176	-1.96043
441	4	7	10	4	1	7	1	-1.82666	-3.77514	-2.58176	-1.96043
442	4	7	10	4	1	7	1	-1.82666	-3.77514	-2.58176	-1.96043
443	2	1	21	3	2	1	5	-2.93985	-2.49685	-4.40791	-4.62175
444	2	1	21	3	2	1	5	-2.93985	-2.49685	-4.40791	-4.62175
445	2	4	1	2	7	1	5	-2.31052	-5.8999	-6.3184	-5.33922
446	4	7	10	4	1	7	1	-1.82666	-3.77514	-2.58176	-1.96043
447	4	7	10	4	1	7	1	-1.82666	-3.77514	-2.58176	-1.96043
448	2	1	1	3	2	1	5	-4.63089	-3.79378	-6.34614	-7.50629
449	2	1	21	3	2	1	5	-2.93985	-2.49685	-4.40791	-4.62175
450	2	1	21	3	2	1	5	-2.93985	-2.49685	-4.40791	-4.62175
451	4	7	10	4	42	51	1	-2.93143	-4.65364	-4.85293	-3.84653
452	4	7	10	1	1	7	1	-5.27156	-8.48108	-6.00491	-6.15714
453	239	27	16	19	10	5	7	-10.1554	-6.47506	-9.08258	-10.9147
454	2	1	12	3	2	1	5	-2.63105	-2.12339	-3.66065	-5.01299
455	2	4	1	2	2	1	5	-2.78043	-3.66223	-4.17908	-4.18401
456	2	1	12	3	2	1	5	-2.63105	-2.12339	-3.66065	-5.01299
457	2	1	12	3	2	1	5	-2.63105	-2.12339	-3.66065	-5.01299
458	10	81	50	99	120	76	52	-6.66071	-6.35411	-5.24948	-5.19212
459	47	2	4	2	6	5	17	-10.4289	-10.2001	-6.23395	-8.65023
460	2	4	1	3	2	1	5	-6.84339	-8.66245	-10.1371	-9.96625
461	4	7	10	4	1	7	1	-1.82666	-3.77514	-2.58176	-1.96043
462	2	1	1	380	2	1	5	-6.16583	-5.74407	-8.26293	-9.21744
463	2	4	1	2	7	1	5	-2.31052	-5.8999	-6.3184	-5.33922
464	2	1	12	88	2	1	5	-3.9581	-3.43714	-5.69132	-5.42301
465	7	71	5	62	11	67	1	-31.3534	-27.6734	-28.4984	-26.506
466	2	4	1	2	7	1	5	-2.31052	-5.8999	-6.3184	-5.33922
467	4	7	10	4	1	7	1	-1.82666	-3.77514	-2.58176	-1.96043
468	2	1	1	380	2	1	5	-6.16583	-5.74407	-8.26293	-9.21744
469	2	4	1	2	2	1	5	-2.78043	-3.66223	-4.17908	-4.18401
470	2	1	12	3	2	1	5	-2.63105	-2.12339	-3.66065	-5.01299
471	1	14	2	2	6	1	17	-9.21978	-6.43746	-7.55651	-6.35094
472	1	2	4	62	4	5	17	-6.11773	-4.85457	-7.4188	-8.78154
473	4	7	10	4	1	7	1	-1.82666	-3.77514	-2.58176	-1.96043
474	2	1	21	3	2	1	5	-2.93985	-2.49685	-4.40791	-4.62175
475	2	4	1	2	2	1	5	-2.78043	-3.66223	-4.17908	-4.18401
476	1	4	2	2	6	3	17	-4.67678	-2.45448	-4.53493	-5.71301
477	4	7	10	4	1	7	1	-1.82666	-3.77514	-2.58176	-1.96043
478	10	2	107	62	120	76	1	-6.84551	-9.69041	-7.7727	-6.34108
479	2	1	12	3	2	1	5	-2.63105	-2.12339	-3.66065	-5.01299
480	2	1	5	3	2	3	5	-4.24636	-3.25725	-5.38073	-4.84903
481	2	1	21	3	2	1	5	-2.93985	-2.49685	-4.40791	-4.62175
482	1	2	3	4	5	9	3	-4.65542	-2.49226	-3.61924	-5.04718
483	1	307	3	4	5	9	3	-6.83746	-6.42965	-6.16291	-8.39889
484	7	2	5	2	10	3	6	-31.9327	-27.745	-29.3479	-28.234
485	1	2	3	4	5	9	3	-4.65542	-2.49226	-3.61924	-5.04718
486	33	39	30	82	104	173	68	-5.40729	-3.98551	-6.55801	-7.98157
487	4	7	10	4	42	7	1	-6.55853	-8.31485	-5.48951	-4.66602
488	2	1	12	88	2	1	5	-3.9581	-3.43714	-5.69132	-5.42301
489	2	4	1	2	2	1	5	-2.78043	-3.66223	-4.17908	-4.18401
490	2	1	21	3	2	1	5	-2.93985	-2.49685	-4.40791	-4.62175
491	9	2	4	62	4	5	6	-3.71921	-5.23732	-5.93694	-6.93433
492	2	1	5	3	2	3	5	-4.24636	-3.25725	-5.38073	-4.84903
493	4	7	10	4	1	7	1	-1.82666	-3.77514	-2.58176	-1.96043
494	2	1	57	26	127	29	35	-6.87124	-9.64552	-6.22329	-8.46844
495	2	1	57	26	127	29	35	-6.87124	-9.64552	-6.22329	-8.46844
496	2	4	2	4	19	3	6	-5.80136	-9.40567	-10.0627	-9.27329
497	2	1	12	3	2	1	5	-2.63105	-2.12339	-3.66065	-5.01299
498	2	4	1	2	2	1	5	-2.78043	-3.66223	-4.17908	-4.18401
499	2	4	1	2	2	1	5	-2.78043	-3.66223	-4.17908	-4.18401
500	2	1	21	3	2	1	5	-2.93985	-2.49685	-4.40791	-4.62175
501	33	39	65	79	104	43	17	-4.60072	-8.21022	-8.8665	-8.08403
502	1	14	2	2	6	1	17	-9.21978	-6.43746	-7.55651	-6.35094
503	2	1	12	3	2	1	5	-2.63105	-2.12339	-3.66065	-5.01299
504	7	21	5	62	4	61	44	-7.46313	-3.83597	-5.64066	-7.75415
505	9	2	4	62	4	5	6	-3.71921	-5.23732	-5.93694	-6.93433
506	129	66	30	82	189	47	17	-3.24888	-4.89612	-5.46382	-4.19709
507	2	1	21	3	2	1	5	-2.93985	-2.49685	-4.40791	-4.62175
508	47	2	4	2	6	5	17	-10.4289	-10.2001	-6.23395	-8.65023
509	2	4	1	2	7	1	5	-2.31052	-5.8999	-6.3184	-5.33922
510	33	38	30	82	104	325	36	-14.2963	-10.5699	-12.9622	-13.2747
511	1	4	2	2	6	3	17	-4.67678	-2.45448	-4.53493	-5.71301
512	1	4	2	2	6	3	17	-4.67678	-2.45448	-4.53493	-5.71301
513	2	4	1	2	2	1	5	-2.78043	-3.66223	-4.17908	-4.18401
514	4	7	10	4	1	7	1	-1.82666	-3.77514	-2.58176	-1.96043
515	33	283	44	82	189	44	17	-7.05	-3.47604	-5.37428	-6.09242
516	8	10	149	2	11	12	6	-4.88811	-3.97866	-5.67933	-7.40347
517	2	1	21	3	62	1	5	-5.79916	-9.39277	-10.0607	-9.27615
518	10	1	16	19	10	5	7	-6.28592	-2.75099	-4.18055	-5.28388
519	180	194	2	68	19	231	147	-26.0032	-29.3672	-28.9529	-20.5785
520	2	4	1	2	7	1	5	-2.31052	-5.8999	-6.3184	-5.33922
521	2	4	2	2	6	1	5	-6.09838	-4.83761	-5.96335	-8.01479
522	1	2	3	4	5	9	3	-4.65542	-2.49226	-3.61924	-5.04718
523	2	1	21	3	2	1	5	-2.93985	-2.49685	-4.40791	-4.62175
524	2	1	12	3	2	1	5	-2.63105	-2.12339	-3.66065	-5.01299
525	2	1	5	3	2	3	5	-4.24636	-3.25725	-5.38073	-4.84903
526	1	307	3	4	5	9	3	-6.83746	-6.42965	-6.16291	-8.39889
527	2	4	1	2	7	1	5	-2.31052	-5.8999	-6.3184	-5.33922
528	2	1	12	3	2	1	5	-2.63105	-2.12339	-3.66065	-5.01299
529	7	21	5	62	4	61	44	-7.46313	-3.83597	-5.64066	-7.75415
530	2	1	5	3	2	3	5	-4.24636	-3.25725	-5.38073	-4.84903
531	2	1	12	88	2	1	5	-3.9581	-3.43714	-5.69132	-5.42301
532	2	1	21	3	2	1	5	-2.93985	-2.49685	-4.40791	-4.62175
533	1	4	2	2	6	3	17	-4.67678	-2.45448	-4.53493	-5.71301
534	2	4	1	2	7	1	5	-2.31052	-5.8999	-6.3184	-5.33922
535	47	2	4	2	6	5	17	-10.4289	-10.2001	-6.23395	-8.65023
536	1	4	2	2	6	3	17	-4.67678	-2.45448	-4.53493	-5.71301
537	1	2	3	4	5	9	3	-4.65542	-2.49226	-3.61924	-5.04718
538	2	4	1	2	2	1	5	-2.78043	-3.66223	-4.17908	-4.18401
539	4	7	10	4	42	7	1	-6.55853	-8.31485	-5.48951	-4.66602
540	2	4	1	9	2	1	5	-6.90703	-7.75417	-8.0575	-6.5431
541	2	1	12	3	2	1	5	-2.63105	-2.12339	-3.66065	-5.01299
542	1	4	2	9	6	3	17	-8.80723	-6.49635	-8.38295	-8.05773
543	1	2	3	4	922	9	3	-8.79719	-6.58593	-7.49842	-7.40766
544	4	7	10	4	1	7	1	-1.82666	-3.77514	-2.58176	-1.96043
545	2	1	5	3	2	3	5	-4.24636	-3.25725	-5.38073	-4.84903
546	2	4	1	2	7	1	5	-2.31052	-5.8999	-6.3184	-5.33922
547	4	7	10	4	1	7	1	-1.82666	-3.77514	-2.58176	-1.96043
548	2	4	1	2	2	1	5	-2.78043	-3.66223	-4.17908	-4.18401
549	2	1	21	3	2	1	5	-2.93985	-2.49685	-4.40791	-4.62175
550	4	7	10	4	1	7	1	-1.82666	-3.77514	-2.58176	-1.96043
551	1	4	2	2	6	3	17	-4.67678	-2.45448	-4.53493	-5.71301
552	2	1	5	3	2	5	5	-5.59695	-2.8345	-4.09932	-5.64091
553	2	1	12	3	2	1	5	-2.63105	-2.12339	-3.66065	-5.01299
554	4	936	10	4	1	7	1	-5.96295	-7.86539	-6.43635	-4.32425
555	180	194	2	68	19	231	147	-26.0032	-29.3672	-28.9529	-20.5785
556	4	7	10	4	42	51	1	-2.93143	-4.65364	-4.85293	-3.84653
557	4	7	10	4	42	25	1	-8.45182	-8.86287	-5.73718	-5.18694
558	2	1	21	3	2	1	5	-2.93985	-2.49685	-4.40791	-4.62175
559	2	1	5	3	2	3	5	-4.24636	-3.25725	-5.38073	-4.84903
560	2	1	5	3	2	3	5	-4.24636	-3.25725	-5.38073	-4.84903
561	4	7	10	4	42	51	1	-2.93143	-4.65364	-4.85293	-3.84653
562	4	7	10	4	1	7	1	-1.82666	-3.77514	-2.58176	-1.96043
563	2	4	1	2	7	1	5	-2.31052	-5.8999	-6.3184	-5.33922
564	2	1	21	3	2	1	5	-2.93985	-2.49685	-4.40791	-4.62175
565	1	4	2	2	6	3	17	-4.67678	-2.45448	-4.53493	-5.71301
566	188	313	5	2	89	5	6	-40.7615	-36.2531	-38.8365	-39.4367
567	2	1	21	3	2	1	5	-2.93985	-2.49685	-4.40791	-4.62175
568	2	1	1	3	2	1	5	-4.63089	-3.79378	-6.34614	-7.50629
569	2	1	5	3	2	3	5	-4.24636	-3.25725	-5.38073	-4.84903
570	2	4	1	2	2	1	5	-2.78043	-3.66223	-4.17908	-4.18401
571	2	1	5	3	2	3	5	-4.24636	-3.25725	-5.38073	-4.84903
572	2	1	1	3	2	1	5	-4.63089	-3.79378	-6.34614	-7.50629
573	2	1	5	3	2	3	5	-4.24636	-3.25725	-5.38073	-4.84903
574	1	4	2	2	6	3	17	-4.67678	-2.45448	-4.53493	-5.71301
575	1	4	2	2	6	3	17	-4.67678	-2.45448	-4.53493	-5.71301
576	2	1	21	3	2	1	5	-2.93985	-2.49685	-4.40791	-4.62175
577	239	27	16	19	10	5	7	-10.1554	-6.47506	-9.08258	-10.9147
578	2	4	5	2	2	5	5	-3.67612	-7.22169	-7.17211	-5.98211
579	9	2	4	62	4	5	6	-3.71921	-5.23732	-5.93694	-6.93433
580	2	1	1	3	2	1	5	-4.63089	-3.79378	-6.34614	-7.50629
581	2	1	5	3	2	3	5	-4.24636	-3.25725	-5.38073	-4.84903
582	1	4	2	2	6	3	17	-4.67678	-2.45448	-4.53493	-5.71301
583	2	4	5	2	2	5	5	-3.67612	-7.22169	-7.17211	-5.98211
584	2	4	5	2	2	5	5	-3.67612	-7.22169	-7.17211	-5.98211
585	2	1	5	3	2	3	5	-4.24636	-3.25725	-5.38073	-4.84903
586	2	1	1	380	2	1	5	-6.16583	-5.74407	-8.26293	-9.21744
587	2	7	10	4	1	7	1	-6.62914	-8.82045	-8.18988	-6.99166
588	2	1	12	3	2	1	5	-2.63105	-2.12339	-3.66065	-5.01299
589	2	4	1	2	2	1	5	-2.78043	-3.66223	-4.17908	-4.18401
590	9	2	4	62	4	5	6	-3.71921	-5.23732	-5.93694	-6.93433
591	2	4	5	2	2	5	5	-3.67612	-7.22169	-7.17211	-5.98211
592	1	4	2	2	6	3	17	-4.67678	-2.45448	-4.53493	-5.71301
593	1	4	2	2	6	5	17	-12.9988	-8.76624	-11.5909	-13.6218
594	2	4	2	2	6	1	5	-6.09838	-4.83761	-5.96335	-8.01479
595	1	4	2	2	6	5	17	-12.9988	-8.76624	-11.5909	-13.6218
596	2	23	21	3	2	1	5	-7.08245	-6.59489	-8.28868	-6.98425
597	7	21	5	62	4	61	44	-7.46313	-3.83597	-5.64066	-7.75415
598	2	4	1	2	2	1	5	-2.78043	-3.66223	-4.17908	-4.18401
599	1	307	3	4	5	9	3	-6.83746	-6.42965	-6.16291	-8.39889
600	1	2	3	4	5	9	3	-4.65542	-2.49226	-3.61924	-5.04718
601	9	2	4	62	4	5	6	-3.71921	-5.23732	-5.93694	-6.93433
602	2	1	12	3	2	1	5	-2.63105	-2.12339	-3.66065	-5.01299
603	1	4	2	2	6	3	17	-4.67678	-2.45448	-4.53493	-5.71301
604	10	1	16	19	10	5	7	-6.28592	-2.75099	-4.18055	-5.28388
605	2	1	12	3	2	1	5	-2.63105	-2.12339	-3.66065	-5.01299
606	180	194	2	68	19	231	147	-26.0032	-29.3672	-28.9529	-20.5785
607	2	1	12	3	2	1	5	-2.63105	-2.12339	-3.66065	-5.01299
608	4	7	10	4	1	7	1	-1.82666	-3.77514	-2.58176	-1.96043
609	129	66	30	82	189	47	17	-3.24888	-4.89612	-5.46382	-4.19709
610	4	7	10	4	1	7	1	-1.82666	-3.77514	-2.58176	-1.96043
611	2	1	12	3	2	1	5	-2.63105	-2.12339	-3.66065	-5.01299
612	2	1	21	3	2	1	5	-2.93985	-2.49685	-4.40791	-4.62175
613	4	7	10	4	1	7	1	-1.82666	-3.77514	-2.58176	-1.96043
614	10	1	16	19	10	5	7	-6.28592	-2.75099	-4.18055	-5.28388
615	8	10	149	2	11	12	6	-4.88811	-3.97866	-5.67933	-7.40347
616	129	66	30	82	189	47	17	-3.24888	-4.89612	-5.46382	-4.19709
617	2	4	1	2	2	1	5	-2.78043	-3.66223	-4.17908	-4.18401
618	180	194	2	68	19	231	147	-26.0032	-29.3672	-28.9529	-20.5785
619	2	1	5	3	2	3	5	-4.24636	-3.25725	-5.38073	-4.84903
620	2	4	1	2	2	1	5	-2.78043	-3.66223	-4.17908	-4.18401
621	1	2	3	4	5	9	3	-4.65542	-2.49226	-3.61924	-5.04718
622	180	194	2	68	19	231	147	-26.0032	-29.3672	-28.9529	-20.5785
623	33	39	65	79	104	43	17	-4.60072	-8.21022	-8.8665	-8.08403
624	2	4	5	2	2	5	5	-3.67612	-7.22169	-7.17211	-5.98211
625	2	1	5	3	2	5	5	-5.59695	-2.8345	-4.09932	-5.64091
626	2	1	12	3	2	1	5	-2.63105	-2.12339	-3.66065	-5.01299
627	180	194	2	68	19	231	147	-26.0032	-29.3672	-28.9529	-20.5785
628	2	1	21	3	2	1	5	-2.93985	-2.49685	-4.40791	-4.62175
629	2	1	5	3	2	5	5	-5.59695	-2.8345	-4.09932	-5.64091
630	2	1	21	3	2	1	5	-2.93985	-2.49685	-4.40791	-4.62175
631	1	2	3	4	5	9	3	-4.65542	-2.49226	-3.61924	-5.04718
632	2	1	21	3	2	1	5	-2.93985	-2.49685	-4.40791	-4.62175
633	8	10	2	2	11	12	6	-3.9576	-7.50563	-8.21759	-7.43983
634	2	4	1	2	7	1	5	-2.31052	-5.8999	-6.3184	-5.33922
635	2	1	5	3	2	3	5	-4.24636	-3.25725	-5.38073	-4.84903
636	1	2	3	4	5	9	3	-4.65542	-2.49226	-3.61924	-5.04718
637	9	2	4	62	4	5	6	-3.71921	-5.23732	-5.93694	-6.93433
638	2	1	21	3	2	1	5	-2.93985	-2.49685	-4.40791	-4.62175
639	8	10	149	2	11	12	6	-4.88811	-3.97866	-5.67933	-7.40347
640	2	1	12	88	2	1	5	-3.9581	-3.43714	-5.69132	-5.42301
641	2	4	1	2	2	1	5	-2.78043	-3.66223	-4.17908	-4.18401
642	2	1	5	10	10	1	5	-23.816	-23.3284	-23.1132	-23.1585
643	1	2	3	4	5	9	3	-4.65542	-2.49226	-3.61924	-5.04718
644	2	4	1	2	7	1	5	-2.31052	-5.8999	-6.3184	-5.33922
645	2	4	1	2	2	1	5	-2.78043	-3.66223	-4.17908	-4.18401
646	1	2	3	4	5	9	3	-4.65542	-2.49226	-3.61924	-5.04718
647	2	1	12	88	2	1	5	-3.9581	-3.43714	-5.69132	-5.42301
648	4	7	10	4	1	7	1	-1.82666	-3.77514	-2.58176	-1.96043
649	2	1	21	3	2	1	5	-2.93985	-2.49685	-4.40791	-4.62175
650	2	4	1	2	7	1	5	-2.31052	-5.8999	-6.3184	-5.33922
651	33	38	30	82	118	43	17	-20.254	-19.0554	-21.7386	-22.5193
652	2	4	1	2	2	1	5	-2.78043	-3.66223	-4.17908	-4.18401
653	2	1	5	3	2	3	5	-4.24636	-3.25725	-5.38073	-4.84903
654	4	7	10	4	1	7	1	-1.82666	-3.77514	-2.58176	-1.96043
655	8	10	2	2	11	12	6	-3.9576	-7.50563	-8.21759	-7.43983
656	2	4	5	2	2	5	5	-3.67612	-7.22169	-7.17211	-5.98211
657	4	7	10	4	1	7	1	-1.82666	-3.77514	-2.58176	-1.96043
658	2	1	5	3	2	3	5	-4.24636	-3.25725	-5.38073	-4.84903
659	33	39	30	82	113	47	17	-5.77883	-5.75514	-8.21791	-8.95445
660	2	1	21	3	2	1	5	-2.93985	-2.49685	-4.40791	-4.62175
661	2	4	1	2	7	1	5	-2.31052	-5.8999	-6.3184	-5.33922
662	2	1	1	3	2	1	5	-4.63089	-3.79378	-6.34614	-7.50629
663	4	7	10	4	1	7	1	-1.82666	-3.77514	-2.58176	-1.96043
664	7	21	5	62	4	61	44	-7.46313	-3.83597	-5.64066	-7.75415
665	10	81	50	99	120	76	52	-6.66071	-6.35411	-5.24948	-5.19212
666	4	7	10	4	1	7	1	-1.82666	-3.77514	-2.58176	-1.96043
667	1	2	3	4	5	9	3	-4.65542	-2.49226	-3.61924	-5.04718
668	1	2	3	4	5	9	3	-4.65542	-2.49226	-3.61924	-5.04718
669	2	4	1	2	7	1	5	-2.31052	-5.8999	-6.3184	-5.33922
670	4	7	10	4	1	7	1	-1.82666	-3.77514	-2.58176	-1.96043
671	2	1	5	3	2	3	5	-4.24636	-3.25725	-5.38073	-4.84903
672	1	4	2	2	6	3	17	-4.67678	-2.45448	-4.53493	-5.71301
673	4	935	10	4	1	7	1	-5.96295	-7.86539	-6.43635	-4.32425
674	10	1	16	19	10	5	7	-6.28592	-2.75099	-4.18055	-5.28388
675	4	7	10	4	1	7	1	-1.82666	-3.77514	-2.58176	-1.96043
676	33	39	65	79	104	43	17	-4.60072	-8.21022	-8.8665	-8.08403
677	2	4	2	2	6	1	5	-6.09838	-4.83761	-5.96335	-8.01479
678	4	7	10	4	42	25	1	-8.45182	-8.86287	-5.73718	-5.18694
679	1	4	2	2	6	3	17	-4.67678	-2.45448	-4.53493	-5.71301
680	4	7	10	4	42	25	1	-8.45182	-8.86287	-5.73718	-5.18694
681	4	7	10	4	42	25	1	-8.45182	-8.86287	-5.73718	-5.18694
682	4	7	10	4	1	7	1	-1.82666	-3.77514	-2.58176	-1.96043
683	2	4	1	2	7	1	5	-2.31052	-5.8999	-6.3184	-5.33922
684	4	7	10	4	1	7	1	-1.82666	-3.77514	-2.58176	-1.96043
685	4	7	10	4	42	7	1	-6.55853	-8.31485	-5.48951	-4.66602
686	10	27	16	19	10	5	7	-20.6154	-12.8459	-16.0472	-17.665
687	10	81	50	99	120	76	52	-6.66071	-6.35411	-5.24948	-5.19212
688	4	7	10	4	1	7	1	-1.82666	-3.77514	-2.58176	-1.96043
689	4	7	10	4	42	51	1	-2.93143	-4.65364	-4.85293	-3.84653
690	4	7	10	4	1	7	1	-1.82666	-3.77514	-2.58176	-1.96043
691	10	81	50	99	120	76	52	-6.66071	-6.35411	-5.24948	-5.19212
692	2	4	1	2	2	1	5	-2.78043	-3.66223	-4.17908	-4.18401
693	4	7	10	4	42	51	1	-2.93143	-4.65364	-4.85293	-3.84653
694	4	7	10	4	42	51	1	-2.93143	-4.65364	-4.85293	-3.84653
695	4	7	10	4	42	51	1	-2.93143	-4.65364	-4.85293	-3.84653
696	8	10	2	2	11	12	6	-3.9576	-7.50563	-8.21759	-7.43983
697	33	38	30	82	104	43	17	-5.29375	-8.90202	-9.55701	-8.76998
698	4	7	10	4	1	7	1	-1.82666	-3.77514	-2.58176	-1.96043
699	10	81	50	99	120	76	52	-6.66071	-6.35411	-5.24948	-5.19212
700	2	4	1	2	7	1	5	-2.31052	-5.8999	-6.3184	-5.33922
701	4	7	10	4	1	7	1	-1.82666	-3.77514	-2.58176	-1.96043
702	4	7	10	4	1	7	1	-1.82666	-3.77514	-2.58176	-1.96043
703	10	81	50	99	120	76	52	-6.66071	-6.35411	-5.24948	-5.19212
704	4	7	10	4	42	51	1	-2.93143	-4.65364	-4.85293	-3.84653
705	9	2	4	62	4	5	6	-3.71921	-5.23732	-5.93694	-6.93433
706	4	7	10	4	1	7	1	-1.82666	-3.77514	-2.58176	-1.96043
707	2	1	1	3	2	1	5	-4.63089	-3.79378	-6.34614	-7.50629
708	1	14	2	2	6	1	17	-9.21978	-6.43746	-7.55651	-6.35094
709	2	4	2	2	6	1	5	-6.09838	-4.83761	-5.96335	-8.01479
710	2	4	2	2	6	1	5	-6.09838	-4.83761	-5.96335	-8.01479
711	4	7	10	4	42	51	1	-2.93143	-4.65364	-4.85293	-3.84653
712	10	2	107	62	120	76	1	-6.84551	-9.69041	-7.7727	-6.34108
713	2	1	12	3	2	1	5	-2.63105	-2.12339	-3.66065	-5.01299
714	2	4	1	2	2	1	5	-2.78043	-3.66223	-4.17908	-4.18401
715	47	2	4	2	6	5	17	-10.4289	-10.2001	-6.23395	-8.65023
716	4	7	10	4	42	5	1	-11.2241	-10.9241	-11.2502	-11.2335
717	2	1	12	3	2	1	5	-2.63105	-2.12339	-3.66065	-5.01299
718	4	7	10	4	42	51	1	-2.93143	-4.65364	-4.85293	-3.84653
719	1	307	3	4	5	9	3	-6.83746	-6.42965	-6.16291	-8.39889
720	2	1	21	3	2	1	5	-2.93985	-2.49685	-4.40791	-4.62175
721	4	7	10	4	1	7	1	-1.82666	-3.77514	-2.58176	-1.96043
722	2	4	1	2	2	1	5	-2.78043	-3.66223	-4.17908	-4.18401
723	2	1	12	3	2	1	5	-2.63105	-2.12339	-3.66065	-5.01299
724	4	7	10	4	1	7	1	-1.82666	-3.77514	-2.58176	-1.96043
725	2	1	21	3	2	1	5	-2.93985	-2.49685	-4.40791	-4.62175
726	2	1	1	3	2	1	5	-4.63089	-3.79378	-6.34614	-7.50629
727	4	7	10	4	1	7	1	-1.82666	-3.77514	-2.58176	-1.96043
728	2	1	12	3	2	1	5	-2.63105	-2.12339	-3.66065	-5.01299
729	1	4	3	2	6	3	17	-14.7078	-9.25086	-11.8508	-14.0225
730	2	1	12	3	2	1	5	-2.63105	-2.12339	-3.66065	-5.01299
731	2	1	12	88	2	1	5	-3.9581	-3.43714	-5.69132	-5.42301
732	1	4	2	2	6	3	17	-4.67678	-2.45448	-4.53493	-5.71301
733	4	7	10	4	42	51	1	-2.93143	-4.65364	-4.85293	-3.84653
734	2	1	12	3	2	1	5	-2.63105	-2.12339	-3.66065	-5.01299
735	4	7	10	4	1	7	1	-1.82666	-3.77514	-2.58176	-1.96043
736	2	1	12	88	2	1	5	-3.9581	-3.43714	-5.69132	-5.42301
737	2	1	21	3	2	1	5	-2.93985	-2.49685	-4.40791	-4.62175
738	2	4	5	2	2	5	5	-3.67612	-7.22169	-7.17211	-5.98211
739	2	4	5	2	2	5	5	-3.67612	-7.22169	-7.17211	-5.98211
740	2	1	21	3	62	1	5	-5.79916	-9.39277	-10.0607	-9.27615
741	4	7	10	4	42	25	1	-8.45182	-8.86287	-5.73718	-5.18694
742	1	2	4	62	4	5	17	-6.11773	-4.85457	-7.4188	-8.78154
743	1	2	3	4	5	9	3	-4.65542	-2.49226	-3.61924	-5.04718
744	8	10	2	2	11	12	6	-3.9576	-7.50563	-8.21759	-7.43983
745	2	1	12	88	2	1	5	-3.9581	-3.43714	-5.69132	-5.42301
746	2	4	5	2	2	5	5	-3.67612	-7.22169	-7.17211	-5.98211
747	2	1	12	3	2	1	5	-2.63105	-2.12339	-3.66065	-5.01299
748	7	21	5	62	4	61	44	-7.46313	-3.83597	-5.64066	-7.75415
749	9	2	4	62	4	5	6	-3.71921	-5.23732	-5.93694	-6.93433
750	10	1	16	19	10	5	7	-6.28592	-2.75099	-4.18055	-5.28388
751	10	1	16	19	10	5	7	-6.28592	-2.75099	-4.18055	-5.28388
752	8	10	2	2	11	12	6	-3.9576	-7.50563	-8.21759	-7.43983
753	1	4	2	2	6	3	17	-4.67678	-2.45448	-4.53493	-5.71301
754	2	1	12	3	2	1	5	-2.63105	-2.12339	-3.66065	-5.01299
755	2	1	12	88	2	1	5	-3.9581	-3.43714	-5.69132	-5.42301
756	2	29	4	27	10	25	57	-19.7733	-20.2494	-14.3471	-11.7832
757	2	1	5	3	2	3	5	-4.24636	-3.25725	-5.38073	-4.84903
758	2	1	12	3	2	1	5	-2.63105	-2.12339	-3.66065	-5.01299
759	37	52	57	26	107	29	23	-8.22213	-8.64892	-5.62871	-4.93398
760	2	4	1	2	7	1	5	-2.31052	-5.8999	-6.3184	-5.33922
761	1	2	3	4	5	9	3	-4.65542	-2.49226	-3.61924	-5.04718
762	2	1	12	3	2	1	5	-2.63105	-2.12339	-3.66065	-5.01299
763	1	4	2	2	6	3	17	-4.67678	-2.45448	-4.53493	-5.71301
764	1	4	2	2	6	3	17	-4.67678	-2.45448	-4.53493	-5.71301
765	1	2	3	4	5	9	3	-4.65542	-2.49226	-3.61924	-5.04718
766	4	7	10	4	1	7	1	-1.82666	-3.77514	-2.58176	-1.96043
767	2	1	21	3	2	1	5	-2.93985	-2.49685	-4.40791	-4.62175
768	2	1	12	3	2	1	5	-2.63105	-2.12339	-3.66065	-5.01299
769	2	4	1	2	2	5	5	-6.8275	-6.412	-8.8572	-9.777
770	2	4	1	2	2	1	5	-2.78043	-3.66223	-4.17908	-4.18401
771	2	4	5	2	2	5	5	-3.67612	-7.22169	-7.17211	-5.98211
772	10	1	16	19	10	5	7	-6.28592	-2.75099	-4.18055	-5.28388
773	7	21	5	62	4	61	44	-7.46313	-3.83597	-5.64066	-7.75415
774	9	2	4	62	4	5	6	-3.71921	-5.23732	-5.93694	-6.93433
775	2	1	12	3	2	1	5	-2.63105	-2.12339	-3.66065	-5.01299
776	1	4	2	2	6	3	17	-4.67678	-2.45448	-4.53493	-5.71301
777	4	7	10	4	1	7	1	-1.82666	-3.77514	-2.58176	-1.96043
778	2	1	12	3	2	1	5	-2.63105	-2.12339	-3.66065	-5.01299
779	2	1	5	3	2	5	5	-5.59695	-2.8345	-4.09932	-5.64091
780	2	23	21	3	2	1	5	-7.08245	-6.59489	-8.28868	-6.98425
781	2	4	5	2	2	5	5	-3.67612	-7.22169	-7.17211	-5.98211
782	2	4	2	2	6	1	5	-6.09838	-4.83761	-5.96335	-8.01479
783	2	1	12	3	2	1	5	-2.63105	-2.12339	-3.66065	-5.01299
784	4	7	10	4	42	51	1	-2.93143	-4.65364	-4.85293	-3.84653
785	7	17	5	2	86	232	1	-29.4425	-32.4095	-30.0223	-24.7684
786	2	4	1	2	2	1	5	-2.78043	-3.66223	-4.17908	-4.18401
787	2	1	12	3	2	1	5	-2.63105	-2.12339	-3.66065	-5.01299
788	2	1	21	3	2	1	5	-2.93985	-2.49685	-4.40791	-4.62175
789	7	17	2	15	23	3	12	-6.90396	-10.513	-11.1696	-10.3865
790	2	1	5	3	2	5	5	-5.59695	-2.8345	-4.09932	-5.64091
791	1	6	60	24	12	28	1	-29.8981	-30.4999	-24.3808	-18.2185
792	1	2	3	4	5	9	3	-4.65542	-2.49226	-3.61924	-5.04718
793	2	4	5	2	2	5	5	-3.67612	-7.22169	-7.17211	-5.98211
794	1	2	3	4	5	9	3	-4.65542	-2.49226	-3.61924	-5.04718
795	1	6	60	24	12	28	1	-29.8981	-30.4999	-24.3808	-18.2185
796	9	2	4	62	4	5	6	-3.71921	-5.23732	-5.93694	-6.93433
797	2	4	1	2	2	1	5	-2.78043	-3.66223	-4.17908	-4.18401
798	4	7	10	4	1	7	1	-1.82666	-3.77514	-2.58176	-1.96043
799	2	4	5	2	2	5	5	-3.67612	-7.22169	-7.17211	-5.98211
800	7	2	2	2	11	12	6	-4.5042	-8.11265	-8.76946	-7.98614
801	2	1	21	3	2	1	941	-7.08255	-6.57567	-8.27916	-6.9819
802	9	2	2	10	10	3	5	-30.3988	-25.1815	-26.2006	-24.7705
803	8	10	149	2	11	12	6	-4.88811	-3.97866	-5.67933	-7.40347
804	7	1	5	2	10	3	6	-32.9361	-29.1436	-30.0268	-28.4154
805	2	1	21	3	2	1	5	-2.93985	-2.49685	-4.40791	-4.62175
806	33	39	30	82	113	43	17	-9.53015	-6.44836	-6.18073	-8.55444
807	1	6	60	24	12	28	1	-29.8981	-30.4999	-24.3808	-18.2185
808	1	6	60	24	12	28	1	-29.8981	-30.4999	-24.3808	-18.2185
809	7	17	2	15	23	3	12	-6.90396	-10.513	-11.1696	-10.3865
810	1	4	2	2	6	3	17	-4.67678	-2.45448	-4.53493	-5.71301
811	1	4	2	2	6	3	17	-4.67678	-2.45448	-4.53493	-5.71301
812	7	21	5	62	4	61	44	-7.46313	-3.83597	-5.64066	-7.75415
813	239	27	16	19	10	5	7	-10.1554	-6.47506	-9.08258	-10.9147
814	9	2	4	62	4	5	6	-3.71921	-5.23732	-5.93694	-6.93433
815	10	1	16	19	10	5	7	-6.28592	-2.75099	-4.18055	-5.28388
816	2	1	5	3	2	5	5	-5.59695	-2.8345	-4.09932	-5.64091
817	2	4	5	2	2	5	5	-3.67612	-7.22169	-7.17211	-5.98211
818	8	10	2	2	11	12	6	-3.9576	-7.50563	-8.21759	-7.43983
819	7	17	2	15	23	3	12	-6.90396	-10.513	-11.1696	-10.3865
820	2	4	1	4	1	1	5	-15.8826	-18.0149	-16.0137	-14.5747
821	4	7	10	4	1	7	1	-1.82666	-3.77514	-2.58176	-1.96043
822	8	10	149	2	11	12	6	-4.88811	-3.97866	-5.67933	-7.40347
823	2	1	12	88	2	1	5	-3.9581	-3.43714	-5.69132	-5.42301
824	2	4	2	2	6	1	5	-6.09838	-4.83761	-5.96335	-8.01479
825	10	81	50	99	120	76	52	-6.66071	-6.35411	-5.24948	-5.19212
826	2	4	5	2	2	5	5	-3.67612	-7.22169	-7.17211	-5.98211
827	2	4	1	2	2	5	5	-6.8275	-6.412	-8.8572	-9.777
828	8	10	149	2	11	12	6	-4.88811	-3.97866	-5.67933	-7.40347
829	1	4	2	2	6	3	17	-4.67678	-2.45448	-4.53493	-5.71301
830	2	165	73	147	220	190	104	-8.62459	-9.16746	-6.70938	-5.2612
831	4	7	10	4	42	25	1	-8.45182	-8.86287	-5.73718	-5.18694
832	7	2	2	2	11	12	6	-4.5042	-8.11265	-8.76946	-7.98614
833	1	6	60	24	12	28	1	-29.8981	-30.4999	-24.3808	-18.2185
834	2	1	12	3	2	1	5	-2.63105	-2.12339	-3.66065	-5.01299
835	33	39	65	79	104	77	17	-5.2937	-8.9027	-9.55971	-8.77704
836	4	7	10	4	1	7	1	-1.82666	-3.77514	-2.58176	-1.96043
837	1	2	3	4	5	9	3	-4.65542	-2.49226	-3.61924	-5.04718
838	2	1	21	3	2	1	5	-2.93985	-2.49685	-4.40791	-4.62175
839	2	1	12	3	2	1	5	-2.63105	-2.12339	-3.66065	-5.01299
840	4	7	10	4	1	7	1	-1.82666	-3.77514	-2.58176	-1.96043
841	2	4	1	2	7	1	5	-2.31052	-5.8999	-6.3184	-5.33922
842	184	39	30	82	113	43	17	-3.95663	-6.18622	-7.87102	-7.4109
843	4	7	10	4	1	7	1	-1.82666	-3.77514	-2.58176	-1.96043
844	2	4	1	2	2	1	5	-2.78043	-3.66223	-4.17908	-4.18401
845	4	7	10	4	1	7	1	-1.82666	-3.77514	-2.58176	-1.96043
846	2	1	12	88	2	1	5	-3.9581	-3.43714	-5.69132	-5.42301
847	2	1	21	3	2	1	5	-2.93985	-2.49685	-4.40791	-4.62175
848	1	2	3	4	5	9	3	-4.65542	-2.49226	-3.61924	-5.04718
849	4	7	10	4	1	7	1	-1.82666	-3.77514	-2.58176	-1.96043
850	2	1	21	3	2	1	5	-2.93985	-2.49685	-4.40791	-4.62175
851	8	10	2	2	11	12	6	-3.9576	-7.50563	-8.21759	-7.43983
852	2	4	1	2	2	1	5	-2.78043	-3.66223	-4.17908	-4.18401
853	2	4	1	2	2	1	5	-2.78043	-3.66223	-4.17908	-4.18401
854	2	4	2	2	6	1	5	-6.09838	-4.83761	-5.96335	-8.01479
855	2	4	1	2	2	1	5	-2.78043	-3.66223	-4.17908	-4.18401
856	2	4	1	2	2	1	5	-2.78043	-3.66223	-4.17908	-4.18401
857	2	4	1	2	2	1	5	-2.78043	-3.66223	-4.17908	-4.18401
858	1	2	3	4	5	9	3	-4.65542	-2.49226	-3.61924	-5.04718
859	2	4	1	2	2	1	5	-2.78043	-3.66223	-4.17908	-4.18401
860	2	4	1	2	2	1	5	-2.78043	-3.66223	-4.17908	-4.18401
861	8	10	2	2	11	12	6	-3.9576	-7.50563	-8.21759	-7.43983
862	2	1	5	3	2	3	5	-4.24636	-3.25725	-5.38073	-4.84903
863	33	39	30	82	104	173	68	-5.40729	-3.98551	-6.55801	-7.98157
864	2	4	1	2	7	1	5	-2.31052	-5.8999	-6.3184	-5.33922
865	8	10	2	2	11	12	6	-3.9576	-7.50563	-8.21759	-7.43983
866	2	4	1	2	7	1	5	-2.31052	-5.8999	-6.3184	-5.33922
867	1	2	3	4	5	9	3	-4.65542	-2.49226	-3.61924	-5.04718
868	1	2	215	4	90	24	8	-30.5052	-27.6192	-25.0534	-19.9898
869	2	1	1	3	2	1	5	-4.63089	-3.79378	-6.34614	-7.50629
870	10	81	50	99	120	76	52	-6.66071	-6.35411	-5.24948	-5.19212
871	2	4	1	2	7	1	5	-2.31052	-5.8999	-6.3184	-5.33922
872	2	1	12	3	2	1	5	-2.63105	-2.12339	-3.66065	-5.01299
873	2	4	1	2	2	1	5	-2.78043	-3.66223	-4.17908	-4.18401
874	2	4	1	2	2	1	5	-2.78043	-3.66223	-4.17908	-4.18401
875	2	4	1	2	2	1	5	-2.78043	-3.66223	-4.17908	-4.18401
876	2	1	5	3	2	3	5	-4.24636	-3.25725	-5.38073	-4.84903
877	2	4	1	2	2	1	5	-2.78043	-3.66223	-4.17908	-4.18401
878	4	7	10	4	1	7	1	-1.82666	-3.77514	-2.58176	-1.96043
879	2	4	1	2	7	1	5	-2.31052	-5.8999	-6.3184	-5.33922
880	2	4	5	2	2	5	5	-3.67612	-7.22169	-7.17211	-5.98211
881	2	4	1	2	2	1	5	-2.78043	-3.66223	-4.17908	-4.18401
882	8	10	2	2	11	12	6	-3.9576	-7.50563	-8.21759	-7.43983
883	4	7	10	4	1	7	1	-1.82666	-3.77514	-2.58176	-1.96043
884	2	4	1	2	2	1	5	-2.78043	-3.66223	-4.17908	-4.18401
885	166	2	1	10	17	3	1	-35.2533	-35.8869	-33.9281	-28.418
886	2	4	1	2	7	1	5	-2.31052	-5.8999	-6.3184	-5.33922
887	2	4	1	2	2	1	5	-2.78043	-3.66223	-4.17908	-4.18401
888	4	7	10	4	1	7	1	-1.82666	-3.77514	-2.58176	-1.96043
889	4	7	10	4	1	7	1	-1.82666	-3.77514	-2.58176	-1.96043
890	2	4	1	2	7	1	5	-2.31052	-5.8999	-6.3184	-5.33922
891	2	4	1	2	2	1	5	-2.78043	-3.66223	-4.17908	-4.18401
892	2	1	5	3	2	3	5	-4.24636	-3.25725	-5.38073	-4.84903
893	9	25	2	10	22	3	6	-4.46828	-7.5175	-5.81068	-4.38921
894	2	1	21	3	62	1	5	-5.79916	-9.39277	-10.0607	-9.27615
895	129	66	30	82	189	47	17	-3.24888	-4.89612	-5.46382	-4.19709
896	129	66	30	82	189	47	17	-3.24888	-4.89612	-5.46382	-4.19709
897	4	7	10	4	1	7	1	-1.82666	-3.77514	-2.58176	-1.96043
898	2	4	1	2	2	1	5	-2.78043	-3.66223	-4.17908	-4.18401
899	4	7	10	4	42	7	1	-6.55853	-8.31485	-5.48951	-4.66602
900	2	4	1	2	7	1	5	-2.31052	-5.8999	-6.3184	-5.33922
901	1	307	3	4	5	9	3	-6.83746	-6.42965	-6.16291	-8.39889
902	2	1	21	3	2	1	5	-2.93985	-2.49685	-4.40791	-4.62175
903	4	7	10	4	1	7	1	-1.82666	-3.77514	-2.58176	-1.96043
904	2	1	21	3	2	1	5	-2.93985	-2.49685	-4.40791	-4.62175
905	2	4	1	2	2	5	5	-6.8275	-6.412	-8.8572	-9.777
906	2	4	1	2	7	1	5	-2.31052	-5.8999	-6.3184	-5.33922
907	2	4	1	2	7	1	5	-2.31052	-5.8999	-6.3184	-5.33922
908	2	4	1	2	7	1	5	-2.31052	-5.8999	-6.3184	-5.33922
909	4	7	10	4	1	7	1	-1.82666	-3.77514	-2.58176	-1.96043
910	8	10	2	2	11	12	6	-3.9576	-7.50563	-8.21759	-7.43983
911	7	21	5	62	4	61	44	-7.46313	-3.83597	-5.64066	-7.75415
912	2	1	12	88	2	1	5	-3.9581	-3.43714	-5.69132	-5.42301
913	2	4	1	2	2	1	5	-2.78043	-3.66223	-4.17908	-4.18401
914	1	2	3	4	5	9	3	-4.65542	-2.49226	-3.61924	-5.04718
915	2	4	1	2	7	1	5	-2.31052	-5.8999	-6.3184	-5.33922
916	2	4	1	2	2	1	5	-2.78043	-3.66223	-4.17908	-4.18401
917	2	4	1	2	2	1	5	-2.78043	-3.66223	-4.17908	-4.18401
918	2	4	1	2	7	1	5	-2.31052	-5.8999	-6.3184	-5.33922
919	4	7	10	4	1	7	1	-1.82666	-3.77514	-2.58176	-1.96043
920	2	1	5	3	2	3	5	-4.24636	-3.25725	-5.38073	-4.84903
921	2	4	1	2	7	1	5	-2.31052	-5.8999	-6.3184	-5.33922
922	2	4	1	2	2	1	5	-2.78043	-3.66223	-4.17908	-4.18401
923	8	10	2	2	11	12	6	-3.9576	-7.50563	-8.21759	-7.43983
924	2	1	12	3	2	1	5	-2.63105	-2.12339	-3.66065	-5.01299
925	48	7	10	4	183	7	1	-10.0197	-11.871	-10.286	-6.62319
926	7	21	5	62	4	61	44	-7.46313	-3.83597	-5.64066	-7.75415
927	4	7	10	4	1	7	1	-1.82666	-3.77514	-2.58176	-1.96043
928	9	25	2	10	22	3	6	-4.46828	-7.5175	-5.81068	-4.38921
929	2	4	1	2	2	1	5	-2.78043	-3.66223	-4.17908	-4.18401
930	2	4	1	2	7	1	5	-2.31052	-5.8999	-6.3184	-5.33922
931	2	4	1	2	2	1	5	-2.78043	-3.66223	-4.17908	-4.18401
932	2	4	1	2	2	1	5	-2.78043	-3.66223	-4.17908	-4.18401
933	9	25	2	10	22	3	6	-4.46828	-7.5175	-5.81068	-4.38921
934	2	4	1	2	2	1	5	-2.78043	-3.66223	-4.17908	-4.18401
935	2	4	1	2	2	1	5	-2.78043	-3.66223	-4.17908	-4.18401
936	2	4	1	2	7	1	5	-2.31052	-5.8999	-6.3184	-5.33922
937	2	4	1	2	7	1	5	-2.31052	-5.8999	-6.3184	-5.33922
938	2	4	1	2	2	1	5	-2.78043	-3.66223	-4.17908	-4.18401
939	2	4	1	2	2	1	5	-2.78043	-3.66223	-4.17908	-4.18401
940	4	7	10	4	1	7	1	-1.82666	-3.77514	-2.58176	-1.96043
941	2	4	1	2	2	1	5	-2.78043	-3.66223	-4.17908	-4.18401
942	4	7	10	4	1	7	1	-1.82666	-3.77514	-2.58176	-1.96043
943	2	4	1	2	7	1	5	-2.31052	-5.8999	-6.3184	-5.33922
944	2	4	1	2	2	1	5	-2.78043	-3.66223	-4.17908	-4.18401
945	4	7	10	4	1	7	1	-1.82666	-3.77514	-2.58176	-1.96043
946	9	25	2	10	22	3	6	-4.46828	-7.5175	-5.81068	-4.38921
947	10	81	50	99	120	76	52	-6.66071	-6.35411	-5.24948	-5.19212
948	2	1	21	3	2	1	5	-2.93985	-2.49685	-4.40791	-4.62175
949	4	7	10	4	1	7	1	-1.82666	-3.77514	-2.58176	-1.96043
950	2	4	1	2	7	1	5	-2.31052	-5.8999	-6.3184	-5.33922
951	4	7	10	4	1	7	1	-1.82666	-3.77514	-2.58176	-1.96043
952	4	7	10	4	1	7	1	-1.82666	-3.77514	-2.58176	-1.96043
953	8	315	2	2	11	12	6	-8.09938	-11.5983	-12.0961	-9.79979
954	8	10	2	2	11	12	6	-3.9576	-7.50563	-8.21759	-7.43983
955	2	4	1	2	2	1	5	-2.78043	-3.66223	-4.17908	-4.18401
956	4	7	10	4	1	7	1	-1.82666	-3.77514	-2.58176	-1.96043
957	2	4	1	2	2	1	5	-2.78043	-3.66223	-4.17908	-4.18401
958	2	4	1	2	2	1	5	-2.78043	-3.66223	-4.17908	-4.18401
959	2	4	1	2	2	1	5	-2.78043	-3.66223	-4.17908	-4.18401
960	2	4	1	2	7	1	5	-2.31052	-5.8999	-6.3184	-5.33922
961	2	4	1	2	2	1	5	-2.78043	-3.66223	-4.17908	-4.18401
962	2	4	1	2	2	1	5	-2.78043	-3.66223	-4.17908	-4.18401
963	2	1	21	3	2	1	5	-2.93985	-2.49685	-4.40791	-4.62175
964	2	4	1	2	2	1	5	-2.78043	-3.66223	-4.17908	-4.18401
965	1	4	2	2	2	3	17	-11.3883	-7.72146	-10.7344	-12.1256
966	2	4	1	2	2	1	5	-2.78043	-3.66223	-4.17908	-4.18401
967	2	4	1	2	2	1	5	-2.78043	-3.66223	-4.17908	-4.18401
968	7	21	5	62	4	61	44	-7.46313	-3.83597	-5.64066	-7.75415
969	2	4	1	2	2	1	5	-2.78043	-3.66223	-4.17908	-4.18401
970	4	7	10	4	1	7	1	-1.82666	-3.77514	-2.58176	-1.96043
971	2	4	1	2	2	1	5	-2.78043	-3.66223	-4.17908	-4.18401
972	10	1	16	19	10	5	7	-6.28592	-2.75099	-4.18055	-5.28388
973	8	10	2	2	11	12	6	-3.9576	-7.50563	-8.21759	-7.43983
974	4	7	10	4	1	7	1	-1.82666	-3.77514	-2.58176	-1.96043
975	2	4	2	2	6	1	5	-6.09838	-4.83761	-5.96335	-8.01479
976	2	4	1	2	2	1	5	-2.78043	-3.66223	-4.17908	-4.18401
977	2	4	1	2	2	1	5	-2.78043	-3.66223	-4.17908	-4.18401
978	2	1	12	3	2	1	5	-2.63105	-2.12339	-3.66065	-5.01299
979	2	1	21	3	2	1	5	-2.93985	-2.49685	-4.40791	-4.62175
980	1	4	2	2	6	3	17	-4.67678	-2.45448	-4.53493	-5.71301
981	9	2	4	62	4	5	6	-3.71921	-5.23732	-5.93694	-6.93433
982	9	2	4	62	4	5	6	-3.71921	-5.23732	-5.93694	-6.93433
983	2	4	1	2	2	1	5	-2.78043	-3.66223	-4.17908	-4.18401
984	9	25	2	10	22	3	6	-4.46828	-7.5175	-5.81068	-4.38921
985	2	1	12	3	2	1	5	-2.63105	-2.12339	-3.66065	-5.01299
986	2	4	1	2	2	1	5	-2.78043	-3.66223	-4.17908	-4.18401
987	2	4	1	2	2	1	5	-2.78043	-3.66223	-4.17908	-4.18401
988	2	4	1	2	2	1	5	-2.78043	-3.66223	-4.17908	-4.18401
989	1	4	2	2	6	3	17	-4.67678	-2.45448	-4.53493	-5.71301
990	1	4	2	2	6	3	17	-4.67678	-2.45448	-4.53493	-5.71301
991	9	25	2	10	22	3	6	-4.46828	-7.5175	-5.81068	-4.38921
992	1	4	2	2	6	3	17	-4.67678	-2.45448	-4.53493	-5.71301
993	2	4	1	2	2	1	5	-2.78043	-3.66223	-4.17908	-4.18401
994	2	4	1	2	2	1	5	-2.78043	-3.66223	-4.17908	-4.18401
995	8	10	2	2	11	12	6	-3.9576	-7.50563	-8.21759	-7.43983
996	2	4	1	2	2	1	5	-2.78043	-3.66223	-4.17908	-4.18401
997	2	1	5	3	2	5	5	-5.59695	-2.8345	-4.09932	-5.64091
998	8	10	2	2	11	12	6	-3.9576	-7.50563	-8.21759	-7.43983
999	2	4	1	2	2	1	5	-2.78043	-3.66223	-4.17908	-4.18401
1000	2	4	1	2	2	1	5	-2.78043	-3.66223	-4.17908	-4.18401
1001	2	1	21	3	2	1	5	-2.93985	-2.49685	-4.40791	-4.62175
1002	1	2	4	62	4	5	17	-6.11773	-4.85457	-7.4188	-8.78154
1003	2	1	12	3	2	1	5	-2.63105	-2.12339	-3.66065	-5.01299
1004	2	4	1	2	7	1	5	-2.31052	-5.8999	-6.3184	-5.33922
1005	1	307	3	4	5	9	3	-6.83746	-6.42965	-6.16291	-8.39889
1006	2	4	2	4	19	3	6	-5.80136	-9.40567	-10.0627	-9.27329
1007	2	4	1	2	2	1	5	-2.78043	-3.66223	-4.17908	-4.18401
1008	1	4	2	2	6	3	17	-4.67678	-2.45448	-4.53493	-5.71301
1009	9	25	2	10	22	3	6	-4.46828	-7.5175	-5.81068	-4.38921
1010	4	7	10	4	1	7	1	-1.82666	-3.77514	-2.58176	-1.96043
1011	2	4	1	2	2	1	5	-2.78043	-3.66223	-4.17908	-4.18401
1012	10	1	16	19	10	5	7	-6.28592	-2.75099	-4.18055	-5.28388
1013	2	1	21	3	2	1	5	-2.93985	-2.49685	-4.40791	-4.62175
1014	4	7	10	4	1	7	1	-1.82666	-3.77514	-2.58176	-1.96043
1015	2	4	1	2	2	1	5	-2.78043	-3.66223	-4.17908	-4.18401
1016	1	2	3	4	5	9	3	-4.65542	-2.49226	-3.61924	-5.04718
1017	9	316	4	62	4	5	6	-6.86543	-6.45907	-8.9648	-9.9193
1018	9	25	2	10	22	3	6	-4.46828	-7.5175	-5.81068	-4.38921
1019	1	307	3	4	5	9	3	-6.83746	-6.42965	-6.16291	-8.39889
1020	2	4	1	2	2	1	5	-2.78043	-3.66223	-4.17908	-4.18401
1021	9	25	2	10	22	3	6	-4.46828	-7.5175	-5.81068	-4.38921
1022	2	4	1	2	2	1	5	-2.78043	-3.66223	-4.17908	-4.18401
1023	2	1	12	3	2	1	5	-2.63105	-2.12339	-3.66065	-5.01299
1024	2	1	5	3	2	5	5	-5.59695	-2.8345	-4.09932	-5.64091
1025	2	4	1	2	2	1	5	-2.78043	-3.66223	-4.17908	-4.18401
1026	2	1	12	3	2	1	5	-2.63105	-2.12339	-3.66065	-5.01299
1027	2	1	12	3	2	1	5	-2.63105	-2.12339	-3.66065	-5.01299
1028	10	1	16	19	10	5	7	-6.28592	-2.75099	-4.18055	-5.28388
1029	4	7	10	4	1	7	1	-1.82666	-3.77514	-2.58176	-1.96043
1030	2	4	1	2	2	1	5	-2.78043	-3.66223	-4.17908	-4.18401
1031	2	1	12	88	2	1	5	-3.9581	-3.43714	-5.69132	-5.42301
1032	2	1	21	3	2	1	5	-2.93985	-2.49685	-4.40791	-4.62175
1033	1	2	3	4	5	9	3	-4.65542	-2.49226	-3.61924	-5.04718
1034	8	10	2	2	11	12	6	-3.9576	-7.50563	-8.21759	-7.43983
1035	2	1	12	88	2	1	5	-3.9581	-3.43714	-5.69132	-5.42301
1036	33	39	30	82	104	173	68	-5.40729	-3.98551	-6.55801	-7.98157
1037	1	2	3	4	5	9	3	-4.65542	-2.49226	-3.61924	-5.04718
1038	9	25	2	10	22	3	6	-4.46828	-7.5175	-5.81068	-4.38921
1039	2	4	1	2	2	1	5	-2.78043	-3.66223	-4.17908	-4.18401
1040	8	10	2	2	11	12	6	-3.9576	-7.50563	-8.21759	-7.43983
1041	1	2	4	62	4	5	17	-6.11773	-4.85457	-7.4188	-8.78154
1042	10	1	16	19	10	5	7	-6.28592	-2.75099	-4.18055	-5.28388
1043	33	39	30	82	104	173	68	-5.40729	-3.98551	-6.55801	-7.98157
1044	2	4	1	2	2	1	5	-2.78043	-3.66223	-4.17908	-4.18401
1045	8	10	2	2	11	12	6	-3.9576	-7.50563	-8.21759	-7.43983
1046	2	1	5	3	2	5	5	-5.59695	-2.8345	-4.09932	-5.64091
1047	47	2	4	2	6	5	17	-10.4289	-10.2001	-6.23395	-8.65023
1048	1	2	3	4	5	9	3	-4.65542	-2.49226	-3.61924	-5.04718
1049	4	7	10	4	1	7	1	-1.82666	-3.77514	-2.58176	-1.96043
1050	2	1	5	3	2	3	5	-4.24636	-3.25725	-5.38073	-4.84903
1051	2	4	2	2	6	1	5	-6.09838	-4.83761	-5.96335	-8.01479
1052	2	4	1	2	2	1	5	-2.78043	-3.66223	-4.17908	-4.18401
1053	8	10	149	2	11	12	6	-4.88811	-3.97866	-5.67933	-7.40347
1054	9	25	2	10	22	3	6	-4.46828	-7.5175	-5.81068	-4.38921
1055	2	4	1	2	2	1	5	-2.78043	-3.66223	-4.17908	-4.18401
1056	1	2	3	4	5	9	3	-4.65542	-2.49226	-3.61924	-5.04718
1057	2	1	12	3	2	1	5	-2.63105	-2.12339	-3.66065	-5.01299
1058	4	7	10	4	42	51	1	-2.93143	-4.65364	-4.85293	-3.84653
1059	2	4	1	2	2	1	5	-2.78043	-3.66223	-4.17908	-4.18401
1060	2	1	1	3	2	1	5	-4.63089	-3.79378	-6.34614	-7.50629
1061	2	4	1	2	7	1	5	-2.31052	-5.8999	-6.3184	-5.33922
1062	8	10	2	2	11	12	6	-3.9576	-7.50563	-8.21759	-7.43983
1063	2	4	1	2	2	1	5	-2.78043	-3.66223	-4.17908	-4.18401
1064	9	2	4	62	4	5	6	-3.71921	-5.23732	-5.93694	-6.93433
1065	2	4	1	2	2	1	5	-2.78043	-3.66223	-4.17908	-4.18401
1066	4	7	10	4	1	7	1	-1.82666	-3.77514	-2.58176	-1.96043
1067	8	10	2	2	11	12	6	-3.9576	-7.50563	-8.21759	-7.43983
1068	2	4	2	2	6	1	5	-6.09838	-4.83761	-5.96335	-8.01479
1069	2	4	2	2	6	1	5	-6.09838	-4.83761	-5.96335	-8.01479
1070	2	4	2	2	6	1	5	-6.09838	-4.83761	-5.96335	-8.01479
1071	2	4	2	2	6	1	5	-6.09838	-4.83761	-5.96335	-8.01479
1072	2	4	1	2	2	1	5	-2.78043	-3.66223	-4.17908	-4.18401
1073	2	4	1	2	2	1	5	-2.78043	-3.66223	-4.17908	-4.18401
1074	2	1	12	3	2	1	5	-2.63105	-2.12339	-3.66065	-5.01299
1075	2	4	1	2	7	1	5	-2.31052	-5.8999	-6.3184	-5.33922
1076	4	7	10	4	42	51	1	-2.93143	-4.65364	-4.85293	-3.84653
1077	2	4	1	2	2	1	5	-2.78043	-3.66223	-4.17908	-4.18401
1078	8	10	2	2	11	12	6	-3.9576	-7.50563	-8.21759	-7.43983
1079	1	2	3	4	5	9	3	-4.65542	-2.49226	-3.61924	-5.04718
1080	1	2	3	4	5	9	3	-4.65542	-2.49226	-3.61924	-5.04718
1081	10	1	16	19	10	5	7	-6.28592	-2.75099	-4.18055	-5.28388
1082	8	10	2	2	11	12	6	-3.9576	-7.50563	-8.21759	-7.43983
1083	4	7	10	4	1	7	1	-1.82666	-3.77514	-2.58176	-1.96043
1084	2	4	1	2	2	1	5	-2.78043	-3.66223	-4.17908	-4.18401
1085	2	4	1	2	7	1	5	-2.31052	-5.8999	-6.3184	-5.33922
1086	2	1	21	3	2	1	5	-2.93985	-2.49685	-4.40791	-4.62175
1087	2	1	12	3	2	1	5	-2.63105	-2.12339	-3.66065	-5.01299
1088	2	4	2	4	19	3	6	-5.80136	-9.40567	-10.0627	-9.27329
1089	8	10	149	2	11	12	6	-4.88811	-3.97866	-5.67933	-7.40347
1090	8	10	2	2	11	12	6	-3.9576	-7.50563	-8.21759	-7.43983
1091	2	1	12	3	2	1	5	-2.63105	-2.12339	-3.66065	-5.01299
1092	2	1	12	3	2	1	5	-2.63105	-2.12339	-3.66065	-5.01299
1093	2	1	5	3	2	3	5	-4.24636	-3.25725	-5.38073	-4.84903
1094	184	39	30	82	113	43	17	-3.95663	-6.18622	-7.87102	-7.4109
1095	2	1	12	3	2	1	5	-2.63105	-2.12339	-3.66065	-5.01299
1096	2	4	1	2	2	1	5	-2.78043	-3.66223	-4.17908	-4.18401
1097	4	7	10	4	1	7	1	-1.82666	-3.77514	-2.58176	-1.96043
1098	8	10	2	2	11	12	6	-3.9576	-7.50563	-8.21759	-7.43983
1099	4	7	10	4	1	7	1	-1.82666	-3.77514	-2.58176	-1.96043
1100	4	7	10	4	42	51	1	-2.93143	-4.65364	-4.85293	-3.84653
1101	9	25	2	10	22	3	6	-4.46828	-7.5175	-5.81068	-4.38921
1102	9	2	4	62	4	5	6	-3.71921	-5.23732	-5.93694	-6.93433
1103	4	7	10	4	1	7	1	-1.82666	-3.77514	-2.58176	-1.96043
1104	2	4	1	2	7	1	5	-2.31052	-5.8999	-6.3184	-5.33922
1105	4	7	10	4	1	7	1	-1.82666	-3.77514	-2.58176	-1.96043
1106	8	10	2	2	11	12	6	-3.9576	-7.50563	-8.21759	-7.43983
1107	2	4	1	2	2	1	5	-2.78043	-3.66223	-4.17908	-4.18401
1108	4	7	10	4	42	51	1	-2.93143	-4.65364	-4.85293	-3.84653
1109	1	2	3	4	5	9	3	-4.65542	-2.49226	-3.61924	-5.04718
1110	2	1	12	3	2	1	5	-2.63105	-2.12339	-3.66065	-5.01299
1111	2	4	1	2	2	1	5	-2.78043	-3.66223	-4.17908	-4.18401
1112	10	81	50	99	120	76	52	-6.66071	-6.35411	-5.24948	-5.19212
1113	2	4	1	2	2	1	5	-2.78043	-3.66223	-4.17908	-4.18401
1114	4	7	10	4	42	51	1	-2.93143	-4.65364	-4.85293	-3.84653
1115	4	7	10	4	42	51	1	-2.93143	-4.65364	-4.85293	-3.84653
1116	4	7	10	4	1	7	1	-1.82666	-3.77514	-2.58176	-1.96043
1117	3	1	5	10	11	11	6	-10.1539	-6.47227	-9.07914	-10.9107
1118	10	81	50	99	120	76	52	-6.66071	-6.35411	-5.24948	-5.19212
1119	2	4	1	2	2	1	5	-2.78043	-3.66223	-4.17908	-4.18401
1120	4	7	10	4	1	7	1	-1.82666	-3.77514	-2.58176	-1.96043
1121	4	7	10	4	1	7	1	-1.82666	-3.77514	-2.58176	-1.96043
1122	4	7	10	4	42	51	1	-2.93143	-4.65364	-4.85293	-3.84653
1123	2	1	12	3	2	1	5	-2.63105	-2.12339	-3.66065	-5.01299
1124	2	4	1	2	2	1	5	-2.78043	-3.66223	-4.17908	-4.18401
1125	2	1	1	3	2	1	5	-4.63089	-3.79378	-6.34614	-7.50629
1126	2	4	1	2	2	1	5	-2.78043	-3.66223	-4.17908	-4.18401
1127	2	4	1	2	2	1	5	-2.78043	-3.66223	-4.17908	-4.18401
1128	2	4	1	2	2	1	5	-2.78043	-3.66223	-4.17908	-4.18401
1129	2	4	1	2	2	1	5	-2.78043	-3.66223	-4.17908	-4.18401
1130	1	2	3	4	5	9	3	-4.65542	-2.49226	-3.61924	-5.04718
1131	8	10	2	2	11	12	6	-3.9576	-7.50563	-8.21759	-7.43983
1132	2	1	21	3	2	1	5	-2.93985	-2.49685	-4.40791	-4.62175
1133	2	4	1	2	2	1	5	-2.78043	-3.66223	-4.17908	-4.18401
1134	2	1	21	3	2	1	5	-2.93985	-2.49685	-4.40791	-4.62175
1135	2	1	21	3	2	1	5	-2.93985	-2.49685	-4.40791	-4.62175
1136	2	4	1	2	2	1	5	-2.78043	-3.66223	-4.17908	-4.18401
1137	1	2	3	4	5	9	3	-4.65542	-2.49226	-3.61924	-5.04718
1138	10	1	16	19	10	5	7	-6.28592	-2.75099	-4.18055	-5.28388
1139	2	1	12	3	2	1	5	-2.63105	-2.12339	-3.66065	-5.01299
1140	7	21	5	62	4	61	44	-7.46313	-3.83597	-5.64066	-7.75415
1141	2	4	1	2	2	1	5	-2.78043	-3.66223	-4.17908	-4.18401
1142	2	1	12	3	2	1	5	-2.63105	-2.12339	-3.66065	-5.01299
1143	2	4	1	2	7	1	5	-2.31052	-5.8999	-6.3184	-5.33922
1144	2	1	5	3	2	3	5	-4.24636	-3.25725	-5.38073	-4.84903
1145	2	1	21	3	2	1	5	-2.93985	-2.49685	-4.40791	-4.62175
1146	2	1	21	3	2	1	5	-2.93985	-2.49685	-4.40791	-4.62175
1147	2	1	21	3	2	1	5	-2.93985	-2.49685	-4.40791	-4.62175
1148	2	1	21	3	2	1	5	-2.93985	-2.49685	-4.40791	-4.62175
1149	2	1	12	3	2	1	5	-2.63105	-2.12339	-3.66065	-5.01299
1150	8	10	2	2	11	12	6	-3.9576	-7.50563	-8.21759	-7.43983
1151	129	66	30	82	189	47	17	-3.24888	-4.89612	-5.46382	-4.19709
1152	1	307	3	4	5	9	3	-6.83746	-6.42965	-6.16291	-8.39889
1153	8	10	2	2	11	12	6	-3.9576	-7.50563	-8.21759	-7.43983
1154	2	4	2	2	6	1	5	-6.09838	-4.83761	-5.96335	-8.01479
1155	1	4	2	2	6	3	17	-4.67678	-2.45448	-4.53493	-5.71301
1156	2	4	1	2	2	1	5	-2.78043	-3.66223	-4.17908	-4.18401
1157	8	10	2	2	11	12	6	-3.9576	-7.50563	-8.21759	-7.43983
1158	2	4	2	2	6	1	5	-6.09838	-4.83761	-5.96335	-8.01479
1159	2	1	21	3	2	1	5	-2.93985	-2.49685	-4.40791	-4.62175
1160	2	4	5	2	2	5	5	-3.67612	-7.22169	-7.17211	-5.98211
1161	7	21	5	62	4	61	44	-7.46313	-3.83597	-5.64066	-7.75415
1162	2	1	12	3	2	1	5	-2.63105	-2.12339	-3.66065	-5.01299
1163	10	27	16	19	10	5	7	-20.6154	-12.8459	-16.0472	-17.665
1164	33	283	44	82	189	44	17	-7.05	-3.47604	-5.37428	-6.09242
1165	9	25	2	10	22	3	6	-4.46828	-7.5175	-5.81068	-4.38921
1166	7	21	5	62	4	61	44	-7.46313	-3.83597	-5.64066	-7.75415
1167	2	1	5	3	2	3	5	-4.24636	-3.25725	-5.38073	-4.84903
1168	2	1	5	3	2	3	5	-4.24636	-3.25725	-5.38073	-4.84903
1169	9	25	2	10	22	3	6	-4.46828	-7.5175	-5.81068	-4.38921
1170	2	1	5	3	2	3	5	-4.24636	-3.25725	-5.38073	-4.84903
1171	2	4	1	2	2	1	5	-2.78043	-3.66223	-4.17908	-4.18401
1172	129	66	30	82	189	47	17	-3.24888	-4.89612	-5.46382	-4.19709
1173	2	4	1	2	2	1	5	-2.78043	-3.66223	-4.17908	-4.18401
1174	2	1	5	3	2	3	5	-4.24636	-3.25725	-5.38073	-4.84903
1175	2	1	12	3	2	1	5	-2.63105	-2.12339	-3.66065	-5.01299
1176	2	4	1	2	2	1	5	-2.78043	-3.66223	-4.17908	-4.18401
1177	1	4	2	2	6	3	17	-4.67678	-2.45448	-4.53493	-5.71301
1178	2	1	12	3	2	1	5	-2.63105	-2.12339	-3.66065	-5.01299
1179	1	4	2	2	446	3	17	-8.81023	-6.51309	-8.39282	-8.06236
1180	2	1	5	88	2	11	5	-8.82554	-5.35082	-6.066	-8.37087
1181	2	4	2	2	6	1	5	-6.09838	-4.83761	-5.96335	-8.01479
1182	9	25	2	10	22	3	6	-4.46828	-7.5175	-5.81068	-4.38921
1183	2	1	5	3	2	3	5	-4.24636	-3.25725	-5.38073	-4.84903
1184	7	21	5	62	4	61	44	-7.46313	-3.83597	-5.64066	-7.75415
1185	1	2	3	4	5	9	3	-4.65542	-2.49226	-3.61924	-5.04718
1186	2	4	1	2	2	1	5	-2.78043	-3.66223	-4.17908	-4.18401
1187	7	21	5	62	4	61	44	-7.46313	-3.83597	-5.64066	-7.75415
1188	33	39	30	82	104	173	68	-5.40729	-3.98551	-6.55801	-7.98157
1189	1	4	2	2	6	3	17	-4.67678	-2.45448	-4.53493	-5.71301
1190	2	1	21	3	2	1	5	-2.93985	-2.49685	-4.40791	-4.62175
1191	4	7	10	4	1	7	1	-1.82666	-3.77514	-2.58176	-1.96043
1192	2	1	5	3	2	5	5	-5.59695	-2.8345	-4.09932	-5.64091
1193	1	4	2	2	6	3	17	-4.67678	-2.45448	-4.53493	-5.71301
1194	2	4	1	2	2	1	5	-2.78043	-3.66223	-4.17908	-4.18401
1195	2	4	1	2	2	1	5	-2.78043	-3.66223	-4.17908	-4.18401
1196	2	1	12	3	2	1	5	-2.63105	-2.12339	-3.66065	-5.01299
1197	2	1	6	3	2	3	5	-7.39381	-7.32044	-9.03313	-6.77757
1198	4	7	10	4	1	7	1	-1.82666	-3.77514	-2.58176	-1.96043
1199	2	4	1	2	7	1	5	-2.31052	-5.8999	-6.3184	-5.33922
1200	2	1	1	3	2	1	5	-4.63089	-3.79378	-6.34614	-7.50629
1201	2	4	1	2	2	1	5	-2.78043	-3.66223	-4.17908	-4.18401
1202	7	2	5	2	10	3	6	-31.9327	-27.745	-29.3479	-28.234
1203	2	1	21	3	2	1	5	-2.93985	-2.49685	-4.40791	-4.62175
1204	2	4	1	2	7	1	5	-2.31052	-5.8999	-6.3184	-5.33922
1205	4	7	10	4	1	7	1	-1.82666	-3.77514	-2.58176	-1.96043
1206	2	4	1	2	7	1	5	-2.31052	-5.8999	-6.3184	-5.33922
1207	2	4	1	2	2	1	5	-2.78043	-3.66223	-4.17908	-4.18401
1208	1	4	2	2	6	3	17	-4.67678	-2.45448	-4.53493	-5.71301
1209	2	4	1	2	2	1	5	-2.78043	-3.66223	-4.17908	-4.18401
1210	2	4	1	2	2	1	5	-2.78043	-3.66223	-4.17908	-4.18401
1211	74	10	2	2	11	12	6	-8.09939	-11.5984	-12.0962	-9.80043
1212	1	2	3	4	5	9	3	-4.65542	-2.49226	-3.61924	-5.04718
1213	2	1	5	3	2	3	5	-4.24636	-3.25725	-5.38073	-4.84903
1214	4	7	10	4	1	7	1	-1.82666	-3.77514	-2.58176	-1.96043
1215	2	4	2	2	6	1	5	-6.09838	-4.83761	-5.96335	-8.01479
1216	2	1	12	3	2	1	5	-2.63105	-2.12339	-3.66065	-5.01299
1217	2	1	21	3	2	1	5	-2.93985	-2.49685	-4.40791	-4.62175
1218	2	4	1	2	2	1	5	-2.78043	-3.66223	-4.17908	-4.18401
1219	2	1	21	3	2	1	5	-2.93985	-2.49685	-4.40791	-4.62175
1220	4	7	10	4	1	7	1	-1.82666	-3.77514	-2.58176	-1.96043
1221	2	1	21	3	2	1	5	-2.93985	-2.49685	-4.40791	-4.62175
1222	2	4	1	2	2	1	5	-2.78043	-3.66223	-4.17908	-4.18401
1223	4	7	10	4	1	7	1	-1.82666	-3.77514	-2.58176	-1.96043
1224	2	4	1	2	2	1	5	-2.78043	-3.66223	-4.17908	-4.18401
1225	4	7	10	4	1	7	1	-1.82666	-3.77514	-2.58176	-1.96043
1226	4	7	10	4	42	51	1	-2.93143	-4.65364	-4.85293	-3.84653
1227	4	7	10	4	42	7	1	-6.55853	-8.31485	-5.48951	-4.66602
1228	2	4	1	2	2	1	5	-2.78043	-3.66223	-4.17908	-4.18401
1229	2	1	5	3	2	3	5	-4.24636	-3.25725	-5.38073	-4.84903
1230	10	81	50	99	120	76	52	-6.66071	-6.35411	-5.24948	-5.19212
1231	2	4	1	2	7	1	5	-2.31052	-5.8999	-6.3184	-5.33922
1232	2	4	1	2	7	1	5	-2.31052	-5.8999	-6.3184	-5.33922
1233	4	7	10	4	1	7	1	-1.82666	-3.77514	-2.58176	-1.96043
1234	1	4	2	2	6	3	17	-4.67678	-2.45448	-4.53493	-5.71301
1235	4	7	10	4	1	7	1	-1.82666	-3.77514	-2.58176	-1.96043
1236	2	4	1	2	2	1	5	-2.78043	-3.66223	-4.17908	-4.18401
1237	4	7	10	4	1	7	1	-1.82666	-3.77514	-2.58176	-1.96043
1238	4	7	10	4	42	51	1	-2.93143	-4.65364	-4.85293	-3.84653
1239	1	307	3	4	5	9	3	-6.83746	-6.42965	-6.16291	-8.39889
1240	2	4	2	2	6	1	5	-6.09838	-4.83761	-5.96335	-8.01479
1241	8	10	149	2	11	12	6	-4.88811	-3.97866	-5.67933	-7.40347
1242	2	1	12	3	2	1	5	-2.63105	-2.12339	-3.66065	-5.01299
1243	2	4	1	2	2	1	5	-2.78043	-3.66223	-4.17908	-4.18401
1244	2	4	1	2	2	1	5	-2.78043	-3.66223	-4.17908	-4.18401
1245	2	4	1	2	2	1	5	-2.78043	-3.66223	-4.17908	-4.18401
1246	4	7	10	4	42	51	1	-2.93143	-4.65364	-4.85293	-3.84653
1247	2	4	1	2	2	1	5	-2.78043	-3.66223	-4.17908	-4.18401
1248	2	4	1	2	2	1	5	-2.78043	-3.66223	-4.17908	-4.18401
1249	2	1	12	88	2	1	5	-3.9581	-3.43714	-5.69132	-5.42301
1250	1	4	2	2	6	3	17	-4.67678	-2.45448	-4.53493	-5.71301
1251	9	2	4	62	4	5	6	-3.71921	-5.23732	-5.93694	-6.93433
1252	2	4	1	2	7	1	5	-2.31052	-5.8999	-6.3184	-5.33922
1253	2	4	5	2	2	5	5	-3.67612	-7.22169	-7.17211	-5.98211
1254	2	1	21	3	2	1	5	-2.93985	-2.49685	-4.40791	-4.62175
1255	1	4	2	2	6	3	17	-4.67678	-2.45448	-4.53493	-5.71301
1256	2	1	21	3	2	1	5	-2.93985	-2.49685	-4.40791	-4.62175
1257	2	4	1	2	2	5	5	-6.8275	-6.412	-8.8572	-9.777
1258	2	1	12	3	2	1	5	-2.63105	-2.12339	-3.66065	-5.01299
1259	2	4	2	2	6	1	5	-6.09838	-4.83761	-5.96335	-8.01479
1260	2	4	1	2	2	1	5	-2.78043	-3.66223	-4.17908	-4.18401
1261	2	4	1	2	2	1	5	-2.78043	-3.66223	-4.17908	-4.18401
1262	1	307	3	4	5	9	3	-6.83746	-6.42965	-6.16291	-8.39889
1263	9	25	2	10	22	3	6	-4.46828	-7.5175	-5.81068	-4.38921
1264	2	1	1	380	2	1	5	-6.16583	-5.74407	-8.26293	-9.21744
1265	2	4	1	2	2	1	5	-2.78043	-3.66223	-4.17908	-4.18401
1266	2	4	1	2	2	1	5	-2.78043	-3.66223	-4.17908	-4.18401
1267	2	1	12	3	2	1	5	-2.63105	-2.12339	-3.66065	-5.01299
1268	1	2	3	4	5	9	3	-4.65542	-2.49226	-3.61924	-5.04718
1269	2	4	1	2	2	1	5	-2.78043	-3.66223	-4.17908	-4.18401
1270	2	4	1	2	2	1	5	-2.78043	-3.66223	-4.17908	-4.18401
1271	2	4	1	2	2	1	5	-2.78043	-3.66223	-4.17908	-4.18401
1272	1	2	3	4	5	9	3	-4.65542	-2.49226	-3.61924	-5.04718
1273	9	2	2	212	309	253	147	-27.6588	-27.0961	-27.469	-20.4449
1274	2	1	21	3	2	1	5	-2.93985	-2.49685	-4.40791	-4.62175
1275	47	2	4	2	6	5	17	-10.4289	-10.2001	-6.23395	-8.65023
1276	1	2	3	4	5	9	3	-4.65542	-2.49226	-3.61924	-5.04718
1277	2	4	1	2	2	1	5	-2.78043	-3.66223	-4.17908	-4.18401
1278	2	4	1	2	2	1	5	-2.78043	-3.66223	-4.17908	-4.18401
1279	9	2	4	62	4	5	6	-3.71921	-5.23732	-5.93694	-6.93433
1280	2	1	12	3	2	1	5	-2.63105	-2.12339	-3.66065	-5.01299
1281	2	4	1	2	2	1	5	-2.78043	-3.66223	-4.17908	-4.18401
1282	2	4	1	2	7	1	5	-2.31052	-5.8999	-6.3184	-5.33922
1283	7	17	2	15	23	3	12	-6.90396	-10.513	-11.1696	-10.3865
1284	2	1	1	3	2	1	5	-4.63089	-3.79378	-6.34614	-7.50629
1285	2	1	12	3	2	1	5	-2.63105	-2.12339	-3.66065	-5.01299
1286	2	4	1	2	2	1	5	-2.78043	-3.66223	-4.17908	-4.18401
1287	2	1	5	3	2	3	5	-4.24636	-3.25725	-5.38073	-4.84903
1288	2	4	1	2	2	1	5	-2.78043	-3.66223	-4.17908	-4.18401
1289	2	4	1	2	2	1	5	-2.78043	-3.66223	-4.17908	-4.18401
1290	1	4	2	2	6	3	17	-4.67678	-2.45448	-4.53493	-5.71301
1291	2	1	2	3	2	3	5	-3.76207	-7.25179	-8.01445	-7.22871
1292	2	1	5	3	2	3	5	-4.24636	-3.25725	-5.38073	-4.84903
1293	1	2	3	3	5	9	3	-11.8642	-7.98957	-10.1041	-11.9923
1294	4	7	10	4	42	51	1	-2.93143	-4.65364	-4.85293	-3.84653
1295	1	4	2	2	6	3	17	-4.67678	-2.45448	-4.53493	-5.71301
1296	2	1	5	3	2	3	5	-4.24636	-3.25725	-5.38073	-4.84903
1297	4	7	10	4	1	7	1	-1.82666	-3.77514	-2.58176	-1.96043
1298	2	4	1	2	2	1	5	-2.78043	-3.66223	-4.17908	-4.18401
1299	4	7	10	4	1	7	1	-1.82666	-3.77514	-2.58176	-1.96043
1300	2	1	21	3	2	1	5	-2.93985	-2.49685	-4.40791	-4.62175
1301	2	4	1	2	2	1	5	-2.78043	-3.66223	-4.17908	-4.18401
1302	4	7	10	4	1	7	1	-1.82666	-3.77514	-2.58176	-1.96043
1303	2	4	1	2	2	1	5	-2.78043	-3.66223	-4.17908	-4.18401
1304	2	1	5	3	2	5	5	-5.59695	-2.8345	-4.09932	-5.64091
1305	2	4	1	2	2	1	5	-2.78043	-3.66223	-4.17908	-4.18401
1306	2	1	21	3	2	1	5	-2.93985	-2.49685	-4.40791	-4.62175
1307	2	1	5	3	2	5	5	-5.59695	-2.8345	-4.09932	-5.64091
1308	1	4	2	2	6	3	17	-4.67678	-2.45448	-4.53493	-5.71301
1309	1	4	2	2	6	3	17	-4.67678	-2.45448	-4.53493	-5.71301
1310	2	1	5	3	2	3	5	-4.24636	-3.25725	-5.38073	-4.84903
1311	1	4	2	2	6	3	17	-4.67678	-2.45448	-4.53493	-5.71301
1312	2	4	1	2	2	1	5	-2.78043	-3.66223	-4.17908	-4.18401
1313	2	1	12	88	2	1	5	-3.9581	-3.43714	-5.69132	-5.42301
1314	2	1	5	3	2	3	5	-4.24636	-3.25725	-5.38073	-4.84903
1315	2	4	5	2	2	1	5	-6.17618	-9.19032	-9.48594	-9.31921
1316	2	4	1	2	2	1	5	-2.78043	-3.66223	-4.17908	-4.18401
1317	1	4	2	2	6	3	17	-4.67678	-2.45448	-4.53493	-5.71301
1318	2	1	21	3	2	1	5	-2.93985	-2.49685	-4.40791	-4.62175
1319	4	7	10	4	1	7	1	-1.82666	-3.77514	-2.58176	-1.96043
1320	1	2	3	4	5	9	3	-4.65542	-2.49226	-3.61924	-5.04718
1321	2	4	1	2	7	1	5	-2.31052	-5.8999	-6.3184	-5.33922
1322	4	7	10	4	1	7	1	-1.82666	-3.77514	-2.58176	-1.96043
1323	4	7	10	4	1	7	1	-1.82666	-3.77514	-2.58176	-1.96043
1324	1	4	2	2	6	3	17	-4.67678	-2.45448	-4.53493	-5.71301
1325	2	4	1	2	7	1	5	-2.31052	-5.8999	-6.3184	-5.33922
1326	4	7	10	4	1	7	1	-1.82666	-3.77514	-2.58176	-1.96043
1327	8	10	2	2	11	12	6	-3.9576	-7.50563	-8.21759	-7.43983
1328	969	7	10	4	1	7	1	-5.891	-7.85289	-6.45998	-4.32276
1329	4	7	10	4	1	7	1	-1.82666	-3.77514	-2.58176	-1.96043
1330	10	27	16	942	10	5	7	-24.7572	-16.9394	-19.9261	-20.0253
1331	10	27	16	941	10	5	7	-24.7572	-16.9394	-19.9261	-20.0253
1332	4	7	10	4	1	7	1	-1.82666	-3.77514	-2.58176	-1.96043
1333	4	7	10	4	1	7	1	-1.82666	-3.77514	-2.58176	-1.96043
1334	129	66	30	82	189	47	17	-3.24888	-4.89612	-5.46382	-4.19709
1335	4	7	10	4	1	7	1	-1.82666	-3.77514	-2.58176	-1.96043
1336	4	7	10	4	1	7	1	-1.82666	-3.77514	-2.58176	-1.96043
1337	2	4	1	2	2	1	5	-2.78043	-3.66223	-4.17908	-4.18401
1338	2	1	2	3	2	3	5	-3.76207	-7.25179	-8.01445	-7.22871
1339	10	27	16	19	10	5	7	-20.6154	-12.8459	-16.0472	-17.665
1340	2	4	1	2	2	1	5	-2.78043	-3.66223	-4.17908	-4.18401
1341	33	39	30	82	104	173	68	-5.40729	-3.98551	-6.55801	-7.98157
1342	1	4	2	2	6	3	17	-4.67678	-2.45448	-4.53493	-5.71301
1343	2	1	5	3	2	5	5	-5.59695	-2.8345	-4.09932	-5.64091
1344	2	1	12	3	2	1	5	-2.63105	-2.12339	-3.66065	-5.01299
1345	8	10	2	2	11	12	6	-3.9576	-7.50563	-8.21759	-7.43983
1346	2	1	1	3	2	1	5	-4.63089	-3.79378	-6.34614	-7.50629
1347	1	4	2	2	6	3	17	-4.67678	-2.45448	-4.53493	-5.71301
1348	7	2	2	2	11	12	6	-4.5042	-8.11265	-8.76946	-7.98614
1349	9	2	4	62	4	5	6	-3.71921	-5.23732	-5.93694	-6.93433
1350	2	1	21	3	2	1	5	-2.93985	-2.49685	-4.40791	-4.62175
1351	9	7	10	4	1	7	1	-10.3712	-12.2141	-11.4037	-9.77914
1352	2	1	12	3	920	1	5	-6.77343	-6.20787	-7.53665	-7.37202
1353	239	27	16	19	10	5	7	-10.1554	-6.47506	-9.08258	-10.9147
1354	7	17	2	15	23	3	12	-6.90396	-10.513	-11.1696	-10.3865
1355	1	4	2	2	6	3	17	-4.67678	-2.45448	-4.53493	-5.71301
1356	1	6	60	24	12	28	1	-29.8981	-30.4999	-24.3808	-18.2185
1357	2	4	5	2	10	1	5	-6.89739	-10.493	-11.1552	-10.3719
1358	10	81	50	99	120	76	52	-6.66071	-6.35411	-5.24948	-5.19212
1359	4	7	10	4	1	7	1	-1.82666	-3.77514	-2.58176	-1.96043
1360	2	1	5	3	2	5	5	-5.59695	-2.8345	-4.09932	-5.64091
1361	4	7	10	1	1	7	1	-5.27156	-8.48108	-6.00491	-6.15714
1362	2	4	5	2	10	1	5	-6.89739	-10.493	-11.1552	-10.3719
1363	2	1	21	3	2	1	5	-2.93985	-2.49685	-4.40791	-4.62175
1364	2	1	21	3	2	1	5	-2.93985	-2.49685	-4.40791	-4.62175
1365	2	4	1	2	2	1	5	-2.78043	-3.66223	-4.17908	-4.18401
1366	2	4	2	2	6	1	5	-6.09838	-4.83761	-5.96335	-8.01479
1367	2	4	1	2	7	1	5	-2.31052	-5.8999	-6.3184	-5.33922
1368	2	4	1	2	2	1	5	-2.78043	-3.66223	-4.17908	-4.18401
1369	2	4	1	2	2	1	5	-2.78043	-3.66223	-4.17908	-4.18401
1370	4	7	10	4	1	7	1	-1.82666	-3.77514	-2.58176	-1.96043
1371	4	7	10	4	42	51	1	-2.93143	-4.65364	-4.85293	-3.84653
1372	2	1	5	3	2	3	5	-4.24636	-3.25725	-5.38073	-4.84903
1373	2	1	12	3	2	1	5	-2.63105	-2.12339	-3.66065	-5.01299
1374	2	1	1	3	2	1	5	-4.63089	-3.79378	-6.34614	-7.50629
1375	2	4	1	2	2	1	5	-2.78043	-3.66223	-4.17908	-4.18401
1376	4	7	10	4	1	7	1	-1.82666	-3.77514	-2.58176	-1.96043
1377	10	1	16	19	10	5	7	-6.28592	-2.75099	-4.18055	-5.28388
1378	2	4	1	2	7	1	5	-2.31052	-5.8999	-6.3184	-5.33922
1379	2	4	1	2	2	1	5	-2.78043	-3.66223	-4.17908	-4.18401
1380	10	81	50	99	120	76	52	-6.66071	-6.35411	-5.24948	-5.19212
1381	2	1	12	3	2	1	5	-2.63105	-2.12339	-3.66065	-5.01299
1382	2	4	1	2	2	1	5	-2.78043	-3.66223	-4.17908	-4.18401
1383	2	4	1	2	7	1	5	-2.31052	-5.8999	-6.3184	-5.33922
1384	1	2	3	4	5	9	3	-4.65542	-2.49226	-3.61924	-5.04718
1385	8	10	2	2	11	12	6	-3.9576	-7.50563	-8.21759	-7.43983
1386	1	4	2	2	6	3	17	-4.67678	-2.45448	-4.53493	-5.71301
1387	2	4	1	2	2	1	5	-2.78043	-3.66223	-4.17908	-4.18401
1388	2	4	1	2	2	1	5	-2.78043	-3.66223	-4.17908	-4.18401
1389	10	7	10	4	1	7	1	-12.5261	-10.786	-10.0029	-8.84914
1390	2	1	21	3	2	1	5	-2.93985	-2.49685	-4.40791	-4.62175
1391	2	1	21	3	2	1	5	-2.93985	-2.49685	-4.40791	-4.62175
1392	10	1	16	19	10	5	7	-6.28592	-2.75099	-4.18055	-5.28388
1393	2	1	5	3	2	3	5	-4.24636	-3.25725	-5.38073	-4.84903
1394	2	1	5	3	2	3	5	-4.24636	-3.25725	-5.38073	-4.84903
1395	2	4	1	2	2	5	5	-6.8275	-6.412	-8.8572	-9.777
1396	2	4	1	2	7	1	5	-2.31052	-5.8999	-6.3184	-5.33922
1397	10	1	16	19	10	5	7	-6.28592	-2.75099	-4.18055	-5.28388
1398	2	4	1	2	7	1	5	-2.31052	-5.8999	-6.3184	-5.33922
1399	2	934	1	2	2	1	5	-6.84451	-7.74904	-8.05392	-6.53573
