Isolate	Loci0	Loci1	Loci2	Loci3	Loci4	Loci5	Loci6	Source0	Source1	Source2	Source3
0	1	2	3	4	5	9	3	-4.84469	-2.48619	-3.68746	-4.85344
1	4	7	10	4	1	7	1	-1.80556	-3.8094	-2.68283	-1.92973
2	2	4	1	2	2	1	5	-2.77593	-3.64563	-4.22011	-4.15899
3	2	4	1	2	2	1	5	-2.77593	-3.64563	-4.22011	-4.15899
4	9	25	2	10	22	3	6	-4.4371	-7.70887	-6.19615	-4.3602
5	4	7	10	4	1	7	1	-1.80556	-3.8094	-2.68283	-1.92973
6	4	7	10	4	1	7	1	-1.80556	-3.8094	-2.68283	-1.92973
7	4	7	10	4	42	51	1	-2.91738	-4.63588	-5.03587	-3.8357
8	2	4	1	2	2	1	5	-2.77593	-3.64563	-4.22011	-4.15899
9	10	81	50	99	120	76	52	-6.62899	-6.39841	-5.29501	-5.12662
10	2	1	21	3	2	1	5	-2.95719	-2.48637	-4.6602	-4.58677
11	2	1	21	3	2	1	5	-2.95719	-2.48637	-4.6602	-4.58677
12	9	25	2	10	22	3	6	-4.4371	-7.70887	-6.19615	-4.3602
13	2	1	21	3	2	1	5	-2.95719	-2.48637	-4.6602	-4.58677
14	10	27	16	19	10	5	7	-22.3979	-12.8442	-16.5636	-17.5202
15	2	4	1	2	2	1	5	-2.77593	-3.64563	-4.22011	-4.15899
16	2	4	1	2	2	1	5	-2.77593	-3.64563	-4.22011	-4.15899
17	9	2	4	62	4	5	6	-3.71368	-5.19789	-5.86244	-7.0807
18	9	53	2	53	11	3	3	-31.1625	-28.9949	-25.5658	-26.8461
19	2	4	1	2	2	1	5	-2.77593	-3.64563	-4.22011	-4.15899
20	2	4	1	2	2	1	5	-2.77593	-3.64563	-4.22011	-4.15899
21	4	7	10	4	1	7	1	-1.80556	-3.8094	-2.68283	-1.92973
22	2	4	1	2	2	1	5	-2.77593	-3.64563	-4.22011	-4.15899
23	1	4	2	2	6	3	17	-4.8588	-2.44716	-4.85017	-5.53623
24	4	7	10	4	1	7	1	-1.80556	-3.8094	-2.68283	-1.92973
25	2	1	21	3	2	1	5	-2.95719	-2.48637	-4.6602	-4.58677
26	8	10	2	2	11	12	6	-3.94753	-7.26424	-7.69294	-7.83636
27	2	4	2	2	6	1	5	-6.16777	-4.82952	-6.01224	-7.73179
28	2	1	12	3	2	1	5	-2.65437	-2.1125	-3.76431	-4.91499
29	2	4	1	2	2	1	5	-2.77593	-3.64563	-4.22011	-4.15899
30	4	7	10	4	1	7	1	-1.80556	-3.8094	-2.68283	-1.92973
31	10	1	16	19	10	5	7	-7.38613	-2.74533	-4.31524	-5.11794
32	1	2	3	4	5	9	3	-4.84469	-2.48619	-3.68746	-4.85344
33	2	4	1	2	2	1	5	-2.77593	-3.64563	-4.22011	-4.15899
34	2	4	1	2	2	1	5	-2.77593	-3.64563	-4.22011	-4.15899
35	2	4	1	2	2	1	5	-2.77593	-3.64563	-4.22011	-4.15899
36	4	7	10	4	1	7	1	-1.80556	-3.8094	-2.68283	-1.92973
37	129	66	30	82	189	47	17	-3.23461	-4.87802	-5.75482	-4.18422
38	2	1	12	3	357	1	5	-6.89405	-6.88479	-6.46244	-8.37873
39	9	2	4	62	4	5	6	-3.71368	-5.19789	-5.86244	-7.0807
40	2	1	1	3	2	1	5	-4.66517	-3.78327	-6.85488	-7.46195
41	2	1	12	3	357	1	5	-6.89405	-6.88479	-6.46244	-8.37873
42	2	1	5	3	2	3	5	-4.277	-3.25018	-5.89143	-4.80809
43	2	1	5	3	2	3	5	-4.277	-3.25018	-5.89143	-4.80809
44	2	4	1	2	2	1	5	-2.77593	-3.64563	-4.22011	-4.15899
45	2	4	1	2	2	1	5	-2.77593	-3.64563	-4.22011	-4.15899
46	2	4	2	2	6	1	5	-6.16777	-4.82952	-6.01224	-7.73179
47	1	4	2	2	6	3	17	-4.8588	-2.44716	-4.85017	-5.53623
48	2	1	21	3	2	1	5	-2.95719	-2.48637	-4.6602	-4.58677
49	2	1	2	3	2	3	5	-3.7523	-7.01873	-7.49019	-7.6264
50	2	1	21	3	2	1	5	-2.95719	-2.48637	-4.6602	-4.58677
51	7	17	2	15	23	3	12	-6.8938	-10.2588	-10.6425	-10.7828
52	2	4	1	2	7	1	5	-2.30038	-5.65593	-5.94349	-5.55789
53	9	2	4	62	4	5	6	-3.71368	-5.19789	-5.86244	-7.0807
54	2	4	1	2	7	1	5	-2.30038	-5.65593	-5.94349	-5.55789
55	9	2	4	62	4	5	6	-3.71368	-5.19789	-5.86244	-7.0807
56	2	1	12	88	2	1	5	-3.97591	-3.42718	-6.15743	-5.39716
57	2	1	5	3	2	3	5	-4.277	-3.25018	-5.89143	-4.80809
58	2	4	1	2	2	1	5	-2.77593	-3.64563	-4.22011	-4.15899
59	9	2	4	62	4	5	6	-3.71368	-5.19789	-5.86244	-7.0807
60	2	1	5	3	2	3	5	-4.277	-3.25018	-5.89143	-4.80809
61	2	4	1	2	2	1	5	-2.77593	-3.64563	-4.22011	-4.15899
62	2	4	1	2	2	1	5	-2.77593	-3.64563	-4.22011	-4.15899
63	2	4	1	2	2	1	5	-2.77593	-3.64563	-4.22011	-4.15899
64	2	4	1	2	2	1	5	-2.77593	-3.64563	-4.22011	-4.15899
65	2	4	1	2	2	1	5	-2.77593	-3.64563	-4.22011	-4.15899
66	2	4	1	2	2	1	5	-2.77593	-3.64563	-4.22011	-4.15899
67	1	2	215	4	90	24	8	-30.5611	-31.0489	-21.7271	-23.4242
68	2	4	1	2	2	1	5	-2.77593	-3.64563	-4.22011	-4.15899
69	1	2	3	4	5	9	3	-4.84469	-2.48619	-3.68746	-4.85344
70	2	4	1	2	2	1	5	-2.77593	-3.64563	-4.22011	-4.15899
71	2	4	1	2	2	1	5	-2.77593	-3.64563	-4.22011	-4.15899
72	9	25	2	10	22	3	6	-4.4371	-7.70887	-6.19615	-4.3602
73	2	15	4	48	360	25	23	-6.5683	-9.21819	-5.75964	-4.88725
74	2	4	1	2	2	1	5	-2.77593	-3.64563	-4.22011	-4.15899
75	2	1	12	88	2	1	5	-3.97591	-3.42718	-6.15743	-5.39716
76	2	4	2	2	6	1	5	-6.16777	-4.82952	-6.01224	-7.73179
77	10	1	16	19	10	5	7	-7.38613	-2.74533	-4.31524	-5.11794
78	2	4	1	2	2	1	5	-2.77593	-3.64563	-4.22011	-4.15899
79	2	1	12	3	2	1	5	-2.65437	-2.1125	-3.76431	-4.91499
80	2	4	1	2	2	1	5	-2.77593	-3.64563	-4.22011	-4.15899
81	2	4	1	2	2	1	5	-2.77593	-3.64563	-4.22011	-4.15899
82	1	4	2	2	6	3	17	-4.8588	-2.44716	-4.85017	-5.53623
83	10	1	16	19	10	5	7	-7.38613	-2.74533	-4.31524	-5.11794
84	8	10	149	2	11	12	6	-4.92912	-3.96907	-5.82705	-7.22724
85	2	4	1	2	2	1	5	-2.77593	-3.64563	-4.22011	-4.15899
86	2	4	1	2	7	1	5	-2.30038	-5.65593	-5.94349	-5.55789
87	32	39	30	82	104	324	17	-9.74837	-4.67609	-7.97139	-8.737
88	1	2	3	4	5	9	3	-4.84469	-2.48619	-3.68746	-4.85344
89	2	1	5	3	2	3	5	-4.277	-3.25018	-5.89143	-4.80809
90	2	4	1	2	2	1	5	-2.77593	-3.64563	-4.22011	-4.15899
91	2	4	1	2	7	1	5	-2.30038	-5.65593	-5.94349	-5.55789
92	4	7	10	4	1	7	1	-1.80556	-3.8094	-2.68283	-1.92973
93	2	1	2	3	2	3	5	-3.7523	-7.01873	-7.49019	-7.6264
94	2	1	12	3	2	1	5	-2.65437	-2.1125	-3.76431	-4.91499
95	2	1	21	3	2	1	5	-2.95719	-2.48637	-4.6602	-4.58677
96	2	1	21	3	2	1	5	-2.95719	-2.48637	-4.6602	-4.58677
97	9	2	5	2	11	3	1	-29.8248	-31.7686	-28.2656	-26.1703
98	4	7	10	4	1	7	1	-1.80556	-3.8094	-2.68283	-1.92973
99	2	1	2	3	2	3	5	-3.7523	-7.01873	-7.49019	-7.6264
100	2	1	21	3	2	1	5	-2.95719	-2.48637	-4.6602	-4.58677
101	4	7	10	4	1	7	1	-1.80556	-3.8094	-2.68283	-1.92973
102	2	1	21	3	2	1	5	-2.95719	-2.48637	-4.6602	-4.58677
103	1	4	2	2	6	3	17	-4.8588	-2.44716	-4.85017	-5.53623
104	2	4	5	2	10	1	5	-6.88757	-10.2391	-10.6247	-10.7716
105	2	1	12	88	2	1	5	-3.97591	-3.42718	-6.15743	-5.39716
106	9	2	4	62	4	5	6	-3.71368	-5.19789	-5.86244	-7.0807
107	2	165	73	147	220	190	104	-8.15589	-10.5318	-7.17923	-5.22319
108	2	1	21	3	2	1	5	-2.95719	-2.48637	-4.6602	-4.58677
109	2	4	1	2	2	1	5	-2.77593	-3.64563	-4.22011	-4.15899
110	2	1	12	3	11	1	6	-19.291	-17.6442	-20.4844	-21.2206
111	2	1	2	3	2	3	5	-3.7523	-7.01873	-7.49019	-7.6264
112	2	4	1	2	7	1	5	-2.30038	-5.65593	-5.94349	-5.55789
113	2	1	2	3	2	3	5	-3.7523	-7.01873	-7.49019	-7.6264
114	2	1	21	3	2	1	5	-2.95719	-2.48637	-4.6602	-4.58677
115	2	4	1	2	7	1	5	-2.30038	-5.65593	-5.94349	-5.55789
116	33	39	30	82	113	43	17	-10.8413	-6.44657	-6.14331	-8.15693
117	2	4	1	2	2	1	5	-2.77593	-3.64563	-4.22011	-4.15899
118	2	4	1	2	2	1	5	-2.77593	-3.64563	-4.22011	-4.15899
119	2	4	1	2	2	1	5	-2.77593	-3.64563	-4.22011	-4.15899
120	2	4	1	2	7	1	5	-2.30038	-5.65593	-5.94349	-5.55789
121	4	7	10	1	1	7	1	-5.25935	-8.45735	-5.98779	-6.11563
122	2	1	12	3	2	1	5	-2.65437	-2.1125	-3.76431	-4.91499
123	2	4	1	2	2	1	5	-2.77593	-3.64563	-4.22011	-4.15899
124	2	4	1	2	2	1	5	-2.77593	-3.64563	-4.22011	-4.15899
125	2	4	1	2	7	1	5	-2.30038	-5.65593	-5.94349	-5.55789
126	2	4	1	2	2	1	5	-2.77593	-3.64563	-4.22011	-4.15899
127	2	4	1	2	2	1	5	-2.77593	-3.64563	-4.22011	-4.15899
128	2	1	12	88	2	1	5	-3.97591	-3.42718	-6.15743	-5.39716
129	2	1	12	3	2	1	5	-2.65437	-2.1125	-3.76431	-4.91499
130	2	1	12	3	2	1	5	-2.65437	-2.1125	-3.76431	-4.91499
131	2	4	1	2	7	1	5	-2.30038	-5.65593	-5.94349	-5.55789
132	2	1	21	3	2	1	5	-2.95719	-2.48637	-4.6602	-4.58677
133	2	1	21	3	2	1	5	-2.95719	-2.48637	-4.6602	-4.58677
134	2	4	5	2	2	5	5	-3.66493	-7.00791	-7.05363	-6.06156
135	2	1	21	3	2	1	5	-2.95719	-2.48637	-4.6602	-4.58677
136	1	4	2	2	6	3	1	-11.8067	-10.0494	-10.6319	-11.0299
137	2	1	5	3	2	3	5	-4.277	-3.25018	-5.89143	-4.80809
138	2	1	5	3	2	3	5	-4.277	-3.25018	-5.89143	-4.80809
139	4	7	10	4	1	7	1	-1.80556	-3.8094	-2.68283	-1.92973
140	8	10	2	2	11	12	6	-3.94753	-7.26424	-7.69294	-7.83636
141	2	1	2	3	2	3	5	-3.7523	-7.01873	-7.49019	-7.6264
142	2	1	5	3	2	3	5	-4.277	-3.25018	-5.89143	-4.80809
143	2	1	2	3	2	3	5	-3.7523	-7.01873	-7.49019	-7.6264
144	129	66	30	82	189	47	17	-3.23461	-4.87802	-5.75482	-4.18422
145	2	4	1	2	2	1	5	-2.77593	-3.64563	-4.22011	-4.15899
146	2	4	1	2	2	1	5	-2.77593	-3.64563	-4.22011	-4.15899
147	7	21	5	62	4	61	44	-8.8592	-3.8292	-5.84226	-7.36299
148	2	4	1	2	2	1	5	-2.77593	-3.64563	-4.22011	-4.15899
149	2	937	1	2	2	1	5	-6.93655	-8.41875	-6.91146	-7.61978
150	1	14	2	2	6	1	17	-9.15575	-6.44674	-8.06711	-6.30811
151	1	4	2	2	6	3	17	-4.8588	-2.44716	-4.85017	-5.53623
152	8	10	149	2	11	12	6	-4.92912	-3.96907	-5.82705	-7.22724
153	2	1	12	3	2	1	5	-2.65437	-2.1125	-3.76431	-4.91499
154	9	30	2	2	89	59	6	-4.94651	-8.31235	-8.69546	-8.83593
155	1	2	3	4	5	9	3	-4.84469	-2.48619	-3.68746	-4.85344
156	2	4	1	2	2	1	5	-2.77593	-3.64563	-4.22011	-4.15899
157	2	4	1	2	2	1	5	-2.77593	-3.64563	-4.22011	-4.15899
158	180	194	2	68	19	231	147	-26.478	-32.5516	-22.5247	-26.5046
159	2	4	1	2	2	1	5	-2.77593	-3.64563	-4.22011	-4.15899
160	2	4	1	2	2	1	5	-2.77593	-3.64563	-4.22011	-4.15899
161	2	4	1	2	2	1	5	-2.77593	-3.64563	-4.22011	-4.15899
162	4	7	10	4	1	7	1	-1.80556	-3.8094	-2.68283	-1.92973
163	2	4	1	2	2	1	5	-2.77593	-3.64563	-4.22011	-4.15899
164	2	1	21	3	2	1	5	-2.95719	-2.48637	-4.6602	-4.58677
165	2	4	1	2	7	1	5	-2.30038	-5.65593	-5.94349	-5.55789
166	2	4	1	2	2	1	5	-2.77593	-3.64563	-4.22011	-4.15899
167	10	1	16	19	10	5	7	-7.38613	-2.74533	-4.31524	-5.11794
168	104	7	10	4	1	7	1	-4.40361	-7.77413	-8.13575	-8.27203
169	2	4	1	2	2	1	5	-2.77593	-3.64563	-4.22011	-4.15899
170	10	27	16	19	10	5	7	-22.3979	-12.8442	-16.5636	-17.5202
171	2	4	1	2	2	1	5	-2.77593	-3.64563	-4.22011	-4.15899
172	2	1	1	3	2	1	5	-4.66517	-3.78327	-6.85488	-7.46195
173	7	21	5	62	4	61	44	-8.8592	-3.8292	-5.84226	-7.36299
174	2	1	1	3	2	1	5	-4.66517	-3.78327	-6.85488	-7.46195
175	10	1	16	19	10	5	7	-7.38613	-2.74533	-4.31524	-5.11794
176	2	4	1	2	2	1	5	-2.77593	-3.64563	-4.22011	-4.15899
177	2	4	1	2	2	1	5	-2.77593	-3.64563	-4.22011	-4.15899
178	2	1	12	3	2	1	5	-2.65437	-2.1125	-3.76431	-4.91499
179	2	4	1	2	2	1	5	-2.77593	-3.64563	-4.22011	-4.15899
180	2	4	1	2	2	1	5	-2.77593	-3.64563	-4.22011	-4.15899
181	1	4	2	2	6	3	17	-4.8588	-2.44716	-4.85017	-5.53623
182	2	1	12	3	2	1	5	-2.65437	-2.1125	-3.76431	-4.91499
183	4	7	10	4	1	7	1	-1.80556	-3.8094	-2.68283	-1.92973
184	2	4	1	2	2	1	5	-2.77593	-3.64563	-4.22011	-4.15899
185	2	4	1	2	2	1	5	-2.77593	-3.64563	-4.22011	-4.15899
186	2	1	21	3	2	1	5	-2.95719	-2.48637	-4.6602	-4.58677
187	4	7	10	4	1	7	1	-1.80556	-3.8094	-2.68283	-1.92973
188	4	7	10	4	42	51	1	-2.91738	-4.63588	-5.03587	-3.8357
189	2	1	5	3	2	3	5	-4.277	-3.25018	-5.89143	-4.80809
190	1	2	4	62	4	5	17	-6.17637	-4.84546	-7.99143	-8.64485
191	4	7	10	4	1	7	1	-1.80556	-3.8094	-2.68283	-1.92973
192	4	7	10	4	42	51	1	-2.91738	-4.63588	-5.03587	-3.8357
193	2	1	21	3	2	1	5	-2.95719	-2.48637	-4.6602	-4.58677
194	4	7	10	4	42	51	1	-2.91738	-4.63588	-5.03587	-3.8357
195	2	4	1	2	7	1	5	-2.30038	-5.65593	-5.94349	-5.55789
196	2	4	1	2	2	1	5	-2.77593	-3.64563	-4.22011	-4.15899
197	1	2	3	4	5	9	3	-4.84469	-2.48619	-3.68746	-4.85344
198	1	2	4	62	4	5	17	-6.17637	-4.84546	-7.99143	-8.64485
199	2	250	4	281	358	25	57	-29.0143	-32.1303	-19.1981	-20.2112
200	9	2	4	62	4	5	6	-3.71368	-5.19789	-5.86244	-7.0807
201	1	2	3	4	5	9	3	-4.84469	-2.48619	-3.68746	-4.85344
202	4	7	10	4	1	7	1	-1.80556	-3.8094	-2.68283	-1.92973
203	2	4	2	4	19	3	6	-5.79138	-9.15142	-9.53354	-9.6731
204	4	7	10	4	1	7	1	-1.80556	-3.8094	-2.68283	-1.92973
205	4	7	10	4	42	51	1	-2.91738	-4.63588	-5.03587	-3.8357
206	2	1	12	3	2	1	5	-2.65437	-2.1125	-3.76431	-4.91499
207	4	7	10	4	1	7	1	-1.80556	-3.8094	-2.68283	-1.92973
208	2	1	12	3	2	1	5	-2.65437	-2.1125	-3.76431	-4.91499
209	1	2	4	62	4	5	17	-6.17637	-4.84546	-7.99143	-8.64485
210	4	7	10	4	42	51	1	-2.91738	-4.63588	-5.03587	-3.8357
211	2	4	1	2	2	1	5	-2.77593	-3.64563	-4.22011	-4.15899
212	4	7	10	4	1	7	1	-1.80556	-3.8094	-2.68283	-1.92973
213	2	1	21	3	2	1	5	-2.95719	-2.48637	-4.6602	-4.58677
214	47	2	4	2	6	5	17	-12.0333	-10.4598	-6.16635	-8.25183
215	2	1	21	3	2	1	5	-2.95719	-2.48637	-4.6602	-4.58677
216	2	1	21	3	2	1	5	-2.95719	-2.48637	-4.6602	-4.58677
217	2	4	1	2	2	1	5	-2.77593	-3.64563	-4.22011	-4.15899
218	2	4	1	2	2	1	5	-2.77593	-3.64563	-4.22011	-4.15899
219	10	81	50	99	120	76	52	-6.62899	-6.39841	-5.29501	-5.12662
220	2	4	1	2	2	1	5	-2.77593	-3.64563	-4.22011	-4.15899
221	2	4	1	2	2	1	5	-2.77593	-3.64563	-4.22011	-4.15899
222	1	4	2	2	6	3	17	-4.8588	-2.44716	-4.85017	-5.53623
223	1	2	4	62	4	5	17	-6.17637	-4.84546	-7.99143	-8.64485
224	4	7	10	4	1	7	1	-1.80556	-3.8094	-2.68283	-1.92973
225	4	7	10	4	1	7	1	-1.80556	-3.8094	-2.68283	-1.92973
226	10	1	16	19	10	5	7	-7.38613	-2.74533	-4.31524	-5.11794
227	2	4	1	2	2	1	5	-2.77593	-3.64563	-4.22011	-4.15899
228	2	4	1	2	7	1	5	-2.30038	-5.65593	-5.94349	-5.55789
229	1	4	2	348	6	3	17	-10.4408	-5.36118	-8.65774	-9.42724
230	1	2	4	62	4	5	17	-6.17637	-4.84546	-7.99143	-8.64485
231	10	27	16	19	10	5	7	-22.3979	-12.8442	-16.5636	-17.5202
232	1	4	2	2	6	3	17	-4.8588	-2.44716	-4.85017	-5.53623
233	4	7	10	4	42	51	1	-2.91738	-4.63588	-5.03587	-3.8357
234	2	4	1	2	2	1	5	-2.77593	-3.64563	-4.22011	-4.15899
235	2	1	12	3	2	1	5	-2.65437	-2.1125	-3.76431	-4.91499
236	2	1	12	88	2	1	5	-3.97591	-3.42718	-6.15743	-5.39716
237	2	4	1	2	7	1	5	-2.30038	-5.65593	-5.94349	-5.55789
238	2	1	12	3	2	1	5	-2.65437	-2.1125	-3.76431	-4.91499
239	1	4	2	2	6	3	17	-4.8588	-2.44716	-4.85017	-5.53623
240	2	1	4	28	58	25	58	-5.56735	-8.48718	-5.46734	-4.21298
241	2	1	5	3	2	3	5	-4.277	-3.25018	-5.89143	-4.80809
242	2	1	12	3	2	1	5	-2.65437	-2.1125	-3.76431	-4.91499
243	2	4	1	2	2	1	5	-2.77593	-3.64563	-4.22011	-4.15899
244	2	1	5	10	11	1	5	-28.1342	-22.4035	-24.3339	-25.2756
245	2	1	12	3	2	1	5	-2.65437	-2.1125	-3.76431	-4.91499
246	2	1	12	88	2	1	5	-3.97591	-3.42718	-6.15743	-5.39716
247	2	1	12	3	2	1	5	-2.65437	-2.1125	-3.76431	-4.91499
248	2	1	12	3	2	1	5	-2.65437	-2.1125	-3.76431	-4.91499
249	1	4	2	2	6	3	17	-4.8588	-2.44716	-4.85017	-5.53623
250	9	2	4	62	4	5	6	-3.71368	-5.19789	-5.86244	-7.0807
251	2	1	12	3	2	1	5	-2.65437	-2.1125	-3.76431	-4.91499
252	8	10	149	2	11	12	6	-4.92912	-3.96907	-5.82705	-7.22724
253	2	1	21	3	2	1	5	-2.95719	-2.48637	-4.6602	-4.58677
254	1	2	3	4	5	9	3	-4.84469	-2.48619	-3.68746	-4.85344
255	2	1	5	3	2	3	5	-4.277	-3.25018	-5.89143	-4.80809
256	1	307	3	4	5	9	3	-6.87795	-6.42319	-6.11699	-8.08107
257	1	4	2	2	6	3	17	-4.8588	-2.44716	-4.85017	-5.53623
258	2	4	1	2	7	1	5	-2.30038	-5.65593	-5.94349	-5.55789
259	2	4	1	2	2	1	5	-2.77593	-3.64563	-4.22011	-4.15899
260	2	61	4	64	126	7	23	-5.87868	-8.86403	-6.16565	-4.22645
261	7	21	5	62	4	61	44	-8.8592	-3.8292	-5.84226	-7.36299
262	2	1	12	3	2	1	5	-2.65437	-2.1125	-3.76431	-4.91499
263	2	4	1	2	2	1	5	-2.77593	-3.64563	-4.22011	-4.15899
264	2	1	12	3	2	1	5	-2.65437	-2.1125	-3.76431	-4.91499
265	2	1	21	3	2	1	5	-2.95719	-2.48637	-4.6602	-4.58677
266	2	1	21	3	2	1	5	-2.95719	-2.48637	-4.6602	-4.58677
267	2	4	1	2	2	1	5	-2.77593	-3.64563	-4.22011	-4.15899
268	2	4	1	2	2	1	5	-2.77593	-3.64563	-4.22011	-4.15899
269	2	4	1	2	7	1	5	-2.30038	-5.65593	-5.94349	-5.55789
270	4	7	10	4	1	7	1	-1.80556	-3.8094	-2.68283	-1.92973
271	1	2	4	62	4	5	17	-6.17637	-4.84546	-7.99143	-8.64485
272	4	1	21	3	2	1	5	-9.97554	-10.1859	-10.5683	-10.1485
273	10	1	16	19	10	5	7	-7.38613	-2.74533	-4.31524	-5.11794
274	33	283	44	82	189	44	17	-8.12471	-3.46998	-5.65622	-5.95788
275	2	1	12	3	2	1	5	-2.65437	-2.1125	-3.76431	-4.91499
276	10	81	50	99	120	76	52	-6.62899	-6.39841	-5.29501	-5.12662
277	4	7	10	4	42	25	1	-8.11881	-9.80277	-5.8405	-5.14504
278	2	4	1	2	2	1	5	-2.77593	-3.64563	-4.22011	-4.15899
279	2	4	5	2	10	1	5	-6.88757	-10.2391	-10.6247	-10.7716
280	2	4	1	2	2	1	5	-2.77593	-3.64563	-4.22011	-4.15899
281	9	2	4	62	4	5	6	-3.71368	-5.19789	-5.86244	-7.0807
282	4	7	10	4	1	7	1	-1.80556	-3.8094	-2.68283	-1.92973
283	2	1	12	3	2	1	5	-2.65437	-2.1125	-3.76431	-4.91499
284	9	2	4	62	4	5	6	-3.71368	-5.19789	-5.86244	-7.0807
285	9	2	4	62	4	5	6	-3.71368	-5.19789	-5.86244	-7.0807
286	2	4	1	2	2	1	5	-2.77593	-3.64563	-4.22011	-4.15899
287	2	1	12	88	2	1	5	-3.97591	-3.42718	-6.15743	-5.39716
288	2	1	21	3	2	1	5	-2.95719	-2.48637	-4.6602	-4.58677
289	33	39	30	79	113	44	17	-27.6049	-24.0027	-24.955	-27.2898
290	1	2	3	4	5	9	3	-4.84469	-2.48619	-3.68746	-4.85344
291	1	4	2	2	6	3	17	-4.8588	-2.44716	-4.85017	-5.53623
292	9	2	4	62	4	5	6	-3.71368	-5.19789	-5.86244	-7.0807
293	2	1	12	3	2	1	5	-2.65437	-2.1125	-3.76431	-4.91499
294	2	1	5	3	2	5	5	-5.97695	-2.82839	-4.18537	-5.42024
295	2	1	5	3	2	5	5	-5.97695	-2.82839	-4.18537	-5.42024
296	2	4	1	2	2	1	5	-2.77593	-3.64563	-4.22011	-4.15899
297	2	4	1	2	2	1	5	-2.77593	-3.64563	-4.22011	-4.15899
298	2	1	21	3	2	1	5	-2.95719	-2.48637	-4.6602	-4.58677
299	32	39	30	82	104	324	17	-9.74837	-4.67609	-7.97139	-8.737
300	2	1	12	3	2	1	5	-2.65437	-2.1125	-3.76431	-4.91499
301	4	7	10	4	1	7	1	-1.80556	-3.8094	-2.68283	-1.92973
302	1	4	2	2	6	3	5	-10.0841	-5.26579	-8.54466	-9.36046
303	2	1	21	3	2	1	5	-2.95719	-2.48637	-4.6602	-4.58677
304	4	7	10	4	42	51	1	-2.91738	-4.63588	-5.03587	-3.8357
305	2	4	1	2	7	1	5	-2.30038	-5.65593	-5.94349	-5.55789
306	7	21	5	62	4	61	44	-8.8592	-3.8292	-5.84226	-7.36299
307	104	7	10	4	1	7	1	-4.40361	-7.77413	-8.13575	-8.27203
308	9	25	2	10	22	3	6	-4.4371	-7.70887	-6.19615	-4.3602
309	2	4	2	2	6	3	17	-11.2315	-7.69618	-10.3327	-10.8726
310	2	4	1	2	7	1	5	-2.30038	-5.65593	-5.94349	-5.55789
311	129	66	30	82	189	47	17	-3.23461	-4.87802	-5.75482	-4.18422
312	33	39	30	82	104	173	68	-5.47873	-3.97669	-7.14898	-7.81426
313	2	1	12	3	2	1	5	-2.65437	-2.1125	-3.76431	-4.91499
314	2	1	1	3	2	1	5	-4.66517	-3.78327	-6.85488	-7.46195
315	7	21	5	62	4	61	44	-8.8592	-3.8292	-5.84226	-7.36299
316	2	1	21	3	2	1	5	-2.95719	-2.48637	-4.6602	-4.58677
317	4	7	10	4	1	7	1	-1.80556	-3.8094	-2.68283	-1.92973
318	10	2	107	62	120	76	1	-6.80315	-10.034	-8.18603	-6.30949
319	4	7	10	4	1	7	1	-1.80556	-3.8094	-2.68283	-1.92973
320	2	1	12	3	2	1	5	-2.65437	-2.1125	-3.76431	-4.91499
321	2	1	5	3	2	3	5	-4.277	-3.25018	-5.89143	-4.80809
322	4	7	10	4	1	7	1	-1.80556	-3.8094	-2.68283	-1.92973
323	2	1	12	88	2	1	5	-3.97591	-3.42718	-6.15743	-5.39716
324	4	7	10	4	42	7	1	-6.44835	-9.07482	-5.64717	-4.63553
325	4	7	10	4	42	51	1	-2.91738	-4.63588	-5.03587	-3.8357
326	2	1	21	3	2	1	5	-2.95719	-2.48637	-4.6602	-4.58677
327	2	1	12	3	2	1	5	-2.65437	-2.1125	-3.76431	-4.91499
328	4	7	10	4	1	7	1	-1.80556	-3.8094	-2.68283	-1.92973
329	2	4	1	2	7	1	5	-2.30038	-5.65593	-5.94349	-5.55789
330	4	7	10	4	1	7	1	-1.80556	-3.8094	-2.68283	-1.92973
331	2	1	12	3	2	1	5	-2.65437	-2.1125	-3.76431	-4.91499
332	4	7	10	4	1	7	1	-1.80556	-3.8094	-2.68283	-1.92973
333	4	7	10	4	1	7	1	-1.80556	-3.8094	-2.68283	-1.92973
334	1	4	2	2	6	3	17	-4.8588	-2.44716	-4.85017	-5.53623
335	2	4	1	2	2	1	5	-2.77593	-3.64563	-4.22011	-4.15899
336	4	7	10	4	1	7	1	-1.80556	-3.8094	-2.68283	-1.92973
337	7	17	2	15	23	3	12	-6.8938	-10.2588	-10.6425	-10.7828
338	2	1	5	3	2	3	5	-4.277	-3.25018	-5.89143	-4.80809
339	4	7	10	4	1	7	1	-1.80556	-3.8094	-2.68283	-1.92973
340	4	7	10	4	1	7	1	-1.80556	-3.8094	-2.68283	-1.92973
341	4	7	10	4	42	51	1	-2.91738	-4.63588	-5.03587	-3.8357
342	2	4	1	2	2	1	5	-2.77593	-3.64563	-4.22011	-4.15899
343	2	1	12	88	2	1	5	-3.97591	-3.42718	-6.15743	-5.39716
344	2	1	1	3	2	1	5	-4.66517	-3.78327	-6.85488	-7.46195
345	1	2	3	4	5	9	3	-4.84469	-2.48619	-3.68746	-4.85344
346	2	1	12	88	2	1	5	-3.97591	-3.42718	-6.15743	-5.39716
347	2	1	1	3	2	1	5	-4.66517	-3.78327	-6.85488	-7.46195
348	24	17	2	10	23	68	5	-10.8463	-5.77284	-9.06892	-9.83512
349	4	7	10	4	1	7	1	-1.80556	-3.8094	-2.68283	-1.92973
350	2	1	21	3	2	1	5	-2.95719	-2.48637	-4.6602	-4.58677
351	1	4	2	2	6	3	17	-4.8588	-2.44716	-4.85017	-5.53623
352	2	1	5	3	2	3	5	-4.277	-3.25018	-5.89143	-4.80809
353	4	7	10	4	1	7	1	-1.80556	-3.8094	-2.68283	-1.92973
354	2	1	1	3	2	1	5	-4.66517	-3.78327	-6.85488	-7.46195
355	2	1	12	3	2	1	5	-2.65437	-2.1125	-3.76431	-4.91499
356	8	10	149	2	11	12	6	-4.92912	-3.96907	-5.82705	-7.22724
357	2	4	1	2	2	5	5	-6.8473	-6.39967	-9.22181	-9.83326
358	10	1	16	19	10	5	7	-7.38613	-2.74533	-4.31524	-5.11794
359	24	17	2	10	23	68	5	-10.8463	-5.77284	-9.06892	-9.83512
360	1	2	4	62	4	5	17	-6.17637	-4.84546	-7.99143	-8.64485
361	2	4	1	2	7	1	5	-2.30038	-5.65593	-5.94349	-5.55789
362	7	71	5	62	11	67	6	-30.1861	-28.8258	-27.0475	-30.0433
363	7	17	5	2	10	3	6	-26.2991	-24.2422	-23.9567	-22.8969
364	2	1	5	3	2	3	5	-4.277	-3.25018	-5.89143	-4.80809
365	9	2	4	62	4	5	6	-3.71368	-5.19789	-5.86244	-7.0807
366	33	38	30	82	104	325	36	-15.7793	-11.2504	-12.4621	-13.9955
367	2	4	1	2	7	1	5	-2.30038	-5.65593	-5.94349	-5.55789
368	47	2	4	2	6	5	17	-12.0333	-10.4598	-6.16635	-8.25183
369	2	1	12	88	2	1	5	-3.97591	-3.42718	-6.15743	-5.39716
370	2	1	12	88	2	1	5	-3.97591	-3.42718	-6.15743	-5.39716
371	2	1	12	88	2	1	5	-3.97591	-3.42718	-6.15743	-5.39716
372	2	1	12	88	2	1	5	-3.97591	-3.42718	-6.15743	-5.39716
373	2	4	1	2	2	1	5	-2.77593	-3.64563	-4.22011	-4.15899
374	2	1	12	88	2	1	5	-3.97591	-3.42718	-6.15743	-5.39716
375	1	1	2	2	6	3	17	-11.0426	-6.17468	-9.37387	-10.2707
376	2	1	12	88	2	1	5	-3.97591	-3.42718	-6.15743	-5.39716
377	2	1	12	88	2	1	5	-3.97591	-3.42718	-6.15743	-5.39716
378	2	4	1	2	2	1	5	-2.77593	-3.64563	-4.22011	-4.15899
379	2	1	12	88	2	1	5	-3.97591	-3.42718	-6.15743	-5.39716
380	2	1	5	3	2	3	5	-4.277	-3.25018	-5.89143	-4.80809
381	4	7	10	4	1	7	1	-1.80556	-3.8094	-2.68283	-1.92973
382	2	1	12	3	2	1	5	-2.65437	-2.1125	-3.76431	-4.91499
383	1	2	4	62	4	5	17	-6.17637	-4.84546	-7.99143	-8.64485
384	1	4	2	2	6	3	17	-4.8588	-2.44716	-4.85017	-5.53623
385	2	1	12	3	2	1	5	-2.65437	-2.1125	-3.76431	-4.91499
386	2	1	12	88	2	1	5	-3.97591	-3.42718	-6.15743	-5.39716
387	9	2	4	62	4	5	6	-3.71368	-5.19789	-5.86244	-7.0807
388	2	4	1	2	7	1	5	-2.30038	-5.65593	-5.94349	-5.55789
389	2	1	5	3	2	3	5	-4.277	-3.25018	-5.89143	-4.80809
390	7	21	5	62	4	61	44	-8.8592	-3.8292	-5.84226	-7.36299
391	1	2	215	4	90	24	8	-30.5611	-31.0489	-21.7271	-23.4242
392	2	1	21	3	2	1	5	-2.95719	-2.48637	-4.6602	-4.58677
393	1	4	2	2	6	3	17	-4.8588	-2.44716	-4.85017	-5.53623
394	2	4	1	2	2	1	5	-2.77593	-3.64563	-4.22011	-4.15899
395	2	1	12	3	2	1	5	-2.65437	-2.1125	-3.76431	-4.91499
396	1	2	3	4	5	9	3	-4.84469	-2.48619	-3.68746	-4.85344
397	2	1	5	3	2	3	5	-4.277	-3.25018	-5.89143	-4.80809
398	10	1	16	19	10	5	7	-7.38613	-2.74533	-4.31524	-5.11794
399	2	1	2	3	2	959	5	-7.98926	-11.3587	-10.1395	-11.0723
400	10	1	16	19	10	5	7	-7.38613	-2.74533	-4.31524	-5.11794
401	2	4	1	2	7	1	5	-2.30038	-5.65593	-5.94349	-5.55789
402	2	1	12	3	2	1	5	-2.65437	-2.1125	-3.76431	-4.91499
403	8	10	149	2	11	12	6	-4.92912	-3.96907	-5.82705	-7.22724
404	2	4	1	2	7	1	5	-2.30038	-5.65593	-5.94349	-5.55789
405	4	7	10	4	1	7	1	-1.80556	-3.8094	-2.68283	-1.92973
406	4	7	10	4	1	7	1	-1.80556	-3.8094	-2.68283	-1.92973
407	2	4	5	2	2	5	5	-3.66493	-7.00791	-7.05363	-6.06156
408	2	1	12	3	2	1	5	-2.65437	-2.1125	-3.76431	-4.91499
409	166	2	27	10	151	3	1	-32.5755	-34.8571	-26.4064	-27.1864
410	33	39	30	79	113	44	17	-27.6049	-24.0027	-24.955	-27.2898
411	7	17	2	15	23	3	12	-6.8938	-10.2588	-10.6425	-10.7828
412	1	2	3	4	5	9	3	-4.84469	-2.48619	-3.68746	-4.85344
413	2	4	1	2	7	1	5	-2.30038	-5.65593	-5.94349	-5.55789
414	7	21	5	62	4	61	44	-8.8592	-3.8292	-5.84226	-7.36299
415	2	1	12	3	2	1	5	-2.65437	-2.1125	-3.76431	-4.91499
416	1	2	3	4	5	9	3	-4.84469	-2.48619	-3.68746	-4.85344
417	2	1	5	88	2	11	5	-10.2522	-5.34548	-6.07789	-7.97744
418	2	4	1	2	7	1	5	-2.30038	-5.65593	-5.94349	-5.55789
419	2	1	21	3	2	1	5	-2.95719	-2.48637	-4.6602	-4.58677
420	7	17	2	15	23	3	12	-6.8938	-10.2588	-10.6425	-10.7828
421	2	1	5	88	2	11	5	-10.2522	-5.34548	-6.07789	-7.97744
422	47	2	4	2	6	5	17	-12.0333	-10.4598	-6.16635	-8.25183
423	1	2	3	4	5	9	3	-4.84469	-2.48619	-3.68746	-4.85344
424	7	17	2	15	23	3	12	-6.8938	-10.2588	-10.6425	-10.7828
425	2	4	1	2	2	1	5	-2.77593	-3.64563	-4.22011	-4.15899
426	2	4	1	2	2	1	5	-2.77593	-3.64563	-4.22011	-4.15899
427	2	4	1	2	2	1	5	-2.77593	-3.64563	-4.22011	-4.15899
428	2	1	12	3	2	1	5	-2.65437	-2.1125	-3.76431	-4.91499
429	2	4	5	2	2	5	5	-3.66493	-7.00791	-7.05363	-6.06156
430	2	1	21	3	2	1	5	-2.95719	-2.48637	-4.6602	-4.58677
431	4	7	10	4	42	25	1	-8.11881	-9.80277	-5.8405	-5.14504
432	1	4	2	2	6	3	17	-4.8588	-2.44716	-4.85017	-5.53623
433	1	2	215	4	923	24	8	-30.5611	-31.0489	-21.7271	-23.4242
434	1	2	3	4	5	9	3	-4.84469	-2.48619	-3.68746	-4.85344
435	2	1	1	3	2	1	5	-4.66517	-3.78327	-6.85488	-7.46195
436	1	4	2	2	6	3	17	-4.8588	-2.44716	-4.85017	-5.53623
437	2	4	1	2	2	1	5	-2.77593	-3.64563	-4.22011	-4.15899
438	2	1	5	3	2	5	5	-5.97695	-2.82839	-4.18537	-5.42024
439	4	7	10	4	42	51	1	-2.91738	-4.63588	-5.03587	-3.8357
440	4	7	10	4	1	7	1	-1.80556	-3.8094	-2.68283	-1.92973
441	4	7	10	4	1	7	1	-1.80556	-3.8094	-2.68283	-1.92973
442	4	7	10	4	1	7	1	-1.80556	-3.8094	-2.68283	-1.92973
443	2	1	21	3	2	1	5	-2.95719	-2.48637	-4.6602	-4.58677
444	2	1	21	3	2	1	5	-2.95719	-2.48637	-4.6602	-4.58677
445	2	4	1	2	7	1	5	-2.30038	-5.65593	-5.94349	-5.55789
446	4	7	10	4	1	7	1	-1.80556	-3.8094	-2.68283	-1.92973
447	4	7	10	4	1	7	1	-1.80556	-3.8094	-2.68283	-1.92973
448	2	1	1	3	2	1	5	-4.66517	-3.78327	-6.85488	-7.46195
449	2	1	21	3	2	1	5	-2.95719	-2.48637	-4.6602	-4.58677
450	2	1	21	3	2	1	5	-2.95719	-2.48637	-4.6602	-4.58677
451	4	7	10	4	42	51	1	-2.91738	-4.63588	-5.03587	-3.8357
452	4	7	10	1	1	7	1	-5.25935	-8.45735	-5.98779	-6.11563
453	239	27	16	19	10	5	7	-11.5413	-6.46789	-9.76242	-10.5293
454	2	1	12	3	2	1	5	-2.65437	-2.1125	-3.76431	-4.91499
455	2	4	1	2	2	1	5	-2.77593	-3.64563	-4.22011	-4.15899
456	2	1	12	3	2	1	5	-2.65437	-2.1125	-3.76431	-4.91499
457	2	1	12	3	2	1	5	-2.65437	-2.1125	-3.76431	-4.91499
458	10	81	50	99	120	76	52	-6.62899	-6.39841	-5.29501	-5.12662
459	47	2	4	2	6	5	17	-12.0333	-10.4598	-6.16635	-8.25183
460	2	4	1	3	2	1	5	-6.83768	-8.60286	-9.85156	-10.3024
461	4	7	10	4	1	7	1	-1.80556	-3.8094	-2.68283	-1.92973
462	2	1	1	380	2	1	5	-6.18452	-5.73198	-8.71044	-9.25237
463	2	4	1	2	7	1	5	-2.30038	-5.65593	-5.94349	-5.55789
464	2	1	12	88	2	1	5	-3.97591	-3.42718	-6.15743	-5.39716
465	7	71	5	62	11	67	1	-33.0042	-29.0614	-25.913	-28.9329
466	2	4	1	2	7	1	5	-2.30038	-5.65593	-5.94349	-5.55789
467	4	7	10	4	1	7	1	-1.80556	-3.8094	-2.68283	-1.92973
468	2	1	1	380	2	1	5	-6.18452	-5.73198	-8.71044	-9.25237
469	2	4	1	2	2	1	5	-2.77593	-3.64563	-4.22011	-4.15899
470	2	1	12	3	2	1	5	-2.65437	-2.1125	-3.76431	-4.91499
471	1	14	2	2	6	1	17	-9.15575	-6.44674	-8.06711	-6.30811
472	1	2	4	62	4	5	17	-6.17637	-4.84546	-7.99143	-8.64485
473	4	7	10	4	1	7	1	-1.80556	-3.8094	-2.68283	-1.92973
474	2	1	21	3	2	1	5	-2.95719	-2.48637	-4.6602	-4.58677
475	2	4	1	2	2	1	5	-2.77593	-3.64563	-4.22011	-4.15899
476	1	4	2	2	6	3	17	-4.8588	-2.44716	-4.85017	-5.53623
477	4	7	10	4	1	7	1	-1.80556	-3.8094	-2.68283	-1.92973
478	10	2	107	62	120	76	1	-6.80315	-10.034	-8.18603	-6.30949
479	2	1	12	3	2	1	5	-2.65437	-2.1125	-3.76431	-4.91499
480	2	1	5	3	2	3	5	-4.277	-3.25018	-5.89143	-4.80809
481	2	1	21	3	2	1	5	-2.95719	-2.48637	-4.6602	-4.58677
482	1	2	3	4	5	9	3	-4.84469	-2.48619	-3.68746	-4.85344
483	1	307	3	4	5	9	3	-6.87795	-6.42319	-6.11699	-8.08107
484	7	2	5	2	10	3	6	-32.462	-27.5215	-28.5109	-29.1828
485	1	2	3	4	5	9	3	-4.84469	-2.48619	-3.68746	-4.85344
486	33	39	30	82	104	173	68	-5.47873	-3.97669	-7.14898	-7.81426
487	4	7	10	4	42	7	1	-6.44835	-9.07482	-5.64717	-4.63553
488	2	1	12	88	2	1	5	-3.97591	-3.42718	-6.15743	-5.39716
489	2	4	1	2	2	1	5	-2.77593	-3.64563	-4.22011	-4.15899
490	2	1	21	3	2	1	5	-2.95719	-2.48637	-4.6602	-4.58677
491	9	2	4	62	4	5	6	-3.71368	-5.19789	-5.86244	-7.0807
492	2	1	5	3	2	3	5	-4.277	-3.25018	-5.89143	-4.80809
493	4	7	10	4	1	7	1	-1.80556	-3.8094	-2.68283	-1.92973
494	2	1	57	26	127	29	35	-6.88435	-9.65416	-6.15138	-8.16197
495	2	1	57	26	127	29	35	-6.88435	-9.65416	-6.15138	-8.16197
496	2	4	2	4	19	3	6	-5.79138	-9.15142	-9.53354	-9.6731
497	2	1	12	3	2	1	5	-2.65437	-2.1125	-3.76431	-4.91499
498	2	4	1	2	2	1	5	-2.77593	-3.64563	-4.22011	-4.15899
499	2	4	1	2	2	1	5	-2.77593	-3.64563	-4.22011	-4.15899
500	2	1	21	3	2	1	5	-2.95719	-2.48637	-4.6602	-4.58677
501	33	39	65	79	104	43	17	-4.59059	-7.95595	-8.33902	-8.48031
502	1	14	2	2	6	1	17	-9.15575	-6.44674	-8.06711	-6.30811
503	2	1	12	3	2	1	5	-2.65437	-2.1125	-3.76431	-4.91499
504	7	21	5	62	4	61	44	-8.8592	-3.8292	-5.84226	-7.36299
505	9	2	4	62	4	5	6	-3.71368	-5.19789	-5.86244	-7.0807
506	129	66	30	82	189	47	17	-3.23461	-4.87802	-5.75482	-4.18422
507	2	1	21	3	2	1	5	-2.95719	-2.48637	-4.6602	-4.58677
508	47	2	4	2	6	5	17	-12.0333	-10.4598	-6.16635	-8.25183
509	2	4	1	2	7	1	5	-2.30038	-5.65593	-5.94349	-5.55789
510	33	38	30	82	104	325	36	-15.7793	-11.2504	-12.4621	-13.9955
511	1	4	2	2	6	3	17	-4.8588	-2.44716	-4.85017	-5.53623
512	1	4	2	2	6	3	17	-4.8588	-2.44716	-4.85017	-5.53623
513	2	4	1	2	2	1	5	-2.77593	-3.64563	-4.22011	-4.15899
514	4	7	10	4	1	7	1	-1.80556	-3.8094	-2.68283	-1.92973
515	33	283	44	82	189	44	17	-8.12471	-3.46998	-5.65622	-5.95788
516	8	10	149	2	11	12	6	-4.92912	-3.96907	-5.82705	-7.22724
517	2	1	21	3	62	1	5	-5.78935	-9.13846	-9.53132	-9.67525
518	10	1	16	19	10	5	7	-7.38613	-2.74533	-4.31524	-5.11794
519	180	194	2	68	19	231	147	-26.478	-32.5516	-22.5247	-26.5046
520	2	4	1	2	7	1	5	-2.30038	-5.65593	-5.94349	-5.55789
521	2	4	2	2	6	1	5	-6.16777	-4.82952	-6.01224	-7.73179
522	1	2	3	4	5	9	3	-4.84469	-2.48619	-3.68746	-4.85344
523	2	1	21	3	2	1	5	-2.95719	-2.48637	-4.6602	-4.58677
524	2	1	12	3	2	1	5	-2.65437	-2.1125	-3.76431	-4.91499
525	2	1	5	3	2	3	5	-4.277	-3.25018	-5.89143	-4.80809
526	1	307	3	4	5	9	3	-6.87795	-6.42319	-6.11699	-8.08107
527	2	4	1	2	7	1	5	-2.30038	-5.65593	-5.94349	-5.55789
528	2	1	12	3	2	1	5	-2.65437	-2.1125	-3.76431	-4.91499
529	7	21	5	62	4	61	44	-8.8592	-3.8292	-5.84226	-7.36299
530	2	1	5	3	2	3	5	-4.277	-3.25018	-5.89143	-4.80809
531	2	1	12	88	2	1	5	-3.97591	-3.42718	-6.15743	-5.39716
532	2	1	21	3	2	1	5	-2.95719	-2.48637	-4.6602	-4.58677
533	1	4	2	2	6	3	17	-4.8588	-2.44716	-4.85017	-5.53623
534	2	4	1	2	7	1	5	-2.30038	-5.65593	-5.94349	-5.55789
535	47	2	4	2	6	5	17	-12.0333	-10.4598	-6.16635	-8.25183
536	1	4	2	2	6	3	17	-4.8588	-2.44716	-4.85017	-5.53623
537	1	2	3	4	5	9	3	-4.84469	-2.48619	-3.68746	-4.85344
538	2	4	1	2	2	1	5	-2.77593	-3.64563	-4.22011	-4.15899
539	4	7	10	4	42	7	1	-6.44835	-9.07482	-5.64717	-4.63553
540	2	4	1	9	2	1	5	-6.99937	-8.42505	-6.91789	-7.62452
541	2	1	12	3	2	1	5	-2.65437	-2.1125	-3.76431	-4.91499
542	1	4	2	9	6	3	17	-9.0949	-7.17682	-7.52772	-8.9829
543	1	2	3	4	922	9	3	-9.08344	-7.26761	-6.38663	-8.31987
544	4	7	10	4	1	7	1	-1.80556	-3.8094	-2.68283	-1.92973
545	2	1	5	3	2	3	5	-4.277	-3.25018	-5.89143	-4.80809
546	2	4	1	2	7	1	5	-2.30038	-5.65593	-5.94349	-5.55789
547	4	7	10	4	1	7	1	-1.80556	-3.8094	-2.68283	-1.92973
548	2	4	1	2	2	1	5	-2.77593	-3.64563	-4.22011	-4.15899
549	2	1	21	3	2	1	5	-2.95719	-2.48637	-4.6602	-4.58677
550	4	7	10	4	1	7	1	-1.80556	-3.8094	-2.68283	-1.92973
551	1	4	2	2	6	3	17	-4.8588	-2.44716	-4.85017	-5.53623
552	2	1	5	3	2	5	5	-5.97695	-2.82839	-4.18537	-5.42024
553	2	1	12	3	2	1	5	-2.65437	-2.1125	-3.76431	-4.91499
554	4	936	10	4	1	7	1	-6.03901	-8.58731	-5.3528	-5.39782
555	180	194	2	68	19	231	147	-26.478	-32.5516	-22.5247	-26.5046
556	4	7	10	4	42	51	1	-2.91738	-4.63588	-5.03587	-3.8357
557	4	7	10	4	42	25	1	-8.11881	-9.80277	-5.8405	-5.14504
558	2	1	21	3	2	1	5	-2.95719	-2.48637	-4.6602	-4.58677
559	2	1	5	3	2	3	5	-4.277	-3.25018	-5.89143	-4.80809
560	2	1	5	3	2	3	5	-4.277	-3.25018	-5.89143	-4.80809
561	4	7	10	4	42	51	1	-2.91738	-4.63588	-5.03587	-3.8357
562	4	7	10	4	1	7	1	-1.80556	-3.8094	-2.68283	-1.92973
563	2	4	1	2	7	1	5	-2.30038	-5.65593	-5.94349	-5.55789
564	2	1	21	3	2	1	5	-2.95719	-2.48637	-4.6602	-4.58677
565	1	4	2	2	6	3	17	-4.8588	-2.44716	-4.85017	-5.53623
566	188	313	5	2	89	5	6	-42.4214	-36.6922	-36.9115	-41.3014
567	2	1	21	3	2	1	5	-2.95719	-2.48637	-4.6602	-4.58677
568	2	1	1	3	2	1	5	-4.66517	-3.78327	-6.85488	-7.46195
569	2	1	5	3	2	3	5	-4.277	-3.25018	-5.89143	-4.80809
570	2	4	1	2	2	1	5	-2.77593	-3.64563	-4.22011	-4.15899
571	2	1	5	3	2	3	5	-4.277	-3.25018	-5.89143	-4.80809
572	2	1	1	3	2	1	5	-4.66517	-3.78327	-6.85488	-7.46195
573	2	1	5	3	2	3	5	-4.277	-3.25018	-5.89143	-4.80809
574	1	4	2	2	6	3	17	-4.8588	-2.44716	-4.85017	-5.53623
575	1	4	2	2	6	3	17	-4.8588	-2.44716	-4.85017	-5.53623
576	2	1	21	3	2	1	5	-2.95719	-2.48637	-4.6602	-4.58677
577	239	27	16	19	10	5	7	-11.5413	-6.46789	-9.76242	-10.5293
578	2	4	5	2	2	5	5	-3.66493	-7.00791	-7.05363	-6.06156
579	9	2	4	62	4	5	6	-3.71368	-5.19789	-5.86244	-7.0807
580	2	1	1	3	2	1	5	-4.66517	-3.78327	-6.85488	-7.46195
581	2	1	5	3	2	3	5	-4.277	-3.25018	-5.89143	-4.80809
582	1	4	2	2	6	3	17	-4.8588	-2.44716	-4.85017	-5.53623
583	2	4	5	2	2	5	5	-3.66493	-7.00791	-7.05363	-6.06156
584	2	4	5	2	2	5	5	-3.66493	-7.00791	-7.05363	-6.06156
585	2	1	5	3	2	3	5	-4.277	-3.25018	-5.89143	-4.80809
586	2	1	1	380	2	1	5	-6.18452	-5.73198	-8.71044	-9.25237
587	2	7	10	4	1	7	1	-6.62847	-8.79171	-8.08321	-7.24328
588	2	1	12	3	2	1	5	-2.65437	-2.1125	-3.76431	-4.91499
589	2	4	1	2	2	1	5	-2.77593	-3.64563	-4.22011	-4.15899
590	9	2	4	62	4	5	6	-3.71368	-5.19789	-5.86244	-7.0807
591	2	4	5	2	2	5	5	-3.66493	-7.00791	-7.05363	-6.06156
592	1	4	2	2	6	3	17	-4.8588	-2.44716	-4.85017	-5.53623
593	1	4	2	2	6	5	17	-13.2703	-8.75827	-11.6711	-13.6412
594	2	4	2	2	6	1	5	-6.16777	-4.82952	-6.01224	-7.73179
595	1	4	2	2	6	5	17	-13.2703	-8.75827	-11.6711	-13.6412
596	2	23	21	3	2	1	5	-7.19669	-7.27216	-7.36114	-8.05475
597	7	21	5	62	4	61	44	-8.8592	-3.8292	-5.84226	-7.36299
598	2	4	1	2	2	1	5	-2.77593	-3.64563	-4.22011	-4.15899
599	1	307	3	4	5	9	3	-6.87795	-6.42319	-6.11699	-8.08107
600	1	2	3	4	5	9	3	-4.84469	-2.48619	-3.68746	-4.85344
601	9	2	4	62	4	5	6	-3.71368	-5.19789	-5.86244	-7.0807
602	2	1	12	3	2	1	5	-2.65437	-2.1125	-3.76431	-4.91499
603	1	4	2	2	6	3	17	-4.8588	-2.44716	-4.85017	-5.53623
604	10	1	16	19	10	5	7	-7.38613	-2.74533	-4.31524	-5.11794
605	2	1	12	3	2	1	5	-2.65437	-2.1125	-3.76431	-4.91499
606	180	194	2	68	19	231	147	-26.478	-32.5516	-22.5247	-26.5046
607	2	1	12	3	2	1	5	-2.65437	-2.1125	-3.76431	-4.91499
608	4	7	10	4	1	7	1	-1.80556	-3.8094	-2.68283	-1.92973
609	129	66	30	82	189	47	17	-3.23461	-4.87802	-5.75482	-4.18422
610	4	7	10	4	1	7	1	-1.80556	-3.8094	-2.68283	-1.92973
611	2	1	12	3	2	1	5	-2.65437	-2.1125	-3.76431	-4.91499
612	2	1	21	3	2	1	5	-2.95719	-2.48637	-4.6602	-4.58677
613	4	7	10	4	1	7	1	-1.80556	-3.8094	-2.68283	-1.92973
614	10	1	16	19	10	5	7	-7.38613	-2.74533	-4.31524	-5.11794
615	8	10	149	2	11	12	6	-4.92912	-3.96907	-5.82705	-7.22724
616	129	66	30	82	189	47	17	-3.23461	-4.87802	-5.75482	-4.18422
617	2	4	1	2	2	1	5	-2.77593	-3.64563	-4.22011	-4.15899
618	180	194	2	68	19	231	147	-26.478	-32.5516	-22.5247	-26.5046
619	2	1	5	3	2	3	5	-4.277	-3.25018	-5.89143	-4.80809
620	2	4	1	2	2	1	5	-2.77593	-3.64563	-4.22011	-4.15899
621	1	2	3	4	5	9	3	-4.84469	-2.48619	-3.68746	-4.85344
622	180	194	2	68	19	231	147	-26.478	-32.5516	-22.5247	-26.5046
623	33	39	65	79	104	43	17	-4.59059	-7.95595	-8.33902	-8.48031
624	2	4	5	2	2	5	5	-3.66493	-7.00791	-7.05363	-6.06156
625	2	1	5	3	2	5	5	-5.97695	-2.82839	-4.18537	-5.42024
626	2	1	12	3	2	1	5	-2.65437	-2.1125	-3.76431	-4.91499
627	180	194	2	68	19	231	147	-26.478	-32.5516	-22.5247	-26.5046
628	2	1	21	3	2	1	5	-2.95719	-2.48637	-4.6602	-4.58677
629	2	1	5	3	2	5	5	-5.97695	-2.82839	-4.18537	-5.42024
630	2	1	21	3	2	1	5	-2.95719	-2.48637	-4.6602	-4.58677
631	1	2	3	4	5	9	3	-4.84469	-2.48619	-3.68746	-4.85344
632	2	1	21	3	2	1	5	-2.95719	-2.48637	-4.6602	-4.58677
633	8	10	2	2	11	12	6	-3.94753	-7.26424	-7.69294	-7.83636
634	2	4	1	2	7	1	5	-2.30038	-5.65593	-5.94349	-5.55789
635	2	1	5	3	2	3	5	-4.277	-3.25018	-5.89143	-4.80809
636	1	2	3	4	5	9	3	-4.84469	-2.48619	-3.68746	-4.85344
637	9	2	4	62	4	5	6	-3.71368	-5.19789	-5.86244	-7.0807
638	2	1	21	3	2	1	5	-2.95719	-2.48637	-4.6602	-4.58677
639	8	10	149	2	11	12	6	-4.92912	-3.96907	-5.82705	-7.22724
640	2	1	12	88	2	1	5	-3.97591	-3.42718	-6.15743	-5.39716
641	2	4	1	2	2	1	5	-2.77593	-3.64563	-4.22011	-4.15899
642	2	1	5	10	10	1	5	-23.9104	-23.303	-22.9481	-23.5805
643	1	2	3	4	5	9	3	-4.84469	-2.48619	-3.68746	-4.85344
644	2	4	1	2	7	1	5	-2.30038	-5.65593	-5.94349	-5.55789
645	2	4	1	2	2	1	5	-2.77593	-3.64563	-4.22011	-4.15899
646	1	2	3	4	5	9	3	-4.84469	-2.48619	-3.68746	-4.85344
647	2	1	12	88	2	1	5	-3.97591	-3.42718	-6.15743	-5.39716
648	4	7	10	4	1	7	1	-1.80556	-3.8094	-2.68283	-1.92973
649	2	1	21	3	2	1	5	-2.95719	-2.48637	-4.6602	-4.58677
650	2	4	1	2	7	1	5	-2.30038	-5.65593	-5.94349	-5.55789
651	33	38	30	82	118	43	17	-21.6801	-18.8021	-21.5622	-22.8473
652	2	4	1	2	2	1	5	-2.77593	-3.64563	-4.22011	-4.15899
653	2	1	5	3	2	3	5	-4.277	-3.25018	-5.89143	-4.80809
654	4	7	10	4	1	7	1	-1.80556	-3.8094	-2.68283	-1.92973
655	8	10	2	2	11	12	6	-3.94753	-7.26424	-7.69294	-7.83636
656	2	4	5	2	2	5	5	-3.66493	-7.00791	-7.05363	-6.06156
657	4	7	10	4	1	7	1	-1.80556	-3.8094	-2.68283	-1.92973
658	2	1	5	3	2	3	5	-4.277	-3.25018	-5.89143	-4.80809
659	33	39	30	82	113	47	17	-5.78784	-5.74074	-8.58388	-9.06242
660	2	1	21	3	2	1	5	-2.95719	-2.48637	-4.6602	-4.58677
661	2	4	1	2	7	1	5	-2.30038	-5.65593	-5.94349	-5.55789
662	2	1	1	3	2	1	5	-4.66517	-3.78327	-6.85488	-7.46195
663	4	7	10	4	1	7	1	-1.80556	-3.8094	-2.68283	-1.92973
664	7	21	5	62	4	61	44	-8.8592	-3.8292	-5.84226	-7.36299
665	10	81	50	99	120	76	52	-6.62899	-6.39841	-5.29501	-5.12662
666	4	7	10	4	1	7	1	-1.80556	-3.8094	-2.68283	-1.92973
667	1	2	3	4	5	9	3	-4.84469	-2.48619	-3.68746	-4.85344
668	1	2	3	4	5	9	3	-4.84469	-2.48619	-3.68746	-4.85344
669	2	4	1	2	7	1	5	-2.30038	-5.65593	-5.94349	-5.55789
670	4	7	10	4	1	7	1	-1.80556	-3.8094	-2.68283	-1.92973
671	2	1	5	3	2	3	5	-4.277	-3.25018	-5.89143	-4.80809
672	1	4	2	2	6	3	17	-4.8588	-2.44716	-4.85017	-5.53623
673	4	935	10	4	1	7	1	-6.03901	-8.58731	-5.3528	-5.39782
674	10	1	16	19	10	5	7	-7.38613	-2.74533	-4.31524	-5.11794
675	4	7	10	4	1	7	1	-1.80556	-3.8094	-2.68283	-1.92973
676	33	39	65	79	104	43	17	-4.59059	-7.95595	-8.33902	-8.48031
677	2	4	2	2	6	1	5	-6.16777	-4.82952	-6.01224	-7.73179
678	4	7	10	4	42	25	1	-8.11881	-9.80277	-5.8405	-5.14504
679	1	4	2	2	6	3	17	-4.8588	-2.44716	-4.85017	-5.53623
680	4	7	10	4	42	25	1	-8.11881	-9.80277	-5.8405	-5.14504
681	4	7	10	4	42	25	1	-8.11881	-9.80277	-5.8405	-5.14504
682	4	7	10	4	1	7	1	-1.80556	-3.8094	-2.68283	-1.92973
683	2	4	1	2	7	1	5	-2.30038	-5.65593	-5.94349	-5.55789
684	4	7	10	4	1	7	1	-1.80556	-3.8094	-2.68283	-1.92973
685	4	7	10	4	42	7	1	-6.44835	-9.07482	-5.64717	-4.63553
686	10	27	16	19	10	5	7	-22.3979	-12.8442	-16.5636	-17.5202
687	10	81	50	99	120	76	52	-6.62899	-6.39841	-5.29501	-5.12662
688	4	7	10	4	1	7	1	-1.80556	-3.8094	-2.68283	-1.92973
689	4	7	10	4	42	51	1	-2.91738	-4.63588	-5.03587	-3.8357
690	4	7	10	4	1	7	1	-1.80556	-3.8094	-2.68283	-1.92973
691	10	81	50	99	120	76	52	-6.62899	-6.39841	-5.29501	-5.12662
692	2	4	1	2	2	1	5	-2.77593	-3.64563	-4.22011	-4.15899
693	4	7	10	4	42	51	1	-2.91738	-4.63588	-5.03587	-3.8357
694	4	7	10	4	42	51	1	-2.91738	-4.63588	-5.03587	-3.8357
695	4	7	10	4	42	51	1	-2.91738	-4.63588	-5.03587	-3.8357
696	8	10	2	2	11	12	6	-3.94753	-7.26424	-7.69294	-7.83636
697	33	38	30	82	104	43	17	-5.28362	-8.64797	-9.03076	-9.16546
698	4	7	10	4	1	7	1	-1.80556	-3.8094	-2.68283	-1.92973
699	10	81	50	99	120	76	52	-6.62899	-6.39841	-5.29501	-5.12662
700	2	4	1	2	7	1	5	-2.30038	-5.65593	-5.94349	-5.55789
701	4	7	10	4	1	7	1	-1.80556	-3.8094	-2.68283	-1.92973
702	4	7	10	4	1	7	1	-1.80556	-3.8094	-2.68283	-1.92973
703	10	81	50	99	120	76	52	-6.62899	-6.39841	-5.29501	-5.12662
704	4	7	10	4	42	51	1	-2.91738	-4.63588	-5.03587	-3.8357
705	9	2	4	62	4	5	6	-3.71368	-5.19789	-5.86244	-7.0807
706	4	7	10	4	1	7	1	-1.80556	-3.8094	-2.68283	-1.92973
707	2	1	1	3	2	1	5	-4.66517	-3.78327	-6.85488	-7.46195
708	1	14	2	2	6	1	17	-9.15575	-6.44674	-8.06711	-6.30811
709	2	4	2	2	6	1	5	-6.16777	-4.82952	-6.01224	-7.73179
710	2	4	2	2	6	1	5	-6.16777	-4.82952	-6.01224	-7.73179
711	4	7	10	4	42	51	1	-2.91738	-4.63588	-5.03587	-3.8357
712	10	2	107	62	120	76	1	-6.80315	-10.034	-8.18603	-6.30949
713	2	1	12	3	2	1	5	-2.65437	-2.1125	-3.76431	-4.91499
714	2	4	1	2	2	1	5	-2.77593	-3.64563	-4.22011	-4.15899
715	47	2	4	2	6	5	17	-12.0333	-10.4598	-6.16635	-8.25183
716	4	7	10	4	42	5	1	-11.2955	-10.9281	-11.1754	-11.4064
717	2	1	12	3	2	1	5	-2.65437	-2.1125	-3.76431	-4.91499
718	4	7	10	4	42	51	1	-2.91738	-4.63588	-5.03587	-3.8357
719	1	307	3	4	5	9	3	-6.87795	-6.42319	-6.11699	-8.08107
720	2	1	21	3	2	1	5	-2.95719	-2.48637	-4.6602	-4.58677
721	4	7	10	4	1	7	1	-1.80556	-3.8094	-2.68283	-1.92973
722	2	4	1	2	2	1	5	-2.77593	-3.64563	-4.22011	-4.15899
723	2	1	12	3	2	1	5	-2.65437	-2.1125	-3.76431	-4.91499
724	4	7	10	4	1	7	1	-1.80556	-3.8094	-2.68283	-1.92973
725	2	1	21	3	2	1	5	-2.95719	-2.48637	-4.6602	-4.58677
726	2	1	1	3	2	1	5	-4.66517	-3.78327	-6.85488	-7.46195
727	4	7	10	4	1	7	1	-1.80556	-3.8094	-2.68283	-1.92973
728	2	1	12	3	2	1	5	-2.65437	-2.1125	-3.76431	-4.91499
729	1	4	3	2	6	3	17	-15.1162	-9.24559	-11.9113	-13.9921
730	2	1	12	3	2	1	5	-2.65437	-2.1125	-3.76431	-4.91499
731	2	1	12	88	2	1	5	-3.97591	-3.42718	-6.15743	-5.39716
732	1	4	2	2	6	3	17	-4.8588	-2.44716	-4.85017	-5.53623
733	4	7	10	4	42	51	1	-2.91738	-4.63588	-5.03587	-3.8357
734	2	1	12	3	2	1	5	-2.65437	-2.1125	-3.76431	-4.91499
735	4	7	10	4	1	7	1	-1.80556	-3.8094	-2.68283	-1.92973
736	2	1	12	88	2	1	5	-3.97591	-3.42718	-6.15743	-5.39716
737	2	1	21	3	2	1	5	-2.95719	-2.48637	-4.6602	-4.58677
738	2	4	5	2	2	5	5	-3.66493	-7.00791	-7.05363	-6.06156
739	2	4	5	2	2	5	5	-3.66493	-7.00791	-7.05363	-6.06156
740	2	1	21	3	62	1	5	-5.78935	-9.13846	-9.53132	-9.67525
741	4	7	10	4	42	25	1	-8.11881	-9.80277	-5.8405	-5.14504
742	1	2	4	62	4	5	17	-6.17637	-4.84546	-7.99143	-8.64485
743	1	2	3	4	5	9	3	-4.84469	-2.48619	-3.68746	-4.85344
744	8	10	2	2	11	12	6	-3.94753	-7.26424	-7.69294	-7.83636
745	2	1	12	88	2	1	5	-3.97591	-3.42718	-6.15743	-5.39716
746	2	4	5	2	2	5	5	-3.66493	-7.00791	-7.05363	-6.06156
747	2	1	12	3	2	1	5	-2.65437	-2.1125	-3.76431	-4.91499
748	7	21	5	62	4	61	44	-8.8592	-3.8292	-5.84226	-7.36299
749	9	2	4	62	4	5	6	-3.71368	-5.19789	-5.86244	-7.0807
750	10	1	16	19	10	5	7	-7.38613	-2.74533	-4.31524	-5.11794
751	10	1	16	19	10	5	7	-7.38613	-2.74533	-4.31524	-5.11794
752	8	10	2	2	11	12	6	-3.94753	-7.26424	-7.69294	-7.83636
753	1	4	2	2	6	3	17	-4.8588	-2.44716	-4.85017	-5.53623
754	2	1	12	3	2	1	5	-2.65437	-2.1125	-3.76431	-4.91499
755	2	1	12	88	2	1	5	-3.97591	-3.42718	-6.15743	-5.39716
756	2	29	4	27	10	25	57	-19.1242	-22.6091	-14.6724	-12.0184
757	2	1	5	3	2	3	5	-4.277	-3.25018	-5.89143	-4.80809
758	2	1	12	3	2	1	5	-2.65437	-2.1125	-3.76431	-4.91499
759	37	52	57	26	107	29	23	-7.85425	-9.66001	-5.77055	-4.88878
760	2	4	1	2	7	1	5	-2.30038	-5.65593	-5.94349	-5.55789
761	1	2	3	4	5	9	3	-4.84469	-2.48619	-3.68746	-4.85344
762	2	1	12	3	2	1	5	-2.65437	-2.1125	-3.76431	-4.91499
763	1	4	2	2	6	3	17	-4.8588	-2.44716	-4.85017	-5.53623
764	1	4	2	2	6	3	17	-4.8588	-2.44716	-4.85017	-5.53623
765	1	2	3	4	5	9	3	-4.84469	-2.48619	-3.68746	-4.85344
766	4	7	10	4	1	7	1	-1.80556	-3.8094	-2.68283	-1.92973
767	2	1	21	3	2	1	5	-2.95719	-2.48637	-4.6602	-4.58677
768	2	1	12	3	2	1	5	-2.65437	-2.1125	-3.76431	-4.91499
769	2	4	1	2	2	5	5	-6.8473	-6.39967	-9.22181	-9.83326
770	2	4	1	2	2	1	5	-2.77593	-3.64563	-4.22011	-4.15899
771	2	4	5	2	2	5	5	-3.66493	-7.00791	-7.05363	-6.06156
772	10	1	16	19	10	5	7	-7.38613	-2.74533	-4.31524	-5.11794
773	7	21	5	62	4	61	44	-8.8592	-3.8292	-5.84226	-7.36299
774	9	2	4	62	4	5	6	-3.71368	-5.19789	-5.86244	-7.0807
775	2	1	12	3	2	1	5	-2.65437	-2.1125	-3.76431	-4.91499
776	1	4	2	2	6	3	17	-4.8588	-2.44716	-4.85017	-5.53623
777	4	7	10	4	1	7	1	-1.80556	-3.8094	-2.68283	-1.92973
778	2	1	12	3	2	1	5	-2.65437	-2.1125	-3.76431	-4.91499
779	2	1	5	3	2	5	5	-5.97695	-2.82839	-4.18537	-5.42024
780	2	23	21	3	2	1	5	-7.19669	-7.27216	-7.36114	-8.05475
781	2	4	5	2	2	5	5	-3.66493	-7.00791	-7.05363	-6.06156
782	2	4	2	2	6	1	5	-6.16777	-4.82952	-6.01224	-7.73179
783	2	1	12	3	2	1	5	-2.65437	-2.1125	-3.76431	-4.91499
784	4	7	10	4	42	51	1	-2.91738	-4.63588	-5.03587	-3.8357
785	7	17	5	2	86	232	1	-29.6915	-33.862	-27.5561	-27.6001
786	2	4	1	2	2	1	5	-2.77593	-3.64563	-4.22011	-4.15899
787	2	1	12	3	2	1	5	-2.65437	-2.1125	-3.76431	-4.91499
788	2	1	21	3	2	1	5	-2.95719	-2.48637	-4.6602	-4.58677
789	7	17	2	15	23	3	12	-6.8938	-10.2588	-10.6425	-10.7828
790	2	1	5	3	2	5	5	-5.97695	-2.82839	-4.18537	-5.42024
791	1	6	60	24	12	28	1	-30.4042	-33.7858	-19.393	-22.8141
792	1	2	3	4	5	9	3	-4.84469	-2.48619	-3.68746	-4.85344
793	2	4	5	2	2	5	5	-3.66493	-7.00791	-7.05363	-6.06156
794	1	2	3	4	5	9	3	-4.84469	-2.48619	-3.68746	-4.85344
795	1	6	60	24	12	28	1	-30.4042	-33.7858	-19.393	-22.8141
796	9	2	4	62	4	5	6	-3.71368	-5.19789	-5.86244	-7.0807
797	2	4	1	2	2	1	5	-2.77593	-3.64563	-4.22011	-4.15899
798	4	7	10	4	1	7	1	-1.80556	-3.8094	-2.68283	-1.92973
799	2	4	5	2	2	5	5	-3.66493	-7.00791	-7.05363	-6.06156
800	7	2	2	2	11	12	6	-4.49413	-7.85836	-8.24151	-8.38306
801	2	1	21	3	2	1	941	-7.19731	-7.25302	-7.35496	-8.05168
802	9	2	2	10	10	3	5	-30.8811	-25.2278	-25.9528	-25.5117
803	8	10	149	2	11	12	6	-4.92912	-3.96907	-5.82705	-7.22724
804	7	1	5	2	10	3	6	-33.4158	-29.3134	-29.8789	-29.2119
805	2	1	21	3	2	1	5	-2.95719	-2.48637	-4.6602	-4.58677
806	33	39	30	82	113	43	17	-10.8413	-6.44657	-6.14331	-8.15693
807	1	6	60	24	12	28	1	-30.4042	-33.7858	-19.393	-22.8141
808	1	6	60	24	12	28	1	-30.4042	-33.7858	-19.393	-22.8141
809	7	17	2	15	23	3	12	-6.8938	-10.2588	-10.6425	-10.7828
810	1	4	2	2	6	3	17	-4.8588	-2.44716	-4.85017	-5.53623
811	1	4	2	2	6	3	17	-4.8588	-2.44716	-4.85017	-5.53623
812	7	21	5	62	4	61	44	-8.8592	-3.8292	-5.84226	-7.36299
813	239	27	16	19	10	5	7	-11.5413	-6.46789	-9.76242	-10.5293
814	9	2	4	62	4	5	6	-3.71368	-5.19789	-5.86244	-7.0807
815	10	1	16	19	10	5	7	-7.38613	-2.74533	-4.31524	-5.11794
816	2	1	5	3	2	5	5	-5.97695	-2.82839	-4.18537	-5.42024
817	2	4	5	2	2	5	5	-3.66493	-7.00791	-7.05363	-6.06156
818	8	10	2	2	11	12	6	-3.94753	-7.26424	-7.69294	-7.83636
819	7	17	2	15	23	3	12	-6.8938	-10.2588	-10.6425	-10.7828
820	2	4	1	4	1	1	5	-15.9455	-18.016	-15.501	-15.1499
821	4	7	10	4	1	7	1	-1.80556	-3.8094	-2.68283	-1.92973
822	8	10	149	2	11	12	6	-4.92912	-3.96907	-5.82705	-7.22724
823	2	1	12	88	2	1	5	-3.97591	-3.42718	-6.15743	-5.39716
824	2	4	2	2	6	1	5	-6.16777	-4.82952	-6.01224	-7.73179
825	10	81	50	99	120	76	52	-6.62899	-6.39841	-5.29501	-5.12662
826	2	4	5	2	2	5	5	-3.66493	-7.00791	-7.05363	-6.06156
827	2	4	1	2	2	5	5	-6.8473	-6.39967	-9.22181	-9.83326
828	8	10	149	2	11	12	6	-4.92912	-3.96907	-5.82705	-7.22724
829	1	4	2	2	6	3	17	-4.8588	-2.44716	-4.85017	-5.53623
830	2	165	73	147	220	190	104	-8.15589	-10.5318	-7.17923	-5.22319
831	4	7	10	4	42	25	1	-8.11881	-9.80277	-5.8405	-5.14504
832	7	2	2	2	11	12	6	-4.49413	-7.85836	-8.24151	-8.38306
833	1	6	60	24	12	28	1	-30.4042	-33.7858	-19.393	-22.8141
834	2	1	12	3	2	1	5	-2.65437	-2.1125	-3.76431	-4.91499
835	33	39	65	79	104	77	17	-5.28357	-8.64843	-9.03233	-9.17336
836	4	7	10	4	1	7	1	-1.80556	-3.8094	-2.68283	-1.92973
837	1	2	3	4	5	9	3	-4.84469	-2.48619	-3.68746	-4.85344
838	2	1	21	3	2	1	5	-2.95719	-2.48637	-4.6602	-4.58677
839	2	1	12	3	2	1	5	-2.65437	-2.1125	-3.76431	-4.91499
840	4	7	10	4	1	7	1	-1.80556	-3.8094	-2.68283	-1.92973
841	2	4	1	2	7	1	5	-2.30038	-5.65593	-5.94349	-5.55789
842	184	39	30	82	113	43	17	-3.94804	-6.111	-7.57751	-7.7723
843	4	7	10	4	1	7	1	-1.80556	-3.8094	-2.68283	-1.92973
844	2	4	1	2	2	1	5	-2.77593	-3.64563	-4.22011	-4.15899
845	4	7	10	4	1	7	1	-1.80556	-3.8094	-2.68283	-1.92973
846	2	1	12	88	2	1	5	-3.97591	-3.42718	-6.15743	-5.39716
847	2	1	21	3	2	1	5	-2.95719	-2.48637	-4.6602	-4.58677
848	1	2	3	4	5	9	3	-4.84469	-2.48619	-3.68746	-4.85344
849	4	7	10	4	1	7	1	-1.80556	-3.8094	-2.68283	-1.92973
850	2	1	21	3	2	1	5	-2.95719	-2.48637	-4.6602	-4.58677
851	8	10	2	2	11	12	6	-3.94753	-7.26424	-7.69294	-7.83636
852	2	4	1	2	2	1	5	-2.77593	-3.64563	-4.22011	-4.15899
853	2	4	1	2	2	1	5	-2.77593	-3.64563	-4.22011	-4.15899
854	2	4	2	2	6	1	5	-6.16777	-4.82952	-6.01224	-7.73179
855	2	4	1	2	2	1	5	-2.77593	-3.64563	-4.22011	-4.15899
856	2	4	1	2	2	1	5	-2.77593	-3.64563	-4.22011	-4.15899
857	2	4	1	2	2	1	5	-2.77593	-3.64563	-4.22011	-4.15899
858	1	2	3	4	5	9	3	-4.84469	-2.48619	-3.68746	-4.85344
859	2	4	1	2	2	1	5	-2.77593	-3.64563	-4.22011	-4.15899
860	2	4	1	2	2	1	5	-2.77593	-3.64563	-4.22011	-4.15899
861	8	10	2	2	11	12	6	-3.94753	-7.26424	-7.69294	-7.83636
862	2	1	5	3	2	3	5	-4.277	-3.25018	-5.89143	-4.80809
863	33	39	30	82	104	173	68	-5.47873	-3.97669	-7.14898	-7.81426
864	2	4	1	2	7	1	5	-2.30038	-5.65593	-5.94349	-5.55789
865	8	10	2	2	11	12	6	-3.94753	-7.26424	-7.69294	-7.83636
866	2	4	1	2	7	1	5	-2.30038	-5.65593	-5.94349	-5.55789
867	1	2	3	4	5	9	3	-4.84469	-2.48619	-3.68746	-4.85344
868	1	2	215	4	90	24	8	-30.5611	-31.0489	-21.7271	-23.4242
869	2	1	1	3	2	1	5	-4.66517	-3.78327	-6.85488	-7.46195
870	10	81	50	99	120	76	52	-6.62899	-6.39841	-5.29501	-5.12662
871	2	4	1	2	7	1	5	-2.30038	-5.65593	-5.94349	-5.55789
872	2	1	12	3	2	1	5	-2.65437	-2.1125	-3.76431	-4.91499
873	2	4	1	2	2	1	5	-2.77593	-3.64563	-4.22011	-4.15899
874	2	4	1	2	2	1	5	-2.77593	-3.64563	-4.22011	-4.15899
875	2	4	1	2	2	1	5	-2.77593	-3.64563	-4.22011	-4.15899
876	2	1	5	3	2	3	5	-4.277	-3.25018	-5.89143	-4.80809
877	2	4	1	2	2	1	5	-2.77593	-3.64563	-4.22011	-4.15899
878	4	7	10	4	1	7	1	-1.80556	-3.8094	-2.68283	-1.92973
879	2	4	1	2	7	1	5	-2.30038	-5.65593	-5.94349	-5.55789
880	2	4	5	2	2	5	5	-3.66493	-7.00791	-7.05363	-6.06156
881	2	4	1	2	2	1	5	-2.77593	-3.64563	-4.22011	-4.15899
882	8	10	2	2	11	12	6	-3.94753	-7.26424	-7.69294	-7.83636
883	4	7	10	4	1	7	1	-1.80556	-3.8094	-2.68283	-1.92973
884	2	4	1	2	2	1	5	-2.77593	-3.64563	-4.22011	-4.15899
885	166	2	1	10	17	3	1	-35.5655	-37.3138	-31.1553	-31.4669
886	2	4	1	2	7	1	5	-2.30038	-5.65593	-5.94349	-5.55789
887	2	4	1	2	2	1	5	-2.77593	-3.64563	-4.22011	-4.15899
888	4	7	10	4	1	7	1	-1.80556	-3.8094	-2.68283	-1.92973
889	4	7	10	4	1	7	1	-1.80556	-3.8094	-2.68283	-1.92973
890	2	4	1	2	7	1	5	-2.30038	-5.65593	-5.94349	-5.55789
891	2	4	1	2	2	1	5	-2.77593	-3.64563	-4.22011	-4.15899
892	2	1	5	3	2	3	5	-4.277	-3.25018	-5.89143	-4.80809
893	9	25	2	10	22	3	6	-4.4371	-7.70887	-6.19615	-4.3602
894	2	1	21	3	62	1	5	-5.78935	-9.13846	-9.53132	-9.67525
895	129	66	30	82	189	47	17	-3.23461	-4.87802	-5.75482	-4.18422
896	129	66	30	82	189	47	17	-3.23461	-4.87802	-5.75482	-4.18422
897	4	7	10	4	1	7	1	-1.80556	-3.8094	-2.68283	-1.92973
898	2	4	1	2	2	1	5	-2.77593	-3.64563	-4.22011	-4.15899
899	4	7	10	4	42	7	1	-6.44835	-9.07482	-5.64717	-4.63553
900	2	4	1	2	7	1	5	-2.30038	-5.65593	-5.94349	-5.55789
901	1	307	3	4	5	9	3	-6.87795	-6.42319	-6.11699	-8.08107
902	2	1	21	3	2	1	5	-2.95719	-2.48637	-4.6602	-4.58677
903	4	7	10	4	1	7	1	-1.80556	-3.8094	-2.68283	-1.92973
904	2	1	21	3	2	1	5	-2.95719	-2.48637	-4.6602	-4.58677
905	2	4	1	2	2	5	5	-6.8473	-6.39967	-9.22181	-9.83326
906	2	4	1	2	7	1	5	-2.30038	-5.65593	-5.94349	-5.55789
907	2	4	1	2	7	1	5	-2.30038	-5.65593	-5.94349	-5.55789
908	2	4	1	2	7	1	5	-2.30038	-5.65593	-5.94349	-5.55789
909	4	7	10	4	1	7	1	-1.80556	-3.8094	-2.68283	-1.92973
910	8	10	2	2	11	12	6	-3.94753	-7.26424	-7.69294	-7.83636
911	7	21	5	62	4	61	44	-8.8592	-3.8292	-5.84226	-7.36299
912	2	1	12	88	2	1	5	-3.97591	-3.42718	-6.15743	-5.39716
913	2	4	1	2	2	1	5	-2.77593	-3.64563	-4.22011	-4.15899
914	1	2	3	4	5	9	3	-4.84469	-2.48619	-3.68746	-4.85344
915	2	4	1	2	7	1	5	-2.30038	-5.65593	-5.94349	-5.55789
916	2	4	1	2	2	1	5	-2.77593	-3.64563	-4.22011	-4.15899
917	2	4	1	2	2	1	5	-2.77593	-3.64563	-4.22011	-4.15899
918	2	4	1	2	7	1	5	-2.30038	-5.65593	-5.94349	-5.55789
919	4	7	10	4	1	7	1	-1.80556	-3.8094	-2.68283	-1.92973
920	2	1	5	3	2	3	5	-4.277	-3.25018	-5.89143	-4.80809
921	2	4	1	2	7	1	5	-2.30038	-5.65593	-5.94349	-5.55789
922	2	4	1	2	2	1	5	-2.77593	-3.64563	-4.22011	-4.15899
923	8	10	2	2	11	12	6	-3.94753	-7.26424	-7.69294	-7.83636
924	2	1	12	3	2	1	5	-2.65437	-2.1125	-3.76431	-4.91499
925	48	7	10	4	183	7	1	-10.1927	-13.2781	-8.02901	-8.803
926	7	21	5	62	4	61	44	-8.8592	-3.8292	-5.84226	-7.36299
927	4	7	10	4	1	7	1	-1.80556	-3.8094	-2.68283	-1.92973
928	9	25	2	10	22	3	6	-4.4371	-7.70887	-6.19615	-4.3602
929	2	4	1	2	2	1	5	-2.77593	-3.64563	-4.22011	-4.15899
930	2	4	1	2	7	1	5	-2.30038	-5.65593	-5.94349	-5.55789
931	2	4	1	2	2	1	5	-2.77593	-3.64563	-4.22011	-4.15899
932	2	4	1	2	2	1	5	-2.77593	-3.64563	-4.22011	-4.15899
933	9	25	2	10	22	3	6	-4.4371	-7.70887	-6.19615	-4.3602
934	2	4	1	2	2	1	5	-2.77593	-3.64563	-4.22011	-4.15899
935	2	4	1	2	2	1	5	-2.77593	-3.64563	-4.22011	-4.15899
936	2	4	1	2	7	1	5	-2.30038	-5.65593	-5.94349	-5.55789
937	2	4	1	2	7	1	5	-2.30038	-5.65593	-5.94349	-5.55789
938	2	4	1	2	2	1	5	-2.77593	-3.64563	-4.22011	-4.15899
939	2	4	1	2	2	1	5	-2.77593	-3.64563	-4.22011	-4.15899
940	4	7	10	4	1	7	1	-1.80556	-3.8094	-2.68283	-1.92973
941	2	4	1	2	2	1	5	-2.77593	-3.64563	-4.22011	-4.15899
942	4	7	10	4	1	7	1	-1.80556	-3.8094	-2.68283	-1.92973
943	2	4	1	2	7	1	5	-2.30038	-5.65593	-5.94349	-5.55789
944	2	4	1	2	2	1	5	-2.77593	-3.64563	-4.22011	-4.15899
945	4	7	10	4	1	7	1	-1.80556	-3.8094	-2.68283	-1.92973
946	9	25	2	10	22	3	6	-4.4371	-7.70887	-6.19615	-4.3602
947	10	81	50	99	120	76	52	-6.62899	-6.39841	-5.29501	-5.12662
948	2	1	21	3	2	1	5	-2.95719	-2.48637	-4.6602	-4.58677
949	4	7	10	4	1	7	1	-1.80556	-3.8094	-2.68283	-1.92973
950	2	4	1	2	7	1	5	-2.30038	-5.65593	-5.94349	-5.55789
951	4	7	10	4	1	7	1	-1.80556	-3.8094	-2.68283	-1.92973
952	4	7	10	4	1	7	1	-1.80556	-3.8094	-2.68283	-1.92973
953	8	315	2	2	11	12	6	-8.18628	-12.0447	-10.3913	-11.3024
954	8	10	2	2	11	12	6	-3.94753	-7.26424	-7.69294	-7.83636
955	2	4	1	2	2	1	5	-2.77593	-3.64563	-4.22011	-4.15899
956	4	7	10	4	1	7	1	-1.80556	-3.8094	-2.68283	-1.92973
957	2	4	1	2	2	1	5	-2.77593	-3.64563	-4.22011	-4.15899
958	2	4	1	2	2	1	5	-2.77593	-3.64563	-4.22011	-4.15899
959	2	4	1	2	2	1	5	-2.77593	-3.64563	-4.22011	-4.15899
960	2	4	1	2	7	1	5	-2.30038	-5.65593	-5.94349	-5.55789
961	2	4	1	2	2	1	5	-2.77593	-3.64563	-4.22011	-4.15899
962	2	4	1	2	2	1	5	-2.77593	-3.64563	-4.22011	-4.15899
963	2	1	21	3	2	1	5	-2.95719	-2.48637	-4.6602	-4.58677
964	2	4	1	2	2	1	5	-2.77593	-3.64563	-4.22011	-4.15899
965	1	4	2	2	2	3	17	-11.6408	-7.71142	-10.8637	-12.2136
966	2	4	1	2	2	1	5	-2.77593	-3.64563	-4.22011	-4.15899
967	2	4	1	2	2	1	5	-2.77593	-3.64563	-4.22011	-4.15899
968	7	21	5	62	4	61	44	-8.8592	-3.8292	-5.84226	-7.36299
969	2	4	1	2	2	1	5	-2.77593	-3.64563	-4.22011	-4.15899
970	4	7	10	4	1	7	1	-1.80556	-3.8094	-2.68283	-1.92973
971	2	4	1	2	2	1	5	-2.77593	-3.64563	-4.22011	-4.15899
972	10	1	16	19	10	5	7	-7.38613	-2.74533	-4.31524	-5.11794
973	8	10	2	2	11	12	6	-3.94753	-7.26424	-7.69294	-7.83636
974	4	7	10	4	1	7	1	-1.80556	-3.8094	-2.68283	-1.92973
975	2	4	2	2	6	1	5	-6.16777	-4.82952	-6.01224	-7.73179
976	2	4	1	2	2	1	5	-2.77593	-3.64563	-4.22011	-4.15899
977	2	4	1	2	2	1	5	-2.77593	-3.64563	-4.22011	-4.15899
978	2	1	12	3	2	1	5	-2.65437	-2.1125	-3.76431	-4.91499
979	2	1	21	3	2	1	5	-2.95719	-2.48637	-4.6602	-4.58677
980	1	4	2	2	6	3	17	-4.8588	-2.44716	-4.85017	-5.53623
981	9	2	4	62	4	5	6	-3.71368	-5.19789	-5.86244	-7.0807
982	9	2	4	62	4	5	6	-3.71368	-5.19789	-5.86244	-7.0807
983	2	4	1	2	2	1	5	-2.77593	-3.64563	-4.22011	-4.15899
984	9	25	2	10	22	3	6	-4.4371	-7.70887	-6.19615	-4.3602
985	2	1	12	3	2	1	5	-2.65437	-2.1125	-3.76431	-4.91499
986	2	4	1	2	2	1	5	-2.77593	-3.64563	-4.22011	-4.15899
987	2	4	1	2	2	1	5	-2.77593	-3.64563	-4.22011	-4.15899
988	2	4	1	2	2	1	5	-2.77593	-3.64563	-4.22011	-4.15899
989	1	4	2	2	6	3	17	-4.8588	-2.44716	-4.85017	-5.53623
990	1	4	2	2	6	3	17	-4.8588	-2.44716	-4.85017	-5.53623
991	9	25	2	10	22	3	6	-4.4371	-7.70887	-6.19615	-4.3602
992	1	4	2	2	6	3	17	-4.8588	-2.44716	-4.85017	-5.53623
993	2	4	1	2	2	1	5	-2.77593	-3.64563	-4.22011	-4.15899
994	2	4	1	2	2	1	5	-2.77593	-3.64563	-4.22011	-4.15899
995	8	10	2	2	11	12	6	-3.94753	-7.26424	-7.69294	-7.83636
996	2	4	1	2	2	1	5	-2.77593	-3.64563	-4.22011	-4.15899
997	2	1	5	3	2	5	5	-5.97695	-2.82839	-4.18537	-5.42024
998	8	10	2	2	11	12	6	-3.94753	-7.26424	-7.69294	-7.83636
999	2	4	1	2	2	1	5	-2.77593	-3.64563	-4.22011	-4.15899
1000	2	4	1	2	2	1	5	-2.77593	-3.64563	-4.22011	-4.15899
1001	2	1	21	3	2	1	5	-2.95719	-2.48637	-4.6602	-4.58677
1002	1	2	4	62	4	5	17	-6.17637	-4.84546	-7.99143	-8.64485
1003	2	1	12	3	2	1	5	-2.65437	-2.1125	-3.76431	-4.91499
1004	2	4	1	2	7	1	5	-2.30038	-5.65593	-5.94349	-5.55789
1005	1	307	3	4	5	9	3	-6.87795	-6.42319	-6.11699	-8.08107
1006	2	4	2	4	19	3	6	-5.79138	-9.15142	-9.53354	-9.6731
1007	2	4	1	2	2	1	5	-2.77593	-3.64563	-4.22011	-4.15899
1008	1	4	2	2	6	3	17	-4.8588	-2.44716	-4.85017	-5.53623
1009	9	25	2	10	22	3	6	-4.4371	-7.70887	-6.19615	-4.3602
1010	4	7	10	4	1	7	1	-1.80556	-3.8094	-2.68283	-1.92973
1011	2	4	1	2	2	1	5	-2.77593	-3.64563	-4.22011	-4.15899
1012	10	1	16	19	10	5	7	-7.38613	-2.74533	-4.31524	-5.11794
1013	2	1	21	3	2	1	5	-2.95719	-2.48637	-4.6602	-4.58677
1014	4	7	10	4	1	7	1	-1.80556	-3.8094	-2.68283	-1.92973
1015	2	4	1	2	2	1	5	-2.77593	-3.64563	-4.22011	-4.15899
1016	1	2	3	4	5	9	3	-4.84469	-2.48619	-3.68746	-4.85344
1017	9	316	4	62	4	5	6	-6.88375	-6.44706	-9.41409	-9.95209
1018	9	25	2	10	22	3	6	-4.4371	-7.70887	-6.19615	-4.3602
1019	1	307	3	4	5	9	3	-6.87795	-6.42319	-6.11699	-8.08107
1020	2	4	1	2	2	1	5	-2.77593	-3.64563	-4.22011	-4.15899
1021	9	25	2	10	22	3	6	-4.4371	-7.70887	-6.19615	-4.3602
1022	2	4	1	2	2	1	5	-2.77593	-3.64563	-4.22011	-4.15899
1023	2	1	12	3	2	1	5	-2.65437	-2.1125	-3.76431	-4.91499
1024	2	1	5	3	2	5	5	-5.97695	-2.82839	-4.18537	-5.42024
1025	2	4	1	2	2	1	5	-2.77593	-3.64563	-4.22011	-4.15899
1026	2	1	12	3	2	1	5	-2.65437	-2.1125	-3.76431	-4.91499
1027	2	1	12	3	2	1	5	-2.65437	-2.1125	-3.76431	-4.91499
1028	10	1	16	19	10	5	7	-7.38613	-2.74533	-4.31524	-5.11794
1029	4	7	10	4	1	7	1	-1.80556	-3.8094	-2.68283	-1.92973
1030	2	4	1	2	2	1	5	-2.77593	-3.64563	-4.22011	-4.15899
1031	2	1	12	88	2	1	5	-3.97591	-3.42718	-6.15743	-5.39716
1032	2	1	21	3	2	1	5	-2.95719	-2.48637	-4.6602	-4.58677
1033	1	2	3	4	5	9	3	-4.84469	-2.48619	-3.68746	-4.85344
1034	8	10	2	2	11	12	6	-3.94753	-7.26424	-7.69294	-7.83636
1035	2	1	12	88	2	1	5	-3.97591	-3.42718	-6.15743	-5.39716
1036	33	39	30	82	104	173	68	-5.47873	-3.97669	-7.14898	-7.81426
1037	1	2	3	4	5	9	3	-4.84469	-2.48619	-3.68746	-4.85344
1038	9	25	2	10	22	3	6	-4.4371	-7.70887	-6.19615	-4.3602
1039	2	4	1	2	2	1	5	-2.77593	-3.64563	-4.22011	-4.15899
1040	8	10	2	2	11	12	6	-3.94753	-7.26424	-7.69294	-7.83636
1041	1	2	4	62	4	5	17	-6.17637	-4.84546	-7.99143	-8.64485
1042	10	1	16	19	10	5	7	-7.38613	-2.74533	-4.31524	-5.11794
1043	33	39	30	82	104	173	68	-5.47873	-3.97669	-7.14898	-7.81426
1044	2	4	1	2	2	1	5	-2.77593	-3.64563	-4.22011	-4.15899
1045	8	10	2	2	11	12	6	-3.94753	-7.26424	-7.69294	-7.83636
1046	2	1	5	3	2	5	5	-5.97695	-2.82839	-4.18537	-5.42024
1047	47	2	4	2	6	5	17	-12.0333	-10.4598	-6.16635	-8.25183
1048	1	2	3	4	5	9	3	-4.84469	-2.48619	-3.68746	-4.85344
1049	4	7	10	4	1	7	1	-1.80556	-3.8094	-2.68283	-1.92973
1050	2	1	5	3	2	3	5	-4.277	-3.25018	-5.89143	-4.80809
1051	2	4	2	2	6	1	5	-6.16777	-4.82952	-6.01224	-7.73179
1052	2	4	1	2	2	1	5	-2.77593	-3.64563	-4.22011	-4.15899
1053	8	10	149	2	11	12	6	-4.92912	-3.96907	-5.82705	-7.22724
1054	9	25	2	10	22	3	6	-4.4371	-7.70887	-6.19615	-4.3602
1055	2	4	1	2	2	1	5	-2.77593	-3.64563	-4.22011	-4.15899
1056	1	2	3	4	5	9	3	-4.84469	-2.48619	-3.68746	-4.85344
1057	2	1	12	3	2	1	5	-2.65437	-2.1125	-3.76431	-4.91499
1058	4	7	10	4	42	51	1	-2.91738	-4.63588	-5.03587	-3.8357
1059	2	4	1	2	2	1	5	-2.77593	-3.64563	-4.22011	-4.15899
1060	2	1	1	3	2	1	5	-4.66517	-3.78327	-6.85488	-7.46195
1061	2	4	1	2	7	1	5	-2.30038	-5.65593	-5.94349	-5.55789
1062	8	10	2	2	11	12	6	-3.94753	-7.26424	-7.69294	-7.83636
1063	2	4	1	2	2	1	5	-2.77593	-3.64563	-4.22011	-4.15899
1064	9	2	4	62	4	5	6	-3.71368	-5.19789	-5.86244	-7.0807
1065	2	4	1	2	2	1	5	-2.77593	-3.64563	-4.22011	-4.15899
1066	4	7	10	4	1	7	1	-1.80556	-3.8094	-2.68283	-1.92973
1067	8	10	2	2	11	12	6	-3.94753	-7.26424	-7.69294	-7.83636
1068	2	4	2	2	6	1	5	-6.16777	-4.82952	-6.01224	-7.73179
1069	2	4	2	2	6	1	5	-6.16777	-4.82952	-6.01224	-7.73179
1070	2	4	2	2	6	1	5	-6.16777	-4.82952	-6.01224	-7.73179
1071	2	4	2	2	6	1	5	-6.16777	-4.82952	-6.01224	-7.73179
1072	2	4	1	2	2	1	5	-2.77593	-3.64563	-4.22011	-4.15899
1073	2	4	1	2	2	1	5	-2.77593	-3.64563	-4.22011	-4.15899
1074	2	1	12	3	2	1	5	-2.65437	-2.1125	-3.76431	-4.91499
1075	2	4	1	2	7	1	5	-2.30038	-5.65593	-5.94349	-5.55789
1076	4	7	10	4	42	51	1	-2.91738	-4.63588	-5.03587	-3.8357
1077	2	4	1	2	2	1	5	-2.77593	-3.64563	-4.22011	-4.15899
1078	8	10	2	2	11	12	6	-3.94753	-7.26424	-7.69294	-7.83636
1079	1	2	3	4	5	9	3	-4.84469	-2.48619	-3.68746	-4.85344
1080	1	2	3	4	5	9	3	-4.84469	-2.48619	-3.68746	-4.85344
1081	10	1	16	19	10	5	7	-7.38613	-2.74533	-4.31524	-5.11794
1082	8	10	2	2	11	12	6	-3.94753	-7.26424	-7.69294	-7.83636
1083	4	7	10	4	1	7	1	-1.80556	-3.8094	-2.68283	-1.92973
1084	2	4	1	2	2	1	5	-2.77593	-3.64563	-4.22011	-4.15899
1085	2	4	1	2	7	1	5	-2.30038	-5.65593	-5.94349	-5.55789
1086	2	1	21	3	2	1	5	-2.95719	-2.48637	-4.6602	-4.58677
1087	2	1	12	3	2	1	5	-2.65437	-2.1125	-3.76431	-4.91499
1088	2	4	2	4	19	3	6	-5.79138	-9.15142	-9.53354	-9.6731
1089	8	10	149	2	11	12	6	-4.92912	-3.96907	-5.82705	-7.22724
1090	8	10	2	2	11	12	6	-3.94753	-7.26424	-7.69294	-7.83636
1091	2	1	12	3	2	1	5	-2.65437	-2.1125	-3.76431	-4.91499
1092	2	1	12	3	2	1	5	-2.65437	-2.1125	-3.76431	-4.91499
1093	2	1	5	3	2	3	5	-4.277	-3.25018	-5.89143	-4.80809
1094	184	39	30	82	113	43	17	-3.94804	-6.111	-7.57751	-7.7723
1095	2	1	12	3	2	1	5	-2.65437	-2.1125	-3.76431	-4.91499
1096	2	4	1	2	2	1	5	-2.77593	-3.64563	-4.22011	-4.15899
1097	4	7	10	4	1	7	1	-1.80556	-3.8094	-2.68283	-1.92973
1098	8	10	2	2	11	12	6	-3.94753	-7.26424	-7.69294	-7.83636
1099	4	7	10	4	1	7	1	-1.80556	-3.8094	-2.68283	-1.92973
1100	4	7	10	4	42	51	1	-2.91738	-4.63588	-5.03587	-3.8357
1101	9	25	2	10	22	3	6	-4.4371	-7.70887	-6.19615	-4.3602
1102	9	2	4	62	4	5	6	-3.71368	-5.19789	-5.86244	-7.0807
1103	4	7	10	4	1	7	1	-1.80556	-3.8094	-2.68283	-1.92973
1104	2	4	1	2	7	1	5	-2.30038	-5.65593	-5.94349	-5.55789
1105	4	7	10	4	1	7	1	-1.80556	-3.8094	-2.68283	-1.92973
1106	8	10	2	2	11	12	6	-3.94753	-7.26424	-7.69294	-7.83636
1107	2	4	1	2	2	1	5	-2.77593	-3.64563	-4.22011	-4.15899
1108	4	7	10	4	42	51	1	-2.91738	-4.63588	-5.03587	-3.8357
1109	1	2	3	4	5	9	3	-4.84469	-2.48619	-3.68746	-4.85344
1110	2	1	12	3	2	1	5	-2.65437	-2.1125	-3.76431	-4.91499
1111	2	4	1	2	2	1	5	-2.77593	-3.64563	-4.22011	-4.15899
1112	10	81	50	99	120	76	52	-6.62899	-6.39841	-5.29501	-5.12662
1113	2	4	1	2	2	1	5	-2.77593	-3.64563	-4.22011	-4.15899
1114	4	7	10	4	42	51	1	-2.91738	-4.63588	-5.03587	-3.8357
1115	4	7	10	4	42	51	1	-2.91738	-4.63588	-5.03587	-3.8357
1116	4	7	10	4	1	7	1	-1.80556	-3.8094	-2.68283	-1.92973
1117	3	1	5	10	11	11	6	-11.5399	-6.4651	-9.75786	-10.5262
1118	10	81	50	99	120	76	52	-6.62899	-6.39841	-5.29501	-5.12662
1119	2	4	1	2	2	1	5	-2.77593	-3.64563	-4.22011	-4.15899
1120	4	7	10	4	1	7	1	-1.80556	-3.8094	-2.68283	-1.92973
1121	4	7	10	4	1	7	1	-1.80556	-3.8094	-2.68283	-1.92973
1122	4	7	10	4	42	51	1	-2.91738	-4.63588	-5.03587	-3.8357
1123	2	1	12	3	2	1	5	-2.65437	-2.1125	-3.76431	-4.91499
1124	2	4	1	2	2	1	5	-2.77593	-3.64563	-4.22011	-4.15899
1125	2	1	1	3	2	1	5	-4.66517	-3.78327	-6.85488	-7.46195
1126	2	4	1	2	2	1	5	-2.77593	-3.64563	-4.22011	-4.15899
1127	2	4	1	2	2	1	5	-2.77593	-3.64563	-4.22011	-4.15899
1128	2	4	1	2	2	1	5	-2.77593	-3.64563	-4.22011	-4.15899
1129	2	4	1	2	2	1	5	-2.77593	-3.64563	-4.22011	-4.15899
1130	1	2	3	4	5	9	3	-4.84469	-2.48619	-3.68746	-4.85344
1131	8	10	2	2	11	12	6	-3.94753	-7.26424	-7.69294	-7.83636
1132	2	1	21	3	2	1	5	-2.95719	-2.48637	-4.6602	-4.58677
1133	2	4	1	2	2	1	5	-2.77593	-3.64563	-4.22011	-4.15899
1134	2	1	21	3	2	1	5	-2.95719	-2.48637	-4.6602	-4.58677
1135	2	1	21	3	2	1	5	-2.95719	-2.48637	-4.6602	-4.58677
1136	2	4	1	2	2	1	5	-2.77593	-3.64563	-4.22011	-4.15899
1137	1	2	3	4	5	9	3	-4.84469	-2.48619	-3.68746	-4.85344
1138	10	1	16	19	10	5	7	-7.38613	-2.74533	-4.31524	-5.11794
1139	2	1	12	3	2	1	5	-2.65437	-2.1125	-3.76431	-4.91499
1140	7	21	5	62	4	61	44	-8.8592	-3.8292	-5.84226	-7.36299
1141	2	4	1	2	2	1	5	-2.77593	-3.64563	-4.22011	-4.15899
1142	2	1	12	3	2	1	5	-2.65437	-2.1125	-3.76431	-4.91499
1143	2	4	1	2	7	1	5	-2.30038	-5.65593	-5.94349	-5.55789
1144	2	1	5	3	2	3	5	-4.277	-3.25018	-5.89143	-4.80809
1145	2	1	21	3	2	1	5	-2.95719	-2.48637	-4.6602	-4.58677
1146	2	1	21	3	2	1	5	-2.95719	-2.48637	-4.6602	-4.58677
1147	2	1	21	3	2	1	5	-2.95719	-2.48637	-4.6602	-4.58677
1148	2	1	21	3	2	1	5	-2.95719	-2.48637	-4.6602	-4.58677
1149	2	1	12	3	2	1	5	-2.65437	-2.1125	-3.76431	-4.91499
1150	8	10	2	2	11	12	6	-3.94753	-7.26424	-7.69294	-7.83636
1151	129	66	30	82	189	47	17	-3.23461	-4.87802	-5.75482	-4.18422
1152	1	307	3	4	5	9	3	-6.87795	-6.42319	-6.11699	-8.08107
1153	8	10	2	2	11	12	6	-3.94753	-7.26424	-7.69294	-7.83636
1154	2	4	2	2	6	1	5	-6.16777	-4.82952	-6.01224	-7.73179
1155	1	4	2	2	6	3	17	-4.8588	-2.44716	-4.85017	-5.53623
1156	2	4	1	2	2	1	5	-2.77593	-3.64563	-4.22011	-4.15899
1157	8	10	2	2	11	12	6	-3.94753	-7.26424	-7.69294	-7.83636
1158	2	4	2	2	6	1	5	-6.16777	-4.82952	-6.01224	-7.73179
1159	2	1	21	3	2	1	5	-2.95719	-2.48637	-4.6602	-4.58677
1160	2	4	5	2	2	5	5	-3.66493	-7.00791	-7.05363	-6.06156
1161	7	21	5	62	4	61	44	-8.8592	-3.8292	-5.84226	-7.36299
1162	2	1	12	3	2	1	5	-2.65437	-2.1125	-3.76431	-4.91499
1163	10	27	16	19	10	5	7	-22.3979	-12.8442	-16.5636	-17.5202
1164	33	283	44	82	189	44	17	-8.12471	-3.46998	-5.65622	-5.95788
1165	9	25	2	10	22	3	6	-4.4371	-7.70887	-6.19615	-4.3602
1166	7	21	5	62	4	61	44	-8.8592	-3.8292	-5.84226	-7.36299
1167	2	1	5	3	2	3	5	-4.277	-3.25018	-5.89143	-4.80809
1168	2	1	5	3	2	3	5	-4.277	-3.25018	-5.89143	-4.80809
1169	9	25	2	10	22	3	6	-4.4371	-7.70887	-6.19615	-4.3602
1170	2	1	5	3	2	3	5	-4.277	-3.25018	-5.89143	-4.80809
1171	2	4	1	2	2	1	5	-2.77593	-3.64563	-4.22011	-4.15899
1172	129	66	30	82	189	47	17	-3.23461	-4.87802	-5.75482	-4.18422
1173	2	4	1	2	2	1	5	-2.77593	-3.64563	-4.22011	-4.15899
1174	2	1	5	3	2	3	5	-4.277	-3.25018	-5.89143	-4.80809
1175	2	1	12	3	2	1	5	-2.65437	-2.1125	-3.76431	-4.91499
1176	2	4	1	2	2	1	5	-2.77593	-3.64563	-4.22011	-4.15899
1177	1	4	2	2	6	3	17	-4.8588	-2.44716	-4.85017	-5.53623
1178	2	1	12	3	2	1	5	-2.65437	-2.1125	-3.76431	-4.91499
1179	1	4	2	2	446	3	17	-9.09504	-7.19353	-7.53427	-8.98903
1180	2	1	5	88	2	11	5	-10.2522	-5.34548	-6.07789	-7.97744
1181	2	4	2	2	6	1	5	-6.16777	-4.82952	-6.01224	-7.73179
1182	9	25	2	10	22	3	6	-4.4371	-7.70887	-6.19615	-4.3602
1183	2	1	5	3	2	3	5	-4.277	-3.25018	-5.89143	-4.80809
1184	7	21	5	62	4	61	44	-8.8592	-3.8292	-5.84226	-7.36299
1185	1	2	3	4	5	9	3	-4.84469	-2.48619	-3.68746	-4.85344
1186	2	4	1	2	2	1	5	-2.77593	-3.64563	-4.22011	-4.15899
1187	7	21	5	62	4	61	44	-8.8592	-3.8292	-5.84226	-7.36299
1188	33	39	30	82	104	173	68	-5.47873	-3.97669	-7.14898	-7.81426
1189	1	4	2	2	6	3	17	-4.8588	-2.44716	-4.85017	-5.53623
1190	2	1	21	3	2	1	5	-2.95719	-2.48637	-4.6602	-4.58677
1191	4	7	10	4	1	7	1	-1.80556	-3.8094	-2.68283	-1.92973
1192	2	1	5	3	2	5	5	-5.97695	-2.82839	-4.18537	-5.42024
1193	1	4	2	2	6	3	17	-4.8588	-2.44716	-4.85017	-5.53623
1194	2	4	1	2	2	1	5	-2.77593	-3.64563	-4.22011	-4.15899
1195	2	4	1	2	2	1	5	-2.77593	-3.64563	-4.22011	-4.15899
1196	2	1	12	3	2	1	5	-2.65437	-2.1125	-3.76431	-4.91499
1197	2	1	6	3	2	3	5	-7.49399	-7.99769	-8.25517	-7.8663
1198	4	7	10	4	1	7	1	-1.80556	-3.8094	-2.68283	-1.92973
1199	2	4	1	2	7	1	5	-2.30038	-5.65593	-5.94349	-5.55789
1200	2	1	1	3	2	1	5	-4.66517	-3.78327	-6.85488	-7.46195
1201	2	4	1	2	2	1	5	-2.77593	-3.64563	-4.22011	-4.15899
1202	7	2	5	2	10	3	6	-32.462	-27.5215	-28.5109	-29.1828
1203	2	1	21	3	2	1	5	-2.95719	-2.48637	-4.6602	-4.58677
1204	2	4	1	2	7	1	5	-2.30038	-5.65593	-5.94349	-5.55789
1205	4	7	10	4	1	7	1	-1.80556	-3.8094	-2.68283	-1.92973
1206	2	4	1	2	7	1	5	-2.30038	-5.65593	-5.94349	-5.55789
1207	2	4	1	2	2	1	5	-2.77593	-3.64563	-4.22011	-4.15899
1208	1	4	2	2	6	3	17	-4.8588	-2.44716	-4.85017	-5.53623
1209	2	4	1	2	2	1	5	-2.77593	-3.64563	-4.22011	-4.15899
1210	2	4	1	2	2	1	5	-2.77593	-3.64563	-4.22011	-4.15899
1211	74	10	2	2	11	12	6	-8.18629	-12.0447	-10.3914	-11.3029
1212	1	2	3	4	5	9	3	-4.84469	-2.48619	-3.68746	-4.85344
1213	2	1	5	3	2	3	5	-4.277	-3.25018	-5.89143	-4.80809
1214	4	7	10	4	1	7	1	-1.80556	-3.8094	-2.68283	-1.92973
1215	2	4	2	2	6	1	5	-6.16777	-4.82952	-6.01224	-7.73179
1216	2	1	12	3	2	1	5	-2.65437	-2.1125	-3.76431	-4.91499
1217	2	1	21	3	2	1	5	-2.95719	-2.48637	-4.6602	-4.58677
1218	2	4	1	2	2	1	5	-2.77593	-3.64563	-4.22011	-4.15899
1219	2	1	21	3	2	1	5	-2.95719	-2.48637	-4.6602	-4.58677
1220	4	7	10	4	1	7	1	-1.80556	-3.8094	-2.68283	-1.92973
1221	2	1	21	3	2	1	5	-2.95719	-2.48637	-4.6602	-4.58677
1222	2	4	1	2	2	1	5	-2.77593	-3.64563	-4.22011	-4.15899
1223	4	7	10	4	1	7	1	-1.80556	-3.8094	-2.68283	-1.92973
1224	2	4	1	2	2	1	5	-2.77593	-3.64563	-4.22011	-4.15899
1225	4	7	10	4	1	7	1	-1.80556	-3.8094	-2.68283	-1.92973
1226	4	7	10	4	42	51	1	-2.91738	-4.63588	-5.03587	-3.8357
1227	4	7	10	4	42	7	1	-6.44835	-9.07482	-5.64717	-4.63553
1228	2	4	1	2	2	1	5	-2.77593	-3.64563	-4.22011	-4.15899
1229	2	1	5	3	2	3	5	-4.277	-3.25018	-5.89143	-4.80809
1230	10	81	50	99	120	76	52	-6.62899	-6.39841	-5.29501	-5.12662
1231	2	4	1	2	7	1	5	-2.30038	-5.65593	-5.94349	-5.55789
1232	2	4	1	2	7	1	5	-2.30038	-5.65593	-5.94349	-5.55789
1233	4	7	10	4	1	7	1	-1.80556	-3.8094	-2.68283	-1.92973
1234	1	4	2	2	6	3	17	-4.8588	-2.44716	-4.85017	-5.53623
1235	4	7	10	4	1	7	1	-1.80556	-3.8094	-2.68283	-1.92973
1236	2	4	1	2	2	1	5	-2.77593	-3.64563	-4.22011	-4.15899
1237	4	7	10	4	1	7	1	-1.80556	-3.8094	-2.68283	-1.92973
1238	4	7	10	4	42	51	1	-2.91738	-4.63588	-5.03587	-3.8357
1239	1	307	3	4	5	9	3	-6.87795	-6.42319	-6.11699	-8.08107
1240	2	4	2	2	6	1	5	-6.16777	-4.82952	-6.01224	-7.73179
1241	8	10	149	2	11	12	6	-4.92912	-3.96907	-5.82705	-7.22724
1242	2	1	12	3	2	1	5	-2.65437	-2.1125	-3.76431	-4.91499
1243	2	4	1	2	2	1	5	-2.77593	-3.64563	-4.22011	-4.15899
1244	2	4	1	2	2	1	5	-2.77593	-3.64563	-4.22011	-4.15899
1245	2	4	1	2	2	1	5	-2.77593	-3.64563	-4.22011	-4.15899
1246	4	7	10	4	42	51	1	-2.91738	-4.63588	-5.03587	-3.8357
1247	2	4	1	2	2	1	5	-2.77593	-3.64563	-4.22011	-4.15899
1248	2	4	1	2	2	1	5	-2.77593	-3.64563	-4.22011	-4.15899
1249	2	1	12	88	2	1	5	-3.97591	-3.42718	-6.15743	-5.39716
1250	1	4	2	2	6	3	17	-4.8588	-2.44716	-4.85017	-5.53623
1251	9	2	4	62	4	5	6	-3.71368	-5.19789	-5.86244	-7.0807
1252	2	4	1	2	7	1	5	-2.30038	-5.65593	-5.94349	-5.55789
1253	2	4	5	2	2	5	5	-3.66493	-7.00791	-7.05363	-6.06156
1254	2	1	21	3	2	1	5	-2.95719	-2.48637	-4.6602	-4.58677
1255	1	4	2	2	6	3	17	-4.8588	-2.44716	-4.85017	-5.53623
1256	2	1	21	3	2	1	5	-2.95719	-2.48637	-4.6602	-4.58677
1257	2	4	1	2	2	5	5	-6.8473	-6.39967	-9.22181	-9.83326
1258	2	1	12	3	2	1	5	-2.65437	-2.1125	-3.76431	-4.91499
1259	2	4	2	2	6	1	5	-6.16777	-4.82952	-6.01224	-7.73179
1260	2	4	1	2	2	1	5	-2.77593	-3.64563	-4.22011	-4.15899
1261	2	4	1	2	2	1	5	-2.77593	-3.64563	-4.22011	-4.15899
1262	1	307	3	4	5	9	3	-6.87795	-6.42319	-6.11699	-8.08107
1263	9	25	2	10	22	3	6	-4.4371	-7.70887	-6.19615	-4.3602
1264	2	1	1	380	2	1	5	-6.18452	-5.73198	-8.71044	-9.25237
1265	2	4	1	2	2	1	5	-2.77593	-3.64563	-4.22011	-4.15899
1266	2	4	1	2	2	1	5	-2.77593	-3.64563	-4.22011	-4.15899
1267	2	1	12	3	2	1	5	-2.65437	-2.1125	-3.76431	-4.91499
1268	1	2	3	4	5	9	3	-4.84469	-2.48619	-3.68746	-4.85344
1269	2	4	1	2	2	1	5	-2.77593	-3.64563	-4.22011	-4.15899
1270	2	4	1	2	2	1	5	-2.77593	-3.64563	-4.22011	-4.15899
1271	2	4	1	2	2	1	5	-2.77593	-3.64563	-4.22011	-4.15899
1272	1	2	3	4	5	9	3	-4.84469	-2.48619	-3.68746	-4.85344
1273	9	2	2	212	309	253	147	-28.1025	-29.8293	-22.7973	-25.0931
1274	2	1	21	3	2	1	5	-2.95719	-2.48637	-4.6602	-4.58677
1275	47	2	4	2	6	5	17	-12.0333	-10.4598	-6.16635	-8.25183
1276	1	2	3	4	5	9	3	-4.84469	-2.48619	-3.68746	-4.85344
1277	2	4	1	2	2	1	5	-2.77593	-3.64563	-4.22011	-4.15899
1278	2	4	1	2	2	1	5	-2.77593	-3.64563	-4.22011	-4.15899
1279	9	2	4	62	4	5	6	-3.71368	-5.19789	-5.86244	-7.0807
1280	2	1	12	3	2	1	5	-2.65437	-2.1125	-3.76431	-4.91499
1281	2	4	1	2	2	1	5	-2.77593	-3.64563	-4.22011	-4.15899
1282	2	4	1	2	7	1	5	-2.30038	-5.65593	-5.94349	-5.55789
1283	7	17	2	15	23	3	12	-6.8938	-10.2588	-10.6425	-10.7828
1284	2	1	1	3	2	1	5	-4.66517	-3.78327	-6.85488	-7.46195
1285	2	1	12	3	2	1	5	-2.65437	-2.1125	-3.76431	-4.91499
1286	2	4	1	2	2	1	5	-2.77593	-3.64563	-4.22011	-4.15899
1287	2	1	5	3	2	3	5	-4.277	-3.25018	-5.89143	-4.80809
1288	2	4	1	2	2	1	5	-2.77593	-3.64563	-4.22011	-4.15899
1289	2	4	1	2	2	1	5	-2.77593	-3.64563	-4.22011	-4.15899
1290	1	4	2	2	6	3	17	-4.8588	-2.44716	-4.85017	-5.53623
1291	2	1	2	3	2	3	5	-3.7523	-7.01873	-7.49019	-7.6264
1292	2	1	5	3	2	3	5	-4.277	-3.25018	-5.89143	-4.80809
1293	1	2	3	3	5	9	3	-12.1279	-7.98168	-9.98849	-12.0421
1294	4	7	10	4	42	51	1	-2.91738	-4.63588	-5.03587	-3.8357
1295	1	4	2	2	6	3	17	-4.8588	-2.44716	-4.85017	-5.53623
1296	2	1	5	3	2	3	5	-4.277	-3.25018	-5.89143	-4.80809
1297	4	7	10	4	1	7	1	-1.80556	-3.8094	-2.68283	-1.92973
1298	2	4	1	2	2	1	5	-2.77593	-3.64563	-4.22011	-4.15899
1299	4	7	10	4	1	7	1	-1.80556	-3.8094	-2.68283	-1.92973
1300	2	1	21	3	2	1	5	-2.95719	-2.48637	-4.6602	-4.58677
1301	2	4	1	2	2	1	5	-2.77593	-3.64563	-4.22011	-4.15899
1302	4	7	10	4	1	7	1	-1.80556	-3.8094	-2.68283	-1.92973
1303	2	4	1	2	2	1	5	-2.77593	-3.64563	-4.22011	-4.15899
1304	2	1	5	3	2	5	5	-5.97695	-2.82839	-4.18537	-5.42024
1305	2	4	1	2	2	1	5	-2.77593	-3.64563	-4.22011	-4.15899
1306	2	1	21	3	2	1	5	-2.95719	-2.48637	-4.6602	-4.58677
1307	2	1	5	3	2	5	5	-5.97695	-2.82839	-4.18537	-5.42024
1308	1	4	2	2	6	3	17	-4.8588	-2.44716	-4.85017	-5.53623
1309	1	4	2	2	6	3	17	-4.8588	-2.44716	-4.85017	-5.53623
1310	2	1	5	3	2	3	5	-4.277	-3.25018	-5.89143	-4.80809
1311	1	4	2	2	6	3	17	-4.8588	-2.44716	-4.85017	-5.53623
1312	2	4	1	2	2	1	5	-2.77593	-3.64563	-4.22011	-4.15899
1313	2	1	12	88	2	1	5	-3.97591	-3.42718	-6.15743	-5.39716
1314	2	1	5	3	2	3	5	-4.277	-3.25018	-5.89143	-4.80809
1315	2	4	5	2	2	1	5	-6.16811	-9.03398	-9.09756	-9.65368
1316	2	4	1	2	2	1	5	-2.77593	-3.64563	-4.22011	-4.15899
1317	1	4	2	2	6	3	17	-4.8588	-2.44716	-4.85017	-5.53623
1318	2	1	21	3	2	1	5	-2.95719	-2.48637	-4.6602	-4.58677
1319	4	7	10	4	1	7	1	-1.80556	-3.8094	-2.68283	-1.92973
1320	1	2	3	4	5	9	3	-4.84469	-2.48619	-3.68746	-4.85344
1321	2	4	1	2	7	1	5	-2.30038	-5.65593	-5.94349	-5.55789
1322	4	7	10	4	1	7	1	-1.80556	-3.8094	-2.68283	-1.92973
1323	4	7	10	4	1	7	1	-1.80556	-3.8094	-2.68283	-1.92973
1324	1	4	2	2	6	3	17	-4.8588	-2.44716	-4.85017	-5.53623
1325	2	4	1	2	7	1	5	-2.30038	-5.65593	-5.94349	-5.55789
1326	4	7	10	4	1	7	1	-1.80556	-3.8094	-2.68283	-1.92973
1327	8	10	2	2	11	12	6	-3.94753	-7.26424	-7.69294	-7.83636
1328	969	7	10	4	1	7	1	-5.96767	-8.56983	-5.37922	-5.39785
1329	4	7	10	4	1	7	1	-1.80556	-3.8094	-2.68283	-1.92973
1330	10	27	16	942	10	5	7	-26.6366	-17.6254	-19.2623	-20.9865
1331	10	27	16	941	10	5	7	-26.6366	-17.6254	-19.2623	-20.9865
1332	4	7	10	4	1	7	1	-1.80556	-3.8094	-2.68283	-1.92973
1333	4	7	10	4	1	7	1	-1.80556	-3.8094	-2.68283	-1.92973
1334	129	66	30	82	189	47	17	-3.23461	-4.87802	-5.75482	-4.18422
1335	4	7	10	4	1	7	1	-1.80556	-3.8094	-2.68283	-1.92973
1336	4	7	10	4	1	7	1	-1.80556	-3.8094	-2.68283	-1.92973
1337	2	4	1	2	2	1	5	-2.77593	-3.64563	-4.22011	-4.15899
1338	2	1	2	3	2	3	5	-3.7523	-7.01873	-7.49019	-7.6264
1339	10	27	16	19	10	5	7	-22.3979	-12.8442	-16.5636	-17.5202
1340	2	4	1	2	2	1	5	-2.77593	-3.64563	-4.22011	-4.15899
1341	33	39	30	82	104	173	68	-5.47873	-3.97669	-7.14898	-7.81426
1342	1	4	2	2	6	3	17	-4.8588	-2.44716	-4.85017	-5.53623
1343	2	1	5	3	2	5	5	-5.97695	-2.82839	-4.18537	-5.42024
1344	2	1	12	3	2	1	5	-2.65437	-2.1125	-3.76431	-4.91499
1345	8	10	2	2	11	12	6	-3.94753	-7.26424	-7.69294	-7.83636
1346	2	1	1	3	2	1	5	-4.66517	-3.78327	-6.85488	-7.46195
1347	1	4	2	2	6	3	17	-4.8588	-2.44716	-4.85017	-5.53623
1348	7	2	2	2	11	12	6	-4.49413	-7.85836	-8.24151	-8.38306
1349	9	2	4	62	4	5	6	-3.71368	-5.19789	-5.86244	-7.0807
1350	2	1	21	3	2	1	5	-2.95719	-2.48637	-4.6602	-4.58677
1351	9	7	10	4	1	7	1	-10.3928	-12.2359	-11.3515	-10.0501
1352	2	1	12	3	920	1	5	-6.89405	-6.88479	-6.46244	-8.37873
1353	239	27	16	19	10	5	7	-11.5413	-6.46789	-9.76242	-10.5293
1354	7	17	2	15	23	3	12	-6.8938	-10.2588	-10.6425	-10.7828
1355	1	4	2	2	6	3	17	-4.8588	-2.44716	-4.85017	-5.53623
1356	1	6	60	24	12	28	1	-30.4042	-33.7858	-19.393	-22.8141
1357	2	4	5	2	10	1	5	-6.88757	-10.2391	-10.6247	-10.7716
1358	10	81	50	99	120	76	52	-6.62899	-6.39841	-5.29501	-5.12662
1359	4	7	10	4	1	7	1	-1.80556	-3.8094	-2.68283	-1.92973
1360	2	1	5	3	2	5	5	-5.97695	-2.82839	-4.18537	-5.42024
1361	4	7	10	1	1	7	1	-5.25935	-8.45735	-5.98779	-6.11563
1362	2	4	5	2	10	1	5	-6.88757	-10.2391	-10.6247	-10.7716
1363	2	1	21	3	2	1	5	-2.95719	-2.48637	-4.6602	-4.58677
1364	2	1	21	3	2	1	5	-2.95719	-2.48637	-4.6602	-4.58677
1365	2	4	1	2	2	1	5	-2.77593	-3.64563	-4.22011	-4.15899
1366	2	4	2	2	6	1	5	-6.16777	-4.82952	-6.01224	-7.73179
1367	2	4	1	2	7	1	5	-2.30038	-5.65593	-5.94349	-5.55789
1368	2	4	1	2	2	1	5	-2.77593	-3.64563	-4.22011	-4.15899
1369	2	4	1	2	2	1	5	-2.77593	-3.64563	-4.22011	-4.15899
1370	4	7	10	4	1	7	1	-1.80556	-3.8094	-2.68283	-1.92973
1371	4	7	10	4	42	51	1	-2.91738	-4.63588	-5.03587	-3.8357
1372	2	1	5	3	2	3	5	-4.277	-3.25018	-5.89143	-4.80809
1373	2	1	12	3	2	1	5	-2.65437	-2.1125	-3.76431	-4.91499
1374	2	1	1	3	2	1	5	-4.66517	-3.78327	-6.85488	-7.46195
1375	2	4	1	2	2	1	5	-2.77593	-3.64563	-4.22011	-4.15899
1376	4	7	10	4	1	7	1	-1.80556	-3.8094	-2.68283	-1.92973
1377	10	1	16	19	10	5	7	-7.38613	-2.74533	-4.31524	-5.11794
1378	2	4	1	2	7	1	5	-2.30038	-5.65593	-5.94349	-5.55789
1379	2	4	1	2	2	1	5	-2.77593	-3.64563	-4.22011	-4.15899
1380	10	81	50	99	120	76	52	-6.62899	-6.39841	-5.29501	-5.12662
1381	2	1	12	3	2	1	5	-2.65437	-2.1125	-3.76431	-4.91499
1382	2	4	1	2	2	1	5	-2.77593	-3.64563	-4.22011	-4.15899
1383	2	4	1	2	7	1	5	-2.30038	-5.65593	-5.94349	-5.55789
1384	1	2	3	4	5	9	3	-4.84469	-2.48619	-3.68746	-4.85344
1385	8	10	2	2	11	12	6	-3.94753	-7.26424	-7.69294	-7.83636
1386	1	4	2	2	6	3	17	-4.8588	-2.44716	-4.85017	-5.53623
1387	2	4	1	2	2	1	5	-2.77593	-3.64563	-4.22011	-4.15899
1388	2	4	1	2	2	1	5	-2.77593	-3.64563	-4.22011	-4.15899
1389	10	7	10	4	1	7	1	-12.7214	-10.8236	-9.95575	-9.07268
1390	2	1	21	3	2	1	5	-2.95719	-2.48637	-4.6602	-4.58677
1391	2	1	21	3	2	1	5	-2.95719	-2.48637	-4.6602	-4.58677
1392	10	1	16	19	10	5	7	-7.38613	-2.74533	-4.31524	-5.11794
1393	2	1	5	3	2	3	5	-4.277	-3.25018	-5.89143	-4.80809
1394	2	1	5	3	2	3	5	-4.277	-3.25018	-5.89143	-4.80809
1395	2	4	1	2	2	5	5	-6.8473	-6.39967	-9.22181	-9.83326
1396	2	4	1	2	7	1	5	-2.30038	-5.65593	-5.94349	-5.55789
1397	10	1	16	19	10	5	7	-7.38613	-2.74533	-4.31524	-5.11794
1398	2	4	1	2	7	1	5	-2.30038	-5.65593	-5.94349	-5.55789
1399	2	934	1	2	2	1	5	-6.93655	-8.41875	-6.91146	-7.61978
