Isolate	Loci0	Loci1	Loci2	Loci3	Loci4	Loci5	Loci6	Source0	Source1	Source2	Source3
0	1	2	3	4	5	9	3	-4.62124	-2.49953	-3.65585	-4.64154
1	4	7	10	4	1	7	1	-1.83985	-3.8846	-2.66746	-1.94283
2	2	4	1	2	2	1	5	-2.78637	-3.6732	-4.17359	-4.07942
3	2	4	1	2	2	1	5	-2.78637	-3.6732	-4.17359	-4.07942
4	9	25	2	10	22	3	6	-4.48416	-7.83781	-6.05765	-4.37085
5	4	7	10	4	1	7	1	-1.83985	-3.8846	-2.66746	-1.94283
6	4	7	10	4	1	7	1	-1.83985	-3.8846	-2.66746	-1.94283
7	4	7	10	4	42	51	1	-2.94202	-4.68766	-4.90761	-3.80781
8	2	4	1	2	2	1	5	-2.78637	-3.6732	-4.17359	-4.07942
9	10	81	50	99	120	76	52	-6.69883	-6.43696	-5.32775	-5.15844
10	2	1	21	3	2	1	5	-2.9384	-2.49431	-4.43389	-4.33303
11	2	1	21	3	2	1	5	-2.9384	-2.49431	-4.43389	-4.33303
12	9	25	2	10	22	3	6	-4.48416	-7.83781	-6.05765	-4.37085
13	2	1	21	3	2	1	5	-2.9384	-2.49431	-4.43389	-4.33303
14	10	27	16	19	10	5	7	-19.8436	-12.5705	-15.8715	-16.694
15	2	4	1	2	2	1	5	-2.78637	-3.6732	-4.17359	-4.07942
16	2	4	1	2	2	1	5	-2.78637	-3.6732	-4.17359	-4.07942
17	9	2	4	62	4	5	6	-3.73068	-5.24896	-5.79175	-6.55814
18	9	53	2	53	11	3	3	-29.8626	-27.1395	-26.1433	-25.8679
19	2	4	1	2	2	1	5	-2.78637	-3.6732	-4.17359	-4.07942
20	2	4	1	2	2	1	5	-2.78637	-3.6732	-4.17359	-4.07942
21	4	7	10	4	1	7	1	-1.83985	-3.8846	-2.66746	-1.94283
22	2	4	1	2	2	1	5	-2.78637	-3.6732	-4.17359	-4.07942
23	1	4	2	2	6	3	17	-4.62717	-2.45643	-4.62152	-5.06662
24	4	7	10	4	1	7	1	-1.83985	-3.8846	-2.66746	-1.94283
25	2	1	21	3	2	1	5	-2.9384	-2.49431	-4.43389	-4.33303
26	8	10	2	2	11	12	6	-3.9692	-7.49922	-7.34983	-7.1467
27	2	4	2	2	6	1	5	-6.08827	-4.84082	-5.98087	-7.34096
28	2	1	12	3	2	1	5	-2.62928	-2.12079	-3.65869	-4.46371
29	2	4	1	2	2	1	5	-2.78637	-3.6732	-4.17359	-4.07942
30	4	7	10	4	1	7	1	-1.83985	-3.8846	-2.66746	-1.94283
31	10	1	16	19	10	5	7	-6.11183	-2.75624	-4.24576	-4.90516
32	1	2	3	4	5	9	3	-4.62124	-2.49953	-3.65585	-4.64154
33	2	4	1	2	2	1	5	-2.78637	-3.6732	-4.17359	-4.07942
34	2	4	1	2	2	1	5	-2.78637	-3.6732	-4.17359	-4.07942
35	2	4	1	2	2	1	5	-2.78637	-3.6732	-4.17359	-4.07942
36	4	7	10	4	1	7	1	-1.83985	-3.8846	-2.66746	-1.94283
37	129	66	30	82	189	47	17	-3.26104	-4.92397	-5.54153	-4.14923
38	2	1	12	3	357	1	5	-6.73844	-6.22856	-6.92406	-7.36555
39	9	2	4	62	4	5	6	-3.73068	-5.24896	-5.79175	-6.55814
40	2	1	1	3	2	1	5	-4.61792	-3.78794	-6.36543	-6.59271
41	2	1	12	3	357	1	5	-6.73844	-6.22856	-6.92406	-7.36555
42	2	1	5	3	2	3	5	-4.23829	-3.25503	-5.5241	-4.68204
43	2	1	5	3	2	3	5	-4.23829	-3.25503	-5.5241	-4.68204
44	2	4	1	2	2	1	5	-2.78637	-3.6732	-4.17359	-4.07942
45	2	4	1	2	2	1	5	-2.78637	-3.6732	-4.17359	-4.07942
46	2	4	2	2	6	1	5	-6.08827	-4.84082	-5.98087	-7.34096
47	1	4	2	2	6	3	17	-4.62717	-2.45643	-4.62152	-5.06662
48	2	1	21	3	2	1	5	-2.9384	-2.49431	-4.43389	-4.33303
49	2	1	2	3	2	3	5	-3.77115	-7.22548	-7.14346	-6.94196
50	2	1	21	3	2	1	5	-2.9384	-2.49431	-4.43389	-4.33303
51	7	17	2	15	23	3	12	-6.91663	-10.527	-10.3001	-10.0931
52	2	4	1	2	7	1	5	-2.31889	-5.91661	-5.61948	-5.14294
53	9	2	4	62	4	5	6	-3.73068	-5.24896	-5.79175	-6.55814
54	2	4	1	2	7	1	5	-2.31889	-5.91661	-5.61948	-5.14294
55	9	2	4	62	4	5	6	-3.73068	-5.24896	-5.79175	-6.55814
56	2	1	12	88	2	1	5	-3.95576	-3.4348	-5.75552	-5.17373
57	2	1	5	3	2	3	5	-4.23829	-3.25503	-5.5241	-4.68204
58	2	4	1	2	2	1	5	-2.78637	-3.6732	-4.17359	-4.07942
59	9	2	4	62	4	5	6	-3.73068	-5.24896	-5.79175	-6.55814
60	2	1	5	3	2	3	5	-4.23829	-3.25503	-5.5241	-4.68204
61	2	4	1	2	2	1	5	-2.78637	-3.6732	-4.17359	-4.07942
62	2	4	1	2	2	1	5	-2.78637	-3.6732	-4.17359	-4.07942
63	2	4	1	2	2	1	5	-2.78637	-3.6732	-4.17359	-4.07942
64	2	4	1	2	2	1	5	-2.78637	-3.6732	-4.17359	-4.07942
65	2	4	1	2	2	1	5	-2.78637	-3.6732	-4.17359	-4.07942
66	2	4	1	2	2	1	5	-2.78637	-3.6732	-4.17359	-4.07942
67	1	2	215	4	90	24	8	-30.0337	-28.3096	-23.1891	-21.782
68	2	4	1	2	2	1	5	-2.78637	-3.6732	-4.17359	-4.07942
69	1	2	3	4	5	9	3	-4.62124	-2.49953	-3.65585	-4.64154
70	2	4	1	2	2	1	5	-2.78637	-3.6732	-4.17359	-4.07942
71	2	4	1	2	2	1	5	-2.78637	-3.6732	-4.17359	-4.07942
72	9	25	2	10	22	3	6	-4.48416	-7.83781	-6.05765	-4.37085
73	2	15	4	48	360	25	23	-6.70584	-9.35916	-5.76677	-4.92137
74	2	4	1	2	2	1	5	-2.78637	-3.6732	-4.17359	-4.07942
75	2	1	12	88	2	1	5	-3.95576	-3.4348	-5.75552	-5.17373
76	2	4	2	2	6	1	5	-6.08827	-4.84082	-5.98087	-7.34096
77	10	1	16	19	10	5	7	-6.11183	-2.75624	-4.24576	-4.90516
78	2	4	1	2	2	1	5	-2.78637	-3.6732	-4.17359	-4.07942
79	2	1	12	3	2	1	5	-2.62928	-2.12079	-3.65869	-4.46371
80	2	4	1	2	2	1	5	-2.78637	-3.6732	-4.17359	-4.07942
81	2	4	1	2	2	1	5	-2.78637	-3.6732	-4.17359	-4.07942
82	1	4	2	2	6	3	17	-4.62717	-2.45643	-4.62152	-5.06662
83	10	1	16	19	10	5	7	-6.11183	-2.75624	-4.24576	-4.90516
84	8	10	149	2	11	12	6	-4.88389	-3.98484	-5.70051	-6.61653
85	2	4	1	2	2	1	5	-2.78637	-3.6732	-4.17359	-4.07942
86	2	4	1	2	7	1	5	-2.31889	-5.91661	-5.61948	-5.14294
87	32	39	30	82	104	324	17	-8.1226	-4.68729	-7.44772	-7.78115
88	1	2	3	4	5	9	3	-4.62124	-2.49953	-3.65585	-4.64154
89	2	1	5	3	2	3	5	-4.23829	-3.25503	-5.5241	-4.68204
90	2	4	1	2	2	1	5	-2.78637	-3.6732	-4.17359	-4.07942
91	2	4	1	2	7	1	5	-2.31889	-5.91661	-5.61948	-5.14294
92	4	7	10	4	1	7	1	-1.83985	-3.8846	-2.66746	-1.94283
93	2	1	2	3	2	3	5	-3.77115	-7.22548	-7.14346	-6.94196
94	2	1	12	3	2	1	5	-2.62928	-2.12079	-3.65869	-4.46371
95	2	1	21	3	2	1	5	-2.9384	-2.49431	-4.43389	-4.33303
96	2	1	21	3	2	1	5	-2.9384	-2.49431	-4.43389	-4.33303
97	9	2	5	2	11	3	1	-28.4108	-31.116	-27.6454	-26.6224
98	4	7	10	4	1	7	1	-1.83985	-3.8846	-2.66746	-1.94283
99	2	1	2	3	2	3	5	-3.77115	-7.22548	-7.14346	-6.94196
100	2	1	21	3	2	1	5	-2.9384	-2.49431	-4.43389	-4.33303
101	4	7	10	4	1	7	1	-1.83985	-3.8846	-2.66746	-1.94283
102	2	1	21	3	2	1	5	-2.9384	-2.49431	-4.43389	-4.33303
103	1	4	2	2	6	3	17	-4.62717	-2.45643	-4.62152	-5.06662
104	2	4	5	2	10	1	5	-6.90641	-10.4997	-10.2795	-10.083
105	2	1	12	88	2	1	5	-3.95576	-3.4348	-5.75552	-5.17373
106	9	2	4	62	4	5	6	-3.73068	-5.24896	-5.79175	-6.55814
107	2	165	73	147	220	190	104	-8.73769	-10.0737	-7.07462	-5.25292
108	2	1	21	3	2	1	5	-2.9384	-2.49431	-4.43389	-4.33303
109	2	4	1	2	2	1	5	-2.78637	-3.6732	-4.17359	-4.07942
110	2	1	12	3	11	1	6	-18.2926	-17.1122	-19.8183	-20.8272
111	2	1	2	3	2	3	5	-3.77115	-7.22548	-7.14346	-6.94196
112	2	4	1	2	7	1	5	-2.31889	-5.91661	-5.61948	-5.14294
113	2	1	2	3	2	3	5	-3.77115	-7.22548	-7.14346	-6.94196
114	2	1	21	3	2	1	5	-2.9384	-2.49431	-4.43389	-4.33303
115	2	4	1	2	7	1	5	-2.31889	-5.91661	-5.61948	-5.14294
116	33	39	30	82	113	43	17	-9.53252	-6.47309	-6.19405	-8.17128
117	2	4	1	2	2	1	5	-2.78637	-3.6732	-4.17359	-4.07942
118	2	4	1	2	2	1	5	-2.78637	-3.6732	-4.17359	-4.07942
119	2	4	1	2	2	1	5	-2.78637	-3.6732	-4.17359	-4.07942
120	2	4	1	2	7	1	5	-2.31889	-5.91661	-5.61948	-5.14294
121	4	7	10	1	1	7	1	-5.285	-8.79951	-6.01463	-6.11792
122	2	1	12	3	2	1	5	-2.62928	-2.12079	-3.65869	-4.46371
123	2	4	1	2	2	1	5	-2.78637	-3.6732	-4.17359	-4.07942
124	2	4	1	2	2	1	5	-2.78637	-3.6732	-4.17359	-4.07942
125	2	4	1	2	7	1	5	-2.31889	-5.91661	-5.61948	-5.14294
126	2	4	1	2	2	1	5	-2.78637	-3.6732	-4.17359	-4.07942
127	2	4	1	2	2	1	5	-2.78637	-3.6732	-4.17359	-4.07942
128	2	1	12	88	2	1	5	-3.95576	-3.4348	-5.75552	-5.17373
129	2	1	12	3	2	1	5	-2.62928	-2.12079	-3.65869	-4.46371
130	2	1	12	3	2	1	5	-2.62928	-2.12079	-3.65869	-4.46371
131	2	4	1	2	7	1	5	-2.31889	-5.91661	-5.61948	-5.14294
132	2	1	21	3	2	1	5	-2.9384	-2.49431	-4.43389	-4.33303
133	2	1	21	3	2	1	5	-2.9384	-2.49431	-4.43389	-4.33303
134	2	4	5	2	2	5	5	-3.68537	-7.25723	-6.77347	-5.87899
135	2	1	21	3	2	1	5	-2.9384	-2.49431	-4.43389	-4.33303
136	1	4	2	2	6	3	1	-11.098	-9.83059	-10.2781	-10.7306
137	2	1	5	3	2	3	5	-4.23829	-3.25503	-5.5241	-4.68204
138	2	1	5	3	2	3	5	-4.23829	-3.25503	-5.5241	-4.68204
139	4	7	10	4	1	7	1	-1.83985	-3.8846	-2.66746	-1.94283
140	8	10	2	2	11	12	6	-3.9692	-7.49922	-7.34983	-7.1467
141	2	1	2	3	2	3	5	-3.77115	-7.22548	-7.14346	-6.94196
142	2	1	5	3	2	3	5	-4.23829	-3.25503	-5.5241	-4.68204
143	2	1	2	3	2	3	5	-3.77115	-7.22548	-7.14346	-6.94196
144	129	66	30	82	189	47	17	-3.26104	-4.92397	-5.54153	-4.14923
145	2	4	1	2	2	1	5	-2.78637	-3.6732	-4.17359	-4.07942
146	2	4	1	2	2	1	5	-2.78637	-3.6732	-4.17359	-4.07942
147	7	21	5	62	4	61	44	-7.25298	-3.84213	-5.71047	-6.73663
148	2	4	1	2	2	1	5	-2.78637	-3.6732	-4.17359	-4.07942
149	2	937	1	2	2	1	5	-6.81729	-7.78149	-7.43028	-6.97494
150	1	14	2	2	6	1	17	-9.17688	-6.44964	-7.86914	-6.3127
151	1	4	2	2	6	3	17	-4.62717	-2.45643	-4.62152	-5.06662
152	8	10	149	2	11	12	6	-4.88389	-3.98484	-5.70051	-6.61653
153	2	1	12	3	2	1	5	-2.62928	-2.12079	-3.65869	-4.46371
154	9	30	2	2	89	59	6	-4.96851	-8.58043	-8.35284	-8.14626
155	1	2	3	4	5	9	3	-4.62124	-2.49953	-3.65585	-4.64154
156	2	4	1	2	2	1	5	-2.78637	-3.6732	-4.17359	-4.07942
157	2	4	1	2	2	1	5	-2.78637	-3.6732	-4.17359	-4.07942
158	180	194	2	68	19	231	147	-25.8473	-29.4897	-25.0221	-23.0171
159	2	4	1	2	2	1	5	-2.78637	-3.6732	-4.17359	-4.07942
160	2	4	1	2	2	1	5	-2.78637	-3.6732	-4.17359	-4.07942
161	2	4	1	2	2	1	5	-2.78637	-3.6732	-4.17359	-4.07942
162	4	7	10	4	1	7	1	-1.83985	-3.8846	-2.66746	-1.94283
163	2	4	1	2	2	1	5	-2.78637	-3.6732	-4.17359	-4.07942
164	2	1	21	3	2	1	5	-2.9384	-2.49431	-4.43389	-4.33303
165	2	4	1	2	7	1	5	-2.31889	-5.91661	-5.61948	-5.14294
166	2	4	1	2	2	1	5	-2.78637	-3.6732	-4.17359	-4.07942
167	10	1	16	19	10	5	7	-6.11183	-2.75624	-4.24576	-4.90516
168	104	7	10	4	1	7	1	-4.42337	-8.04264	-7.7912	-7.58688
169	2	4	1	2	2	1	5	-2.78637	-3.6732	-4.17359	-4.07942
170	10	27	16	19	10	5	7	-19.8436	-12.5705	-15.8715	-16.694
171	2	4	1	2	2	1	5	-2.78637	-3.6732	-4.17359	-4.07942
172	2	1	1	3	2	1	5	-4.61792	-3.78794	-6.36543	-6.59271
173	7	21	5	62	4	61	44	-7.25298	-3.84213	-5.71047	-6.73663
174	2	1	1	3	2	1	5	-4.61792	-3.78794	-6.36543	-6.59271
175	10	1	16	19	10	5	7	-6.11183	-2.75624	-4.24576	-4.90516
176	2	4	1	2	2	1	5	-2.78637	-3.6732	-4.17359	-4.07942
177	2	4	1	2	2	1	5	-2.78637	-3.6732	-4.17359	-4.07942
178	2	1	12	3	2	1	5	-2.62928	-2.12079	-3.65869	-4.46371
179	2	4	1	2	2	1	5	-2.78637	-3.6732	-4.17359	-4.07942
180	2	4	1	2	2	1	5	-2.78637	-3.6732	-4.17359	-4.07942
181	1	4	2	2	6	3	17	-4.62717	-2.45643	-4.62152	-5.06662
182	2	1	12	3	2	1	5	-2.62928	-2.12079	-3.65869	-4.46371
183	4	7	10	4	1	7	1	-1.83985	-3.8846	-2.66746	-1.94283
184	2	4	1	2	2	1	5	-2.78637	-3.6732	-4.17359	-4.07942
185	2	4	1	2	2	1	5	-2.78637	-3.6732	-4.17359	-4.07942
186	2	1	21	3	2	1	5	-2.9384	-2.49431	-4.43389	-4.33303
187	4	7	10	4	1	7	1	-1.83985	-3.8846	-2.66746	-1.94283
188	4	7	10	4	42	51	1	-2.94202	-4.68766	-4.90761	-3.80781
189	2	1	5	3	2	3	5	-4.23829	-3.25503	-5.5241	-4.68204
190	1	2	4	62	4	5	17	-6.10504	-4.85742	-7.49093	-7.74664
191	4	7	10	4	1	7	1	-1.83985	-3.8846	-2.66746	-1.94283
192	4	7	10	4	42	51	1	-2.94202	-4.68766	-4.90761	-3.80781
193	2	1	21	3	2	1	5	-2.9384	-2.49431	-4.43389	-4.33303
194	4	7	10	4	42	51	1	-2.94202	-4.68766	-4.90761	-3.80781
195	2	4	1	2	7	1	5	-2.31889	-5.91661	-5.61948	-5.14294
196	2	4	1	2	2	1	5	-2.78637	-3.6732	-4.17359	-4.07942
197	1	2	3	4	5	9	3	-4.62124	-2.49953	-3.65585	-4.64154
198	1	2	4	62	4	5	17	-6.10504	-4.85742	-7.49093	-7.74664
199	2	250	4	281	358	25	57	-28.9591	-31.2873	-20.2786	-19.3538
200	9	2	4	62	4	5	6	-3.73068	-5.24896	-5.79175	-6.55814
201	1	2	3	4	5	9	3	-4.62124	-2.49953	-3.65585	-4.64154
202	4	7	10	4	1	7	1	-1.83985	-3.8846	-2.66746	-1.94283
203	2	4	2	4	19	3	6	-5.81184	-9.41688	-9.18937	-8.98485
204	4	7	10	4	1	7	1	-1.83985	-3.8846	-2.66746	-1.94283
205	4	7	10	4	42	51	1	-2.94202	-4.68766	-4.90761	-3.80781
206	2	1	12	3	2	1	5	-2.62928	-2.12079	-3.65869	-4.46371
207	4	7	10	4	1	7	1	-1.83985	-3.8846	-2.66746	-1.94283
208	2	1	12	3	2	1	5	-2.62928	-2.12079	-3.65869	-4.46371
209	1	2	4	62	4	5	17	-6.10504	-4.85742	-7.49093	-7.74664
210	4	7	10	4	42	51	1	-2.94202	-4.68766	-4.90761	-3.80781
211	2	4	1	2	2	1	5	-2.78637	-3.6732	-4.17359	-4.07942
212	4	7	10	4	1	7	1	-1.83985	-3.8846	-2.66746	-1.94283
213	2	1	21	3	2	1	5	-2.9384	-2.49431	-4.43389	-4.33303
214	47	2	4	2	6	5	17	-11.0086	-12.6867	-6.23825	-8.45212
215	2	1	21	3	2	1	5	-2.9384	-2.49431	-4.43389	-4.33303
216	2	1	21	3	2	1	5	-2.9384	-2.49431	-4.43389	-4.33303
217	2	4	1	2	2	1	5	-2.78637	-3.6732	-4.17359	-4.07942
218	2	4	1	2	2	1	5	-2.78637	-3.6732	-4.17359	-4.07942
219	10	81	50	99	120	76	52	-6.69883	-6.43696	-5.32775	-5.15844
220	2	4	1	2	2	1	5	-2.78637	-3.6732	-4.17359	-4.07942
221	2	4	1	2	2	1	5	-2.78637	-3.6732	-4.17359	-4.07942
222	1	4	2	2	6	3	17	-4.62717	-2.45643	-4.62152	-5.06662
223	1	2	4	62	4	5	17	-6.10504	-4.85742	-7.49093	-7.74664
224	4	7	10	4	1	7	1	-1.83985	-3.8846	-2.66746	-1.94283
225	4	7	10	4	1	7	1	-1.83985	-3.8846	-2.66746	-1.94283
226	10	1	16	19	10	5	7	-6.11183	-2.75624	-4.24576	-4.90516
227	2	4	1	2	2	1	5	-2.78637	-3.6732	-4.17359	-4.07942
228	2	4	1	2	7	1	5	-2.31889	-5.91661	-5.61948	-5.14294
229	1	4	2	348	6	3	17	-8.81453	-5.36976	-8.13306	-8.4716
230	1	2	4	62	4	5	17	-6.10504	-4.85742	-7.49093	-7.74664
231	10	27	16	19	10	5	7	-19.8436	-12.5705	-15.8715	-16.694
232	1	4	2	2	6	3	17	-4.62717	-2.45643	-4.62152	-5.06662
233	4	7	10	4	42	51	1	-2.94202	-4.68766	-4.90761	-3.80781
234	2	4	1	2	2	1	5	-2.78637	-3.6732	-4.17359	-4.07942
235	2	1	12	3	2	1	5	-2.62928	-2.12079	-3.65869	-4.46371
236	2	1	12	88	2	1	5	-3.95576	-3.4348	-5.75552	-5.17373
237	2	4	1	2	7	1	5	-2.31889	-5.91661	-5.61948	-5.14294
238	2	1	12	3	2	1	5	-2.62928	-2.12079	-3.65869	-4.46371
239	1	4	2	2	6	3	17	-4.62717	-2.45643	-4.62152	-5.06662
240	2	1	4	28	58	25	58	-5.67564	-8.52961	-5.44105	-4.24208
241	2	1	5	3	2	3	5	-4.23829	-3.25503	-5.5241	-4.68204
242	2	1	12	3	2	1	5	-2.62928	-2.12079	-3.65869	-4.46371
243	2	4	1	2	2	1	5	-2.78637	-3.6732	-4.17359	-4.07942
244	2	1	5	10	11	1	5	-26.3608	-21.5876	-23.7531	-25.4902
245	2	1	12	3	2	1	5	-2.62928	-2.12079	-3.65869	-4.46371
246	2	1	12	88	2	1	5	-3.95576	-3.4348	-5.75552	-5.17373
247	2	1	12	3	2	1	5	-2.62928	-2.12079	-3.65869	-4.46371
248	2	1	12	3	2	1	5	-2.62928	-2.12079	-3.65869	-4.46371
249	1	4	2	2	6	3	17	-4.62717	-2.45643	-4.62152	-5.06662
250	9	2	4	62	4	5	6	-3.73068	-5.24896	-5.79175	-6.55814
251	2	1	12	3	2	1	5	-2.62928	-2.12079	-3.65869	-4.46371
252	8	10	149	2	11	12	6	-4.88389	-3.98484	-5.70051	-6.61653
253	2	1	21	3	2	1	5	-2.9384	-2.49431	-4.43389	-4.33303
254	1	2	3	4	5	9	3	-4.62124	-2.49953	-3.65585	-4.64154
255	2	1	5	3	2	3	5	-4.23829	-3.25503	-5.5241	-4.68204
256	1	307	3	4	5	9	3	-6.85135	-6.45385	-6.16158	-8.0303
257	1	4	2	2	6	3	17	-4.62717	-2.45643	-4.62152	-5.06662
258	2	4	1	2	7	1	5	-2.31889	-5.91661	-5.61948	-5.14294
259	2	4	1	2	2	1	5	-2.78637	-3.6732	-4.17359	-4.07942
260	2	61	4	64	126	7	23	-6.02517	-8.70192	-6.05391	-4.25554
261	7	21	5	62	4	61	44	-7.25298	-3.84213	-5.71047	-6.73663
262	2	1	12	3	2	1	5	-2.62928	-2.12079	-3.65869	-4.46371
263	2	4	1	2	2	1	5	-2.78637	-3.6732	-4.17359	-4.07942
264	2	1	12	3	2	1	5	-2.62928	-2.12079	-3.65869	-4.46371
265	2	1	21	3	2	1	5	-2.9384	-2.49431	-4.43389	-4.33303
266	2	1	21	3	2	1	5	-2.9384	-2.49431	-4.43389	-4.33303
267	2	4	1	2	2	1	5	-2.78637	-3.6732	-4.17359	-4.07942
268	2	4	1	2	2	1	5	-2.78637	-3.6732	-4.17359	-4.07942
269	2	4	1	2	7	1	5	-2.31889	-5.91661	-5.61948	-5.14294
270	4	7	10	4	1	7	1	-1.83985	-3.8846	-2.66746	-1.94283
271	1	2	4	62	4	5	17	-6.10504	-4.85742	-7.49093	-7.74664
272	4	1	21	3	2	1	5	-9.49151	-9.96441	-10.2181	-10.0742
273	10	1	16	19	10	5	7	-6.11183	-2.75624	-4.24576	-4.90516
274	33	283	44	82	189	44	17	-6.85073	-3.48152	-5.47981	-5.70066
275	2	1	12	3	2	1	5	-2.62928	-2.12079	-3.65869	-4.46371
276	10	81	50	99	120	76	52	-6.69883	-6.43696	-5.32775	-5.15844
277	4	7	10	4	42	25	1	-8.60463	-10.0013	-5.86005	-5.18717
278	2	4	1	2	2	1	5	-2.78637	-3.6732	-4.17359	-4.07942
279	2	4	5	2	10	1	5	-6.90641	-10.4997	-10.2795	-10.083
280	2	4	1	2	2	1	5	-2.78637	-3.6732	-4.17359	-4.07942
281	9	2	4	62	4	5	6	-3.73068	-5.24896	-5.79175	-6.55814
282	4	7	10	4	1	7	1	-1.83985	-3.8846	-2.66746	-1.94283
283	2	1	12	3	2	1	5	-2.62928	-2.12079	-3.65869	-4.46371
284	9	2	4	62	4	5	6	-3.73068	-5.24896	-5.79175	-6.55814
285	9	2	4	62	4	5	6	-3.73068	-5.24896	-5.79175	-6.55814
286	2	4	1	2	2	1	5	-2.78637	-3.6732	-4.17359	-4.07942
287	2	1	12	88	2	1	5	-3.95576	-3.4348	-5.75552	-5.17373
288	2	1	21	3	2	1	5	-2.9384	-2.49431	-4.43389	-4.33303
289	33	39	30	79	113	44	17	-25.3165	-23.7051	-24.3291	-26.7914
290	1	2	3	4	5	9	3	-4.62124	-2.49953	-3.65585	-4.64154
291	1	4	2	2	6	3	17	-4.62717	-2.45643	-4.62152	-5.06662
292	9	2	4	62	4	5	6	-3.73068	-5.24896	-5.79175	-6.55814
293	2	1	12	3	2	1	5	-2.62928	-2.12079	-3.65869	-4.46371
294	2	1	5	3	2	5	5	-5.51999	-2.83465	-4.14055	-5.16231
295	2	1	5	3	2	5	5	-5.51999	-2.83465	-4.14055	-5.16231
296	2	4	1	2	2	1	5	-2.78637	-3.6732	-4.17359	-4.07942
297	2	4	1	2	2	1	5	-2.78637	-3.6732	-4.17359	-4.07942
298	2	1	21	3	2	1	5	-2.9384	-2.49431	-4.43389	-4.33303
299	32	39	30	82	104	324	17	-8.1226	-4.68729	-7.44772	-7.78115
300	2	1	12	3	2	1	5	-2.62928	-2.12079	-3.65869	-4.46371
301	4	7	10	4	1	7	1	-1.83985	-3.8846	-2.66746	-1.94283
302	1	4	2	2	6	3	5	-8.6505	-5.24591	-8.02589	-8.42716
303	2	1	21	3	2	1	5	-2.9384	-2.49431	-4.43389	-4.33303
304	4	7	10	4	42	51	1	-2.94202	-4.68766	-4.90761	-3.80781
305	2	4	1	2	7	1	5	-2.31889	-5.91661	-5.61948	-5.14294
306	7	21	5	62	4	61	44	-7.25298	-3.84213	-5.71047	-6.73663
307	104	7	10	4	1	7	1	-4.42337	-8.04264	-7.7912	-7.58688
308	9	25	2	10	22	3	6	-4.48416	-7.83781	-6.05765	-4.37085
309	2	4	2	2	6	3	17	-10.5038	-7.42896	-9.91126	-10.5239
310	2	4	1	2	7	1	5	-2.31889	-5.91661	-5.61948	-5.14294
311	129	66	30	82	189	47	17	-3.26104	-4.92397	-5.54153	-4.14923
312	33	39	30	82	104	173	68	-5.39032	-3.98999	-6.64581	-6.9076
313	2	1	12	3	2	1	5	-2.62928	-2.12079	-3.65869	-4.46371
314	2	1	1	3	2	1	5	-4.61792	-3.78794	-6.36543	-6.59271
315	7	21	5	62	4	61	44	-7.25298	-3.84213	-5.71047	-6.73663
316	2	1	21	3	2	1	5	-2.9384	-2.49431	-4.43389	-4.33303
317	4	7	10	4	1	7	1	-1.83985	-3.8846	-2.66746	-1.94283
318	10	2	107	62	120	76	1	-6.8633	-10.1073	-8.05863	-6.32752
319	4	7	10	4	1	7	1	-1.83985	-3.8846	-2.66746	-1.94283
320	2	1	12	3	2	1	5	-2.62928	-2.12079	-3.65869	-4.46371
321	2	1	5	3	2	3	5	-4.23829	-3.25503	-5.5241	-4.68204
322	4	7	10	4	1	7	1	-1.83985	-3.8846	-2.66746	-1.94283
323	2	1	12	88	2	1	5	-3.95576	-3.4348	-5.75552	-5.17373
324	4	7	10	4	42	7	1	-6.56797	-9.13623	-5.64027	-4.67447
325	4	7	10	4	42	51	1	-2.94202	-4.68766	-4.90761	-3.80781
326	2	1	21	3	2	1	5	-2.9384	-2.49431	-4.43389	-4.33303
327	2	1	12	3	2	1	5	-2.62928	-2.12079	-3.65869	-4.46371
328	4	7	10	4	1	7	1	-1.83985	-3.8846	-2.66746	-1.94283
329	2	4	1	2	7	1	5	-2.31889	-5.91661	-5.61948	-5.14294
330	4	7	10	4	1	7	1	-1.83985	-3.8846	-2.66746	-1.94283
331	2	1	12	3	2	1	5	-2.62928	-2.12079	-3.65869	-4.46371
332	4	7	10	4	1	7	1	-1.83985	-3.8846	-2.66746	-1.94283
333	4	7	10	4	1	7	1	-1.83985	-3.8846	-2.66746	-1.94283
334	1	4	2	2	6	3	17	-4.62717	-2.45643	-4.62152	-5.06662
335	2	4	1	2	2	1	5	-2.78637	-3.6732	-4.17359	-4.07942
336	4	7	10	4	1	7	1	-1.83985	-3.8846	-2.66746	-1.94283
337	7	17	2	15	23	3	12	-6.91663	-10.527	-10.3001	-10.0931
338	2	1	5	3	2	3	5	-4.23829	-3.25503	-5.5241	-4.68204
339	4	7	10	4	1	7	1	-1.83985	-3.8846	-2.66746	-1.94283
340	4	7	10	4	1	7	1	-1.83985	-3.8846	-2.66746	-1.94283
341	4	7	10	4	42	51	1	-2.94202	-4.68766	-4.90761	-3.80781
342	2	4	1	2	2	1	5	-2.78637	-3.6732	-4.17359	-4.07942
343	2	1	12	88	2	1	5	-3.95576	-3.4348	-5.75552	-5.17373
344	2	1	1	3	2	1	5	-4.61792	-3.78794	-6.36543	-6.59271
345	1	2	3	4	5	9	3	-4.62124	-2.49953	-3.65585	-4.64154
346	2	1	12	88	2	1	5	-3.95576	-3.4348	-5.75552	-5.17373
347	2	1	1	3	2	1	5	-4.61792	-3.78794	-6.36543	-6.59271
348	24	17	2	10	23	68	5	-9.22005	-5.78345	-8.54499	-8.87922
349	4	7	10	4	1	7	1	-1.83985	-3.8846	-2.66746	-1.94283
350	2	1	21	3	2	1	5	-2.9384	-2.49431	-4.43389	-4.33303
351	1	4	2	2	6	3	17	-4.62717	-2.45643	-4.62152	-5.06662
352	2	1	5	3	2	3	5	-4.23829	-3.25503	-5.5241	-4.68204
353	4	7	10	4	1	7	1	-1.83985	-3.8846	-2.66746	-1.94283
354	2	1	1	3	2	1	5	-4.61792	-3.78794	-6.36543	-6.59271
355	2	1	12	3	2	1	5	-2.62928	-2.12079	-3.65869	-4.46371
356	8	10	149	2	11	12	6	-4.88389	-3.98484	-5.70051	-6.61653
357	2	4	1	2	2	5	5	-6.80891	-6.4021	-8.78285	-9.03936
358	10	1	16	19	10	5	7	-6.11183	-2.75624	-4.24576	-4.90516
359	24	17	2	10	23	68	5	-9.22005	-5.78345	-8.54499	-8.87922
360	1	2	4	62	4	5	17	-6.10504	-4.85742	-7.49093	-7.74664
361	2	4	1	2	7	1	5	-2.31889	-5.91661	-5.61948	-5.14294
362	7	71	5	62	11	67	6	-28.8372	-26.9775	-27.5121	-28.3767
363	7	17	5	2	10	3	6	-24.9387	-23.8065	-23.373	-22.9068
364	2	1	5	3	2	3	5	-4.23829	-3.25503	-5.5241	-4.68204
365	9	2	4	62	4	5	6	-3.73068	-5.24896	-5.79175	-6.55814
366	33	38	30	82	104	325	36	-14.023	-10.5963	-12.5067	-12.4801
367	2	4	1	2	7	1	5	-2.31889	-5.91661	-5.61948	-5.14294
368	47	2	4	2	6	5	17	-11.0086	-12.6867	-6.23825	-8.45212
369	2	1	12	88	2	1	5	-3.95576	-3.4348	-5.75552	-5.17373
370	2	1	12	88	2	1	5	-3.95576	-3.4348	-5.75552	-5.17373
371	2	1	12	88	2	1	5	-3.95576	-3.4348	-5.75552	-5.17373
372	2	1	12	88	2	1	5	-3.95576	-3.4348	-5.75552	-5.17373
373	2	4	1	2	2	1	5	-2.78637	-3.6732	-4.17359	-4.07942
374	2	1	12	88	2	1	5	-3.95576	-3.4348	-5.75552	-5.17373
375	1	1	2	2	6	3	17	-9.66989	-6.10608	-8.88642	-9.41282
376	2	1	12	88	2	1	5	-3.95576	-3.4348	-5.75552	-5.17373
377	2	1	12	88	2	1	5	-3.95576	-3.4348	-5.75552	-5.17373
378	2	4	1	2	2	1	5	-2.78637	-3.6732	-4.17359	-4.07942
379	2	1	12	88	2	1	5	-3.95576	-3.4348	-5.75552	-5.17373
380	2	1	5	3	2	3	5	-4.23829	-3.25503	-5.5241	-4.68204
381	4	7	10	4	1	7	1	-1.83985	-3.8846	-2.66746	-1.94283
382	2	1	12	3	2	1	5	-2.62928	-2.12079	-3.65869	-4.46371
383	1	2	4	62	4	5	17	-6.10504	-4.85742	-7.49093	-7.74664
384	1	4	2	2	6	3	17	-4.62717	-2.45643	-4.62152	-5.06662
385	2	1	12	3	2	1	5	-2.62928	-2.12079	-3.65869	-4.46371
386	2	1	12	88	2	1	5	-3.95576	-3.4348	-5.75552	-5.17373
387	9	2	4	62	4	5	6	-3.73068	-5.24896	-5.79175	-6.55814
388	2	4	1	2	7	1	5	-2.31889	-5.91661	-5.61948	-5.14294
389	2	1	5	3	2	3	5	-4.23829	-3.25503	-5.5241	-4.68204
390	7	21	5	62	4	61	44	-7.25298	-3.84213	-5.71047	-6.73663
391	1	2	215	4	90	24	8	-30.0337	-28.3096	-23.1891	-21.782
392	2	1	21	3	2	1	5	-2.9384	-2.49431	-4.43389	-4.33303
393	1	4	2	2	6	3	17	-4.62717	-2.45643	-4.62152	-5.06662
394	2	4	1	2	2	1	5	-2.78637	-3.6732	-4.17359	-4.07942
395	2	1	12	3	2	1	5	-2.62928	-2.12079	-3.65869	-4.46371
396	1	2	3	4	5	9	3	-4.62124	-2.49953	-3.65585	-4.64154
397	2	1	5	3	2	3	5	-4.23829	-3.25503	-5.5241	-4.68204
398	10	1	16	19	10	5	7	-6.11183	-2.75624	-4.24576	-4.90516
399	2	1	2	3	2	959	5	-7.87607	-10.702	-10.3572	-9.83392
400	10	1	16	19	10	5	7	-6.11183	-2.75624	-4.24576	-4.90516
401	2	4	1	2	7	1	5	-2.31889	-5.91661	-5.61948	-5.14294
402	2	1	12	3	2	1	5	-2.62928	-2.12079	-3.65869	-4.46371
403	8	10	149	2	11	12	6	-4.88389	-3.98484	-5.70051	-6.61653
404	2	4	1	2	7	1	5	-2.31889	-5.91661	-5.61948	-5.14294
405	4	7	10	4	1	7	1	-1.83985	-3.8846	-2.66746	-1.94283
406	4	7	10	4	1	7	1	-1.83985	-3.8846	-2.66746	-1.94283
407	2	4	5	2	2	5	5	-3.68537	-7.25723	-6.77347	-5.87899
408	2	1	12	3	2	1	5	-2.62928	-2.12079	-3.65869	-4.46371
409	166	2	27	10	151	3	1	-31.2469	-32.3808	-27.728	-25.84
410	33	39	30	79	113	44	17	-25.3165	-23.7051	-24.3291	-26.7914
411	7	17	2	15	23	3	12	-6.91663	-10.527	-10.3001	-10.0931
412	1	2	3	4	5	9	3	-4.62124	-2.49953	-3.65585	-4.64154
413	2	4	1	2	7	1	5	-2.31889	-5.91661	-5.61948	-5.14294
414	7	21	5	62	4	61	44	-7.25298	-3.84213	-5.71047	-6.73663
415	2	1	12	3	2	1	5	-2.62928	-2.12079	-3.65869	-4.46371
416	1	2	3	4	5	9	3	-4.62124	-2.49953	-3.65585	-4.64154
417	2	1	5	88	2	11	5	-8.70314	-5.35648	-6.0876	-7.76344
418	2	4	1	2	7	1	5	-2.31889	-5.91661	-5.61948	-5.14294
419	2	1	21	3	2	1	5	-2.9384	-2.49431	-4.43389	-4.33303
420	7	17	2	15	23	3	12	-6.91663	-10.527	-10.3001	-10.0931
421	2	1	5	88	2	11	5	-8.70314	-5.35648	-6.0876	-7.76344
422	47	2	4	2	6	5	17	-11.0086	-12.6867	-6.23825	-8.45212
423	1	2	3	4	5	9	3	-4.62124	-2.49953	-3.65585	-4.64154
424	7	17	2	15	23	3	12	-6.91663	-10.527	-10.3001	-10.0931
425	2	4	1	2	2	1	5	-2.78637	-3.6732	-4.17359	-4.07942
426	2	4	1	2	2	1	5	-2.78637	-3.6732	-4.17359	-4.07942
427	2	4	1	2	2	1	5	-2.78637	-3.6732	-4.17359	-4.07942
428	2	1	12	3	2	1	5	-2.62928	-2.12079	-3.65869	-4.46371
429	2	4	5	2	2	5	5	-3.68537	-7.25723	-6.77347	-5.87899
430	2	1	21	3	2	1	5	-2.9384	-2.49431	-4.43389	-4.33303
431	4	7	10	4	42	25	1	-8.60463	-10.0013	-5.86005	-5.18717
432	1	4	2	2	6	3	17	-4.62717	-2.45643	-4.62152	-5.06662
433	1	2	215	4	923	24	8	-30.0337	-28.3096	-23.1891	-21.782
434	1	2	3	4	5	9	3	-4.62124	-2.49953	-3.65585	-4.64154
435	2	1	1	3	2	1	5	-4.61792	-3.78794	-6.36543	-6.59271
436	1	4	2	2	6	3	17	-4.62717	-2.45643	-4.62152	-5.06662
437	2	4	1	2	2	1	5	-2.78637	-3.6732	-4.17359	-4.07942
438	2	1	5	3	2	5	5	-5.51999	-2.83465	-4.14055	-5.16231
439	4	7	10	4	42	51	1	-2.94202	-4.68766	-4.90761	-3.80781
440	4	7	10	4	1	7	1	-1.83985	-3.8846	-2.66746	-1.94283
441	4	7	10	4	1	7	1	-1.83985	-3.8846	-2.66746	-1.94283
442	4	7	10	4	1	7	1	-1.83985	-3.8846	-2.66746	-1.94283
443	2	1	21	3	2	1	5	-2.9384	-2.49431	-4.43389	-4.33303
444	2	1	21	3	2	1	5	-2.9384	-2.49431	-4.43389	-4.33303
445	2	4	1	2	7	1	5	-2.31889	-5.91661	-5.61948	-5.14294
446	4	7	10	4	1	7	1	-1.83985	-3.8846	-2.66746	-1.94283
447	4	7	10	4	1	7	1	-1.83985	-3.8846	-2.66746	-1.94283
448	2	1	1	3	2	1	5	-4.61792	-3.78794	-6.36543	-6.59271
449	2	1	21	3	2	1	5	-2.9384	-2.49431	-4.43389	-4.33303
450	2	1	21	3	2	1	5	-2.9384	-2.49431	-4.43389	-4.33303
451	4	7	10	4	42	51	1	-2.94202	-4.68766	-4.90761	-3.80781
452	4	7	10	1	1	7	1	-5.285	-8.79951	-6.01463	-6.11792
453	239	27	16	19	10	5	7	-9.9162	-6.47908	-9.23886	-9.57349
454	2	1	12	3	2	1	5	-2.62928	-2.12079	-3.65869	-4.46371
455	2	4	1	2	2	1	5	-2.78637	-3.6732	-4.17359	-4.07942
456	2	1	12	3	2	1	5	-2.62928	-2.12079	-3.65869	-4.46371
457	2	1	12	3	2	1	5	-2.62928	-2.12079	-3.65869	-4.46371
458	10	81	50	99	120	76	52	-6.69883	-6.43696	-5.32775	-5.15844
459	47	2	4	2	6	5	17	-11.0086	-12.6867	-6.23825	-8.45212
460	2	4	1	3	2	1	5	-6.82274	-8.42852	-9.53204	-9.76486
461	4	7	10	4	1	7	1	-1.83985	-3.8846	-2.66746	-1.94283
462	2	1	1	380	2	1	5	-6.16398	-5.74169	-8.23379	-8.4046
463	2	4	1	2	7	1	5	-2.31889	-5.91661	-5.61948	-5.14294
464	2	1	12	88	2	1	5	-3.95576	-3.4348	-5.75552	-5.17373
465	7	71	5	62	11	67	1	-30.1976	-27.2402	-26.5038	-27.3116
466	2	4	1	2	7	1	5	-2.31889	-5.91661	-5.61948	-5.14294
467	4	7	10	4	1	7	1	-1.83985	-3.8846	-2.66746	-1.94283
468	2	1	1	380	2	1	5	-6.16398	-5.74169	-8.23379	-8.4046
469	2	4	1	2	2	1	5	-2.78637	-3.6732	-4.17359	-4.07942
470	2	1	12	3	2	1	5	-2.62928	-2.12079	-3.65869	-4.46371
471	1	14	2	2	6	1	17	-9.17688	-6.44964	-7.86914	-6.3127
472	1	2	4	62	4	5	17	-6.10504	-4.85742	-7.49093	-7.74664
473	4	7	10	4	1	7	1	-1.83985	-3.8846	-2.66746	-1.94283
474	2	1	21	3	2	1	5	-2.9384	-2.49431	-4.43389	-4.33303
475	2	4	1	2	2	1	5	-2.78637	-3.6732	-4.17359	-4.07942
476	1	4	2	2	6	3	17	-4.62717	-2.45643	-4.62152	-5.06662
477	4	7	10	4	1	7	1	-1.83985	-3.8846	-2.66746	-1.94283
478	10	2	107	62	120	76	1	-6.8633	-10.1073	-8.05863	-6.32752
479	2	1	12	3	2	1	5	-2.62928	-2.12079	-3.65869	-4.46371
480	2	1	5	3	2	3	5	-4.23829	-3.25503	-5.5241	-4.68204
481	2	1	21	3	2	1	5	-2.9384	-2.49431	-4.43389	-4.33303
482	1	2	3	4	5	9	3	-4.62124	-2.49953	-3.65585	-4.64154
483	1	307	3	4	5	9	3	-6.85135	-6.45385	-6.16158	-8.0303
484	7	2	5	2	10	3	6	-30.5238	-26.9444	-27.6179	-29.0681
485	1	2	3	4	5	9	3	-4.62124	-2.49953	-3.65585	-4.64154
486	33	39	30	82	104	173	68	-5.39032	-3.98999	-6.64581	-6.9076
487	4	7	10	4	42	7	1	-6.56797	-9.13623	-5.64027	-4.67447
488	2	1	12	88	2	1	5	-3.95576	-3.4348	-5.75552	-5.17373
489	2	4	1	2	2	1	5	-2.78637	-3.6732	-4.17359	-4.07942
490	2	1	21	3	2	1	5	-2.9384	-2.49431	-4.43389	-4.33303
491	9	2	4	62	4	5	6	-3.73068	-5.24896	-5.79175	-6.55814
492	2	1	5	3	2	3	5	-4.23829	-3.25503	-5.5241	-4.68204
493	4	7	10	4	1	7	1	-1.83985	-3.8846	-2.66746	-1.94283
494	2	1	57	26	127	29	35	-6.89428	-10.4039	-6.21677	-8.26324
495	2	1	57	26	127	29	35	-6.89428	-10.4039	-6.21677	-8.26324
496	2	4	2	4	19	3	6	-5.81184	-9.41688	-9.18937	-8.98485
497	2	1	12	3	2	1	5	-2.62928	-2.12079	-3.65869	-4.46371
498	2	4	1	2	2	1	5	-2.78637	-3.6732	-4.17359	-4.07942
499	2	4	1	2	2	1	5	-2.78637	-3.6732	-4.17359	-4.07942
500	2	1	21	3	2	1	5	-2.9384	-2.49431	-4.43389	-4.33303
501	33	39	65	79	104	43	17	-4.61304	-8.2241	-7.99653	-7.79052
502	1	14	2	2	6	1	17	-9.17688	-6.44964	-7.86914	-6.3127
503	2	1	12	3	2	1	5	-2.62928	-2.12079	-3.65869	-4.46371
504	7	21	5	62	4	61	44	-7.25298	-3.84213	-5.71047	-6.73663
505	9	2	4	62	4	5	6	-3.73068	-5.24896	-5.79175	-6.55814
506	129	66	30	82	189	47	17	-3.26104	-4.92397	-5.54153	-4.14923
507	2	1	21	3	2	1	5	-2.9384	-2.49431	-4.43389	-4.33303
508	47	2	4	2	6	5	17	-11.0086	-12.6867	-6.23825	-8.45212
509	2	4	1	2	7	1	5	-2.31889	-5.91661	-5.61948	-5.14294
510	33	38	30	82	104	325	36	-14.023	-10.5963	-12.5067	-12.4801
511	1	4	2	2	6	3	17	-4.62717	-2.45643	-4.62152	-5.06662
512	1	4	2	2	6	3	17	-4.62717	-2.45643	-4.62152	-5.06662
513	2	4	1	2	2	1	5	-2.78637	-3.6732	-4.17359	-4.07942
514	4	7	10	4	1	7	1	-1.83985	-3.8846	-2.66746	-1.94283
515	33	283	44	82	189	44	17	-6.85073	-3.48152	-5.47981	-5.70066
516	8	10	149	2	11	12	6	-4.88389	-3.98484	-5.70051	-6.61653
517	2	1	21	3	62	1	5	-5.80838	-9.39973	-9.186	-8.9859
518	10	1	16	19	10	5	7	-6.11183	-2.75624	-4.24576	-4.90516
519	180	194	2	68	19	231	147	-25.8473	-29.4897	-25.0221	-23.0171
520	2	4	1	2	7	1	5	-2.31889	-5.91661	-5.61948	-5.14294
521	2	4	2	2	6	1	5	-6.08827	-4.84082	-5.98087	-7.34096
522	1	2	3	4	5	9	3	-4.62124	-2.49953	-3.65585	-4.64154
523	2	1	21	3	2	1	5	-2.9384	-2.49431	-4.43389	-4.33303
524	2	1	12	3	2	1	5	-2.62928	-2.12079	-3.65869	-4.46371
525	2	1	5	3	2	3	5	-4.23829	-3.25503	-5.5241	-4.68204
526	1	307	3	4	5	9	3	-6.85135	-6.45385	-6.16158	-8.0303
527	2	4	1	2	7	1	5	-2.31889	-5.91661	-5.61948	-5.14294
528	2	1	12	3	2	1	5	-2.62928	-2.12079	-3.65869	-4.46371
529	7	21	5	62	4	61	44	-7.25298	-3.84213	-5.71047	-6.73663
530	2	1	5	3	2	3	5	-4.23829	-3.25503	-5.5241	-4.68204
531	2	1	12	88	2	1	5	-3.95576	-3.4348	-5.75552	-5.17373
532	2	1	21	3	2	1	5	-2.9384	-2.49431	-4.43389	-4.33303
533	1	4	2	2	6	3	17	-4.62717	-2.45643	-4.62152	-5.06662
534	2	4	1	2	7	1	5	-2.31889	-5.91661	-5.61948	-5.14294
535	47	2	4	2	6	5	17	-11.0086	-12.6867	-6.23825	-8.45212
536	1	4	2	2	6	3	17	-4.62717	-2.45643	-4.62152	-5.06662
537	1	2	3	4	5	9	3	-4.62124	-2.49953	-3.65585	-4.64154
538	2	4	1	2	2	1	5	-2.78637	-3.6732	-4.17359	-4.07942
539	4	7	10	4	42	7	1	-6.56797	-9.13623	-5.64027	-4.67447
540	2	4	1	9	2	1	5	-6.87984	-7.78693	-7.439	-6.98426
541	2	1	12	3	2	1	5	-2.62928	-2.12079	-3.65869	-4.46371
542	1	4	2	9	6	3	17	-8.72193	-6.52065	-7.85988	-7.94132
543	1	2	3	4	922	9	3	-8.7293	-6.61524	-6.92309	-7.54841
544	4	7	10	4	1	7	1	-1.83985	-3.8846	-2.66746	-1.94283
545	2	1	5	3	2	3	5	-4.23829	-3.25503	-5.5241	-4.68204
546	2	4	1	2	7	1	5	-2.31889	-5.91661	-5.61948	-5.14294
547	4	7	10	4	1	7	1	-1.83985	-3.8846	-2.66746	-1.94283
548	2	4	1	2	2	1	5	-2.78637	-3.6732	-4.17359	-4.07942
549	2	1	21	3	2	1	5	-2.9384	-2.49431	-4.43389	-4.33303
550	4	7	10	4	1	7	1	-1.83985	-3.8846	-2.66746	-1.94283
551	1	4	2	2	6	3	17	-4.62717	-2.45643	-4.62152	-5.06662
552	2	1	5	3	2	5	5	-5.51999	-2.83465	-4.14055	-5.16231
553	2	1	12	3	2	1	5	-2.62928	-2.12079	-3.65869	-4.46371
554	4	936	10	4	1	7	1	-5.943	-7.99797	-5.9081	-4.85089
555	180	194	2	68	19	231	147	-25.8473	-29.4897	-25.0221	-23.0171
556	4	7	10	4	42	51	1	-2.94202	-4.68766	-4.90761	-3.80781
557	4	7	10	4	42	25	1	-8.60463	-10.0013	-5.86005	-5.18717
558	2	1	21	3	2	1	5	-2.9384	-2.49431	-4.43389	-4.33303
559	2	1	5	3	2	3	5	-4.23829	-3.25503	-5.5241	-4.68204
560	2	1	5	3	2	3	5	-4.23829	-3.25503	-5.5241	-4.68204
561	4	7	10	4	42	51	1	-2.94202	-4.68766	-4.90761	-3.80781
562	4	7	10	4	1	7	1	-1.83985	-3.8846	-2.66746	-1.94283
563	2	4	1	2	7	1	5	-2.31889	-5.91661	-5.61948	-5.14294
564	2	1	21	3	2	1	5	-2.9384	-2.49431	-4.43389	-4.33303
565	1	4	2	2	6	3	17	-4.62717	-2.45643	-4.62152	-5.06662
566	188	313	5	2	89	5	6	-39.1646	-35.456	-36.2593	-39.3585
567	2	1	21	3	2	1	5	-2.9384	-2.49431	-4.43389	-4.33303
568	2	1	1	3	2	1	5	-4.61792	-3.78794	-6.36543	-6.59271
569	2	1	5	3	2	3	5	-4.23829	-3.25503	-5.5241	-4.68204
570	2	4	1	2	2	1	5	-2.78637	-3.6732	-4.17359	-4.07942
571	2	1	5	3	2	3	5	-4.23829	-3.25503	-5.5241	-4.68204
572	2	1	1	3	2	1	5	-4.61792	-3.78794	-6.36543	-6.59271
573	2	1	5	3	2	3	5	-4.23829	-3.25503	-5.5241	-4.68204
574	1	4	2	2	6	3	17	-4.62717	-2.45643	-4.62152	-5.06662
575	1	4	2	2	6	3	17	-4.62717	-2.45643	-4.62152	-5.06662
576	2	1	21	3	2	1	5	-2.9384	-2.49431	-4.43389	-4.33303
577	239	27	16	19	10	5	7	-9.9162	-6.47908	-9.23886	-9.57349
578	2	4	5	2	2	5	5	-3.68537	-7.25723	-6.77347	-5.87899
579	9	2	4	62	4	5	6	-3.73068	-5.24896	-5.79175	-6.55814
580	2	1	1	3	2	1	5	-4.61792	-3.78794	-6.36543	-6.59271
581	2	1	5	3	2	3	5	-4.23829	-3.25503	-5.5241	-4.68204
582	1	4	2	2	6	3	17	-4.62717	-2.45643	-4.62152	-5.06662
583	2	4	5	2	2	5	5	-3.68537	-7.25723	-6.77347	-5.87899
584	2	4	5	2	2	5	5	-3.68537	-7.25723	-6.77347	-5.87899
585	2	1	5	3	2	3	5	-4.23829	-3.25503	-5.5241	-4.68204
586	2	1	1	380	2	1	5	-6.16398	-5.74169	-8.23379	-8.4046
587	2	7	10	4	1	7	1	-6.51682	-8.68321	-7.86412	-7.3419
588	2	1	12	3	2	1	5	-2.62928	-2.12079	-3.65869	-4.46371
589	2	4	1	2	2	1	5	-2.78637	-3.6732	-4.17359	-4.07942
590	9	2	4	62	4	5	6	-3.73068	-5.24896	-5.79175	-6.55814
591	2	4	5	2	2	5	5	-3.68537	-7.25723	-6.77347	-5.87899
592	1	4	2	2	6	3	17	-4.62717	-2.45643	-4.62152	-5.06662
593	1	4	2	2	6	5	17	-12.4975	-8.48703	-11.2705	-13.0865
594	2	4	2	2	6	1	5	-6.08827	-4.84082	-5.98087	-7.34096
595	1	4	2	2	6	5	17	-12.4975	-8.48703	-11.2705	-13.0865
596	2	23	21	3	2	1	5	-7.04774	-6.61582	-7.70342	-7.24139
597	7	21	5	62	4	61	44	-7.25298	-3.84213	-5.71047	-6.73663
598	2	4	1	2	2	1	5	-2.78637	-3.6732	-4.17359	-4.07942
599	1	307	3	4	5	9	3	-6.85135	-6.45385	-6.16158	-8.0303
600	1	2	3	4	5	9	3	-4.62124	-2.49953	-3.65585	-4.64154
601	9	2	4	62	4	5	6	-3.73068	-5.24896	-5.79175	-6.55814
602	2	1	12	3	2	1	5	-2.62928	-2.12079	-3.65869	-4.46371
603	1	4	2	2	6	3	17	-4.62717	-2.45643	-4.62152	-5.06662
604	10	1	16	19	10	5	7	-6.11183	-2.75624	-4.24576	-4.90516
605	2	1	12	3	2	1	5	-2.62928	-2.12079	-3.65869	-4.46371
606	180	194	2	68	19	231	147	-25.8473	-29.4897	-25.0221	-23.0171
607	2	1	12	3	2	1	5	-2.62928	-2.12079	-3.65869	-4.46371
608	4	7	10	4	1	7	1	-1.83985	-3.8846	-2.66746	-1.94283
609	129	66	30	82	189	47	17	-3.26104	-4.92397	-5.54153	-4.14923
610	4	7	10	4	1	7	1	-1.83985	-3.8846	-2.66746	-1.94283
611	2	1	12	3	2	1	5	-2.62928	-2.12079	-3.65869	-4.46371
612	2	1	21	3	2	1	5	-2.9384	-2.49431	-4.43389	-4.33303
613	4	7	10	4	1	7	1	-1.83985	-3.8846	-2.66746	-1.94283
614	10	1	16	19	10	5	7	-6.11183	-2.75624	-4.24576	-4.90516
615	8	10	149	2	11	12	6	-4.88389	-3.98484	-5.70051	-6.61653
616	129	66	30	82	189	47	17	-3.26104	-4.92397	-5.54153	-4.14923
617	2	4	1	2	2	1	5	-2.78637	-3.6732	-4.17359	-4.07942
618	180	194	2	68	19	231	147	-25.8473	-29.4897	-25.0221	-23.0171
619	2	1	5	3	2	3	5	-4.23829	-3.25503	-5.5241	-4.68204
620	2	4	1	2	2	1	5	-2.78637	-3.6732	-4.17359	-4.07942
621	1	2	3	4	5	9	3	-4.62124	-2.49953	-3.65585	-4.64154
622	180	194	2	68	19	231	147	-25.8473	-29.4897	-25.0221	-23.0171
623	33	39	65	79	104	43	17	-4.61304	-8.2241	-7.99653	-7.79052
624	2	4	5	2	2	5	5	-3.68537	-7.25723	-6.77347	-5.87899
625	2	1	5	3	2	5	5	-5.51999	-2.83465	-4.14055	-5.16231
626	2	1	12	3	2	1	5	-2.62928	-2.12079	-3.65869	-4.46371
627	180	194	2	68	19	231	147	-25.8473	-29.4897	-25.0221	-23.0171
628	2	1	21	3	2	1	5	-2.9384	-2.49431	-4.43389	-4.33303
629	2	1	5	3	2	5	5	-5.51999	-2.83465	-4.14055	-5.16231
630	2	1	21	3	2	1	5	-2.9384	-2.49431	-4.43389	-4.33303
631	1	2	3	4	5	9	3	-4.62124	-2.49953	-3.65585	-4.64154
632	2	1	21	3	2	1	5	-2.9384	-2.49431	-4.43389	-4.33303
633	8	10	2	2	11	12	6	-3.9692	-7.49922	-7.34983	-7.1467
634	2	4	1	2	7	1	5	-2.31889	-5.91661	-5.61948	-5.14294
635	2	1	5	3	2	3	5	-4.23829	-3.25503	-5.5241	-4.68204
636	1	2	3	4	5	9	3	-4.62124	-2.49953	-3.65585	-4.64154
637	9	2	4	62	4	5	6	-3.73068	-5.24896	-5.79175	-6.55814
638	2	1	21	3	2	1	5	-2.9384	-2.49431	-4.43389	-4.33303
639	8	10	149	2	11	12	6	-4.88389	-3.98484	-5.70051	-6.61653
640	2	1	12	88	2	1	5	-3.95576	-3.4348	-5.75552	-5.17373
641	2	4	1	2	2	1	5	-2.78637	-3.6732	-4.17359	-4.07942
642	2	1	5	10	10	1	5	-22.938	-22.5969	-22.5085	-23.7549
643	1	2	3	4	5	9	3	-4.62124	-2.49953	-3.65585	-4.64154
644	2	4	1	2	7	1	5	-2.31889	-5.91661	-5.61948	-5.14294
645	2	4	1	2	2	1	5	-2.78637	-3.6732	-4.17359	-4.07942
646	1	2	3	4	5	9	3	-4.62124	-2.49953	-3.65585	-4.64154
647	2	1	12	88	2	1	5	-3.95576	-3.4348	-5.75552	-5.17373
648	4	7	10	4	1	7	1	-1.83985	-3.8846	-2.66746	-1.94283
649	2	1	21	3	2	1	5	-2.9384	-2.49431	-4.43389	-4.33303
650	2	4	1	2	7	1	5	-2.31889	-5.91661	-5.61948	-5.14294
651	33	38	30	82	118	43	17	-19.5763	-18.7835	-20.5902	-21.3835
652	2	4	1	2	2	1	5	-2.78637	-3.6732	-4.17359	-4.07942
653	2	1	5	3	2	3	5	-4.23829	-3.25503	-5.5241	-4.68204
654	4	7	10	4	1	7	1	-1.83985	-3.8846	-2.66746	-1.94283
655	8	10	2	2	11	12	6	-3.9692	-7.49922	-7.34983	-7.1467
656	2	4	5	2	2	5	5	-3.68537	-7.25723	-6.77347	-5.87899
657	4	7	10	4	1	7	1	-1.83985	-3.8846	-2.66746	-1.94283
658	2	1	5	3	2	3	5	-4.23829	-3.25503	-5.5241	-4.68204
659	33	39	30	82	113	47	17	-5.78374	-5.7592	-8.126	-8.24141
660	2	1	21	3	2	1	5	-2.9384	-2.49431	-4.43389	-4.33303
661	2	4	1	2	7	1	5	-2.31889	-5.91661	-5.61948	-5.14294
662	2	1	1	3	2	1	5	-4.61792	-3.78794	-6.36543	-6.59271
663	4	7	10	4	1	7	1	-1.83985	-3.8846	-2.66746	-1.94283
664	7	21	5	62	4	61	44	-7.25298	-3.84213	-5.71047	-6.73663
665	10	81	50	99	120	76	52	-6.69883	-6.43696	-5.32775	-5.15844
666	4	7	10	4	1	7	1	-1.83985	-3.8846	-2.66746	-1.94283
667	1	2	3	4	5	9	3	-4.62124	-2.49953	-3.65585	-4.64154
668	1	2	3	4	5	9	3	-4.62124	-2.49953	-3.65585	-4.64154
669	2	4	1	2	7	1	5	-2.31889	-5.91661	-5.61948	-5.14294
670	4	7	10	4	1	7	1	-1.83985	-3.8846	-2.66746	-1.94283
671	2	1	5	3	2	3	5	-4.23829	-3.25503	-5.5241	-4.68204
672	1	4	2	2	6	3	17	-4.62717	-2.45643	-4.62152	-5.06662
673	4	935	10	4	1	7	1	-5.943	-7.99797	-5.9081	-4.85089
674	10	1	16	19	10	5	7	-6.11183	-2.75624	-4.24576	-4.90516
675	4	7	10	4	1	7	1	-1.83985	-3.8846	-2.66746	-1.94283
676	33	39	65	79	104	43	17	-4.61304	-8.2241	-7.99653	-7.79052
677	2	4	2	2	6	1	5	-6.08827	-4.84082	-5.98087	-7.34096
678	4	7	10	4	42	25	1	-8.60463	-10.0013	-5.86005	-5.18717
679	1	4	2	2	6	3	17	-4.62717	-2.45643	-4.62152	-5.06662
680	4	7	10	4	42	25	1	-8.60463	-10.0013	-5.86005	-5.18717
681	4	7	10	4	42	25	1	-8.60463	-10.0013	-5.86005	-5.18717
682	4	7	10	4	1	7	1	-1.83985	-3.8846	-2.66746	-1.94283
683	2	4	1	2	7	1	5	-2.31889	-5.91661	-5.61948	-5.14294
684	4	7	10	4	1	7	1	-1.83985	-3.8846	-2.66746	-1.94283
685	4	7	10	4	42	7	1	-6.56797	-9.13623	-5.64027	-4.67447
686	10	27	16	19	10	5	7	-19.8436	-12.5705	-15.8715	-16.694
687	10	81	50	99	120	76	52	-6.69883	-6.43696	-5.32775	-5.15844
688	4	7	10	4	1	7	1	-1.83985	-3.8846	-2.66746	-1.94283
689	4	7	10	4	42	51	1	-2.94202	-4.68766	-4.90761	-3.80781
690	4	7	10	4	1	7	1	-1.83985	-3.8846	-2.66746	-1.94283
691	10	81	50	99	120	76	52	-6.69883	-6.43696	-5.32775	-5.15844
692	2	4	1	2	2	1	5	-2.78637	-3.6732	-4.17359	-4.07942
693	4	7	10	4	42	51	1	-2.94202	-4.68766	-4.90761	-3.80781
694	4	7	10	4	42	51	1	-2.94202	-4.68766	-4.90761	-3.80781
695	4	7	10	4	42	51	1	-2.94202	-4.68766	-4.90761	-3.80781
696	8	10	2	2	11	12	6	-3.9692	-7.49922	-7.34983	-7.1467
697	33	38	30	82	104	43	17	-5.306	-8.91568	-8.68809	-8.47959
698	4	7	10	4	1	7	1	-1.83985	-3.8846	-2.66746	-1.94283
699	10	81	50	99	120	76	52	-6.69883	-6.43696	-5.32775	-5.15844
700	2	4	1	2	7	1	5	-2.31889	-5.91661	-5.61948	-5.14294
701	4	7	10	4	1	7	1	-1.83985	-3.8846	-2.66746	-1.94283
702	4	7	10	4	1	7	1	-1.83985	-3.8846	-2.66746	-1.94283
703	10	81	50	99	120	76	52	-6.69883	-6.43696	-5.32775	-5.15844
704	4	7	10	4	42	51	1	-2.94202	-4.68766	-4.90761	-3.80781
705	9	2	4	62	4	5	6	-3.73068	-5.24896	-5.79175	-6.55814
706	4	7	10	4	1	7	1	-1.83985	-3.8846	-2.66746	-1.94283
707	2	1	1	3	2	1	5	-4.61792	-3.78794	-6.36543	-6.59271
708	1	14	2	2	6	1	17	-9.17688	-6.44964	-7.86914	-6.3127
709	2	4	2	2	6	1	5	-6.08827	-4.84082	-5.98087	-7.34096
710	2	4	2	2	6	1	5	-6.08827	-4.84082	-5.98087	-7.34096
711	4	7	10	4	42	51	1	-2.94202	-4.68766	-4.90761	-3.80781
712	10	2	107	62	120	76	1	-6.8633	-10.1073	-8.05863	-6.32752
713	2	1	12	3	2	1	5	-2.62928	-2.12079	-3.65869	-4.46371
714	2	4	1	2	2	1	5	-2.78637	-3.6732	-4.17359	-4.07942
715	47	2	4	2	6	5	17	-11.0086	-12.6867	-6.23825	-8.45212
716	4	7	10	4	42	5	1	-10.7839	-10.6997	-10.9398	-11.3196
717	2	1	12	3	2	1	5	-2.62928	-2.12079	-3.65869	-4.46371
718	4	7	10	4	42	51	1	-2.94202	-4.68766	-4.90761	-3.80781
719	1	307	3	4	5	9	3	-6.85135	-6.45385	-6.16158	-8.0303
720	2	1	21	3	2	1	5	-2.9384	-2.49431	-4.43389	-4.33303
721	4	7	10	4	1	7	1	-1.83985	-3.8846	-2.66746	-1.94283
722	2	4	1	2	2	1	5	-2.78637	-3.6732	-4.17359	-4.07942
723	2	1	12	3	2	1	5	-2.62928	-2.12079	-3.65869	-4.46371
724	4	7	10	4	1	7	1	-1.83985	-3.8846	-2.66746	-1.94283
725	2	1	21	3	2	1	5	-2.9384	-2.49431	-4.43389	-4.33303
726	2	1	1	3	2	1	5	-4.61792	-3.78794	-6.36543	-6.59271
727	4	7	10	4	1	7	1	-1.83985	-3.8846	-2.66746	-1.94283
728	2	1	12	3	2	1	5	-2.62928	-2.12079	-3.65869	-4.46371
729	1	4	3	2	6	3	17	-14.177	-8.97283	-11.5467	-13.5211
730	2	1	12	3	2	1	5	-2.62928	-2.12079	-3.65869	-4.46371
731	2	1	12	88	2	1	5	-3.95576	-3.4348	-5.75552	-5.17373
732	1	4	2	2	6	3	17	-4.62717	-2.45643	-4.62152	-5.06662
733	4	7	10	4	42	51	1	-2.94202	-4.68766	-4.90761	-3.80781
734	2	1	12	3	2	1	5	-2.62928	-2.12079	-3.65869	-4.46371
735	4	7	10	4	1	7	1	-1.83985	-3.8846	-2.66746	-1.94283
736	2	1	12	88	2	1	5	-3.95576	-3.4348	-5.75552	-5.17373
737	2	1	21	3	2	1	5	-2.9384	-2.49431	-4.43389	-4.33303
738	2	4	5	2	2	5	5	-3.68537	-7.25723	-6.77347	-5.87899
739	2	4	5	2	2	5	5	-3.68537	-7.25723	-6.77347	-5.87899
740	2	1	21	3	62	1	5	-5.80838	-9.39973	-9.186	-8.9859
741	4	7	10	4	42	25	1	-8.60463	-10.0013	-5.86005	-5.18717
742	1	2	4	62	4	5	17	-6.10504	-4.85742	-7.49093	-7.74664
743	1	2	3	4	5	9	3	-4.62124	-2.49953	-3.65585	-4.64154
744	8	10	2	2	11	12	6	-3.9692	-7.49922	-7.34983	-7.1467
745	2	1	12	88	2	1	5	-3.95576	-3.4348	-5.75552	-5.17373
746	2	4	5	2	2	5	5	-3.68537	-7.25723	-6.77347	-5.87899
747	2	1	12	3	2	1	5	-2.62928	-2.12079	-3.65869	-4.46371
748	7	21	5	62	4	61	44	-7.25298	-3.84213	-5.71047	-6.73663
749	9	2	4	62	4	5	6	-3.73068	-5.24896	-5.79175	-6.55814
750	10	1	16	19	10	5	7	-6.11183	-2.75624	-4.24576	-4.90516
751	10	1	16	19	10	5	7	-6.11183	-2.75624	-4.24576	-4.90516
752	8	10	2	2	11	12	6	-3.9692	-7.49922	-7.34983	-7.1467
753	1	4	2	2	6	3	17	-4.62717	-2.45643	-4.62152	-5.06662
754	2	1	12	3	2	1	5	-2.62928	-2.12079	-3.65869	-4.46371
755	2	1	12	88	2	1	5	-3.95576	-3.4348	-5.75552	-5.17373
756	2	29	4	27	10	25	57	-19.5151	-21.8415	-14.4574	-12.2595
757	2	1	5	3	2	3	5	-4.23829	-3.25503	-5.5241	-4.68204
758	2	1	12	3	2	1	5	-2.62928	-2.12079	-3.65869	-4.46371
759	37	52	57	26	107	29	23	-8.37796	-9.73949	-5.78153	-4.92645
760	2	4	1	2	7	1	5	-2.31889	-5.91661	-5.61948	-5.14294
761	1	2	3	4	5	9	3	-4.62124	-2.49953	-3.65585	-4.64154
762	2	1	12	3	2	1	5	-2.62928	-2.12079	-3.65869	-4.46371
763	1	4	2	2	6	3	17	-4.62717	-2.45643	-4.62152	-5.06662
764	1	4	2	2	6	3	17	-4.62717	-2.45643	-4.62152	-5.06662
765	1	2	3	4	5	9	3	-4.62124	-2.49953	-3.65585	-4.64154
766	4	7	10	4	1	7	1	-1.83985	-3.8846	-2.66746	-1.94283
767	2	1	21	3	2	1	5	-2.9384	-2.49431	-4.43389	-4.33303
768	2	1	12	3	2	1	5	-2.62928	-2.12079	-3.65869	-4.46371
769	2	4	1	2	2	5	5	-6.80891	-6.4021	-8.78285	-9.03936
770	2	4	1	2	2	1	5	-2.78637	-3.6732	-4.17359	-4.07942
771	2	4	5	2	2	5	5	-3.68537	-7.25723	-6.77347	-5.87899
772	10	1	16	19	10	5	7	-6.11183	-2.75624	-4.24576	-4.90516
773	7	21	5	62	4	61	44	-7.25298	-3.84213	-5.71047	-6.73663
774	9	2	4	62	4	5	6	-3.73068	-5.24896	-5.79175	-6.55814
775	2	1	12	3	2	1	5	-2.62928	-2.12079	-3.65869	-4.46371
776	1	4	2	2	6	3	17	-4.62717	-2.45643	-4.62152	-5.06662
777	4	7	10	4	1	7	1	-1.83985	-3.8846	-2.66746	-1.94283
778	2	1	12	3	2	1	5	-2.62928	-2.12079	-3.65869	-4.46371
779	2	1	5	3	2	5	5	-5.51999	-2.83465	-4.14055	-5.16231
780	2	23	21	3	2	1	5	-7.04774	-6.61582	-7.70342	-7.24139
781	2	4	5	2	2	5	5	-3.68537	-7.25723	-6.77347	-5.87899
782	2	4	2	2	6	1	5	-6.08827	-4.84082	-5.98087	-7.34096
783	2	1	12	3	2	1	5	-2.62928	-2.12079	-3.65869	-4.46371
784	4	7	10	4	42	51	1	-2.94202	-4.68766	-4.90761	-3.80781
785	7	17	5	2	86	232	1	-28.5128	-32.1822	-28.1287	-26.4938
786	2	4	1	2	2	1	5	-2.78637	-3.6732	-4.17359	-4.07942
787	2	1	12	3	2	1	5	-2.62928	-2.12079	-3.65869	-4.46371
788	2	1	21	3	2	1	5	-2.9384	-2.49431	-4.43389	-4.33303
789	7	17	2	15	23	3	12	-6.91663	-10.527	-10.3001	-10.0931
790	2	1	5	3	2	5	5	-5.51999	-2.83465	-4.14055	-5.16231
791	1	6	60	24	12	28	1	-29.643	-32.0537	-21.607	-20.8231
792	1	2	3	4	5	9	3	-4.62124	-2.49953	-3.65585	-4.64154
793	2	4	5	2	2	5	5	-3.68537	-7.25723	-6.77347	-5.87899
794	1	2	3	4	5	9	3	-4.62124	-2.49953	-3.65585	-4.64154
795	1	6	60	24	12	28	1	-29.643	-32.0537	-21.607	-20.8231
796	9	2	4	62	4	5	6	-3.73068	-5.24896	-5.79175	-6.55814
797	2	4	1	2	2	1	5	-2.78637	-3.6732	-4.17359	-4.07942
798	4	7	10	4	1	7	1	-1.83985	-3.8846	-2.66746	-1.94283
799	2	4	5	2	2	5	5	-3.68537	-7.25723	-6.77347	-5.87899
800	7	2	2	2	11	12	6	-4.51585	-8.1258	-7.8986	-7.69346
801	2	1	21	3	2	1	941	-7.0481	-6.59649	-7.69514	-7.23578
802	9	2	2	10	10	3	5	-28.9967	-24.4245	-25.2895	-25.7406
803	8	10	149	2	11	12	6	-4.88389	-3.98484	-5.70051	-6.61653
804	7	1	5	2	10	3	6	-31.5232	-28.5549	-29.0705	-29.2576
805	2	1	21	3	2	1	5	-2.9384	-2.49431	-4.43389	-4.33303
806	33	39	30	82	113	43	17	-9.53252	-6.47309	-6.19405	-8.17128
807	1	6	60	24	12	28	1	-29.643	-32.0537	-21.607	-20.8231
808	1	6	60	24	12	28	1	-29.643	-32.0537	-21.607	-20.8231
809	7	17	2	15	23	3	12	-6.91663	-10.527	-10.3001	-10.0931
810	1	4	2	2	6	3	17	-4.62717	-2.45643	-4.62152	-5.06662
811	1	4	2	2	6	3	17	-4.62717	-2.45643	-4.62152	-5.06662
812	7	21	5	62	4	61	44	-7.25298	-3.84213	-5.71047	-6.73663
813	239	27	16	19	10	5	7	-9.9162	-6.47908	-9.23886	-9.57349
814	9	2	4	62	4	5	6	-3.73068	-5.24896	-5.79175	-6.55814
815	10	1	16	19	10	5	7	-6.11183	-2.75624	-4.24576	-4.90516
816	2	1	5	3	2	5	5	-5.51999	-2.83465	-4.14055	-5.16231
817	2	4	5	2	2	5	5	-3.68537	-7.25723	-6.77347	-5.87899
818	8	10	2	2	11	12	6	-3.9692	-7.49922	-7.34983	-7.1467
819	7	17	2	15	23	3	12	-6.91663	-10.527	-10.3001	-10.0931
820	2	4	1	4	1	1	5	-15.0208	-17.5877	-15.1824	-15.3527
821	4	7	10	4	1	7	1	-1.83985	-3.8846	-2.66746	-1.94283
822	8	10	149	2	11	12	6	-4.88389	-3.98484	-5.70051	-6.61653
823	2	1	12	88	2	1	5	-3.95576	-3.4348	-5.75552	-5.17373
824	2	4	2	2	6	1	5	-6.08827	-4.84082	-5.98087	-7.34096
825	10	81	50	99	120	76	52	-6.69883	-6.43696	-5.32775	-5.15844
826	2	4	5	2	2	5	5	-3.68537	-7.25723	-6.77347	-5.87899
827	2	4	1	2	2	5	5	-6.80891	-6.4021	-8.78285	-9.03936
828	8	10	149	2	11	12	6	-4.88389	-3.98484	-5.70051	-6.61653
829	1	4	2	2	6	3	17	-4.62717	-2.45643	-4.62152	-5.06662
830	2	165	73	147	220	190	104	-8.73769	-10.0737	-7.07462	-5.25292
831	4	7	10	4	42	25	1	-8.60463	-10.0013	-5.86005	-5.18717
832	7	2	2	2	11	12	6	-4.51585	-8.1258	-7.8986	-7.69346
833	1	6	60	24	12	28	1	-29.643	-32.0537	-21.607	-20.8231
834	2	1	12	3	2	1	5	-2.62928	-2.12079	-3.65869	-4.46371
835	33	39	65	79	104	77	17	-5.30591	-8.91636	-8.68978	-8.48355
836	4	7	10	4	1	7	1	-1.83985	-3.8846	-2.66746	-1.94283
837	1	2	3	4	5	9	3	-4.62124	-2.49953	-3.65585	-4.64154
838	2	1	21	3	2	1	5	-2.9384	-2.49431	-4.43389	-4.33303
839	2	1	12	3	2	1	5	-2.62928	-2.12079	-3.65869	-4.46371
840	4	7	10	4	1	7	1	-1.83985	-3.8846	-2.66746	-1.94283
841	2	4	1	2	7	1	5	-2.31889	-5.91661	-5.61948	-5.14294
842	184	39	30	82	113	43	17	-3.96825	-6.19276	-7.21286	-7.0634
843	4	7	10	4	1	7	1	-1.83985	-3.8846	-2.66746	-1.94283
844	2	4	1	2	2	1	5	-2.78637	-3.6732	-4.17359	-4.07942
845	4	7	10	4	1	7	1	-1.83985	-3.8846	-2.66746	-1.94283
846	2	1	12	88	2	1	5	-3.95576	-3.4348	-5.75552	-5.17373
847	2	1	21	3	2	1	5	-2.9384	-2.49431	-4.43389	-4.33303
848	1	2	3	4	5	9	3	-4.62124	-2.49953	-3.65585	-4.64154
849	4	7	10	4	1	7	1	-1.83985	-3.8846	-2.66746	-1.94283
850	2	1	21	3	2	1	5	-2.9384	-2.49431	-4.43389	-4.33303
851	8	10	2	2	11	12	6	-3.9692	-7.49922	-7.34983	-7.1467
852	2	4	1	2	2	1	5	-2.78637	-3.6732	-4.17359	-4.07942
853	2	4	1	2	2	1	5	-2.78637	-3.6732	-4.17359	-4.07942
854	2	4	2	2	6	1	5	-6.08827	-4.84082	-5.98087	-7.34096
855	2	4	1	2	2	1	5	-2.78637	-3.6732	-4.17359	-4.07942
856	2	4	1	2	2	1	5	-2.78637	-3.6732	-4.17359	-4.07942
857	2	4	1	2	2	1	5	-2.78637	-3.6732	-4.17359	-4.07942
858	1	2	3	4	5	9	3	-4.62124	-2.49953	-3.65585	-4.64154
859	2	4	1	2	2	1	5	-2.78637	-3.6732	-4.17359	-4.07942
860	2	4	1	2	2	1	5	-2.78637	-3.6732	-4.17359	-4.07942
861	8	10	2	2	11	12	6	-3.9692	-7.49922	-7.34983	-7.1467
862	2	1	5	3	2	3	5	-4.23829	-3.25503	-5.5241	-4.68204
863	33	39	30	82	104	173	68	-5.39032	-3.98999	-6.64581	-6.9076
864	2	4	1	2	7	1	5	-2.31889	-5.91661	-5.61948	-5.14294
865	8	10	2	2	11	12	6	-3.9692	-7.49922	-7.34983	-7.1467
866	2	4	1	2	7	1	5	-2.31889	-5.91661	-5.61948	-5.14294
867	1	2	3	4	5	9	3	-4.62124	-2.49953	-3.65585	-4.64154
868	1	2	215	4	90	24	8	-30.0337	-28.3096	-23.1891	-21.782
869	2	1	1	3	2	1	5	-4.61792	-3.78794	-6.36543	-6.59271
870	10	81	50	99	120	76	52	-6.69883	-6.43696	-5.32775	-5.15844
871	2	4	1	2	7	1	5	-2.31889	-5.91661	-5.61948	-5.14294
872	2	1	12	3	2	1	5	-2.62928	-2.12079	-3.65869	-4.46371
873	2	4	1	2	2	1	5	-2.78637	-3.6732	-4.17359	-4.07942
874	2	4	1	2	2	1	5	-2.78637	-3.6732	-4.17359	-4.07942
875	2	4	1	2	2	1	5	-2.78637	-3.6732	-4.17359	-4.07942
876	2	1	5	3	2	3	5	-4.23829	-3.25503	-5.5241	-4.68204
877	2	4	1	2	2	1	5	-2.78637	-3.6732	-4.17359	-4.07942
878	4	7	10	4	1	7	1	-1.83985	-3.8846	-2.66746	-1.94283
879	2	4	1	2	7	1	5	-2.31889	-5.91661	-5.61948	-5.14294
880	2	4	5	2	2	5	5	-3.68537	-7.25723	-6.77347	-5.87899
881	2	4	1	2	2	1	5	-2.78637	-3.6732	-4.17359	-4.07942
882	8	10	2	2	11	12	6	-3.9692	-7.49922	-7.34983	-7.1467
883	4	7	10	4	1	7	1	-1.83985	-3.8846	-2.66746	-1.94283
884	2	4	1	2	2	1	5	-2.78637	-3.6732	-4.17359	-4.07942
885	166	2	1	10	17	3	1	-33.8829	-35.245	-31.676	-30.6586
886	2	4	1	2	7	1	5	-2.31889	-5.91661	-5.61948	-5.14294
887	2	4	1	2	2	1	5	-2.78637	-3.6732	-4.17359	-4.07942
888	4	7	10	4	1	7	1	-1.83985	-3.8846	-2.66746	-1.94283
889	4	7	10	4	1	7	1	-1.83985	-3.8846	-2.66746	-1.94283
890	2	4	1	2	7	1	5	-2.31889	-5.91661	-5.61948	-5.14294
891	2	4	1	2	2	1	5	-2.78637	-3.6732	-4.17359	-4.07942
892	2	1	5	3	2	3	5	-4.23829	-3.25503	-5.5241	-4.68204
893	9	25	2	10	22	3	6	-4.48416	-7.83781	-6.05765	-4.37085
894	2	1	21	3	62	1	5	-5.80838	-9.39973	-9.186	-8.9859
895	129	66	30	82	189	47	17	-3.26104	-4.92397	-5.54153	-4.14923
896	129	66	30	82	189	47	17	-3.26104	-4.92397	-5.54153	-4.14923
897	4	7	10	4	1	7	1	-1.83985	-3.8846	-2.66746	-1.94283
898	2	4	1	2	2	1	5	-2.78637	-3.6732	-4.17359	-4.07942
899	4	7	10	4	42	7	1	-6.56797	-9.13623	-5.64027	-4.67447
900	2	4	1	2	7	1	5	-2.31889	-5.91661	-5.61948	-5.14294
901	1	307	3	4	5	9	3	-6.85135	-6.45385	-6.16158	-8.0303
902	2	1	21	3	2	1	5	-2.9384	-2.49431	-4.43389	-4.33303
903	4	7	10	4	1	7	1	-1.83985	-3.8846	-2.66746	-1.94283
904	2	1	21	3	2	1	5	-2.9384	-2.49431	-4.43389	-4.33303
905	2	4	1	2	2	5	5	-6.80891	-6.4021	-8.78285	-9.03936
906	2	4	1	2	7	1	5	-2.31889	-5.91661	-5.61948	-5.14294
907	2	4	1	2	7	1	5	-2.31889	-5.91661	-5.61948	-5.14294
908	2	4	1	2	7	1	5	-2.31889	-5.91661	-5.61948	-5.14294
909	4	7	10	4	1	7	1	-1.83985	-3.8846	-2.66746	-1.94283
910	8	10	2	2	11	12	6	-3.9692	-7.49922	-7.34983	-7.1467
911	7	21	5	62	4	61	44	-7.25298	-3.84213	-5.71047	-6.73663
912	2	1	12	88	2	1	5	-3.95576	-3.4348	-5.75552	-5.17373
913	2	4	1	2	2	1	5	-2.78637	-3.6732	-4.17359	-4.07942
914	1	2	3	4	5	9	3	-4.62124	-2.49953	-3.65585	-4.64154
915	2	4	1	2	7	1	5	-2.31889	-5.91661	-5.61948	-5.14294
916	2	4	1	2	2	1	5	-2.78637	-3.6732	-4.17359	-4.07942
917	2	4	1	2	2	1	5	-2.78637	-3.6732	-4.17359	-4.07942
918	2	4	1	2	7	1	5	-2.31889	-5.91661	-5.61948	-5.14294
919	4	7	10	4	1	7	1	-1.83985	-3.8846	-2.66746	-1.94283
920	2	1	5	3	2	3	5	-4.23829	-3.25503	-5.5241	-4.68204
921	2	4	1	2	7	1	5	-2.31889	-5.91661	-5.61948	-5.14294
922	2	4	1	2	2	1	5	-2.78637	-3.6732	-4.17359	-4.07942
923	8	10	2	2	11	12	6	-3.9692	-7.49922	-7.34983	-7.1467
924	2	1	12	3	2	1	5	-2.62928	-2.12079	-3.65869	-4.46371
925	48	7	10	4	183	7	1	-9.96606	-12.0207	-9.14829	-7.69509
926	7	21	5	62	4	61	44	-7.25298	-3.84213	-5.71047	-6.73663
927	4	7	10	4	1	7	1	-1.83985	-3.8846	-2.66746	-1.94283
928	9	25	2	10	22	3	6	-4.48416	-7.83781	-6.05765	-4.37085
929	2	4	1	2	2	1	5	-2.78637	-3.6732	-4.17359	-4.07942
930	2	4	1	2	7	1	5	-2.31889	-5.91661	-5.61948	-5.14294
931	2	4	1	2	2	1	5	-2.78637	-3.6732	-4.17359	-4.07942
932	2	4	1	2	2	1	5	-2.78637	-3.6732	-4.17359	-4.07942
933	9	25	2	10	22	3	6	-4.48416	-7.83781	-6.05765	-4.37085
934	2	4	1	2	2	1	5	-2.78637	-3.6732	-4.17359	-4.07942
935	2	4	1	2	2	1	5	-2.78637	-3.6732	-4.17359	-4.07942
936	2	4	1	2	7	1	5	-2.31889	-5.91661	-5.61948	-5.14294
937	2	4	1	2	7	1	5	-2.31889	-5.91661	-5.61948	-5.14294
938	2	4	1	2	2	1	5	-2.78637	-3.6732	-4.17359	-4.07942
939	2	4	1	2	2	1	5	-2.78637	-3.6732	-4.17359	-4.07942
940	4	7	10	4	1	7	1	-1.83985	-3.8846	-2.66746	-1.94283
941	2	4	1	2	2	1	5	-2.78637	-3.6732	-4.17359	-4.07942
942	4	7	10	4	1	7	1	-1.83985	-3.8846	-2.66746	-1.94283
943	2	4	1	2	7	1	5	-2.31889	-5.91661	-5.61948	-5.14294
944	2	4	1	2	2	1	5	-2.78637	-3.6732	-4.17359	-4.07942
945	4	7	10	4	1	7	1	-1.83985	-3.8846	-2.66746	-1.94283
946	9	25	2	10	22	3	6	-4.48416	-7.83781	-6.05765	-4.37085
947	10	81	50	99	120	76	52	-6.69883	-6.43696	-5.32775	-5.15844
948	2	1	21	3	2	1	5	-2.9384	-2.49431	-4.43389	-4.33303
949	4	7	10	4	1	7	1	-1.83985	-3.8846	-2.66746	-1.94283
950	2	4	1	2	7	1	5	-2.31889	-5.91661	-5.61948	-5.14294
951	4	7	10	4	1	7	1	-1.83985	-3.8846	-2.66746	-1.94283
952	4	7	10	4	1	7	1	-1.83985	-3.8846	-2.66746	-1.94283
953	8	315	2	2	11	12	6	-8.07728	-11.6137	-10.6161	-10.0532
954	8	10	2	2	11	12	6	-3.9692	-7.49922	-7.34983	-7.1467
955	2	4	1	2	2	1	5	-2.78637	-3.6732	-4.17359	-4.07942
956	4	7	10	4	1	7	1	-1.83985	-3.8846	-2.66746	-1.94283
957	2	4	1	2	2	1	5	-2.78637	-3.6732	-4.17359	-4.07942
958	2	4	1	2	2	1	5	-2.78637	-3.6732	-4.17359	-4.07942
959	2	4	1	2	2	1	5	-2.78637	-3.6732	-4.17359	-4.07942
960	2	4	1	2	7	1	5	-2.31889	-5.91661	-5.61948	-5.14294
961	2	4	1	2	2	1	5	-2.78637	-3.6732	-4.17359	-4.07942
962	2	4	1	2	2	1	5	-2.78637	-3.6732	-4.17359	-4.07942
963	2	1	21	3	2	1	5	-2.9384	-2.49431	-4.43389	-4.33303
964	2	4	1	2	2	1	5	-2.78637	-3.6732	-4.17359	-4.07942
965	1	4	2	2	2	3	17	-10.8912	-7.44173	-10.4049	-11.6941
966	2	4	1	2	2	1	5	-2.78637	-3.6732	-4.17359	-4.07942
967	2	4	1	2	2	1	5	-2.78637	-3.6732	-4.17359	-4.07942
968	7	21	5	62	4	61	44	-7.25298	-3.84213	-5.71047	-6.73663
969	2	4	1	2	2	1	5	-2.78637	-3.6732	-4.17359	-4.07942
970	4	7	10	4	1	7	1	-1.83985	-3.8846	-2.66746	-1.94283
971	2	4	1	2	2	1	5	-2.78637	-3.6732	-4.17359	-4.07942
972	10	1	16	19	10	5	7	-6.11183	-2.75624	-4.24576	-4.90516
973	8	10	2	2	11	12	6	-3.9692	-7.49922	-7.34983	-7.1467
974	4	7	10	4	1	7	1	-1.83985	-3.8846	-2.66746	-1.94283
975	2	4	2	2	6	1	5	-6.08827	-4.84082	-5.98087	-7.34096
976	2	4	1	2	2	1	5	-2.78637	-3.6732	-4.17359	-4.07942
977	2	4	1	2	2	1	5	-2.78637	-3.6732	-4.17359	-4.07942
978	2	1	12	3	2	1	5	-2.62928	-2.12079	-3.65869	-4.46371
979	2	1	21	3	2	1	5	-2.9384	-2.49431	-4.43389	-4.33303
980	1	4	2	2	6	3	17	-4.62717	-2.45643	-4.62152	-5.06662
981	9	2	4	62	4	5	6	-3.73068	-5.24896	-5.79175	-6.55814
982	9	2	4	62	4	5	6	-3.73068	-5.24896	-5.79175	-6.55814
983	2	4	1	2	2	1	5	-2.78637	-3.6732	-4.17359	-4.07942
984	9	25	2	10	22	3	6	-4.48416	-7.83781	-6.05765	-4.37085
985	2	1	12	3	2	1	5	-2.62928	-2.12079	-3.65869	-4.46371
986	2	4	1	2	2	1	5	-2.78637	-3.6732	-4.17359	-4.07942
987	2	4	1	2	2	1	5	-2.78637	-3.6732	-4.17359	-4.07942
988	2	4	1	2	2	1	5	-2.78637	-3.6732	-4.17359	-4.07942
989	1	4	2	2	6	3	17	-4.62717	-2.45643	-4.62152	-5.06662
990	1	4	2	2	6	3	17	-4.62717	-2.45643	-4.62152	-5.06662
991	9	25	2	10	22	3	6	-4.48416	-7.83781	-6.05765	-4.37085
992	1	4	2	2	6	3	17	-4.62717	-2.45643	-4.62152	-5.06662
993	2	4	1	2	2	1	5	-2.78637	-3.6732	-4.17359	-4.07942
994	2	4	1	2	2	1	5	-2.78637	-3.6732	-4.17359	-4.07942
995	8	10	2	2	11	12	6	-3.9692	-7.49922	-7.34983	-7.1467
996	2	4	1	2	2	1	5	-2.78637	-3.6732	-4.17359	-4.07942
997	2	1	5	3	2	5	5	-5.51999	-2.83465	-4.14055	-5.16231
998	8	10	2	2	11	12	6	-3.9692	-7.49922	-7.34983	-7.1467
999	2	4	1	2	2	1	5	-2.78637	-3.6732	-4.17359	-4.07942
1000	2	4	1	2	2	1	5	-2.78637	-3.6732	-4.17359	-4.07942
1001	2	1	21	3	2	1	5	-2.9384	-2.49431	-4.43389	-4.33303
1002	1	2	4	62	4	5	17	-6.10504	-4.85742	-7.49093	-7.74664
1003	2	1	12	3	2	1	5	-2.62928	-2.12079	-3.65869	-4.46371
1004	2	4	1	2	7	1	5	-2.31889	-5.91661	-5.61948	-5.14294
1005	1	307	3	4	5	9	3	-6.85135	-6.45385	-6.16158	-8.0303
1006	2	4	2	4	19	3	6	-5.81184	-9.41688	-9.18937	-8.98485
1007	2	4	1	2	2	1	5	-2.78637	-3.6732	-4.17359	-4.07942
1008	1	4	2	2	6	3	17	-4.62717	-2.45643	-4.62152	-5.06662
1009	9	25	2	10	22	3	6	-4.48416	-7.83781	-6.05765	-4.37085
1010	4	7	10	4	1	7	1	-1.83985	-3.8846	-2.66746	-1.94283
1011	2	4	1	2	2	1	5	-2.78637	-3.6732	-4.17359	-4.07942
1012	10	1	16	19	10	5	7	-6.11183	-2.75624	-4.24576	-4.90516
1013	2	1	21	3	2	1	5	-2.9384	-2.49431	-4.43389	-4.33303
1014	4	7	10	4	1	7	1	-1.83985	-3.8846	-2.66746	-1.94283
1015	2	4	1	2	2	1	5	-2.78637	-3.6732	-4.17359	-4.07942
1016	1	2	3	4	5	9	3	-4.62124	-2.49953	-3.65585	-4.64154
1017	9	316	4	62	4	5	6	-6.86719	-6.46379	-8.94025	-9.10445
1018	9	25	2	10	22	3	6	-4.48416	-7.83781	-6.05765	-4.37085
1019	1	307	3	4	5	9	3	-6.85135	-6.45385	-6.16158	-8.0303
1020	2	4	1	2	2	1	5	-2.78637	-3.6732	-4.17359	-4.07942
1021	9	25	2	10	22	3	6	-4.48416	-7.83781	-6.05765	-4.37085
1022	2	4	1	2	2	1	5	-2.78637	-3.6732	-4.17359	-4.07942
1023	2	1	12	3	2	1	5	-2.62928	-2.12079	-3.65869	-4.46371
1024	2	1	5	3	2	5	5	-5.51999	-2.83465	-4.14055	-5.16231
1025	2	4	1	2	2	1	5	-2.78637	-3.6732	-4.17359	-4.07942
1026	2	1	12	3	2	1	5	-2.62928	-2.12079	-3.65869	-4.46371
1027	2	1	12	3	2	1	5	-2.62928	-2.12079	-3.65869	-4.46371
1028	10	1	16	19	10	5	7	-6.11183	-2.75624	-4.24576	-4.90516
1029	4	7	10	4	1	7	1	-1.83985	-3.8846	-2.66746	-1.94283
1030	2	4	1	2	2	1	5	-2.78637	-3.6732	-4.17359	-4.07942
1031	2	1	12	88	2	1	5	-3.95576	-3.4348	-5.75552	-5.17373
1032	2	1	21	3	2	1	5	-2.9384	-2.49431	-4.43389	-4.33303
1033	1	2	3	4	5	9	3	-4.62124	-2.49953	-3.65585	-4.64154
1034	8	10	2	2	11	12	6	-3.9692	-7.49922	-7.34983	-7.1467
1035	2	1	12	88	2	1	5	-3.95576	-3.4348	-5.75552	-5.17373
1036	33	39	30	82	104	173	68	-5.39032	-3.98999	-6.64581	-6.9076
1037	1	2	3	4	5	9	3	-4.62124	-2.49953	-3.65585	-4.64154
1038	9	25	2	10	22	3	6	-4.48416	-7.83781	-6.05765	-4.37085
1039	2	4	1	2	2	1	5	-2.78637	-3.6732	-4.17359	-4.07942
1040	8	10	2	2	11	12	6	-3.9692	-7.49922	-7.34983	-7.1467
1041	1	2	4	62	4	5	17	-6.10504	-4.85742	-7.49093	-7.74664
1042	10	1	16	19	10	5	7	-6.11183	-2.75624	-4.24576	-4.90516
1043	33	39	30	82	104	173	68	-5.39032	-3.98999	-6.64581	-6.9076
1044	2	4	1	2	2	1	5	-2.78637	-3.6732	-4.17359	-4.07942
1045	8	10	2	2	11	12	6	-3.9692	-7.49922	-7.34983	-7.1467
1046	2	1	5	3	2	5	5	-5.51999	-2.83465	-4.14055	-5.16231
1047	47	2	4	2	6	5	17	-11.0086	-12.6867	-6.23825	-8.45212
1048	1	2	3	4	5	9	3	-4.62124	-2.49953	-3.65585	-4.64154
1049	4	7	10	4	1	7	1	-1.83985	-3.8846	-2.66746	-1.94283
1050	2	1	5	3	2	3	5	-4.23829	-3.25503	-5.5241	-4.68204
1051	2	4	2	2	6	1	5	-6.08827	-4.84082	-5.98087	-7.34096
1052	2	4	1	2	2	1	5	-2.78637	-3.6732	-4.17359	-4.07942
1053	8	10	149	2	11	12	6	-4.88389	-3.98484	-5.70051	-6.61653
1054	9	25	2	10	22	3	6	-4.48416	-7.83781	-6.05765	-4.37085
1055	2	4	1	2	2	1	5	-2.78637	-3.6732	-4.17359	-4.07942
1056	1	2	3	4	5	9	3	-4.62124	-2.49953	-3.65585	-4.64154
1057	2	1	12	3	2	1	5	-2.62928	-2.12079	-3.65869	-4.46371
1058	4	7	10	4	42	51	1	-2.94202	-4.68766	-4.90761	-3.80781
1059	2	4	1	2	2	1	5	-2.78637	-3.6732	-4.17359	-4.07942
1060	2	1	1	3	2	1	5	-4.61792	-3.78794	-6.36543	-6.59271
1061	2	4	1	2	7	1	5	-2.31889	-5.91661	-5.61948	-5.14294
1062	8	10	2	2	11	12	6	-3.9692	-7.49922	-7.34983	-7.1467
1063	2	4	1	2	2	1	5	-2.78637	-3.6732	-4.17359	-4.07942
1064	9	2	4	62	4	5	6	-3.73068	-5.24896	-5.79175	-6.55814
1065	2	4	1	2	2	1	5	-2.78637	-3.6732	-4.17359	-4.07942
1066	4	7	10	4	1	7	1	-1.83985	-3.8846	-2.66746	-1.94283
1067	8	10	2	2	11	12	6	-3.9692	-7.49922	-7.34983	-7.1467
1068	2	4	2	2	6	1	5	-6.08827	-4.84082	-5.98087	-7.34096
1069	2	4	2	2	6	1	5	-6.08827	-4.84082	-5.98087	-7.34096
1070	2	4	2	2	6	1	5	-6.08827	-4.84082	-5.98087	-7.34096
1071	2	4	2	2	6	1	5	-6.08827	-4.84082	-5.98087	-7.34096
1072	2	4	1	2	2	1	5	-2.78637	-3.6732	-4.17359	-4.07942
1073	2	4	1	2	2	1	5	-2.78637	-3.6732	-4.17359	-4.07942
1074	2	1	12	3	2	1	5	-2.62928	-2.12079	-3.65869	-4.46371
1075	2	4	1	2	7	1	5	-2.31889	-5.91661	-5.61948	-5.14294
1076	4	7	10	4	42	51	1	-2.94202	-4.68766	-4.90761	-3.80781
1077	2	4	1	2	2	1	5	-2.78637	-3.6732	-4.17359	-4.07942
1078	8	10	2	2	11	12	6	-3.9692	-7.49922	-7.34983	-7.1467
1079	1	2	3	4	5	9	3	-4.62124	-2.49953	-3.65585	-4.64154
1080	1	2	3	4	5	9	3	-4.62124	-2.49953	-3.65585	-4.64154
1081	10	1	16	19	10	5	7	-6.11183	-2.75624	-4.24576	-4.90516
1082	8	10	2	2	11	12	6	-3.9692	-7.49922	-7.34983	-7.1467
1083	4	7	10	4	1	7	1	-1.83985	-3.8846	-2.66746	-1.94283
1084	2	4	1	2	2	1	5	-2.78637	-3.6732	-4.17359	-4.07942
1085	2	4	1	2	7	1	5	-2.31889	-5.91661	-5.61948	-5.14294
1086	2	1	21	3	2	1	5	-2.9384	-2.49431	-4.43389	-4.33303
1087	2	1	12	3	2	1	5	-2.62928	-2.12079	-3.65869	-4.46371
1088	2	4	2	4	19	3	6	-5.81184	-9.41688	-9.18937	-8.98485
1089	8	10	149	2	11	12	6	-4.88389	-3.98484	-5.70051	-6.61653
1090	8	10	2	2	11	12	6	-3.9692	-7.49922	-7.34983	-7.1467
1091	2	1	12	3	2	1	5	-2.62928	-2.12079	-3.65869	-4.46371
1092	2	1	12	3	2	1	5	-2.62928	-2.12079	-3.65869	-4.46371
1093	2	1	5	3	2	3	5	-4.23829	-3.25503	-5.5241	-4.68204
1094	184	39	30	82	113	43	17	-3.96825	-6.19276	-7.21286	-7.0634
1095	2	1	12	3	2	1	5	-2.62928	-2.12079	-3.65869	-4.46371
1096	2	4	1	2	2	1	5	-2.78637	-3.6732	-4.17359	-4.07942
1097	4	7	10	4	1	7	1	-1.83985	-3.8846	-2.66746	-1.94283
1098	8	10	2	2	11	12	6	-3.9692	-7.49922	-7.34983	-7.1467
1099	4	7	10	4	1	7	1	-1.83985	-3.8846	-2.66746	-1.94283
1100	4	7	10	4	42	51	1	-2.94202	-4.68766	-4.90761	-3.80781
1101	9	25	2	10	22	3	6	-4.48416	-7.83781	-6.05765	-4.37085
1102	9	2	4	62	4	5	6	-3.73068	-5.24896	-5.79175	-6.55814
1103	4	7	10	4	1	7	1	-1.83985	-3.8846	-2.66746	-1.94283
1104	2	4	1	2	7	1	5	-2.31889	-5.91661	-5.61948	-5.14294
1105	4	7	10	4	1	7	1	-1.83985	-3.8846	-2.66746	-1.94283
1106	8	10	2	2	11	12	6	-3.9692	-7.49922	-7.34983	-7.1467
1107	2	4	1	2	2	1	5	-2.78637	-3.6732	-4.17359	-4.07942
1108	4	7	10	4	42	51	1	-2.94202	-4.68766	-4.90761	-3.80781
1109	1	2	3	4	5	9	3	-4.62124	-2.49953	-3.65585	-4.64154
1110	2	1	12	3	2	1	5	-2.62928	-2.12079	-3.65869	-4.46371
1111	2	4	1	2	2	1	5	-2.78637	-3.6732	-4.17359	-4.07942
1112	10	81	50	99	120	76	52	-6.69883	-6.43696	-5.32775	-5.15844
1113	2	4	1	2	2	1	5	-2.78637	-3.6732	-4.17359	-4.07942
1114	4	7	10	4	42	51	1	-2.94202	-4.68766	-4.90761	-3.80781
1115	4	7	10	4	42	51	1	-2.94202	-4.68766	-4.90761	-3.80781
1116	4	7	10	4	1	7	1	-1.83985	-3.8846	-2.66746	-1.94283
1117	3	1	5	10	11	11	6	-9.91391	-6.47542	-9.23369	-9.57078
1118	10	81	50	99	120	76	52	-6.69883	-6.43696	-5.32775	-5.15844
1119	2	4	1	2	2	1	5	-2.78637	-3.6732	-4.17359	-4.07942
1120	4	7	10	4	1	7	1	-1.83985	-3.8846	-2.66746	-1.94283
1121	4	7	10	4	1	7	1	-1.83985	-3.8846	-2.66746	-1.94283
1122	4	7	10	4	42	51	1	-2.94202	-4.68766	-4.90761	-3.80781
1123	2	1	12	3	2	1	5	-2.62928	-2.12079	-3.65869	-4.46371
1124	2	4	1	2	2	1	5	-2.78637	-3.6732	-4.17359	-4.07942
1125	2	1	1	3	2	1	5	-4.61792	-3.78794	-6.36543	-6.59271
1126	2	4	1	2	2	1	5	-2.78637	-3.6732	-4.17359	-4.07942
1127	2	4	1	2	2	1	5	-2.78637	-3.6732	-4.17359	-4.07942
1128	2	4	1	2	2	1	5	-2.78637	-3.6732	-4.17359	-4.07942
1129	2	4	1	2	2	1	5	-2.78637	-3.6732	-4.17359	-4.07942
1130	1	2	3	4	5	9	3	-4.62124	-2.49953	-3.65585	-4.64154
1131	8	10	2	2	11	12	6	-3.9692	-7.49922	-7.34983	-7.1467
1132	2	1	21	3	2	1	5	-2.9384	-2.49431	-4.43389	-4.33303
1133	2	4	1	2	2	1	5	-2.78637	-3.6732	-4.17359	-4.07942
1134	2	1	21	3	2	1	5	-2.9384	-2.49431	-4.43389	-4.33303
1135	2	1	21	3	2	1	5	-2.9384	-2.49431	-4.43389	-4.33303
1136	2	4	1	2	2	1	5	-2.78637	-3.6732	-4.17359	-4.07942
1137	1	2	3	4	5	9	3	-4.62124	-2.49953	-3.65585	-4.64154
1138	10	1	16	19	10	5	7	-6.11183	-2.75624	-4.24576	-4.90516
1139	2	1	12	3	2	1	5	-2.62928	-2.12079	-3.65869	-4.46371
1140	7	21	5	62	4	61	44	-7.25298	-3.84213	-5.71047	-6.73663
1141	2	4	1	2	2	1	5	-2.78637	-3.6732	-4.17359	-4.07942
1142	2	1	12	3	2	1	5	-2.62928	-2.12079	-3.65869	-4.46371
1143	2	4	1	2	7	1	5	-2.31889	-5.91661	-5.61948	-5.14294
1144	2	1	5	3	2	3	5	-4.23829	-3.25503	-5.5241	-4.68204
1145	2	1	21	3	2	1	5	-2.9384	-2.49431	-4.43389	-4.33303
1146	2	1	21	3	2	1	5	-2.9384	-2.49431	-4.43389	-4.33303
1147	2	1	21	3	2	1	5	-2.9384	-2.49431	-4.43389	-4.33303
1148	2	1	21	3	2	1	5	-2.9384	-2.49431	-4.43389	-4.33303
1149	2	1	12	3	2	1	5	-2.62928	-2.12079	-3.65869	-4.46371
1150	8	10	2	2	11	12	6	-3.9692	-7.49922	-7.34983	-7.1467
1151	129	66	30	82	189	47	17	-3.26104	-4.92397	-5.54153	-4.14923
1152	1	307	3	4	5	9	3	-6.85135	-6.45385	-6.16158	-8.0303
1153	8	10	2	2	11	12	6	-3.9692	-7.49922	-7.34983	-7.1467
1154	2	4	2	2	6	1	5	-6.08827	-4.84082	-5.98087	-7.34096
1155	1	4	2	2	6	3	17	-4.62717	-2.45643	-4.62152	-5.06662
1156	2	4	1	2	2	1	5	-2.78637	-3.6732	-4.17359	-4.07942
1157	8	10	2	2	11	12	6	-3.9692	-7.49922	-7.34983	-7.1467
1158	2	4	2	2	6	1	5	-6.08827	-4.84082	-5.98087	-7.34096
1159	2	1	21	3	2	1	5	-2.9384	-2.49431	-4.43389	-4.33303
1160	2	4	5	2	2	5	5	-3.68537	-7.25723	-6.77347	-5.87899
1161	7	21	5	62	4	61	44	-7.25298	-3.84213	-5.71047	-6.73663
1162	2	1	12	3	2	1	5	-2.62928	-2.12079	-3.65869	-4.46371
1163	10	27	16	19	10	5	7	-19.8436	-12.5705	-15.8715	-16.694
1164	33	283	44	82	189	44	17	-6.85073	-3.48152	-5.47981	-5.70066
1165	9	25	2	10	22	3	6	-4.48416	-7.83781	-6.05765	-4.37085
1166	7	21	5	62	4	61	44	-7.25298	-3.84213	-5.71047	-6.73663
1167	2	1	5	3	2	3	5	-4.23829	-3.25503	-5.5241	-4.68204
1168	2	1	5	3	2	3	5	-4.23829	-3.25503	-5.5241	-4.68204
1169	9	25	2	10	22	3	6	-4.48416	-7.83781	-6.05765	-4.37085
1170	2	1	5	3	2	3	5	-4.23829	-3.25503	-5.5241	-4.68204
1171	2	4	1	2	2	1	5	-2.78637	-3.6732	-4.17359	-4.07942
1172	129	66	30	82	189	47	17	-3.26104	-4.92397	-5.54153	-4.14923
1173	2	4	1	2	2	1	5	-2.78637	-3.6732	-4.17359	-4.07942
1174	2	1	5	3	2	3	5	-4.23829	-3.25503	-5.5241	-4.68204
1175	2	1	12	3	2	1	5	-2.62928	-2.12079	-3.65869	-4.46371
1176	2	4	1	2	2	1	5	-2.78637	-3.6732	-4.17359	-4.07942
1177	1	4	2	2	6	3	17	-4.62717	-2.45643	-4.62152	-5.06662
1178	2	1	12	3	2	1	5	-2.62928	-2.12079	-3.65869	-4.46371
1179	1	4	2	2	446	3	17	-8.72516	-6.53722	-7.86869	-7.95152
1180	2	1	5	88	2	11	5	-8.70314	-5.35648	-6.0876	-7.76344
1181	2	4	2	2	6	1	5	-6.08827	-4.84082	-5.98087	-7.34096
1182	9	25	2	10	22	3	6	-4.48416	-7.83781	-6.05765	-4.37085
1183	2	1	5	3	2	3	5	-4.23829	-3.25503	-5.5241	-4.68204
1184	7	21	5	62	4	61	44	-7.25298	-3.84213	-5.71047	-6.73663
1185	1	2	3	4	5	9	3	-4.62124	-2.49953	-3.65585	-4.64154
1186	2	4	1	2	2	1	5	-2.78637	-3.6732	-4.17359	-4.07942
1187	7	21	5	62	4	61	44	-7.25298	-3.84213	-5.71047	-6.73663
1188	33	39	30	82	104	173	68	-5.39032	-3.98999	-6.64581	-6.9076
1189	1	4	2	2	6	3	17	-4.62717	-2.45643	-4.62152	-5.06662
1190	2	1	21	3	2	1	5	-2.9384	-2.49431	-4.43389	-4.33303
1191	4	7	10	4	1	7	1	-1.83985	-3.8846	-2.66746	-1.94283
1192	2	1	5	3	2	5	5	-5.51999	-2.83465	-4.14055	-5.16231
1193	1	4	2	2	6	3	17	-4.62717	-2.45643	-4.62152	-5.06662
1194	2	4	1	2	2	1	5	-2.78637	-3.6732	-4.17359	-4.07942
1195	2	4	1	2	2	1	5	-2.78637	-3.6732	-4.17359	-4.07942
1196	2	1	12	3	2	1	5	-2.62928	-2.12079	-3.65869	-4.46371
1197	2	1	6	3	2	3	5	-7.36289	-7.33773	-8.48957	-7.19173
1198	4	7	10	4	1	7	1	-1.83985	-3.8846	-2.66746	-1.94283
1199	2	4	1	2	7	1	5	-2.31889	-5.91661	-5.61948	-5.14294
1200	2	1	1	3	2	1	5	-4.61792	-3.78794	-6.36543	-6.59271
1201	2	4	1	2	2	1	5	-2.78637	-3.6732	-4.17359	-4.07942
1202	7	2	5	2	10	3	6	-30.5238	-26.9444	-27.6179	-29.0681
1203	2	1	21	3	2	1	5	-2.9384	-2.49431	-4.43389	-4.33303
1204	2	4	1	2	7	1	5	-2.31889	-5.91661	-5.61948	-5.14294
1205	4	7	10	4	1	7	1	-1.83985	-3.8846	-2.66746	-1.94283
1206	2	4	1	2	7	1	5	-2.31889	-5.91661	-5.61948	-5.14294
1207	2	4	1	2	2	1	5	-2.78637	-3.6732	-4.17359	-4.07942
1208	1	4	2	2	6	3	17	-4.62717	-2.45643	-4.62152	-5.06662
1209	2	4	1	2	2	1	5	-2.78637	-3.6732	-4.17359	-4.07942
1210	2	4	1	2	2	1	5	-2.78637	-3.6732	-4.17359	-4.07942
1211	74	10	2	2	11	12	6	-8.07729	-11.6137	-10.6162	-10.0536
1212	1	2	3	4	5	9	3	-4.62124	-2.49953	-3.65585	-4.64154
1213	2	1	5	3	2	3	5	-4.23829	-3.25503	-5.5241	-4.68204
1214	4	7	10	4	1	7	1	-1.83985	-3.8846	-2.66746	-1.94283
1215	2	4	2	2	6	1	5	-6.08827	-4.84082	-5.98087	-7.34096
1216	2	1	12	3	2	1	5	-2.62928	-2.12079	-3.65869	-4.46371
1217	2	1	21	3	2	1	5	-2.9384	-2.49431	-4.43389	-4.33303
1218	2	4	1	2	2	1	5	-2.78637	-3.6732	-4.17359	-4.07942
1219	2	1	21	3	2	1	5	-2.9384	-2.49431	-4.43389	-4.33303
1220	4	7	10	4	1	7	1	-1.83985	-3.8846	-2.66746	-1.94283
1221	2	1	21	3	2	1	5	-2.9384	-2.49431	-4.43389	-4.33303
1222	2	4	1	2	2	1	5	-2.78637	-3.6732	-4.17359	-4.07942
1223	4	7	10	4	1	7	1	-1.83985	-3.8846	-2.66746	-1.94283
1224	2	4	1	2	2	1	5	-2.78637	-3.6732	-4.17359	-4.07942
1225	4	7	10	4	1	7	1	-1.83985	-3.8846	-2.66746	-1.94283
1226	4	7	10	4	42	51	1	-2.94202	-4.68766	-4.90761	-3.80781
1227	4	7	10	4	42	7	1	-6.56797	-9.13623	-5.64027	-4.67447
1228	2	4	1	2	2	1	5	-2.78637	-3.6732	-4.17359	-4.07942
1229	2	1	5	3	2	3	5	-4.23829	-3.25503	-5.5241	-4.68204
1230	10	81	50	99	120	76	52	-6.69883	-6.43696	-5.32775	-5.15844
1231	2	4	1	2	7	1	5	-2.31889	-5.91661	-5.61948	-5.14294
1232	2	4	1	2	7	1	5	-2.31889	-5.91661	-5.61948	-5.14294
1233	4	7	10	4	1	7	1	-1.83985	-3.8846	-2.66746	-1.94283
1234	1	4	2	2	6	3	17	-4.62717	-2.45643	-4.62152	-5.06662
1235	4	7	10	4	1	7	1	-1.83985	-3.8846	-2.66746	-1.94283
1236	2	4	1	2	2	1	5	-2.78637	-3.6732	-4.17359	-4.07942
1237	4	7	10	4	1	7	1	-1.83985	-3.8846	-2.66746	-1.94283
1238	4	7	10	4	42	51	1	-2.94202	-4.68766	-4.90761	-3.80781
1239	1	307	3	4	5	9	3	-6.85135	-6.45385	-6.16158	-8.0303
1240	2	4	2	2	6	1	5	-6.08827	-4.84082	-5.98087	-7.34096
1241	8	10	149	2	11	12	6	-4.88389	-3.98484	-5.70051	-6.61653
1242	2	1	12	3	2	1	5	-2.62928	-2.12079	-3.65869	-4.46371
1243	2	4	1	2	2	1	5	-2.78637	-3.6732	-4.17359	-4.07942
1244	2	4	1	2	2	1	5	-2.78637	-3.6732	-4.17359	-4.07942
1245	2	4	1	2	2	1	5	-2.78637	-3.6732	-4.17359	-4.07942
1246	4	7	10	4	42	51	1	-2.94202	-4.68766	-4.90761	-3.80781
1247	2	4	1	2	2	1	5	-2.78637	-3.6732	-4.17359	-4.07942
1248	2	4	1	2	2	1	5	-2.78637	-3.6732	-4.17359	-4.07942
1249	2	1	12	88	2	1	5	-3.95576	-3.4348	-5.75552	-5.17373
1250	1	4	2	2	6	3	17	-4.62717	-2.45643	-4.62152	-5.06662
1251	9	2	4	62	4	5	6	-3.73068	-5.24896	-5.79175	-6.55814
1252	2	4	1	2	7	1	5	-2.31889	-5.91661	-5.61948	-5.14294
1253	2	4	5	2	2	5	5	-3.68537	-7.25723	-6.77347	-5.87899
1254	2	1	21	3	2	1	5	-2.9384	-2.49431	-4.43389	-4.33303
1255	1	4	2	2	6	3	17	-4.62717	-2.45643	-4.62152	-5.06662
1256	2	1	21	3	2	1	5	-2.9384	-2.49431	-4.43389	-4.33303
1257	2	4	1	2	2	5	5	-6.80891	-6.4021	-8.78285	-9.03936
1258	2	1	12	3	2	1	5	-2.62928	-2.12079	-3.65869	-4.46371
1259	2	4	2	2	6	1	5	-6.08827	-4.84082	-5.98087	-7.34096
1260	2	4	1	2	2	1	5	-2.78637	-3.6732	-4.17359	-4.07942
1261	2	4	1	2	2	1	5	-2.78637	-3.6732	-4.17359	-4.07942
1262	1	307	3	4	5	9	3	-6.85135	-6.45385	-6.16158	-8.0303
1263	9	25	2	10	22	3	6	-4.48416	-7.83781	-6.05765	-4.37085
1264	2	1	1	380	2	1	5	-6.16398	-5.74169	-8.23379	-8.4046
1265	2	4	1	2	2	1	5	-2.78637	-3.6732	-4.17359	-4.07942
1266	2	4	1	2	2	1	5	-2.78637	-3.6732	-4.17359	-4.07942
1267	2	1	12	3	2	1	5	-2.62928	-2.12079	-3.65869	-4.46371
1268	1	2	3	4	5	9	3	-4.62124	-2.49953	-3.65585	-4.64154
1269	2	4	1	2	2	1	5	-2.78637	-3.6732	-4.17359	-4.07942
1270	2	4	1	2	2	1	5	-2.78637	-3.6732	-4.17359	-4.07942
1271	2	4	1	2	2	1	5	-2.78637	-3.6732	-4.17359	-4.07942
1272	1	2	3	4	5	9	3	-4.62124	-2.49953	-3.65585	-4.64154
1273	9	2	2	212	309	253	147	-27.0904	-26.9211	-24.7269	-22.9454
1274	2	1	21	3	2	1	5	-2.9384	-2.49431	-4.43389	-4.33303
1275	47	2	4	2	6	5	17	-11.0086	-12.6867	-6.23825	-8.45212
1276	1	2	3	4	5	9	3	-4.62124	-2.49953	-3.65585	-4.64154
1277	2	4	1	2	2	1	5	-2.78637	-3.6732	-4.17359	-4.07942
1278	2	4	1	2	2	1	5	-2.78637	-3.6732	-4.17359	-4.07942
1279	9	2	4	62	4	5	6	-3.73068	-5.24896	-5.79175	-6.55814
1280	2	1	12	3	2	1	5	-2.62928	-2.12079	-3.65869	-4.46371
1281	2	4	1	2	2	1	5	-2.78637	-3.6732	-4.17359	-4.07942
1282	2	4	1	2	7	1	5	-2.31889	-5.91661	-5.61948	-5.14294
1283	7	17	2	15	23	3	12	-6.91663	-10.527	-10.3001	-10.0931
1284	2	1	1	3	2	1	5	-4.61792	-3.78794	-6.36543	-6.59271
1285	2	1	12	3	2	1	5	-2.62928	-2.12079	-3.65869	-4.46371
1286	2	4	1	2	2	1	5	-2.78637	-3.6732	-4.17359	-4.07942
1287	2	1	5	3	2	3	5	-4.23829	-3.25503	-5.5241	-4.68204
1288	2	4	1	2	2	1	5	-2.78637	-3.6732	-4.17359	-4.07942
1289	2	4	1	2	2	1	5	-2.78637	-3.6732	-4.17359	-4.07942
1290	1	4	2	2	6	3	17	-4.62717	-2.45643	-4.62152	-5.06662
1291	2	1	2	3	2	3	5	-3.77115	-7.22548	-7.14346	-6.94196
1292	2	1	5	3	2	3	5	-4.23829	-3.25503	-5.5241	-4.68204
1293	1	2	3	3	5	9	3	-11.3818	-7.71463	-9.73272	-11.74
1294	4	7	10	4	42	51	1	-2.94202	-4.68766	-4.90761	-3.80781
1295	1	4	2	2	6	3	17	-4.62717	-2.45643	-4.62152	-5.06662
1296	2	1	5	3	2	3	5	-4.23829	-3.25503	-5.5241	-4.68204
1297	4	7	10	4	1	7	1	-1.83985	-3.8846	-2.66746	-1.94283
1298	2	4	1	2	2	1	5	-2.78637	-3.6732	-4.17359	-4.07942
1299	4	7	10	4	1	7	1	-1.83985	-3.8846	-2.66746	-1.94283
1300	2	1	21	3	2	1	5	-2.9384	-2.49431	-4.43389	-4.33303
1301	2	4	1	2	2	1	5	-2.78637	-3.6732	-4.17359	-4.07942
1302	4	7	10	4	1	7	1	-1.83985	-3.8846	-2.66746	-1.94283
1303	2	4	1	2	2	1	5	-2.78637	-3.6732	-4.17359	-4.07942
1304	2	1	5	3	2	5	5	-5.51999	-2.83465	-4.14055	-5.16231
1305	2	4	1	2	2	1	5	-2.78637	-3.6732	-4.17359	-4.07942
1306	2	1	21	3	2	1	5	-2.9384	-2.49431	-4.43389	-4.33303
1307	2	1	5	3	2	5	5	-5.51999	-2.83465	-4.14055	-5.16231
1308	1	4	2	2	6	3	17	-4.62717	-2.45643	-4.62152	-5.06662
1309	1	4	2	2	6	3	17	-4.62717	-2.45643	-4.62152	-5.06662
1310	2	1	5	3	2	3	5	-4.23829	-3.25503	-5.5241	-4.68204
1311	1	4	2	2	6	3	17	-4.62717	-2.45643	-4.62152	-5.06662
1312	2	4	1	2	2	1	5	-2.78637	-3.6732	-4.17359	-4.07942
1313	2	1	12	88	2	1	5	-3.95576	-3.4348	-5.75552	-5.17373
1314	2	1	5	3	2	3	5	-4.23829	-3.25503	-5.5241	-4.68204
1315	2	4	5	2	2	1	5	-6.16993	-9.06923	-8.86481	-9.16219
1316	2	4	1	2	2	1	5	-2.78637	-3.6732	-4.17359	-4.07942
1317	1	4	2	2	6	3	17	-4.62717	-2.45643	-4.62152	-5.06662
1318	2	1	21	3	2	1	5	-2.9384	-2.49431	-4.43389	-4.33303
1319	4	7	10	4	1	7	1	-1.83985	-3.8846	-2.66746	-1.94283
1320	1	2	3	4	5	9	3	-4.62124	-2.49953	-3.65585	-4.64154
1321	2	4	1	2	7	1	5	-2.31889	-5.91661	-5.61948	-5.14294
1322	4	7	10	4	1	7	1	-1.83985	-3.8846	-2.66746	-1.94283
1323	4	7	10	4	1	7	1	-1.83985	-3.8846	-2.66746	-1.94283
1324	1	4	2	2	6	3	17	-4.62717	-2.45643	-4.62152	-5.06662
1325	2	4	1	2	7	1	5	-2.31889	-5.91661	-5.61948	-5.14294
1326	4	7	10	4	1	7	1	-1.83985	-3.8846	-2.66746	-1.94283
1327	8	10	2	2	11	12	6	-3.9692	-7.49922	-7.34983	-7.1467
1328	969	7	10	4	1	7	1	-5.87072	-7.98262	-5.93036	-4.84884
1329	4	7	10	4	1	7	1	-1.83985	-3.8846	-2.66746	-1.94283
1330	10	27	16	942	10	5	7	-23.9517	-16.6859	-19.1383	-19.6008
1331	10	27	16	941	10	5	7	-23.9517	-16.6859	-19.1383	-19.6008
1332	4	7	10	4	1	7	1	-1.83985	-3.8846	-2.66746	-1.94283
1333	4	7	10	4	1	7	1	-1.83985	-3.8846	-2.66746	-1.94283
1334	129	66	30	82	189	47	17	-3.26104	-4.92397	-5.54153	-4.14923
1335	4	7	10	4	1	7	1	-1.83985	-3.8846	-2.66746	-1.94283
1336	4	7	10	4	1	7	1	-1.83985	-3.8846	-2.66746	-1.94283
1337	2	4	1	2	2	1	5	-2.78637	-3.6732	-4.17359	-4.07942
1338	2	1	2	3	2	3	5	-3.77115	-7.22548	-7.14346	-6.94196
1339	10	27	16	19	10	5	7	-19.8436	-12.5705	-15.8715	-16.694
1340	2	4	1	2	2	1	5	-2.78637	-3.6732	-4.17359	-4.07942
1341	33	39	30	82	104	173	68	-5.39032	-3.98999	-6.64581	-6.9076
1342	1	4	2	2	6	3	17	-4.62717	-2.45643	-4.62152	-5.06662
1343	2	1	5	3	2	5	5	-5.51999	-2.83465	-4.14055	-5.16231
1344	2	1	12	3	2	1	5	-2.62928	-2.12079	-3.65869	-4.46371
1345	8	10	2	2	11	12	6	-3.9692	-7.49922	-7.34983	-7.1467
1346	2	1	1	3	2	1	5	-4.61792	-3.78794	-6.36543	-6.59271
1347	1	4	2	2	6	3	17	-4.62717	-2.45643	-4.62152	-5.06662
1348	7	2	2	2	11	12	6	-4.51585	-8.1258	-7.8986	-7.69346
1349	9	2	4	62	4	5	6	-3.73068	-5.24896	-5.79175	-6.55814
1350	2	1	21	3	2	1	5	-2.9384	-2.49431	-4.43389	-4.33303
1351	9	7	10	4	1	7	1	-9.9455	-12.0479	-11.0822	-10.1754
1352	2	1	12	3	920	1	5	-6.73844	-6.22856	-6.92406	-7.36555
1353	239	27	16	19	10	5	7	-9.9162	-6.47908	-9.23886	-9.57349
1354	7	17	2	15	23	3	12	-6.91663	-10.527	-10.3001	-10.0931
1355	1	4	2	2	6	3	17	-4.62717	-2.45643	-4.62152	-5.06662
1356	1	6	60	24	12	28	1	-29.643	-32.0537	-21.607	-20.8231
1357	2	4	5	2	10	1	5	-6.90641	-10.4997	-10.2795	-10.083
1358	10	81	50	99	120	76	52	-6.69883	-6.43696	-5.32775	-5.15844
1359	4	7	10	4	1	7	1	-1.83985	-3.8846	-2.66746	-1.94283
1360	2	1	5	3	2	5	5	-5.51999	-2.83465	-4.14055	-5.16231
1361	4	7	10	1	1	7	1	-5.285	-8.79951	-6.01463	-6.11792
1362	2	4	5	2	10	1	5	-6.90641	-10.4997	-10.2795	-10.083
1363	2	1	21	3	2	1	5	-2.9384	-2.49431	-4.43389	-4.33303
1364	2	1	21	3	2	1	5	-2.9384	-2.49431	-4.43389	-4.33303
1365	2	4	1	2	2	1	5	-2.78637	-3.6732	-4.17359	-4.07942
1366	2	4	2	2	6	1	5	-6.08827	-4.84082	-5.98087	-7.34096
1367	2	4	1	2	7	1	5	-2.31889	-5.91661	-5.61948	-5.14294
1368	2	4	1	2	2	1	5	-2.78637	-3.6732	-4.17359	-4.07942
1369	2	4	1	2	2	1	5	-2.78637	-3.6732	-4.17359	-4.07942
1370	4	7	10	4	1	7	1	-1.83985	-3.8846	-2.66746	-1.94283
1371	4	7	10	4	42	51	1	-2.94202	-4.68766	-4.90761	-3.80781
1372	2	1	5	3	2	3	5	-4.23829	-3.25503	-5.5241	-4.68204
1373	2	1	12	3	2	1	5	-2.62928	-2.12079	-3.65869	-4.46371
1374	2	1	1	3	2	1	5	-4.61792	-3.78794	-6.36543	-6.59271
1375	2	4	1	2	2	1	5	-2.78637	-3.6732	-4.17359	-4.07942
1376	4	7	10	4	1	7	1	-1.83985	-3.8846	-2.66746	-1.94283
1377	10	1	16	19	10	5	7	-6.11183	-2.75624	-4.24576	-4.90516
1378	2	4	1	2	7	1	5	-2.31889	-5.91661	-5.61948	-5.14294
1379	2	4	1	2	2	1	5	-2.78637	-3.6732	-4.17359	-4.07942
1380	10	81	50	99	120	76	52	-6.69883	-6.43696	-5.32775	-5.15844
1381	2	1	12	3	2	1	5	-2.62928	-2.12079	-3.65869	-4.46371
1382	2	4	1	2	2	1	5	-2.78637	-3.6732	-4.17359	-4.07942
1383	2	4	1	2	7	1	5	-2.31889	-5.91661	-5.61948	-5.14294
1384	1	2	3	4	5	9	3	-4.62124	-2.49953	-3.65585	-4.64154
1385	8	10	2	2	11	12	6	-3.9692	-7.49922	-7.34983	-7.1467
1386	1	4	2	2	6	3	17	-4.62717	-2.45643	-4.62152	-5.06662
1387	2	4	1	2	2	1	5	-2.78637	-3.6732	-4.17359	-4.07942
1388	2	4	1	2	2	1	5	-2.78637	-3.6732	-4.17359	-4.07942
1389	10	7	10	4	1	7	1	-12.0439	-10.6175	-9.77572	-9.24329
1390	2	1	21	3	2	1	5	-2.9384	-2.49431	-4.43389	-4.33303
1391	2	1	21	3	2	1	5	-2.9384	-2.49431	-4.43389	-4.33303
1392	10	1	16	19	10	5	7	-6.11183	-2.75624	-4.24576	-4.90516
1393	2	1	5	3	2	3	5	-4.23829	-3.25503	-5.5241	-4.68204
1394	2	1	5	3	2	3	5	-4.23829	-3.25503	-5.5241	-4.68204
1395	2	4	1	2	2	5	5	-6.80891	-6.4021	-8.78285	-9.03936
1396	2	4	1	2	7	1	5	-2.31889	-5.91661	-5.61948	-5.14294
1397	10	1	16	19	10	5	7	-6.11183	-2.75624	-4.24576	-4.90516
1398	2	4	1	2	7	1	5	-2.31889	-5.91661	-5.61948	-5.14294
1399	2	934	1	2	2	1	5	-6.81729	-7.78149	-7.43028	-6.97494
