Isolate	Loci0	Loci1	Loci2	Loci3	Loci4	Loci5	Loci6	Source0	Source1	Source2	Source3
0	1	2	3	4	5	9	3	-4.62361	-2.49407	-3.68444	-4.8068
1	4	7	10	4	1	7	1	-1.82618	-3.90858	-2.58785	-1.94847
2	2	4	1	2	2	1	5	-2.77791	-3.67851	-4.09324	-4.14046
3	2	4	1	2	2	1	5	-2.77791	-3.67851	-4.09324	-4.14046
4	9	25	2	10	22	3	6	-4.46473	-8.14093	-5.88694	-4.36345
5	4	7	10	4	1	7	1	-1.82618	-3.90858	-2.58785	-1.94847
6	4	7	10	4	1	7	1	-1.82618	-3.90858	-2.58785	-1.94847
7	4	7	10	4	42	51	1	-2.929	-4.71063	-4.74307	-3.82178
8	2	4	1	2	2	1	5	-2.77791	-3.67851	-4.09324	-4.14046
9	10	81	50	99	120	76	52	-6.68231	-6.4144	-5.29118	-5.17543
10	2	1	21	3	2	1	5	-2.92901	-2.49877	-4.43434	-4.42717
11	2	1	21	3	2	1	5	-2.92901	-2.49877	-4.43434	-4.42717
12	9	25	2	10	22	3	6	-4.46473	-8.14093	-5.88694	-4.36345
13	2	1	21	3	2	1	5	-2.92901	-2.49877	-4.43434	-4.42717
14	10	27	16	19	10	5	7	-20.1835	-12.7473	-16.6006	-16.762
15	2	4	1	2	2	1	5	-2.77791	-3.67851	-4.09324	-4.14046
16	2	4	1	2	2	1	5	-2.77791	-3.67851	-4.09324	-4.14046
17	9	2	4	62	4	5	6	-3.71848	-5.25419	-5.64677	-6.85712
18	9	53	2	53	11	3	3	-28.8287	-27.4209	-25.9588	-24.5513
19	2	4	1	2	2	1	5	-2.77791	-3.67851	-4.09324	-4.14046
20	2	4	1	2	2	1	5	-2.77791	-3.67851	-4.09324	-4.14046
21	4	7	10	4	1	7	1	-1.82618	-3.90858	-2.58785	-1.94847
22	2	4	1	2	2	1	5	-2.77791	-3.67851	-4.09324	-4.14046
23	1	4	2	2	6	3	17	-4.62041	-2.45512	-4.73452	-5.21509
24	4	7	10	4	1	7	1	-1.82618	-3.90858	-2.58785	-1.94847
25	2	1	21	3	2	1	5	-2.92901	-2.49877	-4.43434	-4.42717
26	8	10	2	2	11	12	6	-3.95693	-7.62437	-6.86939	-7.43464
27	2	4	2	2	6	1	5	-6.08561	-4.83809	-5.99602	-7.63079
28	2	1	12	3	2	1	5	-2.62176	-2.12378	-3.66084	-4.67896
29	2	4	1	2	2	1	5	-2.77791	-3.67851	-4.09324	-4.14046
30	4	7	10	4	1	7	1	-1.82618	-3.90858	-2.58785	-1.94847
31	10	1	16	19	10	5	7	-6.132	-2.7524	-4.29518	-5.02581
32	1	2	3	4	5	9	3	-4.62361	-2.49407	-3.68444	-4.8068
33	2	4	1	2	2	1	5	-2.77791	-3.67851	-4.09324	-4.14046
34	2	4	1	2	2	1	5	-2.77791	-3.67851	-4.09324	-4.14046
35	2	4	1	2	2	1	5	-2.77791	-3.67851	-4.09324	-4.14046
36	4	7	10	4	1	7	1	-1.82618	-3.90858	-2.58785	-1.94847
37	129	66	30	82	189	47	17	-3.24621	-4.94848	-5.32744	-4.16233
38	2	1	12	3	357	1	5	-5.86303	-6.19513	-6.51014	-6.98292
39	9	2	4	62	4	5	6	-3.71848	-5.25419	-5.64677	-6.85712
40	2	1	1	3	2	1	5	-4.61341	-3.79303	-6.46083	-6.80704
41	2	1	12	3	357	1	5	-5.86303	-6.19513	-6.51014	-6.98292
42	2	1	5	3	2	3	5	-4.22621	-3.25992	-5.57653	-4.71518
43	2	1	5	3	2	3	5	-4.22621	-3.25992	-5.57653	-4.71518
44	2	4	1	2	2	1	5	-2.77791	-3.67851	-4.09324	-4.14046
45	2	4	1	2	2	1	5	-2.77791	-3.67851	-4.09324	-4.14046
46	2	4	2	2	6	1	5	-6.08561	-4.83809	-5.99602	-7.63079
47	1	4	2	2	6	3	17	-4.62041	-2.45512	-4.73452	-5.21509
48	2	1	21	3	2	1	5	-2.92901	-2.49877	-4.43434	-4.42717
49	2	1	2	3	2	3	5	-3.7609	-7.3591	-6.6684	-7.22669
50	2	1	21	3	2	1	5	-2.92901	-2.49877	-4.43434	-4.42717
51	7	17	2	15	23	3	12	-6.9035	-10.6473	-9.81679	-10.3812
52	2	4	1	2	7	1	5	-2.30918	-6.0439	-5.16566	-5.32872
53	9	2	4	62	4	5	6	-3.71848	-5.25419	-5.64677	-6.85712
54	2	4	1	2	7	1	5	-2.30918	-6.0439	-5.16566	-5.32872
55	9	2	4	62	4	5	6	-3.71848	-5.25419	-5.64677	-6.85712
56	2	1	12	88	2	1	5	-3.94532	-3.4395	-5.77138	-5.24093
57	2	1	5	3	2	3	5	-4.22621	-3.25992	-5.57653	-4.71518
58	2	4	1	2	2	1	5	-2.77791	-3.67851	-4.09324	-4.14046
59	9	2	4	62	4	5	6	-3.71848	-5.25419	-5.64677	-6.85712
60	2	1	5	3	2	3	5	-4.22621	-3.25992	-5.57653	-4.71518
61	2	4	1	2	2	1	5	-2.77791	-3.67851	-4.09324	-4.14046
62	2	4	1	2	2	1	5	-2.77791	-3.67851	-4.09324	-4.14046
63	2	4	1	2	2	1	5	-2.77791	-3.67851	-4.09324	-4.14046
64	2	4	1	2	2	1	5	-2.77791	-3.67851	-4.09324	-4.14046
65	2	4	1	2	2	1	5	-2.77791	-3.67851	-4.09324	-4.14046
66	2	4	1	2	2	1	5	-2.77791	-3.67851	-4.09324	-4.14046
67	1	2	215	4	90	24	8	-27.5937	-29.6067	-22.2993	-19.9527
68	2	4	1	2	2	1	5	-2.77791	-3.67851	-4.09324	-4.14046
69	1	2	3	4	5	9	3	-4.62361	-2.49407	-3.68444	-4.8068
70	2	4	1	2	2	1	5	-2.77791	-3.67851	-4.09324	-4.14046
71	2	4	1	2	2	1	5	-2.77791	-3.67851	-4.09324	-4.14046
72	9	25	2	10	22	3	6	-4.46473	-8.14093	-5.88694	-4.36345
73	2	15	4	48	360	25	23	-6.67011	-9.49737	-5.71155	-4.91599
74	2	4	1	2	2	1	5	-2.77791	-3.67851	-4.09324	-4.14046
75	2	1	12	88	2	1	5	-3.94532	-3.4395	-5.77138	-5.24093
76	2	4	2	2	6	1	5	-6.08561	-4.83809	-5.99602	-7.63079
77	10	1	16	19	10	5	7	-6.132	-2.7524	-4.29518	-5.02581
78	2	4	1	2	2	1	5	-2.77791	-3.67851	-4.09324	-4.14046
79	2	1	12	3	2	1	5	-2.62176	-2.12378	-3.66084	-4.67896
80	2	4	1	2	2	1	5	-2.77791	-3.67851	-4.09324	-4.14046
81	2	4	1	2	2	1	5	-2.77791	-3.67851	-4.09324	-4.14046
82	1	4	2	2	6	3	17	-4.62041	-2.45512	-4.73452	-5.21509
83	10	1	16	19	10	5	7	-6.132	-2.7524	-4.29518	-5.02581
84	8	10	149	2	11	12	6	-4.8743	-3.98111	-5.72669	-6.86882
85	2	4	1	2	2	1	5	-2.77791	-3.67851	-4.09324	-4.14046
86	2	4	1	2	7	1	5	-2.30918	-6.0439	-5.16566	-5.32872
87	32	39	30	82	104	324	17	-8.12217	-4.68424	-7.72228	-7.97105
88	1	2	3	4	5	9	3	-4.62361	-2.49407	-3.68444	-4.8068
89	2	1	5	3	2	3	5	-4.22621	-3.25992	-5.57653	-4.71518
90	2	4	1	2	2	1	5	-2.77791	-3.67851	-4.09324	-4.14046
91	2	4	1	2	7	1	5	-2.30918	-6.0439	-5.16566	-5.32872
92	4	7	10	4	1	7	1	-1.82618	-3.90858	-2.58785	-1.94847
93	2	1	2	3	2	3	5	-3.7609	-7.3591	-6.6684	-7.22669
94	2	1	12	3	2	1	5	-2.62176	-2.12378	-3.66084	-4.67896
95	2	1	21	3	2	1	5	-2.92901	-2.49877	-4.43434	-4.42717
96	2	1	21	3	2	1	5	-2.92901	-2.49877	-4.43434	-4.42717
97	9	2	5	2	11	3	1	-29.4147	-31.9977	-28.5329	-26.2477
98	4	7	10	4	1	7	1	-1.82618	-3.90858	-2.58785	-1.94847
99	2	1	2	3	2	3	5	-3.7609	-7.3591	-6.6684	-7.22669
100	2	1	21	3	2	1	5	-2.92901	-2.49877	-4.43434	-4.42717
101	4	7	10	4	1	7	1	-1.82618	-3.90858	-2.58785	-1.94847
102	2	1	21	3	2	1	5	-2.92901	-2.49877	-4.43434	-4.42717
103	1	4	2	2	6	3	17	-4.62041	-2.45512	-4.73452	-5.21509
104	2	4	5	2	10	1	5	-6.89623	-10.6248	-9.80349	-10.3701
105	2	1	12	88	2	1	5	-3.94532	-3.4395	-5.77138	-5.24093
106	9	2	4	62	4	5	6	-3.71848	-5.25419	-5.64677	-6.85712
107	2	165	73	147	220	190	104	-8.54432	-11.2988	-6.97611	-5.23571
108	2	1	21	3	2	1	5	-2.92901	-2.49877	-4.43434	-4.42717
109	2	4	1	2	2	1	5	-2.77791	-3.67851	-4.09324	-4.14046
110	2	1	12	3	11	1	6	-18.9652	-17.4893	-20.4578	-20.8609
111	2	1	2	3	2	3	5	-3.7609	-7.3591	-6.6684	-7.22669
112	2	4	1	2	7	1	5	-2.30918	-6.0439	-5.16566	-5.32872
113	2	1	2	3	2	3	5	-3.7609	-7.3591	-6.6684	-7.22669
114	2	1	21	3	2	1	5	-2.92901	-2.49877	-4.43434	-4.42717
115	2	4	1	2	7	1	5	-2.30918	-6.0439	-5.16566	-5.32872
116	33	39	30	82	113	43	17	-9.77226	-6.45049	-6.18281	-8.57266
117	2	4	1	2	2	1	5	-2.77791	-3.67851	-4.09324	-4.14046
118	2	4	1	2	2	1	5	-2.77791	-3.67851	-4.09324	-4.14046
119	2	4	1	2	2	1	5	-2.77791	-3.67851	-4.09324	-4.14046
120	2	4	1	2	7	1	5	-2.30918	-6.0439	-5.16566	-5.32872
121	4	7	10	1	1	7	1	-5.27483	-8.75707	-5.94788	-6.16402
122	2	1	12	3	2	1	5	-2.62176	-2.12378	-3.66084	-4.67896
123	2	4	1	2	2	1	5	-2.77791	-3.67851	-4.09324	-4.14046
124	2	4	1	2	2	1	5	-2.77791	-3.67851	-4.09324	-4.14046
125	2	4	1	2	7	1	5	-2.30918	-6.0439	-5.16566	-5.32872
126	2	4	1	2	2	1	5	-2.77791	-3.67851	-4.09324	-4.14046
127	2	4	1	2	2	1	5	-2.77791	-3.67851	-4.09324	-4.14046
128	2	1	12	88	2	1	5	-3.94532	-3.4395	-5.77138	-5.24093
129	2	1	12	3	2	1	5	-2.62176	-2.12378	-3.66084	-4.67896
130	2	1	12	3	2	1	5	-2.62176	-2.12378	-3.66084	-4.67896
131	2	4	1	2	7	1	5	-2.30918	-6.0439	-5.16566	-5.32872
132	2	1	21	3	2	1	5	-2.92901	-2.49877	-4.43434	-4.42717
133	2	1	21	3	2	1	5	-2.92901	-2.49877	-4.43434	-4.42717
134	2	4	5	2	2	5	5	-3.67477	-7.3958	-6.37975	-5.96468
135	2	1	21	3	2	1	5	-2.92901	-2.49877	-4.43434	-4.42717
136	1	4	2	2	6	3	1	-11.4301	-10.0304	-10.7412	-10.7385
137	2	1	5	3	2	3	5	-4.22621	-3.25992	-5.57653	-4.71518
138	2	1	5	3	2	3	5	-4.22621	-3.25992	-5.57653	-4.71518
139	4	7	10	4	1	7	1	-1.82618	-3.90858	-2.58785	-1.94847
140	8	10	2	2	11	12	6	-3.95693	-7.62437	-6.86939	-7.43464
141	2	1	2	3	2	3	5	-3.7609	-7.3591	-6.6684	-7.22669
142	2	1	5	3	2	3	5	-4.22621	-3.25992	-5.57653	-4.71518
143	2	1	2	3	2	3	5	-3.7609	-7.3591	-6.6684	-7.22669
144	129	66	30	82	189	47	17	-3.24621	-4.94848	-5.32744	-4.16233
145	2	4	1	2	2	1	5	-2.77791	-3.67851	-4.09324	-4.14046
146	2	4	1	2	2	1	5	-2.77791	-3.67851	-4.09324	-4.14046
147	7	21	5	62	4	61	44	-7.27162	-3.83721	-5.79988	-6.97305
148	2	4	1	2	2	1	5	-2.77791	-3.67851	-4.09324	-4.14046
149	2	937	1	2	2	1	5	-5.94106	-7.75219	-6.92816	-6.44081
150	1	14	2	2	6	1	17	-9.07303	-6.45634	-7.85683	-6.30316
151	1	4	2	2	6	3	17	-4.62041	-2.45512	-4.73452	-5.21509
152	8	10	149	2	11	12	6	-4.8743	-3.98111	-5.72669	-6.86882
153	2	1	12	3	2	1	5	-2.62176	-2.12378	-3.66084	-4.67896
154	9	30	2	2	89	59	6	-4.95601	-8.7009	-7.86984	-8.43429
155	1	2	3	4	5	9	3	-4.62361	-2.49407	-3.68444	-4.8068
156	2	4	1	2	2	1	5	-2.77791	-3.67851	-4.09324	-4.14046
157	2	4	1	2	2	1	5	-2.77791	-3.67851	-4.09324	-4.14046
158	180	194	2	68	19	231	147	-21.4973	-29.4334	-22.4587	-20.3164
159	2	4	1	2	2	1	5	-2.77791	-3.67851	-4.09324	-4.14046
160	2	4	1	2	2	1	5	-2.77791	-3.67851	-4.09324	-4.14046
161	2	4	1	2	2	1	5	-2.77791	-3.67851	-4.09324	-4.14046
162	4	7	10	4	1	7	1	-1.82618	-3.90858	-2.58785	-1.94847
163	2	4	1	2	2	1	5	-2.77791	-3.67851	-4.09324	-4.14046
164	2	1	21	3	2	1	5	-2.92901	-2.49877	-4.43434	-4.42717
165	2	4	1	2	7	1	5	-2.30918	-6.0439	-5.16566	-5.32872
166	2	4	1	2	2	1	5	-2.77791	-3.67851	-4.09324	-4.14046
167	10	1	16	19	10	5	7	-6.132	-2.7524	-4.29518	-5.02581
168	104	7	10	4	1	7	1	-4.41264	-8.16294	-7.31501	-7.87172
169	2	4	1	2	2	1	5	-2.77791	-3.67851	-4.09324	-4.14046
170	10	27	16	19	10	5	7	-20.1835	-12.7473	-16.6006	-16.762
171	2	4	1	2	2	1	5	-2.77791	-3.67851	-4.09324	-4.14046
172	2	1	1	3	2	1	5	-4.61341	-3.79303	-6.46083	-6.80704
173	7	21	5	62	4	61	44	-7.27162	-3.83721	-5.79988	-6.97305
174	2	1	1	3	2	1	5	-4.61341	-3.79303	-6.46083	-6.80704
175	10	1	16	19	10	5	7	-6.132	-2.7524	-4.29518	-5.02581
176	2	4	1	2	2	1	5	-2.77791	-3.67851	-4.09324	-4.14046
177	2	4	1	2	2	1	5	-2.77791	-3.67851	-4.09324	-4.14046
178	2	1	12	3	2	1	5	-2.62176	-2.12378	-3.66084	-4.67896
179	2	4	1	2	2	1	5	-2.77791	-3.67851	-4.09324	-4.14046
180	2	4	1	2	2	1	5	-2.77791	-3.67851	-4.09324	-4.14046
181	1	4	2	2	6	3	17	-4.62041	-2.45512	-4.73452	-5.21509
182	2	1	12	3	2	1	5	-2.62176	-2.12378	-3.66084	-4.67896
183	4	7	10	4	1	7	1	-1.82618	-3.90858	-2.58785	-1.94847
184	2	4	1	2	2	1	5	-2.77791	-3.67851	-4.09324	-4.14046
185	2	4	1	2	2	1	5	-2.77791	-3.67851	-4.09324	-4.14046
186	2	1	21	3	2	1	5	-2.92901	-2.49877	-4.43434	-4.42717
187	4	7	10	4	1	7	1	-1.82618	-3.90858	-2.58785	-1.94847
188	4	7	10	4	42	51	1	-2.929	-4.71063	-4.74307	-3.82178
189	2	1	5	3	2	3	5	-4.22621	-3.25992	-5.57653	-4.71518
190	1	2	4	62	4	5	17	-6.09356	-4.856	-7.63944	-7.95429
191	4	7	10	4	1	7	1	-1.82618	-3.90858	-2.58785	-1.94847
192	4	7	10	4	42	51	1	-2.929	-4.71063	-4.74307	-3.82178
193	2	1	21	3	2	1	5	-2.92901	-2.49877	-4.43434	-4.42717
194	4	7	10	4	42	51	1	-2.929	-4.71063	-4.74307	-3.82178
195	2	4	1	2	7	1	5	-2.30918	-6.0439	-5.16566	-5.32872
196	2	4	1	2	2	1	5	-2.77791	-3.67851	-4.09324	-4.14046
197	1	2	3	4	5	9	3	-4.62361	-2.49407	-3.68444	-4.8068
198	1	2	4	62	4	5	17	-6.09356	-4.856	-7.63944	-7.95429
199	2	250	4	281	358	25	57	-27.5247	-30.8746	-19.7892	-18.0223
200	9	2	4	62	4	5	6	-3.71848	-5.25419	-5.64677	-6.85712
201	1	2	3	4	5	9	3	-4.62361	-2.49407	-3.68444	-4.8068
202	4	7	10	4	1	7	1	-1.82618	-3.90858	-2.58785	-1.94847
203	2	4	2	4	19	3	6	-5.80049	-9.53916	-8.70982	-9.27167
204	4	7	10	4	1	7	1	-1.82618	-3.90858	-2.58785	-1.94847
205	4	7	10	4	42	51	1	-2.929	-4.71063	-4.74307	-3.82178
206	2	1	12	3	2	1	5	-2.62176	-2.12378	-3.66084	-4.67896
207	4	7	10	4	1	7	1	-1.82618	-3.90858	-2.58785	-1.94847
208	2	1	12	3	2	1	5	-2.62176	-2.12378	-3.66084	-4.67896
209	1	2	4	62	4	5	17	-6.09356	-4.856	-7.63944	-7.95429
210	4	7	10	4	42	51	1	-2.929	-4.71063	-4.74307	-3.82178
211	2	4	1	2	2	1	5	-2.77791	-3.67851	-4.09324	-4.14046
212	4	7	10	4	1	7	1	-1.82618	-3.90858	-2.58785	-1.94847
213	2	1	21	3	2	1	5	-2.92901	-2.49877	-4.43434	-4.42717
214	47	2	4	2	6	5	17	-12.7533	-10.2634	-6.21625	-8.93354
215	2	1	21	3	2	1	5	-2.92901	-2.49877	-4.43434	-4.42717
216	2	1	21	3	2	1	5	-2.92901	-2.49877	-4.43434	-4.42717
217	2	4	1	2	2	1	5	-2.77791	-3.67851	-4.09324	-4.14046
218	2	4	1	2	2	1	5	-2.77791	-3.67851	-4.09324	-4.14046
219	10	81	50	99	120	76	52	-6.68231	-6.4144	-5.29118	-5.17543
220	2	4	1	2	2	1	5	-2.77791	-3.67851	-4.09324	-4.14046
221	2	4	1	2	2	1	5	-2.77791	-3.67851	-4.09324	-4.14046
222	1	4	2	2	6	3	17	-4.62041	-2.45512	-4.73452	-5.21509
223	1	2	4	62	4	5	17	-6.09356	-4.856	-7.63944	-7.95429
224	4	7	10	4	1	7	1	-1.82618	-3.90858	-2.58785	-1.94847
225	4	7	10	4	1	7	1	-1.82618	-3.90858	-2.58785	-1.94847
226	10	1	16	19	10	5	7	-6.132	-2.7524	-4.29518	-5.02581
227	2	4	1	2	2	1	5	-2.77791	-3.67851	-4.09324	-4.14046
228	2	4	1	2	7	1	5	-2.30918	-6.0439	-5.16566	-5.32872
229	1	4	2	348	6	3	17	-8.81445	-5.36845	-8.41037	-8.66131
230	1	2	4	62	4	5	17	-6.09356	-4.856	-7.63944	-7.95429
231	10	27	16	19	10	5	7	-20.1835	-12.7473	-16.6006	-16.762
232	1	4	2	2	6	3	17	-4.62041	-2.45512	-4.73452	-5.21509
233	4	7	10	4	42	51	1	-2.929	-4.71063	-4.74307	-3.82178
234	2	4	1	2	2	1	5	-2.77791	-3.67851	-4.09324	-4.14046
235	2	1	12	3	2	1	5	-2.62176	-2.12378	-3.66084	-4.67896
236	2	1	12	88	2	1	5	-3.94532	-3.4395	-5.77138	-5.24093
237	2	4	1	2	7	1	5	-2.30918	-6.0439	-5.16566	-5.32872
238	2	1	12	3	2	1	5	-2.62176	-2.12378	-3.66084	-4.67896
239	1	4	2	2	6	3	17	-4.62041	-2.45512	-4.73452	-5.21509
240	2	1	4	28	58	25	58	-5.64291	-8.87387	-5.36689	-4.23217
241	2	1	5	3	2	3	5	-4.22621	-3.25992	-5.57653	-4.71518
242	2	1	12	3	2	1	5	-2.62176	-2.12378	-3.66084	-4.67896
243	2	4	1	2	2	1	5	-2.77791	-3.67851	-4.09324	-4.14046
244	2	1	5	10	11	1	5	-27.455	-22.1322	-24.4612	-25.6587
245	2	1	12	3	2	1	5	-2.62176	-2.12378	-3.66084	-4.67896
246	2	1	12	88	2	1	5	-3.94532	-3.4395	-5.77138	-5.24093
247	2	1	12	3	2	1	5	-2.62176	-2.12378	-3.66084	-4.67896
248	2	1	12	3	2	1	5	-2.62176	-2.12378	-3.66084	-4.67896
249	1	4	2	2	6	3	17	-4.62041	-2.45512	-4.73452	-5.21509
250	9	2	4	62	4	5	6	-3.71848	-5.25419	-5.64677	-6.85712
251	2	1	12	3	2	1	5	-2.62176	-2.12378	-3.66084	-4.67896
252	8	10	149	2	11	12	6	-4.8743	-3.98111	-5.72669	-6.86882
253	2	1	21	3	2	1	5	-2.92901	-2.49877	-4.43434	-4.42717
254	1	2	3	4	5	9	3	-4.62361	-2.49407	-3.68444	-4.8068
255	2	1	5	3	2	3	5	-4.22621	-3.25992	-5.57653	-4.71518
256	1	307	3	4	5	9	3	-6.85208	-6.4337	-6.14616	-8.41609
257	1	4	2	2	6	3	17	-4.62041	-2.45512	-4.73452	-5.21509
258	2	4	1	2	7	1	5	-2.30918	-6.0439	-5.16566	-5.32872
259	2	4	1	2	2	1	5	-2.77791	-3.67851	-4.09324	-4.14046
260	2	61	4	64	126	7	23	-5.97844	-9.42522	-5.94513	-4.23815
261	7	21	5	62	4	61	44	-7.27162	-3.83721	-5.79988	-6.97305
262	2	1	12	3	2	1	5	-2.62176	-2.12378	-3.66084	-4.67896
263	2	4	1	2	2	1	5	-2.77791	-3.67851	-4.09324	-4.14046
264	2	1	12	3	2	1	5	-2.62176	-2.12378	-3.66084	-4.67896
265	2	1	21	3	2	1	5	-2.92901	-2.49877	-4.43434	-4.42717
266	2	1	21	3	2	1	5	-2.92901	-2.49877	-4.43434	-4.42717
267	2	4	1	2	2	1	5	-2.77791	-3.67851	-4.09324	-4.14046
268	2	4	1	2	2	1	5	-2.77791	-3.67851	-4.09324	-4.14046
269	2	4	1	2	7	1	5	-2.30918	-6.0439	-5.16566	-5.32872
270	4	7	10	4	1	7	1	-1.82618	-3.90858	-2.58785	-1.94847
271	1	2	4	62	4	5	17	-6.09356	-4.856	-7.63944	-7.95429
272	4	1	21	3	2	1	5	-9.82005	-10.1719	-10.5623	-10.0259
273	10	1	16	19	10	5	7	-6.132	-2.7524	-4.29518	-5.02581
274	33	283	44	82	189	44	17	-6.85232	-3.47796	-5.57846	-5.79231
275	2	1	12	3	2	1	5	-2.62176	-2.12378	-3.66084	-4.67896
276	10	81	50	99	120	76	52	-6.68231	-6.4144	-5.29118	-5.17543
277	4	7	10	4	42	25	1	-8.50599	-9.96216	-5.81915	-5.18139
278	2	4	1	2	2	1	5	-2.77791	-3.67851	-4.09324	-4.14046
279	2	4	5	2	10	1	5	-6.89623	-10.6248	-9.80349	-10.3701
280	2	4	1	2	2	1	5	-2.77791	-3.67851	-4.09324	-4.14046
281	9	2	4	62	4	5	6	-3.71848	-5.25419	-5.64677	-6.85712
282	4	7	10	4	1	7	1	-1.82618	-3.90858	-2.58785	-1.94847
283	2	1	12	3	2	1	5	-2.62176	-2.12378	-3.66084	-4.67896
284	9	2	4	62	4	5	6	-3.71848	-5.25419	-5.64677	-6.85712
285	9	2	4	62	4	5	6	-3.71848	-5.25419	-5.64677	-6.85712
286	2	4	1	2	2	1	5	-2.77791	-3.67851	-4.09324	-4.14046
287	2	1	12	88	2	1	5	-3.94532	-3.4395	-5.77138	-5.24093
288	2	1	21	3	2	1	5	-2.92901	-2.49877	-4.43434	-4.42717
289	33	39	30	79	113	44	17	-26.0152	-24.1928	-24.8072	-27.0376
290	1	2	3	4	5	9	3	-4.62361	-2.49407	-3.68444	-4.8068
291	1	4	2	2	6	3	17	-4.62041	-2.45512	-4.73452	-5.21509
292	9	2	4	62	4	5	6	-3.71848	-5.25419	-5.64677	-6.85712
293	2	1	12	3	2	1	5	-2.62176	-2.12378	-3.66084	-4.67896
294	2	1	5	3	2	5	5	-5.53395	-2.83385	-4.18058	-5.33941
295	2	1	5	3	2	5	5	-5.53395	-2.83385	-4.18058	-5.33941
296	2	4	1	2	2	1	5	-2.77791	-3.67851	-4.09324	-4.14046
297	2	4	1	2	2	1	5	-2.77791	-3.67851	-4.09324	-4.14046
298	2	1	21	3	2	1	5	-2.92901	-2.49877	-4.43434	-4.42717
299	32	39	30	82	104	324	17	-8.12217	-4.68424	-7.72228	-7.97105
300	2	1	12	3	2	1	5	-2.62176	-2.12378	-3.66084	-4.67896
301	4	7	10	4	1	7	1	-1.82618	-3.90858	-2.58785	-1.94847
302	1	4	2	2	6	3	5	-8.69448	-5.2642	-8.32405	-8.61315
303	2	1	21	3	2	1	5	-2.92901	-2.49877	-4.43434	-4.42717
304	4	7	10	4	42	51	1	-2.929	-4.71063	-4.74307	-3.82178
305	2	4	1	2	7	1	5	-2.30918	-6.0439	-5.16566	-5.32872
306	7	21	5	62	4	61	44	-7.27162	-3.83721	-5.79988	-6.97305
307	104	7	10	4	1	7	1	-4.41264	-8.16294	-7.31501	-7.87172
308	9	25	2	10	22	3	6	-4.46473	-8.14093	-5.88694	-4.36345
309	2	4	2	2	6	3	17	-10.8374	-7.61114	-10.4032	-10.55
310	2	4	1	2	7	1	5	-2.30918	-6.0439	-5.16566	-5.32872
311	129	66	30	82	189	47	17	-3.24621	-4.94848	-5.32744	-4.16233
312	33	39	30	82	104	173	68	-5.37898	-3.98733	-6.80921	-7.11314
313	2	1	12	3	2	1	5	-2.62176	-2.12378	-3.66084	-4.67896
314	2	1	1	3	2	1	5	-4.61341	-3.79303	-6.46083	-6.80704
315	7	21	5	62	4	61	44	-7.27162	-3.83721	-5.79988	-6.97305
316	2	1	21	3	2	1	5	-2.92901	-2.49877	-4.43434	-4.42717
317	4	7	10	4	1	7	1	-1.82618	-3.90858	-2.58785	-1.94847
318	10	2	107	62	120	76	1	-6.84034	-10.4885	-7.91186	-6.31634
319	4	7	10	4	1	7	1	-1.82618	-3.90858	-2.58785	-1.94847
320	2	1	12	3	2	1	5	-2.62176	-2.12378	-3.66084	-4.67896
321	2	1	5	3	2	3	5	-4.22621	-3.25992	-5.57653	-4.71518
322	4	7	10	4	1	7	1	-1.82618	-3.90858	-2.58785	-1.94847
323	2	1	12	88	2	1	5	-3.94532	-3.4395	-5.77138	-5.24093
324	4	7	10	4	42	7	1	-6.55338	-9.3696	-5.59201	-4.66248
325	4	7	10	4	42	51	1	-2.929	-4.71063	-4.74307	-3.82178
326	2	1	21	3	2	1	5	-2.92901	-2.49877	-4.43434	-4.42717
327	2	1	12	3	2	1	5	-2.62176	-2.12378	-3.66084	-4.67896
328	4	7	10	4	1	7	1	-1.82618	-3.90858	-2.58785	-1.94847
329	2	4	1	2	7	1	5	-2.30918	-6.0439	-5.16566	-5.32872
330	4	7	10	4	1	7	1	-1.82618	-3.90858	-2.58785	-1.94847
331	2	1	12	3	2	1	5	-2.62176	-2.12378	-3.66084	-4.67896
332	4	7	10	4	1	7	1	-1.82618	-3.90858	-2.58785	-1.94847
333	4	7	10	4	1	7	1	-1.82618	-3.90858	-2.58785	-1.94847
334	1	4	2	2	6	3	17	-4.62041	-2.45512	-4.73452	-5.21509
335	2	4	1	2	2	1	5	-2.77791	-3.67851	-4.09324	-4.14046
336	4	7	10	4	1	7	1	-1.82618	-3.90858	-2.58785	-1.94847
337	7	17	2	15	23	3	12	-6.9035	-10.6473	-9.81679	-10.3812
338	2	1	5	3	2	3	5	-4.22621	-3.25992	-5.57653	-4.71518
339	4	7	10	4	1	7	1	-1.82618	-3.90858	-2.58785	-1.94847
340	4	7	10	4	1	7	1	-1.82618	-3.90858	-2.58785	-1.94847
341	4	7	10	4	42	51	1	-2.929	-4.71063	-4.74307	-3.82178
342	2	4	1	2	2	1	5	-2.77791	-3.67851	-4.09324	-4.14046
343	2	1	12	88	2	1	5	-3.94532	-3.4395	-5.77138	-5.24093
344	2	1	1	3	2	1	5	-4.61341	-3.79303	-6.46083	-6.80704
345	1	2	3	4	5	9	3	-4.62361	-2.49407	-3.68444	-4.8068
346	2	1	12	88	2	1	5	-3.94532	-3.4395	-5.77138	-5.24093
347	2	1	1	3	2	1	5	-4.61341	-3.79303	-6.46083	-6.80704
348	24	17	2	10	23	68	5	-9.21995	-5.78081	-8.81997	-9.06911
349	4	7	10	4	1	7	1	-1.82618	-3.90858	-2.58785	-1.94847
350	2	1	21	3	2	1	5	-2.92901	-2.49877	-4.43434	-4.42717
351	1	4	2	2	6	3	17	-4.62041	-2.45512	-4.73452	-5.21509
352	2	1	5	3	2	3	5	-4.22621	-3.25992	-5.57653	-4.71518
353	4	7	10	4	1	7	1	-1.82618	-3.90858	-2.58785	-1.94847
354	2	1	1	3	2	1	5	-4.61341	-3.79303	-6.46083	-6.80704
355	2	1	12	3	2	1	5	-2.62176	-2.12378	-3.66084	-4.67896
356	8	10	149	2	11	12	6	-4.8743	-3.98111	-5.72669	-6.86882
357	2	4	1	2	2	5	5	-6.81325	-6.41092	-8.84268	-9.25356
358	10	1	16	19	10	5	7	-6.132	-2.7524	-4.29518	-5.02581
359	24	17	2	10	23	68	5	-9.21995	-5.78081	-8.81997	-9.06911
360	1	2	4	62	4	5	17	-6.09356	-4.856	-7.63944	-7.95429
361	2	4	1	2	7	1	5	-2.30918	-6.0439	-5.16566	-5.32872
362	7	71	5	62	11	67	6	-27.783	-27.2838	-27.1707	-27.2686
363	7	17	5	2	10	3	6	-25.6006	-24.4815	-24.0125	-22.7574
364	2	1	5	3	2	3	5	-4.22621	-3.25992	-5.57653	-4.71518
365	9	2	4	62	4	5	6	-3.71848	-5.25419	-5.64677	-6.85712
366	33	38	30	82	104	325	36	-13.1551	-10.5574	-12.3649	-12.0722
367	2	4	1	2	7	1	5	-2.30918	-6.0439	-5.16566	-5.32872
368	47	2	4	2	6	5	17	-12.7533	-10.2634	-6.21625	-8.93354
369	2	1	12	88	2	1	5	-3.94532	-3.4395	-5.77138	-5.24093
370	2	1	12	88	2	1	5	-3.94532	-3.4395	-5.77138	-5.24093
371	2	1	12	88	2	1	5	-3.94532	-3.4395	-5.77138	-5.24093
372	2	1	12	88	2	1	5	-3.94532	-3.4395	-5.77138	-5.24093
373	2	4	1	2	2	1	5	-2.77791	-3.67851	-4.09324	-4.14046
374	2	1	12	88	2	1	5	-3.94532	-3.4395	-5.77138	-5.24093
375	1	1	2	2	6	3	17	-9.73351	-6.15632	-9.23073	-9.58476
376	2	1	12	88	2	1	5	-3.94532	-3.4395	-5.77138	-5.24093
377	2	1	12	88	2	1	5	-3.94532	-3.4395	-5.77138	-5.24093
378	2	4	1	2	2	1	5	-2.77791	-3.67851	-4.09324	-4.14046
379	2	1	12	88	2	1	5	-3.94532	-3.4395	-5.77138	-5.24093
380	2	1	5	3	2	3	5	-4.22621	-3.25992	-5.57653	-4.71518
381	4	7	10	4	1	7	1	-1.82618	-3.90858	-2.58785	-1.94847
382	2	1	12	3	2	1	5	-2.62176	-2.12378	-3.66084	-4.67896
383	1	2	4	62	4	5	17	-6.09356	-4.856	-7.63944	-7.95429
384	1	4	2	2	6	3	17	-4.62041	-2.45512	-4.73452	-5.21509
385	2	1	12	3	2	1	5	-2.62176	-2.12378	-3.66084	-4.67896
386	2	1	12	88	2	1	5	-3.94532	-3.4395	-5.77138	-5.24093
387	9	2	4	62	4	5	6	-3.71848	-5.25419	-5.64677	-6.85712
388	2	4	1	2	7	1	5	-2.30918	-6.0439	-5.16566	-5.32872
389	2	1	5	3	2	3	5	-4.22621	-3.25992	-5.57653	-4.71518
390	7	21	5	62	4	61	44	-7.27162	-3.83721	-5.79988	-6.97305
391	1	2	215	4	90	24	8	-27.5937	-29.6067	-22.2993	-19.9527
392	2	1	21	3	2	1	5	-2.92901	-2.49877	-4.43434	-4.42717
393	1	4	2	2	6	3	17	-4.62041	-2.45512	-4.73452	-5.21509
394	2	4	1	2	2	1	5	-2.77791	-3.67851	-4.09324	-4.14046
395	2	1	12	3	2	1	5	-2.62176	-2.12378	-3.66084	-4.67896
396	1	2	3	4	5	9	3	-4.62361	-2.49407	-3.68444	-4.8068
397	2	1	5	3	2	3	5	-4.22621	-3.25992	-5.57653	-4.71518
398	10	1	16	19	10	5	7	-6.132	-2.7524	-4.29518	-5.02581
399	2	1	2	3	2	959	5	-6.99936	-10.8233	-9.49734	-9.51758
400	10	1	16	19	10	5	7	-6.132	-2.7524	-4.29518	-5.02581
401	2	4	1	2	7	1	5	-2.30918	-6.0439	-5.16566	-5.32872
402	2	1	12	3	2	1	5	-2.62176	-2.12378	-3.66084	-4.67896
403	8	10	149	2	11	12	6	-4.8743	-3.98111	-5.72669	-6.86882
404	2	4	1	2	7	1	5	-2.30918	-6.0439	-5.16566	-5.32872
405	4	7	10	4	1	7	1	-1.82618	-3.90858	-2.58785	-1.94847
406	4	7	10	4	1	7	1	-1.82618	-3.90858	-2.58785	-1.94847
407	2	4	5	2	2	5	5	-3.67477	-7.3958	-6.37975	-5.96468
408	2	1	12	3	2	1	5	-2.62176	-2.12378	-3.66084	-4.67896
409	166	2	27	10	151	3	1	-29.3079	-32.7122	-27.0814	-23.7969
410	33	39	30	79	113	44	17	-26.0152	-24.1928	-24.8072	-27.0376
411	7	17	2	15	23	3	12	-6.9035	-10.6473	-9.81679	-10.3812
412	1	2	3	4	5	9	3	-4.62361	-2.49407	-3.68444	-4.8068
413	2	4	1	2	7	1	5	-2.30918	-6.0439	-5.16566	-5.32872
414	7	21	5	62	4	61	44	-7.27162	-3.83721	-5.79988	-6.97305
415	2	1	12	3	2	1	5	-2.62176	-2.12378	-3.66084	-4.67896
416	1	2	3	4	5	9	3	-4.62361	-2.49407	-3.68444	-4.8068
417	2	1	5	88	2	11	5	-8.7911	-5.35045	-6.10344	-8.08929
418	2	4	1	2	7	1	5	-2.30918	-6.0439	-5.16566	-5.32872
419	2	1	21	3	2	1	5	-2.92901	-2.49877	-4.43434	-4.42717
420	7	17	2	15	23	3	12	-6.9035	-10.6473	-9.81679	-10.3812
421	2	1	5	88	2	11	5	-8.7911	-5.35045	-6.10344	-8.08929
422	47	2	4	2	6	5	17	-12.7533	-10.2634	-6.21625	-8.93354
423	1	2	3	4	5	9	3	-4.62361	-2.49407	-3.68444	-4.8068
424	7	17	2	15	23	3	12	-6.9035	-10.6473	-9.81679	-10.3812
425	2	4	1	2	2	1	5	-2.77791	-3.67851	-4.09324	-4.14046
426	2	4	1	2	2	1	5	-2.77791	-3.67851	-4.09324	-4.14046
427	2	4	1	2	2	1	5	-2.77791	-3.67851	-4.09324	-4.14046
428	2	1	12	3	2	1	5	-2.62176	-2.12378	-3.66084	-4.67896
429	2	4	5	2	2	5	5	-3.67477	-7.3958	-6.37975	-5.96468
430	2	1	21	3	2	1	5	-2.92901	-2.49877	-4.43434	-4.42717
431	4	7	10	4	42	25	1	-8.50599	-9.96216	-5.81915	-5.18139
432	1	4	2	2	6	3	17	-4.62041	-2.45512	-4.73452	-5.21509
433	1	2	215	4	923	24	8	-27.5937	-29.6067	-22.2993	-19.9527
434	1	2	3	4	5	9	3	-4.62361	-2.49407	-3.68444	-4.8068
435	2	1	1	3	2	1	5	-4.61341	-3.79303	-6.46083	-6.80704
436	1	4	2	2	6	3	17	-4.62041	-2.45512	-4.73452	-5.21509
437	2	4	1	2	2	1	5	-2.77791	-3.67851	-4.09324	-4.14046
438	2	1	5	3	2	5	5	-5.53395	-2.83385	-4.18058	-5.33941
439	4	7	10	4	42	51	1	-2.929	-4.71063	-4.74307	-3.82178
440	4	7	10	4	1	7	1	-1.82618	-3.90858	-2.58785	-1.94847
441	4	7	10	4	1	7	1	-1.82618	-3.90858	-2.58785	-1.94847
442	4	7	10	4	1	7	1	-1.82618	-3.90858	-2.58785	-1.94847
443	2	1	21	3	2	1	5	-2.92901	-2.49877	-4.43434	-4.42717
444	2	1	21	3	2	1	5	-2.92901	-2.49877	-4.43434	-4.42717
445	2	4	1	2	7	1	5	-2.30918	-6.0439	-5.16566	-5.32872
446	4	7	10	4	1	7	1	-1.82618	-3.90858	-2.58785	-1.94847
447	4	7	10	4	1	7	1	-1.82618	-3.90858	-2.58785	-1.94847
448	2	1	1	3	2	1	5	-4.61341	-3.79303	-6.46083	-6.80704
449	2	1	21	3	2	1	5	-2.92901	-2.49877	-4.43434	-4.42717
450	2	1	21	3	2	1	5	-2.92901	-2.49877	-4.43434	-4.42717
451	4	7	10	4	42	51	1	-2.929	-4.71063	-4.74307	-3.82178
452	4	7	10	1	1	7	1	-5.27483	-8.75707	-5.94788	-6.16402
453	239	27	16	19	10	5	7	-9.91524	-6.476	-9.51377	-9.76346
454	2	1	12	3	2	1	5	-2.62176	-2.12378	-3.66084	-4.67896
455	2	4	1	2	2	1	5	-2.77791	-3.67851	-4.09324	-4.14046
456	2	1	12	3	2	1	5	-2.62176	-2.12378	-3.66084	-4.67896
457	2	1	12	3	2	1	5	-2.62176	-2.12378	-3.66084	-4.67896
458	10	81	50	99	120	76	52	-6.68231	-6.4144	-5.29118	-5.17543
459	47	2	4	2	6	5	17	-12.7533	-10.2634	-6.21625	-8.93354
460	2	4	1	3	2	1	5	-6.83622	-8.6074	-9.40984	-9.97847
461	4	7	10	4	1	7	1	-1.82618	-3.90858	-2.58785	-1.94847
462	2	1	1	380	2	1	5	-6.15458	-5.74512	-8.25726	-8.62925
463	2	4	1	2	7	1	5	-2.30918	-6.0439	-5.16566	-5.32872
464	2	1	12	88	2	1	5	-3.94532	-3.4395	-5.77138	-5.24093
465	7	71	5	62	11	67	1	-29.1645	-27.5515	-26.4393	-26.1591
466	2	4	1	2	7	1	5	-2.30918	-6.0439	-5.16566	-5.32872
467	4	7	10	4	1	7	1	-1.82618	-3.90858	-2.58785	-1.94847
468	2	1	1	380	2	1	5	-6.15458	-5.74512	-8.25726	-8.62925
469	2	4	1	2	2	1	5	-2.77791	-3.67851	-4.09324	-4.14046
470	2	1	12	3	2	1	5	-2.62176	-2.12378	-3.66084	-4.67896
471	1	14	2	2	6	1	17	-9.07303	-6.45634	-7.85683	-6.30316
472	1	2	4	62	4	5	17	-6.09356	-4.856	-7.63944	-7.95429
473	4	7	10	4	1	7	1	-1.82618	-3.90858	-2.58785	-1.94847
474	2	1	21	3	2	1	5	-2.92901	-2.49877	-4.43434	-4.42717
475	2	4	1	2	2	1	5	-2.77791	-3.67851	-4.09324	-4.14046
476	1	4	2	2	6	3	17	-4.62041	-2.45512	-4.73452	-5.21509
477	4	7	10	4	1	7	1	-1.82618	-3.90858	-2.58785	-1.94847
478	10	2	107	62	120	76	1	-6.84034	-10.4885	-7.91186	-6.31634
479	2	1	12	3	2	1	5	-2.62176	-2.12378	-3.66084	-4.67896
480	2	1	5	3	2	3	5	-4.22621	-3.25992	-5.57653	-4.71518
481	2	1	21	3	2	1	5	-2.92901	-2.49877	-4.43434	-4.42717
482	1	2	3	4	5	9	3	-4.62361	-2.49407	-3.68444	-4.8068
483	1	307	3	4	5	9	3	-6.85208	-6.4337	-6.14616	-8.41609
484	7	2	5	2	10	3	6	-31.5405	-27.6041	-28.4827	-28.9585
485	1	2	3	4	5	9	3	-4.62361	-2.49407	-3.68444	-4.8068
486	33	39	30	82	104	173	68	-5.37898	-3.98733	-6.80921	-7.11314
487	4	7	10	4	42	7	1	-6.55338	-9.3696	-5.59201	-4.66248
488	2	1	12	88	2	1	5	-3.94532	-3.4395	-5.77138	-5.24093
489	2	4	1	2	2	1	5	-2.77791	-3.67851	-4.09324	-4.14046
490	2	1	21	3	2	1	5	-2.92901	-2.49877	-4.43434	-4.42717
491	9	2	4	62	4	5	6	-3.71848	-5.25419	-5.64677	-6.85712
492	2	1	5	3	2	3	5	-4.22621	-3.25992	-5.57653	-4.71518
493	4	7	10	4	1	7	1	-1.82618	-3.90858	-2.58785	-1.94847
494	2	1	57	26	127	29	35	-6.89644	-9.73795	-6.18616	-8.70677
495	2	1	57	26	127	29	35	-6.89644	-9.73795	-6.18616	-8.70677
496	2	4	2	4	19	3	6	-5.80049	-9.53916	-8.70982	-9.27167
497	2	1	12	3	2	1	5	-2.62176	-2.12378	-3.66084	-4.67896
498	2	4	1	2	2	1	5	-2.77791	-3.67851	-4.09324	-4.14046
499	2	4	1	2	2	1	5	-2.77791	-3.67851	-4.09324	-4.14046
500	2	1	21	3	2	1	5	-2.92901	-2.49877	-4.43434	-4.42717
501	33	39	65	79	104	43	17	-4.6002	-8.34451	-7.5135	-8.07869
502	1	14	2	2	6	1	17	-9.07303	-6.45634	-7.85683	-6.30316
503	2	1	12	3	2	1	5	-2.62176	-2.12378	-3.66084	-4.67896
504	7	21	5	62	4	61	44	-7.27162	-3.83721	-5.79988	-6.97305
505	9	2	4	62	4	5	6	-3.71848	-5.25419	-5.64677	-6.85712
506	129	66	30	82	189	47	17	-3.24621	-4.94848	-5.32744	-4.16233
507	2	1	21	3	2	1	5	-2.92901	-2.49877	-4.43434	-4.42717
508	47	2	4	2	6	5	17	-12.7533	-10.2634	-6.21625	-8.93354
509	2	4	1	2	7	1	5	-2.30918	-6.0439	-5.16566	-5.32872
510	33	38	30	82	104	325	36	-13.1551	-10.5574	-12.3649	-12.0722
511	1	4	2	2	6	3	17	-4.62041	-2.45512	-4.73452	-5.21509
512	1	4	2	2	6	3	17	-4.62041	-2.45512	-4.73452	-5.21509
513	2	4	1	2	2	1	5	-2.77791	-3.67851	-4.09324	-4.14046
514	4	7	10	4	1	7	1	-1.82618	-3.90858	-2.58785	-1.94847
515	33	283	44	82	189	44	17	-6.85232	-3.47796	-5.57846	-5.79231
516	8	10	149	2	11	12	6	-4.8743	-3.98111	-5.72669	-6.86882
517	2	1	21	3	62	1	5	-5.79803	-9.52485	-8.70776	-9.27326
518	10	1	16	19	10	5	7	-6.132	-2.7524	-4.29518	-5.02581
519	180	194	2	68	19	231	147	-21.4973	-29.4334	-22.4587	-20.3164
520	2	4	1	2	7	1	5	-2.30918	-6.0439	-5.16566	-5.32872
521	2	4	2	2	6	1	5	-6.08561	-4.83809	-5.99602	-7.63079
522	1	2	3	4	5	9	3	-4.62361	-2.49407	-3.68444	-4.8068
523	2	1	21	3	2	1	5	-2.92901	-2.49877	-4.43434	-4.42717
524	2	1	12	3	2	1	5	-2.62176	-2.12378	-3.66084	-4.67896
525	2	1	5	3	2	3	5	-4.22621	-3.25992	-5.57653	-4.71518
526	1	307	3	4	5	9	3	-6.85208	-6.4337	-6.14616	-8.41609
527	2	4	1	2	7	1	5	-2.30918	-6.0439	-5.16566	-5.32872
528	2	1	12	3	2	1	5	-2.62176	-2.12378	-3.66084	-4.67896
529	7	21	5	62	4	61	44	-7.27162	-3.83721	-5.79988	-6.97305
530	2	1	5	3	2	3	5	-4.22621	-3.25992	-5.57653	-4.71518
531	2	1	12	88	2	1	5	-3.94532	-3.4395	-5.77138	-5.24093
532	2	1	21	3	2	1	5	-2.92901	-2.49877	-4.43434	-4.42717
533	1	4	2	2	6	3	17	-4.62041	-2.45512	-4.73452	-5.21509
534	2	4	1	2	7	1	5	-2.30918	-6.0439	-5.16566	-5.32872
535	47	2	4	2	6	5	17	-12.7533	-10.2634	-6.21625	-8.93354
536	1	4	2	2	6	3	17	-4.62041	-2.45512	-4.73452	-5.21509
537	1	2	3	4	5	9	3	-4.62361	-2.49407	-3.68444	-4.8068
538	2	4	1	2	2	1	5	-2.77791	-3.67851	-4.09324	-4.14046
539	4	7	10	4	42	7	1	-6.55338	-9.3696	-5.59201	-4.66248
540	2	4	1	9	2	1	5	-6.00353	-7.75696	-6.94119	-6.44806
541	2	1	12	3	2	1	5	-2.62176	-2.12378	-3.66084	-4.67896
542	1	4	2	9	6	3	17	-7.84738	-6.48355	-7.56084	-7.49334
543	1	2	3	4	922	9	3	-7.8643	-6.57424	-6.53531	-7.11589
544	4	7	10	4	1	7	1	-1.82618	-3.90858	-2.58785	-1.94847
545	2	1	5	3	2	3	5	-4.22621	-3.25992	-5.57653	-4.71518
546	2	4	1	2	7	1	5	-2.30918	-6.0439	-5.16566	-5.32872
547	4	7	10	4	1	7	1	-1.82618	-3.90858	-2.58785	-1.94847
548	2	4	1	2	2	1	5	-2.77791	-3.67851	-4.09324	-4.14046
549	2	1	21	3	2	1	5	-2.92901	-2.49877	-4.43434	-4.42717
550	4	7	10	4	1	7	1	-1.82618	-3.90858	-2.58785	-1.94847
551	1	4	2	2	6	3	17	-4.62041	-2.45512	-4.73452	-5.21509
552	2	1	5	3	2	5	5	-5.53395	-2.83385	-4.18058	-5.33941
553	2	1	12	3	2	1	5	-2.62176	-2.12378	-3.66084	-4.67896
554	4	936	10	4	1	7	1	-5.06163	-7.98508	-5.41304	-4.25989
555	180	194	2	68	19	231	147	-21.4973	-29.4334	-22.4587	-20.3164
556	4	7	10	4	42	51	1	-2.929	-4.71063	-4.74307	-3.82178
557	4	7	10	4	42	25	1	-8.50599	-9.96216	-5.81915	-5.18139
558	2	1	21	3	2	1	5	-2.92901	-2.49877	-4.43434	-4.42717
559	2	1	5	3	2	3	5	-4.22621	-3.25992	-5.57653	-4.71518
560	2	1	5	3	2	3	5	-4.22621	-3.25992	-5.57653	-4.71518
561	4	7	10	4	42	51	1	-2.929	-4.71063	-4.74307	-3.82178
562	4	7	10	4	1	7	1	-1.82618	-3.90858	-2.58785	-1.94847
563	2	4	1	2	7	1	5	-2.30918	-6.0439	-5.16566	-5.32872
564	2	1	21	3	2	1	5	-2.92901	-2.49877	-4.43434	-4.42717
565	1	4	2	2	6	3	17	-4.62041	-2.45512	-4.73452	-5.21509
566	188	313	5	2	89	5	6	-39.3281	-36.0718	-36.9141	-39.0101
567	2	1	21	3	2	1	5	-2.92901	-2.49877	-4.43434	-4.42717
568	2	1	1	3	2	1	5	-4.61341	-3.79303	-6.46083	-6.80704
569	2	1	5	3	2	3	5	-4.22621	-3.25992	-5.57653	-4.71518
570	2	4	1	2	2	1	5	-2.77791	-3.67851	-4.09324	-4.14046
571	2	1	5	3	2	3	5	-4.22621	-3.25992	-5.57653	-4.71518
572	2	1	1	3	2	1	5	-4.61341	-3.79303	-6.46083	-6.80704
573	2	1	5	3	2	3	5	-4.22621	-3.25992	-5.57653	-4.71518
574	1	4	2	2	6	3	17	-4.62041	-2.45512	-4.73452	-5.21509
575	1	4	2	2	6	3	17	-4.62041	-2.45512	-4.73452	-5.21509
576	2	1	21	3	2	1	5	-2.92901	-2.49877	-4.43434	-4.42717
577	239	27	16	19	10	5	7	-9.91524	-6.476	-9.51377	-9.76346
578	2	4	5	2	2	5	5	-3.67477	-7.3958	-6.37975	-5.96468
579	9	2	4	62	4	5	6	-3.71848	-5.25419	-5.64677	-6.85712
580	2	1	1	3	2	1	5	-4.61341	-3.79303	-6.46083	-6.80704
581	2	1	5	3	2	3	5	-4.22621	-3.25992	-5.57653	-4.71518
582	1	4	2	2	6	3	17	-4.62041	-2.45512	-4.73452	-5.21509
583	2	4	5	2	2	5	5	-3.67477	-7.3958	-6.37975	-5.96468
584	2	4	5	2	2	5	5	-3.67477	-7.3958	-6.37975	-5.96468
585	2	1	5	3	2	3	5	-4.22621	-3.25992	-5.57653	-4.71518
586	2	1	1	380	2	1	5	-6.15458	-5.74512	-8.25726	-8.62925
587	2	7	10	4	1	7	1	-6.60339	-8.87801	-8.0604	-7.24786
588	2	1	12	3	2	1	5	-2.62176	-2.12378	-3.66084	-4.67896
589	2	4	1	2	2	1	5	-2.77791	-3.67851	-4.09324	-4.14046
590	9	2	4	62	4	5	6	-3.71848	-5.25419	-5.64677	-6.85712
591	2	4	5	2	2	5	5	-3.67477	-7.3958	-6.37975	-5.96468
592	1	4	2	2	6	3	17	-4.62041	-2.45512	-4.73452	-5.21509
593	1	4	2	2	6	5	17	-12.8353	-8.6649	-11.8229	-13.2343
594	2	4	2	2	6	1	5	-6.08561	-4.83809	-5.99602	-7.63079
595	1	4	2	2	6	5	17	-12.8353	-8.6649	-11.8229	-13.2343
596	2	23	21	3	2	1	5	-6.17061	-6.58376	-7.28672	-6.73791
597	7	21	5	62	4	61	44	-7.27162	-3.83721	-5.79988	-6.97305
598	2	4	1	2	2	1	5	-2.77791	-3.67851	-4.09324	-4.14046
599	1	307	3	4	5	9	3	-6.85208	-6.4337	-6.14616	-8.41609
600	1	2	3	4	5	9	3	-4.62361	-2.49407	-3.68444	-4.8068
601	9	2	4	62	4	5	6	-3.71848	-5.25419	-5.64677	-6.85712
602	2	1	12	3	2	1	5	-2.62176	-2.12378	-3.66084	-4.67896
603	1	4	2	2	6	3	17	-4.62041	-2.45512	-4.73452	-5.21509
604	10	1	16	19	10	5	7	-6.132	-2.7524	-4.29518	-5.02581
605	2	1	12	3	2	1	5	-2.62176	-2.12378	-3.66084	-4.67896
606	180	194	2	68	19	231	147	-21.4973	-29.4334	-22.4587	-20.3164
607	2	1	12	3	2	1	5	-2.62176	-2.12378	-3.66084	-4.67896
608	4	7	10	4	1	7	1	-1.82618	-3.90858	-2.58785	-1.94847
609	129	66	30	82	189	47	17	-3.24621	-4.94848	-5.32744	-4.16233
610	4	7	10	4	1	7	1	-1.82618	-3.90858	-2.58785	-1.94847
611	2	1	12	3	2	1	5	-2.62176	-2.12378	-3.66084	-4.67896
612	2	1	21	3	2	1	5	-2.92901	-2.49877	-4.43434	-4.42717
613	4	7	10	4	1	7	1	-1.82618	-3.90858	-2.58785	-1.94847
614	10	1	16	19	10	5	7	-6.132	-2.7524	-4.29518	-5.02581
615	8	10	149	2	11	12	6	-4.8743	-3.98111	-5.72669	-6.86882
616	129	66	30	82	189	47	17	-3.24621	-4.94848	-5.32744	-4.16233
617	2	4	1	2	2	1	5	-2.77791	-3.67851	-4.09324	-4.14046
618	180	194	2	68	19	231	147	-21.4973	-29.4334	-22.4587	-20.3164
619	2	1	5	3	2	3	5	-4.22621	-3.25992	-5.57653	-4.71518
620	2	4	1	2	2	1	5	-2.77791	-3.67851	-4.09324	-4.14046
621	1	2	3	4	5	9	3	-4.62361	-2.49407	-3.68444	-4.8068
622	180	194	2	68	19	231	147	-21.4973	-29.4334	-22.4587	-20.3164
623	33	39	65	79	104	43	17	-4.6002	-8.34451	-7.5135	-8.07869
624	2	4	5	2	2	5	5	-3.67477	-7.3958	-6.37975	-5.96468
625	2	1	5	3	2	5	5	-5.53395	-2.83385	-4.18058	-5.33941
626	2	1	12	3	2	1	5	-2.62176	-2.12378	-3.66084	-4.67896
627	180	194	2	68	19	231	147	-21.4973	-29.4334	-22.4587	-20.3164
628	2	1	21	3	2	1	5	-2.92901	-2.49877	-4.43434	-4.42717
629	2	1	5	3	2	5	5	-5.53395	-2.83385	-4.18058	-5.33941
630	2	1	21	3	2	1	5	-2.92901	-2.49877	-4.43434	-4.42717
631	1	2	3	4	5	9	3	-4.62361	-2.49407	-3.68444	-4.8068
632	2	1	21	3	2	1	5	-2.92901	-2.49877	-4.43434	-4.42717
633	8	10	2	2	11	12	6	-3.95693	-7.62437	-6.86939	-7.43464
634	2	4	1	2	7	1	5	-2.30918	-6.0439	-5.16566	-5.32872
635	2	1	5	3	2	3	5	-4.22621	-3.25992	-5.57653	-4.71518
636	1	2	3	4	5	9	3	-4.62361	-2.49407	-3.68444	-4.8068
637	9	2	4	62	4	5	6	-3.71848	-5.25419	-5.64677	-6.85712
638	2	1	21	3	2	1	5	-2.92901	-2.49877	-4.43434	-4.42717
639	8	10	149	2	11	12	6	-4.8743	-3.98111	-5.72669	-6.86882
640	2	1	12	88	2	1	5	-3.94532	-3.4395	-5.77138	-5.24093
641	2	4	1	2	2	1	5	-2.77791	-3.67851	-4.09324	-4.14046
642	2	1	5	10	10	1	5	-23.6047	-23.114	-23.2458	-23.8362
643	1	2	3	4	5	9	3	-4.62361	-2.49407	-3.68444	-4.8068
644	2	4	1	2	7	1	5	-2.30918	-6.0439	-5.16566	-5.32872
645	2	4	1	2	2	1	5	-2.77791	-3.67851	-4.09324	-4.14046
646	1	2	3	4	5	9	3	-4.62361	-2.49407	-3.68444	-4.8068
647	2	1	12	88	2	1	5	-3.94532	-3.4395	-5.77138	-5.24093
648	4	7	10	4	1	7	1	-1.82618	-3.90858	-2.58785	-1.94847
649	2	1	21	3	2	1	5	-2.92901	-2.49877	-4.43434	-4.42717
650	2	4	1	2	7	1	5	-2.30918	-6.0439	-5.16566	-5.32872
651	33	38	30	82	118	43	17	-19.9174	-19.0852	-20.8149	-21.7057
652	2	4	1	2	2	1	5	-2.77791	-3.67851	-4.09324	-4.14046
653	2	1	5	3	2	3	5	-4.22621	-3.25992	-5.57653	-4.71518
654	4	7	10	4	1	7	1	-1.82618	-3.90858	-2.58785	-1.94847
655	8	10	2	2	11	12	6	-3.95693	-7.62437	-6.86939	-7.43464
656	2	4	5	2	2	5	5	-3.67477	-7.3958	-6.37975	-5.96468
657	4	7	10	4	1	7	1	-1.82618	-3.90858	-2.58785	-1.94847
658	2	1	5	3	2	3	5	-4.22621	-3.25992	-5.57653	-4.71518
659	33	39	30	82	113	47	17	-5.77146	-5.75926	-8.07342	-8.47637
660	2	1	21	3	2	1	5	-2.92901	-2.49877	-4.43434	-4.42717
661	2	4	1	2	7	1	5	-2.30918	-6.0439	-5.16566	-5.32872
662	2	1	1	3	2	1	5	-4.61341	-3.79303	-6.46083	-6.80704
663	4	7	10	4	1	7	1	-1.82618	-3.90858	-2.58785	-1.94847
664	7	21	5	62	4	61	44	-7.27162	-3.83721	-5.79988	-6.97305
665	10	81	50	99	120	76	52	-6.68231	-6.4144	-5.29118	-5.17543
666	4	7	10	4	1	7	1	-1.82618	-3.90858	-2.58785	-1.94847
667	1	2	3	4	5	9	3	-4.62361	-2.49407	-3.68444	-4.8068
668	1	2	3	4	5	9	3	-4.62361	-2.49407	-3.68444	-4.8068
669	2	4	1	2	7	1	5	-2.30918	-6.0439	-5.16566	-5.32872
670	4	7	10	4	1	7	1	-1.82618	-3.90858	-2.58785	-1.94847
671	2	1	5	3	2	3	5	-4.22621	-3.25992	-5.57653	-4.71518
672	1	4	2	2	6	3	17	-4.62041	-2.45512	-4.73452	-5.21509
673	4	935	10	4	1	7	1	-5.06163	-7.98508	-5.41304	-4.25989
674	10	1	16	19	10	5	7	-6.132	-2.7524	-4.29518	-5.02581
675	4	7	10	4	1	7	1	-1.82618	-3.90858	-2.58785	-1.94847
676	33	39	65	79	104	43	17	-4.6002	-8.34451	-7.5135	-8.07869
677	2	4	2	2	6	1	5	-6.08561	-4.83809	-5.99602	-7.63079
678	4	7	10	4	42	25	1	-8.50599	-9.96216	-5.81915	-5.18139
679	1	4	2	2	6	3	17	-4.62041	-2.45512	-4.73452	-5.21509
680	4	7	10	4	42	25	1	-8.50599	-9.96216	-5.81915	-5.18139
681	4	7	10	4	42	25	1	-8.50599	-9.96216	-5.81915	-5.18139
682	4	7	10	4	1	7	1	-1.82618	-3.90858	-2.58785	-1.94847
683	2	4	1	2	7	1	5	-2.30918	-6.0439	-5.16566	-5.32872
684	4	7	10	4	1	7	1	-1.82618	-3.90858	-2.58785	-1.94847
685	4	7	10	4	42	7	1	-6.55338	-9.3696	-5.59201	-4.66248
686	10	27	16	19	10	5	7	-20.1835	-12.7473	-16.6006	-16.762
687	10	81	50	99	120	76	52	-6.68231	-6.4144	-5.29118	-5.17543
688	4	7	10	4	1	7	1	-1.82618	-3.90858	-2.58785	-1.94847
689	4	7	10	4	42	51	1	-2.929	-4.71063	-4.74307	-3.82178
690	4	7	10	4	1	7	1	-1.82618	-3.90858	-2.58785	-1.94847
691	10	81	50	99	120	76	52	-6.68231	-6.4144	-5.29118	-5.17543
692	2	4	1	2	2	1	5	-2.77791	-3.67851	-4.09324	-4.14046
693	4	7	10	4	42	51	1	-2.929	-4.71063	-4.74307	-3.82178
694	4	7	10	4	42	51	1	-2.929	-4.71063	-4.74307	-3.82178
695	4	7	10	4	42	51	1	-2.929	-4.71063	-4.74307	-3.82178
696	8	10	2	2	11	12	6	-3.95693	-7.62437	-6.86939	-7.43464
697	33	38	30	82	104	43	17	-5.29321	-9.03643	-8.20579	-8.76598
698	4	7	10	4	1	7	1	-1.82618	-3.90858	-2.58785	-1.94847
699	10	81	50	99	120	76	52	-6.68231	-6.4144	-5.29118	-5.17543
700	2	4	1	2	7	1	5	-2.30918	-6.0439	-5.16566	-5.32872
701	4	7	10	4	1	7	1	-1.82618	-3.90858	-2.58785	-1.94847
702	4	7	10	4	1	7	1	-1.82618	-3.90858	-2.58785	-1.94847
703	10	81	50	99	120	76	52	-6.68231	-6.4144	-5.29118	-5.17543
704	4	7	10	4	42	51	1	-2.929	-4.71063	-4.74307	-3.82178
705	9	2	4	62	4	5	6	-3.71848	-5.25419	-5.64677	-6.85712
706	4	7	10	4	1	7	1	-1.82618	-3.90858	-2.58785	-1.94847
707	2	1	1	3	2	1	5	-4.61341	-3.79303	-6.46083	-6.80704
708	1	14	2	2	6	1	17	-9.07303	-6.45634	-7.85683	-6.30316
709	2	4	2	2	6	1	5	-6.08561	-4.83809	-5.99602	-7.63079
710	2	4	2	2	6	1	5	-6.08561	-4.83809	-5.99602	-7.63079
711	4	7	10	4	42	51	1	-2.929	-4.71063	-4.74307	-3.82178
712	10	2	107	62	120	76	1	-6.84034	-10.4885	-7.91186	-6.31634
713	2	1	12	3	2	1	5	-2.62176	-2.12378	-3.66084	-4.67896
714	2	4	1	2	2	1	5	-2.77791	-3.67851	-4.09324	-4.14046
715	47	2	4	2	6	5	17	-12.7533	-10.2634	-6.21625	-8.93354
716	4	7	10	4	42	5	1	-11.1147	-10.9041	-11.2661	-11.3244
717	2	1	12	3	2	1	5	-2.62176	-2.12378	-3.66084	-4.67896
718	4	7	10	4	42	51	1	-2.929	-4.71063	-4.74307	-3.82178
719	1	307	3	4	5	9	3	-6.85208	-6.4337	-6.14616	-8.41609
720	2	1	21	3	2	1	5	-2.92901	-2.49877	-4.43434	-4.42717
721	4	7	10	4	1	7	1	-1.82618	-3.90858	-2.58785	-1.94847
722	2	4	1	2	2	1	5	-2.77791	-3.67851	-4.09324	-4.14046
723	2	1	12	3	2	1	5	-2.62176	-2.12378	-3.66084	-4.67896
724	4	7	10	4	1	7	1	-1.82618	-3.90858	-2.58785	-1.94847
725	2	1	21	3	2	1	5	-2.92901	-2.49877	-4.43434	-4.42717
726	2	1	1	3	2	1	5	-4.61341	-3.79303	-6.46083	-6.80704
727	4	7	10	4	1	7	1	-1.82618	-3.90858	-2.58785	-1.94847
728	2	1	12	3	2	1	5	-2.62176	-2.12378	-3.66084	-4.67896
729	1	4	3	2	6	3	17	-14.5255	-9.14878	-12.1126	-13.6583
730	2	1	12	3	2	1	5	-2.62176	-2.12378	-3.66084	-4.67896
731	2	1	12	88	2	1	5	-3.94532	-3.4395	-5.77138	-5.24093
732	1	4	2	2	6	3	17	-4.62041	-2.45512	-4.73452	-5.21509
733	4	7	10	4	42	51	1	-2.929	-4.71063	-4.74307	-3.82178
734	2	1	12	3	2	1	5	-2.62176	-2.12378	-3.66084	-4.67896
735	4	7	10	4	1	7	1	-1.82618	-3.90858	-2.58785	-1.94847
736	2	1	12	88	2	1	5	-3.94532	-3.4395	-5.77138	-5.24093
737	2	1	21	3	2	1	5	-2.92901	-2.49877	-4.43434	-4.42717
738	2	4	5	2	2	5	5	-3.67477	-7.3958	-6.37975	-5.96468
739	2	4	5	2	2	5	5	-3.67477	-7.3958	-6.37975	-5.96468
740	2	1	21	3	62	1	5	-5.79803	-9.52485	-8.70776	-9.27326
741	4	7	10	4	42	25	1	-8.50599	-9.96216	-5.81915	-5.18139
742	1	2	4	62	4	5	17	-6.09356	-4.856	-7.63944	-7.95429
743	1	2	3	4	5	9	3	-4.62361	-2.49407	-3.68444	-4.8068
744	8	10	2	2	11	12	6	-3.95693	-7.62437	-6.86939	-7.43464
745	2	1	12	88	2	1	5	-3.94532	-3.4395	-5.77138	-5.24093
746	2	4	5	2	2	5	5	-3.67477	-7.3958	-6.37975	-5.96468
747	2	1	12	3	2	1	5	-2.62176	-2.12378	-3.66084	-4.67896
748	7	21	5	62	4	61	44	-7.27162	-3.83721	-5.79988	-6.97305
749	9	2	4	62	4	5	6	-3.71848	-5.25419	-5.64677	-6.85712
750	10	1	16	19	10	5	7	-6.132	-2.7524	-4.29518	-5.02581
751	10	1	16	19	10	5	7	-6.132	-2.7524	-4.29518	-5.02581
752	8	10	2	2	11	12	6	-3.95693	-7.62437	-6.86939	-7.43464
753	1	4	2	2	6	3	17	-4.62041	-2.45512	-4.73452	-5.21509
754	2	1	12	3	2	1	5	-2.62176	-2.12378	-3.66084	-4.67896
755	2	1	12	88	2	1	5	-3.94532	-3.4395	-5.77138	-5.24093
756	2	29	4	27	10	25	57	-19.5945	-23.5787	-14.7326	-12.0793
757	2	1	5	3	2	3	5	-4.22621	-3.25992	-5.57653	-4.71518
758	2	1	12	3	2	1	5	-2.62176	-2.12378	-3.66084	-4.67896
759	37	52	57	26	107	29	23	-8.24729	-9.8846	-5.73088	-4.91922
760	2	4	1	2	7	1	5	-2.30918	-6.0439	-5.16566	-5.32872
761	1	2	3	4	5	9	3	-4.62361	-2.49407	-3.68444	-4.8068
762	2	1	12	3	2	1	5	-2.62176	-2.12378	-3.66084	-4.67896
763	1	4	2	2	6	3	17	-4.62041	-2.45512	-4.73452	-5.21509
764	1	4	2	2	6	3	17	-4.62041	-2.45512	-4.73452	-5.21509
765	1	2	3	4	5	9	3	-4.62361	-2.49407	-3.68444	-4.8068
766	4	7	10	4	1	7	1	-1.82618	-3.90858	-2.58785	-1.94847
767	2	1	21	3	2	1	5	-2.92901	-2.49877	-4.43434	-4.42717
768	2	1	12	3	2	1	5	-2.62176	-2.12378	-3.66084	-4.67896
769	2	4	1	2	2	5	5	-6.81325	-6.41092	-8.84268	-9.25356
770	2	4	1	2	2	1	5	-2.77791	-3.67851	-4.09324	-4.14046
771	2	4	5	2	2	5	5	-3.67477	-7.3958	-6.37975	-5.96468
772	10	1	16	19	10	5	7	-6.132	-2.7524	-4.29518	-5.02581
773	7	21	5	62	4	61	44	-7.27162	-3.83721	-5.79988	-6.97305
774	9	2	4	62	4	5	6	-3.71848	-5.25419	-5.64677	-6.85712
775	2	1	12	3	2	1	5	-2.62176	-2.12378	-3.66084	-4.67896
776	1	4	2	2	6	3	17	-4.62041	-2.45512	-4.73452	-5.21509
777	4	7	10	4	1	7	1	-1.82618	-3.90858	-2.58785	-1.94847
778	2	1	12	3	2	1	5	-2.62176	-2.12378	-3.66084	-4.67896
779	2	1	5	3	2	5	5	-5.53395	-2.83385	-4.18058	-5.33941
780	2	23	21	3	2	1	5	-6.17061	-6.58376	-7.28672	-6.73791
781	2	4	5	2	2	5	5	-3.67477	-7.3958	-6.37975	-5.96468
782	2	4	2	2	6	1	5	-6.08561	-4.83809	-5.99602	-7.63079
783	2	1	12	3	2	1	5	-2.62176	-2.12378	-3.66084	-4.67896
784	4	7	10	4	42	51	1	-2.929	-4.71063	-4.74307	-3.82178
785	7	17	5	2	86	232	1	-27.4402	-32.7376	-27.7799	-25.1514
786	2	4	1	2	2	1	5	-2.77791	-3.67851	-4.09324	-4.14046
787	2	1	12	3	2	1	5	-2.62176	-2.12378	-3.66084	-4.67896
788	2	1	21	3	2	1	5	-2.92901	-2.49877	-4.43434	-4.42717
789	7	17	2	15	23	3	12	-6.9035	-10.6473	-9.81679	-10.3812
790	2	1	5	3	2	5	5	-5.53395	-2.83385	-4.18058	-5.33941
791	1	6	60	24	12	28	1	-26.704	-30.8468	-20.2658	-18.3513
792	1	2	3	4	5	9	3	-4.62361	-2.49407	-3.68444	-4.8068
793	2	4	5	2	2	5	5	-3.67477	-7.3958	-6.37975	-5.96468
794	1	2	3	4	5	9	3	-4.62361	-2.49407	-3.68444	-4.8068
795	1	6	60	24	12	28	1	-26.704	-30.8468	-20.2658	-18.3513
796	9	2	4	62	4	5	6	-3.71848	-5.25419	-5.64677	-6.85712
797	2	4	1	2	2	1	5	-2.77791	-3.67851	-4.09324	-4.14046
798	4	7	10	4	1	7	1	-1.82618	-3.90858	-2.58785	-1.94847
799	2	4	5	2	2	5	5	-3.67477	-7.3958	-6.37975	-5.96468
800	7	2	2	2	11	12	6	-4.50355	-8.24671	-7.41636	-7.98143
801	2	1	21	3	2	1	941	-6.1706	-6.56444	-7.28055	-6.73269
802	9	2	2	10	10	3	5	-30.0022	-25.0169	-26.3847	-25.4663
803	8	10	149	2	11	12	6	-4.8743	-3.98111	-5.72669	-6.86882
804	7	1	5	2	10	3	6	-32.5323	-29.3986	-30.1461	-29.0225
805	2	1	21	3	2	1	5	-2.92901	-2.49877	-4.43434	-4.42717
806	33	39	30	82	113	43	17	-9.77226	-6.45049	-6.18281	-8.57266
807	1	6	60	24	12	28	1	-26.704	-30.8468	-20.2658	-18.3513
808	1	6	60	24	12	28	1	-26.704	-30.8468	-20.2658	-18.3513
809	7	17	2	15	23	3	12	-6.9035	-10.6473	-9.81679	-10.3812
810	1	4	2	2	6	3	17	-4.62041	-2.45512	-4.73452	-5.21509
811	1	4	2	2	6	3	17	-4.62041	-2.45512	-4.73452	-5.21509
812	7	21	5	62	4	61	44	-7.27162	-3.83721	-5.79988	-6.97305
813	239	27	16	19	10	5	7	-9.91524	-6.476	-9.51377	-9.76346
814	9	2	4	62	4	5	6	-3.71848	-5.25419	-5.64677	-6.85712
815	10	1	16	19	10	5	7	-6.132	-2.7524	-4.29518	-5.02581
816	2	1	5	3	2	5	5	-5.53395	-2.83385	-4.18058	-5.33941
817	2	4	5	2	2	5	5	-3.67477	-7.3958	-6.37975	-5.96468
818	8	10	2	2	11	12	6	-3.95693	-7.62437	-6.86939	-7.43464
819	7	17	2	15	23	3	12	-6.9035	-10.6473	-9.81679	-10.3812
820	2	4	1	4	1	1	5	-15.6895	-17.9904	-15.7371	-15.172
821	4	7	10	4	1	7	1	-1.82618	-3.90858	-2.58785	-1.94847
822	8	10	149	2	11	12	6	-4.8743	-3.98111	-5.72669	-6.86882
823	2	1	12	88	2	1	5	-3.94532	-3.4395	-5.77138	-5.24093
824	2	4	2	2	6	1	5	-6.08561	-4.83809	-5.99602	-7.63079
825	10	81	50	99	120	76	52	-6.68231	-6.4144	-5.29118	-5.17543
826	2	4	5	2	2	5	5	-3.67477	-7.3958	-6.37975	-5.96468
827	2	4	1	2	2	5	5	-6.81325	-6.41092	-8.84268	-9.25356
828	8	10	149	2	11	12	6	-4.8743	-3.98111	-5.72669	-6.86882
829	1	4	2	2	6	3	17	-4.62041	-2.45512	-4.73452	-5.21509
830	2	165	73	147	220	190	104	-8.54432	-11.2988	-6.97611	-5.23571
831	4	7	10	4	42	25	1	-8.50599	-9.96216	-5.81915	-5.18139
832	7	2	2	2	11	12	6	-4.50355	-8.24671	-7.41636	-7.98143
833	1	6	60	24	12	28	1	-26.704	-30.8468	-20.2658	-18.3513
834	2	1	12	3	2	1	5	-2.62176	-2.12378	-3.66084	-4.67896
835	33	39	65	79	104	77	17	-5.29315	-9.03692	-8.20671	-8.7717
836	4	7	10	4	1	7	1	-1.82618	-3.90858	-2.58785	-1.94847
837	1	2	3	4	5	9	3	-4.62361	-2.49407	-3.68444	-4.8068
838	2	1	21	3	2	1	5	-2.92901	-2.49877	-4.43434	-4.42717
839	2	1	12	3	2	1	5	-2.62176	-2.12378	-3.66084	-4.67896
840	4	7	10	4	1	7	1	-1.82618	-3.90858	-2.58785	-1.94847
841	2	4	1	2	7	1	5	-2.30918	-6.0439	-5.16566	-5.32872
842	184	39	30	82	113	43	17	-3.95553	-6.21906	-6.80256	-7.34315
843	4	7	10	4	1	7	1	-1.82618	-3.90858	-2.58785	-1.94847
844	2	4	1	2	2	1	5	-2.77791	-3.67851	-4.09324	-4.14046
845	4	7	10	4	1	7	1	-1.82618	-3.90858	-2.58785	-1.94847
846	2	1	12	88	2	1	5	-3.94532	-3.4395	-5.77138	-5.24093
847	2	1	21	3	2	1	5	-2.92901	-2.49877	-4.43434	-4.42717
848	1	2	3	4	5	9	3	-4.62361	-2.49407	-3.68444	-4.8068
849	4	7	10	4	1	7	1	-1.82618	-3.90858	-2.58785	-1.94847
850	2	1	21	3	2	1	5	-2.92901	-2.49877	-4.43434	-4.42717
851	8	10	2	2	11	12	6	-3.95693	-7.62437	-6.86939	-7.43464
852	2	4	1	2	2	1	5	-2.77791	-3.67851	-4.09324	-4.14046
853	2	4	1	2	2	1	5	-2.77791	-3.67851	-4.09324	-4.14046
854	2	4	2	2	6	1	5	-6.08561	-4.83809	-5.99602	-7.63079
855	2	4	1	2	2	1	5	-2.77791	-3.67851	-4.09324	-4.14046
856	2	4	1	2	2	1	5	-2.77791	-3.67851	-4.09324	-4.14046
857	2	4	1	2	2	1	5	-2.77791	-3.67851	-4.09324	-4.14046
858	1	2	3	4	5	9	3	-4.62361	-2.49407	-3.68444	-4.8068
859	2	4	1	2	2	1	5	-2.77791	-3.67851	-4.09324	-4.14046
860	2	4	1	2	2	1	5	-2.77791	-3.67851	-4.09324	-4.14046
861	8	10	2	2	11	12	6	-3.95693	-7.62437	-6.86939	-7.43464
862	2	1	5	3	2	3	5	-4.22621	-3.25992	-5.57653	-4.71518
863	33	39	30	82	104	173	68	-5.37898	-3.98733	-6.80921	-7.11314
864	2	4	1	2	7	1	5	-2.30918	-6.0439	-5.16566	-5.32872
865	8	10	2	2	11	12	6	-3.95693	-7.62437	-6.86939	-7.43464
866	2	4	1	2	7	1	5	-2.30918	-6.0439	-5.16566	-5.32872
867	1	2	3	4	5	9	3	-4.62361	-2.49407	-3.68444	-4.8068
868	1	2	215	4	90	24	8	-27.5937	-29.6067	-22.2993	-19.9527
869	2	1	1	3	2	1	5	-4.61341	-3.79303	-6.46083	-6.80704
870	10	81	50	99	120	76	52	-6.68231	-6.4144	-5.29118	-5.17543
871	2	4	1	2	7	1	5	-2.30918	-6.0439	-5.16566	-5.32872
872	2	1	12	3	2	1	5	-2.62176	-2.12378	-3.66084	-4.67896
873	2	4	1	2	2	1	5	-2.77791	-3.67851	-4.09324	-4.14046
874	2	4	1	2	2	1	5	-2.77791	-3.67851	-4.09324	-4.14046
875	2	4	1	2	2	1	5	-2.77791	-3.67851	-4.09324	-4.14046
876	2	1	5	3	2	3	5	-4.22621	-3.25992	-5.57653	-4.71518
877	2	4	1	2	2	1	5	-2.77791	-3.67851	-4.09324	-4.14046
878	4	7	10	4	1	7	1	-1.82618	-3.90858	-2.58785	-1.94847
879	2	4	1	2	7	1	5	-2.30918	-6.0439	-5.16566	-5.32872
880	2	4	5	2	2	5	5	-3.67477	-7.3958	-6.37975	-5.96468
881	2	4	1	2	2	1	5	-2.77791	-3.67851	-4.09324	-4.14046
882	8	10	2	2	11	12	6	-3.95693	-7.62437	-6.86939	-7.43464
883	4	7	10	4	1	7	1	-1.82618	-3.90858	-2.58785	-1.94847
884	2	4	1	2	2	1	5	-2.77791	-3.67851	-4.09324	-4.14046
885	166	2	1	10	17	3	1	-33.1528	-35.8036	-31.7268	-29.1627
886	2	4	1	2	7	1	5	-2.30918	-6.0439	-5.16566	-5.32872
887	2	4	1	2	2	1	5	-2.77791	-3.67851	-4.09324	-4.14046
888	4	7	10	4	1	7	1	-1.82618	-3.90858	-2.58785	-1.94847
889	4	7	10	4	1	7	1	-1.82618	-3.90858	-2.58785	-1.94847
890	2	4	1	2	7	1	5	-2.30918	-6.0439	-5.16566	-5.32872
891	2	4	1	2	2	1	5	-2.77791	-3.67851	-4.09324	-4.14046
892	2	1	5	3	2	3	5	-4.22621	-3.25992	-5.57653	-4.71518
893	9	25	2	10	22	3	6	-4.46473	-8.14093	-5.88694	-4.36345
894	2	1	21	3	62	1	5	-5.79803	-9.52485	-8.70776	-9.27326
895	129	66	30	82	189	47	17	-3.24621	-4.94848	-5.32744	-4.16233
896	129	66	30	82	189	47	17	-3.24621	-4.94848	-5.32744	-4.16233
897	4	7	10	4	1	7	1	-1.82618	-3.90858	-2.58785	-1.94847
898	2	4	1	2	2	1	5	-2.77791	-3.67851	-4.09324	-4.14046
899	4	7	10	4	42	7	1	-6.55338	-9.3696	-5.59201	-4.66248
900	2	4	1	2	7	1	5	-2.30918	-6.0439	-5.16566	-5.32872
901	1	307	3	4	5	9	3	-6.85208	-6.4337	-6.14616	-8.41609
902	2	1	21	3	2	1	5	-2.92901	-2.49877	-4.43434	-4.42717
903	4	7	10	4	1	7	1	-1.82618	-3.90858	-2.58785	-1.94847
904	2	1	21	3	2	1	5	-2.92901	-2.49877	-4.43434	-4.42717
905	2	4	1	2	2	5	5	-6.81325	-6.41092	-8.84268	-9.25356
906	2	4	1	2	7	1	5	-2.30918	-6.0439	-5.16566	-5.32872
907	2	4	1	2	7	1	5	-2.30918	-6.0439	-5.16566	-5.32872
908	2	4	1	2	7	1	5	-2.30918	-6.0439	-5.16566	-5.32872
909	4	7	10	4	1	7	1	-1.82618	-3.90858	-2.58785	-1.94847
910	8	10	2	2	11	12	6	-3.95693	-7.62437	-6.86939	-7.43464
911	7	21	5	62	4	61	44	-7.27162	-3.83721	-5.79988	-6.97305
912	2	1	12	88	2	1	5	-3.94532	-3.4395	-5.77138	-5.24093
913	2	4	1	2	2	1	5	-2.77791	-3.67851	-4.09324	-4.14046
914	1	2	3	4	5	9	3	-4.62361	-2.49407	-3.68444	-4.8068
915	2	4	1	2	7	1	5	-2.30918	-6.0439	-5.16566	-5.32872
916	2	4	1	2	2	1	5	-2.77791	-3.67851	-4.09324	-4.14046
917	2	4	1	2	2	1	5	-2.77791	-3.67851	-4.09324	-4.14046
918	2	4	1	2	7	1	5	-2.30918	-6.0439	-5.16566	-5.32872
919	4	7	10	4	1	7	1	-1.82618	-3.90858	-2.58785	-1.94847
920	2	1	5	3	2	3	5	-4.22621	-3.25992	-5.57653	-4.71518
921	2	4	1	2	7	1	5	-2.30918	-6.0439	-5.16566	-5.32872
922	2	4	1	2	2	1	5	-2.77791	-3.67851	-4.09324	-4.14046
923	8	10	2	2	11	12	6	-3.95693	-7.62437	-6.86939	-7.43464
924	2	1	12	3	2	1	5	-2.62176	-2.12378	-3.66084	-4.67896
925	48	7	10	4	183	7	1	-8.21703	-11.9744	-8.2336	-6.50609
926	7	21	5	62	4	61	44	-7.27162	-3.83721	-5.79988	-6.97305
927	4	7	10	4	1	7	1	-1.82618	-3.90858	-2.58785	-1.94847
928	9	25	2	10	22	3	6	-4.46473	-8.14093	-5.88694	-4.36345
929	2	4	1	2	2	1	5	-2.77791	-3.67851	-4.09324	-4.14046
930	2	4	1	2	7	1	5	-2.30918	-6.0439	-5.16566	-5.32872
931	2	4	1	2	2	1	5	-2.77791	-3.67851	-4.09324	-4.14046
932	2	4	1	2	2	1	5	-2.77791	-3.67851	-4.09324	-4.14046
933	9	25	2	10	22	3	6	-4.46473	-8.14093	-5.88694	-4.36345
934	2	4	1	2	2	1	5	-2.77791	-3.67851	-4.09324	-4.14046
935	2	4	1	2	2	1	5	-2.77791	-3.67851	-4.09324	-4.14046
936	2	4	1	2	7	1	5	-2.30918	-6.0439	-5.16566	-5.32872
937	2	4	1	2	7	1	5	-2.30918	-6.0439	-5.16566	-5.32872
938	2	4	1	2	2	1	5	-2.77791	-3.67851	-4.09324	-4.14046
939	2	4	1	2	2	1	5	-2.77791	-3.67851	-4.09324	-4.14046
940	4	7	10	4	1	7	1	-1.82618	-3.90858	-2.58785	-1.94847
941	2	4	1	2	2	1	5	-2.77791	-3.67851	-4.09324	-4.14046
942	4	7	10	4	1	7	1	-1.82618	-3.90858	-2.58785	-1.94847
943	2	4	1	2	7	1	5	-2.30918	-6.0439	-5.16566	-5.32872
944	2	4	1	2	2	1	5	-2.77791	-3.67851	-4.09324	-4.14046
945	4	7	10	4	1	7	1	-1.82618	-3.90858	-2.58785	-1.94847
946	9	25	2	10	22	3	6	-4.46473	-8.14093	-5.88694	-4.36345
947	10	81	50	99	120	76	52	-6.68231	-6.4144	-5.29118	-5.17543
948	2	1	21	3	2	1	5	-2.92901	-2.49877	-4.43434	-4.42717
949	4	7	10	4	1	7	1	-1.82618	-3.90858	-2.58785	-1.94847
950	2	4	1	2	7	1	5	-2.30918	-6.0439	-5.16566	-5.32872
951	4	7	10	4	1	7	1	-1.82618	-3.90858	-2.58785	-1.94847
952	4	7	10	4	1	7	1	-1.82618	-3.90858	-2.58785	-1.94847
953	8	315	2	2	11	12	6	-7.19763	-11.7035	-9.71965	-9.74333
954	8	10	2	2	11	12	6	-3.95693	-7.62437	-6.86939	-7.43464
955	2	4	1	2	2	1	5	-2.77791	-3.67851	-4.09324	-4.14046
956	4	7	10	4	1	7	1	-1.82618	-3.90858	-2.58785	-1.94847
957	2	4	1	2	2	1	5	-2.77791	-3.67851	-4.09324	-4.14046
958	2	4	1	2	2	1	5	-2.77791	-3.67851	-4.09324	-4.14046
959	2	4	1	2	2	1	5	-2.77791	-3.67851	-4.09324	-4.14046
960	2	4	1	2	7	1	5	-2.30918	-6.0439	-5.16566	-5.32872
961	2	4	1	2	2	1	5	-2.77791	-3.67851	-4.09324	-4.14046
962	2	4	1	2	2	1	5	-2.77791	-3.67851	-4.09324	-4.14046
963	2	1	21	3	2	1	5	-2.92901	-2.49877	-4.43434	-4.42717
964	2	4	1	2	2	1	5	-2.77791	-3.67851	-4.09324	-4.14046
965	1	4	2	2	2	3	17	-11.2268	-7.62198	-10.932	-11.7947
966	2	4	1	2	2	1	5	-2.77791	-3.67851	-4.09324	-4.14046
967	2	4	1	2	2	1	5	-2.77791	-3.67851	-4.09324	-4.14046
968	7	21	5	62	4	61	44	-7.27162	-3.83721	-5.79988	-6.97305
969	2	4	1	2	2	1	5	-2.77791	-3.67851	-4.09324	-4.14046
970	4	7	10	4	1	7	1	-1.82618	-3.90858	-2.58785	-1.94847
971	2	4	1	2	2	1	5	-2.77791	-3.67851	-4.09324	-4.14046
972	10	1	16	19	10	5	7	-6.132	-2.7524	-4.29518	-5.02581
973	8	10	2	2	11	12	6	-3.95693	-7.62437	-6.86939	-7.43464
974	4	7	10	4	1	7	1	-1.82618	-3.90858	-2.58785	-1.94847
975	2	4	2	2	6	1	5	-6.08561	-4.83809	-5.99602	-7.63079
976	2	4	1	2	2	1	5	-2.77791	-3.67851	-4.09324	-4.14046
977	2	4	1	2	2	1	5	-2.77791	-3.67851	-4.09324	-4.14046
978	2	1	12	3	2	1	5	-2.62176	-2.12378	-3.66084	-4.67896
979	2	1	21	3	2	1	5	-2.92901	-2.49877	-4.43434	-4.42717
980	1	4	2	2	6	3	17	-4.62041	-2.45512	-4.73452	-5.21509
981	9	2	4	62	4	5	6	-3.71848	-5.25419	-5.64677	-6.85712
982	9	2	4	62	4	5	6	-3.71848	-5.25419	-5.64677	-6.85712
983	2	4	1	2	2	1	5	-2.77791	-3.67851	-4.09324	-4.14046
984	9	25	2	10	22	3	6	-4.46473	-8.14093	-5.88694	-4.36345
985	2	1	12	3	2	1	5	-2.62176	-2.12378	-3.66084	-4.67896
986	2	4	1	2	2	1	5	-2.77791	-3.67851	-4.09324	-4.14046
987	2	4	1	2	2	1	5	-2.77791	-3.67851	-4.09324	-4.14046
988	2	4	1	2	2	1	5	-2.77791	-3.67851	-4.09324	-4.14046
989	1	4	2	2	6	3	17	-4.62041	-2.45512	-4.73452	-5.21509
990	1	4	2	2	6	3	17	-4.62041	-2.45512	-4.73452	-5.21509
991	9	25	2	10	22	3	6	-4.46473	-8.14093	-5.88694	-4.36345
992	1	4	2	2	6	3	17	-4.62041	-2.45512	-4.73452	-5.21509
993	2	4	1	2	2	1	5	-2.77791	-3.67851	-4.09324	-4.14046
994	2	4	1	2	2	1	5	-2.77791	-3.67851	-4.09324	-4.14046
995	8	10	2	2	11	12	6	-3.95693	-7.62437	-6.86939	-7.43464
996	2	4	1	2	2	1	5	-2.77791	-3.67851	-4.09324	-4.14046
997	2	1	5	3	2	5	5	-5.53395	-2.83385	-4.18058	-5.33941
998	8	10	2	2	11	12	6	-3.95693	-7.62437	-6.86939	-7.43464
999	2	4	1	2	2	1	5	-2.77791	-3.67851	-4.09324	-4.14046
1000	2	4	1	2	2	1	5	-2.77791	-3.67851	-4.09324	-4.14046
1001	2	1	21	3	2	1	5	-2.92901	-2.49877	-4.43434	-4.42717
1002	1	2	4	62	4	5	17	-6.09356	-4.856	-7.63944	-7.95429
1003	2	1	12	3	2	1	5	-2.62176	-2.12378	-3.66084	-4.67896
1004	2	4	1	2	7	1	5	-2.30918	-6.0439	-5.16566	-5.32872
1005	1	307	3	4	5	9	3	-6.85208	-6.4337	-6.14616	-8.41609
1006	2	4	2	4	19	3	6	-5.80049	-9.53916	-8.70982	-9.27167
1007	2	4	1	2	2	1	5	-2.77791	-3.67851	-4.09324	-4.14046
1008	1	4	2	2	6	3	17	-4.62041	-2.45512	-4.73452	-5.21509
1009	9	25	2	10	22	3	6	-4.46473	-8.14093	-5.88694	-4.36345
1010	4	7	10	4	1	7	1	-1.82618	-3.90858	-2.58785	-1.94847
1011	2	4	1	2	2	1	5	-2.77791	-3.67851	-4.09324	-4.14046
1012	10	1	16	19	10	5	7	-6.132	-2.7524	-4.29518	-5.02581
1013	2	1	21	3	2	1	5	-2.92901	-2.49877	-4.43434	-4.42717
1014	4	7	10	4	1	7	1	-1.82618	-3.90858	-2.58785	-1.94847
1015	2	4	1	2	2	1	5	-2.77791	-3.67851	-4.09324	-4.14046
1016	1	2	3	4	5	9	3	-4.62361	-2.49407	-3.68444	-4.8068
1017	9	316	4	62	4	5	6	-6.85487	-6.46239	-8.95938	-9.32952
1018	9	25	2	10	22	3	6	-4.46473	-8.14093	-5.88694	-4.36345
1019	1	307	3	4	5	9	3	-6.85208	-6.4337	-6.14616	-8.41609
1020	2	4	1	2	2	1	5	-2.77791	-3.67851	-4.09324	-4.14046
1021	9	25	2	10	22	3	6	-4.46473	-8.14093	-5.88694	-4.36345
1022	2	4	1	2	2	1	5	-2.77791	-3.67851	-4.09324	-4.14046
1023	2	1	12	3	2	1	5	-2.62176	-2.12378	-3.66084	-4.67896
1024	2	1	5	3	2	5	5	-5.53395	-2.83385	-4.18058	-5.33941
1025	2	4	1	2	2	1	5	-2.77791	-3.67851	-4.09324	-4.14046
1026	2	1	12	3	2	1	5	-2.62176	-2.12378	-3.66084	-4.67896
1027	2	1	12	3	2	1	5	-2.62176	-2.12378	-3.66084	-4.67896
1028	10	1	16	19	10	5	7	-6.132	-2.7524	-4.29518	-5.02581
1029	4	7	10	4	1	7	1	-1.82618	-3.90858	-2.58785	-1.94847
1030	2	4	1	2	2	1	5	-2.77791	-3.67851	-4.09324	-4.14046
1031	2	1	12	88	2	1	5	-3.94532	-3.4395	-5.77138	-5.24093
1032	2	1	21	3	2	1	5	-2.92901	-2.49877	-4.43434	-4.42717
1033	1	2	3	4	5	9	3	-4.62361	-2.49407	-3.68444	-4.8068
1034	8	10	2	2	11	12	6	-3.95693	-7.62437	-6.86939	-7.43464
1035	2	1	12	88	2	1	5	-3.94532	-3.4395	-5.77138	-5.24093
1036	33	39	30	82	104	173	68	-5.37898	-3.98733	-6.80921	-7.11314
1037	1	2	3	4	5	9	3	-4.62361	-2.49407	-3.68444	-4.8068
1038	9	25	2	10	22	3	6	-4.46473	-8.14093	-5.88694	-4.36345
1039	2	4	1	2	2	1	5	-2.77791	-3.67851	-4.09324	-4.14046
1040	8	10	2	2	11	12	6	-3.95693	-7.62437	-6.86939	-7.43464
1041	1	2	4	62	4	5	17	-6.09356	-4.856	-7.63944	-7.95429
1042	10	1	16	19	10	5	7	-6.132	-2.7524	-4.29518	-5.02581
1043	33	39	30	82	104	173	68	-5.37898	-3.98733	-6.80921	-7.11314
1044	2	4	1	2	2	1	5	-2.77791	-3.67851	-4.09324	-4.14046
1045	8	10	2	2	11	12	6	-3.95693	-7.62437	-6.86939	-7.43464
1046	2	1	5	3	2	5	5	-5.53395	-2.83385	-4.18058	-5.33941
1047	47	2	4	2	6	5	17	-12.7533	-10.2634	-6.21625	-8.93354
1048	1	2	3	4	5	9	3	-4.62361	-2.49407	-3.68444	-4.8068
1049	4	7	10	4	1	7	1	-1.82618	-3.90858	-2.58785	-1.94847
1050	2	1	5	3	2	3	5	-4.22621	-3.25992	-5.57653	-4.71518
1051	2	4	2	2	6	1	5	-6.08561	-4.83809	-5.99602	-7.63079
1052	2	4	1	2	2	1	5	-2.77791	-3.67851	-4.09324	-4.14046
1053	8	10	149	2	11	12	6	-4.8743	-3.98111	-5.72669	-6.86882
1054	9	25	2	10	22	3	6	-4.46473	-8.14093	-5.88694	-4.36345
1055	2	4	1	2	2	1	5	-2.77791	-3.67851	-4.09324	-4.14046
1056	1	2	3	4	5	9	3	-4.62361	-2.49407	-3.68444	-4.8068
1057	2	1	12	3	2	1	5	-2.62176	-2.12378	-3.66084	-4.67896
1058	4	7	10	4	42	51	1	-2.929	-4.71063	-4.74307	-3.82178
1059	2	4	1	2	2	1	5	-2.77791	-3.67851	-4.09324	-4.14046
1060	2	1	1	3	2	1	5	-4.61341	-3.79303	-6.46083	-6.80704
1061	2	4	1	2	7	1	5	-2.30918	-6.0439	-5.16566	-5.32872
1062	8	10	2	2	11	12	6	-3.95693	-7.62437	-6.86939	-7.43464
1063	2	4	1	2	2	1	5	-2.77791	-3.67851	-4.09324	-4.14046
1064	9	2	4	62	4	5	6	-3.71848	-5.25419	-5.64677	-6.85712
1065	2	4	1	2	2	1	5	-2.77791	-3.67851	-4.09324	-4.14046
1066	4	7	10	4	1	7	1	-1.82618	-3.90858	-2.58785	-1.94847
1067	8	10	2	2	11	12	6	-3.95693	-7.62437	-6.86939	-7.43464
1068	2	4	2	2	6	1	5	-6.08561	-4.83809	-5.99602	-7.63079
1069	2	4	2	2	6	1	5	-6.08561	-4.83809	-5.99602	-7.63079
1070	2	4	2	2	6	1	5	-6.08561	-4.83809	-5.99602	-7.63079
1071	2	4	2	2	6	1	5	-6.08561	-4.83809	-5.99602	-7.63079
1072	2	4	1	2	2	1	5	-2.77791	-3.67851	-4.09324	-4.14046
1073	2	4	1	2	2	1	5	-2.77791	-3.67851	-4.09324	-4.14046
1074	2	1	12	3	2	1	5	-2.62176	-2.12378	-3.66084	-4.67896
1075	2	4	1	2	7	1	5	-2.30918	-6.0439	-5.16566	-5.32872
1076	4	7	10	4	42	51	1	-2.929	-4.71063	-4.74307	-3.82178
1077	2	4	1	2	2	1	5	-2.77791	-3.67851	-4.09324	-4.14046
1078	8	10	2	2	11	12	6	-3.95693	-7.62437	-6.86939	-7.43464
1079	1	2	3	4	5	9	3	-4.62361	-2.49407	-3.68444	-4.8068
1080	1	2	3	4	5	9	3	-4.62361	-2.49407	-3.68444	-4.8068
1081	10	1	16	19	10	5	7	-6.132	-2.7524	-4.29518	-5.02581
1082	8	10	2	2	11	12	6	-3.95693	-7.62437	-6.86939	-7.43464
1083	4	7	10	4	1	7	1	-1.82618	-3.90858	-2.58785	-1.94847
1084	2	4	1	2	2	1	5	-2.77791	-3.67851	-4.09324	-4.14046
1085	2	4	1	2	7	1	5	-2.30918	-6.0439	-5.16566	-5.32872
1086	2	1	21	3	2	1	5	-2.92901	-2.49877	-4.43434	-4.42717
1087	2	1	12	3	2	1	5	-2.62176	-2.12378	-3.66084	-4.67896
1088	2	4	2	4	19	3	6	-5.80049	-9.53916	-8.70982	-9.27167
1089	8	10	149	2	11	12	6	-4.8743	-3.98111	-5.72669	-6.86882
1090	8	10	2	2	11	12	6	-3.95693	-7.62437	-6.86939	-7.43464
1091	2	1	12	3	2	1	5	-2.62176	-2.12378	-3.66084	-4.67896
1092	2	1	12	3	2	1	5	-2.62176	-2.12378	-3.66084	-4.67896
1093	2	1	5	3	2	3	5	-4.22621	-3.25992	-5.57653	-4.71518
1094	184	39	30	82	113	43	17	-3.95553	-6.21906	-6.80256	-7.34315
1095	2	1	12	3	2	1	5	-2.62176	-2.12378	-3.66084	-4.67896
1096	2	4	1	2	2	1	5	-2.77791	-3.67851	-4.09324	-4.14046
1097	4	7	10	4	1	7	1	-1.82618	-3.90858	-2.58785	-1.94847
1098	8	10	2	2	11	12	6	-3.95693	-7.62437	-6.86939	-7.43464
1099	4	7	10	4	1	7	1	-1.82618	-3.90858	-2.58785	-1.94847
1100	4	7	10	4	42	51	1	-2.929	-4.71063	-4.74307	-3.82178
1101	9	25	2	10	22	3	6	-4.46473	-8.14093	-5.88694	-4.36345
1102	9	2	4	62	4	5	6	-3.71848	-5.25419	-5.64677	-6.85712
1103	4	7	10	4	1	7	1	-1.82618	-3.90858	-2.58785	-1.94847
1104	2	4	1	2	7	1	5	-2.30918	-6.0439	-5.16566	-5.32872
1105	4	7	10	4	1	7	1	-1.82618	-3.90858	-2.58785	-1.94847
1106	8	10	2	2	11	12	6	-3.95693	-7.62437	-6.86939	-7.43464
1107	2	4	1	2	2	1	5	-2.77791	-3.67851	-4.09324	-4.14046
1108	4	7	10	4	42	51	1	-2.929	-4.71063	-4.74307	-3.82178
1109	1	2	3	4	5	9	3	-4.62361	-2.49407	-3.68444	-4.8068
1110	2	1	12	3	2	1	5	-2.62176	-2.12378	-3.66084	-4.67896
1111	2	4	1	2	2	1	5	-2.77791	-3.67851	-4.09324	-4.14046
1112	10	81	50	99	120	76	52	-6.68231	-6.4144	-5.29118	-5.17543
1113	2	4	1	2	2	1	5	-2.77791	-3.67851	-4.09324	-4.14046
1114	4	7	10	4	42	51	1	-2.929	-4.71063	-4.74307	-3.82178
1115	4	7	10	4	42	51	1	-2.929	-4.71063	-4.74307	-3.82178
1116	4	7	10	4	1	7	1	-1.82618	-3.90858	-2.58785	-1.94847
1117	3	1	5	10	11	11	6	-9.91361	-6.47295	-9.51022	-9.76046
1118	10	81	50	99	120	76	52	-6.68231	-6.4144	-5.29118	-5.17543
1119	2	4	1	2	2	1	5	-2.77791	-3.67851	-4.09324	-4.14046
1120	4	7	10	4	1	7	1	-1.82618	-3.90858	-2.58785	-1.94847
1121	4	7	10	4	1	7	1	-1.82618	-3.90858	-2.58785	-1.94847
1122	4	7	10	4	42	51	1	-2.929	-4.71063	-4.74307	-3.82178
1123	2	1	12	3	2	1	5	-2.62176	-2.12378	-3.66084	-4.67896
1124	2	4	1	2	2	1	5	-2.77791	-3.67851	-4.09324	-4.14046
1125	2	1	1	3	2	1	5	-4.61341	-3.79303	-6.46083	-6.80704
1126	2	4	1	2	2	1	5	-2.77791	-3.67851	-4.09324	-4.14046
1127	2	4	1	2	2	1	5	-2.77791	-3.67851	-4.09324	-4.14046
1128	2	4	1	2	2	1	5	-2.77791	-3.67851	-4.09324	-4.14046
1129	2	4	1	2	2	1	5	-2.77791	-3.67851	-4.09324	-4.14046
1130	1	2	3	4	5	9	3	-4.62361	-2.49407	-3.68444	-4.8068
1131	8	10	2	2	11	12	6	-3.95693	-7.62437	-6.86939	-7.43464
1132	2	1	21	3	2	1	5	-2.92901	-2.49877	-4.43434	-4.42717
1133	2	4	1	2	2	1	5	-2.77791	-3.67851	-4.09324	-4.14046
1134	2	1	21	3	2	1	5	-2.92901	-2.49877	-4.43434	-4.42717
1135	2	1	21	3	2	1	5	-2.92901	-2.49877	-4.43434	-4.42717
1136	2	4	1	2	2	1	5	-2.77791	-3.67851	-4.09324	-4.14046
1137	1	2	3	4	5	9	3	-4.62361	-2.49407	-3.68444	-4.8068
1138	10	1	16	19	10	5	7	-6.132	-2.7524	-4.29518	-5.02581
1139	2	1	12	3	2	1	5	-2.62176	-2.12378	-3.66084	-4.67896
1140	7	21	5	62	4	61	44	-7.27162	-3.83721	-5.79988	-6.97305
1141	2	4	1	2	2	1	5	-2.77791	-3.67851	-4.09324	-4.14046
1142	2	1	12	3	2	1	5	-2.62176	-2.12378	-3.66084	-4.67896
1143	2	4	1	2	7	1	5	-2.30918	-6.0439	-5.16566	-5.32872
1144	2	1	5	3	2	3	5	-4.22621	-3.25992	-5.57653	-4.71518
1145	2	1	21	3	2	1	5	-2.92901	-2.49877	-4.43434	-4.42717
1146	2	1	21	3	2	1	5	-2.92901	-2.49877	-4.43434	-4.42717
1147	2	1	21	3	2	1	5	-2.92901	-2.49877	-4.43434	-4.42717
1148	2	1	21	3	2	1	5	-2.92901	-2.49877	-4.43434	-4.42717
1149	2	1	12	3	2	1	5	-2.62176	-2.12378	-3.66084	-4.67896
1150	8	10	2	2	11	12	6	-3.95693	-7.62437	-6.86939	-7.43464
1151	129	66	30	82	189	47	17	-3.24621	-4.94848	-5.32744	-4.16233
1152	1	307	3	4	5	9	3	-6.85208	-6.4337	-6.14616	-8.41609
1153	8	10	2	2	11	12	6	-3.95693	-7.62437	-6.86939	-7.43464
1154	2	4	2	2	6	1	5	-6.08561	-4.83809	-5.99602	-7.63079
1155	1	4	2	2	6	3	17	-4.62041	-2.45512	-4.73452	-5.21509
1156	2	4	1	2	2	1	5	-2.77791	-3.67851	-4.09324	-4.14046
1157	8	10	2	2	11	12	6	-3.95693	-7.62437	-6.86939	-7.43464
1158	2	4	2	2	6	1	5	-6.08561	-4.83809	-5.99602	-7.63079
1159	2	1	21	3	2	1	5	-2.92901	-2.49877	-4.43434	-4.42717
1160	2	4	5	2	2	5	5	-3.67477	-7.3958	-6.37975	-5.96468
1161	7	21	5	62	4	61	44	-7.27162	-3.83721	-5.79988	-6.97305
1162	2	1	12	3	2	1	5	-2.62176	-2.12378	-3.66084	-4.67896
1163	10	27	16	19	10	5	7	-20.1835	-12.7473	-16.6006	-16.762
1164	33	283	44	82	189	44	17	-6.85232	-3.47796	-5.57846	-5.79231
1165	9	25	2	10	22	3	6	-4.46473	-8.14093	-5.88694	-4.36345
1166	7	21	5	62	4	61	44	-7.27162	-3.83721	-5.79988	-6.97305
1167	2	1	5	3	2	3	5	-4.22621	-3.25992	-5.57653	-4.71518
1168	2	1	5	3	2	3	5	-4.22621	-3.25992	-5.57653	-4.71518
1169	9	25	2	10	22	3	6	-4.46473	-8.14093	-5.88694	-4.36345
1170	2	1	5	3	2	3	5	-4.22621	-3.25992	-5.57653	-4.71518
1171	2	4	1	2	2	1	5	-2.77791	-3.67851	-4.09324	-4.14046
1172	129	66	30	82	189	47	17	-3.24621	-4.94848	-5.32744	-4.16233
1173	2	4	1	2	2	1	5	-2.77791	-3.67851	-4.09324	-4.14046
1174	2	1	5	3	2	3	5	-4.22621	-3.25992	-5.57653	-4.71518
1175	2	1	12	3	2	1	5	-2.62176	-2.12378	-3.66084	-4.67896
1176	2	4	1	2	2	1	5	-2.77791	-3.67851	-4.09324	-4.14046
1177	1	4	2	2	6	3	17	-4.62041	-2.45512	-4.73452	-5.21509
1178	2	1	12	3	2	1	5	-2.62176	-2.12378	-3.66084	-4.67896
1179	1	4	2	2	446	3	17	-7.85108	-6.50026	-7.5684	-7.50309
1180	2	1	5	88	2	11	5	-8.7911	-5.35045	-6.10344	-8.08929
1181	2	4	2	2	6	1	5	-6.08561	-4.83809	-5.99602	-7.63079
1182	9	25	2	10	22	3	6	-4.46473	-8.14093	-5.88694	-4.36345
1183	2	1	5	3	2	3	5	-4.22621	-3.25992	-5.57653	-4.71518
1184	7	21	5	62	4	61	44	-7.27162	-3.83721	-5.79988	-6.97305
1185	1	2	3	4	5	9	3	-4.62361	-2.49407	-3.68444	-4.8068
1186	2	4	1	2	2	1	5	-2.77791	-3.67851	-4.09324	-4.14046
1187	7	21	5	62	4	61	44	-7.27162	-3.83721	-5.79988	-6.97305
1188	33	39	30	82	104	173	68	-5.37898	-3.98733	-6.80921	-7.11314
1189	1	4	2	2	6	3	17	-4.62041	-2.45512	-4.73452	-5.21509
1190	2	1	21	3	2	1	5	-2.92901	-2.49877	-4.43434	-4.42717
1191	4	7	10	4	1	7	1	-1.82618	-3.90858	-2.58785	-1.94847
1192	2	1	5	3	2	5	5	-5.53395	-2.83385	-4.18058	-5.33941
1193	1	4	2	2	6	3	17	-4.62041	-2.45512	-4.73452	-5.21509
1194	2	4	1	2	2	1	5	-2.77791	-3.67851	-4.09324	-4.14046
1195	2	4	1	2	2	1	5	-2.77791	-3.67851	-4.09324	-4.14046
1196	2	1	12	3	2	1	5	-2.62176	-2.12378	-3.66084	-4.67896
1197	2	1	6	3	2	3	5	-6.48418	-7.31198	-8.0106	-6.63027
1198	4	7	10	4	1	7	1	-1.82618	-3.90858	-2.58785	-1.94847
1199	2	4	1	2	7	1	5	-2.30918	-6.0439	-5.16566	-5.32872
1200	2	1	1	3	2	1	5	-4.61341	-3.79303	-6.46083	-6.80704
1201	2	4	1	2	2	1	5	-2.77791	-3.67851	-4.09324	-4.14046
1202	7	2	5	2	10	3	6	-31.5405	-27.6041	-28.4827	-28.9585
1203	2	1	21	3	2	1	5	-2.92901	-2.49877	-4.43434	-4.42717
1204	2	4	1	2	7	1	5	-2.30918	-6.0439	-5.16566	-5.32872
1205	4	7	10	4	1	7	1	-1.82618	-3.90858	-2.58785	-1.94847
1206	2	4	1	2	7	1	5	-2.30918	-6.0439	-5.16566	-5.32872
1207	2	4	1	2	2	1	5	-2.77791	-3.67851	-4.09324	-4.14046
1208	1	4	2	2	6	3	17	-4.62041	-2.45512	-4.73452	-5.21509
1209	2	4	1	2	2	1	5	-2.77791	-3.67851	-4.09324	-4.14046
1210	2	4	1	2	2	1	5	-2.77791	-3.67851	-4.09324	-4.14046
1211	74	10	2	2	11	12	6	-7.19764	-11.7035	-9.71975	-9.7438
1212	1	2	3	4	5	9	3	-4.62361	-2.49407	-3.68444	-4.8068
1213	2	1	5	3	2	3	5	-4.22621	-3.25992	-5.57653	-4.71518
1214	4	7	10	4	1	7	1	-1.82618	-3.90858	-2.58785	-1.94847
1215	2	4	2	2	6	1	5	-6.08561	-4.83809	-5.99602	-7.63079
1216	2	1	12	3	2	1	5	-2.62176	-2.12378	-3.66084	-4.67896
1217	2	1	21	3	2	1	5	-2.92901	-2.49877	-4.43434	-4.42717
1218	2	4	1	2	2	1	5	-2.77791	-3.67851	-4.09324	-4.14046
1219	2	1	21	3	2	1	5	-2.92901	-2.49877	-4.43434	-4.42717
1220	4	7	10	4	1	7	1	-1.82618	-3.90858	-2.58785	-1.94847
1221	2	1	21	3	2	1	5	-2.92901	-2.49877	-4.43434	-4.42717
1222	2	4	1	2	2	1	5	-2.77791	-3.67851	-4.09324	-4.14046
1223	4	7	10	4	1	7	1	-1.82618	-3.90858	-2.58785	-1.94847
1224	2	4	1	2	2	1	5	-2.77791	-3.67851	-4.09324	-4.14046
1225	4	7	10	4	1	7	1	-1.82618	-3.90858	-2.58785	-1.94847
1226	4	7	10	4	42	51	1	-2.929	-4.71063	-4.74307	-3.82178
1227	4	7	10	4	42	7	1	-6.55338	-9.3696	-5.59201	-4.66248
1228	2	4	1	2	2	1	5	-2.77791	-3.67851	-4.09324	-4.14046
1229	2	1	5	3	2	3	5	-4.22621	-3.25992	-5.57653	-4.71518
1230	10	81	50	99	120	76	52	-6.68231	-6.4144	-5.29118	-5.17543
1231	2	4	1	2	7	1	5	-2.30918	-6.0439	-5.16566	-5.32872
1232	2	4	1	2	7	1	5	-2.30918	-6.0439	-5.16566	-5.32872
1233	4	7	10	4	1	7	1	-1.82618	-3.90858	-2.58785	-1.94847
1234	1	4	2	2	6	3	17	-4.62041	-2.45512	-4.73452	-5.21509
1235	4	7	10	4	1	7	1	-1.82618	-3.90858	-2.58785	-1.94847
1236	2	4	1	2	2	1	5	-2.77791	-3.67851	-4.09324	-4.14046
1237	4	7	10	4	1	7	1	-1.82618	-3.90858	-2.58785	-1.94847
1238	4	7	10	4	42	51	1	-2.929	-4.71063	-4.74307	-3.82178
1239	1	307	3	4	5	9	3	-6.85208	-6.4337	-6.14616	-8.41609
1240	2	4	2	2	6	1	5	-6.08561	-4.83809	-5.99602	-7.63079
1241	8	10	149	2	11	12	6	-4.8743	-3.98111	-5.72669	-6.86882
1242	2	1	12	3	2	1	5	-2.62176	-2.12378	-3.66084	-4.67896
1243	2	4	1	2	2	1	5	-2.77791	-3.67851	-4.09324	-4.14046
1244	2	4	1	2	2	1	5	-2.77791	-3.67851	-4.09324	-4.14046
1245	2	4	1	2	2	1	5	-2.77791	-3.67851	-4.09324	-4.14046
1246	4	7	10	4	42	51	1	-2.929	-4.71063	-4.74307	-3.82178
1247	2	4	1	2	2	1	5	-2.77791	-3.67851	-4.09324	-4.14046
1248	2	4	1	2	2	1	5	-2.77791	-3.67851	-4.09324	-4.14046
1249	2	1	12	88	2	1	5	-3.94532	-3.4395	-5.77138	-5.24093
1250	1	4	2	2	6	3	17	-4.62041	-2.45512	-4.73452	-5.21509
1251	9	2	4	62	4	5	6	-3.71848	-5.25419	-5.64677	-6.85712
1252	2	4	1	2	7	1	5	-2.30918	-6.0439	-5.16566	-5.32872
1253	2	4	5	2	2	5	5	-3.67477	-7.3958	-6.37975	-5.96468
1254	2	1	21	3	2	1	5	-2.92901	-2.49877	-4.43434	-4.42717
1255	1	4	2	2	6	3	17	-4.62041	-2.45512	-4.73452	-5.21509
1256	2	1	21	3	2	1	5	-2.92901	-2.49877	-4.43434	-4.42717
1257	2	4	1	2	2	5	5	-6.81325	-6.41092	-8.84268	-9.25356
1258	2	1	12	3	2	1	5	-2.62176	-2.12378	-3.66084	-4.67896
1259	2	4	2	2	6	1	5	-6.08561	-4.83809	-5.99602	-7.63079
1260	2	4	1	2	2	1	5	-2.77791	-3.67851	-4.09324	-4.14046
1261	2	4	1	2	2	1	5	-2.77791	-3.67851	-4.09324	-4.14046
1262	1	307	3	4	5	9	3	-6.85208	-6.4337	-6.14616	-8.41609
1263	9	25	2	10	22	3	6	-4.46473	-8.14093	-5.88694	-4.36345
1264	2	1	1	380	2	1	5	-6.15458	-5.74512	-8.25726	-8.62925
1265	2	4	1	2	2	1	5	-2.77791	-3.67851	-4.09324	-4.14046
1266	2	4	1	2	2	1	5	-2.77791	-3.67851	-4.09324	-4.14046
1267	2	1	12	3	2	1	5	-2.62176	-2.12378	-3.66084	-4.67896
1268	1	2	3	4	5	9	3	-4.62361	-2.49407	-3.68444	-4.8068
1269	2	4	1	2	2	1	5	-2.77791	-3.67851	-4.09324	-4.14046
1270	2	4	1	2	2	1	5	-2.77791	-3.67851	-4.09324	-4.14046
1271	2	4	1	2	2	1	5	-2.77791	-3.67851	-4.09324	-4.14046
1272	1	2	3	4	5	9	3	-4.62361	-2.49407	-3.68444	-4.8068
1273	9	2	2	212	309	253	147	-23.9492	-26.9679	-23.3365	-20.4746
1274	2	1	21	3	2	1	5	-2.92901	-2.49877	-4.43434	-4.42717
1275	47	2	4	2	6	5	17	-12.7533	-10.2634	-6.21625	-8.93354
1276	1	2	3	4	5	9	3	-4.62361	-2.49407	-3.68444	-4.8068
1277	2	4	1	2	2	1	5	-2.77791	-3.67851	-4.09324	-4.14046
1278	2	4	1	2	2	1	5	-2.77791	-3.67851	-4.09324	-4.14046
1279	9	2	4	62	4	5	6	-3.71848	-5.25419	-5.64677	-6.85712
1280	2	1	12	3	2	1	5	-2.62176	-2.12378	-3.66084	-4.67896
1281	2	4	1	2	2	1	5	-2.77791	-3.67851	-4.09324	-4.14046
1282	2	4	1	2	7	1	5	-2.30918	-6.0439	-5.16566	-5.32872
1283	7	17	2	15	23	3	12	-6.9035	-10.6473	-9.81679	-10.3812
1284	2	1	1	3	2	1	5	-4.61341	-3.79303	-6.46083	-6.80704
1285	2	1	12	3	2	1	5	-2.62176	-2.12378	-3.66084	-4.67896
1286	2	4	1	2	2	1	5	-2.77791	-3.67851	-4.09324	-4.14046
1287	2	1	5	3	2	3	5	-4.22621	-3.25992	-5.57653	-4.71518
1288	2	4	1	2	2	1	5	-2.77791	-3.67851	-4.09324	-4.14046
1289	2	4	1	2	2	1	5	-2.77791	-3.67851	-4.09324	-4.14046
1290	1	4	2	2	6	3	17	-4.62041	-2.45512	-4.73452	-5.21509
1291	2	1	2	3	2	3	5	-3.7609	-7.3591	-6.6684	-7.22669
1292	2	1	5	3	2	3	5	-4.22621	-3.25992	-5.57653	-4.71518
1293	1	2	3	3	5	9	3	-11.7266	-7.89001	-10.1922	-11.8768
1294	4	7	10	4	42	51	1	-2.929	-4.71063	-4.74307	-3.82178
1295	1	4	2	2	6	3	17	-4.62041	-2.45512	-4.73452	-5.21509
1296	2	1	5	3	2	3	5	-4.22621	-3.25992	-5.57653	-4.71518
1297	4	7	10	4	1	7	1	-1.82618	-3.90858	-2.58785	-1.94847
1298	2	4	1	2	2	1	5	-2.77791	-3.67851	-4.09324	-4.14046
1299	4	7	10	4	1	7	1	-1.82618	-3.90858	-2.58785	-1.94847
1300	2	1	21	3	2	1	5	-2.92901	-2.49877	-4.43434	-4.42717
1301	2	4	1	2	2	1	5	-2.77791	-3.67851	-4.09324	-4.14046
1302	4	7	10	4	1	7	1	-1.82618	-3.90858	-2.58785	-1.94847
1303	2	4	1	2	2	1	5	-2.77791	-3.67851	-4.09324	-4.14046
1304	2	1	5	3	2	5	5	-5.53395	-2.83385	-4.18058	-5.33941
1305	2	4	1	2	2	1	5	-2.77791	-3.67851	-4.09324	-4.14046
1306	2	1	21	3	2	1	5	-2.92901	-2.49877	-4.43434	-4.42717
1307	2	1	5	3	2	5	5	-5.53395	-2.83385	-4.18058	-5.33941
1308	1	4	2	2	6	3	17	-4.62041	-2.45512	-4.73452	-5.21509
1309	1	4	2	2	6	3	17	-4.62041	-2.45512	-4.73452	-5.21509
1310	2	1	5	3	2	3	5	-4.22621	-3.25992	-5.57653	-4.71518
1311	1	4	2	2	6	3	17	-4.62041	-2.45512	-4.73452	-5.21509
1312	2	4	1	2	2	1	5	-2.77791	-3.67851	-4.09324	-4.14046
1313	2	1	12	88	2	1	5	-3.94532	-3.4395	-5.77138	-5.24093
1314	2	1	5	3	2	3	5	-4.22621	-3.25992	-5.57653	-4.71518
1315	2	4	5	2	2	1	5	-6.1722	-9.22428	-8.71814	-9.38714
1316	2	4	1	2	2	1	5	-2.77791	-3.67851	-4.09324	-4.14046
1317	1	4	2	2	6	3	17	-4.62041	-2.45512	-4.73452	-5.21509
1318	2	1	21	3	2	1	5	-2.92901	-2.49877	-4.43434	-4.42717
1319	4	7	10	4	1	7	1	-1.82618	-3.90858	-2.58785	-1.94847
1320	1	2	3	4	5	9	3	-4.62361	-2.49407	-3.68444	-4.8068
1321	2	4	1	2	7	1	5	-2.30918	-6.0439	-5.16566	-5.32872
1322	4	7	10	4	1	7	1	-1.82618	-3.90858	-2.58785	-1.94847
1323	4	7	10	4	1	7	1	-1.82618	-3.90858	-2.58785	-1.94847
1324	1	4	2	2	6	3	17	-4.62041	-2.45512	-4.73452	-5.21509
1325	2	4	1	2	7	1	5	-2.30918	-6.0439	-5.16566	-5.32872
1326	4	7	10	4	1	7	1	-1.82618	-3.90858	-2.58785	-1.94847
1327	8	10	2	2	11	12	6	-3.95693	-7.62437	-6.86939	-7.43464
1328	969	7	10	4	1	7	1	-4.98947	-7.97271	-5.43074	-4.25812
1329	4	7	10	4	1	7	1	-1.82618	-3.90858	-2.58785	-1.94847
1330	10	27	16	942	10	5	7	-23.4241	-16.8272	-19.4511	-19.071
1331	10	27	16	941	10	5	7	-23.4241	-16.8272	-19.4511	-19.071
1332	4	7	10	4	1	7	1	-1.82618	-3.90858	-2.58785	-1.94847
1333	4	7	10	4	1	7	1	-1.82618	-3.90858	-2.58785	-1.94847
1334	129	66	30	82	189	47	17	-3.24621	-4.94848	-5.32744	-4.16233
1335	4	7	10	4	1	7	1	-1.82618	-3.90858	-2.58785	-1.94847
1336	4	7	10	4	1	7	1	-1.82618	-3.90858	-2.58785	-1.94847
1337	2	4	1	2	2	1	5	-2.77791	-3.67851	-4.09324	-4.14046
1338	2	1	2	3	2	3	5	-3.7609	-7.3591	-6.6684	-7.22669
1339	10	27	16	19	10	5	7	-20.1835	-12.7473	-16.6006	-16.762
1340	2	4	1	2	2	1	5	-2.77791	-3.67851	-4.09324	-4.14046
1341	33	39	30	82	104	173	68	-5.37898	-3.98733	-6.80921	-7.11314
1342	1	4	2	2	6	3	17	-4.62041	-2.45512	-4.73452	-5.21509
1343	2	1	5	3	2	5	5	-5.53395	-2.83385	-4.18058	-5.33941
1344	2	1	12	3	2	1	5	-2.62176	-2.12378	-3.66084	-4.67896
1345	8	10	2	2	11	12	6	-3.95693	-7.62437	-6.86939	-7.43464
1346	2	1	1	3	2	1	5	-4.61341	-3.79303	-6.46083	-6.80704
1347	1	4	2	2	6	3	17	-4.62041	-2.45512	-4.73452	-5.21509
1348	7	2	2	2	11	12	6	-4.50355	-8.24671	-7.41636	-7.98143
1349	9	2	4	62	4	5	6	-3.71848	-5.25419	-5.64677	-6.85712
1350	2	1	21	3	2	1	5	-2.92901	-2.49877	-4.43434	-4.42717
1351	9	7	10	4	1	7	1	-10.2719	-12.2648	-11.2955	-10.0586
1352	2	1	12	3	920	1	5	-5.86303	-6.19513	-6.51014	-6.98292
1353	239	27	16	19	10	5	7	-9.91524	-6.476	-9.51377	-9.76346
1354	7	17	2	15	23	3	12	-6.9035	-10.6473	-9.81679	-10.3812
1355	1	4	2	2	6	3	17	-4.62041	-2.45512	-4.73452	-5.21509
1356	1	6	60	24	12	28	1	-26.704	-30.8468	-20.2658	-18.3513
1357	2	4	5	2	10	1	5	-6.89623	-10.6248	-9.80349	-10.3701
1358	10	81	50	99	120	76	52	-6.68231	-6.4144	-5.29118	-5.17543
1359	4	7	10	4	1	7	1	-1.82618	-3.90858	-2.58785	-1.94847
1360	2	1	5	3	2	5	5	-5.53395	-2.83385	-4.18058	-5.33941
1361	4	7	10	1	1	7	1	-5.27483	-8.75707	-5.94788	-6.16402
1362	2	4	5	2	10	1	5	-6.89623	-10.6248	-9.80349	-10.3701
1363	2	1	21	3	2	1	5	-2.92901	-2.49877	-4.43434	-4.42717
1364	2	1	21	3	2	1	5	-2.92901	-2.49877	-4.43434	-4.42717
1365	2	4	1	2	2	1	5	-2.77791	-3.67851	-4.09324	-4.14046
1366	2	4	2	2	6	1	5	-6.08561	-4.83809	-5.99602	-7.63079
1367	2	4	1	2	7	1	5	-2.30918	-6.0439	-5.16566	-5.32872
1368	2	4	1	2	2	1	5	-2.77791	-3.67851	-4.09324	-4.14046
1369	2	4	1	2	2	1	5	-2.77791	-3.67851	-4.09324	-4.14046
1370	4	7	10	4	1	7	1	-1.82618	-3.90858	-2.58785	-1.94847
1371	4	7	10	4	42	51	1	-2.929	-4.71063	-4.74307	-3.82178
1372	2	1	5	3	2	3	5	-4.22621	-3.25992	-5.57653	-4.71518
1373	2	1	12	3	2	1	5	-2.62176	-2.12378	-3.66084	-4.67896
1374	2	1	1	3	2	1	5	-4.61341	-3.79303	-6.46083	-6.80704
1375	2	4	1	2	2	1	5	-2.77791	-3.67851	-4.09324	-4.14046
1376	4	7	10	4	1	7	1	-1.82618	-3.90858	-2.58785	-1.94847
1377	10	1	16	19	10	5	7	-6.132	-2.7524	-4.29518	-5.02581
1378	2	4	1	2	7	1	5	-2.30918	-6.0439	-5.16566	-5.32872
1379	2	4	1	2	2	1	5	-2.77791	-3.67851	-4.09324	-4.14046
1380	10	81	50	99	120	76	52	-6.68231	-6.4144	-5.29118	-5.17543
1381	2	1	12	3	2	1	5	-2.62176	-2.12378	-3.66084	-4.67896
1382	2	4	1	2	2	1	5	-2.77791	-3.67851	-4.09324	-4.14046
1383	2	4	1	2	7	1	5	-2.30918	-6.0439	-5.16566	-5.32872
1384	1	2	3	4	5	9	3	-4.62361	-2.49407	-3.68444	-4.8068
1385	8	10	2	2	11	12	6	-3.95693	-7.62437	-6.86939	-7.43464
1386	1	4	2	2	6	3	17	-4.62041	-2.45512	-4.73452	-5.21509
1387	2	4	1	2	2	1	5	-2.77791	-3.67851	-4.09324	-4.14046
1388	2	4	1	2	2	1	5	-2.77791	-3.67851	-4.09324	-4.14046
1389	10	7	10	4	1	7	1	-12.357	-10.8236	-10.1297	-9.11164
1390	2	1	21	3	2	1	5	-2.92901	-2.49877	-4.43434	-4.42717
1391	2	1	21	3	2	1	5	-2.92901	-2.49877	-4.43434	-4.42717
1392	10	1	16	19	10	5	7	-6.132	-2.7524	-4.29518	-5.02581
1393	2	1	5	3	2	3	5	-4.22621	-3.25992	-5.57653	-4.71518
1394	2	1	5	3	2	3	5	-4.22621	-3.25992	-5.57653	-4.71518
1395	2	4	1	2	2	5	5	-6.81325	-6.41092	-8.84268	-9.25356
1396	2	4	1	2	7	1	5	-2.30918	-6.0439	-5.16566	-5.32872
1397	10	1	16	19	10	5	7	-6.132	-2.7524	-4.29518	-5.02581
1398	2	4	1	2	7	1	5	-2.30918	-6.0439	-5.16566	-5.32872
1399	2	934	1	2	2	1	5	-5.94106	-7.75219	-6.92816	-6.44081
