Isolate	Loci0	Loci1	Loci2	Loci3	Loci4	Loci5	Loci6	Source0	Source1	Source2	Source3
0	1	2	3	4	5	9	3	-4.46166	-2.47652	-3.62079	-4.93686
1	4	7	10	4	1	7	1	-1.86892	-3.77379	-2.74516	-1.97661
2	2	4	1	2	2	1	5	-2.81024	-3.6477	-4.23945	-4.14554
3	2	4	1	2	2	1	5	-2.81024	-3.6477	-4.23945	-4.14554
4	9	25	2	10	22	3	6	-4.51846	-7.48304	-6.35198	-4.40624
5	4	7	10	4	1	7	1	-1.86892	-3.77379	-2.74516	-1.97661
6	4	7	10	4	1	7	1	-1.86892	-3.77379	-2.74516	-1.97661
7	4	7	10	4	42	51	1	-2.97245	-4.62581	-5.12976	-3.83619
8	2	4	1	2	2	1	5	-2.81024	-3.6477	-4.23945	-4.14554
9	10	81	50	99	120	76	52	-6.6676	-6.36976	-5.32772	-5.22866
10	2	1	21	3	2	1	5	-2.93835	-2.48283	-4.49996	-4.47734
11	2	1	21	3	2	1	5	-2.93835	-2.48283	-4.49996	-4.47734
12	9	25	2	10	22	3	6	-4.51846	-7.48304	-6.35198	-4.40624
13	2	1	21	3	2	1	5	-2.93835	-2.48283	-4.49996	-4.47734
14	10	27	16	19	10	5	7	-19.0662	-13.1415	-15.8216	-16.808
15	2	4	1	2	2	1	5	-2.81024	-3.6477	-4.23945	-4.14554
16	2	4	1	2	2	1	5	-2.81024	-3.6477	-4.23945	-4.14554
17	9	2	4	62	4	5	6	-3.75873	-5.21151	-5.904	-6.63299
18	9	53	2	53	11	3	3	-29.0782	-28.9788	-24.5517	-25.1314
19	2	4	1	2	2	1	5	-2.81024	-3.6477	-4.23945	-4.14554
20	2	4	1	2	2	1	5	-2.81024	-3.6477	-4.23945	-4.14554
21	4	7	10	4	1	7	1	-1.86892	-3.77379	-2.74516	-1.97661
22	2	4	1	2	2	1	5	-2.81024	-3.6477	-4.23945	-4.14554
23	1	4	2	2	6	3	17	-4.47778	-2.43711	-4.59973	-5.41029
24	4	7	10	4	1	7	1	-1.86892	-3.77379	-2.74516	-1.97661
25	2	1	21	3	2	1	5	-2.93835	-2.48283	-4.49996	-4.47734
26	8	10	2	2	11	12	6	-4.00279	-7.42045	-8.0979	-7.08428
27	2	4	2	2	6	1	5	-6.03735	-4.82458	-5.95153	-7.75867
28	2	1	12	3	2	1	5	-2.62518	-2.11119	-3.66903	-4.72944
29	2	4	1	2	2	1	5	-2.81024	-3.6477	-4.23945	-4.14554
30	4	7	10	4	1	7	1	-1.86892	-3.77379	-2.74516	-1.97661
31	10	1	16	19	10	5	7	-5.61551	-2.73461	-4.21069	-5.17335
32	1	2	3	4	5	9	3	-4.46166	-2.47652	-3.62079	-4.93686
33	2	4	1	2	2	1	5	-2.81024	-3.6477	-4.23945	-4.14554
34	2	4	1	2	2	1	5	-2.81024	-3.6477	-4.23945	-4.14554
35	2	4	1	2	2	1	5	-2.81024	-3.6477	-4.23945	-4.14554
36	4	7	10	4	1	7	1	-1.86892	-3.77379	-2.74516	-1.97661
37	129	66	30	82	189	47	17	-3.29122	-4.86621	-5.87779	-4.18495
38	2	1	12	3	357	1	5	-6.34508	-6.56505	-5.98377	-7.67907
39	9	2	4	62	4	5	6	-3.75873	-5.21151	-5.904	-6.63299
40	2	1	1	3	2	1	5	-4.60396	-3.78057	-6.43392	-6.92278
41	2	1	12	3	357	1	5	-6.34508	-6.56505	-5.98377	-7.67907
42	2	1	5	3	2	3	5	-4.21595	-3.24334	-5.62396	-4.78561
43	2	1	5	3	2	3	5	-4.21595	-3.24334	-5.62396	-4.78561
44	2	4	1	2	2	1	5	-2.81024	-3.6477	-4.23945	-4.14554
45	2	4	1	2	2	1	5	-2.81024	-3.6477	-4.23945	-4.14554
46	2	4	2	2	6	1	5	-6.03735	-4.82458	-5.95153	-7.75867
47	1	4	2	2	6	3	17	-4.47778	-2.43711	-4.59973	-5.41029
48	2	1	21	3	2	1	5	-2.93835	-2.48283	-4.49996	-4.47734
49	2	1	2	3	2	3	5	-3.80502	-7.18533	-7.89244	-6.87313
50	2	1	21	3	2	1	5	-2.93835	-2.48283	-4.49996	-4.47734
51	7	17	2	15	23	3	12	-6.95003	-10.4077	-11.0519	-10.0314
52	2	4	1	2	7	1	5	-2.35308	-5.80061	-6.31953	-5.10572
53	9	2	4	62	4	5	6	-3.75873	-5.21151	-5.904	-6.63299
54	2	4	1	2	7	1	5	-2.35308	-5.80061	-6.31953	-5.10572
55	9	2	4	62	4	5	6	-3.75873	-5.21151	-5.904	-6.63299
56	2	1	12	88	2	1	5	-3.95393	-3.42192	-5.87819	-5.29817
57	2	1	5	3	2	3	5	-4.21595	-3.24334	-5.62396	-4.78561
58	2	4	1	2	2	1	5	-2.81024	-3.6477	-4.23945	-4.14554
59	9	2	4	62	4	5	6	-3.75873	-5.21151	-5.904	-6.63299
60	2	1	5	3	2	3	5	-4.21595	-3.24334	-5.62396	-4.78561
61	2	4	1	2	2	1	5	-2.81024	-3.6477	-4.23945	-4.14554
62	2	4	1	2	2	1	5	-2.81024	-3.6477	-4.23945	-4.14554
63	2	4	1	2	2	1	5	-2.81024	-3.6477	-4.23945	-4.14554
64	2	4	1	2	2	1	5	-2.81024	-3.6477	-4.23945	-4.14554
65	2	4	1	2	2	1	5	-2.81024	-3.6477	-4.23945	-4.14554
66	2	4	1	2	2	1	5	-2.81024	-3.6477	-4.23945	-4.14554
67	1	2	215	4	90	24	8	-28.8157	-29.107	-20.528	-21.6536
68	2	4	1	2	2	1	5	-2.81024	-3.6477	-4.23945	-4.14554
69	1	2	3	4	5	9	3	-4.46166	-2.47652	-3.62079	-4.93686
70	2	4	1	2	2	1	5	-2.81024	-3.6477	-4.23945	-4.14554
71	2	4	1	2	2	1	5	-2.81024	-3.6477	-4.23945	-4.14554
72	9	25	2	10	22	3	6	-4.51846	-7.48304	-6.35198	-4.40624
73	2	15	4	48	360	25	23	-6.72278	-8.68296	-5.81826	-4.96375
74	2	4	1	2	2	1	5	-2.81024	-3.6477	-4.23945	-4.14554
75	2	1	12	88	2	1	5	-3.95393	-3.42192	-5.87819	-5.29817
76	2	4	2	2	6	1	5	-6.03735	-4.82458	-5.95153	-7.75867
77	10	1	16	19	10	5	7	-5.61551	-2.73461	-4.21069	-5.17335
78	2	4	1	2	2	1	5	-2.81024	-3.6477	-4.23945	-4.14554
79	2	1	12	3	2	1	5	-2.62518	-2.11119	-3.66903	-4.72944
80	2	4	1	2	2	1	5	-2.81024	-3.6477	-4.23945	-4.14554
81	2	4	1	2	2	1	5	-2.81024	-3.6477	-4.23945	-4.14554
82	1	4	2	2	6	3	17	-4.47778	-2.43711	-4.59973	-5.41029
83	10	1	16	19	10	5	7	-5.61551	-2.73461	-4.21069	-5.17335
84	8	10	149	2	11	12	6	-4.86063	-3.95861	-5.69645	-6.98819
85	2	4	1	2	2	1	5	-2.81024	-3.6477	-4.23945	-4.14554
86	2	4	1	2	7	1	5	-2.35308	-5.80061	-6.31953	-5.10572
87	32	39	30	82	104	324	17	-7.62475	-4.66277	-7.40887	-8.33483
88	1	2	3	4	5	9	3	-4.46166	-2.47652	-3.62079	-4.93686
89	2	1	5	3	2	3	5	-4.21595	-3.24334	-5.62396	-4.78561
90	2	4	1	2	2	1	5	-2.81024	-3.6477	-4.23945	-4.14554
91	2	4	1	2	7	1	5	-2.35308	-5.80061	-6.31953	-5.10572
92	4	7	10	4	1	7	1	-1.86892	-3.77379	-2.74516	-1.97661
93	2	1	2	3	2	3	5	-3.80502	-7.18533	-7.89244	-6.87313
94	2	1	12	3	2	1	5	-2.62518	-2.11119	-3.66903	-4.72944
95	2	1	21	3	2	1	5	-2.93835	-2.48283	-4.49996	-4.47734
96	2	1	21	3	2	1	5	-2.93835	-2.48283	-4.49996	-4.47734
97	9	2	5	2	11	3	1	-28.6247	-32.4676	-28.1692	-25.1989
98	4	7	10	4	1	7	1	-1.86892	-3.77379	-2.74516	-1.97661
99	2	1	2	3	2	3	5	-3.80502	-7.18533	-7.89244	-6.87313
100	2	1	21	3	2	1	5	-2.93835	-2.48283	-4.49996	-4.47734
101	4	7	10	4	1	7	1	-1.86892	-3.77379	-2.74516	-1.97661
102	2	1	21	3	2	1	5	-2.93835	-2.48283	-4.49996	-4.47734
103	1	4	2	2	6	3	17	-4.47778	-2.43711	-4.59973	-5.41029
104	2	4	5	2	10	1	5	-6.94039	-10.3935	-11.0302	-10.0153
105	2	1	12	88	2	1	5	-3.95393	-3.42192	-5.87819	-5.29817
106	9	2	4	62	4	5	6	-3.75873	-5.21151	-5.904	-6.63299
107	2	165	73	147	220	190	104	-8.79697	-9.22635	-7.30228	-5.29091
108	2	1	21	3	2	1	5	-2.93835	-2.48283	-4.49996	-4.47734
109	2	4	1	2	2	1	5	-2.81024	-3.6477	-4.23945	-4.14554
110	2	1	12	3	11	1	6	-18.4249	-18.2739	-20.1312	-20.133
111	2	1	2	3	2	3	5	-3.80502	-7.18533	-7.89244	-6.87313
112	2	4	1	2	7	1	5	-2.35308	-5.80061	-6.31953	-5.10572
113	2	1	2	3	2	3	5	-3.80502	-7.18533	-7.89244	-6.87313
114	2	1	21	3	2	1	5	-2.93835	-2.48283	-4.49996	-4.47734
115	2	4	1	2	7	1	5	-2.35308	-5.80061	-6.31953	-5.10572
116	33	39	30	82	113	43	17	-8.96015	-6.44726	-6.14799	-8.65534
117	2	4	1	2	2	1	5	-2.81024	-3.6477	-4.23945	-4.14554
118	2	4	1	2	2	1	5	-2.81024	-3.6477	-4.23945	-4.14554
119	2	4	1	2	2	1	5	-2.81024	-3.6477	-4.23945	-4.14554
120	2	4	1	2	7	1	5	-2.35308	-5.80061	-6.31953	-5.10572
121	4	7	10	1	1	7	1	-5.31416	-8.5604	-6.03847	-6.1684
122	2	1	12	3	2	1	5	-2.62518	-2.11119	-3.66903	-4.72944
123	2	4	1	2	2	1	5	-2.81024	-3.6477	-4.23945	-4.14554
124	2	4	1	2	2	1	5	-2.81024	-3.6477	-4.23945	-4.14554
125	2	4	1	2	7	1	5	-2.35308	-5.80061	-6.31953	-5.10572
126	2	4	1	2	2	1	5	-2.81024	-3.6477	-4.23945	-4.14554
127	2	4	1	2	2	1	5	-2.81024	-3.6477	-4.23945	-4.14554
128	2	1	12	88	2	1	5	-3.95393	-3.42192	-5.87819	-5.29817
129	2	1	12	3	2	1	5	-2.62518	-2.11119	-3.66903	-4.72944
130	2	1	12	3	2	1	5	-2.62518	-2.11119	-3.66903	-4.72944
131	2	4	1	2	7	1	5	-2.35308	-5.80061	-6.31953	-5.10572
132	2	1	21	3	2	1	5	-2.93835	-2.48283	-4.49996	-4.47734
133	2	1	21	3	2	1	5	-2.93835	-2.48283	-4.49996	-4.47734
134	2	4	5	2	2	5	5	-3.7194	-7.13015	-7.36607	-5.87479
135	2	1	21	3	2	1	5	-2.93835	-2.48283	-4.49996	-4.47734
136	1	4	2	2	6	3	1	-11.0177	-10.3395	-10.3231	-10.574
137	2	1	5	3	2	3	5	-4.21595	-3.24334	-5.62396	-4.78561
138	2	1	5	3	2	3	5	-4.21595	-3.24334	-5.62396	-4.78561
139	4	7	10	4	1	7	1	-1.86892	-3.77379	-2.74516	-1.97661
140	8	10	2	2	11	12	6	-4.00279	-7.42045	-8.0979	-7.08428
141	2	1	2	3	2	3	5	-3.80502	-7.18533	-7.89244	-6.87313
142	2	1	5	3	2	3	5	-4.21595	-3.24334	-5.62396	-4.78561
143	2	1	2	3	2	3	5	-3.80502	-7.18533	-7.89244	-6.87313
144	129	66	30	82	189	47	17	-3.29122	-4.86621	-5.87779	-4.18495
145	2	4	1	2	2	1	5	-2.81024	-3.6477	-4.23945	-4.14554
146	2	4	1	2	2	1	5	-2.81024	-3.6477	-4.23945	-4.14554
147	7	21	5	62	4	61	44	-6.74325	-3.81637	-5.66678	-7.27387
148	2	4	1	2	2	1	5	-2.81024	-3.6477	-4.23945	-4.14554
149	2	937	1	2	2	1	5	-6.45313	-8.10487	-6.55114	-7.08572
150	1	14	2	2	6	1	17	-8.9297	-6.42273	-8.02109	-6.3671
151	1	4	2	2	6	3	17	-4.47778	-2.43711	-4.59973	-5.41029
152	8	10	149	2	11	12	6	-4.86063	-3.95861	-5.69645	-6.98819
153	2	1	12	3	2	1	5	-2.62518	-2.11119	-3.66903	-4.72944
154	9	30	2	2	89	59	6	-5.00207	-8.46145	-9.10485	-8.08394
155	1	2	3	4	5	9	3	-4.46166	-2.47652	-3.62079	-4.93686
156	2	4	1	2	2	1	5	-2.81024	-3.6477	-4.23945	-4.14554
157	2	4	1	2	2	1	5	-2.81024	-3.6477	-4.23945	-4.14554
158	180	194	2	68	19	231	147	-23.937	-31.1154	-21.0222	-23.1839
159	2	4	1	2	2	1	5	-2.81024	-3.6477	-4.23945	-4.14554
160	2	4	1	2	2	1	5	-2.81024	-3.6477	-4.23945	-4.14554
161	2	4	1	2	2	1	5	-2.81024	-3.6477	-4.23945	-4.14554
162	4	7	10	4	1	7	1	-1.86892	-3.77379	-2.74516	-1.97661
163	2	4	1	2	2	1	5	-2.81024	-3.6477	-4.23945	-4.14554
164	2	1	21	3	2	1	5	-2.93835	-2.48283	-4.49996	-4.47734
165	2	4	1	2	7	1	5	-2.35308	-5.80061	-6.31953	-5.10572
166	2	4	1	2	2	1	5	-2.81024	-3.6477	-4.23945	-4.14554
167	10	1	16	19	10	5	7	-5.61551	-2.73461	-4.21069	-5.17335
168	104	7	10	4	1	7	1	-4.45739	-7.92298	-8.54414	-7.51116
169	2	4	1	2	2	1	5	-2.81024	-3.6477	-4.23945	-4.14554
170	10	27	16	19	10	5	7	-19.0662	-13.1415	-15.8216	-16.808
171	2	4	1	2	2	1	5	-2.81024	-3.6477	-4.23945	-4.14554
172	2	1	1	3	2	1	5	-4.60396	-3.78057	-6.43392	-6.92278
173	7	21	5	62	4	61	44	-6.74325	-3.81637	-5.66678	-7.27387
174	2	1	1	3	2	1	5	-4.60396	-3.78057	-6.43392	-6.92278
175	10	1	16	19	10	5	7	-5.61551	-2.73461	-4.21069	-5.17335
176	2	4	1	2	2	1	5	-2.81024	-3.6477	-4.23945	-4.14554
177	2	4	1	2	2	1	5	-2.81024	-3.6477	-4.23945	-4.14554
178	2	1	12	3	2	1	5	-2.62518	-2.11119	-3.66903	-4.72944
179	2	4	1	2	2	1	5	-2.81024	-3.6477	-4.23945	-4.14554
180	2	4	1	2	2	1	5	-2.81024	-3.6477	-4.23945	-4.14554
181	1	4	2	2	6	3	17	-4.47778	-2.43711	-4.59973	-5.41029
182	2	1	12	3	2	1	5	-2.62518	-2.11119	-3.66903	-4.72944
183	4	7	10	4	1	7	1	-1.86892	-3.77379	-2.74516	-1.97661
184	2	4	1	2	2	1	5	-2.81024	-3.6477	-4.23945	-4.14554
185	2	4	1	2	2	1	5	-2.81024	-3.6477	-4.23945	-4.14554
186	2	1	21	3	2	1	5	-2.93835	-2.48283	-4.49996	-4.47734
187	4	7	10	4	1	7	1	-1.86892	-3.77379	-2.74516	-1.97661
188	4	7	10	4	42	51	1	-2.97245	-4.62581	-5.12976	-3.83619
189	2	1	5	3	2	3	5	-4.21595	-3.24334	-5.62396	-4.78561
190	1	2	4	62	4	5	17	-6.06361	-4.83454	-7.52066	-8.147
191	4	7	10	4	1	7	1	-1.86892	-3.77379	-2.74516	-1.97661
192	4	7	10	4	42	51	1	-2.97245	-4.62581	-5.12976	-3.83619
193	2	1	21	3	2	1	5	-2.93835	-2.48283	-4.49996	-4.47734
194	4	7	10	4	42	51	1	-2.97245	-4.62581	-5.12976	-3.83619
195	2	4	1	2	7	1	5	-2.35308	-5.80061	-6.31953	-5.10572
196	2	4	1	2	2	1	5	-2.81024	-3.6477	-4.23945	-4.14554
197	1	2	3	4	5	9	3	-4.46166	-2.47652	-3.62079	-4.93686
198	1	2	4	62	4	5	17	-6.06361	-4.83454	-7.52066	-8.147
199	2	250	4	281	358	25	57	-27.9617	-30.9325	-18.4213	-19.0096
200	9	2	4	62	4	5	6	-3.75873	-5.21151	-5.904	-6.63299
201	1	2	3	4	5	9	3	-4.46166	-2.47652	-3.62079	-4.93686
202	4	7	10	4	1	7	1	-1.86892	-3.77379	-2.74516	-1.97661
203	2	4	2	4	19	3	6	-5.84561	-9.30272	-9.94181	-8.91713
204	4	7	10	4	1	7	1	-1.86892	-3.77379	-2.74516	-1.97661
205	4	7	10	4	42	51	1	-2.97245	-4.62581	-5.12976	-3.83619
206	2	1	12	3	2	1	5	-2.62518	-2.11119	-3.66903	-4.72944
207	4	7	10	4	1	7	1	-1.86892	-3.77379	-2.74516	-1.97661
208	2	1	12	3	2	1	5	-2.62518	-2.11119	-3.66903	-4.72944
209	1	2	4	62	4	5	17	-6.06361	-4.83454	-7.52066	-8.147
210	4	7	10	4	42	51	1	-2.97245	-4.62581	-5.12976	-3.83619
211	2	4	1	2	2	1	5	-2.81024	-3.6477	-4.23945	-4.14554
212	4	7	10	4	1	7	1	-1.86892	-3.77379	-2.74516	-1.97661
213	2	1	21	3	2	1	5	-2.93835	-2.48283	-4.49996	-4.47734
214	47	2	4	2	6	5	17	-10.0999	-11.7366	-6.19175	-8.91403
215	2	1	21	3	2	1	5	-2.93835	-2.48283	-4.49996	-4.47734
216	2	1	21	3	2	1	5	-2.93835	-2.48283	-4.49996	-4.47734
217	2	4	1	2	2	1	5	-2.81024	-3.6477	-4.23945	-4.14554
218	2	4	1	2	2	1	5	-2.81024	-3.6477	-4.23945	-4.14554
219	10	81	50	99	120	76	52	-6.6676	-6.36976	-5.32772	-5.22866
220	2	4	1	2	2	1	5	-2.81024	-3.6477	-4.23945	-4.14554
221	2	4	1	2	2	1	5	-2.81024	-3.6477	-4.23945	-4.14554
222	1	4	2	2	6	3	17	-4.47778	-2.43711	-4.59973	-5.41029
223	1	2	4	62	4	5	17	-6.06361	-4.83454	-7.52066	-8.147
224	4	7	10	4	1	7	1	-1.86892	-3.77379	-2.74516	-1.97661
225	4	7	10	4	1	7	1	-1.86892	-3.77379	-2.74516	-1.97661
226	10	1	16	19	10	5	7	-5.61551	-2.73461	-4.21069	-5.17335
227	2	4	1	2	2	1	5	-2.81024	-3.6477	-4.23945	-4.14554
228	2	4	1	2	7	1	5	-2.35308	-5.80061	-6.31953	-5.10572
229	1	4	2	348	6	3	17	-8.31667	-5.35003	-8.09406	-9.02398
230	1	2	4	62	4	5	17	-6.06361	-4.83454	-7.52066	-8.147
231	10	27	16	19	10	5	7	-19.0662	-13.1415	-15.8216	-16.808
232	1	4	2	2	6	3	17	-4.47778	-2.43711	-4.59973	-5.41029
233	4	7	10	4	42	51	1	-2.97245	-4.62581	-5.12976	-3.83619
234	2	4	1	2	2	1	5	-2.81024	-3.6477	-4.23945	-4.14554
235	2	1	12	3	2	1	5	-2.62518	-2.11119	-3.66903	-4.72944
236	2	1	12	88	2	1	5	-3.95393	-3.42192	-5.87819	-5.29817
237	2	4	1	2	7	1	5	-2.35308	-5.80061	-6.31953	-5.10572
238	2	1	12	3	2	1	5	-2.62518	-2.11119	-3.66903	-4.72944
239	1	4	2	2	6	3	17	-4.47778	-2.43711	-4.59973	-5.41029
240	2	1	4	28	58	25	58	-5.70483	-7.92226	-5.54409	-4.28054
241	2	1	5	3	2	3	5	-4.21595	-3.24334	-5.62396	-4.78561
242	2	1	12	3	2	1	5	-2.62518	-2.11119	-3.66903	-4.72944
243	2	4	1	2	2	1	5	-2.81024	-3.6477	-4.23945	-4.14554
244	2	1	5	10	11	1	5	-26.2539	-23.3405	-24.0621	-24.799
245	2	1	12	3	2	1	5	-2.62518	-2.11119	-3.66903	-4.72944
246	2	1	12	88	2	1	5	-3.95393	-3.42192	-5.87819	-5.29817
247	2	1	12	3	2	1	5	-2.62518	-2.11119	-3.66903	-4.72944
248	2	1	12	3	2	1	5	-2.62518	-2.11119	-3.66903	-4.72944
249	1	4	2	2	6	3	17	-4.47778	-2.43711	-4.59973	-5.41029
250	9	2	4	62	4	5	6	-3.75873	-5.21151	-5.904	-6.63299
251	2	1	12	3	2	1	5	-2.62518	-2.11119	-3.66903	-4.72944
252	8	10	149	2	11	12	6	-4.86063	-3.95861	-5.69645	-6.98819
253	2	1	21	3	2	1	5	-2.93835	-2.48283	-4.49996	-4.47734
254	1	2	3	4	5	9	3	-4.46166	-2.47652	-3.62079	-4.93686
255	2	1	5	3	2	3	5	-4.21595	-3.24334	-5.62396	-4.78561
256	1	307	3	4	5	9	3	-6.82906	-6.42727	-6.12377	-8.42363
257	1	4	2	2	6	3	17	-4.47778	-2.43711	-4.59973	-5.41029
258	2	4	1	2	7	1	5	-2.35308	-5.80061	-6.31953	-5.10572
259	2	4	1	2	2	1	5	-2.81024	-3.6477	-4.23945	-4.14554
260	2	61	4	64	126	7	23	-6.06331	-8.03775	-6.29389	-4.28595
261	7	21	5	62	4	61	44	-6.74325	-3.81637	-5.66678	-7.27387
262	2	1	12	3	2	1	5	-2.62518	-2.11119	-3.66903	-4.72944
263	2	4	1	2	2	1	5	-2.81024	-3.6477	-4.23945	-4.14554
264	2	1	12	3	2	1	5	-2.62518	-2.11119	-3.66903	-4.72944
265	2	1	21	3	2	1	5	-2.93835	-2.48283	-4.49996	-4.47734
266	2	1	21	3	2	1	5	-2.93835	-2.48283	-4.49996	-4.47734
267	2	4	1	2	2	1	5	-2.81024	-3.6477	-4.23945	-4.14554
268	2	4	1	2	2	1	5	-2.81024	-3.6477	-4.23945	-4.14554
269	2	4	1	2	7	1	5	-2.35308	-5.80061	-6.31953	-5.10572
270	4	7	10	4	1	7	1	-1.86892	-3.77379	-2.74516	-1.97661
271	1	2	4	62	4	5	17	-6.06361	-4.83454	-7.52066	-8.147
272	4	1	21	3	2	1	5	-9.56626	-10.4792	-10.357	-9.71516
273	10	1	16	19	10	5	7	-5.61551	-2.73461	-4.21069	-5.17335
274	33	283	44	82	189	44	17	-6.36654	-3.45682	-5.45317	-5.95041
275	2	1	12	3	2	1	5	-2.62518	-2.11119	-3.66903	-4.72944
276	10	81	50	99	120	76	52	-6.6676	-6.36976	-5.32772	-5.22866
277	4	7	10	4	42	25	1	-8.52699	-9.14746	-5.89094	-5.22154
278	2	4	1	2	2	1	5	-2.81024	-3.6477	-4.23945	-4.14554
279	2	4	5	2	10	1	5	-6.94039	-10.3935	-11.0302	-10.0153
280	2	4	1	2	2	1	5	-2.81024	-3.6477	-4.23945	-4.14554
281	9	2	4	62	4	5	6	-3.75873	-5.21151	-5.904	-6.63299
282	4	7	10	4	1	7	1	-1.86892	-3.77379	-2.74516	-1.97661
283	2	1	12	3	2	1	5	-2.62518	-2.11119	-3.66903	-4.72944
284	9	2	4	62	4	5	6	-3.75873	-5.21151	-5.904	-6.63299
285	9	2	4	62	4	5	6	-3.75873	-5.21151	-5.904	-6.63299
286	2	4	1	2	2	1	5	-2.81024	-3.6477	-4.23945	-4.14554
287	2	1	12	88	2	1	5	-3.95393	-3.42192	-5.87819	-5.29817
288	2	1	21	3	2	1	5	-2.93835	-2.48283	-4.49996	-4.47734
289	33	39	30	79	113	44	17	-24.9611	-24.7656	-24.9082	-26.2481
290	1	2	3	4	5	9	3	-4.46166	-2.47652	-3.62079	-4.93686
291	1	4	2	2	6	3	17	-4.47778	-2.43711	-4.59973	-5.41029
292	9	2	4	62	4	5	6	-3.75873	-5.21151	-5.904	-6.63299
293	2	1	12	3	2	1	5	-2.62518	-2.11119	-3.66903	-4.72944
294	2	1	5	3	2	5	5	-5.24502	-2.82353	-4.10286	-5.49599
295	2	1	5	3	2	5	5	-5.24502	-2.82353	-4.10286	-5.49599
296	2	4	1	2	2	1	5	-2.81024	-3.6477	-4.23945	-4.14554
297	2	4	1	2	2	1	5	-2.81024	-3.6477	-4.23945	-4.14554
298	2	1	21	3	2	1	5	-2.93835	-2.48283	-4.49996	-4.47734
299	32	39	30	82	104	324	17	-7.62475	-4.66277	-7.40887	-8.33483
300	2	1	12	3	2	1	5	-2.62518	-2.11119	-3.66903	-4.72944
301	4	7	10	4	1	7	1	-1.86892	-3.77379	-2.74516	-1.97661
302	1	4	2	2	6	3	5	-8.20358	-5.27972	-7.99373	-8.94243
303	2	1	21	3	2	1	5	-2.93835	-2.48283	-4.49996	-4.47734
304	4	7	10	4	42	51	1	-2.97245	-4.62581	-5.12976	-3.83619
305	2	4	1	2	7	1	5	-2.35308	-5.80061	-6.31953	-5.10572
306	7	21	5	62	4	61	44	-6.74325	-3.81637	-5.66678	-7.27387
307	104	7	10	4	1	7	1	-4.45739	-7.92298	-8.54414	-7.51116
308	9	25	2	10	22	3	6	-4.51846	-7.48304	-6.35198	-4.40624
309	2	4	2	2	6	3	17	-10.4111	-7.99857	-9.95114	-10.3889
310	2	4	1	2	7	1	5	-2.35308	-5.80061	-6.31953	-5.10572
311	129	66	30	82	189	47	17	-3.29122	-4.86621	-5.87779	-4.18495
312	33	39	30	82	104	173	68	-5.33647	-3.96415	-6.66519	-7.32984
313	2	1	12	3	2	1	5	-2.62518	-2.11119	-3.66903	-4.72944
314	2	1	1	3	2	1	5	-4.60396	-3.78057	-6.43392	-6.92278
315	7	21	5	62	4	61	44	-6.74325	-3.81637	-5.66678	-7.27387
316	2	1	21	3	2	1	5	-2.93835	-2.48283	-4.49996	-4.47734
317	4	7	10	4	1	7	1	-1.86892	-3.77379	-2.74516	-1.97661
318	10	2	107	62	120	76	1	-6.89807	-9.6735	-8.33075	-6.36267
319	4	7	10	4	1	7	1	-1.86892	-3.77379	-2.74516	-1.97661
320	2	1	12	3	2	1	5	-2.62518	-2.11119	-3.66903	-4.72944
321	2	1	5	3	2	3	5	-4.21595	-3.24334	-5.62396	-4.78561
322	4	7	10	4	1	7	1	-1.86892	-3.77379	-2.74516	-1.97661
323	2	1	12	88	2	1	5	-3.95393	-3.42192	-5.87819	-5.29817
324	4	7	10	4	42	7	1	-6.59395	-8.48276	-5.70901	-4.69495
325	4	7	10	4	42	51	1	-2.97245	-4.62581	-5.12976	-3.83619
326	2	1	21	3	2	1	5	-2.93835	-2.48283	-4.49996	-4.47734
327	2	1	12	3	2	1	5	-2.62518	-2.11119	-3.66903	-4.72944
328	4	7	10	4	1	7	1	-1.86892	-3.77379	-2.74516	-1.97661
329	2	4	1	2	7	1	5	-2.35308	-5.80061	-6.31953	-5.10572
330	4	7	10	4	1	7	1	-1.86892	-3.77379	-2.74516	-1.97661
331	2	1	12	3	2	1	5	-2.62518	-2.11119	-3.66903	-4.72944
332	4	7	10	4	1	7	1	-1.86892	-3.77379	-2.74516	-1.97661
333	4	7	10	4	1	7	1	-1.86892	-3.77379	-2.74516	-1.97661
334	1	4	2	2	6	3	17	-4.47778	-2.43711	-4.59973	-5.41029
335	2	4	1	2	2	1	5	-2.81024	-3.6477	-4.23945	-4.14554
336	4	7	10	4	1	7	1	-1.86892	-3.77379	-2.74516	-1.97661
337	7	17	2	15	23	3	12	-6.95003	-10.4077	-11.0519	-10.0314
338	2	1	5	3	2	3	5	-4.21595	-3.24334	-5.62396	-4.78561
339	4	7	10	4	1	7	1	-1.86892	-3.77379	-2.74516	-1.97661
340	4	7	10	4	1	7	1	-1.86892	-3.77379	-2.74516	-1.97661
341	4	7	10	4	42	51	1	-2.97245	-4.62581	-5.12976	-3.83619
342	2	4	1	2	2	1	5	-2.81024	-3.6477	-4.23945	-4.14554
343	2	1	12	88	2	1	5	-3.95393	-3.42192	-5.87819	-5.29817
344	2	1	1	3	2	1	5	-4.60396	-3.78057	-6.43392	-6.92278
345	1	2	3	4	5	9	3	-4.46166	-2.47652	-3.62079	-4.93686
346	2	1	12	88	2	1	5	-3.95393	-3.42192	-5.87819	-5.29817
347	2	1	1	3	2	1	5	-4.60396	-3.78057	-6.43392	-6.92278
348	24	17	2	10	23	68	5	-8.72226	-5.76002	-8.50621	-9.43263
349	4	7	10	4	1	7	1	-1.86892	-3.77379	-2.74516	-1.97661
350	2	1	21	3	2	1	5	-2.93835	-2.48283	-4.49996	-4.47734
351	1	4	2	2	6	3	17	-4.47778	-2.43711	-4.59973	-5.41029
352	2	1	5	3	2	3	5	-4.21595	-3.24334	-5.62396	-4.78561
353	4	7	10	4	1	7	1	-1.86892	-3.77379	-2.74516	-1.97661
354	2	1	1	3	2	1	5	-4.60396	-3.78057	-6.43392	-6.92278
355	2	1	12	3	2	1	5	-2.62518	-2.11119	-3.66903	-4.72944
356	8	10	149	2	11	12	6	-4.86063	-3.95861	-5.69645	-6.98819
357	2	4	1	2	2	5	5	-6.81377	-6.40217	-8.89053	-9.26928
358	10	1	16	19	10	5	7	-5.61551	-2.73461	-4.21069	-5.17335
359	24	17	2	10	23	68	5	-8.72226	-5.76002	-8.50621	-9.43263
360	1	2	4	62	4	5	17	-6.06361	-4.83454	-7.52066	-8.147
361	2	4	1	2	7	1	5	-2.35308	-5.80061	-6.31953	-5.10572
362	7	71	5	62	11	67	6	-28.1088	-28.822	-26.1187	-27.8584
363	7	17	5	2	10	3	6	-24.7614	-24.6328	-23.7519	-22.0656
364	2	1	5	3	2	3	5	-4.21595	-3.24334	-5.62396	-4.78561
365	9	2	4	62	4	5	6	-3.75873	-5.21151	-5.904	-6.63299
366	33	38	30	82	104	325	36	-13.1364	-10.9195	-11.5174	-13.0797
367	2	4	1	2	7	1	5	-2.35308	-5.80061	-6.31953	-5.10572
368	47	2	4	2	6	5	17	-10.0999	-11.7366	-6.19175	-8.91403
369	2	1	12	88	2	1	5	-3.95393	-3.42192	-5.87819	-5.29817
370	2	1	12	88	2	1	5	-3.95393	-3.42192	-5.87819	-5.29817
371	2	1	12	88	2	1	5	-3.95393	-3.42192	-5.87819	-5.29817
372	2	1	12	88	2	1	5	-3.95393	-3.42192	-5.87819	-5.29817
373	2	4	1	2	2	1	5	-2.81024	-3.6477	-4.23945	-4.14554
374	2	1	12	88	2	1	5	-3.95393	-3.42192	-5.87819	-5.29817
375	1	1	2	2	6	3	17	-9.24105	-6.23284	-8.85615	-9.84807
376	2	1	12	88	2	1	5	-3.95393	-3.42192	-5.87819	-5.29817
377	2	1	12	88	2	1	5	-3.95393	-3.42192	-5.87819	-5.29817
378	2	4	1	2	2	1	5	-2.81024	-3.6477	-4.23945	-4.14554
379	2	1	12	88	2	1	5	-3.95393	-3.42192	-5.87819	-5.29817
380	2	1	5	3	2	3	5	-4.21595	-3.24334	-5.62396	-4.78561
381	4	7	10	4	1	7	1	-1.86892	-3.77379	-2.74516	-1.97661
382	2	1	12	3	2	1	5	-2.62518	-2.11119	-3.66903	-4.72944
383	1	2	4	62	4	5	17	-6.06361	-4.83454	-7.52066	-8.147
384	1	4	2	2	6	3	17	-4.47778	-2.43711	-4.59973	-5.41029
385	2	1	12	3	2	1	5	-2.62518	-2.11119	-3.66903	-4.72944
386	2	1	12	88	2	1	5	-3.95393	-3.42192	-5.87819	-5.29817
387	9	2	4	62	4	5	6	-3.75873	-5.21151	-5.904	-6.63299
388	2	4	1	2	7	1	5	-2.35308	-5.80061	-6.31953	-5.10572
389	2	1	5	3	2	3	5	-4.21595	-3.24334	-5.62396	-4.78561
390	7	21	5	62	4	61	44	-6.74325	-3.81637	-5.66678	-7.27387
391	1	2	215	4	90	24	8	-28.8157	-29.107	-20.528	-21.6536
392	2	1	21	3	2	1	5	-2.93835	-2.48283	-4.49996	-4.47734
393	1	4	2	2	6	3	17	-4.47778	-2.43711	-4.59973	-5.41029
394	2	4	1	2	2	1	5	-2.81024	-3.6477	-4.23945	-4.14554
395	2	1	12	3	2	1	5	-2.62518	-2.11119	-3.66903	-4.72944
396	1	2	3	4	5	9	3	-4.46166	-2.47652	-3.62079	-4.93686
397	2	1	5	3	2	3	5	-4.21595	-3.24334	-5.62396	-4.78561
398	10	1	16	19	10	5	7	-5.61551	-2.73461	-4.21069	-5.17335
399	2	1	2	3	2	959	5	-7.5212	-11.2567	-10.1062	-9.80913
400	10	1	16	19	10	5	7	-5.61551	-2.73461	-4.21069	-5.17335
401	2	4	1	2	7	1	5	-2.35308	-5.80061	-6.31953	-5.10572
402	2	1	12	3	2	1	5	-2.62518	-2.11119	-3.66903	-4.72944
403	8	10	149	2	11	12	6	-4.86063	-3.95861	-5.69645	-6.98819
404	2	4	1	2	7	1	5	-2.35308	-5.80061	-6.31953	-5.10572
405	4	7	10	4	1	7	1	-1.86892	-3.77379	-2.74516	-1.97661
406	4	7	10	4	1	7	1	-1.86892	-3.77379	-2.74516	-1.97661
407	2	4	5	2	2	5	5	-3.7194	-7.13015	-7.36607	-5.87479
408	2	1	12	3	2	1	5	-2.62518	-2.11119	-3.66903	-4.72944
409	166	2	27	10	151	3	1	-30.2189	-34.4606	-25.2145	-25.0604
410	33	39	30	79	113	44	17	-24.9611	-24.7656	-24.9082	-26.2481
411	7	17	2	15	23	3	12	-6.95003	-10.4077	-11.0519	-10.0314
412	1	2	3	4	5	9	3	-4.46166	-2.47652	-3.62079	-4.93686
413	2	4	1	2	7	1	5	-2.35308	-5.80061	-6.31953	-5.10572
414	7	21	5	62	4	61	44	-6.74325	-3.81637	-5.66678	-7.27387
415	2	1	12	3	2	1	5	-2.62518	-2.11119	-3.66903	-4.72944
416	1	2	3	4	5	9	3	-4.46166	-2.47652	-3.62079	-4.93686
417	2	1	5	88	2	11	5	-8.15592	-5.34134	-6.04236	-8.26618
418	2	4	1	2	7	1	5	-2.35308	-5.80061	-6.31953	-5.10572
419	2	1	21	3	2	1	5	-2.93835	-2.48283	-4.49996	-4.47734
420	7	17	2	15	23	3	12	-6.95003	-10.4077	-11.0519	-10.0314
421	2	1	5	88	2	11	5	-8.15592	-5.34134	-6.04236	-8.26618
422	47	2	4	2	6	5	17	-10.0999	-11.7366	-6.19175	-8.91403
423	1	2	3	4	5	9	3	-4.46166	-2.47652	-3.62079	-4.93686
424	7	17	2	15	23	3	12	-6.95003	-10.4077	-11.0519	-10.0314
425	2	4	1	2	2	1	5	-2.81024	-3.6477	-4.23945	-4.14554
426	2	4	1	2	2	1	5	-2.81024	-3.6477	-4.23945	-4.14554
427	2	4	1	2	2	1	5	-2.81024	-3.6477	-4.23945	-4.14554
428	2	1	12	3	2	1	5	-2.62518	-2.11119	-3.66903	-4.72944
429	2	4	5	2	2	5	5	-3.7194	-7.13015	-7.36607	-5.87479
430	2	1	21	3	2	1	5	-2.93835	-2.48283	-4.49996	-4.47734
431	4	7	10	4	42	25	1	-8.52699	-9.14746	-5.89094	-5.22154
432	1	4	2	2	6	3	17	-4.47778	-2.43711	-4.59973	-5.41029
433	1	2	215	4	923	24	8	-28.8157	-29.107	-20.528	-21.6536
434	1	2	3	4	5	9	3	-4.46166	-2.47652	-3.62079	-4.93686
435	2	1	1	3	2	1	5	-4.60396	-3.78057	-6.43392	-6.92278
436	1	4	2	2	6	3	17	-4.47778	-2.43711	-4.59973	-5.41029
437	2	4	1	2	2	1	5	-2.81024	-3.6477	-4.23945	-4.14554
438	2	1	5	3	2	5	5	-5.24502	-2.82353	-4.10286	-5.49599
439	4	7	10	4	42	51	1	-2.97245	-4.62581	-5.12976	-3.83619
440	4	7	10	4	1	7	1	-1.86892	-3.77379	-2.74516	-1.97661
441	4	7	10	4	1	7	1	-1.86892	-3.77379	-2.74516	-1.97661
442	4	7	10	4	1	7	1	-1.86892	-3.77379	-2.74516	-1.97661
443	2	1	21	3	2	1	5	-2.93835	-2.48283	-4.49996	-4.47734
444	2	1	21	3	2	1	5	-2.93835	-2.48283	-4.49996	-4.47734
445	2	4	1	2	7	1	5	-2.35308	-5.80061	-6.31953	-5.10572
446	4	7	10	4	1	7	1	-1.86892	-3.77379	-2.74516	-1.97661
447	4	7	10	4	1	7	1	-1.86892	-3.77379	-2.74516	-1.97661
448	2	1	1	3	2	1	5	-4.60396	-3.78057	-6.43392	-6.92278
449	2	1	21	3	2	1	5	-2.93835	-2.48283	-4.49996	-4.47734
450	2	1	21	3	2	1	5	-2.93835	-2.48283	-4.49996	-4.47734
451	4	7	10	4	42	51	1	-2.97245	-4.62581	-5.12976	-3.83619
452	4	7	10	1	1	7	1	-5.31416	-8.5604	-6.03847	-6.1684
453	239	27	16	19	10	5	7	-9.4182	-6.45455	-9.19974	-10.1276
454	2	1	12	3	2	1	5	-2.62518	-2.11119	-3.66903	-4.72944
455	2	4	1	2	2	1	5	-2.81024	-3.6477	-4.23945	-4.14554
456	2	1	12	3	2	1	5	-2.62518	-2.11119	-3.66903	-4.72944
457	2	1	12	3	2	1	5	-2.62518	-2.11119	-3.66903	-4.72944
458	10	81	50	99	120	76	52	-6.6676	-6.36976	-5.32772	-5.22866
459	47	2	4	2	6	5	17	-10.0999	-11.7366	-6.19175	-8.91403
460	2	4	1	3	2	1	5	-6.85894	-8.88513	-9.87726	-9.63333
461	4	7	10	4	1	7	1	-1.86892	-3.77379	-2.74516	-1.97661
462	2	1	1	380	2	1	5	-6.16524	-5.72749	-8.34723	-8.67791
463	2	4	1	2	7	1	5	-2.35308	-5.80061	-6.31953	-5.10572
464	2	1	12	88	2	1	5	-3.95393	-3.42192	-5.87819	-5.29817
465	7	71	5	62	11	67	1	-29.0565	-29.0344	-24.7546	-26.9711
466	2	4	1	2	7	1	5	-2.35308	-5.80061	-6.31953	-5.10572
467	4	7	10	4	1	7	1	-1.86892	-3.77379	-2.74516	-1.97661
468	2	1	1	380	2	1	5	-6.16524	-5.72749	-8.34723	-8.67791
469	2	4	1	2	2	1	5	-2.81024	-3.6477	-4.23945	-4.14554
470	2	1	12	3	2	1	5	-2.62518	-2.11119	-3.66903	-4.72944
471	1	14	2	2	6	1	17	-8.9297	-6.42273	-8.02109	-6.3671
472	1	2	4	62	4	5	17	-6.06361	-4.83454	-7.52066	-8.147
473	4	7	10	4	1	7	1	-1.86892	-3.77379	-2.74516	-1.97661
474	2	1	21	3	2	1	5	-2.93835	-2.48283	-4.49996	-4.47734
475	2	4	1	2	2	1	5	-2.81024	-3.6477	-4.23945	-4.14554
476	1	4	2	2	6	3	17	-4.47778	-2.43711	-4.59973	-5.41029
477	4	7	10	4	1	7	1	-1.86892	-3.77379	-2.74516	-1.97661
478	10	2	107	62	120	76	1	-6.89807	-9.6735	-8.33075	-6.36267
479	2	1	12	3	2	1	5	-2.62518	-2.11119	-3.66903	-4.72944
480	2	1	5	3	2	3	5	-4.21595	-3.24334	-5.62396	-4.78561
481	2	1	21	3	2	1	5	-2.93835	-2.48283	-4.49996	-4.47734
482	1	2	3	4	5	9	3	-4.46166	-2.47652	-3.62079	-4.93686
483	1	307	3	4	5	9	3	-6.82906	-6.42727	-6.12377	-8.42363
484	7	2	5	2	10	3	6	-30.3334	-28.5978	-28.3208	-27.7414
485	1	2	3	4	5	9	3	-4.46166	-2.47652	-3.62079	-4.93686
486	33	39	30	82	104	173	68	-5.33647	-3.96415	-6.66519	-7.32984
487	4	7	10	4	42	7	1	-6.59395	-8.48276	-5.70901	-4.69495
488	2	1	12	88	2	1	5	-3.95393	-3.42192	-5.87819	-5.29817
489	2	4	1	2	2	1	5	-2.81024	-3.6477	-4.23945	-4.14554
490	2	1	21	3	2	1	5	-2.93835	-2.48283	-4.49996	-4.47734
491	9	2	4	62	4	5	6	-3.75873	-5.21151	-5.904	-6.63299
492	2	1	5	3	2	3	5	-4.21595	-3.24334	-5.62396	-4.78561
493	4	7	10	4	1	7	1	-1.86892	-3.77379	-2.74516	-1.97661
494	2	1	57	26	127	29	35	-6.90272	-10.1659	-6.18023	-8.60896
495	2	1	57	26	127	29	35	-6.90272	-10.1659	-6.18023	-8.60896
496	2	4	2	4	19	3	6	-5.84561	-9.30272	-9.94181	-8.91713
497	2	1	12	3	2	1	5	-2.62518	-2.11119	-3.66903	-4.72944
498	2	4	1	2	2	1	5	-2.81024	-3.6477	-4.23945	-4.14554
499	2	4	1	2	2	1	5	-2.81024	-3.6477	-4.23945	-4.14554
500	2	1	21	3	2	1	5	-2.93835	-2.48283	-4.49996	-4.47734
501	33	39	65	79	104	43	17	-4.64651	-8.10497	-8.74837	-7.72886
502	1	14	2	2	6	1	17	-8.9297	-6.42273	-8.02109	-6.3671
503	2	1	12	3	2	1	5	-2.62518	-2.11119	-3.66903	-4.72944
504	7	21	5	62	4	61	44	-6.74325	-3.81637	-5.66678	-7.27387
505	9	2	4	62	4	5	6	-3.75873	-5.21151	-5.904	-6.63299
506	129	66	30	82	189	47	17	-3.29122	-4.86621	-5.87779	-4.18495
507	2	1	21	3	2	1	5	-2.93835	-2.48283	-4.49996	-4.47734
508	47	2	4	2	6	5	17	-10.0999	-11.7366	-6.19175	-8.91403
509	2	4	1	2	7	1	5	-2.35308	-5.80061	-6.31953	-5.10572
510	33	38	30	82	104	325	36	-13.1364	-10.9195	-11.5174	-13.0797
511	1	4	2	2	6	3	17	-4.47778	-2.43711	-4.59973	-5.41029
512	1	4	2	2	6	3	17	-4.47778	-2.43711	-4.59973	-5.41029
513	2	4	1	2	2	1	5	-2.81024	-3.6477	-4.23945	-4.14554
514	4	7	10	4	1	7	1	-1.86892	-3.77379	-2.74516	-1.97661
515	33	283	44	82	189	44	17	-6.36654	-3.45682	-5.45317	-5.95041
516	8	10	149	2	11	12	6	-4.86063	-3.95861	-5.69645	-6.98819
517	2	1	21	3	62	1	5	-5.84229	-9.29327	-9.93844	-8.91942
518	10	1	16	19	10	5	7	-5.61551	-2.73461	-4.21069	-5.17335
519	180	194	2	68	19	231	147	-23.937	-31.1154	-21.0222	-23.1839
520	2	4	1	2	7	1	5	-2.35308	-5.80061	-6.31953	-5.10572
521	2	4	2	2	6	1	5	-6.03735	-4.82458	-5.95153	-7.75867
522	1	2	3	4	5	9	3	-4.46166	-2.47652	-3.62079	-4.93686
523	2	1	21	3	2	1	5	-2.93835	-2.48283	-4.49996	-4.47734
524	2	1	12	3	2	1	5	-2.62518	-2.11119	-3.66903	-4.72944
525	2	1	5	3	2	3	5	-4.21595	-3.24334	-5.62396	-4.78561
526	1	307	3	4	5	9	3	-6.82906	-6.42727	-6.12377	-8.42363
527	2	4	1	2	7	1	5	-2.35308	-5.80061	-6.31953	-5.10572
528	2	1	12	3	2	1	5	-2.62518	-2.11119	-3.66903	-4.72944
529	7	21	5	62	4	61	44	-6.74325	-3.81637	-5.66678	-7.27387
530	2	1	5	3	2	3	5	-4.21595	-3.24334	-5.62396	-4.78561
531	2	1	12	88	2	1	5	-3.95393	-3.42192	-5.87819	-5.29817
532	2	1	21	3	2	1	5	-2.93835	-2.48283	-4.49996	-4.47734
533	1	4	2	2	6	3	17	-4.47778	-2.43711	-4.59973	-5.41029
534	2	4	1	2	7	1	5	-2.35308	-5.80061	-6.31953	-5.10572
535	47	2	4	2	6	5	17	-10.0999	-11.7366	-6.19175	-8.91403
536	1	4	2	2	6	3	17	-4.47778	-2.43711	-4.59973	-5.41029
537	1	2	3	4	5	9	3	-4.46166	-2.47652	-3.62079	-4.93686
538	2	4	1	2	2	1	5	-2.81024	-3.6477	-4.23945	-4.14554
539	4	7	10	4	42	7	1	-6.59395	-8.48276	-5.70901	-4.69495
540	2	4	1	9	2	1	5	-6.51504	-8.11017	-6.55549	-7.09611
541	2	1	12	3	2	1	5	-2.62518	-2.11119	-3.66903	-4.72944
542	1	4	2	9	6	3	17	-8.17747	-6.84911	-6.88711	-8.33715
543	1	2	3	4	922	9	3	-8.18101	-6.94065	-5.93772	-7.88947
544	4	7	10	4	1	7	1	-1.86892	-3.77379	-2.74516	-1.97661
545	2	1	5	3	2	3	5	-4.21595	-3.24334	-5.62396	-4.78561
546	2	4	1	2	7	1	5	-2.35308	-5.80061	-6.31953	-5.10572
547	4	7	10	4	1	7	1	-1.86892	-3.77379	-2.74516	-1.97661
548	2	4	1	2	2	1	5	-2.81024	-3.6477	-4.23945	-4.14554
549	2	1	21	3	2	1	5	-2.93835	-2.48283	-4.49996	-4.47734
550	4	7	10	4	1	7	1	-1.86892	-3.77379	-2.74516	-1.97661
551	1	4	2	2	6	3	17	-4.47778	-2.43711	-4.59973	-5.41029
552	2	1	5	3	2	5	5	-5.24502	-2.82353	-4.10286	-5.49599
553	2	1	12	3	2	1	5	-2.62518	-2.11119	-3.66903	-4.72944
554	4	936	10	4	1	7	1	-5.58309	-8.23579	-5.03183	-4.93294
555	180	194	2	68	19	231	147	-23.937	-31.1154	-21.0222	-23.1839
556	4	7	10	4	42	51	1	-2.97245	-4.62581	-5.12976	-3.83619
557	4	7	10	4	42	25	1	-8.52699	-9.14746	-5.89094	-5.22154
558	2	1	21	3	2	1	5	-2.93835	-2.48283	-4.49996	-4.47734
559	2	1	5	3	2	3	5	-4.21595	-3.24334	-5.62396	-4.78561
560	2	1	5	3	2	3	5	-4.21595	-3.24334	-5.62396	-4.78561
561	4	7	10	4	42	51	1	-2.97245	-4.62581	-5.12976	-3.83619
562	4	7	10	4	1	7	1	-1.86892	-3.77379	-2.74516	-1.97661
563	2	4	1	2	7	1	5	-2.35308	-5.80061	-6.31953	-5.10572
564	2	1	21	3	2	1	5	-2.93835	-2.48283	-4.49996	-4.47734
565	1	4	2	2	6	3	17	-4.47778	-2.43711	-4.59973	-5.41029
566	188	313	5	2	89	5	6	-38.4417	-37.4717	-35.9752	-38.5751
567	2	1	21	3	2	1	5	-2.93835	-2.48283	-4.49996	-4.47734
568	2	1	1	3	2	1	5	-4.60396	-3.78057	-6.43392	-6.92278
569	2	1	5	3	2	3	5	-4.21595	-3.24334	-5.62396	-4.78561
570	2	4	1	2	2	1	5	-2.81024	-3.6477	-4.23945	-4.14554
571	2	1	5	3	2	3	5	-4.21595	-3.24334	-5.62396	-4.78561
572	2	1	1	3	2	1	5	-4.60396	-3.78057	-6.43392	-6.92278
573	2	1	5	3	2	3	5	-4.21595	-3.24334	-5.62396	-4.78561
574	1	4	2	2	6	3	17	-4.47778	-2.43711	-4.59973	-5.41029
575	1	4	2	2	6	3	17	-4.47778	-2.43711	-4.59973	-5.41029
576	2	1	21	3	2	1	5	-2.93835	-2.48283	-4.49996	-4.47734
577	239	27	16	19	10	5	7	-9.4182	-6.45455	-9.19974	-10.1276
578	2	4	5	2	2	5	5	-3.7194	-7.13015	-7.36607	-5.87479
579	9	2	4	62	4	5	6	-3.75873	-5.21151	-5.904	-6.63299
580	2	1	1	3	2	1	5	-4.60396	-3.78057	-6.43392	-6.92278
581	2	1	5	3	2	3	5	-4.21595	-3.24334	-5.62396	-4.78561
582	1	4	2	2	6	3	17	-4.47778	-2.43711	-4.59973	-5.41029
583	2	4	5	2	2	5	5	-3.7194	-7.13015	-7.36607	-5.87479
584	2	4	5	2	2	5	5	-3.7194	-7.13015	-7.36607	-5.87479
585	2	1	5	3	2	3	5	-4.21595	-3.24334	-5.62396	-4.78561
586	2	1	1	380	2	1	5	-6.16524	-5.72749	-8.34723	-8.67791
587	2	7	10	4	1	7	1	-6.56804	-9.04055	-8.04834	-6.91643
588	2	1	12	3	2	1	5	-2.62518	-2.11119	-3.66903	-4.72944
589	2	4	1	2	2	1	5	-2.81024	-3.6477	-4.23945	-4.14554
590	9	2	4	62	4	5	6	-3.75873	-5.21151	-5.904	-6.63299
591	2	4	5	2	2	5	5	-3.7194	-7.13015	-7.36607	-5.87479
592	1	4	2	2	6	3	17	-4.47778	-2.43711	-4.59973	-5.41029
593	1	4	2	2	6	5	17	-12.3714	-9.06311	-11.234	-13.1106
594	2	4	2	2	6	1	5	-6.03735	-4.82458	-5.95153	-7.75867
595	1	4	2	2	6	5	17	-12.3714	-9.06311	-11.234	-13.1106
596	2	23	21	3	2	1	5	-6.65893	-6.95016	-6.8191	-7.43225
597	7	21	5	62	4	61	44	-6.74325	-3.81637	-5.66678	-7.27387
598	2	4	1	2	2	1	5	-2.81024	-3.6477	-4.23945	-4.14554
599	1	307	3	4	5	9	3	-6.82906	-6.42727	-6.12377	-8.42363
600	1	2	3	4	5	9	3	-4.46166	-2.47652	-3.62079	-4.93686
601	9	2	4	62	4	5	6	-3.75873	-5.21151	-5.904	-6.63299
602	2	1	12	3	2	1	5	-2.62518	-2.11119	-3.66903	-4.72944
603	1	4	2	2	6	3	17	-4.47778	-2.43711	-4.59973	-5.41029
604	10	1	16	19	10	5	7	-5.61551	-2.73461	-4.21069	-5.17335
605	2	1	12	3	2	1	5	-2.62518	-2.11119	-3.66903	-4.72944
606	180	194	2	68	19	231	147	-23.937	-31.1154	-21.0222	-23.1839
607	2	1	12	3	2	1	5	-2.62518	-2.11119	-3.66903	-4.72944
608	4	7	10	4	1	7	1	-1.86892	-3.77379	-2.74516	-1.97661
609	129	66	30	82	189	47	17	-3.29122	-4.86621	-5.87779	-4.18495
610	4	7	10	4	1	7	1	-1.86892	-3.77379	-2.74516	-1.97661
611	2	1	12	3	2	1	5	-2.62518	-2.11119	-3.66903	-4.72944
612	2	1	21	3	2	1	5	-2.93835	-2.48283	-4.49996	-4.47734
613	4	7	10	4	1	7	1	-1.86892	-3.77379	-2.74516	-1.97661
614	10	1	16	19	10	5	7	-5.61551	-2.73461	-4.21069	-5.17335
615	8	10	149	2	11	12	6	-4.86063	-3.95861	-5.69645	-6.98819
616	129	66	30	82	189	47	17	-3.29122	-4.86621	-5.87779	-4.18495
617	2	4	1	2	2	1	5	-2.81024	-3.6477	-4.23945	-4.14554
618	180	194	2	68	19	231	147	-23.937	-31.1154	-21.0222	-23.1839
619	2	1	5	3	2	3	5	-4.21595	-3.24334	-5.62396	-4.78561
620	2	4	1	2	2	1	5	-2.81024	-3.6477	-4.23945	-4.14554
621	1	2	3	4	5	9	3	-4.46166	-2.47652	-3.62079	-4.93686
622	180	194	2	68	19	231	147	-23.937	-31.1154	-21.0222	-23.1839
623	33	39	65	79	104	43	17	-4.64651	-8.10497	-8.74837	-7.72886
624	2	4	5	2	2	5	5	-3.7194	-7.13015	-7.36607	-5.87479
625	2	1	5	3	2	5	5	-5.24502	-2.82353	-4.10286	-5.49599
626	2	1	12	3	2	1	5	-2.62518	-2.11119	-3.66903	-4.72944
627	180	194	2	68	19	231	147	-23.937	-31.1154	-21.0222	-23.1839
628	2	1	21	3	2	1	5	-2.93835	-2.48283	-4.49996	-4.47734
629	2	1	5	3	2	5	5	-5.24502	-2.82353	-4.10286	-5.49599
630	2	1	21	3	2	1	5	-2.93835	-2.48283	-4.49996	-4.47734
631	1	2	3	4	5	9	3	-4.46166	-2.47652	-3.62079	-4.93686
632	2	1	21	3	2	1	5	-2.93835	-2.48283	-4.49996	-4.47734
633	8	10	2	2	11	12	6	-4.00279	-7.42045	-8.0979	-7.08428
634	2	4	1	2	7	1	5	-2.35308	-5.80061	-6.31953	-5.10572
635	2	1	5	3	2	3	5	-4.21595	-3.24334	-5.62396	-4.78561
636	1	2	3	4	5	9	3	-4.46166	-2.47652	-3.62079	-4.93686
637	9	2	4	62	4	5	6	-3.75873	-5.21151	-5.904	-6.63299
638	2	1	21	3	2	1	5	-2.93835	-2.48283	-4.49996	-4.47734
639	8	10	149	2	11	12	6	-4.86063	-3.95861	-5.69645	-6.98819
640	2	1	12	88	2	1	5	-3.95393	-3.42192	-5.87819	-5.29817
641	2	4	1	2	2	1	5	-2.81024	-3.6477	-4.23945	-4.14554
642	2	1	5	10	10	1	5	-23.0744	-24.1999	-22.738	-22.9429
643	1	2	3	4	5	9	3	-4.46166	-2.47652	-3.62079	-4.93686
644	2	4	1	2	7	1	5	-2.35308	-5.80061	-6.31953	-5.10572
645	2	4	1	2	2	1	5	-2.81024	-3.6477	-4.23945	-4.14554
646	1	2	3	4	5	9	3	-4.46166	-2.47652	-3.62079	-4.93686
647	2	1	12	88	2	1	5	-3.95393	-3.42192	-5.87819	-5.29817
648	4	7	10	4	1	7	1	-1.86892	-3.77379	-2.74516	-1.97661
649	2	1	21	3	2	1	5	-2.93835	-2.48283	-4.49996	-4.47734
650	2	4	1	2	7	1	5	-2.35308	-5.80061	-6.31953	-5.10572
651	33	38	30	82	118	43	17	-19.1592	-19.2635	-21.2973	-21.3177
652	2	4	1	2	2	1	5	-2.81024	-3.6477	-4.23945	-4.14554
653	2	1	5	3	2	3	5	-4.21595	-3.24334	-5.62396	-4.78561
654	4	7	10	4	1	7	1	-1.86892	-3.77379	-2.74516	-1.97661
655	8	10	2	2	11	12	6	-4.00279	-7.42045	-8.0979	-7.08428
656	2	4	5	2	2	5	5	-3.7194	-7.13015	-7.36607	-5.87479
657	4	7	10	4	1	7	1	-1.86892	-3.77379	-2.74516	-1.97661
658	2	1	5	3	2	3	5	-4.21595	-3.24334	-5.62396	-4.78561
659	33	39	30	82	113	47	17	-5.79493	-5.73252	-8.29426	-8.45748
660	2	1	21	3	2	1	5	-2.93835	-2.48283	-4.49996	-4.47734
661	2	4	1	2	7	1	5	-2.35308	-5.80061	-6.31953	-5.10572
662	2	1	1	3	2	1	5	-4.60396	-3.78057	-6.43392	-6.92278
663	4	7	10	4	1	7	1	-1.86892	-3.77379	-2.74516	-1.97661
664	7	21	5	62	4	61	44	-6.74325	-3.81637	-5.66678	-7.27387
665	10	81	50	99	120	76	52	-6.6676	-6.36976	-5.32772	-5.22866
666	4	7	10	4	1	7	1	-1.86892	-3.77379	-2.74516	-1.97661
667	1	2	3	4	5	9	3	-4.46166	-2.47652	-3.62079	-4.93686
668	1	2	3	4	5	9	3	-4.46166	-2.47652	-3.62079	-4.93686
669	2	4	1	2	7	1	5	-2.35308	-5.80061	-6.31953	-5.10572
670	4	7	10	4	1	7	1	-1.86892	-3.77379	-2.74516	-1.97661
671	2	1	5	3	2	3	5	-4.21595	-3.24334	-5.62396	-4.78561
672	1	4	2	2	6	3	17	-4.47778	-2.43711	-4.59973	-5.41029
673	4	935	10	4	1	7	1	-5.58309	-8.23579	-5.03183	-4.93294
674	10	1	16	19	10	5	7	-5.61551	-2.73461	-4.21069	-5.17335
675	4	7	10	4	1	7	1	-1.86892	-3.77379	-2.74516	-1.97661
676	33	39	65	79	104	43	17	-4.64651	-8.10497	-8.74837	-7.72886
677	2	4	2	2	6	1	5	-6.03735	-4.82458	-5.95153	-7.75867
678	4	7	10	4	42	25	1	-8.52699	-9.14746	-5.89094	-5.22154
679	1	4	2	2	6	3	17	-4.47778	-2.43711	-4.59973	-5.41029
680	4	7	10	4	42	25	1	-8.52699	-9.14746	-5.89094	-5.22154
681	4	7	10	4	42	25	1	-8.52699	-9.14746	-5.89094	-5.22154
682	4	7	10	4	1	7	1	-1.86892	-3.77379	-2.74516	-1.97661
683	2	4	1	2	7	1	5	-2.35308	-5.80061	-6.31953	-5.10572
684	4	7	10	4	1	7	1	-1.86892	-3.77379	-2.74516	-1.97661
685	4	7	10	4	42	7	1	-6.59395	-8.48276	-5.70901	-4.69495
686	10	27	16	19	10	5	7	-19.0662	-13.1415	-15.8216	-16.808
687	10	81	50	99	120	76	52	-6.6676	-6.36976	-5.32772	-5.22866
688	4	7	10	4	1	7	1	-1.86892	-3.77379	-2.74516	-1.97661
689	4	7	10	4	42	51	1	-2.97245	-4.62581	-5.12976	-3.83619
690	4	7	10	4	1	7	1	-1.86892	-3.77379	-2.74516	-1.97661
691	10	81	50	99	120	76	52	-6.6676	-6.36976	-5.32772	-5.22866
692	2	4	1	2	2	1	5	-2.81024	-3.6477	-4.23945	-4.14554
693	4	7	10	4	42	51	1	-2.97245	-4.62581	-5.12976	-3.83619
694	4	7	10	4	42	51	1	-2.97245	-4.62581	-5.12976	-3.83619
695	4	7	10	4	42	51	1	-2.97245	-4.62581	-5.12976	-3.83619
696	8	10	2	2	11	12	6	-4.00279	-7.42045	-8.0979	-7.08428
697	33	38	30	82	104	43	17	-5.33947	-8.79717	-9.43944	-8.4161
698	4	7	10	4	1	7	1	-1.86892	-3.77379	-2.74516	-1.97661
699	10	81	50	99	120	76	52	-6.6676	-6.36976	-5.32772	-5.22866
700	2	4	1	2	7	1	5	-2.35308	-5.80061	-6.31953	-5.10572
701	4	7	10	4	1	7	1	-1.86892	-3.77379	-2.74516	-1.97661
702	4	7	10	4	1	7	1	-1.86892	-3.77379	-2.74516	-1.97661
703	10	81	50	99	120	76	52	-6.6676	-6.36976	-5.32772	-5.22866
704	4	7	10	4	42	51	1	-2.97245	-4.62581	-5.12976	-3.83619
705	9	2	4	62	4	5	6	-3.75873	-5.21151	-5.904	-6.63299
706	4	7	10	4	1	7	1	-1.86892	-3.77379	-2.74516	-1.97661
707	2	1	1	3	2	1	5	-4.60396	-3.78057	-6.43392	-6.92278
708	1	14	2	2	6	1	17	-8.9297	-6.42273	-8.02109	-6.3671
709	2	4	2	2	6	1	5	-6.03735	-4.82458	-5.95153	-7.75867
710	2	4	2	2	6	1	5	-6.03735	-4.82458	-5.95153	-7.75867
711	4	7	10	4	42	51	1	-2.97245	-4.62581	-5.12976	-3.83619
712	10	2	107	62	120	76	1	-6.89807	-9.6735	-8.33075	-6.36267
713	2	1	12	3	2	1	5	-2.62518	-2.11119	-3.66903	-4.72944
714	2	4	1	2	2	1	5	-2.81024	-3.6477	-4.23945	-4.14554
715	47	2	4	2	6	5	17	-10.0999	-11.7366	-6.19175	-8.91403
716	4	7	10	4	42	5	1	-10.837	-11.2192	-11.0643	-11.0316
717	2	1	12	3	2	1	5	-2.62518	-2.11119	-3.66903	-4.72944
718	4	7	10	4	42	51	1	-2.97245	-4.62581	-5.12976	-3.83619
719	1	307	3	4	5	9	3	-6.82906	-6.42727	-6.12377	-8.42363
720	2	1	21	3	2	1	5	-2.93835	-2.48283	-4.49996	-4.47734
721	4	7	10	4	1	7	1	-1.86892	-3.77379	-2.74516	-1.97661
722	2	4	1	2	2	1	5	-2.81024	-3.6477	-4.23945	-4.14554
723	2	1	12	3	2	1	5	-2.62518	-2.11119	-3.66903	-4.72944
724	4	7	10	4	1	7	1	-1.86892	-3.77379	-2.74516	-1.97661
725	2	1	21	3	2	1	5	-2.93835	-2.48283	-4.49996	-4.47734
726	2	1	1	3	2	1	5	-4.60396	-3.78057	-6.43392	-6.92278
727	4	7	10	4	1	7	1	-1.86892	-3.77379	-2.74516	-1.97661
728	2	1	12	3	2	1	5	-2.62518	-2.11119	-3.66903	-4.72944
729	1	4	3	2	6	3	17	-13.9229	-9.54956	-11.487	-13.5722
730	2	1	12	3	2	1	5	-2.62518	-2.11119	-3.66903	-4.72944
731	2	1	12	88	2	1	5	-3.95393	-3.42192	-5.87819	-5.29817
732	1	4	2	2	6	3	17	-4.47778	-2.43711	-4.59973	-5.41029
733	4	7	10	4	42	51	1	-2.97245	-4.62581	-5.12976	-3.83619
734	2	1	12	3	2	1	5	-2.62518	-2.11119	-3.66903	-4.72944
735	4	7	10	4	1	7	1	-1.86892	-3.77379	-2.74516	-1.97661
736	2	1	12	88	2	1	5	-3.95393	-3.42192	-5.87819	-5.29817
737	2	1	21	3	2	1	5	-2.93835	-2.48283	-4.49996	-4.47734
738	2	4	5	2	2	5	5	-3.7194	-7.13015	-7.36607	-5.87479
739	2	4	5	2	2	5	5	-3.7194	-7.13015	-7.36607	-5.87479
740	2	1	21	3	62	1	5	-5.84229	-9.29327	-9.93844	-8.91942
741	4	7	10	4	42	25	1	-8.52699	-9.14746	-5.89094	-5.22154
742	1	2	4	62	4	5	17	-6.06361	-4.83454	-7.52066	-8.147
743	1	2	3	4	5	9	3	-4.46166	-2.47652	-3.62079	-4.93686
744	8	10	2	2	11	12	6	-4.00279	-7.42045	-8.0979	-7.08428
745	2	1	12	88	2	1	5	-3.95393	-3.42192	-5.87819	-5.29817
746	2	4	5	2	2	5	5	-3.7194	-7.13015	-7.36607	-5.87479
747	2	1	12	3	2	1	5	-2.62518	-2.11119	-3.66903	-4.72944
748	7	21	5	62	4	61	44	-6.74325	-3.81637	-5.66678	-7.27387
749	9	2	4	62	4	5	6	-3.75873	-5.21151	-5.904	-6.63299
750	10	1	16	19	10	5	7	-5.61551	-2.73461	-4.21069	-5.17335
751	10	1	16	19	10	5	7	-5.61551	-2.73461	-4.21069	-5.17335
752	8	10	2	2	11	12	6	-4.00279	-7.42045	-8.0979	-7.08428
753	1	4	2	2	6	3	17	-4.47778	-2.43711	-4.59973	-5.41029
754	2	1	12	3	2	1	5	-2.62518	-2.11119	-3.66903	-4.72944
755	2	1	12	88	2	1	5	-3.95393	-3.42192	-5.87819	-5.29817
756	2	29	4	27	10	25	57	-19.6276	-20.8184	-14.7493	-11.7852
757	2	1	5	3	2	3	5	-4.21595	-3.24334	-5.62396	-4.78561
758	2	1	12	3	2	1	5	-2.62518	-2.11119	-3.66903	-4.72944
759	37	52	57	26	107	29	23	-8.32626	-8.88332	-5.82751	-4.96878
760	2	4	1	2	7	1	5	-2.35308	-5.80061	-6.31953	-5.10572
761	1	2	3	4	5	9	3	-4.46166	-2.47652	-3.62079	-4.93686
762	2	1	12	3	2	1	5	-2.62518	-2.11119	-3.66903	-4.72944
763	1	4	2	2	6	3	17	-4.47778	-2.43711	-4.59973	-5.41029
764	1	4	2	2	6	3	17	-4.47778	-2.43711	-4.59973	-5.41029
765	1	2	3	4	5	9	3	-4.46166	-2.47652	-3.62079	-4.93686
766	4	7	10	4	1	7	1	-1.86892	-3.77379	-2.74516	-1.97661
767	2	1	21	3	2	1	5	-2.93835	-2.48283	-4.49996	-4.47734
768	2	1	12	3	2	1	5	-2.62518	-2.11119	-3.66903	-4.72944
769	2	4	1	2	2	5	5	-6.81377	-6.40217	-8.89053	-9.26928
770	2	4	1	2	2	1	5	-2.81024	-3.6477	-4.23945	-4.14554
771	2	4	5	2	2	5	5	-3.7194	-7.13015	-7.36607	-5.87479
772	10	1	16	19	10	5	7	-5.61551	-2.73461	-4.21069	-5.17335
773	7	21	5	62	4	61	44	-6.74325	-3.81637	-5.66678	-7.27387
774	9	2	4	62	4	5	6	-3.75873	-5.21151	-5.904	-6.63299
775	2	1	12	3	2	1	5	-2.62518	-2.11119	-3.66903	-4.72944
776	1	4	2	2	6	3	17	-4.47778	-2.43711	-4.59973	-5.41029
777	4	7	10	4	1	7	1	-1.86892	-3.77379	-2.74516	-1.97661
778	2	1	12	3	2	1	5	-2.62518	-2.11119	-3.66903	-4.72944
779	2	1	5	3	2	5	5	-5.24502	-2.82353	-4.10286	-5.49599
780	2	23	21	3	2	1	5	-6.65893	-6.95016	-6.8191	-7.43225
781	2	4	5	2	2	5	5	-3.7194	-7.13015	-7.36607	-5.87479
782	2	4	2	2	6	1	5	-6.03735	-4.82458	-5.95153	-7.75867
783	2	1	12	3	2	1	5	-2.62518	-2.11119	-3.66903	-4.72944
784	4	7	10	4	42	51	1	-2.97245	-4.62581	-5.12976	-3.83619
785	7	17	5	2	86	232	1	-27.9092	-33.747	-26.7423	-25.6562
786	2	4	1	2	2	1	5	-2.81024	-3.6477	-4.23945	-4.14554
787	2	1	12	3	2	1	5	-2.62518	-2.11119	-3.66903	-4.72944
788	2	1	21	3	2	1	5	-2.93835	-2.48283	-4.49996	-4.47734
789	7	17	2	15	23	3	12	-6.95003	-10.4077	-11.0519	-10.0314
790	2	1	5	3	2	5	5	-5.24502	-2.82353	-4.10286	-5.49599
791	1	6	60	24	12	28	1	-27.7463	-33.1032	-17.8425	-20.6062
792	1	2	3	4	5	9	3	-4.46166	-2.47652	-3.62079	-4.93686
793	2	4	5	2	2	5	5	-3.7194	-7.13015	-7.36607	-5.87479
794	1	2	3	4	5	9	3	-4.46166	-2.47652	-3.62079	-4.93686
795	1	6	60	24	12	28	1	-27.7463	-33.1032	-17.8425	-20.6062
796	9	2	4	62	4	5	6	-3.75873	-5.21151	-5.904	-6.63299
797	2	4	1	2	2	1	5	-2.81024	-3.6477	-4.23945	-4.14554
798	4	7	10	4	1	7	1	-1.86892	-3.77379	-2.74516	-1.97661
799	2	4	5	2	2	5	5	-3.7194	-7.13015	-7.36607	-5.87479
800	7	2	2	2	11	12	6	-4.54944	-8.008	-8.65061	-7.63071
801	2	1	21	3	2	1	941	-6.65857	-6.931	-6.8098	-7.42828
802	9	2	2	10	10	3	5	-28.8415	-26.1045	-25.6022	-24.4654
803	8	10	149	2	11	12	6	-4.86063	-3.95861	-5.69645	-6.98819
804	7	1	5	2	10	3	6	-31.3807	-30.077	-29.4727	-27.9926
805	2	1	21	3	2	1	5	-2.93835	-2.48283	-4.49996	-4.47734
806	33	39	30	82	113	43	17	-8.96015	-6.44726	-6.14799	-8.65534
807	1	6	60	24	12	28	1	-27.7463	-33.1032	-17.8425	-20.6062
808	1	6	60	24	12	28	1	-27.7463	-33.1032	-17.8425	-20.6062
809	7	17	2	15	23	3	12	-6.95003	-10.4077	-11.0519	-10.0314
810	1	4	2	2	6	3	17	-4.47778	-2.43711	-4.59973	-5.41029
811	1	4	2	2	6	3	17	-4.47778	-2.43711	-4.59973	-5.41029
812	7	21	5	62	4	61	44	-6.74325	-3.81637	-5.66678	-7.27387
813	239	27	16	19	10	5	7	-9.4182	-6.45455	-9.19974	-10.1276
814	9	2	4	62	4	5	6	-3.75873	-5.21151	-5.904	-6.63299
815	10	1	16	19	10	5	7	-5.61551	-2.73461	-4.21069	-5.17335
816	2	1	5	3	2	5	5	-5.24502	-2.82353	-4.10286	-5.49599
817	2	4	5	2	2	5	5	-3.7194	-7.13015	-7.36607	-5.87479
818	8	10	2	2	11	12	6	-4.00279	-7.42045	-8.0979	-7.08428
819	7	17	2	15	23	3	12	-6.95003	-10.4077	-11.0519	-10.0314
820	2	4	1	4	1	1	5	-15.1916	-18.6443	-15.4388	-14.3937
821	4	7	10	4	1	7	1	-1.86892	-3.77379	-2.74516	-1.97661
822	8	10	149	2	11	12	6	-4.86063	-3.95861	-5.69645	-6.98819
823	2	1	12	88	2	1	5	-3.95393	-3.42192	-5.87819	-5.29817
824	2	4	2	2	6	1	5	-6.03735	-4.82458	-5.95153	-7.75867
825	10	81	50	99	120	76	52	-6.6676	-6.36976	-5.32772	-5.22866
826	2	4	5	2	2	5	5	-3.7194	-7.13015	-7.36607	-5.87479
827	2	4	1	2	2	5	5	-6.81377	-6.40217	-8.89053	-9.26928
828	8	10	149	2	11	12	6	-4.86063	-3.95861	-5.69645	-6.98819
829	1	4	2	2	6	3	17	-4.47778	-2.43711	-4.59973	-5.41029
830	2	165	73	147	220	190	104	-8.79697	-9.22635	-7.30228	-5.29091
831	4	7	10	4	42	25	1	-8.52699	-9.14746	-5.89094	-5.22154
832	7	2	2	2	11	12	6	-4.54944	-8.008	-8.65061	-7.63071
833	1	6	60	24	12	28	1	-27.7463	-33.1032	-17.8425	-20.6062
834	2	1	12	3	2	1	5	-2.62518	-2.11119	-3.66903	-4.72944
835	33	39	65	79	104	77	17	-5.3394	-8.79763	-9.44166	-8.42181
836	4	7	10	4	1	7	1	-1.86892	-3.77379	-2.74516	-1.97661
837	1	2	3	4	5	9	3	-4.46166	-2.47652	-3.62079	-4.93686
838	2	1	21	3	2	1	5	-2.93835	-2.48283	-4.49996	-4.47734
839	2	1	12	3	2	1	5	-2.62518	-2.11119	-3.66903	-4.72944
840	4	7	10	4	1	7	1	-1.86892	-3.77379	-2.74516	-1.97661
841	2	4	1	2	7	1	5	-2.35308	-5.80061	-6.31953	-5.10572
842	184	39	30	82	113	43	17	-3.99991	-6.14369	-7.81731	-7.03954
843	4	7	10	4	1	7	1	-1.86892	-3.77379	-2.74516	-1.97661
844	2	4	1	2	2	1	5	-2.81024	-3.6477	-4.23945	-4.14554
845	4	7	10	4	1	7	1	-1.86892	-3.77379	-2.74516	-1.97661
846	2	1	12	88	2	1	5	-3.95393	-3.42192	-5.87819	-5.29817
847	2	1	21	3	2	1	5	-2.93835	-2.48283	-4.49996	-4.47734
848	1	2	3	4	5	9	3	-4.46166	-2.47652	-3.62079	-4.93686
849	4	7	10	4	1	7	1	-1.86892	-3.77379	-2.74516	-1.97661
850	2	1	21	3	2	1	5	-2.93835	-2.48283	-4.49996	-4.47734
851	8	10	2	2	11	12	6	-4.00279	-7.42045	-8.0979	-7.08428
852	2	4	1	2	2	1	5	-2.81024	-3.6477	-4.23945	-4.14554
853	2	4	1	2	2	1	5	-2.81024	-3.6477	-4.23945	-4.14554
854	2	4	2	2	6	1	5	-6.03735	-4.82458	-5.95153	-7.75867
855	2	4	1	2	2	1	5	-2.81024	-3.6477	-4.23945	-4.14554
856	2	4	1	2	2	1	5	-2.81024	-3.6477	-4.23945	-4.14554
857	2	4	1	2	2	1	5	-2.81024	-3.6477	-4.23945	-4.14554
858	1	2	3	4	5	9	3	-4.46166	-2.47652	-3.62079	-4.93686
859	2	4	1	2	2	1	5	-2.81024	-3.6477	-4.23945	-4.14554
860	2	4	1	2	2	1	5	-2.81024	-3.6477	-4.23945	-4.14554
861	8	10	2	2	11	12	6	-4.00279	-7.42045	-8.0979	-7.08428
862	2	1	5	3	2	3	5	-4.21595	-3.24334	-5.62396	-4.78561
863	33	39	30	82	104	173	68	-5.33647	-3.96415	-6.66519	-7.32984
864	2	4	1	2	7	1	5	-2.35308	-5.80061	-6.31953	-5.10572
865	8	10	2	2	11	12	6	-4.00279	-7.42045	-8.0979	-7.08428
866	2	4	1	2	7	1	5	-2.35308	-5.80061	-6.31953	-5.10572
867	1	2	3	4	5	9	3	-4.46166	-2.47652	-3.62079	-4.93686
868	1	2	215	4	90	24	8	-28.8157	-29.107	-20.528	-21.6536
869	2	1	1	3	2	1	5	-4.60396	-3.78057	-6.43392	-6.92278
870	10	81	50	99	120	76	52	-6.6676	-6.36976	-5.32772	-5.22866
871	2	4	1	2	7	1	5	-2.35308	-5.80061	-6.31953	-5.10572
872	2	1	12	3	2	1	5	-2.62518	-2.11119	-3.66903	-4.72944
873	2	4	1	2	2	1	5	-2.81024	-3.6477	-4.23945	-4.14554
874	2	4	1	2	2	1	5	-2.81024	-3.6477	-4.23945	-4.14554
875	2	4	1	2	2	1	5	-2.81024	-3.6477	-4.23945	-4.14554
876	2	1	5	3	2	3	5	-4.21595	-3.24334	-5.62396	-4.78561
877	2	4	1	2	2	1	5	-2.81024	-3.6477	-4.23945	-4.14554
878	4	7	10	4	1	7	1	-1.86892	-3.77379	-2.74516	-1.97661
879	2	4	1	2	7	1	5	-2.35308	-5.80061	-6.31953	-5.10572
880	2	4	5	2	2	5	5	-3.7194	-7.13015	-7.36607	-5.87479
881	2	4	1	2	2	1	5	-2.81024	-3.6477	-4.23945	-4.14554
882	8	10	2	2	11	12	6	-4.00279	-7.42045	-8.0979	-7.08428
883	4	7	10	4	1	7	1	-1.86892	-3.77379	-2.74516	-1.97661
884	2	4	1	2	2	1	5	-2.81024	-3.6477	-4.23945	-4.14554
885	166	2	1	10	17	3	1	-33.3172	-37.5662	-30.2638	-29.3359
886	2	4	1	2	7	1	5	-2.35308	-5.80061	-6.31953	-5.10572
887	2	4	1	2	2	1	5	-2.81024	-3.6477	-4.23945	-4.14554
888	4	7	10	4	1	7	1	-1.86892	-3.77379	-2.74516	-1.97661
889	4	7	10	4	1	7	1	-1.86892	-3.77379	-2.74516	-1.97661
890	2	4	1	2	7	1	5	-2.35308	-5.80061	-6.31953	-5.10572
891	2	4	1	2	2	1	5	-2.81024	-3.6477	-4.23945	-4.14554
892	2	1	5	3	2	3	5	-4.21595	-3.24334	-5.62396	-4.78561
893	9	25	2	10	22	3	6	-4.51846	-7.48304	-6.35198	-4.40624
894	2	1	21	3	62	1	5	-5.84229	-9.29327	-9.93844	-8.91942
895	129	66	30	82	189	47	17	-3.29122	-4.86621	-5.87779	-4.18495
896	129	66	30	82	189	47	17	-3.29122	-4.86621	-5.87779	-4.18495
897	4	7	10	4	1	7	1	-1.86892	-3.77379	-2.74516	-1.97661
898	2	4	1	2	2	1	5	-2.81024	-3.6477	-4.23945	-4.14554
899	4	7	10	4	42	7	1	-6.59395	-8.48276	-5.70901	-4.69495
900	2	4	1	2	7	1	5	-2.35308	-5.80061	-6.31953	-5.10572
901	1	307	3	4	5	9	3	-6.82906	-6.42727	-6.12377	-8.42363
902	2	1	21	3	2	1	5	-2.93835	-2.48283	-4.49996	-4.47734
903	4	7	10	4	1	7	1	-1.86892	-3.77379	-2.74516	-1.97661
904	2	1	21	3	2	1	5	-2.93835	-2.48283	-4.49996	-4.47734
905	2	4	1	2	2	5	5	-6.81377	-6.40217	-8.89053	-9.26928
906	2	4	1	2	7	1	5	-2.35308	-5.80061	-6.31953	-5.10572
907	2	4	1	2	7	1	5	-2.35308	-5.80061	-6.31953	-5.10572
908	2	4	1	2	7	1	5	-2.35308	-5.80061	-6.31953	-5.10572
909	4	7	10	4	1	7	1	-1.86892	-3.77379	-2.74516	-1.97661
910	8	10	2	2	11	12	6	-4.00279	-7.42045	-8.0979	-7.08428
911	7	21	5	62	4	61	44	-6.74325	-3.81637	-5.66678	-7.27387
912	2	1	12	88	2	1	5	-3.95393	-3.42192	-5.87819	-5.29817
913	2	4	1	2	2	1	5	-2.81024	-3.6477	-4.23945	-4.14554
914	1	2	3	4	5	9	3	-4.46166	-2.47652	-3.62079	-4.93686
915	2	4	1	2	7	1	5	-2.35308	-5.80061	-6.31953	-5.10572
916	2	4	1	2	2	1	5	-2.81024	-3.6477	-4.23945	-4.14554
917	2	4	1	2	2	1	5	-2.81024	-3.6477	-4.23945	-4.14554
918	2	4	1	2	7	1	5	-2.35308	-5.80061	-6.31953	-5.10572
919	4	7	10	4	1	7	1	-1.86892	-3.77379	-2.74516	-1.97661
920	2	1	5	3	2	3	5	-4.21595	-3.24334	-5.62396	-4.78561
921	2	4	1	2	7	1	5	-2.35308	-5.80061	-6.31953	-5.10572
922	2	4	1	2	2	1	5	-2.81024	-3.6477	-4.23945	-4.14554
923	8	10	2	2	11	12	6	-4.00279	-7.42045	-8.0979	-7.08428
924	2	1	12	3	2	1	5	-2.62518	-2.11119	-3.66903	-4.72944
925	48	7	10	4	183	7	1	-9.21763	-12.6096	-7.32748	-7.82333
926	7	21	5	62	4	61	44	-6.74325	-3.81637	-5.66678	-7.27387
927	4	7	10	4	1	7	1	-1.86892	-3.77379	-2.74516	-1.97661
928	9	25	2	10	22	3	6	-4.51846	-7.48304	-6.35198	-4.40624
929	2	4	1	2	2	1	5	-2.81024	-3.6477	-4.23945	-4.14554
930	2	4	1	2	7	1	5	-2.35308	-5.80061	-6.31953	-5.10572
931	2	4	1	2	2	1	5	-2.81024	-3.6477	-4.23945	-4.14554
932	2	4	1	2	2	1	5	-2.81024	-3.6477	-4.23945	-4.14554
933	9	25	2	10	22	3	6	-4.51846	-7.48304	-6.35198	-4.40624
934	2	4	1	2	2	1	5	-2.81024	-3.6477	-4.23945	-4.14554
935	2	4	1	2	2	1	5	-2.81024	-3.6477	-4.23945	-4.14554
936	2	4	1	2	7	1	5	-2.35308	-5.80061	-6.31953	-5.10572
937	2	4	1	2	7	1	5	-2.35308	-5.80061	-6.31953	-5.10572
938	2	4	1	2	2	1	5	-2.81024	-3.6477	-4.23945	-4.14554
939	2	4	1	2	2	1	5	-2.81024	-3.6477	-4.23945	-4.14554
940	4	7	10	4	1	7	1	-1.86892	-3.77379	-2.74516	-1.97661
941	2	4	1	2	2	1	5	-2.81024	-3.6477	-4.23945	-4.14554
942	4	7	10	4	1	7	1	-1.86892	-3.77379	-2.74516	-1.97661
943	2	4	1	2	7	1	5	-2.35308	-5.80061	-6.31953	-5.10572
944	2	4	1	2	2	1	5	-2.81024	-3.6477	-4.23945	-4.14554
945	4	7	10	4	1	7	1	-1.86892	-3.77379	-2.74516	-1.97661
946	9	25	2	10	22	3	6	-4.51846	-7.48304	-6.35198	-4.40624
947	10	81	50	99	120	76	52	-6.6676	-6.36976	-5.32772	-5.22866
948	2	1	21	3	2	1	5	-2.93835	-2.48283	-4.49996	-4.47734
949	4	7	10	4	1	7	1	-1.86892	-3.77379	-2.74516	-1.97661
950	2	4	1	2	7	1	5	-2.35308	-5.80061	-6.31953	-5.10572
951	4	7	10	4	1	7	1	-1.86892	-3.77379	-2.74516	-1.97661
952	4	7	10	4	1	7	1	-1.86892	-3.77379	-2.74516	-1.97661
953	8	315	2	2	11	12	6	-7.72214	-11.8839	-10.4138	-10.0363
954	8	10	2	2	11	12	6	-4.00279	-7.42045	-8.0979	-7.08428
955	2	4	1	2	2	1	5	-2.81024	-3.6477	-4.23945	-4.14554
956	4	7	10	4	1	7	1	-1.86892	-3.77379	-2.74516	-1.97661
957	2	4	1	2	2	1	5	-2.81024	-3.6477	-4.23945	-4.14554
958	2	4	1	2	2	1	5	-2.81024	-3.6477	-4.23945	-4.14554
959	2	4	1	2	2	1	5	-2.81024	-3.6477	-4.23945	-4.14554
960	2	4	1	2	7	1	5	-2.35308	-5.80061	-6.31953	-5.10572
961	2	4	1	2	2	1	5	-2.81024	-3.6477	-4.23945	-4.14554
962	2	4	1	2	2	1	5	-2.81024	-3.6477	-4.23945	-4.14554
963	2	1	21	3	2	1	5	-2.93835	-2.48283	-4.49996	-4.47734
964	2	4	1	2	2	1	5	-2.81024	-3.6477	-4.23945	-4.14554
965	1	4	2	2	2	3	17	-10.7873	-8.01683	-10.4139	-11.6352
966	2	4	1	2	2	1	5	-2.81024	-3.6477	-4.23945	-4.14554
967	2	4	1	2	2	1	5	-2.81024	-3.6477	-4.23945	-4.14554
968	7	21	5	62	4	61	44	-6.74325	-3.81637	-5.66678	-7.27387
969	2	4	1	2	2	1	5	-2.81024	-3.6477	-4.23945	-4.14554
970	4	7	10	4	1	7	1	-1.86892	-3.77379	-2.74516	-1.97661
971	2	4	1	2	2	1	5	-2.81024	-3.6477	-4.23945	-4.14554
972	10	1	16	19	10	5	7	-5.61551	-2.73461	-4.21069	-5.17335
973	8	10	2	2	11	12	6	-4.00279	-7.42045	-8.0979	-7.08428
974	4	7	10	4	1	7	1	-1.86892	-3.77379	-2.74516	-1.97661
975	2	4	2	2	6	1	5	-6.03735	-4.82458	-5.95153	-7.75867
976	2	4	1	2	2	1	5	-2.81024	-3.6477	-4.23945	-4.14554
977	2	4	1	2	2	1	5	-2.81024	-3.6477	-4.23945	-4.14554
978	2	1	12	3	2	1	5	-2.62518	-2.11119	-3.66903	-4.72944
979	2	1	21	3	2	1	5	-2.93835	-2.48283	-4.49996	-4.47734
980	1	4	2	2	6	3	17	-4.47778	-2.43711	-4.59973	-5.41029
981	9	2	4	62	4	5	6	-3.75873	-5.21151	-5.904	-6.63299
982	9	2	4	62	4	5	6	-3.75873	-5.21151	-5.904	-6.63299
983	2	4	1	2	2	1	5	-2.81024	-3.6477	-4.23945	-4.14554
984	9	25	2	10	22	3	6	-4.51846	-7.48304	-6.35198	-4.40624
985	2	1	12	3	2	1	5	-2.62518	-2.11119	-3.66903	-4.72944
986	2	4	1	2	2	1	5	-2.81024	-3.6477	-4.23945	-4.14554
987	2	4	1	2	2	1	5	-2.81024	-3.6477	-4.23945	-4.14554
988	2	4	1	2	2	1	5	-2.81024	-3.6477	-4.23945	-4.14554
989	1	4	2	2	6	3	17	-4.47778	-2.43711	-4.59973	-5.41029
990	1	4	2	2	6	3	17	-4.47778	-2.43711	-4.59973	-5.41029
991	9	25	2	10	22	3	6	-4.51846	-7.48304	-6.35198	-4.40624
992	1	4	2	2	6	3	17	-4.47778	-2.43711	-4.59973	-5.41029
993	2	4	1	2	2	1	5	-2.81024	-3.6477	-4.23945	-4.14554
994	2	4	1	2	2	1	5	-2.81024	-3.6477	-4.23945	-4.14554
995	8	10	2	2	11	12	6	-4.00279	-7.42045	-8.0979	-7.08428
996	2	4	1	2	2	1	5	-2.81024	-3.6477	-4.23945	-4.14554
997	2	1	5	3	2	5	5	-5.24502	-2.82353	-4.10286	-5.49599
998	8	10	2	2	11	12	6	-4.00279	-7.42045	-8.0979	-7.08428
999	2	4	1	2	2	1	5	-2.81024	-3.6477	-4.23945	-4.14554
1000	2	4	1	2	2	1	5	-2.81024	-3.6477	-4.23945	-4.14554
1001	2	1	21	3	2	1	5	-2.93835	-2.48283	-4.49996	-4.47734
1002	1	2	4	62	4	5	17	-6.06361	-4.83454	-7.52066	-8.147
1003	2	1	12	3	2	1	5	-2.62518	-2.11119	-3.66903	-4.72944
1004	2	4	1	2	7	1	5	-2.35308	-5.80061	-6.31953	-5.10572
1005	1	307	3	4	5	9	3	-6.82906	-6.42727	-6.12377	-8.42363
1006	2	4	2	4	19	3	6	-5.84561	-9.30272	-9.94181	-8.91713
1007	2	4	1	2	2	1	5	-2.81024	-3.6477	-4.23945	-4.14554
1008	1	4	2	2	6	3	17	-4.47778	-2.43711	-4.59973	-5.41029
1009	9	25	2	10	22	3	6	-4.51846	-7.48304	-6.35198	-4.40624
1010	4	7	10	4	1	7	1	-1.86892	-3.77379	-2.74516	-1.97661
1011	2	4	1	2	2	1	5	-2.81024	-3.6477	-4.23945	-4.14554
1012	10	1	16	19	10	5	7	-5.61551	-2.73461	-4.21069	-5.17335
1013	2	1	21	3	2	1	5	-2.93835	-2.48283	-4.49996	-4.47734
1014	4	7	10	4	1	7	1	-1.86892	-3.77379	-2.74516	-1.97661
1015	2	4	1	2	2	1	5	-2.81024	-3.6477	-4.23945	-4.14554
1016	1	2	3	4	5	9	3	-4.46166	-2.47652	-3.62079	-4.93686
1017	9	316	4	62	4	5	6	-6.8679	-6.43663	-9.05303	-9.38134
1018	9	25	2	10	22	3	6	-4.51846	-7.48304	-6.35198	-4.40624
1019	1	307	3	4	5	9	3	-6.82906	-6.42727	-6.12377	-8.42363
1020	2	4	1	2	2	1	5	-2.81024	-3.6477	-4.23945	-4.14554
1021	9	25	2	10	22	3	6	-4.51846	-7.48304	-6.35198	-4.40624
1022	2	4	1	2	2	1	5	-2.81024	-3.6477	-4.23945	-4.14554
1023	2	1	12	3	2	1	5	-2.62518	-2.11119	-3.66903	-4.72944
1024	2	1	5	3	2	5	5	-5.24502	-2.82353	-4.10286	-5.49599
1025	2	4	1	2	2	1	5	-2.81024	-3.6477	-4.23945	-4.14554
1026	2	1	12	3	2	1	5	-2.62518	-2.11119	-3.66903	-4.72944
1027	2	1	12	3	2	1	5	-2.62518	-2.11119	-3.66903	-4.72944
1028	10	1	16	19	10	5	7	-5.61551	-2.73461	-4.21069	-5.17335
1029	4	7	10	4	1	7	1	-1.86892	-3.77379	-2.74516	-1.97661
1030	2	4	1	2	2	1	5	-2.81024	-3.6477	-4.23945	-4.14554
1031	2	1	12	88	2	1	5	-3.95393	-3.42192	-5.87819	-5.29817
1032	2	1	21	3	2	1	5	-2.93835	-2.48283	-4.49996	-4.47734
1033	1	2	3	4	5	9	3	-4.46166	-2.47652	-3.62079	-4.93686
1034	8	10	2	2	11	12	6	-4.00279	-7.42045	-8.0979	-7.08428
1035	2	1	12	88	2	1	5	-3.95393	-3.42192	-5.87819	-5.29817
1036	33	39	30	82	104	173	68	-5.33647	-3.96415	-6.66519	-7.32984
1037	1	2	3	4	5	9	3	-4.46166	-2.47652	-3.62079	-4.93686
1038	9	25	2	10	22	3	6	-4.51846	-7.48304	-6.35198	-4.40624
1039	2	4	1	2	2	1	5	-2.81024	-3.6477	-4.23945	-4.14554
1040	8	10	2	2	11	12	6	-4.00279	-7.42045	-8.0979	-7.08428
1041	1	2	4	62	4	5	17	-6.06361	-4.83454	-7.52066	-8.147
1042	10	1	16	19	10	5	7	-5.61551	-2.73461	-4.21069	-5.17335
1043	33	39	30	82	104	173	68	-5.33647	-3.96415	-6.66519	-7.32984
1044	2	4	1	2	2	1	5	-2.81024	-3.6477	-4.23945	-4.14554
1045	8	10	2	2	11	12	6	-4.00279	-7.42045	-8.0979	-7.08428
1046	2	1	5	3	2	5	5	-5.24502	-2.82353	-4.10286	-5.49599
1047	47	2	4	2	6	5	17	-10.0999	-11.7366	-6.19175	-8.91403
1048	1	2	3	4	5	9	3	-4.46166	-2.47652	-3.62079	-4.93686
1049	4	7	10	4	1	7	1	-1.86892	-3.77379	-2.74516	-1.97661
1050	2	1	5	3	2	3	5	-4.21595	-3.24334	-5.62396	-4.78561
1051	2	4	2	2	6	1	5	-6.03735	-4.82458	-5.95153	-7.75867
1052	2	4	1	2	2	1	5	-2.81024	-3.6477	-4.23945	-4.14554
1053	8	10	149	2	11	12	6	-4.86063	-3.95861	-5.69645	-6.98819
1054	9	25	2	10	22	3	6	-4.51846	-7.48304	-6.35198	-4.40624
1055	2	4	1	2	2	1	5	-2.81024	-3.6477	-4.23945	-4.14554
1056	1	2	3	4	5	9	3	-4.46166	-2.47652	-3.62079	-4.93686
1057	2	1	12	3	2	1	5	-2.62518	-2.11119	-3.66903	-4.72944
1058	4	7	10	4	42	51	1	-2.97245	-4.62581	-5.12976	-3.83619
1059	2	4	1	2	2	1	5	-2.81024	-3.6477	-4.23945	-4.14554
1060	2	1	1	3	2	1	5	-4.60396	-3.78057	-6.43392	-6.92278
1061	2	4	1	2	7	1	5	-2.35308	-5.80061	-6.31953	-5.10572
1062	8	10	2	2	11	12	6	-4.00279	-7.42045	-8.0979	-7.08428
1063	2	4	1	2	2	1	5	-2.81024	-3.6477	-4.23945	-4.14554
1064	9	2	4	62	4	5	6	-3.75873	-5.21151	-5.904	-6.63299
1065	2	4	1	2	2	1	5	-2.81024	-3.6477	-4.23945	-4.14554
1066	4	7	10	4	1	7	1	-1.86892	-3.77379	-2.74516	-1.97661
1067	8	10	2	2	11	12	6	-4.00279	-7.42045	-8.0979	-7.08428
1068	2	4	2	2	6	1	5	-6.03735	-4.82458	-5.95153	-7.75867
1069	2	4	2	2	6	1	5	-6.03735	-4.82458	-5.95153	-7.75867
1070	2	4	2	2	6	1	5	-6.03735	-4.82458	-5.95153	-7.75867
1071	2	4	2	2	6	1	5	-6.03735	-4.82458	-5.95153	-7.75867
1072	2	4	1	2	2	1	5	-2.81024	-3.6477	-4.23945	-4.14554
1073	2	4	1	2	2	1	5	-2.81024	-3.6477	-4.23945	-4.14554
1074	2	1	12	3	2	1	5	-2.62518	-2.11119	-3.66903	-4.72944
1075	2	4	1	2	7	1	5	-2.35308	-5.80061	-6.31953	-5.10572
1076	4	7	10	4	42	51	1	-2.97245	-4.62581	-5.12976	-3.83619
1077	2	4	1	2	2	1	5	-2.81024	-3.6477	-4.23945	-4.14554
1078	8	10	2	2	11	12	6	-4.00279	-7.42045	-8.0979	-7.08428
1079	1	2	3	4	5	9	3	-4.46166	-2.47652	-3.62079	-4.93686
1080	1	2	3	4	5	9	3	-4.46166	-2.47652	-3.62079	-4.93686
1081	10	1	16	19	10	5	7	-5.61551	-2.73461	-4.21069	-5.17335
1082	8	10	2	2	11	12	6	-4.00279	-7.42045	-8.0979	-7.08428
1083	4	7	10	4	1	7	1	-1.86892	-3.77379	-2.74516	-1.97661
1084	2	4	1	2	2	1	5	-2.81024	-3.6477	-4.23945	-4.14554
1085	2	4	1	2	7	1	5	-2.35308	-5.80061	-6.31953	-5.10572
1086	2	1	21	3	2	1	5	-2.93835	-2.48283	-4.49996	-4.47734
1087	2	1	12	3	2	1	5	-2.62518	-2.11119	-3.66903	-4.72944
1088	2	4	2	4	19	3	6	-5.84561	-9.30272	-9.94181	-8.91713
1089	8	10	149	2	11	12	6	-4.86063	-3.95861	-5.69645	-6.98819
1090	8	10	2	2	11	12	6	-4.00279	-7.42045	-8.0979	-7.08428
1091	2	1	12	3	2	1	5	-2.62518	-2.11119	-3.66903	-4.72944
1092	2	1	12	3	2	1	5	-2.62518	-2.11119	-3.66903	-4.72944
1093	2	1	5	3	2	3	5	-4.21595	-3.24334	-5.62396	-4.78561
1094	184	39	30	82	113	43	17	-3.99991	-6.14369	-7.81731	-7.03954
1095	2	1	12	3	2	1	5	-2.62518	-2.11119	-3.66903	-4.72944
1096	2	4	1	2	2	1	5	-2.81024	-3.6477	-4.23945	-4.14554
1097	4	7	10	4	1	7	1	-1.86892	-3.77379	-2.74516	-1.97661
1098	8	10	2	2	11	12	6	-4.00279	-7.42045	-8.0979	-7.08428
1099	4	7	10	4	1	7	1	-1.86892	-3.77379	-2.74516	-1.97661
1100	4	7	10	4	42	51	1	-2.97245	-4.62581	-5.12976	-3.83619
1101	9	25	2	10	22	3	6	-4.51846	-7.48304	-6.35198	-4.40624
1102	9	2	4	62	4	5	6	-3.75873	-5.21151	-5.904	-6.63299
1103	4	7	10	4	1	7	1	-1.86892	-3.77379	-2.74516	-1.97661
1104	2	4	1	2	7	1	5	-2.35308	-5.80061	-6.31953	-5.10572
1105	4	7	10	4	1	7	1	-1.86892	-3.77379	-2.74516	-1.97661
1106	8	10	2	2	11	12	6	-4.00279	-7.42045	-8.0979	-7.08428
1107	2	4	1	2	2	1	5	-2.81024	-3.6477	-4.23945	-4.14554
1108	4	7	10	4	42	51	1	-2.97245	-4.62581	-5.12976	-3.83619
1109	1	2	3	4	5	9	3	-4.46166	-2.47652	-3.62079	-4.93686
1110	2	1	12	3	2	1	5	-2.62518	-2.11119	-3.66903	-4.72944
1111	2	4	1	2	2	1	5	-2.81024	-3.6477	-4.23945	-4.14554
1112	10	81	50	99	120	76	52	-6.6676	-6.36976	-5.32772	-5.22866
1113	2	4	1	2	2	1	5	-2.81024	-3.6477	-4.23945	-4.14554
1114	4	7	10	4	42	51	1	-2.97245	-4.62581	-5.12976	-3.83619
1115	4	7	10	4	42	51	1	-2.97245	-4.62581	-5.12976	-3.83619
1116	4	7	10	4	1	7	1	-1.86892	-3.77379	-2.74516	-1.97661
1117	3	1	5	10	11	11	6	-9.41605	-6.45252	-9.19471	-10.1233
1118	10	81	50	99	120	76	52	-6.6676	-6.36976	-5.32772	-5.22866
1119	2	4	1	2	2	1	5	-2.81024	-3.6477	-4.23945	-4.14554
1120	4	7	10	4	1	7	1	-1.86892	-3.77379	-2.74516	-1.97661
1121	4	7	10	4	1	7	1	-1.86892	-3.77379	-2.74516	-1.97661
1122	4	7	10	4	42	51	1	-2.97245	-4.62581	-5.12976	-3.83619
1123	2	1	12	3	2	1	5	-2.62518	-2.11119	-3.66903	-4.72944
1124	2	4	1	2	2	1	5	-2.81024	-3.6477	-4.23945	-4.14554
1125	2	1	1	3	2	1	5	-4.60396	-3.78057	-6.43392	-6.92278
1126	2	4	1	2	2	1	5	-2.81024	-3.6477	-4.23945	-4.14554
1127	2	4	1	2	2	1	5	-2.81024	-3.6477	-4.23945	-4.14554
1128	2	4	1	2	2	1	5	-2.81024	-3.6477	-4.23945	-4.14554
1129	2	4	1	2	2	1	5	-2.81024	-3.6477	-4.23945	-4.14554
1130	1	2	3	4	5	9	3	-4.46166	-2.47652	-3.62079	-4.93686
1131	8	10	2	2	11	12	6	-4.00279	-7.42045	-8.0979	-7.08428
1132	2	1	21	3	2	1	5	-2.93835	-2.48283	-4.49996	-4.47734
1133	2	4	1	2	2	1	5	-2.81024	-3.6477	-4.23945	-4.14554
1134	2	1	21	3	2	1	5	-2.93835	-2.48283	-4.49996	-4.47734
1135	2	1	21	3	2	1	5	-2.93835	-2.48283	-4.49996	-4.47734
1136	2	4	1	2	2	1	5	-2.81024	-3.6477	-4.23945	-4.14554
1137	1	2	3	4	5	9	3	-4.46166	-2.47652	-3.62079	-4.93686
1138	10	1	16	19	10	5	7	-5.61551	-2.73461	-4.21069	-5.17335
1139	2	1	12	3	2	1	5	-2.62518	-2.11119	-3.66903	-4.72944
1140	7	21	5	62	4	61	44	-6.74325	-3.81637	-5.66678	-7.27387
1141	2	4	1	2	2	1	5	-2.81024	-3.6477	-4.23945	-4.14554
1142	2	1	12	3	2	1	5	-2.62518	-2.11119	-3.66903	-4.72944
1143	2	4	1	2	7	1	5	-2.35308	-5.80061	-6.31953	-5.10572
1144	2	1	5	3	2	3	5	-4.21595	-3.24334	-5.62396	-4.78561
1145	2	1	21	3	2	1	5	-2.93835	-2.48283	-4.49996	-4.47734
1146	2	1	21	3	2	1	5	-2.93835	-2.48283	-4.49996	-4.47734
1147	2	1	21	3	2	1	5	-2.93835	-2.48283	-4.49996	-4.47734
1148	2	1	21	3	2	1	5	-2.93835	-2.48283	-4.49996	-4.47734
1149	2	1	12	3	2	1	5	-2.62518	-2.11119	-3.66903	-4.72944
1150	8	10	2	2	11	12	6	-4.00279	-7.42045	-8.0979	-7.08428
1151	129	66	30	82	189	47	17	-3.29122	-4.86621	-5.87779	-4.18495
1152	1	307	3	4	5	9	3	-6.82906	-6.42727	-6.12377	-8.42363
1153	8	10	2	2	11	12	6	-4.00279	-7.42045	-8.0979	-7.08428
1154	2	4	2	2	6	1	5	-6.03735	-4.82458	-5.95153	-7.75867
1155	1	4	2	2	6	3	17	-4.47778	-2.43711	-4.59973	-5.41029
1156	2	4	1	2	2	1	5	-2.81024	-3.6477	-4.23945	-4.14554
1157	8	10	2	2	11	12	6	-4.00279	-7.42045	-8.0979	-7.08428
1158	2	4	2	2	6	1	5	-6.03735	-4.82458	-5.95153	-7.75867
1159	2	1	21	3	2	1	5	-2.93835	-2.48283	-4.49996	-4.47734
1160	2	4	5	2	2	5	5	-3.7194	-7.13015	-7.36607	-5.87479
1161	7	21	5	62	4	61	44	-6.74325	-3.81637	-5.66678	-7.27387
1162	2	1	12	3	2	1	5	-2.62518	-2.11119	-3.66903	-4.72944
1163	10	27	16	19	10	5	7	-19.0662	-13.1415	-15.8216	-16.808
1164	33	283	44	82	189	44	17	-6.36654	-3.45682	-5.45317	-5.95041
1165	9	25	2	10	22	3	6	-4.51846	-7.48304	-6.35198	-4.40624
1166	7	21	5	62	4	61	44	-6.74325	-3.81637	-5.66678	-7.27387
1167	2	1	5	3	2	3	5	-4.21595	-3.24334	-5.62396	-4.78561
1168	2	1	5	3	2	3	5	-4.21595	-3.24334	-5.62396	-4.78561
1169	9	25	2	10	22	3	6	-4.51846	-7.48304	-6.35198	-4.40624
1170	2	1	5	3	2	3	5	-4.21595	-3.24334	-5.62396	-4.78561
1171	2	4	1	2	2	1	5	-2.81024	-3.6477	-4.23945	-4.14554
1172	129	66	30	82	189	47	17	-3.29122	-4.86621	-5.87779	-4.18495
1173	2	4	1	2	2	1	5	-2.81024	-3.6477	-4.23945	-4.14554
1174	2	1	5	3	2	3	5	-4.21595	-3.24334	-5.62396	-4.78561
1175	2	1	12	3	2	1	5	-2.62518	-2.11119	-3.66903	-4.72944
1176	2	4	1	2	2	1	5	-2.81024	-3.6477	-4.23945	-4.14554
1177	1	4	2	2	6	3	17	-4.47778	-2.43711	-4.59973	-5.41029
1178	2	1	12	3	2	1	5	-2.62518	-2.11119	-3.66903	-4.72944
1179	1	4	2	2	446	3	17	-8.18288	-6.86602	-6.89626	-8.34497
1180	2	1	5	88	2	11	5	-8.15592	-5.34134	-6.04236	-8.26618
1181	2	4	2	2	6	1	5	-6.03735	-4.82458	-5.95153	-7.75867
1182	9	25	2	10	22	3	6	-4.51846	-7.48304	-6.35198	-4.40624
1183	2	1	5	3	2	3	5	-4.21595	-3.24334	-5.62396	-4.78561
1184	7	21	5	62	4	61	44	-6.74325	-3.81637	-5.66678	-7.27387
1185	1	2	3	4	5	9	3	-4.46166	-2.47652	-3.62079	-4.93686
1186	2	4	1	2	2	1	5	-2.81024	-3.6477	-4.23945	-4.14554
1187	7	21	5	62	4	61	44	-6.74325	-3.81637	-5.66678	-7.27387
1188	33	39	30	82	104	173	68	-5.33647	-3.96415	-6.66519	-7.32984
1189	1	4	2	2	6	3	17	-4.47778	-2.43711	-4.59973	-5.41029
1190	2	1	21	3	2	1	5	-2.93835	-2.48283	-4.49996	-4.47734
1191	4	7	10	4	1	7	1	-1.86892	-3.77379	-2.74516	-1.97661
1192	2	1	5	3	2	5	5	-5.24502	-2.82353	-4.10286	-5.49599
1193	1	4	2	2	6	3	17	-4.47778	-2.43711	-4.59973	-5.41029
1194	2	4	1	2	2	1	5	-2.81024	-3.6477	-4.23945	-4.14554
1195	2	4	1	2	2	1	5	-2.81024	-3.6477	-4.23945	-4.14554
1196	2	1	12	3	2	1	5	-2.62518	-2.11119	-3.66903	-4.72944
1197	2	1	6	3	2	3	5	-6.98668	-7.67866	-7.72825	-7.31003
1198	4	7	10	4	1	7	1	-1.86892	-3.77379	-2.74516	-1.97661
1199	2	4	1	2	7	1	5	-2.35308	-5.80061	-6.31953	-5.10572
1200	2	1	1	3	2	1	5	-4.60396	-3.78057	-6.43392	-6.92278
1201	2	4	1	2	2	1	5	-2.81024	-3.6477	-4.23945	-4.14554
1202	7	2	5	2	10	3	6	-30.3334	-28.5978	-28.3208	-27.7414
1203	2	1	21	3	2	1	5	-2.93835	-2.48283	-4.49996	-4.47734
1204	2	4	1	2	7	1	5	-2.35308	-5.80061	-6.31953	-5.10572
1205	4	7	10	4	1	7	1	-1.86892	-3.77379	-2.74516	-1.97661
1206	2	4	1	2	7	1	5	-2.35308	-5.80061	-6.31953	-5.10572
1207	2	4	1	2	2	1	5	-2.81024	-3.6477	-4.23945	-4.14554
1208	1	4	2	2	6	3	17	-4.47778	-2.43711	-4.59973	-5.41029
1209	2	4	1	2	2	1	5	-2.81024	-3.6477	-4.23945	-4.14554
1210	2	4	1	2	2	1	5	-2.81024	-3.6477	-4.23945	-4.14554
1211	74	10	2	2	11	12	6	-7.72216	-11.8839	-10.4139	-10.037
1212	1	2	3	4	5	9	3	-4.46166	-2.47652	-3.62079	-4.93686
1213	2	1	5	3	2	3	5	-4.21595	-3.24334	-5.62396	-4.78561
1214	4	7	10	4	1	7	1	-1.86892	-3.77379	-2.74516	-1.97661
1215	2	4	2	2	6	1	5	-6.03735	-4.82458	-5.95153	-7.75867
1216	2	1	12	3	2	1	5	-2.62518	-2.11119	-3.66903	-4.72944
1217	2	1	21	3	2	1	5	-2.93835	-2.48283	-4.49996	-4.47734
1218	2	4	1	2	2	1	5	-2.81024	-3.6477	-4.23945	-4.14554
1219	2	1	21	3	2	1	5	-2.93835	-2.48283	-4.49996	-4.47734
1220	4	7	10	4	1	7	1	-1.86892	-3.77379	-2.74516	-1.97661
1221	2	1	21	3	2	1	5	-2.93835	-2.48283	-4.49996	-4.47734
1222	2	4	1	2	2	1	5	-2.81024	-3.6477	-4.23945	-4.14554
1223	4	7	10	4	1	7	1	-1.86892	-3.77379	-2.74516	-1.97661
1224	2	4	1	2	2	1	5	-2.81024	-3.6477	-4.23945	-4.14554
1225	4	7	10	4	1	7	1	-1.86892	-3.77379	-2.74516	-1.97661
1226	4	7	10	4	42	51	1	-2.97245	-4.62581	-5.12976	-3.83619
1227	4	7	10	4	42	7	1	-6.59395	-8.48276	-5.70901	-4.69495
1228	2	4	1	2	2	1	5	-2.81024	-3.6477	-4.23945	-4.14554
1229	2	1	5	3	2	3	5	-4.21595	-3.24334	-5.62396	-4.78561
1230	10	81	50	99	120	76	52	-6.6676	-6.36976	-5.32772	-5.22866
1231	2	4	1	2	7	1	5	-2.35308	-5.80061	-6.31953	-5.10572
1232	2	4	1	2	7	1	5	-2.35308	-5.80061	-6.31953	-5.10572
1233	4	7	10	4	1	7	1	-1.86892	-3.77379	-2.74516	-1.97661
1234	1	4	2	2	6	3	17	-4.47778	-2.43711	-4.59973	-5.41029
1235	4	7	10	4	1	7	1	-1.86892	-3.77379	-2.74516	-1.97661
1236	2	4	1	2	2	1	5	-2.81024	-3.6477	-4.23945	-4.14554
1237	4	7	10	4	1	7	1	-1.86892	-3.77379	-2.74516	-1.97661
1238	4	7	10	4	42	51	1	-2.97245	-4.62581	-5.12976	-3.83619
1239	1	307	3	4	5	9	3	-6.82906	-6.42727	-6.12377	-8.42363
1240	2	4	2	2	6	1	5	-6.03735	-4.82458	-5.95153	-7.75867
1241	8	10	149	2	11	12	6	-4.86063	-3.95861	-5.69645	-6.98819
1242	2	1	12	3	2	1	5	-2.62518	-2.11119	-3.66903	-4.72944
1243	2	4	1	2	2	1	5	-2.81024	-3.6477	-4.23945	-4.14554
1244	2	4	1	2	2	1	5	-2.81024	-3.6477	-4.23945	-4.14554
1245	2	4	1	2	2	1	5	-2.81024	-3.6477	-4.23945	-4.14554
1246	4	7	10	4	42	51	1	-2.97245	-4.62581	-5.12976	-3.83619
1247	2	4	1	2	2	1	5	-2.81024	-3.6477	-4.23945	-4.14554
1248	2	4	1	2	2	1	5	-2.81024	-3.6477	-4.23945	-4.14554
1249	2	1	12	88	2	1	5	-3.95393	-3.42192	-5.87819	-5.29817
1250	1	4	2	2	6	3	17	-4.47778	-2.43711	-4.59973	-5.41029
1251	9	2	4	62	4	5	6	-3.75873	-5.21151	-5.904	-6.63299
1252	2	4	1	2	7	1	5	-2.35308	-5.80061	-6.31953	-5.10572
1253	2	4	5	2	2	5	5	-3.7194	-7.13015	-7.36607	-5.87479
1254	2	1	21	3	2	1	5	-2.93835	-2.48283	-4.49996	-4.47734
1255	1	4	2	2	6	3	17	-4.47778	-2.43711	-4.59973	-5.41029
1256	2	1	21	3	2	1	5	-2.93835	-2.48283	-4.49996	-4.47734
1257	2	4	1	2	2	5	5	-6.81377	-6.40217	-8.89053	-9.26928
1258	2	1	12	3	2	1	5	-2.62518	-2.11119	-3.66903	-4.72944
1259	2	4	2	2	6	1	5	-6.03735	-4.82458	-5.95153	-7.75867
1260	2	4	1	2	2	1	5	-2.81024	-3.6477	-4.23945	-4.14554
1261	2	4	1	2	2	1	5	-2.81024	-3.6477	-4.23945	-4.14554
1262	1	307	3	4	5	9	3	-6.82906	-6.42727	-6.12377	-8.42363
1263	9	25	2	10	22	3	6	-4.51846	-7.48304	-6.35198	-4.40624
1264	2	1	1	380	2	1	5	-6.16524	-5.72749	-8.34723	-8.67791
1265	2	4	1	2	2	1	5	-2.81024	-3.6477	-4.23945	-4.14554
1266	2	4	1	2	2	1	5	-2.81024	-3.6477	-4.23945	-4.14554
1267	2	1	12	3	2	1	5	-2.62518	-2.11119	-3.66903	-4.72944
1268	1	2	3	4	5	9	3	-4.46166	-2.47652	-3.62079	-4.93686
1269	2	4	1	2	2	1	5	-2.81024	-3.6477	-4.23945	-4.14554
1270	2	4	1	2	2	1	5	-2.81024	-3.6477	-4.23945	-4.14554
1271	2	4	1	2	2	1	5	-2.81024	-3.6477	-4.23945	-4.14554
1272	1	2	3	4	5	9	3	-4.46166	-2.47652	-3.62079	-4.93686
1273	9	2	2	212	309	253	147	-25.6087	-28.8707	-21.1519	-22.7285
1274	2	1	21	3	2	1	5	-2.93835	-2.48283	-4.49996	-4.47734
1275	47	2	4	2	6	5	17	-10.0999	-11.7366	-6.19175	-8.91403
1276	1	2	3	4	5	9	3	-4.46166	-2.47652	-3.62079	-4.93686
1277	2	4	1	2	2	1	5	-2.81024	-3.6477	-4.23945	-4.14554
1278	2	4	1	2	2	1	5	-2.81024	-3.6477	-4.23945	-4.14554
1279	9	2	4	62	4	5	6	-3.75873	-5.21151	-5.904	-6.63299
1280	2	1	12	3	2	1	5	-2.62518	-2.11119	-3.66903	-4.72944
1281	2	4	1	2	2	1	5	-2.81024	-3.6477	-4.23945	-4.14554
1282	2	4	1	2	7	1	5	-2.35308	-5.80061	-6.31953	-5.10572
1283	7	17	2	15	23	3	12	-6.95003	-10.4077	-11.0519	-10.0314
1284	2	1	1	3	2	1	5	-4.60396	-3.78057	-6.43392	-6.92278
1285	2	1	12	3	2	1	5	-2.62518	-2.11119	-3.66903	-4.72944
1286	2	4	1	2	2	1	5	-2.81024	-3.6477	-4.23945	-4.14554
1287	2	1	5	3	2	3	5	-4.21595	-3.24334	-5.62396	-4.78561
1288	2	4	1	2	2	1	5	-2.81024	-3.6477	-4.23945	-4.14554
1289	2	4	1	2	2	1	5	-2.81024	-3.6477	-4.23945	-4.14554
1290	1	4	2	2	6	3	17	-4.47778	-2.43711	-4.59973	-5.41029
1291	2	1	2	3	2	3	5	-3.80502	-7.18533	-7.89244	-6.87313
1292	2	1	5	3	2	3	5	-4.21595	-3.24334	-5.62396	-4.78561
1293	1	2	3	3	5	9	3	-11.2614	-8.28691	-9.71014	-11.6706
1294	4	7	10	4	42	51	1	-2.97245	-4.62581	-5.12976	-3.83619
1295	1	4	2	2	6	3	17	-4.47778	-2.43711	-4.59973	-5.41029
1296	2	1	5	3	2	3	5	-4.21595	-3.24334	-5.62396	-4.78561
1297	4	7	10	4	1	7	1	-1.86892	-3.77379	-2.74516	-1.97661
1298	2	4	1	2	2	1	5	-2.81024	-3.6477	-4.23945	-4.14554
1299	4	7	10	4	1	7	1	-1.86892	-3.77379	-2.74516	-1.97661
1300	2	1	21	3	2	1	5	-2.93835	-2.48283	-4.49996	-4.47734
1301	2	4	1	2	2	1	5	-2.81024	-3.6477	-4.23945	-4.14554
1302	4	7	10	4	1	7	1	-1.86892	-3.77379	-2.74516	-1.97661
1303	2	4	1	2	2	1	5	-2.81024	-3.6477	-4.23945	-4.14554
1304	2	1	5	3	2	5	5	-5.24502	-2.82353	-4.10286	-5.49599
1305	2	4	1	2	2	1	5	-2.81024	-3.6477	-4.23945	-4.14554
1306	2	1	21	3	2	1	5	-2.93835	-2.48283	-4.49996	-4.47734
1307	2	1	5	3	2	5	5	-5.24502	-2.82353	-4.10286	-5.49599
1308	1	4	2	2	6	3	17	-4.47778	-2.43711	-4.59973	-5.41029
1309	1	4	2	2	6	3	17	-4.47778	-2.43711	-4.59973	-5.41029
1310	2	1	5	3	2	3	5	-4.21595	-3.24334	-5.62396	-4.78561
1311	1	4	2	2	6	3	17	-4.47778	-2.43711	-4.59973	-5.41029
1312	2	4	1	2	2	1	5	-2.81024	-3.6477	-4.23945	-4.14554
1313	2	1	12	88	2	1	5	-3.95393	-3.42192	-5.87819	-5.29817
1314	2	1	5	3	2	3	5	-4.21595	-3.24334	-5.62396	-4.78561
1315	2	4	5	2	2	1	5	-6.20577	-9.25529	-9.19896	-9.02959
1316	2	4	1	2	2	1	5	-2.81024	-3.6477	-4.23945	-4.14554
1317	1	4	2	2	6	3	17	-4.47778	-2.43711	-4.59973	-5.41029
1318	2	1	21	3	2	1	5	-2.93835	-2.48283	-4.49996	-4.47734
1319	4	7	10	4	1	7	1	-1.86892	-3.77379	-2.74516	-1.97661
1320	1	2	3	4	5	9	3	-4.46166	-2.47652	-3.62079	-4.93686
1321	2	4	1	2	7	1	5	-2.35308	-5.80061	-6.31953	-5.10572
1322	4	7	10	4	1	7	1	-1.86892	-3.77379	-2.74516	-1.97661
1323	4	7	10	4	1	7	1	-1.86892	-3.77379	-2.74516	-1.97661
1324	1	4	2	2	6	3	17	-4.47778	-2.43711	-4.59973	-5.41029
1325	2	4	1	2	7	1	5	-2.35308	-5.80061	-6.31953	-5.10572
1326	4	7	10	4	1	7	1	-1.86892	-3.77379	-2.74516	-1.97661
1327	8	10	2	2	11	12	6	-4.00279	-7.42045	-8.0979	-7.08428
1328	969	7	10	4	1	7	1	-5.51132	-8.2205	-5.06065	-4.92994
1329	4	7	10	4	1	7	1	-1.86892	-3.77379	-2.74516	-1.97661
1330	10	27	16	942	10	5	7	-22.7855	-17.6054	-18.1381	-19.7605
1331	10	27	16	941	10	5	7	-22.7855	-17.6054	-18.1381	-19.7605
1332	4	7	10	4	1	7	1	-1.86892	-3.77379	-2.74516	-1.97661
1333	4	7	10	4	1	7	1	-1.86892	-3.77379	-2.74516	-1.97661
1334	129	66	30	82	189	47	17	-3.29122	-4.86621	-5.87779	-4.18495
1335	4	7	10	4	1	7	1	-1.86892	-3.77379	-2.74516	-1.97661
1336	4	7	10	4	1	7	1	-1.86892	-3.77379	-2.74516	-1.97661
1337	2	4	1	2	2	1	5	-2.81024	-3.6477	-4.23945	-4.14554
1338	2	1	2	3	2	3	5	-3.80502	-7.18533	-7.89244	-6.87313
1339	10	27	16	19	10	5	7	-19.0662	-13.1415	-15.8216	-16.808
1340	2	4	1	2	2	1	5	-2.81024	-3.6477	-4.23945	-4.14554
1341	33	39	30	82	104	173	68	-5.33647	-3.96415	-6.66519	-7.32984
1342	1	4	2	2	6	3	17	-4.47778	-2.43711	-4.59973	-5.41029
1343	2	1	5	3	2	5	5	-5.24502	-2.82353	-4.10286	-5.49599
1344	2	1	12	3	2	1	5	-2.62518	-2.11119	-3.66903	-4.72944
1345	8	10	2	2	11	12	6	-4.00279	-7.42045	-8.0979	-7.08428
1346	2	1	1	3	2	1	5	-4.60396	-3.78057	-6.43392	-6.92278
1347	1	4	2	2	6	3	17	-4.47778	-2.43711	-4.59973	-5.41029
1348	7	2	2	2	11	12	6	-4.54944	-8.008	-8.65061	-7.63071
1349	9	2	4	62	4	5	6	-3.75873	-5.21151	-5.904	-6.63299
1350	2	1	21	3	2	1	5	-2.93835	-2.48283	-4.49996	-4.47734
1351	9	7	10	4	1	7	1	-10.0473	-12.5207	-11.336	-9.70578
1352	2	1	12	3	920	1	5	-6.34508	-6.56505	-5.98377	-7.67907
1353	239	27	16	19	10	5	7	-9.4182	-6.45455	-9.19974	-10.1276
1354	7	17	2	15	23	3	12	-6.95003	-10.4077	-11.0519	-10.0314
1355	1	4	2	2	6	3	17	-4.47778	-2.43711	-4.59973	-5.41029
1356	1	6	60	24	12	28	1	-27.7463	-33.1032	-17.8425	-20.6062
1357	2	4	5	2	10	1	5	-6.94039	-10.3935	-11.0302	-10.0153
1358	10	81	50	99	120	76	52	-6.6676	-6.36976	-5.32772	-5.22866
1359	4	7	10	4	1	7	1	-1.86892	-3.77379	-2.74516	-1.97661
1360	2	1	5	3	2	5	5	-5.24502	-2.82353	-4.10286	-5.49599
1361	4	7	10	1	1	7	1	-5.31416	-8.5604	-6.03847	-6.1684
1362	2	4	5	2	10	1	5	-6.94039	-10.3935	-11.0302	-10.0153
1363	2	1	21	3	2	1	5	-2.93835	-2.48283	-4.49996	-4.47734
1364	2	1	21	3	2	1	5	-2.93835	-2.48283	-4.49996	-4.47734
1365	2	4	1	2	2	1	5	-2.81024	-3.6477	-4.23945	-4.14554
1366	2	4	2	2	6	1	5	-6.03735	-4.82458	-5.95153	-7.75867
1367	2	4	1	2	7	1	5	-2.35308	-5.80061	-6.31953	-5.10572
1368	2	4	1	2	2	1	5	-2.81024	-3.6477	-4.23945	-4.14554
1369	2	4	1	2	2	1	5	-2.81024	-3.6477	-4.23945	-4.14554
1370	4	7	10	4	1	7	1	-1.86892	-3.77379	-2.74516	-1.97661
1371	4	7	10	4	42	51	1	-2.97245	-4.62581	-5.12976	-3.83619
1372	2	1	5	3	2	3	5	-4.21595	-3.24334	-5.62396	-4.78561
1373	2	1	12	3	2	1	5	-2.62518	-2.11119	-3.66903	-4.72944
1374	2	1	1	3	2	1	5	-4.60396	-3.78057	-6.43392	-6.92278
1375	2	4	1	2	2	1	5	-2.81024	-3.6477	-4.23945	-4.14554
1376	4	7	10	4	1	7	1	-1.86892	-3.77379	-2.74516	-1.97661
1377	10	1	16	19	10	5	7	-5.61551	-2.73461	-4.21069	-5.17335
1378	2	4	1	2	7	1	5	-2.35308	-5.80061	-6.31953	-5.10572
1379	2	4	1	2	2	1	5	-2.81024	-3.6477	-4.23945	-4.14554
1380	10	81	50	99	120	76	52	-6.6676	-6.36976	-5.32772	-5.22866
1381	2	1	12	3	2	1	5	-2.62518	-2.11119	-3.66903	-4.72944
1382	2	4	1	2	2	1	5	-2.81024	-3.6477	-4.23945	-4.14554
1383	2	4	1	2	7	1	5	-2.35308	-5.80061	-6.31953	-5.10572
1384	1	2	3	4	5	9	3	-4.46166	-2.47652	-3.62079	-4.93686
1385	8	10	2	2	11	12	6	-4.00279	-7.42045	-8.0979	-7.08428
1386	1	4	2	2	6	3	17	-4.47778	-2.43711	-4.59973	-5.41029
1387	2	4	1	2	2	1	5	-2.81024	-3.6477	-4.23945	-4.14554
1388	2	4	1	2	2	1	5	-2.81024	-3.6477	-4.23945	-4.14554
1389	10	7	10	4	1	7	1	-11.8754	-11.0994	-9.86408	-8.81059
1390	2	1	21	3	2	1	5	-2.93835	-2.48283	-4.49996	-4.47734
1391	2	1	21	3	2	1	5	-2.93835	-2.48283	-4.49996	-4.47734
1392	10	1	16	19	10	5	7	-5.61551	-2.73461	-4.21069	-5.17335
1393	2	1	5	3	2	3	5	-4.21595	-3.24334	-5.62396	-4.78561
1394	2	1	5	3	2	3	5	-4.21595	-3.24334	-5.62396	-4.78561
1395	2	4	1	2	2	5	5	-6.81377	-6.40217	-8.89053	-9.26928
1396	2	4	1	2	7	1	5	-2.35308	-5.80061	-6.31953	-5.10572
1397	10	1	16	19	10	5	7	-5.61551	-2.73461	-4.21069	-5.17335
1398	2	4	1	2	7	1	5	-2.35308	-5.80061	-6.31953	-5.10572
1399	2	934	1	2	2	1	5	-6.45313	-8.10487	-6.55114	-7.08572
