Isolate	Loci0	Loci1	Loci2	Loci3	Loci4	Loci5	Loci6	Source0	Source1	Source2	Source3
0	1	2	3	4	5	9	3	-4.61802	-2.50147	-3.57139	-4.96501
1	4	7	10	4	1	7	1	-1.84509	-3.81732	-2.6444	-1.9097
2	2	4	1	2	2	1	5	-2.78826	-3.65801	-4.17372	-4.12367
3	2	4	1	2	2	1	5	-2.78826	-3.65801	-4.17372	-4.12367
4	9	25	2	10	22	3	6	-4.49141	-7.71369	-6.09389	-4.3396
5	4	7	10	4	1	7	1	-1.84509	-3.81732	-2.6444	-1.9097
6	4	7	10	4	1	7	1	-1.84509	-3.81732	-2.6444	-1.9097
7	4	7	10	4	42	51	1	-2.94488	-4.64892	-4.98538	-3.80031
8	2	4	1	2	2	1	5	-2.78826	-3.65801	-4.17372	-4.12367
9	10	81	50	99	120	76	52	-6.717	-6.40867	-5.25554	-5.12386
10	2	1	21	3	2	1	5	-2.93992	-2.50006	-4.41396	-4.59456
11	2	1	21	3	2	1	5	-2.93992	-2.50006	-4.41396	-4.59456
12	9	25	2	10	22	3	6	-4.49141	-7.71369	-6.09389	-4.3396
13	2	1	21	3	2	1	5	-2.93992	-2.50006	-4.41396	-4.59456
14	10	27	16	19	10	5	7	-19.9242	-12.7809	-15.8811	-18.2777
15	2	4	1	2	2	1	5	-2.78826	-3.65801	-4.17372	-4.12367
16	2	4	1	2	2	1	5	-2.78826	-3.65801	-4.17372	-4.12367
17	9	2	4	62	4	5	6	-3.73067	-5.21079	-5.87086	-6.84013
18	9	53	2	53	11	3	3	-29.7076	-26.374	-27.1996	-25.5022
19	2	4	1	2	2	1	5	-2.78826	-3.65801	-4.17372	-4.12367
20	2	4	1	2	2	1	5	-2.78826	-3.65801	-4.17372	-4.12367
21	4	7	10	4	1	7	1	-1.84509	-3.81732	-2.6444	-1.9097
22	2	4	1	2	2	1	5	-2.78826	-3.65801	-4.17372	-4.12367
23	1	4	2	2	6	3	17	-4.62778	-2.46257	-4.51908	-5.73644
24	4	7	10	4	1	7	1	-1.84509	-3.81732	-2.6444	-1.9097
25	2	1	21	3	2	1	5	-2.93992	-2.50006	-4.41396	-4.59456
26	8	10	2	2	11	12	6	-3.96954	-7.26107	-8.11837	-7.37871
27	2	4	2	2	6	1	5	-6.0865	-4.84371	-5.90641	-7.895
28	2	1	12	3	2	1	5	-2.62969	-2.12581	-3.61559	-4.96559
29	2	4	1	2	2	1	5	-2.78826	-3.65801	-4.17372	-4.12367
30	4	7	10	4	1	7	1	-1.84509	-3.81732	-2.6444	-1.9097
31	10	1	16	19	10	5	7	-6.10975	-2.76077	-4.14856	-5.23078
32	1	2	3	4	5	9	3	-4.61802	-2.50147	-3.57139	-4.96501
33	2	4	1	2	2	1	5	-2.78826	-3.65801	-4.17372	-4.12367
34	2	4	1	2	2	1	5	-2.78826	-3.65801	-4.17372	-4.12367
35	2	4	1	2	2	1	5	-2.78826	-3.65801	-4.17372	-4.12367
36	4	7	10	4	1	7	1	-1.84509	-3.81732	-2.6444	-1.9097
37	129	66	30	82	189	47	17	-3.26367	-4.89172	-5.676	-4.14847
38	2	1	12	3	357	1	5	-6.60292	-5.66219	-7.17194	-7.80142
39	9	2	4	62	4	5	6	-3.73067	-5.21079	-5.87086	-6.84013
40	2	1	1	3	2	1	5	-4.61965	-3.79682	-6.33975	-7.63138
41	2	1	12	3	357	1	5	-6.60292	-5.66219	-7.17194	-7.80142
42	2	1	5	3	2	3	5	-4.24228	-3.26418	-5.47676	-4.82124
43	2	1	5	3	2	3	5	-4.24228	-3.26418	-5.47676	-4.82124
44	2	4	1	2	2	1	5	-2.78826	-3.65801	-4.17372	-4.12367
45	2	4	1	2	2	1	5	-2.78826	-3.65801	-4.17372	-4.12367
46	2	4	2	2	6	1	5	-6.0865	-4.84371	-5.90641	-7.895
47	1	4	2	2	6	3	17	-4.62778	-2.46257	-4.51908	-5.73644
48	2	1	21	3	2	1	5	-2.93992	-2.50006	-4.41396	-4.59456
49	2	1	2	3	2	3	5	-3.77189	-7.01165	-7.91443	-7.17226
50	2	1	21	3	2	1	5	-2.93992	-2.50006	-4.41396	-4.59456
51	7	17	2	15	23	3	12	-6.91681	-10.2589	-11.0714	-10.3249
52	2	4	1	2	7	1	5	-2.31987	-5.65481	-6.29735	-5.28442
53	9	2	4	62	4	5	6	-3.73067	-5.21079	-5.87086	-6.84013
54	2	4	1	2	7	1	5	-2.31987	-5.65481	-6.29735	-5.28442
55	9	2	4	62	4	5	6	-3.73067	-5.21079	-5.87086	-6.84013
56	2	1	12	88	2	1	5	-3.95779	-3.44124	-5.75189	-5.40319
57	2	1	5	3	2	3	5	-4.24228	-3.26418	-5.47676	-4.82124
58	2	4	1	2	2	1	5	-2.78826	-3.65801	-4.17372	-4.12367
59	9	2	4	62	4	5	6	-3.73067	-5.21079	-5.87086	-6.84013
60	2	1	5	3	2	3	5	-4.24228	-3.26418	-5.47676	-4.82124
61	2	4	1	2	2	1	5	-2.78826	-3.65801	-4.17372	-4.12367
62	2	4	1	2	2	1	5	-2.78826	-3.65801	-4.17372	-4.12367
63	2	4	1	2	2	1	5	-2.78826	-3.65801	-4.17372	-4.12367
64	2	4	1	2	2	1	5	-2.78826	-3.65801	-4.17372	-4.12367
65	2	4	1	2	2	1	5	-2.78826	-3.65801	-4.17372	-4.12367
66	2	4	1	2	2	1	5	-2.78826	-3.65801	-4.17372	-4.12367
67	1	2	215	4	90	24	8	-29.9185	-27.296	-24.1729	-21.5928
68	2	4	1	2	2	1	5	-2.78826	-3.65801	-4.17372	-4.12367
69	1	2	3	4	5	9	3	-4.61802	-2.50147	-3.57139	-4.96501
70	2	4	1	2	2	1	5	-2.78826	-3.65801	-4.17372	-4.12367
71	2	4	1	2	2	1	5	-2.78826	-3.65801	-4.17372	-4.12367
72	9	25	2	10	22	3	6	-4.49141	-7.71369	-6.09389	-4.3396
73	2	15	4	48	360	25	23	-6.7388	-9.18257	-5.70414	-4.87767
74	2	4	1	2	2	1	5	-2.78826	-3.65801	-4.17372	-4.12367
75	2	1	12	88	2	1	5	-3.95779	-3.44124	-5.75189	-5.40319
76	2	4	2	2	6	1	5	-6.0865	-4.84371	-5.90641	-7.895
77	10	1	16	19	10	5	7	-6.10975	-2.76077	-4.14856	-5.23078
78	2	4	1	2	2	1	5	-2.78826	-3.65801	-4.17372	-4.12367
79	2	1	12	3	2	1	5	-2.62969	-2.12581	-3.61559	-4.96559
80	2	4	1	2	2	1	5	-2.78826	-3.65801	-4.17372	-4.12367
81	2	4	1	2	2	1	5	-2.78826	-3.65801	-4.17372	-4.12367
82	1	4	2	2	6	3	17	-4.62778	-2.46257	-4.51908	-5.73644
83	10	1	16	19	10	5	7	-6.10975	-2.76077	-4.14856	-5.23078
84	8	10	149	2	11	12	6	-4.8835	-3.98501	-5.63711	-7.38225
85	2	4	1	2	2	1	5	-2.78826	-3.65801	-4.17372	-4.12367
86	2	4	1	2	7	1	5	-2.31987	-5.65481	-6.29735	-5.28442
87	32	39	30	82	104	324	17	-8.12378	-4.69248	-7.29772	-9.48878
88	1	2	3	4	5	9	3	-4.61802	-2.50147	-3.57139	-4.96501
89	2	1	5	3	2	3	5	-4.24228	-3.26418	-5.47676	-4.82124
90	2	4	1	2	2	1	5	-2.78826	-3.65801	-4.17372	-4.12367
91	2	4	1	2	7	1	5	-2.31987	-5.65481	-6.29735	-5.28442
92	4	7	10	4	1	7	1	-1.84509	-3.81732	-2.6444	-1.9097
93	2	1	2	3	2	3	5	-3.77189	-7.01165	-7.91443	-7.17226
94	2	1	12	3	2	1	5	-2.62969	-2.12581	-3.61559	-4.96559
95	2	1	21	3	2	1	5	-2.93992	-2.50006	-4.41396	-4.59456
96	2	1	21	3	2	1	5	-2.93992	-2.50006	-4.41396	-4.59456
97	9	2	5	2	11	3	1	-28.5967	-31.5243	-28.3928	-26.046
98	4	7	10	4	1	7	1	-1.84509	-3.81732	-2.6444	-1.9097
99	2	1	2	3	2	3	5	-3.77189	-7.01165	-7.91443	-7.17226
100	2	1	21	3	2	1	5	-2.93992	-2.50006	-4.41396	-4.59456
101	4	7	10	4	1	7	1	-1.84509	-3.81732	-2.6444	-1.9097
102	2	1	21	3	2	1	5	-2.93992	-2.50006	-4.41396	-4.59456
103	1	4	2	2	6	3	17	-4.62778	-2.46257	-4.51908	-5.73644
104	2	4	5	2	10	1	5	-6.90716	-10.2374	-11.0537	-10.3135
105	2	1	12	88	2	1	5	-3.95779	-3.44124	-5.75189	-5.40319
106	9	2	4	62	4	5	6	-3.73067	-5.21079	-5.87086	-6.84013
107	2	165	73	147	220	190	104	-8.97544	-10.5679	-7.01797	-5.21256
108	2	1	21	3	2	1	5	-2.93992	-2.50006	-4.41396	-4.59456
109	2	4	1	2	2	1	5	-2.78826	-3.65801	-4.17372	-4.12367
110	2	1	12	3	11	1	6	-18.4089	-17.4975	-20.374	-21.1569
111	2	1	2	3	2	3	5	-3.77189	-7.01165	-7.91443	-7.17226
112	2	4	1	2	7	1	5	-2.31987	-5.65481	-6.29735	-5.28442
113	2	1	2	3	2	3	5	-3.77189	-7.01165	-7.91443	-7.17226
114	2	1	21	3	2	1	5	-2.93992	-2.50006	-4.41396	-4.59456
115	2	4	1	2	7	1	5	-2.31987	-5.65481	-6.29735	-5.28442
116	33	39	30	82	113	43	17	-9.45936	-6.45928	-6.11278	-8.27988
117	2	4	1	2	2	1	5	-2.78826	-3.65801	-4.17372	-4.12367
118	2	4	1	2	2	1	5	-2.78826	-3.65801	-4.17372	-4.12367
119	2	4	1	2	2	1	5	-2.78826	-3.65801	-4.17372	-4.12367
120	2	4	1	2	7	1	5	-2.31987	-5.65481	-6.29735	-5.28442
121	4	7	10	1	1	7	1	-5.28673	-8.43641	-5.98434	-6.08712
122	2	1	12	3	2	1	5	-2.62969	-2.12581	-3.61559	-4.96559
123	2	4	1	2	2	1	5	-2.78826	-3.65801	-4.17372	-4.12367
124	2	4	1	2	2	1	5	-2.78826	-3.65801	-4.17372	-4.12367
125	2	4	1	2	7	1	5	-2.31987	-5.65481	-6.29735	-5.28442
126	2	4	1	2	2	1	5	-2.78826	-3.65801	-4.17372	-4.12367
127	2	4	1	2	2	1	5	-2.78826	-3.65801	-4.17372	-4.12367
128	2	1	12	88	2	1	5	-3.95779	-3.44124	-5.75189	-5.40319
129	2	1	12	3	2	1	5	-2.62969	-2.12581	-3.61559	-4.96559
130	2	1	12	3	2	1	5	-2.62969	-2.12581	-3.61559	-4.96559
131	2	4	1	2	7	1	5	-2.31987	-5.65481	-6.29735	-5.28442
132	2	1	21	3	2	1	5	-2.93992	-2.50006	-4.41396	-4.59456
133	2	1	21	3	2	1	5	-2.93992	-2.50006	-4.41396	-4.59456
134	2	4	5	2	2	5	5	-3.68657	-7.00652	-7.26813	-5.93135
135	2	1	21	3	2	1	5	-2.93992	-2.50006	-4.41396	-4.59456
136	1	4	2	2	6	3	1	-11.1593	-9.9783	-10.398	-11.1999
137	2	1	5	3	2	3	5	-4.24228	-3.26418	-5.47676	-4.82124
138	2	1	5	3	2	3	5	-4.24228	-3.26418	-5.47676	-4.82124
139	4	7	10	4	1	7	1	-1.84509	-3.81732	-2.6444	-1.9097
140	8	10	2	2	11	12	6	-3.96954	-7.26107	-8.11837	-7.37871
141	2	1	2	3	2	3	5	-3.77189	-7.01165	-7.91443	-7.17226
142	2	1	5	3	2	3	5	-4.24228	-3.26418	-5.47676	-4.82124
143	2	1	2	3	2	3	5	-3.77189	-7.01165	-7.91443	-7.17226
144	129	66	30	82	189	47	17	-3.26367	-4.89172	-5.676	-4.14847
145	2	4	1	2	2	1	5	-2.78826	-3.65801	-4.17372	-4.12367
146	2	4	1	2	2	1	5	-2.78826	-3.65801	-4.17372	-4.12367
147	7	21	5	62	4	61	44	-7.24574	-3.84548	-5.60252	-7.78171
148	2	4	1	2	2	1	5	-2.78826	-3.65801	-4.17372	-4.12367
149	2	937	1	2	2	1	5	-6.68322	-7.19467	-7.72797	-6.95127
150	1	14	2	2	6	1	17	-9.29402	-6.46196	-7.78915	-6.30549
151	1	4	2	2	6	3	17	-4.62778	-2.46257	-4.51908	-5.73644
152	8	10	149	2	11	12	6	-4.8835	-3.98501	-5.63711	-7.38225
153	2	1	12	3	2	1	5	-2.62969	-2.12581	-3.61559	-4.96559
154	9	30	2	2	89	59	6	-4.9688	-8.31237	-9.12459	-8.3779
155	1	2	3	4	5	9	3	-4.61802	-2.50147	-3.57139	-4.96501
156	2	4	1	2	2	1	5	-2.78826	-3.65801	-4.17372	-4.12367
157	2	4	1	2	2	1	5	-2.78826	-3.65801	-4.17372	-4.12367
158	180	194	2	68	19	231	147	-25.1683	-26.3701	-27.2533	-22.8979
159	2	4	1	2	2	1	5	-2.78826	-3.65801	-4.17372	-4.12367
160	2	4	1	2	2	1	5	-2.78826	-3.65801	-4.17372	-4.12367
161	2	4	1	2	2	1	5	-2.78826	-3.65801	-4.17372	-4.12367
162	4	7	10	4	1	7	1	-1.84509	-3.81732	-2.6444	-1.9097
163	2	4	1	2	2	1	5	-2.78826	-3.65801	-4.17372	-4.12367
164	2	1	21	3	2	1	5	-2.93992	-2.50006	-4.41396	-4.59456
165	2	4	1	2	7	1	5	-2.31987	-5.65481	-6.29735	-5.28442
166	2	4	1	2	2	1	5	-2.78826	-3.65801	-4.17372	-4.12367
167	10	1	16	19	10	5	7	-6.10975	-2.76077	-4.14856	-5.23078
168	104	7	10	4	1	7	1	-4.42404	-7.77419	-8.56716	-7.81311
169	2	4	1	2	2	1	5	-2.78826	-3.65801	-4.17372	-4.12367
170	10	27	16	19	10	5	7	-19.9242	-12.7809	-15.8811	-18.2777
171	2	4	1	2	2	1	5	-2.78826	-3.65801	-4.17372	-4.12367
172	2	1	1	3	2	1	5	-4.61965	-3.79682	-6.33975	-7.63138
173	7	21	5	62	4	61	44	-7.24574	-3.84548	-5.60252	-7.78171
174	2	1	1	3	2	1	5	-4.61965	-3.79682	-6.33975	-7.63138
175	10	1	16	19	10	5	7	-6.10975	-2.76077	-4.14856	-5.23078
176	2	4	1	2	2	1	5	-2.78826	-3.65801	-4.17372	-4.12367
177	2	4	1	2	2	1	5	-2.78826	-3.65801	-4.17372	-4.12367
178	2	1	12	3	2	1	5	-2.62969	-2.12581	-3.61559	-4.96559
179	2	4	1	2	2	1	5	-2.78826	-3.65801	-4.17372	-4.12367
180	2	4	1	2	2	1	5	-2.78826	-3.65801	-4.17372	-4.12367
181	1	4	2	2	6	3	17	-4.62778	-2.46257	-4.51908	-5.73644
182	2	1	12	3	2	1	5	-2.62969	-2.12581	-3.61559	-4.96559
183	4	7	10	4	1	7	1	-1.84509	-3.81732	-2.6444	-1.9097
184	2	4	1	2	2	1	5	-2.78826	-3.65801	-4.17372	-4.12367
185	2	4	1	2	2	1	5	-2.78826	-3.65801	-4.17372	-4.12367
186	2	1	21	3	2	1	5	-2.93992	-2.50006	-4.41396	-4.59456
187	4	7	10	4	1	7	1	-1.84509	-3.81732	-2.6444	-1.9097
188	4	7	10	4	42	51	1	-2.94488	-4.64892	-4.98538	-3.80031
189	2	1	5	3	2	3	5	-4.24228	-3.26418	-5.47676	-4.82124
190	1	2	4	62	4	5	17	-6.10537	-4.86136	-7.4185	-8.95369
191	4	7	10	4	1	7	1	-1.84509	-3.81732	-2.6444	-1.9097
192	4	7	10	4	42	51	1	-2.94488	-4.64892	-4.98538	-3.80031
193	2	1	21	3	2	1	5	-2.93992	-2.50006	-4.41396	-4.59456
194	4	7	10	4	42	51	1	-2.94488	-4.64892	-4.98538	-3.80031
195	2	4	1	2	7	1	5	-2.31987	-5.65481	-6.29735	-5.28442
196	2	4	1	2	2	1	5	-2.78826	-3.65801	-4.17372	-4.12367
197	1	2	3	4	5	9	3	-4.61802	-2.50147	-3.57139	-4.96501
198	1	2	4	62	4	5	17	-6.10537	-4.86136	-7.4185	-8.95369
199	2	250	4	281	358	25	57	-28.9277	-29.4101	-20.9709	-18.9241
200	9	2	4	62	4	5	6	-3.73067	-5.21079	-5.87086	-6.84013
201	1	2	3	4	5	9	3	-4.61802	-2.50147	-3.57139	-4.96501
202	4	7	10	4	1	7	1	-1.84509	-3.81732	-2.6444	-1.9097
203	2	4	2	4	19	3	6	-5.81237	-9.15075	-9.96311	-9.21479
204	4	7	10	4	1	7	1	-1.84509	-3.81732	-2.6444	-1.9097
205	4	7	10	4	42	51	1	-2.94488	-4.64892	-4.98538	-3.80031
206	2	1	12	3	2	1	5	-2.62969	-2.12581	-3.61559	-4.96559
207	4	7	10	4	1	7	1	-1.84509	-3.81732	-2.6444	-1.9097
208	2	1	12	3	2	1	5	-2.62969	-2.12581	-3.61559	-4.96559
209	1	2	4	62	4	5	17	-6.10537	-4.86136	-7.4185	-8.95369
210	4	7	10	4	42	51	1	-2.94488	-4.64892	-4.98538	-3.80031
211	2	4	1	2	2	1	5	-2.78826	-3.65801	-4.17372	-4.12367
212	4	7	10	4	1	7	1	-1.84509	-3.81732	-2.6444	-1.9097
213	2	1	21	3	2	1	5	-2.93992	-2.50006	-4.41396	-4.59456
214	47	2	4	2	6	5	17	-10.7029	-10.3024	-6.16121	-8.32796
215	2	1	21	3	2	1	5	-2.93992	-2.50006	-4.41396	-4.59456
216	2	1	21	3	2	1	5	-2.93992	-2.50006	-4.41396	-4.59456
217	2	4	1	2	2	1	5	-2.78826	-3.65801	-4.17372	-4.12367
218	2	4	1	2	2	1	5	-2.78826	-3.65801	-4.17372	-4.12367
219	10	81	50	99	120	76	52	-6.717	-6.40867	-5.25554	-5.12386
220	2	4	1	2	2	1	5	-2.78826	-3.65801	-4.17372	-4.12367
221	2	4	1	2	2	1	5	-2.78826	-3.65801	-4.17372	-4.12367
222	1	4	2	2	6	3	17	-4.62778	-2.46257	-4.51908	-5.73644
223	1	2	4	62	4	5	17	-6.10537	-4.86136	-7.4185	-8.95369
224	4	7	10	4	1	7	1	-1.84509	-3.81732	-2.6444	-1.9097
225	4	7	10	4	1	7	1	-1.84509	-3.81732	-2.6444	-1.9097
226	10	1	16	19	10	5	7	-6.10975	-2.76077	-4.14856	-5.23078
227	2	4	1	2	2	1	5	-2.78826	-3.65801	-4.17372	-4.12367
228	2	4	1	2	7	1	5	-2.31987	-5.65481	-6.29735	-5.28442
229	1	4	2	348	6	3	17	-8.81577	-5.37689	-7.98431	-10.179
230	1	2	4	62	4	5	17	-6.10537	-4.86136	-7.4185	-8.95369
231	10	27	16	19	10	5	7	-19.9242	-12.7809	-15.8811	-18.2777
232	1	4	2	2	6	3	17	-4.62778	-2.46257	-4.51908	-5.73644
233	4	7	10	4	42	51	1	-2.94488	-4.64892	-4.98538	-3.80031
234	2	4	1	2	2	1	5	-2.78826	-3.65801	-4.17372	-4.12367
235	2	1	12	3	2	1	5	-2.62969	-2.12581	-3.61559	-4.96559
236	2	1	12	88	2	1	5	-3.95779	-3.44124	-5.75189	-5.40319
237	2	4	1	2	7	1	5	-2.31987	-5.65481	-6.29735	-5.28442
238	2	1	12	3	2	1	5	-2.62969	-2.12581	-3.61559	-4.96559
239	1	4	2	2	6	3	17	-4.62778	-2.46257	-4.51908	-5.73644
240	2	1	4	28	58	25	58	-5.70101	-8.47538	-5.3893	-4.20126
241	2	1	5	3	2	3	5	-4.24228	-3.26418	-5.47676	-4.82124
242	2	1	12	3	2	1	5	-2.62969	-2.12581	-3.61559	-4.96559
243	2	4	1	2	2	1	5	-2.78826	-3.65801	-4.17372	-4.12367
244	2	1	5	10	11	1	5	-26.4967	-22.1786	-24.2655	-25.2453
245	2	1	12	3	2	1	5	-2.62969	-2.12581	-3.61559	-4.96559
246	2	1	12	88	2	1	5	-3.95779	-3.44124	-5.75189	-5.40319
247	2	1	12	3	2	1	5	-2.62969	-2.12581	-3.61559	-4.96559
248	2	1	12	3	2	1	5	-2.62969	-2.12581	-3.61559	-4.96559
249	1	4	2	2	6	3	17	-4.62778	-2.46257	-4.51908	-5.73644
250	9	2	4	62	4	5	6	-3.73067	-5.21079	-5.87086	-6.84013
251	2	1	12	3	2	1	5	-2.62969	-2.12581	-3.61559	-4.96559
252	8	10	149	2	11	12	6	-4.8835	-3.98501	-5.63711	-7.38225
253	2	1	21	3	2	1	5	-2.93992	-2.50006	-4.41396	-4.59456
254	1	2	3	4	5	9	3	-4.61802	-2.50147	-3.57139	-4.96501
255	2	1	5	3	2	3	5	-4.24228	-3.26418	-5.47676	-4.82124
256	1	307	3	4	5	9	3	-6.84604	-6.43549	-6.09204	-8.15234
257	1	4	2	2	6	3	17	-4.62778	-2.46257	-4.51908	-5.73644
258	2	4	1	2	7	1	5	-2.31987	-5.65481	-6.29735	-5.28442
259	2	4	1	2	2	1	5	-2.78826	-3.65801	-4.17372	-4.12367
260	2	61	4	64	126	7	23	-6.06374	-8.88197	-6.01557	-4.2138
261	7	21	5	62	4	61	44	-7.24574	-3.84548	-5.60252	-7.78171
262	2	1	12	3	2	1	5	-2.62969	-2.12581	-3.61559	-4.96559
263	2	4	1	2	2	1	5	-2.78826	-3.65801	-4.17372	-4.12367
264	2	1	12	3	2	1	5	-2.62969	-2.12581	-3.61559	-4.96559
265	2	1	21	3	2	1	5	-2.93992	-2.50006	-4.41396	-4.59456
266	2	1	21	3	2	1	5	-2.93992	-2.50006	-4.41396	-4.59456
267	2	4	1	2	2	1	5	-2.78826	-3.65801	-4.17372	-4.12367
268	2	4	1	2	2	1	5	-2.78826	-3.65801	-4.17372	-4.12367
269	2	4	1	2	7	1	5	-2.31987	-5.65481	-6.29735	-5.28442
270	4	7	10	4	1	7	1	-1.84509	-3.81732	-2.6444	-1.9097
271	1	2	4	62	4	5	17	-6.10537	-4.86136	-7.4185	-8.95369
272	4	1	21	3	2	1	5	-9.55379	-10.1137	-10.4221	-10.119
273	10	1	16	19	10	5	7	-6.10975	-2.76077	-4.14856	-5.23078
274	33	283	44	82	189	44	17	-6.85691	-3.48613	-5.36906	-6.07384
275	2	1	12	3	2	1	5	-2.62969	-2.12581	-3.61559	-4.96559
276	10	81	50	99	120	76	52	-6.717	-6.40867	-5.25554	-5.12386
277	4	7	10	4	42	25	1	-8.77522	-9.73434	-5.79309	-5.1369
278	2	4	1	2	2	1	5	-2.78826	-3.65801	-4.17372	-4.12367
279	2	4	5	2	10	1	5	-6.90716	-10.2374	-11.0537	-10.3135
280	2	4	1	2	2	1	5	-2.78826	-3.65801	-4.17372	-4.12367
281	9	2	4	62	4	5	6	-3.73067	-5.21079	-5.87086	-6.84013
282	4	7	10	4	1	7	1	-1.84509	-3.81732	-2.6444	-1.9097
283	2	1	12	3	2	1	5	-2.62969	-2.12581	-3.61559	-4.96559
284	9	2	4	62	4	5	6	-3.73067	-5.21079	-5.87086	-6.84013
285	9	2	4	62	4	5	6	-3.73067	-5.21079	-5.87086	-6.84013
286	2	4	1	2	2	1	5	-2.78826	-3.65801	-4.17372	-4.12367
287	2	1	12	88	2	1	5	-3.95779	-3.44124	-5.75189	-5.40319
288	2	1	21	3	2	1	5	-2.93992	-2.50006	-4.41396	-4.59456
289	33	39	30	79	113	44	17	-25.4302	-23.8427	-25.231	-27.2377
290	1	2	3	4	5	9	3	-4.61802	-2.50147	-3.57139	-4.96501
291	1	4	2	2	6	3	17	-4.62778	-2.46257	-4.51908	-5.73644
292	9	2	4	62	4	5	6	-3.73067	-5.21079	-5.87086	-6.84013
293	2	1	12	3	2	1	5	-2.62969	-2.12581	-3.61559	-4.96559
294	2	1	5	3	2	5	5	-5.51512	-2.84218	-4.05198	-5.56588
295	2	1	5	3	2	5	5	-5.51512	-2.84218	-4.05198	-5.56588
296	2	4	1	2	2	1	5	-2.78826	-3.65801	-4.17372	-4.12367
297	2	4	1	2	2	1	5	-2.78826	-3.65801	-4.17372	-4.12367
298	2	1	21	3	2	1	5	-2.93992	-2.50006	-4.41396	-4.59456
299	32	39	30	82	104	324	17	-8.12378	-4.69248	-7.29772	-9.48878
300	2	1	12	3	2	1	5	-2.62969	-2.12581	-3.61559	-4.96559
301	4	7	10	4	1	7	1	-1.84509	-3.81732	-2.6444	-1.9097
302	1	4	2	2	6	3	5	-8.66009	-5.27394	-7.90259	-10.0627
303	2	1	21	3	2	1	5	-2.93992	-2.50006	-4.41396	-4.59456
304	4	7	10	4	42	51	1	-2.94488	-4.64892	-4.98538	-3.80031
305	2	4	1	2	7	1	5	-2.31987	-5.65481	-6.29735	-5.28442
306	7	21	5	62	4	61	44	-7.24574	-3.84548	-5.60252	-7.78171
307	104	7	10	4	1	7	1	-4.42404	-7.77419	-8.56716	-7.81311
308	9	25	2	10	22	3	6	-4.49141	-7.71369	-6.09389	-4.3396
309	2	4	2	2	6	3	17	-10.5637	-7.6316	-10.0284	-11.0444
310	2	4	1	2	7	1	5	-2.31987	-5.65481	-6.29735	-5.28442
311	129	66	30	82	189	47	17	-3.26367	-4.89172	-5.676	-4.14847
312	33	39	30	82	104	173	68	-5.39065	-3.99305	-6.56009	-8.17165
313	2	1	12	3	2	1	5	-2.62969	-2.12581	-3.61559	-4.96559
314	2	1	1	3	2	1	5	-4.61965	-3.79682	-6.33975	-7.63138
315	7	21	5	62	4	61	44	-7.24574	-3.84548	-5.60252	-7.78171
316	2	1	21	3	2	1	5	-2.93992	-2.50006	-4.41396	-4.59456
317	4	7	10	4	1	7	1	-1.84509	-3.81732	-2.6444	-1.9097
318	10	2	107	62	120	76	1	-6.87439	-10.0413	-8.06428	-6.29239
319	4	7	10	4	1	7	1	-1.84509	-3.81732	-2.6444	-1.9097
320	2	1	12	3	2	1	5	-2.62969	-2.12581	-3.61559	-4.96559
321	2	1	5	3	2	3	5	-4.24228	-3.26418	-5.47676	-4.82124
322	4	7	10	4	1	7	1	-1.84509	-3.81732	-2.6444	-1.9097
323	2	1	12	88	2	1	5	-3.95779	-3.44124	-5.75189	-5.40319
324	4	7	10	4	42	7	1	-6.6111	-9.04214	-5.58758	-4.62385
325	4	7	10	4	42	51	1	-2.94488	-4.64892	-4.98538	-3.80031
326	2	1	21	3	2	1	5	-2.93992	-2.50006	-4.41396	-4.59456
327	2	1	12	3	2	1	5	-2.62969	-2.12581	-3.61559	-4.96559
328	4	7	10	4	1	7	1	-1.84509	-3.81732	-2.6444	-1.9097
329	2	4	1	2	7	1	5	-2.31987	-5.65481	-6.29735	-5.28442
330	4	7	10	4	1	7	1	-1.84509	-3.81732	-2.6444	-1.9097
331	2	1	12	3	2	1	5	-2.62969	-2.12581	-3.61559	-4.96559
332	4	7	10	4	1	7	1	-1.84509	-3.81732	-2.6444	-1.9097
333	4	7	10	4	1	7	1	-1.84509	-3.81732	-2.6444	-1.9097
334	1	4	2	2	6	3	17	-4.62778	-2.46257	-4.51908	-5.73644
335	2	4	1	2	2	1	5	-2.78826	-3.65801	-4.17372	-4.12367
336	4	7	10	4	1	7	1	-1.84509	-3.81732	-2.6444	-1.9097
337	7	17	2	15	23	3	12	-6.91681	-10.2589	-11.0714	-10.3249
338	2	1	5	3	2	3	5	-4.24228	-3.26418	-5.47676	-4.82124
339	4	7	10	4	1	7	1	-1.84509	-3.81732	-2.6444	-1.9097
340	4	7	10	4	1	7	1	-1.84509	-3.81732	-2.6444	-1.9097
341	4	7	10	4	42	51	1	-2.94488	-4.64892	-4.98538	-3.80031
342	2	4	1	2	2	1	5	-2.78826	-3.65801	-4.17372	-4.12367
343	2	1	12	88	2	1	5	-3.95779	-3.44124	-5.75189	-5.40319
344	2	1	1	3	2	1	5	-4.61965	-3.79682	-6.33975	-7.63138
345	1	2	3	4	5	9	3	-4.61802	-2.50147	-3.57139	-4.96501
346	2	1	12	88	2	1	5	-3.95779	-3.44124	-5.75189	-5.40319
347	2	1	1	3	2	1	5	-4.61965	-3.79682	-6.33975	-7.63138
348	24	17	2	10	23	68	5	-9.22129	-5.78907	-8.39529	-10.5869
349	4	7	10	4	1	7	1	-1.84509	-3.81732	-2.6444	-1.9097
350	2	1	21	3	2	1	5	-2.93992	-2.50006	-4.41396	-4.59456
351	1	4	2	2	6	3	17	-4.62778	-2.46257	-4.51908	-5.73644
352	2	1	5	3	2	3	5	-4.24228	-3.26418	-5.47676	-4.82124
353	4	7	10	4	1	7	1	-1.84509	-3.81732	-2.6444	-1.9097
354	2	1	1	3	2	1	5	-4.61965	-3.79682	-6.33975	-7.63138
355	2	1	12	3	2	1	5	-2.62969	-2.12581	-3.61559	-4.96559
356	8	10	149	2	11	12	6	-4.8835	-3.98501	-5.63711	-7.38225
357	2	4	1	2	2	5	5	-6.81237	-6.41185	-8.82675	-9.86827
358	10	1	16	19	10	5	7	-6.10975	-2.76077	-4.14856	-5.23078
359	24	17	2	10	23	68	5	-9.22129	-5.78907	-8.39529	-10.5869
360	1	2	4	62	4	5	17	-6.10537	-4.86136	-7.4185	-8.95369
361	2	4	1	2	7	1	5	-2.31987	-5.65481	-6.29735	-5.28442
362	7	71	5	62	11	67	6	-28.6788	-26.2074	-28.9079	-28.7646
363	7	17	5	2	10	3	6	-25.0844	-24.0874	-23.8492	-22.8096
364	2	1	5	3	2	3	5	-4.24228	-3.26418	-5.47676	-4.82124
365	9	2	4	62	4	5	6	-3.73067	-5.21079	-5.87086	-6.84013
366	33	38	30	82	104	325	36	-13.8884	-10.0306	-12.6485	-14.1175
367	2	4	1	2	7	1	5	-2.31987	-5.65481	-6.29735	-5.28442
368	47	2	4	2	6	5	17	-10.7029	-10.3024	-6.16121	-8.32796
369	2	1	12	88	2	1	5	-3.95779	-3.44124	-5.75189	-5.40319
370	2	1	12	88	2	1	5	-3.95779	-3.44124	-5.75189	-5.40319
371	2	1	12	88	2	1	5	-3.95779	-3.44124	-5.75189	-5.40319
372	2	1	12	88	2	1	5	-3.95779	-3.44124	-5.75189	-5.40319
373	2	4	1	2	2	1	5	-2.78826	-3.65801	-4.17372	-4.12367
374	2	1	12	88	2	1	5	-3.95779	-3.44124	-5.75189	-5.40319
375	1	1	2	2	6	3	17	-9.68314	-6.16996	-8.80241	-10.8696
376	2	1	12	88	2	1	5	-3.95779	-3.44124	-5.75189	-5.40319
377	2	1	12	88	2	1	5	-3.95779	-3.44124	-5.75189	-5.40319
378	2	4	1	2	2	1	5	-2.78826	-3.65801	-4.17372	-4.12367
379	2	1	12	88	2	1	5	-3.95779	-3.44124	-5.75189	-5.40319
380	2	1	5	3	2	3	5	-4.24228	-3.26418	-5.47676	-4.82124
381	4	7	10	4	1	7	1	-1.84509	-3.81732	-2.6444	-1.9097
382	2	1	12	3	2	1	5	-2.62969	-2.12581	-3.61559	-4.96559
383	1	2	4	62	4	5	17	-6.10537	-4.86136	-7.4185	-8.95369
384	1	4	2	2	6	3	17	-4.62778	-2.46257	-4.51908	-5.73644
385	2	1	12	3	2	1	5	-2.62969	-2.12581	-3.61559	-4.96559
386	2	1	12	88	2	1	5	-3.95779	-3.44124	-5.75189	-5.40319
387	9	2	4	62	4	5	6	-3.73067	-5.21079	-5.87086	-6.84013
388	2	4	1	2	7	1	5	-2.31987	-5.65481	-6.29735	-5.28442
389	2	1	5	3	2	3	5	-4.24228	-3.26418	-5.47676	-4.82124
390	7	21	5	62	4	61	44	-7.24574	-3.84548	-5.60252	-7.78171
391	1	2	215	4	90	24	8	-29.9185	-27.296	-24.1729	-21.5928
392	2	1	21	3	2	1	5	-2.93992	-2.50006	-4.41396	-4.59456
393	1	4	2	2	6	3	17	-4.62778	-2.46257	-4.51908	-5.73644
394	2	4	1	2	2	1	5	-2.78826	-3.65801	-4.17372	-4.12367
395	2	1	12	3	2	1	5	-2.62969	-2.12581	-3.61559	-4.96559
396	1	2	3	4	5	9	3	-4.61802	-2.50147	-3.57139	-4.96501
397	2	1	5	3	2	3	5	-4.24228	-3.26418	-5.47676	-4.82124
398	10	1	16	19	10	5	7	-6.10975	-2.76077	-4.14856	-5.23078
399	2	1	2	3	2	959	5	-7.74115	-10.0942	-11.3781	-9.99649
400	10	1	16	19	10	5	7	-6.10975	-2.76077	-4.14856	-5.23078
401	2	4	1	2	7	1	5	-2.31987	-5.65481	-6.29735	-5.28442
402	2	1	12	3	2	1	5	-2.62969	-2.12581	-3.61559	-4.96559
403	8	10	149	2	11	12	6	-4.8835	-3.98501	-5.63711	-7.38225
404	2	4	1	2	7	1	5	-2.31987	-5.65481	-6.29735	-5.28442
405	4	7	10	4	1	7	1	-1.84509	-3.81732	-2.6444	-1.9097
406	4	7	10	4	1	7	1	-1.84509	-3.81732	-2.6444	-1.9097
407	2	4	5	2	2	5	5	-3.68657	-7.00652	-7.26813	-5.93135
408	2	1	12	3	2	1	5	-2.62969	-2.12581	-3.61559	-4.96559
409	166	2	27	10	151	3	1	-30.9663	-30.9928	-29.0392	-25.227
410	33	39	30	79	113	44	17	-25.4302	-23.8427	-25.231	-27.2377
411	7	17	2	15	23	3	12	-6.91681	-10.2589	-11.0714	-10.3249
412	1	2	3	4	5	9	3	-4.61802	-2.50147	-3.57139	-4.96501
413	2	4	1	2	7	1	5	-2.31987	-5.65481	-6.29735	-5.28442
414	7	21	5	62	4	61	44	-7.24574	-3.84548	-5.60252	-7.78171
415	2	1	12	3	2	1	5	-2.62969	-2.12581	-3.61559	-4.96559
416	1	2	3	4	5	9	3	-4.61802	-2.50147	-3.57139	-4.96501
417	2	1	5	88	2	11	5	-8.66932	-5.35924	-6.00293	-8.17665
418	2	4	1	2	7	1	5	-2.31987	-5.65481	-6.29735	-5.28442
419	2	1	21	3	2	1	5	-2.93992	-2.50006	-4.41396	-4.59456
420	7	17	2	15	23	3	12	-6.91681	-10.2589	-11.0714	-10.3249
421	2	1	5	88	2	11	5	-8.66932	-5.35924	-6.00293	-8.17665
422	47	2	4	2	6	5	17	-10.7029	-10.3024	-6.16121	-8.32796
423	1	2	3	4	5	9	3	-4.61802	-2.50147	-3.57139	-4.96501
424	7	17	2	15	23	3	12	-6.91681	-10.2589	-11.0714	-10.3249
425	2	4	1	2	2	1	5	-2.78826	-3.65801	-4.17372	-4.12367
426	2	4	1	2	2	1	5	-2.78826	-3.65801	-4.17372	-4.12367
427	2	4	1	2	2	1	5	-2.78826	-3.65801	-4.17372	-4.12367
428	2	1	12	3	2	1	5	-2.62969	-2.12581	-3.61559	-4.96559
429	2	4	5	2	2	5	5	-3.68657	-7.00652	-7.26813	-5.93135
430	2	1	21	3	2	1	5	-2.93992	-2.50006	-4.41396	-4.59456
431	4	7	10	4	42	25	1	-8.77522	-9.73434	-5.79309	-5.1369
432	1	4	2	2	6	3	17	-4.62778	-2.46257	-4.51908	-5.73644
433	1	2	215	4	923	24	8	-29.9185	-27.296	-24.1729	-21.5928
434	1	2	3	4	5	9	3	-4.61802	-2.50147	-3.57139	-4.96501
435	2	1	1	3	2	1	5	-4.61965	-3.79682	-6.33975	-7.63138
436	1	4	2	2	6	3	17	-4.62778	-2.46257	-4.51908	-5.73644
437	2	4	1	2	2	1	5	-2.78826	-3.65801	-4.17372	-4.12367
438	2	1	5	3	2	5	5	-5.51512	-2.84218	-4.05198	-5.56588
439	4	7	10	4	42	51	1	-2.94488	-4.64892	-4.98538	-3.80031
440	4	7	10	4	1	7	1	-1.84509	-3.81732	-2.6444	-1.9097
441	4	7	10	4	1	7	1	-1.84509	-3.81732	-2.6444	-1.9097
442	4	7	10	4	1	7	1	-1.84509	-3.81732	-2.6444	-1.9097
443	2	1	21	3	2	1	5	-2.93992	-2.50006	-4.41396	-4.59456
444	2	1	21	3	2	1	5	-2.93992	-2.50006	-4.41396	-4.59456
445	2	4	1	2	7	1	5	-2.31987	-5.65481	-6.29735	-5.28442
446	4	7	10	4	1	7	1	-1.84509	-3.81732	-2.6444	-1.9097
447	4	7	10	4	1	7	1	-1.84509	-3.81732	-2.6444	-1.9097
448	2	1	1	3	2	1	5	-4.61965	-3.79682	-6.33975	-7.63138
449	2	1	21	3	2	1	5	-2.93992	-2.50006	-4.41396	-4.59456
450	2	1	21	3	2	1	5	-2.93992	-2.50006	-4.41396	-4.59456
451	4	7	10	4	42	51	1	-2.94488	-4.64892	-4.98538	-3.80031
452	4	7	10	1	1	7	1	-5.28673	-8.43641	-5.98434	-6.08712
453	239	27	16	19	10	5	7	-9.91727	-6.48428	-9.08879	-11.2812
454	2	1	12	3	2	1	5	-2.62969	-2.12581	-3.61559	-4.96559
455	2	4	1	2	2	1	5	-2.78826	-3.65801	-4.17372	-4.12367
456	2	1	12	3	2	1	5	-2.62969	-2.12581	-3.61559	-4.96559
457	2	1	12	3	2	1	5	-2.62969	-2.12581	-3.61559	-4.96559
458	10	81	50	99	120	76	52	-6.717	-6.40867	-5.25554	-5.12386
459	47	2	4	2	6	5	17	-10.7029	-10.3024	-6.16121	-8.32796
460	2	4	1	3	2	1	5	-6.82803	-8.54825	-9.96456	-9.98794
461	4	7	10	4	1	7	1	-1.84509	-3.81732	-2.6444	-1.9097
462	2	1	1	380	2	1	5	-6.16481	-5.74631	-8.2552	-9.29686
463	2	4	1	2	7	1	5	-2.31987	-5.65481	-6.29735	-5.28442
464	2	1	12	88	2	1	5	-3.95779	-3.44124	-5.75189	-5.40319
465	7	71	5	62	11	67	1	-30.0373	-26.4382	-27.5076	-27.9812
466	2	4	1	2	7	1	5	-2.31987	-5.65481	-6.29735	-5.28442
467	4	7	10	4	1	7	1	-1.84509	-3.81732	-2.6444	-1.9097
468	2	1	1	380	2	1	5	-6.16481	-5.74631	-8.2552	-9.29686
469	2	4	1	2	2	1	5	-2.78826	-3.65801	-4.17372	-4.12367
470	2	1	12	3	2	1	5	-2.62969	-2.12581	-3.61559	-4.96559
471	1	14	2	2	6	1	17	-9.29402	-6.46196	-7.78915	-6.30549
472	1	2	4	62	4	5	17	-6.10537	-4.86136	-7.4185	-8.95369
473	4	7	10	4	1	7	1	-1.84509	-3.81732	-2.6444	-1.9097
474	2	1	21	3	2	1	5	-2.93992	-2.50006	-4.41396	-4.59456
475	2	4	1	2	2	1	5	-2.78826	-3.65801	-4.17372	-4.12367
476	1	4	2	2	6	3	17	-4.62778	-2.46257	-4.51908	-5.73644
477	4	7	10	4	1	7	1	-1.84509	-3.81732	-2.6444	-1.9097
478	10	2	107	62	120	76	1	-6.87439	-10.0413	-8.06428	-6.29239
479	2	1	12	3	2	1	5	-2.62969	-2.12581	-3.61559	-4.96559
480	2	1	5	3	2	3	5	-4.24228	-3.26418	-5.47676	-4.82124
481	2	1	21	3	2	1	5	-2.93992	-2.50006	-4.41396	-4.59456
482	1	2	3	4	5	9	3	-4.61802	-2.50147	-3.57139	-4.96501
483	1	307	3	4	5	9	3	-6.84604	-6.43549	-6.09204	-8.15234
484	7	2	5	2	10	3	6	-30.7209	-27.2807	-28.8054	-28.8975
485	1	2	3	4	5	9	3	-4.61802	-2.50147	-3.57139	-4.96501
486	33	39	30	82	104	173	68	-5.39065	-3.99305	-6.56009	-8.17165
487	4	7	10	4	42	7	1	-6.6111	-9.04214	-5.58758	-4.62385
488	2	1	12	88	2	1	5	-3.95779	-3.44124	-5.75189	-5.40319
489	2	4	1	2	2	1	5	-2.78826	-3.65801	-4.17372	-4.12367
490	2	1	21	3	2	1	5	-2.93992	-2.50006	-4.41396	-4.59456
491	9	2	4	62	4	5	6	-3.73067	-5.21079	-5.87086	-6.84013
492	2	1	5	3	2	3	5	-4.24228	-3.26418	-5.47676	-4.82124
493	4	7	10	4	1	7	1	-1.84509	-3.81732	-2.6444	-1.9097
494	2	1	57	26	127	29	35	-6.88897	-9.58015	-6.15034	-8.18647
495	2	1	57	26	127	29	35	-6.88897	-9.58015	-6.15034	-8.18647
496	2	4	2	4	19	3	6	-5.81237	-9.15075	-9.96311	-9.21479
497	2	1	12	3	2	1	5	-2.62969	-2.12581	-3.61559	-4.96559
498	2	4	1	2	2	1	5	-2.78826	-3.65801	-4.17372	-4.12367
499	2	4	1	2	2	1	5	-2.78826	-3.65801	-4.17372	-4.12367
500	2	1	21	3	2	1	5	-2.93992	-2.50006	-4.41396	-4.59456
501	33	39	65	79	104	43	17	-4.61327	-7.956	-8.76812	-8.02236
502	1	14	2	2	6	1	17	-9.29402	-6.46196	-7.78915	-6.30549
503	2	1	12	3	2	1	5	-2.62969	-2.12581	-3.61559	-4.96559
504	7	21	5	62	4	61	44	-7.24574	-3.84548	-5.60252	-7.78171
505	9	2	4	62	4	5	6	-3.73067	-5.21079	-5.87086	-6.84013
506	129	66	30	82	189	47	17	-3.26367	-4.89172	-5.676	-4.14847
507	2	1	21	3	2	1	5	-2.93992	-2.50006	-4.41396	-4.59456
508	47	2	4	2	6	5	17	-10.7029	-10.3024	-6.16121	-8.32796
509	2	4	1	2	7	1	5	-2.31987	-5.65481	-6.29735	-5.28442
510	33	38	30	82	104	325	36	-13.8884	-10.0306	-12.6485	-14.1175
511	1	4	2	2	6	3	17	-4.62778	-2.46257	-4.51908	-5.73644
512	1	4	2	2	6	3	17	-4.62778	-2.46257	-4.51908	-5.73644
513	2	4	1	2	2	1	5	-2.78826	-3.65801	-4.17372	-4.12367
514	4	7	10	4	1	7	1	-1.84509	-3.81732	-2.6444	-1.9097
515	33	283	44	82	189	44	17	-6.85691	-3.48613	-5.36906	-6.07384
516	8	10	149	2	11	12	6	-4.8835	-3.98501	-5.63711	-7.38225
517	2	1	21	3	62	1	5	-5.8091	-9.13673	-9.9604	-9.21709
518	10	1	16	19	10	5	7	-6.10975	-2.76077	-4.14856	-5.23078
519	180	194	2	68	19	231	147	-25.1683	-26.3701	-27.2533	-22.8979
520	2	4	1	2	7	1	5	-2.31987	-5.65481	-6.29735	-5.28442
521	2	4	2	2	6	1	5	-6.0865	-4.84371	-5.90641	-7.895
522	1	2	3	4	5	9	3	-4.61802	-2.50147	-3.57139	-4.96501
523	2	1	21	3	2	1	5	-2.93992	-2.50006	-4.41396	-4.59456
524	2	1	12	3	2	1	5	-2.62969	-2.12581	-3.61559	-4.96559
525	2	1	5	3	2	3	5	-4.24228	-3.26418	-5.47676	-4.82124
526	1	307	3	4	5	9	3	-6.84604	-6.43549	-6.09204	-8.15234
527	2	4	1	2	7	1	5	-2.31987	-5.65481	-6.29735	-5.28442
528	2	1	12	3	2	1	5	-2.62969	-2.12581	-3.61559	-4.96559
529	7	21	5	62	4	61	44	-7.24574	-3.84548	-5.60252	-7.78171
530	2	1	5	3	2	3	5	-4.24228	-3.26418	-5.47676	-4.82124
531	2	1	12	88	2	1	5	-3.95779	-3.44124	-5.75189	-5.40319
532	2	1	21	3	2	1	5	-2.93992	-2.50006	-4.41396	-4.59456
533	1	4	2	2	6	3	17	-4.62778	-2.46257	-4.51908	-5.73644
534	2	4	1	2	7	1	5	-2.31987	-5.65481	-6.29735	-5.28442
535	47	2	4	2	6	5	17	-10.7029	-10.3024	-6.16121	-8.32796
536	1	4	2	2	6	3	17	-4.62778	-2.46257	-4.51908	-5.73644
537	1	2	3	4	5	9	3	-4.61802	-2.50147	-3.57139	-4.96501
538	2	4	1	2	2	1	5	-2.78826	-3.65801	-4.17372	-4.12367
539	4	7	10	4	42	7	1	-6.6111	-9.04214	-5.58758	-4.62385
540	2	4	1	9	2	1	5	-6.7458	-7.20111	-7.73194	-6.95879
541	2	1	12	3	2	1	5	-2.62969	-2.12581	-3.61559	-4.96559
542	1	4	2	9	6	3	17	-8.58663	-5.95608	-8.04766	-8.56193
543	1	2	3	4	922	9	3	-8.59025	-6.04664	-7.13045	-7.80165
544	4	7	10	4	1	7	1	-1.84509	-3.81732	-2.6444	-1.9097
545	2	1	5	3	2	3	5	-4.24228	-3.26418	-5.47676	-4.82124
546	2	4	1	2	7	1	5	-2.31987	-5.65481	-6.29735	-5.28442
547	4	7	10	4	1	7	1	-1.84509	-3.81732	-2.6444	-1.9097
548	2	4	1	2	2	1	5	-2.78826	-3.65801	-4.17372	-4.12367
549	2	1	21	3	2	1	5	-2.93992	-2.50006	-4.41396	-4.59456
550	4	7	10	4	1	7	1	-1.84509	-3.81732	-2.6444	-1.9097
551	1	4	2	2	6	3	17	-4.62778	-2.46257	-4.51908	-5.73644
552	2	1	5	3	2	5	5	-5.51512	-2.84218	-4.05198	-5.56588
553	2	1	12	3	2	1	5	-2.62969	-2.12581	-3.61559	-4.96559
554	4	936	10	4	1	7	1	-5.81225	-7.35869	-6.1752	-4.74826
555	180	194	2	68	19	231	147	-25.1683	-26.3701	-27.2533	-22.8979
556	4	7	10	4	42	51	1	-2.94488	-4.64892	-4.98538	-3.80031
557	4	7	10	4	42	25	1	-8.77522	-9.73434	-5.79309	-5.1369
558	2	1	21	3	2	1	5	-2.93992	-2.50006	-4.41396	-4.59456
559	2	1	5	3	2	3	5	-4.24228	-3.26418	-5.47676	-4.82124
560	2	1	5	3	2	3	5	-4.24228	-3.26418	-5.47676	-4.82124
561	4	7	10	4	42	51	1	-2.94488	-4.64892	-4.98538	-3.80031
562	4	7	10	4	1	7	1	-1.84509	-3.81732	-2.6444	-1.9097
563	2	4	1	2	7	1	5	-2.31987	-5.65481	-6.29735	-5.28442
564	2	1	21	3	2	1	5	-2.93992	-2.50006	-4.41396	-4.59456
565	1	4	2	2	6	3	17	-4.62778	-2.46257	-4.51908	-5.73644
566	188	313	5	2	89	5	6	-39.2006	-35.215	-37.7861	-40.9616
567	2	1	21	3	2	1	5	-2.93992	-2.50006	-4.41396	-4.59456
568	2	1	1	3	2	1	5	-4.61965	-3.79682	-6.33975	-7.63138
569	2	1	5	3	2	3	5	-4.24228	-3.26418	-5.47676	-4.82124
570	2	4	1	2	2	1	5	-2.78826	-3.65801	-4.17372	-4.12367
571	2	1	5	3	2	3	5	-4.24228	-3.26418	-5.47676	-4.82124
572	2	1	1	3	2	1	5	-4.61965	-3.79682	-6.33975	-7.63138
573	2	1	5	3	2	3	5	-4.24228	-3.26418	-5.47676	-4.82124
574	1	4	2	2	6	3	17	-4.62778	-2.46257	-4.51908	-5.73644
575	1	4	2	2	6	3	17	-4.62778	-2.46257	-4.51908	-5.73644
576	2	1	21	3	2	1	5	-2.93992	-2.50006	-4.41396	-4.59456
577	239	27	16	19	10	5	7	-9.91727	-6.48428	-9.08879	-11.2812
578	2	4	5	2	2	5	5	-3.68657	-7.00652	-7.26813	-5.93135
579	9	2	4	62	4	5	6	-3.73067	-5.21079	-5.87086	-6.84013
580	2	1	1	3	2	1	5	-4.61965	-3.79682	-6.33975	-7.63138
581	2	1	5	3	2	3	5	-4.24228	-3.26418	-5.47676	-4.82124
582	1	4	2	2	6	3	17	-4.62778	-2.46257	-4.51908	-5.73644
583	2	4	5	2	2	5	5	-3.68657	-7.00652	-7.26813	-5.93135
584	2	4	5	2	2	5	5	-3.68657	-7.00652	-7.26813	-5.93135
585	2	1	5	3	2	3	5	-4.24228	-3.26418	-5.47676	-4.82124
586	2	1	1	380	2	1	5	-6.16481	-5.74631	-8.2552	-9.29686
587	2	7	10	4	1	7	1	-6.53759	-8.73555	-8.10503	-7.1762
588	2	1	12	3	2	1	5	-2.62969	-2.12581	-3.61559	-4.96559
589	2	4	1	2	2	1	5	-2.78826	-3.65801	-4.17372	-4.12367
590	9	2	4	62	4	5	6	-3.73067	-5.21079	-5.87086	-6.84013
591	2	4	5	2	2	5	5	-3.68657	-7.00652	-7.26813	-5.93135
592	1	4	2	2	6	3	17	-4.62778	-2.46257	-4.51908	-5.73644
593	1	4	2	2	6	5	17	-12.5544	-8.69397	-11.3511	-13.8814
594	2	4	2	2	6	1	5	-6.0865	-4.84371	-5.90641	-7.895
595	1	4	2	2	6	5	17	-12.5544	-8.69397	-11.3511	-13.8814
596	2	23	21	3	2	1	5	-6.91337	-6.04997	-7.9749	-7.43278
597	7	21	5	62	4	61	44	-7.24574	-3.84548	-5.60252	-7.78171
598	2	4	1	2	2	1	5	-2.78826	-3.65801	-4.17372	-4.12367
599	1	307	3	4	5	9	3	-6.84604	-6.43549	-6.09204	-8.15234
600	1	2	3	4	5	9	3	-4.61802	-2.50147	-3.57139	-4.96501
601	9	2	4	62	4	5	6	-3.73067	-5.21079	-5.87086	-6.84013
602	2	1	12	3	2	1	5	-2.62969	-2.12581	-3.61559	-4.96559
603	1	4	2	2	6	3	17	-4.62778	-2.46257	-4.51908	-5.73644
604	10	1	16	19	10	5	7	-6.10975	-2.76077	-4.14856	-5.23078
605	2	1	12	3	2	1	5	-2.62969	-2.12581	-3.61559	-4.96559
606	180	194	2	68	19	231	147	-25.1683	-26.3701	-27.2533	-22.8979
607	2	1	12	3	2	1	5	-2.62969	-2.12581	-3.61559	-4.96559
608	4	7	10	4	1	7	1	-1.84509	-3.81732	-2.6444	-1.9097
609	129	66	30	82	189	47	17	-3.26367	-4.89172	-5.676	-4.14847
610	4	7	10	4	1	7	1	-1.84509	-3.81732	-2.6444	-1.9097
611	2	1	12	3	2	1	5	-2.62969	-2.12581	-3.61559	-4.96559
612	2	1	21	3	2	1	5	-2.93992	-2.50006	-4.41396	-4.59456
613	4	7	10	4	1	7	1	-1.84509	-3.81732	-2.6444	-1.9097
614	10	1	16	19	10	5	7	-6.10975	-2.76077	-4.14856	-5.23078
615	8	10	149	2	11	12	6	-4.8835	-3.98501	-5.63711	-7.38225
616	129	66	30	82	189	47	17	-3.26367	-4.89172	-5.676	-4.14847
617	2	4	1	2	2	1	5	-2.78826	-3.65801	-4.17372	-4.12367
618	180	194	2	68	19	231	147	-25.1683	-26.3701	-27.2533	-22.8979
619	2	1	5	3	2	3	5	-4.24228	-3.26418	-5.47676	-4.82124
620	2	4	1	2	2	1	5	-2.78826	-3.65801	-4.17372	-4.12367
621	1	2	3	4	5	9	3	-4.61802	-2.50147	-3.57139	-4.96501
622	180	194	2	68	19	231	147	-25.1683	-26.3701	-27.2533	-22.8979
623	33	39	65	79	104	43	17	-4.61327	-7.956	-8.76812	-8.02236
624	2	4	5	2	2	5	5	-3.68657	-7.00652	-7.26813	-5.93135
625	2	1	5	3	2	5	5	-5.51512	-2.84218	-4.05198	-5.56588
626	2	1	12	3	2	1	5	-2.62969	-2.12581	-3.61559	-4.96559
627	180	194	2	68	19	231	147	-25.1683	-26.3701	-27.2533	-22.8979
628	2	1	21	3	2	1	5	-2.93992	-2.50006	-4.41396	-4.59456
629	2	1	5	3	2	5	5	-5.51512	-2.84218	-4.05198	-5.56588
630	2	1	21	3	2	1	5	-2.93992	-2.50006	-4.41396	-4.59456
631	1	2	3	4	5	9	3	-4.61802	-2.50147	-3.57139	-4.96501
632	2	1	21	3	2	1	5	-2.93992	-2.50006	-4.41396	-4.59456
633	8	10	2	2	11	12	6	-3.96954	-7.26107	-8.11837	-7.37871
634	2	4	1	2	7	1	5	-2.31987	-5.65481	-6.29735	-5.28442
635	2	1	5	3	2	3	5	-4.24228	-3.26418	-5.47676	-4.82124
636	1	2	3	4	5	9	3	-4.61802	-2.50147	-3.57139	-4.96501
637	9	2	4	62	4	5	6	-3.73067	-5.21079	-5.87086	-6.84013
638	2	1	21	3	2	1	5	-2.93992	-2.50006	-4.41396	-4.59456
639	8	10	149	2	11	12	6	-4.8835	-3.98501	-5.63711	-7.38225
640	2	1	12	88	2	1	5	-3.95779	-3.44124	-5.75189	-5.40319
641	2	4	1	2	2	1	5	-2.78826	-3.65801	-4.17372	-4.12367
642	2	1	5	10	10	1	5	-23.0609	-23.088	-22.9152	-23.482
643	1	2	3	4	5	9	3	-4.61802	-2.50147	-3.57139	-4.96501
644	2	4	1	2	7	1	5	-2.31987	-5.65481	-6.29735	-5.28442
645	2	4	1	2	2	1	5	-2.78826	-3.65801	-4.17372	-4.12367
646	1	2	3	4	5	9	3	-4.61802	-2.50147	-3.57139	-4.96501
647	2	1	12	88	2	1	5	-3.95779	-3.44124	-5.75189	-5.40319
648	4	7	10	4	1	7	1	-1.84509	-3.81732	-2.6444	-1.9097
649	2	1	21	3	2	1	5	-2.93992	-2.50006	-4.41396	-4.59456
650	2	4	1	2	7	1	5	-2.31987	-5.65481	-6.29735	-5.28442
651	33	38	30	82	118	43	17	-19.6343	-18.7229	-21.4609	-23.1248
652	2	4	1	2	2	1	5	-2.78826	-3.65801	-4.17372	-4.12367
653	2	1	5	3	2	3	5	-4.24228	-3.26418	-5.47676	-4.82124
654	4	7	10	4	1	7	1	-1.84509	-3.81732	-2.6444	-1.9097
655	8	10	2	2	11	12	6	-3.96954	-7.26107	-8.11837	-7.37871
656	2	4	5	2	2	5	5	-3.68657	-7.00652	-7.26813	-5.93135
657	4	7	10	4	1	7	1	-1.84509	-3.81732	-2.6444	-1.9097
658	2	1	5	3	2	3	5	-4.24228	-3.26418	-5.47676	-4.82124
659	33	39	30	82	113	47	17	-5.78403	-5.75653	-8.20699	-8.9965
660	2	1	21	3	2	1	5	-2.93992	-2.50006	-4.41396	-4.59456
661	2	4	1	2	7	1	5	-2.31987	-5.65481	-6.29735	-5.28442
662	2	1	1	3	2	1	5	-4.61965	-3.79682	-6.33975	-7.63138
663	4	7	10	4	1	7	1	-1.84509	-3.81732	-2.6444	-1.9097
664	7	21	5	62	4	61	44	-7.24574	-3.84548	-5.60252	-7.78171
665	10	81	50	99	120	76	52	-6.717	-6.40867	-5.25554	-5.12386
666	4	7	10	4	1	7	1	-1.84509	-3.81732	-2.6444	-1.9097
667	1	2	3	4	5	9	3	-4.61802	-2.50147	-3.57139	-4.96501
668	1	2	3	4	5	9	3	-4.61802	-2.50147	-3.57139	-4.96501
669	2	4	1	2	7	1	5	-2.31987	-5.65481	-6.29735	-5.28442
670	4	7	10	4	1	7	1	-1.84509	-3.81732	-2.6444	-1.9097
671	2	1	5	3	2	3	5	-4.24228	-3.26418	-5.47676	-4.82124
672	1	4	2	2	6	3	17	-4.62778	-2.46257	-4.51908	-5.73644
673	4	935	10	4	1	7	1	-5.81225	-7.35869	-6.1752	-4.74826
674	10	1	16	19	10	5	7	-6.10975	-2.76077	-4.14856	-5.23078
675	4	7	10	4	1	7	1	-1.84509	-3.81732	-2.6444	-1.9097
676	33	39	65	79	104	43	17	-4.61327	-7.956	-8.76812	-8.02236
677	2	4	2	2	6	1	5	-6.0865	-4.84371	-5.90641	-7.895
678	4	7	10	4	42	25	1	-8.77522	-9.73434	-5.79309	-5.1369
679	1	4	2	2	6	3	17	-4.62778	-2.46257	-4.51908	-5.73644
680	4	7	10	4	42	25	1	-8.77522	-9.73434	-5.79309	-5.1369
681	4	7	10	4	42	25	1	-8.77522	-9.73434	-5.79309	-5.1369
682	4	7	10	4	1	7	1	-1.84509	-3.81732	-2.6444	-1.9097
683	2	4	1	2	7	1	5	-2.31987	-5.65481	-6.29735	-5.28442
684	4	7	10	4	1	7	1	-1.84509	-3.81732	-2.6444	-1.9097
685	4	7	10	4	42	7	1	-6.6111	-9.04214	-5.58758	-4.62385
686	10	27	16	19	10	5	7	-19.9242	-12.7809	-15.8811	-18.2777
687	10	81	50	99	120	76	52	-6.717	-6.40867	-5.25554	-5.12386
688	4	7	10	4	1	7	1	-1.84509	-3.81732	-2.6444	-1.9097
689	4	7	10	4	42	51	1	-2.94488	-4.64892	-4.98538	-3.80031
690	4	7	10	4	1	7	1	-1.84509	-3.81732	-2.6444	-1.9097
691	10	81	50	99	120	76	52	-6.717	-6.40867	-5.25554	-5.12386
692	2	4	1	2	2	1	5	-2.78826	-3.65801	-4.17372	-4.12367
693	4	7	10	4	42	51	1	-2.94488	-4.64892	-4.98538	-3.80031
694	4	7	10	4	42	51	1	-2.94488	-4.64892	-4.98538	-3.80031
695	4	7	10	4	42	51	1	-2.94488	-4.64892	-4.98538	-3.80031
696	8	10	2	2	11	12	6	-3.96954	-7.26107	-8.11837	-7.37871
697	33	38	30	82	104	43	17	-5.30624	-8.64793	-9.45904	-8.70998
698	4	7	10	4	1	7	1	-1.84509	-3.81732	-2.6444	-1.9097
699	10	81	50	99	120	76	52	-6.717	-6.40867	-5.25554	-5.12386
700	2	4	1	2	7	1	5	-2.31987	-5.65481	-6.29735	-5.28442
701	4	7	10	4	1	7	1	-1.84509	-3.81732	-2.6444	-1.9097
702	4	7	10	4	1	7	1	-1.84509	-3.81732	-2.6444	-1.9097
703	10	81	50	99	120	76	52	-6.717	-6.40867	-5.25554	-5.12386
704	4	7	10	4	42	51	1	-2.94488	-4.64892	-4.98538	-3.80031
705	9	2	4	62	4	5	6	-3.73067	-5.21079	-5.87086	-6.84013
706	4	7	10	4	1	7	1	-1.84509	-3.81732	-2.6444	-1.9097
707	2	1	1	3	2	1	5	-4.61965	-3.79682	-6.33975	-7.63138
708	1	14	2	2	6	1	17	-9.29402	-6.46196	-7.78915	-6.30549
709	2	4	2	2	6	1	5	-6.0865	-4.84371	-5.90641	-7.895
710	2	4	2	2	6	1	5	-6.0865	-4.84371	-5.90641	-7.895
711	4	7	10	4	42	51	1	-2.94488	-4.64892	-4.98538	-3.80031
712	10	2	107	62	120	76	1	-6.87439	-10.0413	-8.06428	-6.29239
713	2	1	12	3	2	1	5	-2.62969	-2.12581	-3.61559	-4.96559
714	2	4	1	2	2	1	5	-2.78826	-3.65801	-4.17372	-4.12367
715	47	2	4	2	6	5	17	-10.7029	-10.3024	-6.16121	-8.32796
716	4	7	10	4	42	5	1	-10.8445	-10.8603	-11.1335	-11.4218
717	2	1	12	3	2	1	5	-2.62969	-2.12581	-3.61559	-4.96559
718	4	7	10	4	42	51	1	-2.94488	-4.64892	-4.98538	-3.80031
719	1	307	3	4	5	9	3	-6.84604	-6.43549	-6.09204	-8.15234
720	2	1	21	3	2	1	5	-2.93992	-2.50006	-4.41396	-4.59456
721	4	7	10	4	1	7	1	-1.84509	-3.81732	-2.6444	-1.9097
722	2	4	1	2	2	1	5	-2.78826	-3.65801	-4.17372	-4.12367
723	2	1	12	3	2	1	5	-2.62969	-2.12581	-3.61559	-4.96559
724	4	7	10	4	1	7	1	-1.84509	-3.81732	-2.6444	-1.9097
725	2	1	21	3	2	1	5	-2.93992	-2.50006	-4.41396	-4.59456
726	2	1	1	3	2	1	5	-4.61965	-3.79682	-6.33975	-7.63138
727	4	7	10	4	1	7	1	-1.84509	-3.81732	-2.6444	-1.9097
728	2	1	12	3	2	1	5	-2.62969	-2.12581	-3.61559	-4.96559
729	1	4	3	2	6	3	17	-14.2318	-9.18125	-11.6072	-14.266
730	2	1	12	3	2	1	5	-2.62969	-2.12581	-3.61559	-4.96559
731	2	1	12	88	2	1	5	-3.95779	-3.44124	-5.75189	-5.40319
732	1	4	2	2	6	3	17	-4.62778	-2.46257	-4.51908	-5.73644
733	4	7	10	4	42	51	1	-2.94488	-4.64892	-4.98538	-3.80031
734	2	1	12	3	2	1	5	-2.62969	-2.12581	-3.61559	-4.96559
735	4	7	10	4	1	7	1	-1.84509	-3.81732	-2.6444	-1.9097
736	2	1	12	88	2	1	5	-3.95779	-3.44124	-5.75189	-5.40319
737	2	1	21	3	2	1	5	-2.93992	-2.50006	-4.41396	-4.59456
738	2	4	5	2	2	5	5	-3.68657	-7.00652	-7.26813	-5.93135
739	2	4	5	2	2	5	5	-3.68657	-7.00652	-7.26813	-5.93135
740	2	1	21	3	62	1	5	-5.8091	-9.13673	-9.9604	-9.21709
741	4	7	10	4	42	25	1	-8.77522	-9.73434	-5.79309	-5.1369
742	1	2	4	62	4	5	17	-6.10537	-4.86136	-7.4185	-8.95369
743	1	2	3	4	5	9	3	-4.61802	-2.50147	-3.57139	-4.96501
744	8	10	2	2	11	12	6	-3.96954	-7.26107	-8.11837	-7.37871
745	2	1	12	88	2	1	5	-3.95779	-3.44124	-5.75189	-5.40319
746	2	4	5	2	2	5	5	-3.68657	-7.00652	-7.26813	-5.93135
747	2	1	12	3	2	1	5	-2.62969	-2.12581	-3.61559	-4.96559
748	7	21	5	62	4	61	44	-7.24574	-3.84548	-5.60252	-7.78171
749	9	2	4	62	4	5	6	-3.73067	-5.21079	-5.87086	-6.84013
750	10	1	16	19	10	5	7	-6.10975	-2.76077	-4.14856	-5.23078
751	10	1	16	19	10	5	7	-6.10975	-2.76077	-4.14856	-5.23078
752	8	10	2	2	11	12	6	-3.96954	-7.26107	-8.11837	-7.37871
753	1	4	2	2	6	3	17	-4.62778	-2.46257	-4.51908	-5.73644
754	2	1	12	3	2	1	5	-2.62969	-2.12581	-3.61559	-4.96559
755	2	1	12	88	2	1	5	-3.95779	-3.44124	-5.75189	-5.40319
756	2	29	4	27	10	25	57	-19.9033	-22.5163	-14.5847	-11.9801
757	2	1	5	3	2	3	5	-4.24228	-3.26418	-5.47676	-4.82124
758	2	1	12	3	2	1	5	-2.62969	-2.12581	-3.61559	-4.96559
759	37	52	57	26	107	29	23	-8.56506	-9.60589	-5.71191	-4.88076
760	2	4	1	2	7	1	5	-2.31987	-5.65481	-6.29735	-5.28442
761	1	2	3	4	5	9	3	-4.61802	-2.50147	-3.57139	-4.96501
762	2	1	12	3	2	1	5	-2.62969	-2.12581	-3.61559	-4.96559
763	1	4	2	2	6	3	17	-4.62778	-2.46257	-4.51908	-5.73644
764	1	4	2	2	6	3	17	-4.62778	-2.46257	-4.51908	-5.73644
765	1	2	3	4	5	9	3	-4.61802	-2.50147	-3.57139	-4.96501
766	4	7	10	4	1	7	1	-1.84509	-3.81732	-2.6444	-1.9097
767	2	1	21	3	2	1	5	-2.93992	-2.50006	-4.41396	-4.59456
768	2	1	12	3	2	1	5	-2.62969	-2.12581	-3.61559	-4.96559
769	2	4	1	2	2	5	5	-6.81237	-6.41185	-8.82675	-9.86827
770	2	4	1	2	2	1	5	-2.78826	-3.65801	-4.17372	-4.12367
771	2	4	5	2	2	5	5	-3.68657	-7.00652	-7.26813	-5.93135
772	10	1	16	19	10	5	7	-6.10975	-2.76077	-4.14856	-5.23078
773	7	21	5	62	4	61	44	-7.24574	-3.84548	-5.60252	-7.78171
774	9	2	4	62	4	5	6	-3.73067	-5.21079	-5.87086	-6.84013
775	2	1	12	3	2	1	5	-2.62969	-2.12581	-3.61559	-4.96559
776	1	4	2	2	6	3	17	-4.62778	-2.46257	-4.51908	-5.73644
777	4	7	10	4	1	7	1	-1.84509	-3.81732	-2.6444	-1.9097
778	2	1	12	3	2	1	5	-2.62969	-2.12581	-3.61559	-4.96559
779	2	1	5	3	2	5	5	-5.51512	-2.84218	-4.05198	-5.56588
780	2	23	21	3	2	1	5	-6.91337	-6.04997	-7.9749	-7.43278
781	2	4	5	2	2	5	5	-3.68657	-7.00652	-7.26813	-5.93135
782	2	4	2	2	6	1	5	-6.0865	-4.84371	-5.90641	-7.895
783	2	1	12	3	2	1	5	-2.62969	-2.12581	-3.61559	-4.96559
784	4	7	10	4	42	51	1	-2.94488	-4.64892	-4.98538	-3.80031
785	7	17	5	2	86	232	1	-28.3657	-31.2232	-29.3221	-26.165
786	2	4	1	2	2	1	5	-2.78826	-3.65801	-4.17372	-4.12367
787	2	1	12	3	2	1	5	-2.62969	-2.12581	-3.61559	-4.96559
788	2	1	21	3	2	1	5	-2.93992	-2.50006	-4.41396	-4.59456
789	7	17	2	15	23	3	12	-6.91681	-10.2589	-11.0714	-10.3249
790	2	1	5	3	2	5	5	-5.51512	-2.84218	-4.05198	-5.56588
791	1	6	60	24	12	28	1	-29.1592	-28.621	-22.9251	-20.2641
792	1	2	3	4	5	9	3	-4.61802	-2.50147	-3.57139	-4.96501
793	2	4	5	2	2	5	5	-3.68657	-7.00652	-7.26813	-5.93135
794	1	2	3	4	5	9	3	-4.61802	-2.50147	-3.57139	-4.96501
795	1	6	60	24	12	28	1	-29.1592	-28.621	-22.9251	-20.2641
796	9	2	4	62	4	5	6	-3.73067	-5.21079	-5.87086	-6.84013
797	2	4	1	2	2	1	5	-2.78826	-3.65801	-4.17372	-4.12367
798	4	7	10	4	1	7	1	-1.84509	-3.81732	-2.6444	-1.9097
799	2	4	5	2	2	5	5	-3.68657	-7.00652	-7.26813	-5.93135
800	7	2	2	2	11	12	6	-4.51619	-7.85821	-8.67075	-7.92502
801	2	1	21	3	2	1	941	-6.91365	-6.03083	-7.96538	-7.43114
802	9	2	2	10	10	3	5	-29.201	-25.0014	-25.8986	-25.4476
803	8	10	149	2	11	12	6	-4.8835	-3.98501	-5.63711	-7.38225
804	7	1	5	2	10	3	6	-31.7279	-29.0687	-29.7498	-29.1208
805	2	1	21	3	2	1	5	-2.93992	-2.50006	-4.41396	-4.59456
806	33	39	30	82	113	43	17	-9.45936	-6.45928	-6.11278	-8.27988
807	1	6	60	24	12	28	1	-29.1592	-28.621	-22.9251	-20.2641
808	1	6	60	24	12	28	1	-29.1592	-28.621	-22.9251	-20.2641
809	7	17	2	15	23	3	12	-6.91681	-10.2589	-11.0714	-10.3249
810	1	4	2	2	6	3	17	-4.62778	-2.46257	-4.51908	-5.73644
811	1	4	2	2	6	3	17	-4.62778	-2.46257	-4.51908	-5.73644
812	7	21	5	62	4	61	44	-7.24574	-3.84548	-5.60252	-7.78171
813	239	27	16	19	10	5	7	-9.91727	-6.48428	-9.08879	-11.2812
814	9	2	4	62	4	5	6	-3.73067	-5.21079	-5.87086	-6.84013
815	10	1	16	19	10	5	7	-6.10975	-2.76077	-4.14856	-5.23078
816	2	1	5	3	2	5	5	-5.51512	-2.84218	-4.05198	-5.56588
817	2	4	5	2	2	5	5	-3.68657	-7.00652	-7.26813	-5.93135
818	8	10	2	2	11	12	6	-3.96954	-7.26107	-8.11837	-7.37871
819	7	17	2	15	23	3	12	-6.91681	-10.2589	-11.0714	-10.3249
820	2	4	1	4	1	1	5	-15.1429	-17.8568	-15.7095	-14.9912
821	4	7	10	4	1	7	1	-1.84509	-3.81732	-2.6444	-1.9097
822	8	10	149	2	11	12	6	-4.8835	-3.98501	-5.63711	-7.38225
823	2	1	12	88	2	1	5	-3.95779	-3.44124	-5.75189	-5.40319
824	2	4	2	2	6	1	5	-6.0865	-4.84371	-5.90641	-7.895
825	10	81	50	99	120	76	52	-6.717	-6.40867	-5.25554	-5.12386
826	2	4	5	2	2	5	5	-3.68657	-7.00652	-7.26813	-5.93135
827	2	4	1	2	2	5	5	-6.81237	-6.41185	-8.82675	-9.86827
828	8	10	149	2	11	12	6	-4.8835	-3.98501	-5.63711	-7.38225
829	1	4	2	2	6	3	17	-4.62778	-2.46257	-4.51908	-5.73644
830	2	165	73	147	220	190	104	-8.97544	-10.5679	-7.01797	-5.21256
831	4	7	10	4	42	25	1	-8.77522	-9.73434	-5.79309	-5.1369
832	7	2	2	2	11	12	6	-4.51619	-7.85821	-8.67075	-7.92502
833	1	6	60	24	12	28	1	-29.1592	-28.621	-22.9251	-20.2641
834	2	1	12	3	2	1	5	-2.62969	-2.12581	-3.61559	-4.96559
835	33	39	65	79	104	77	17	-5.30616	-8.64842	-9.46137	-8.71541
836	4	7	10	4	1	7	1	-1.84509	-3.81732	-2.6444	-1.9097
837	1	2	3	4	5	9	3	-4.61802	-2.50147	-3.57139	-4.96501
838	2	1	21	3	2	1	5	-2.93992	-2.50006	-4.41396	-4.59456
839	2	1	12	3	2	1	5	-2.62969	-2.12581	-3.61559	-4.96559
840	4	7	10	4	1	7	1	-1.84509	-3.81732	-2.6444	-1.9097
841	2	4	1	2	7	1	5	-2.31987	-5.65481	-6.29735	-5.28442
842	184	39	30	82	113	43	17	-3.9685	-6.12246	-7.80265	-7.35993
843	4	7	10	4	1	7	1	-1.84509	-3.81732	-2.6444	-1.9097
844	2	4	1	2	2	1	5	-2.78826	-3.65801	-4.17372	-4.12367
845	4	7	10	4	1	7	1	-1.84509	-3.81732	-2.6444	-1.9097
846	2	1	12	88	2	1	5	-3.95779	-3.44124	-5.75189	-5.40319
847	2	1	21	3	2	1	5	-2.93992	-2.50006	-4.41396	-4.59456
848	1	2	3	4	5	9	3	-4.61802	-2.50147	-3.57139	-4.96501
849	4	7	10	4	1	7	1	-1.84509	-3.81732	-2.6444	-1.9097
850	2	1	21	3	2	1	5	-2.93992	-2.50006	-4.41396	-4.59456
851	8	10	2	2	11	12	6	-3.96954	-7.26107	-8.11837	-7.37871
852	2	4	1	2	2	1	5	-2.78826	-3.65801	-4.17372	-4.12367
853	2	4	1	2	2	1	5	-2.78826	-3.65801	-4.17372	-4.12367
854	2	4	2	2	6	1	5	-6.0865	-4.84371	-5.90641	-7.895
855	2	4	1	2	2	1	5	-2.78826	-3.65801	-4.17372	-4.12367
856	2	4	1	2	2	1	5	-2.78826	-3.65801	-4.17372	-4.12367
857	2	4	1	2	2	1	5	-2.78826	-3.65801	-4.17372	-4.12367
858	1	2	3	4	5	9	3	-4.61802	-2.50147	-3.57139	-4.96501
859	2	4	1	2	2	1	5	-2.78826	-3.65801	-4.17372	-4.12367
860	2	4	1	2	2	1	5	-2.78826	-3.65801	-4.17372	-4.12367
861	8	10	2	2	11	12	6	-3.96954	-7.26107	-8.11837	-7.37871
862	2	1	5	3	2	3	5	-4.24228	-3.26418	-5.47676	-4.82124
863	33	39	30	82	104	173	68	-5.39065	-3.99305	-6.56009	-8.17165
864	2	4	1	2	7	1	5	-2.31987	-5.65481	-6.29735	-5.28442
865	8	10	2	2	11	12	6	-3.96954	-7.26107	-8.11837	-7.37871
866	2	4	1	2	7	1	5	-2.31987	-5.65481	-6.29735	-5.28442
867	1	2	3	4	5	9	3	-4.61802	-2.50147	-3.57139	-4.96501
868	1	2	215	4	90	24	8	-29.9185	-27.296	-24.1729	-21.5928
869	2	1	1	3	2	1	5	-4.61965	-3.79682	-6.33975	-7.63138
870	10	81	50	99	120	76	52	-6.717	-6.40867	-5.25554	-5.12386
871	2	4	1	2	7	1	5	-2.31987	-5.65481	-6.29735	-5.28442
872	2	1	12	3	2	1	5	-2.62969	-2.12581	-3.61559	-4.96559
873	2	4	1	2	2	1	5	-2.78826	-3.65801	-4.17372	-4.12367
874	2	4	1	2	2	1	5	-2.78826	-3.65801	-4.17372	-4.12367
875	2	4	1	2	2	1	5	-2.78826	-3.65801	-4.17372	-4.12367
876	2	1	5	3	2	3	5	-4.24228	-3.26418	-5.47676	-4.82124
877	2	4	1	2	2	1	5	-2.78826	-3.65801	-4.17372	-4.12367
878	4	7	10	4	1	7	1	-1.84509	-3.81732	-2.6444	-1.9097
879	2	4	1	2	7	1	5	-2.31987	-5.65481	-6.29735	-5.28442
880	2	4	5	2	2	5	5	-3.68657	-7.00652	-7.26813	-5.93135
881	2	4	1	2	2	1	5	-2.78826	-3.65801	-4.17372	-4.12367
882	8	10	2	2	11	12	6	-3.96954	-7.26107	-8.11837	-7.37871
883	4	7	10	4	1	7	1	-1.84509	-3.81732	-2.6444	-1.9097
884	2	4	1	2	2	1	5	-2.78826	-3.65801	-4.17372	-4.12367
885	166	2	1	10	17	3	1	-33.7954	-34.6037	-33.035	-30.0344
886	2	4	1	2	7	1	5	-2.31987	-5.65481	-6.29735	-5.28442
887	2	4	1	2	2	1	5	-2.78826	-3.65801	-4.17372	-4.12367
888	4	7	10	4	1	7	1	-1.84509	-3.81732	-2.6444	-1.9097
889	4	7	10	4	1	7	1	-1.84509	-3.81732	-2.6444	-1.9097
890	2	4	1	2	7	1	5	-2.31987	-5.65481	-6.29735	-5.28442
891	2	4	1	2	2	1	5	-2.78826	-3.65801	-4.17372	-4.12367
892	2	1	5	3	2	3	5	-4.24228	-3.26418	-5.47676	-4.82124
893	9	25	2	10	22	3	6	-4.49141	-7.71369	-6.09389	-4.3396
894	2	1	21	3	62	1	5	-5.8091	-9.13673	-9.9604	-9.21709
895	129	66	30	82	189	47	17	-3.26367	-4.89172	-5.676	-4.14847
896	129	66	30	82	189	47	17	-3.26367	-4.89172	-5.676	-4.14847
897	4	7	10	4	1	7	1	-1.84509	-3.81732	-2.6444	-1.9097
898	2	4	1	2	2	1	5	-2.78826	-3.65801	-4.17372	-4.12367
899	4	7	10	4	42	7	1	-6.6111	-9.04214	-5.58758	-4.62385
900	2	4	1	2	7	1	5	-2.31987	-5.65481	-6.29735	-5.28442
901	1	307	3	4	5	9	3	-6.84604	-6.43549	-6.09204	-8.15234
902	2	1	21	3	2	1	5	-2.93992	-2.50006	-4.41396	-4.59456
903	4	7	10	4	1	7	1	-1.84509	-3.81732	-2.6444	-1.9097
904	2	1	21	3	2	1	5	-2.93992	-2.50006	-4.41396	-4.59456
905	2	4	1	2	2	5	5	-6.81237	-6.41185	-8.82675	-9.86827
906	2	4	1	2	7	1	5	-2.31987	-5.65481	-6.29735	-5.28442
907	2	4	1	2	7	1	5	-2.31987	-5.65481	-6.29735	-5.28442
908	2	4	1	2	7	1	5	-2.31987	-5.65481	-6.29735	-5.28442
909	4	7	10	4	1	7	1	-1.84509	-3.81732	-2.6444	-1.9097
910	8	10	2	2	11	12	6	-3.96954	-7.26107	-8.11837	-7.37871
911	7	21	5	62	4	61	44	-7.24574	-3.84548	-5.60252	-7.78171
912	2	1	12	88	2	1	5	-3.95779	-3.44124	-5.75189	-5.40319
913	2	4	1	2	2	1	5	-2.78826	-3.65801	-4.17372	-4.12367
914	1	2	3	4	5	9	3	-4.61802	-2.50147	-3.57139	-4.96501
915	2	4	1	2	7	1	5	-2.31987	-5.65481	-6.29735	-5.28442
916	2	4	1	2	2	1	5	-2.78826	-3.65801	-4.17372	-4.12367
917	2	4	1	2	2	1	5	-2.78826	-3.65801	-4.17372	-4.12367
918	2	4	1	2	7	1	5	-2.31987	-5.65481	-6.29735	-5.28442
919	4	7	10	4	1	7	1	-1.84509	-3.81732	-2.6444	-1.9097
920	2	1	5	3	2	3	5	-4.24228	-3.26418	-5.47676	-4.82124
921	2	4	1	2	7	1	5	-2.31987	-5.65481	-6.29735	-5.28442
922	2	4	1	2	2	1	5	-2.78826	-3.65801	-4.17372	-4.12367
923	8	10	2	2	11	12	6	-3.96954	-7.26107	-8.11837	-7.37871
924	2	1	12	3	2	1	5	-2.62969	-2.12581	-3.61559	-4.96559
925	48	7	10	4	183	7	1	-9.69939	-10.8136	-9.70989	-7.5233
926	7	21	5	62	4	61	44	-7.24574	-3.84548	-5.60252	-7.78171
927	4	7	10	4	1	7	1	-1.84509	-3.81732	-2.6444	-1.9097
928	9	25	2	10	22	3	6	-4.49141	-7.71369	-6.09389	-4.3396
929	2	4	1	2	2	1	5	-2.78826	-3.65801	-4.17372	-4.12367
930	2	4	1	2	7	1	5	-2.31987	-5.65481	-6.29735	-5.28442
931	2	4	1	2	2	1	5	-2.78826	-3.65801	-4.17372	-4.12367
932	2	4	1	2	2	1	5	-2.78826	-3.65801	-4.17372	-4.12367
933	9	25	2	10	22	3	6	-4.49141	-7.71369	-6.09389	-4.3396
934	2	4	1	2	2	1	5	-2.78826	-3.65801	-4.17372	-4.12367
935	2	4	1	2	2	1	5	-2.78826	-3.65801	-4.17372	-4.12367
936	2	4	1	2	7	1	5	-2.31987	-5.65481	-6.29735	-5.28442
937	2	4	1	2	7	1	5	-2.31987	-5.65481	-6.29735	-5.28442
938	2	4	1	2	2	1	5	-2.78826	-3.65801	-4.17372	-4.12367
939	2	4	1	2	2	1	5	-2.78826	-3.65801	-4.17372	-4.12367
940	4	7	10	4	1	7	1	-1.84509	-3.81732	-2.6444	-1.9097
941	2	4	1	2	2	1	5	-2.78826	-3.65801	-4.17372	-4.12367
942	4	7	10	4	1	7	1	-1.84509	-3.81732	-2.6444	-1.9097
943	2	4	1	2	7	1	5	-2.31987	-5.65481	-6.29735	-5.28442
944	2	4	1	2	2	1	5	-2.78826	-3.65801	-4.17372	-4.12367
945	4	7	10	4	1	7	1	-1.84509	-3.81732	-2.6444	-1.9097
946	9	25	2	10	22	3	6	-4.49141	-7.71369	-6.09389	-4.3396
947	10	81	50	99	120	76	52	-6.717	-6.40867	-5.25554	-5.12386
948	2	1	21	3	2	1	5	-2.93992	-2.50006	-4.41396	-4.59456
949	4	7	10	4	1	7	1	-1.84509	-3.81732	-2.6444	-1.9097
950	2	4	1	2	7	1	5	-2.31987	-5.65481	-6.29735	-5.28442
951	4	7	10	4	1	7	1	-1.84509	-3.81732	-2.6444	-1.9097
952	4	7	10	4	1	7	1	-1.84509	-3.81732	-2.6444	-1.9097
953	8	315	2	2	11	12	6	-7.94179	-10.8052	-11.6766	-10.2149
954	8	10	2	2	11	12	6	-3.96954	-7.26107	-8.11837	-7.37871
955	2	4	1	2	2	1	5	-2.78826	-3.65801	-4.17372	-4.12367
956	4	7	10	4	1	7	1	-1.84509	-3.81732	-2.6444	-1.9097
957	2	4	1	2	2	1	5	-2.78826	-3.65801	-4.17372	-4.12367
958	2	4	1	2	2	1	5	-2.78826	-3.65801	-4.17372	-4.12367
959	2	4	1	2	2	1	5	-2.78826	-3.65801	-4.17372	-4.12367
960	2	4	1	2	7	1	5	-2.31987	-5.65481	-6.29735	-5.28442
961	2	4	1	2	2	1	5	-2.78826	-3.65801	-4.17372	-4.12367
962	2	4	1	2	2	1	5	-2.78826	-3.65801	-4.17372	-4.12367
963	2	1	21	3	2	1	5	-2.93992	-2.50006	-4.41396	-4.59456
964	2	4	1	2	2	1	5	-2.78826	-3.65801	-4.17372	-4.12367
965	1	4	2	2	2	3	17	-10.949	-7.64707	-10.5177	-12.4037
966	2	4	1	2	2	1	5	-2.78826	-3.65801	-4.17372	-4.12367
967	2	4	1	2	2	1	5	-2.78826	-3.65801	-4.17372	-4.12367
968	7	21	5	62	4	61	44	-7.24574	-3.84548	-5.60252	-7.78171
969	2	4	1	2	2	1	5	-2.78826	-3.65801	-4.17372	-4.12367
970	4	7	10	4	1	7	1	-1.84509	-3.81732	-2.6444	-1.9097
971	2	4	1	2	2	1	5	-2.78826	-3.65801	-4.17372	-4.12367
972	10	1	16	19	10	5	7	-6.10975	-2.76077	-4.14856	-5.23078
973	8	10	2	2	11	12	6	-3.96954	-7.26107	-8.11837	-7.37871
974	4	7	10	4	1	7	1	-1.84509	-3.81732	-2.6444	-1.9097
975	2	4	2	2	6	1	5	-6.0865	-4.84371	-5.90641	-7.895
976	2	4	1	2	2	1	5	-2.78826	-3.65801	-4.17372	-4.12367
977	2	4	1	2	2	1	5	-2.78826	-3.65801	-4.17372	-4.12367
978	2	1	12	3	2	1	5	-2.62969	-2.12581	-3.61559	-4.96559
979	2	1	21	3	2	1	5	-2.93992	-2.50006	-4.41396	-4.59456
980	1	4	2	2	6	3	17	-4.62778	-2.46257	-4.51908	-5.73644
981	9	2	4	62	4	5	6	-3.73067	-5.21079	-5.87086	-6.84013
982	9	2	4	62	4	5	6	-3.73067	-5.21079	-5.87086	-6.84013
983	2	4	1	2	2	1	5	-2.78826	-3.65801	-4.17372	-4.12367
984	9	25	2	10	22	3	6	-4.49141	-7.71369	-6.09389	-4.3396
985	2	1	12	3	2	1	5	-2.62969	-2.12581	-3.61559	-4.96559
986	2	4	1	2	2	1	5	-2.78826	-3.65801	-4.17372	-4.12367
987	2	4	1	2	2	1	5	-2.78826	-3.65801	-4.17372	-4.12367
988	2	4	1	2	2	1	5	-2.78826	-3.65801	-4.17372	-4.12367
989	1	4	2	2	6	3	17	-4.62778	-2.46257	-4.51908	-5.73644
990	1	4	2	2	6	3	17	-4.62778	-2.46257	-4.51908	-5.73644
991	9	25	2	10	22	3	6	-4.49141	-7.71369	-6.09389	-4.3396
992	1	4	2	2	6	3	17	-4.62778	-2.46257	-4.51908	-5.73644
993	2	4	1	2	2	1	5	-2.78826	-3.65801	-4.17372	-4.12367
994	2	4	1	2	2	1	5	-2.78826	-3.65801	-4.17372	-4.12367
995	8	10	2	2	11	12	6	-3.96954	-7.26107	-8.11837	-7.37871
996	2	4	1	2	2	1	5	-2.78826	-3.65801	-4.17372	-4.12367
997	2	1	5	3	2	5	5	-5.51512	-2.84218	-4.05198	-5.56588
998	8	10	2	2	11	12	6	-3.96954	-7.26107	-8.11837	-7.37871
999	2	4	1	2	2	1	5	-2.78826	-3.65801	-4.17372	-4.12367
1000	2	4	1	2	2	1	5	-2.78826	-3.65801	-4.17372	-4.12367
1001	2	1	21	3	2	1	5	-2.93992	-2.50006	-4.41396	-4.59456
1002	1	2	4	62	4	5	17	-6.10537	-4.86136	-7.4185	-8.95369
1003	2	1	12	3	2	1	5	-2.62969	-2.12581	-3.61559	-4.96559
1004	2	4	1	2	7	1	5	-2.31987	-5.65481	-6.29735	-5.28442
1005	1	307	3	4	5	9	3	-6.84604	-6.43549	-6.09204	-8.15234
1006	2	4	2	4	19	3	6	-5.81237	-9.15075	-9.96311	-9.21479
1007	2	4	1	2	2	1	5	-2.78826	-3.65801	-4.17372	-4.12367
1008	1	4	2	2	6	3	17	-4.62778	-2.46257	-4.51908	-5.73644
1009	9	25	2	10	22	3	6	-4.49141	-7.71369	-6.09389	-4.3396
1010	4	7	10	4	1	7	1	-1.84509	-3.81732	-2.6444	-1.9097
1011	2	4	1	2	2	1	5	-2.78826	-3.65801	-4.17372	-4.12367
1012	10	1	16	19	10	5	7	-6.10975	-2.76077	-4.14856	-5.23078
1013	2	1	21	3	2	1	5	-2.93992	-2.50006	-4.41396	-4.59456
1014	4	7	10	4	1	7	1	-1.84509	-3.81732	-2.6444	-1.9097
1015	2	4	1	2	2	1	5	-2.78826	-3.65801	-4.17372	-4.12367
1016	1	2	3	4	5	9	3	-4.61802	-2.50147	-3.57139	-4.96501
1017	9	316	4	62	4	5	6	-6.86746	-6.46321	-8.95892	-9.99678
1018	9	25	2	10	22	3	6	-4.49141	-7.71369	-6.09389	-4.3396
1019	1	307	3	4	5	9	3	-6.84604	-6.43549	-6.09204	-8.15234
1020	2	4	1	2	2	1	5	-2.78826	-3.65801	-4.17372	-4.12367
1021	9	25	2	10	22	3	6	-4.49141	-7.71369	-6.09389	-4.3396
1022	2	4	1	2	2	1	5	-2.78826	-3.65801	-4.17372	-4.12367
1023	2	1	12	3	2	1	5	-2.62969	-2.12581	-3.61559	-4.96559
1024	2	1	5	3	2	5	5	-5.51512	-2.84218	-4.05198	-5.56588
1025	2	4	1	2	2	1	5	-2.78826	-3.65801	-4.17372	-4.12367
1026	2	1	12	3	2	1	5	-2.62969	-2.12581	-3.61559	-4.96559
1027	2	1	12	3	2	1	5	-2.62969	-2.12581	-3.61559	-4.96559
1028	10	1	16	19	10	5	7	-6.10975	-2.76077	-4.14856	-5.23078
1029	4	7	10	4	1	7	1	-1.84509	-3.81732	-2.6444	-1.9097
1030	2	4	1	2	2	1	5	-2.78826	-3.65801	-4.17372	-4.12367
1031	2	1	12	88	2	1	5	-3.95779	-3.44124	-5.75189	-5.40319
1032	2	1	21	3	2	1	5	-2.93992	-2.50006	-4.41396	-4.59456
1033	1	2	3	4	5	9	3	-4.61802	-2.50147	-3.57139	-4.96501
1034	8	10	2	2	11	12	6	-3.96954	-7.26107	-8.11837	-7.37871
1035	2	1	12	88	2	1	5	-3.95779	-3.44124	-5.75189	-5.40319
1036	33	39	30	82	104	173	68	-5.39065	-3.99305	-6.56009	-8.17165
1037	1	2	3	4	5	9	3	-4.61802	-2.50147	-3.57139	-4.96501
1038	9	25	2	10	22	3	6	-4.49141	-7.71369	-6.09389	-4.3396
1039	2	4	1	2	2	1	5	-2.78826	-3.65801	-4.17372	-4.12367
1040	8	10	2	2	11	12	6	-3.96954	-7.26107	-8.11837	-7.37871
1041	1	2	4	62	4	5	17	-6.10537	-4.86136	-7.4185	-8.95369
1042	10	1	16	19	10	5	7	-6.10975	-2.76077	-4.14856	-5.23078
1043	33	39	30	82	104	173	68	-5.39065	-3.99305	-6.56009	-8.17165
1044	2	4	1	2	2	1	5	-2.78826	-3.65801	-4.17372	-4.12367
1045	8	10	2	2	11	12	6	-3.96954	-7.26107	-8.11837	-7.37871
1046	2	1	5	3	2	5	5	-5.51512	-2.84218	-4.05198	-5.56588
1047	47	2	4	2	6	5	17	-10.7029	-10.3024	-6.16121	-8.32796
1048	1	2	3	4	5	9	3	-4.61802	-2.50147	-3.57139	-4.96501
1049	4	7	10	4	1	7	1	-1.84509	-3.81732	-2.6444	-1.9097
1050	2	1	5	3	2	3	5	-4.24228	-3.26418	-5.47676	-4.82124
1051	2	4	2	2	6	1	5	-6.0865	-4.84371	-5.90641	-7.895
1052	2	4	1	2	2	1	5	-2.78826	-3.65801	-4.17372	-4.12367
1053	8	10	149	2	11	12	6	-4.8835	-3.98501	-5.63711	-7.38225
1054	9	25	2	10	22	3	6	-4.49141	-7.71369	-6.09389	-4.3396
1055	2	4	1	2	2	1	5	-2.78826	-3.65801	-4.17372	-4.12367
1056	1	2	3	4	5	9	3	-4.61802	-2.50147	-3.57139	-4.96501
1057	2	1	12	3	2	1	5	-2.62969	-2.12581	-3.61559	-4.96559
1058	4	7	10	4	42	51	1	-2.94488	-4.64892	-4.98538	-3.80031
1059	2	4	1	2	2	1	5	-2.78826	-3.65801	-4.17372	-4.12367
1060	2	1	1	3	2	1	5	-4.61965	-3.79682	-6.33975	-7.63138
1061	2	4	1	2	7	1	5	-2.31987	-5.65481	-6.29735	-5.28442
1062	8	10	2	2	11	12	6	-3.96954	-7.26107	-8.11837	-7.37871
1063	2	4	1	2	2	1	5	-2.78826	-3.65801	-4.17372	-4.12367
1064	9	2	4	62	4	5	6	-3.73067	-5.21079	-5.87086	-6.84013
1065	2	4	1	2	2	1	5	-2.78826	-3.65801	-4.17372	-4.12367
1066	4	7	10	4	1	7	1	-1.84509	-3.81732	-2.6444	-1.9097
1067	8	10	2	2	11	12	6	-3.96954	-7.26107	-8.11837	-7.37871
1068	2	4	2	2	6	1	5	-6.0865	-4.84371	-5.90641	-7.895
1069	2	4	2	2	6	1	5	-6.0865	-4.84371	-5.90641	-7.895
1070	2	4	2	2	6	1	5	-6.0865	-4.84371	-5.90641	-7.895
1071	2	4	2	2	6	1	5	-6.0865	-4.84371	-5.90641	-7.895
1072	2	4	1	2	2	1	5	-2.78826	-3.65801	-4.17372	-4.12367
1073	2	4	1	2	2	1	5	-2.78826	-3.65801	-4.17372	-4.12367
1074	2	1	12	3	2	1	5	-2.62969	-2.12581	-3.61559	-4.96559
1075	2	4	1	2	7	1	5	-2.31987	-5.65481	-6.29735	-5.28442
1076	4	7	10	4	42	51	1	-2.94488	-4.64892	-4.98538	-3.80031
1077	2	4	1	2	2	1	5	-2.78826	-3.65801	-4.17372	-4.12367
1078	8	10	2	2	11	12	6	-3.96954	-7.26107	-8.11837	-7.37871
1079	1	2	3	4	5	9	3	-4.61802	-2.50147	-3.57139	-4.96501
1080	1	2	3	4	5	9	3	-4.61802	-2.50147	-3.57139	-4.96501
1081	10	1	16	19	10	5	7	-6.10975	-2.76077	-4.14856	-5.23078
1082	8	10	2	2	11	12	6	-3.96954	-7.26107	-8.11837	-7.37871
1083	4	7	10	4	1	7	1	-1.84509	-3.81732	-2.6444	-1.9097
1084	2	4	1	2	2	1	5	-2.78826	-3.65801	-4.17372	-4.12367
1085	2	4	1	2	7	1	5	-2.31987	-5.65481	-6.29735	-5.28442
1086	2	1	21	3	2	1	5	-2.93992	-2.50006	-4.41396	-4.59456
1087	2	1	12	3	2	1	5	-2.62969	-2.12581	-3.61559	-4.96559
1088	2	4	2	4	19	3	6	-5.81237	-9.15075	-9.96311	-9.21479
1089	8	10	149	2	11	12	6	-4.8835	-3.98501	-5.63711	-7.38225
1090	8	10	2	2	11	12	6	-3.96954	-7.26107	-8.11837	-7.37871
1091	2	1	12	3	2	1	5	-2.62969	-2.12581	-3.61559	-4.96559
1092	2	1	12	3	2	1	5	-2.62969	-2.12581	-3.61559	-4.96559
1093	2	1	5	3	2	3	5	-4.24228	-3.26418	-5.47676	-4.82124
1094	184	39	30	82	113	43	17	-3.9685	-6.12246	-7.80265	-7.35993
1095	2	1	12	3	2	1	5	-2.62969	-2.12581	-3.61559	-4.96559
1096	2	4	1	2	2	1	5	-2.78826	-3.65801	-4.17372	-4.12367
1097	4	7	10	4	1	7	1	-1.84509	-3.81732	-2.6444	-1.9097
1098	8	10	2	2	11	12	6	-3.96954	-7.26107	-8.11837	-7.37871
1099	4	7	10	4	1	7	1	-1.84509	-3.81732	-2.6444	-1.9097
1100	4	7	10	4	42	51	1	-2.94488	-4.64892	-4.98538	-3.80031
1101	9	25	2	10	22	3	6	-4.49141	-7.71369	-6.09389	-4.3396
1102	9	2	4	62	4	5	6	-3.73067	-5.21079	-5.87086	-6.84013
1103	4	7	10	4	1	7	1	-1.84509	-3.81732	-2.6444	-1.9097
1104	2	4	1	2	7	1	5	-2.31987	-5.65481	-6.29735	-5.28442
1105	4	7	10	4	1	7	1	-1.84509	-3.81732	-2.6444	-1.9097
1106	8	10	2	2	11	12	6	-3.96954	-7.26107	-8.11837	-7.37871
1107	2	4	1	2	2	1	5	-2.78826	-3.65801	-4.17372	-4.12367
1108	4	7	10	4	42	51	1	-2.94488	-4.64892	-4.98538	-3.80031
1109	1	2	3	4	5	9	3	-4.61802	-2.50147	-3.57139	-4.96501
1110	2	1	12	3	2	1	5	-2.62969	-2.12581	-3.61559	-4.96559
1111	2	4	1	2	2	1	5	-2.78826	-3.65801	-4.17372	-4.12367
1112	10	81	50	99	120	76	52	-6.717	-6.40867	-5.25554	-5.12386
1113	2	4	1	2	2	1	5	-2.78826	-3.65801	-4.17372	-4.12367
1114	4	7	10	4	42	51	1	-2.94488	-4.64892	-4.98538	-3.80031
1115	4	7	10	4	42	51	1	-2.94488	-4.64892	-4.98538	-3.80031
1116	4	7	10	4	1	7	1	-1.84509	-3.81732	-2.6444	-1.9097
1117	3	1	5	10	11	11	6	-9.91511	-6.48126	-9.08462	-11.278
1118	10	81	50	99	120	76	52	-6.717	-6.40867	-5.25554	-5.12386
1119	2	4	1	2	2	1	5	-2.78826	-3.65801	-4.17372	-4.12367
1120	4	7	10	4	1	7	1	-1.84509	-3.81732	-2.6444	-1.9097
1121	4	7	10	4	1	7	1	-1.84509	-3.81732	-2.6444	-1.9097
1122	4	7	10	4	42	51	1	-2.94488	-4.64892	-4.98538	-3.80031
1123	2	1	12	3	2	1	5	-2.62969	-2.12581	-3.61559	-4.96559
1124	2	4	1	2	2	1	5	-2.78826	-3.65801	-4.17372	-4.12367
1125	2	1	1	3	2	1	5	-4.61965	-3.79682	-6.33975	-7.63138
1126	2	4	1	2	2	1	5	-2.78826	-3.65801	-4.17372	-4.12367
1127	2	4	1	2	2	1	5	-2.78826	-3.65801	-4.17372	-4.12367
1128	2	4	1	2	2	1	5	-2.78826	-3.65801	-4.17372	-4.12367
1129	2	4	1	2	2	1	5	-2.78826	-3.65801	-4.17372	-4.12367
1130	1	2	3	4	5	9	3	-4.61802	-2.50147	-3.57139	-4.96501
1131	8	10	2	2	11	12	6	-3.96954	-7.26107	-8.11837	-7.37871
1132	2	1	21	3	2	1	5	-2.93992	-2.50006	-4.41396	-4.59456
1133	2	4	1	2	2	1	5	-2.78826	-3.65801	-4.17372	-4.12367
1134	2	1	21	3	2	1	5	-2.93992	-2.50006	-4.41396	-4.59456
1135	2	1	21	3	2	1	5	-2.93992	-2.50006	-4.41396	-4.59456
1136	2	4	1	2	2	1	5	-2.78826	-3.65801	-4.17372	-4.12367
1137	1	2	3	4	5	9	3	-4.61802	-2.50147	-3.57139	-4.96501
1138	10	1	16	19	10	5	7	-6.10975	-2.76077	-4.14856	-5.23078
1139	2	1	12	3	2	1	5	-2.62969	-2.12581	-3.61559	-4.96559
1140	7	21	5	62	4	61	44	-7.24574	-3.84548	-5.60252	-7.78171
1141	2	4	1	2	2	1	5	-2.78826	-3.65801	-4.17372	-4.12367
1142	2	1	12	3	2	1	5	-2.62969	-2.12581	-3.61559	-4.96559
1143	2	4	1	2	7	1	5	-2.31987	-5.65481	-6.29735	-5.28442
1144	2	1	5	3	2	3	5	-4.24228	-3.26418	-5.47676	-4.82124
1145	2	1	21	3	2	1	5	-2.93992	-2.50006	-4.41396	-4.59456
1146	2	1	21	3	2	1	5	-2.93992	-2.50006	-4.41396	-4.59456
1147	2	1	21	3	2	1	5	-2.93992	-2.50006	-4.41396	-4.59456
1148	2	1	21	3	2	1	5	-2.93992	-2.50006	-4.41396	-4.59456
1149	2	1	12	3	2	1	5	-2.62969	-2.12581	-3.61559	-4.96559
1150	8	10	2	2	11	12	6	-3.96954	-7.26107	-8.11837	-7.37871
1151	129	66	30	82	189	47	17	-3.26367	-4.89172	-5.676	-4.14847
1152	1	307	3	4	5	9	3	-6.84604	-6.43549	-6.09204	-8.15234
1153	8	10	2	2	11	12	6	-3.96954	-7.26107	-8.11837	-7.37871
1154	2	4	2	2	6	1	5	-6.0865	-4.84371	-5.90641	-7.895
1155	1	4	2	2	6	3	17	-4.62778	-2.46257	-4.51908	-5.73644
1156	2	4	1	2	2	1	5	-2.78826	-3.65801	-4.17372	-4.12367
1157	8	10	2	2	11	12	6	-3.96954	-7.26107	-8.11837	-7.37871
1158	2	4	2	2	6	1	5	-6.0865	-4.84371	-5.90641	-7.895
1159	2	1	21	3	2	1	5	-2.93992	-2.50006	-4.41396	-4.59456
1160	2	4	5	2	2	5	5	-3.68657	-7.00652	-7.26813	-5.93135
1161	7	21	5	62	4	61	44	-7.24574	-3.84548	-5.60252	-7.78171
1162	2	1	12	3	2	1	5	-2.62969	-2.12581	-3.61559	-4.96559
1163	10	27	16	19	10	5	7	-19.9242	-12.7809	-15.8811	-18.2777
1164	33	283	44	82	189	44	17	-6.85691	-3.48613	-5.36906	-6.07384
1165	9	25	2	10	22	3	6	-4.49141	-7.71369	-6.09389	-4.3396
1166	7	21	5	62	4	61	44	-7.24574	-3.84548	-5.60252	-7.78171
1167	2	1	5	3	2	3	5	-4.24228	-3.26418	-5.47676	-4.82124
1168	2	1	5	3	2	3	5	-4.24228	-3.26418	-5.47676	-4.82124
1169	9	25	2	10	22	3	6	-4.49141	-7.71369	-6.09389	-4.3396
1170	2	1	5	3	2	3	5	-4.24228	-3.26418	-5.47676	-4.82124
1171	2	4	1	2	2	1	5	-2.78826	-3.65801	-4.17372	-4.12367
1172	129	66	30	82	189	47	17	-3.26367	-4.89172	-5.676	-4.14847
1173	2	4	1	2	2	1	5	-2.78826	-3.65801	-4.17372	-4.12367
1174	2	1	5	3	2	3	5	-4.24228	-3.26418	-5.47676	-4.82124
1175	2	1	12	3	2	1	5	-2.62969	-2.12581	-3.61559	-4.96559
1176	2	4	1	2	2	1	5	-2.78826	-3.65801	-4.17372	-4.12367
1177	1	4	2	2	6	3	17	-4.62778	-2.46257	-4.51908	-5.73644
1178	2	1	12	3	2	1	5	-2.62969	-2.12581	-3.61559	-4.96559
1179	1	4	2	2	446	3	17	-8.58994	-5.97274	-8.05722	-8.56516
1180	2	1	5	88	2	11	5	-8.66932	-5.35924	-6.00293	-8.17665
1181	2	4	2	2	6	1	5	-6.0865	-4.84371	-5.90641	-7.895
1182	9	25	2	10	22	3	6	-4.49141	-7.71369	-6.09389	-4.3396
1183	2	1	5	3	2	3	5	-4.24228	-3.26418	-5.47676	-4.82124
1184	7	21	5	62	4	61	44	-7.24574	-3.84548	-5.60252	-7.78171
1185	1	2	3	4	5	9	3	-4.61802	-2.50147	-3.57139	-4.96501
1186	2	4	1	2	2	1	5	-2.78826	-3.65801	-4.17372	-4.12367
1187	7	21	5	62	4	61	44	-7.24574	-3.84548	-5.60252	-7.78171
1188	33	39	30	82	104	173	68	-5.39065	-3.99305	-6.56009	-8.17165
1189	1	4	2	2	6	3	17	-4.62778	-2.46257	-4.51908	-5.73644
1190	2	1	21	3	2	1	5	-2.93992	-2.50006	-4.41396	-4.59456
1191	4	7	10	4	1	7	1	-1.84509	-3.81732	-2.6444	-1.9097
1192	2	1	5	3	2	5	5	-5.51512	-2.84218	-4.05198	-5.56588
1193	1	4	2	2	6	3	17	-4.62778	-2.46257	-4.51908	-5.73644
1194	2	4	1	2	2	1	5	-2.78826	-3.65801	-4.17372	-4.12367
1195	2	4	1	2	2	1	5	-2.78826	-3.65801	-4.17372	-4.12367
1196	2	1	12	3	2	1	5	-2.62969	-2.12581	-3.61559	-4.96559
1197	2	1	6	3	2	3	5	-7.22964	-6.77417	-8.82259	-7.21847
1198	4	7	10	4	1	7	1	-1.84509	-3.81732	-2.6444	-1.9097
1199	2	4	1	2	7	1	5	-2.31987	-5.65481	-6.29735	-5.28442
1200	2	1	1	3	2	1	5	-4.61965	-3.79682	-6.33975	-7.63138
1201	2	4	1	2	2	1	5	-2.78826	-3.65801	-4.17372	-4.12367
1202	7	2	5	2	10	3	6	-30.7209	-27.2807	-28.8054	-28.8975
1203	2	1	21	3	2	1	5	-2.93992	-2.50006	-4.41396	-4.59456
1204	2	4	1	2	7	1	5	-2.31987	-5.65481	-6.29735	-5.28442
1205	4	7	10	4	1	7	1	-1.84509	-3.81732	-2.6444	-1.9097
1206	2	4	1	2	7	1	5	-2.31987	-5.65481	-6.29735	-5.28442
1207	2	4	1	2	2	1	5	-2.78826	-3.65801	-4.17372	-4.12367
1208	1	4	2	2	6	3	17	-4.62778	-2.46257	-4.51908	-5.73644
1209	2	4	1	2	2	1	5	-2.78826	-3.65801	-4.17372	-4.12367
1210	2	4	1	2	2	1	5	-2.78826	-3.65801	-4.17372	-4.12367
1211	74	10	2	2	11	12	6	-7.9418	-10.8052	-11.6767	-10.2154
1212	1	2	3	4	5	9	3	-4.61802	-2.50147	-3.57139	-4.96501
1213	2	1	5	3	2	3	5	-4.24228	-3.26418	-5.47676	-4.82124
1214	4	7	10	4	1	7	1	-1.84509	-3.81732	-2.6444	-1.9097
1215	2	4	2	2	6	1	5	-6.0865	-4.84371	-5.90641	-7.895
1216	2	1	12	3	2	1	5	-2.62969	-2.12581	-3.61559	-4.96559
1217	2	1	21	3	2	1	5	-2.93992	-2.50006	-4.41396	-4.59456
1218	2	4	1	2	2	1	5	-2.78826	-3.65801	-4.17372	-4.12367
1219	2	1	21	3	2	1	5	-2.93992	-2.50006	-4.41396	-4.59456
1220	4	7	10	4	1	7	1	-1.84509	-3.81732	-2.6444	-1.9097
1221	2	1	21	3	2	1	5	-2.93992	-2.50006	-4.41396	-4.59456
1222	2	4	1	2	2	1	5	-2.78826	-3.65801	-4.17372	-4.12367
1223	4	7	10	4	1	7	1	-1.84509	-3.81732	-2.6444	-1.9097
1224	2	4	1	2	2	1	5	-2.78826	-3.65801	-4.17372	-4.12367
1225	4	7	10	4	1	7	1	-1.84509	-3.81732	-2.6444	-1.9097
1226	4	7	10	4	42	51	1	-2.94488	-4.64892	-4.98538	-3.80031
1227	4	7	10	4	42	7	1	-6.6111	-9.04214	-5.58758	-4.62385
1228	2	4	1	2	2	1	5	-2.78826	-3.65801	-4.17372	-4.12367
1229	2	1	5	3	2	3	5	-4.24228	-3.26418	-5.47676	-4.82124
1230	10	81	50	99	120	76	52	-6.717	-6.40867	-5.25554	-5.12386
1231	2	4	1	2	7	1	5	-2.31987	-5.65481	-6.29735	-5.28442
1232	2	4	1	2	7	1	5	-2.31987	-5.65481	-6.29735	-5.28442
1233	4	7	10	4	1	7	1	-1.84509	-3.81732	-2.6444	-1.9097
1234	1	4	2	2	6	3	17	-4.62778	-2.46257	-4.51908	-5.73644
1235	4	7	10	4	1	7	1	-1.84509	-3.81732	-2.6444	-1.9097
1236	2	4	1	2	2	1	5	-2.78826	-3.65801	-4.17372	-4.12367
1237	4	7	10	4	1	7	1	-1.84509	-3.81732	-2.6444	-1.9097
1238	4	7	10	4	42	51	1	-2.94488	-4.64892	-4.98538	-3.80031
1239	1	307	3	4	5	9	3	-6.84604	-6.43549	-6.09204	-8.15234
1240	2	4	2	2	6	1	5	-6.0865	-4.84371	-5.90641	-7.895
1241	8	10	149	2	11	12	6	-4.8835	-3.98501	-5.63711	-7.38225
1242	2	1	12	3	2	1	5	-2.62969	-2.12581	-3.61559	-4.96559
1243	2	4	1	2	2	1	5	-2.78826	-3.65801	-4.17372	-4.12367
1244	2	4	1	2	2	1	5	-2.78826	-3.65801	-4.17372	-4.12367
1245	2	4	1	2	2	1	5	-2.78826	-3.65801	-4.17372	-4.12367
1246	4	7	10	4	42	51	1	-2.94488	-4.64892	-4.98538	-3.80031
1247	2	4	1	2	2	1	5	-2.78826	-3.65801	-4.17372	-4.12367
1248	2	4	1	2	2	1	5	-2.78826	-3.65801	-4.17372	-4.12367
1249	2	1	12	88	2	1	5	-3.95779	-3.44124	-5.75189	-5.40319
1250	1	4	2	2	6	3	17	-4.62778	-2.46257	-4.51908	-5.73644
1251	9	2	4	62	4	5	6	-3.73067	-5.21079	-5.87086	-6.84013
1252	2	4	1	2	7	1	5	-2.31987	-5.65481	-6.29735	-5.28442
1253	2	4	5	2	2	5	5	-3.68657	-7.00652	-7.26813	-5.93135
1254	2	1	21	3	2	1	5	-2.93992	-2.50006	-4.41396	-4.59456
1255	1	4	2	2	6	3	17	-4.62778	-2.46257	-4.51908	-5.73644
1256	2	1	21	3	2	1	5	-2.93992	-2.50006	-4.41396	-4.59456
1257	2	4	1	2	2	5	5	-6.81237	-6.41185	-8.82675	-9.86827
1258	2	1	12	3	2	1	5	-2.62969	-2.12581	-3.61559	-4.96559
1259	2	4	2	2	6	1	5	-6.0865	-4.84371	-5.90641	-7.895
1260	2	4	1	2	2	1	5	-2.78826	-3.65801	-4.17372	-4.12367
1261	2	4	1	2	2	1	5	-2.78826	-3.65801	-4.17372	-4.12367
1262	1	307	3	4	5	9	3	-6.84604	-6.43549	-6.09204	-8.15234
1263	9	25	2	10	22	3	6	-4.49141	-7.71369	-6.09389	-4.3396
1264	2	1	1	380	2	1	5	-6.16481	-5.74631	-8.2552	-9.29686
1265	2	4	1	2	2	1	5	-2.78826	-3.65801	-4.17372	-4.12367
1266	2	4	1	2	2	1	5	-2.78826	-3.65801	-4.17372	-4.12367
1267	2	1	12	3	2	1	5	-2.62969	-2.12581	-3.61559	-4.96559
1268	1	2	3	4	5	9	3	-4.61802	-2.50147	-3.57139	-4.96501
1269	2	4	1	2	2	1	5	-2.78826	-3.65801	-4.17372	-4.12367
1270	2	4	1	2	2	1	5	-2.78826	-3.65801	-4.17372	-4.12367
1271	2	4	1	2	2	1	5	-2.78826	-3.65801	-4.17372	-4.12367
1272	1	2	3	4	5	9	3	-4.61802	-2.50147	-3.57139	-4.96501
1273	9	2	2	212	309	253	147	-26.6065	-24.8181	-26.1422	-22.5318
1274	2	1	21	3	2	1	5	-2.93992	-2.50006	-4.41396	-4.59456
1275	47	2	4	2	6	5	17	-10.7029	-10.3024	-6.16121	-8.32796
1276	1	2	3	4	5	9	3	-4.61802	-2.50147	-3.57139	-4.96501
1277	2	4	1	2	2	1	5	-2.78826	-3.65801	-4.17372	-4.12367
1278	2	4	1	2	2	1	5	-2.78826	-3.65801	-4.17372	-4.12367
1279	9	2	4	62	4	5	6	-3.73067	-5.21079	-5.87086	-6.84013
1280	2	1	12	3	2	1	5	-2.62969	-2.12581	-3.61559	-4.96559
1281	2	4	1	2	2	1	5	-2.78826	-3.65801	-4.17372	-4.12367
1282	2	4	1	2	7	1	5	-2.31987	-5.65481	-6.29735	-5.28442
1283	7	17	2	15	23	3	12	-6.91681	-10.2589	-11.0714	-10.3249
1284	2	1	1	3	2	1	5	-4.61965	-3.79682	-6.33975	-7.63138
1285	2	1	12	3	2	1	5	-2.62969	-2.12581	-3.61559	-4.96559
1286	2	4	1	2	2	1	5	-2.78826	-3.65801	-4.17372	-4.12367
1287	2	1	5	3	2	3	5	-4.24228	-3.26418	-5.47676	-4.82124
1288	2	4	1	2	2	1	5	-2.78826	-3.65801	-4.17372	-4.12367
1289	2	4	1	2	2	1	5	-2.78826	-3.65801	-4.17372	-4.12367
1290	1	4	2	2	6	3	17	-4.62778	-2.46257	-4.51908	-5.73644
1291	2	1	2	3	2	3	5	-3.77189	-7.01165	-7.91443	-7.17226
1292	2	1	5	3	2	3	5	-4.24228	-3.26418	-5.47676	-4.82124
1293	1	2	3	3	5	9	3	-11.4355	-7.91733	-9.84785	-12.1636
1294	4	7	10	4	42	51	1	-2.94488	-4.64892	-4.98538	-3.80031
1295	1	4	2	2	6	3	17	-4.62778	-2.46257	-4.51908	-5.73644
1296	2	1	5	3	2	3	5	-4.24228	-3.26418	-5.47676	-4.82124
1297	4	7	10	4	1	7	1	-1.84509	-3.81732	-2.6444	-1.9097
1298	2	4	1	2	2	1	5	-2.78826	-3.65801	-4.17372	-4.12367
1299	4	7	10	4	1	7	1	-1.84509	-3.81732	-2.6444	-1.9097
1300	2	1	21	3	2	1	5	-2.93992	-2.50006	-4.41396	-4.59456
1301	2	4	1	2	2	1	5	-2.78826	-3.65801	-4.17372	-4.12367
1302	4	7	10	4	1	7	1	-1.84509	-3.81732	-2.6444	-1.9097
1303	2	4	1	2	2	1	5	-2.78826	-3.65801	-4.17372	-4.12367
1304	2	1	5	3	2	5	5	-5.51512	-2.84218	-4.05198	-5.56588
1305	2	4	1	2	2	1	5	-2.78826	-3.65801	-4.17372	-4.12367
1306	2	1	21	3	2	1	5	-2.93992	-2.50006	-4.41396	-4.59456
1307	2	1	5	3	2	5	5	-5.51512	-2.84218	-4.05198	-5.56588
1308	1	4	2	2	6	3	17	-4.62778	-2.46257	-4.51908	-5.73644
1309	1	4	2	2	6	3	17	-4.62778	-2.46257	-4.51908	-5.73644
1310	2	1	5	3	2	3	5	-4.24228	-3.26418	-5.47676	-4.82124
1311	1	4	2	2	6	3	17	-4.62778	-2.46257	-4.51908	-5.73644
1312	2	4	1	2	2	1	5	-2.78826	-3.65801	-4.17372	-4.12367
1313	2	1	12	88	2	1	5	-3.95779	-3.44124	-5.75189	-5.40319
1314	2	1	5	3	2	3	5	-4.24228	-3.26418	-5.47676	-4.82124
1315	2	4	5	2	2	1	5	-6.17304	-9.00426	-9.30064	-9.3183
1316	2	4	1	2	2	1	5	-2.78826	-3.65801	-4.17372	-4.12367
1317	1	4	2	2	6	3	17	-4.62778	-2.46257	-4.51908	-5.73644
1318	2	1	21	3	2	1	5	-2.93992	-2.50006	-4.41396	-4.59456
1319	4	7	10	4	1	7	1	-1.84509	-3.81732	-2.6444	-1.9097
1320	1	2	3	4	5	9	3	-4.61802	-2.50147	-3.57139	-4.96501
1321	2	4	1	2	7	1	5	-2.31987	-5.65481	-6.29735	-5.28442
1322	4	7	10	4	1	7	1	-1.84509	-3.81732	-2.6444	-1.9097
1323	4	7	10	4	1	7	1	-1.84509	-3.81732	-2.6444	-1.9097
1324	1	4	2	2	6	3	17	-4.62778	-2.46257	-4.51908	-5.73644
1325	2	4	1	2	7	1	5	-2.31987	-5.65481	-6.29735	-5.28442
1326	4	7	10	4	1	7	1	-1.84509	-3.81732	-2.6444	-1.9097
1327	8	10	2	2	11	12	6	-3.96954	-7.26107	-8.11837	-7.37871
1328	969	7	10	4	1	7	1	-5.73969	-7.34129	-6.20218	-4.74716
1329	4	7	10	4	1	7	1	-1.84509	-3.81732	-2.6444	-1.9097
1330	10	27	16	942	10	5	7	-23.8964	-16.3259	-19.4397	-21.1142
1331	10	27	16	941	10	5	7	-23.8964	-16.3259	-19.4397	-21.1142
1332	4	7	10	4	1	7	1	-1.84509	-3.81732	-2.6444	-1.9097
1333	4	7	10	4	1	7	1	-1.84509	-3.81732	-2.6444	-1.9097
1334	129	66	30	82	189	47	17	-3.26367	-4.89172	-5.676	-4.14847
1335	4	7	10	4	1	7	1	-1.84509	-3.81732	-2.6444	-1.9097
1336	4	7	10	4	1	7	1	-1.84509	-3.81732	-2.6444	-1.9097
1337	2	4	1	2	2	1	5	-2.78826	-3.65801	-4.17372	-4.12367
1338	2	1	2	3	2	3	5	-3.77189	-7.01165	-7.91443	-7.17226
1339	10	27	16	19	10	5	7	-19.9242	-12.7809	-15.8811	-18.2777
1340	2	4	1	2	2	1	5	-2.78826	-3.65801	-4.17372	-4.12367
1341	33	39	30	82	104	173	68	-5.39065	-3.99305	-6.56009	-8.17165
1342	1	4	2	2	6	3	17	-4.62778	-2.46257	-4.51908	-5.73644
1343	2	1	5	3	2	5	5	-5.51512	-2.84218	-4.05198	-5.56588
1344	2	1	12	3	2	1	5	-2.62969	-2.12581	-3.61559	-4.96559
1345	8	10	2	2	11	12	6	-3.96954	-7.26107	-8.11837	-7.37871
1346	2	1	1	3	2	1	5	-4.61965	-3.79682	-6.33975	-7.63138
1347	1	4	2	2	6	3	17	-4.62778	-2.46257	-4.51908	-5.73644
1348	7	2	2	2	11	12	6	-4.51619	-7.85821	-8.67075	-7.92502
1349	9	2	4	62	4	5	6	-3.73067	-5.21079	-5.87086	-6.84013
1350	2	1	21	3	2	1	5	-2.93992	-2.50006	-4.41396	-4.59456
1351	9	7	10	4	1	7	1	-10.0088	-12.1628	-11.3685	-9.97587
1352	2	1	12	3	920	1	5	-6.60292	-5.66219	-7.17194	-7.80142
1353	239	27	16	19	10	5	7	-9.91727	-6.48428	-9.08879	-11.2812
1354	7	17	2	15	23	3	12	-6.91681	-10.2589	-11.0714	-10.3249
1355	1	4	2	2	6	3	17	-4.62778	-2.46257	-4.51908	-5.73644
1356	1	6	60	24	12	28	1	-29.1592	-28.621	-22.9251	-20.2641
1357	2	4	5	2	10	1	5	-6.90716	-10.2374	-11.0537	-10.3135
1358	10	81	50	99	120	76	52	-6.717	-6.40867	-5.25554	-5.12386
1359	4	7	10	4	1	7	1	-1.84509	-3.81732	-2.6444	-1.9097
1360	2	1	5	3	2	5	5	-5.51512	-2.84218	-4.05198	-5.56588
1361	4	7	10	1	1	7	1	-5.28673	-8.43641	-5.98434	-6.08712
1362	2	4	5	2	10	1	5	-6.90716	-10.2374	-11.0537	-10.3135
1363	2	1	21	3	2	1	5	-2.93992	-2.50006	-4.41396	-4.59456
1364	2	1	21	3	2	1	5	-2.93992	-2.50006	-4.41396	-4.59456
1365	2	4	1	2	2	1	5	-2.78826	-3.65801	-4.17372	-4.12367
1366	2	4	2	2	6	1	5	-6.0865	-4.84371	-5.90641	-7.895
1367	2	4	1	2	7	1	5	-2.31987	-5.65481	-6.29735	-5.28442
1368	2	4	1	2	2	1	5	-2.78826	-3.65801	-4.17372	-4.12367
1369	2	4	1	2	2	1	5	-2.78826	-3.65801	-4.17372	-4.12367
1370	4	7	10	4	1	7	1	-1.84509	-3.81732	-2.6444	-1.9097
1371	4	7	10	4	42	51	1	-2.94488	-4.64892	-4.98538	-3.80031
1372	2	1	5	3	2	3	5	-4.24228	-3.26418	-5.47676	-4.82124
1373	2	1	12	3	2	1	5	-2.62969	-2.12581	-3.61559	-4.96559
1374	2	1	1	3	2	1	5	-4.61965	-3.79682	-6.33975	-7.63138
1375	2	4	1	2	2	1	5	-2.78826	-3.65801	-4.17372	-4.12367
1376	4	7	10	4	1	7	1	-1.84509	-3.81732	-2.6444	-1.9097
1377	10	1	16	19	10	5	7	-6.10975	-2.76077	-4.14856	-5.23078
1378	2	4	1	2	7	1	5	-2.31987	-5.65481	-6.29735	-5.28442
1379	2	4	1	2	2	1	5	-2.78826	-3.65801	-4.17372	-4.12367
1380	10	81	50	99	120	76	52	-6.717	-6.40867	-5.25554	-5.12386
1381	2	1	12	3	2	1	5	-2.62969	-2.12581	-3.61559	-4.96559
1382	2	4	1	2	2	1	5	-2.78826	-3.65801	-4.17372	-4.12367
1383	2	4	1	2	7	1	5	-2.31987	-5.65481	-6.29735	-5.28442
1384	1	2	3	4	5	9	3	-4.61802	-2.50147	-3.57139	-4.96501
1385	8	10	2	2	11	12	6	-3.96954	-7.26107	-8.11837	-7.37871
1386	1	4	2	2	6	3	17	-4.62778	-2.46257	-4.51908	-5.73644
1387	2	4	1	2	2	1	5	-2.78826	-3.65801	-4.17372	-4.12367
1388	2	4	1	2	2	1	5	-2.78826	-3.65801	-4.17372	-4.12367
1389	10	7	10	4	1	7	1	-12.139	-10.7518	-9.91997	-9.04346
1390	2	1	21	3	2	1	5	-2.93992	-2.50006	-4.41396	-4.59456
1391	2	1	21	3	2	1	5	-2.93992	-2.50006	-4.41396	-4.59456
1392	10	1	16	19	10	5	7	-6.10975	-2.76077	-4.14856	-5.23078
1393	2	1	5	3	2	3	5	-4.24228	-3.26418	-5.47676	-4.82124
1394	2	1	5	3	2	3	5	-4.24228	-3.26418	-5.47676	-4.82124
1395	2	4	1	2	2	5	5	-6.81237	-6.41185	-8.82675	-9.86827
1396	2	4	1	2	7	1	5	-2.31987	-5.65481	-6.29735	-5.28442
1397	10	1	16	19	10	5	7	-6.10975	-2.76077	-4.14856	-5.23078
1398	2	4	1	2	7	1	5	-2.31987	-5.65481	-6.29735	-5.28442
1399	2	934	1	2	2	1	5	-6.68322	-7.19467	-7.72797	-6.95127
