Isolate	Loci0	Loci1	Loci2	Loci3	Loci4	Loci5	Loci6	Source0	Source1	Source2	Source3
0	1	2	3	4	5	9	3	-4.70804	-2.47413	-3.68424	-4.97172
1	4	7	10	4	1	7	1	-1.83951	-3.7601	-2.53398	-1.93773
2	2	4	1	2	2	1	5	-2.79184	-3.62126	-4.03482	-4.14871
3	2	4	1	2	2	1	5	-2.79184	-3.62126	-4.03482	-4.14871
4	9	25	2	10	22	3	6	-4.47965	-7.55911	-5.75733	-4.36939
5	4	7	10	4	1	7	1	-1.83951	-3.7601	-2.53398	-1.93773
6	4	7	10	4	1	7	1	-1.83951	-3.7601	-2.53398	-1.93773
7	4	7	10	4	42	51	1	-2.94348	-4.5843	-4.62549	-3.8269
8	2	4	1	2	2	1	5	-2.79184	-3.62126	-4.03482	-4.14871
9	10	81	50	99	120	76	52	-6.70553	-6.39548	-5.27638	-5.15533
10	2	1	21	3	2	1	5	-2.9533	-2.47529	-4.3639	-4.60193
11	2	1	21	3	2	1	5	-2.9533	-2.47529	-4.3639	-4.60193
12	9	25	2	10	22	3	6	-4.47965	-7.55911	-5.75733	-4.36939
13	2	1	21	3	2	1	5	-2.9533	-2.47529	-4.3639	-4.60193
14	10	27	16	19	10	5	7	-20.3115	-13.161	-16.7046	-17.9506
15	2	4	1	2	2	1	5	-2.79184	-3.62126	-4.03482	-4.14871
16	2	4	1	2	2	1	5	-2.79184	-3.62126	-4.03482	-4.14871
17	9	2	4	62	4	5	6	-3.73507	-5.15192	-5.55856	-6.84968
18	9	53	2	53	11	3	3	-30.4389	-30.9274	-25.3426	-27.1446
19	2	4	1	2	2	1	5	-2.79184	-3.62126	-4.03482	-4.14871
20	2	4	1	2	2	1	5	-2.79184	-3.62126	-4.03482	-4.14871
21	4	7	10	4	1	7	1	-1.83951	-3.7601	-2.53398	-1.93773
22	2	4	1	2	2	1	5	-2.79184	-3.62126	-4.03482	-4.14871
23	1	4	2	2	6	3	17	-4.70774	-2.43551	-4.71645	-5.70283
24	4	7	10	4	1	7	1	-1.83951	-3.7601	-2.53398	-1.93773
25	2	1	21	3	2	1	5	-2.9533	-2.47529	-4.3639	-4.60193
26	8	10	2	2	11	12	6	-3.97146	-7.06706	-6.63848	-7.38944
27	2	4	2	2	6	1	5	-6.12596	-4.81923	-5.99021	-7.88267
28	2	1	12	3	2	1	5	-2.64667	-2.10259	-3.62541	-4.95319
29	2	4	1	2	2	1	5	-2.79184	-3.62126	-4.03482	-4.14871
30	4	7	10	4	1	7	1	-1.83951	-3.7601	-2.53398	-1.93773
31	10	1	16	19	10	5	7	-6.4159	-2.73402	-4.29386	-5.2359
32	1	2	3	4	5	9	3	-4.70804	-2.47413	-3.68424	-4.97172
33	2	4	1	2	2	1	5	-2.79184	-3.62126	-4.03482	-4.14871
34	2	4	1	2	2	1	5	-2.79184	-3.62126	-4.03482	-4.14871
35	2	4	1	2	2	1	5	-2.79184	-3.62126	-4.03482	-4.14871
36	4	7	10	4	1	7	1	-1.83951	-3.7601	-2.53398	-1.93773
37	129	66	30	82	189	47	17	-3.26237	-4.82841	-5.174	-4.17626
38	2	1	12	3	357	1	5	-6.99854	-7.52237	-6.13673	-8.68096
39	9	2	4	62	4	5	6	-3.73507	-5.15192	-5.55856	-6.84968
40	2	1	1	3	2	1	5	-4.63965	-3.77459	-6.37135	-7.53913
41	2	1	12	3	357	1	5	-6.99854	-7.52237	-6.13673	-8.68096
42	2	1	5	3	2	3	5	-4.25982	-3.24118	-5.48929	-4.83777
43	2	1	5	3	2	3	5	-4.25982	-3.24118	-5.48929	-4.83777
44	2	4	1	2	2	1	5	-2.79184	-3.62126	-4.03482	-4.14871
45	2	4	1	2	2	1	5	-2.79184	-3.62126	-4.03482	-4.14871
46	2	4	2	2	6	1	5	-6.12596	-4.81923	-5.99021	-7.88267
47	1	4	2	2	6	3	17	-4.70774	-2.43551	-4.71645	-5.70283
48	2	1	21	3	2	1	5	-2.9533	-2.47529	-4.3639	-4.60193
49	2	1	2	3	2	3	5	-3.77356	-6.8405	-6.43831	-7.18161
50	2	1	21	3	2	1	5	-2.9533	-2.47529	-4.3639	-4.60193
51	7	17	2	15	23	3	12	-6.91885	-10.0417	-9.58545	-10.3358
52	2	4	1	2	7	1	5	-2.32116	-5.44417	-4.94174	-5.3015
53	9	2	4	62	4	5	6	-3.73507	-5.15192	-5.55856	-6.84968
54	2	4	1	2	7	1	5	-2.32116	-5.44417	-4.94174	-5.3015
55	9	2	4	62	4	5	6	-3.73507	-5.15192	-5.55856	-6.84968
56	2	1	12	88	2	1	5	-3.97092	-3.41564	-5.66574	-5.41265
57	2	1	5	3	2	3	5	-4.25982	-3.24118	-5.48929	-4.83777
58	2	4	1	2	2	1	5	-2.79184	-3.62126	-4.03482	-4.14871
59	9	2	4	62	4	5	6	-3.73507	-5.15192	-5.55856	-6.84968
60	2	1	5	3	2	3	5	-4.25982	-3.24118	-5.48929	-4.83777
61	2	4	1	2	2	1	5	-2.79184	-3.62126	-4.03482	-4.14871
62	2	4	1	2	2	1	5	-2.79184	-3.62126	-4.03482	-4.14871
63	2	4	1	2	2	1	5	-2.79184	-3.62126	-4.03482	-4.14871
64	2	4	1	2	2	1	5	-2.79184	-3.62126	-4.03482	-4.14871
65	2	4	1	2	2	1	5	-2.79184	-3.62126	-4.03482	-4.14871
66	2	4	1	2	2	1	5	-2.79184	-3.62126	-4.03482	-4.14871
67	1	2	215	4	90	24	8	-30.6691	-33.7313	-21.3214	-24.2027
68	2	4	1	2	2	1	5	-2.79184	-3.62126	-4.03482	-4.14871
69	1	2	3	4	5	9	3	-4.70804	-2.47413	-3.68424	-4.97172
70	2	4	1	2	2	1	5	-2.79184	-3.62126	-4.03482	-4.14871
71	2	4	1	2	2	1	5	-2.79184	-3.62126	-4.03482	-4.14871
72	9	25	2	10	22	3	6	-4.47965	-7.55911	-5.75733	-4.36939
73	2	15	4	48	360	25	23	-6.68301	-9.35439	-5.67468	-4.9076
74	2	4	1	2	2	1	5	-2.79184	-3.62126	-4.03482	-4.14871
75	2	1	12	88	2	1	5	-3.97092	-3.41564	-5.66574	-5.41265
76	2	4	2	2	6	1	5	-6.12596	-4.81923	-5.99021	-7.88267
77	10	1	16	19	10	5	7	-6.4159	-2.73402	-4.29386	-5.2359
78	2	4	1	2	2	1	5	-2.79184	-3.62126	-4.03482	-4.14871
79	2	1	12	3	2	1	5	-2.64667	-2.10259	-3.62541	-4.95319
80	2	4	1	2	2	1	5	-2.79184	-3.62126	-4.03482	-4.14871
81	2	4	1	2	2	1	5	-2.79184	-3.62126	-4.03482	-4.14871
82	1	4	2	2	6	3	17	-4.70774	-2.43551	-4.71645	-5.70283
83	10	1	16	19	10	5	7	-6.4159	-2.73402	-4.29386	-5.2359
84	8	10	149	2	11	12	6	-4.90884	-3.95247	-5.69763	-7.34016
85	2	4	1	2	2	1	5	-2.79184	-3.62126	-4.03482	-4.14871
86	2	4	1	2	7	1	5	-2.32116	-5.44417	-4.94174	-5.3015
87	32	39	30	82	104	324	17	-8.43218	-4.66213	-7.70494	-9.24678
88	1	2	3	4	5	9	3	-4.70804	-2.47413	-3.68424	-4.97172
89	2	1	5	3	2	3	5	-4.25982	-3.24118	-5.48929	-4.83777
90	2	4	1	2	2	1	5	-2.79184	-3.62126	-4.03482	-4.14871
91	2	4	1	2	7	1	5	-2.32116	-5.44417	-4.94174	-5.3015
92	4	7	10	4	1	7	1	-1.83951	-3.7601	-2.53398	-1.93773
93	2	1	2	3	2	3	5	-3.77356	-6.8405	-6.43831	-7.18161
94	2	1	12	3	2	1	5	-2.64667	-2.10259	-3.62541	-4.95319
95	2	1	21	3	2	1	5	-2.9533	-2.47529	-4.3639	-4.60193
96	2	1	21	3	2	1	5	-2.9533	-2.47529	-4.3639	-4.60193
97	9	2	5	2	11	3	1	-28.4464	-32.5613	-28.6352	-25.8323
98	4	7	10	4	1	7	1	-1.83951	-3.7601	-2.53398	-1.93773
99	2	1	2	3	2	3	5	-3.77356	-6.8405	-6.43831	-7.18161
100	2	1	21	3	2	1	5	-2.9533	-2.47529	-4.3639	-4.60193
101	4	7	10	4	1	7	1	-1.83951	-3.7601	-2.53398	-1.93773
102	2	1	21	3	2	1	5	-2.9533	-2.47529	-4.3639	-4.60193
103	1	4	2	2	6	3	17	-4.70774	-2.43551	-4.71645	-5.70283
104	2	4	5	2	10	1	5	-6.90879	-10.0278	-9.57344	-10.3233
105	2	1	12	88	2	1	5	-3.97092	-3.41564	-5.66574	-5.41265
106	9	2	4	62	4	5	6	-3.73507	-5.15192	-5.55856	-6.84968
107	2	165	73	147	220	190	104	-8.55433	-10.9375	-6.87666	-5.2427
108	2	1	21	3	2	1	5	-2.9533	-2.47529	-4.3639	-4.60193
109	2	4	1	2	2	1	5	-2.79184	-3.62126	-4.03482	-4.14871
110	2	1	12	3	11	1	6	-18.3333	-18.2636	-20.4866	-20.9669
111	2	1	2	3	2	3	5	-3.77356	-6.8405	-6.43831	-7.18161
112	2	4	1	2	7	1	5	-2.32116	-5.44417	-4.94174	-5.3015
113	2	1	2	3	2	3	5	-3.77356	-6.8405	-6.43831	-7.18161
114	2	1	21	3	2	1	5	-2.9533	-2.47529	-4.3639	-4.60193
115	2	4	1	2	7	1	5	-2.32116	-5.44417	-4.94174	-5.3015
116	33	39	30	82	113	43	17	-9.97552	-6.43941	-6.19144	-8.31515
117	2	4	1	2	2	1	5	-2.79184	-3.62126	-4.03482	-4.14871
118	2	4	1	2	2	1	5	-2.79184	-3.62126	-4.03482	-4.14871
119	2	4	1	2	2	1	5	-2.79184	-3.62126	-4.03482	-4.14871
120	2	4	1	2	7	1	5	-2.32116	-5.44417	-4.94174	-5.3015
121	4	7	10	1	1	7	1	-5.28759	-8.32372	-5.91683	-6.11637
122	2	1	12	3	2	1	5	-2.64667	-2.10259	-3.62541	-4.95319
123	2	4	1	2	2	1	5	-2.79184	-3.62126	-4.03482	-4.14871
124	2	4	1	2	2	1	5	-2.79184	-3.62126	-4.03482	-4.14871
125	2	4	1	2	7	1	5	-2.32116	-5.44417	-4.94174	-5.3015
126	2	4	1	2	2	1	5	-2.79184	-3.62126	-4.03482	-4.14871
127	2	4	1	2	2	1	5	-2.79184	-3.62126	-4.03482	-4.14871
128	2	1	12	88	2	1	5	-3.97092	-3.41564	-5.66574	-5.41265
129	2	1	12	3	2	1	5	-2.64667	-2.10259	-3.62541	-4.95319
130	2	1	12	3	2	1	5	-2.64667	-2.10259	-3.62541	-4.95319
131	2	4	1	2	7	1	5	-2.32116	-5.44417	-4.94174	-5.3015
132	2	1	21	3	2	1	5	-2.9533	-2.47529	-4.3639	-4.60193
133	2	1	21	3	2	1	5	-2.9533	-2.47529	-4.3639	-4.60193
134	2	4	5	2	2	5	5	-3.68732	-6.80195	-6.17274	-5.95478
135	2	1	21	3	2	1	5	-2.9533	-2.47529	-4.3639	-4.60193
136	1	4	2	2	6	3	1	-11.1879	-10.3341	-10.8059	-11.0849
137	2	1	5	3	2	3	5	-4.25982	-3.24118	-5.48929	-4.83777
138	2	1	5	3	2	3	5	-4.25982	-3.24118	-5.48929	-4.83777
139	4	7	10	4	1	7	1	-1.83951	-3.7601	-2.53398	-1.93773
140	8	10	2	2	11	12	6	-3.97146	-7.06706	-6.63848	-7.38944
141	2	1	2	3	2	3	5	-3.77356	-6.8405	-6.43831	-7.18161
142	2	1	5	3	2	3	5	-4.25982	-3.24118	-5.48929	-4.83777
143	2	1	2	3	2	3	5	-3.77356	-6.8405	-6.43831	-7.18161
144	129	66	30	82	189	47	17	-3.26237	-4.82841	-5.174	-4.17626
145	2	4	1	2	2	1	5	-2.79184	-3.62126	-4.03482	-4.14871
146	2	4	1	2	2	1	5	-2.79184	-3.62126	-4.03482	-4.14871
147	7	21	5	62	4	61	44	-7.57841	-3.81521	-5.80049	-7.6988
148	2	4	1	2	2	1	5	-2.79184	-3.62126	-4.03482	-4.14871
149	2	937	1	2	2	1	5	-7.0651	-9.04196	-6.52876	-7.86855
150	1	14	2	2	6	1	17	-9.20104	-6.43898	-7.77319	-6.33352
151	1	4	2	2	6	3	17	-4.70774	-2.43551	-4.71645	-5.70283
152	8	10	149	2	11	12	6	-4.90884	-3.95247	-5.69763	-7.34016
153	2	1	12	3	2	1	5	-2.64667	-2.10259	-3.62541	-4.95319
154	9	30	2	2	89	59	6	-4.97075	-8.09534	-7.63853	-8.38873
155	1	2	3	4	5	9	3	-4.70804	-2.47413	-3.68424	-4.97172
156	2	4	1	2	2	1	5	-2.79184	-3.62126	-4.03482	-4.14871
157	2	4	1	2	2	1	5	-2.79184	-3.62126	-4.03482	-4.14871
158	180	194	2	68	19	231	147	-27.0623	-35.5786	-20.5381	-27.3702
159	2	4	1	2	2	1	5	-2.79184	-3.62126	-4.03482	-4.14871
160	2	4	1	2	2	1	5	-2.79184	-3.62126	-4.03482	-4.14871
161	2	4	1	2	2	1	5	-2.79184	-3.62126	-4.03482	-4.14871
162	4	7	10	4	1	7	1	-1.83951	-3.7601	-2.53398	-1.93773
163	2	4	1	2	2	1	5	-2.79184	-3.62126	-4.03482	-4.14871
164	2	1	21	3	2	1	5	-2.9533	-2.47529	-4.3639	-4.60193
165	2	4	1	2	7	1	5	-2.32116	-5.44417	-4.94174	-5.3015
166	2	4	1	2	2	1	5	-2.79184	-3.62126	-4.03482	-4.14871
167	10	1	16	19	10	5	7	-6.4159	-2.73402	-4.29386	-5.2359
168	104	7	10	4	1	7	1	-4.42563	-7.55688	-7.08516	-7.82186
169	2	4	1	2	2	1	5	-2.79184	-3.62126	-4.03482	-4.14871
170	10	27	16	19	10	5	7	-20.3115	-13.161	-16.7046	-17.9506
171	2	4	1	2	2	1	5	-2.79184	-3.62126	-4.03482	-4.14871
172	2	1	1	3	2	1	5	-4.63965	-3.77459	-6.37135	-7.53913
173	7	21	5	62	4	61	44	-7.57841	-3.81521	-5.80049	-7.6988
174	2	1	1	3	2	1	5	-4.63965	-3.77459	-6.37135	-7.53913
175	10	1	16	19	10	5	7	-6.4159	-2.73402	-4.29386	-5.2359
176	2	4	1	2	2	1	5	-2.79184	-3.62126	-4.03482	-4.14871
177	2	4	1	2	2	1	5	-2.79184	-3.62126	-4.03482	-4.14871
178	2	1	12	3	2	1	5	-2.64667	-2.10259	-3.62541	-4.95319
179	2	4	1	2	2	1	5	-2.79184	-3.62126	-4.03482	-4.14871
180	2	4	1	2	2	1	5	-2.79184	-3.62126	-4.03482	-4.14871
181	1	4	2	2	6	3	17	-4.70774	-2.43551	-4.71645	-5.70283
182	2	1	12	3	2	1	5	-2.64667	-2.10259	-3.62541	-4.95319
183	4	7	10	4	1	7	1	-1.83951	-3.7601	-2.53398	-1.93773
184	2	4	1	2	2	1	5	-2.79184	-3.62126	-4.03482	-4.14871
185	2	4	1	2	2	1	5	-2.79184	-3.62126	-4.03482	-4.14871
186	2	1	21	3	2	1	5	-2.9533	-2.47529	-4.3639	-4.60193
187	4	7	10	4	1	7	1	-1.83951	-3.7601	-2.53398	-1.93773
188	4	7	10	4	42	51	1	-2.94348	-4.5843	-4.62549	-3.8269
189	2	1	5	3	2	3	5	-4.25982	-3.24118	-5.48929	-4.83777
190	1	2	4	62	4	5	17	-6.13705	-4.83061	-7.56984	-8.83233
191	4	7	10	4	1	7	1	-1.83951	-3.7601	-2.53398	-1.93773
192	4	7	10	4	42	51	1	-2.94348	-4.5843	-4.62549	-3.8269
193	2	1	21	3	2	1	5	-2.9533	-2.47529	-4.3639	-4.60193
194	4	7	10	4	42	51	1	-2.94348	-4.5843	-4.62549	-3.8269
195	2	4	1	2	7	1	5	-2.32116	-5.44417	-4.94174	-5.3015
196	2	4	1	2	2	1	5	-2.79184	-3.62126	-4.03482	-4.14871
197	1	2	3	4	5	9	3	-4.70804	-2.47413	-3.68424	-4.97172
198	1	2	4	62	4	5	17	-6.13705	-4.83061	-7.56984	-8.83233
199	2	250	4	281	358	25	57	-29.4003	-34.4822	-19.2034	-20.6628
200	9	2	4	62	4	5	6	-3.73507	-5.15192	-5.55856	-6.84968
201	1	2	3	4	5	9	3	-4.70804	-2.47413	-3.68424	-4.97172
202	4	7	10	4	1	7	1	-1.83951	-3.7601	-2.53398	-1.93773
203	2	4	2	4	19	3	6	-5.81414	-8.93669	-8.47916	-9.22473
204	4	7	10	4	1	7	1	-1.83951	-3.7601	-2.53398	-1.93773
205	4	7	10	4	42	51	1	-2.94348	-4.5843	-4.62549	-3.8269
206	2	1	12	3	2	1	5	-2.64667	-2.10259	-3.62541	-4.95319
207	4	7	10	4	1	7	1	-1.83951	-3.7601	-2.53398	-1.93773
208	2	1	12	3	2	1	5	-2.64667	-2.10259	-3.62541	-4.95319
209	1	2	4	62	4	5	17	-6.13705	-4.83061	-7.56984	-8.83233
210	4	7	10	4	42	51	1	-2.94348	-4.5843	-4.62549	-3.8269
211	2	4	1	2	2	1	5	-2.79184	-3.62126	-4.03482	-4.14871
212	4	7	10	4	1	7	1	-1.83951	-3.7601	-2.53398	-1.93773
213	2	1	21	3	2	1	5	-2.9533	-2.47529	-4.3639	-4.60193
214	47	2	4	2	6	5	17	-12.4412	-10.8532	-6.22623	-8.37991
215	2	1	21	3	2	1	5	-2.9533	-2.47529	-4.3639	-4.60193
216	2	1	21	3	2	1	5	-2.9533	-2.47529	-4.3639	-4.60193
217	2	4	1	2	2	1	5	-2.79184	-3.62126	-4.03482	-4.14871
218	2	4	1	2	2	1	5	-2.79184	-3.62126	-4.03482	-4.14871
219	10	81	50	99	120	76	52	-6.70553	-6.39548	-5.27638	-5.15533
220	2	4	1	2	2	1	5	-2.79184	-3.62126	-4.03482	-4.14871
221	2	4	1	2	2	1	5	-2.79184	-3.62126	-4.03482	-4.14871
222	1	4	2	2	6	3	17	-4.70774	-2.43551	-4.71645	-5.70283
223	1	2	4	62	4	5	17	-6.13705	-4.83061	-7.56984	-8.83233
224	4	7	10	4	1	7	1	-1.83951	-3.7601	-2.53398	-1.93773
225	4	7	10	4	1	7	1	-1.83951	-3.7601	-2.53398	-1.93773
226	10	1	16	19	10	5	7	-6.4159	-2.73402	-4.29386	-5.2359
227	2	4	1	2	2	1	5	-2.79184	-3.62126	-4.03482	-4.14871
228	2	4	1	2	7	1	5	-2.32116	-5.44417	-4.94174	-5.3015
229	1	4	2	348	6	3	17	-9.12416	-5.34947	-8.39361	-9.93679
230	1	2	4	62	4	5	17	-6.13705	-4.83061	-7.56984	-8.83233
231	10	27	16	19	10	5	7	-20.3115	-13.161	-16.7046	-17.9506
232	1	4	2	2	6	3	17	-4.70774	-2.43551	-4.71645	-5.70283
233	4	7	10	4	42	51	1	-2.94348	-4.5843	-4.62549	-3.8269
234	2	4	1	2	2	1	5	-2.79184	-3.62126	-4.03482	-4.14871
235	2	1	12	3	2	1	5	-2.64667	-2.10259	-3.62541	-4.95319
236	2	1	12	88	2	1	5	-3.97092	-3.41564	-5.66574	-5.41265
237	2	4	1	2	7	1	5	-2.32116	-5.44417	-4.94174	-5.3015
238	2	1	12	3	2	1	5	-2.64667	-2.10259	-3.62541	-4.95319
239	1	4	2	2	6	3	17	-4.70774	-2.43551	-4.71645	-5.70283
240	2	1	4	28	58	25	58	-5.65632	-8.52601	-5.30805	-4.23101
241	2	1	5	3	2	3	5	-4.25982	-3.24118	-5.48929	-4.83777
242	2	1	12	3	2	1	5	-2.64667	-2.10259	-3.62541	-4.95319
243	2	4	1	2	2	1	5	-2.79184	-3.62126	-4.03482	-4.14871
244	2	1	5	10	11	1	5	-26.5717	-23.3573	-24.5354	-25.0986
245	2	1	12	3	2	1	5	-2.64667	-2.10259	-3.62541	-4.95319
246	2	1	12	88	2	1	5	-3.97092	-3.41564	-5.66574	-5.41265
247	2	1	12	3	2	1	5	-2.64667	-2.10259	-3.62541	-4.95319
248	2	1	12	3	2	1	5	-2.64667	-2.10259	-3.62541	-4.95319
249	1	4	2	2	6	3	17	-4.70774	-2.43551	-4.71645	-5.70283
250	9	2	4	62	4	5	6	-3.73507	-5.15192	-5.55856	-6.84968
251	2	1	12	3	2	1	5	-2.64667	-2.10259	-3.62541	-4.95319
252	8	10	149	2	11	12	6	-4.90884	-3.95247	-5.69763	-7.34016
253	2	1	21	3	2	1	5	-2.9533	-2.47529	-4.3639	-4.60193
254	1	2	3	4	5	9	3	-4.70804	-2.47413	-3.68424	-4.97172
255	2	1	5	3	2	3	5	-4.25982	-3.24118	-5.48929	-4.83777
256	1	307	3	4	5	9	3	-6.87816	-6.41153	-6.14926	-8.18436
257	1	4	2	2	6	3	17	-4.70774	-2.43551	-4.71645	-5.70283
258	2	4	1	2	7	1	5	-2.32116	-5.44417	-4.94174	-5.3015
259	2	4	1	2	2	1	5	-2.79184	-3.62126	-4.03482	-4.14871
260	2	61	4	64	126	7	23	-5.99189	-8.91298	-5.84047	-4.24277
261	7	21	5	62	4	61	44	-7.57841	-3.81521	-5.80049	-7.6988
262	2	1	12	3	2	1	5	-2.64667	-2.10259	-3.62541	-4.95319
263	2	4	1	2	2	1	5	-2.79184	-3.62126	-4.03482	-4.14871
264	2	1	12	3	2	1	5	-2.64667	-2.10259	-3.62541	-4.95319
265	2	1	21	3	2	1	5	-2.9533	-2.47529	-4.3639	-4.60193
266	2	1	21	3	2	1	5	-2.9533	-2.47529	-4.3639	-4.60193
267	2	4	1	2	2	1	5	-2.79184	-3.62126	-4.03482	-4.14871
268	2	4	1	2	2	1	5	-2.79184	-3.62126	-4.03482	-4.14871
269	2	4	1	2	7	1	5	-2.32116	-5.44417	-4.94174	-5.3015
270	4	7	10	4	1	7	1	-1.83951	-3.7601	-2.53398	-1.93773
271	1	2	4	62	4	5	17	-6.13705	-4.83061	-7.56984	-8.83233
272	4	1	21	3	2	1	5	-9.51266	-10.4704	-10.5719	-10.0476
273	10	1	16	19	10	5	7	-6.4159	-2.73402	-4.29386	-5.2359
274	33	283	44	82	189	44	17	-7.13893	-3.45669	-5.56816	-6.07272
275	2	1	12	3	2	1	5	-2.64667	-2.10259	-3.62541	-4.95319
276	10	81	50	99	120	76	52	-6.70553	-6.39548	-5.27638	-5.15533
277	4	7	10	4	42	25	1	-8.50148	-10.2012	-5.79372	-5.16533
278	2	4	1	2	2	1	5	-2.79184	-3.62126	-4.03482	-4.14871
279	2	4	5	2	10	1	5	-6.90879	-10.0278	-9.57344	-10.3233
280	2	4	1	2	2	1	5	-2.79184	-3.62126	-4.03482	-4.14871
281	9	2	4	62	4	5	6	-3.73507	-5.15192	-5.55856	-6.84968
282	4	7	10	4	1	7	1	-1.83951	-3.7601	-2.53398	-1.93773
283	2	1	12	3	2	1	5	-2.64667	-2.10259	-3.62541	-4.95319
284	9	2	4	62	4	5	6	-3.73507	-5.15192	-5.55856	-6.84968
285	9	2	4	62	4	5	6	-3.73507	-5.15192	-5.55856	-6.84968
286	2	4	1	2	2	1	5	-2.79184	-3.62126	-4.03482	-4.14871
287	2	1	12	88	2	1	5	-3.97092	-3.41564	-5.66574	-5.41265
288	2	1	21	3	2	1	5	-2.9533	-2.47529	-4.3639	-4.60193
289	33	39	30	79	113	44	17	-25.6424	-24.4421	-24.8387	-27.0481
290	1	2	3	4	5	9	3	-4.70804	-2.47413	-3.68424	-4.97172
291	1	4	2	2	6	3	17	-4.70774	-2.43551	-4.71645	-5.70283
292	9	2	4	62	4	5	6	-3.73507	-5.15192	-5.55856	-6.84968
293	2	1	12	3	2	1	5	-2.64667	-2.10259	-3.62541	-4.95319
294	2	1	5	3	2	5	5	-5.67114	-2.82191	-4.18218	-5.56511
295	2	1	5	3	2	5	5	-5.67114	-2.82191	-4.18218	-5.56511
296	2	4	1	2	2	1	5	-2.79184	-3.62126	-4.03482	-4.14871
297	2	4	1	2	2	1	5	-2.79184	-3.62126	-4.03482	-4.14871
298	2	1	21	3	2	1	5	-2.9533	-2.47529	-4.3639	-4.60193
299	32	39	30	82	104	324	17	-8.43218	-4.66213	-7.70494	-9.24678
300	2	1	12	3	2	1	5	-2.64667	-2.10259	-3.62541	-4.95319
301	4	7	10	4	1	7	1	-1.83951	-3.7601	-2.53398	-1.93773
302	1	4	2	2	6	3	5	-8.92568	-5.27944	-8.31312	-9.832
303	2	1	21	3	2	1	5	-2.9533	-2.47529	-4.3639	-4.60193
304	4	7	10	4	42	51	1	-2.94348	-4.5843	-4.62549	-3.8269
305	2	4	1	2	7	1	5	-2.32116	-5.44417	-4.94174	-5.3015
306	7	21	5	62	4	61	44	-7.57841	-3.81521	-5.80049	-7.6988
307	104	7	10	4	1	7	1	-4.42563	-7.55688	-7.08516	-7.82186
308	9	25	2	10	22	3	6	-4.47965	-7.55911	-5.75733	-4.36939
309	2	4	2	2	6	3	17	-10.5995	-8.00692	-10.4632	-10.9268
310	2	4	1	2	7	1	5	-2.32116	-5.44417	-4.94174	-5.3015
311	129	66	30	82	189	47	17	-3.26237	-4.82841	-5.174	-4.17626
312	33	39	30	82	104	173	68	-5.42757	-3.9607	-6.74575	-8.03926
313	2	1	12	3	2	1	5	-2.64667	-2.10259	-3.62541	-4.95319
314	2	1	1	3	2	1	5	-4.63965	-3.77459	-6.37135	-7.53913
315	7	21	5	62	4	61	44	-7.57841	-3.81521	-5.80049	-7.6988
316	2	1	21	3	2	1	5	-2.9533	-2.47529	-4.3639	-4.60193
317	4	7	10	4	1	7	1	-1.83951	-3.7601	-2.53398	-1.93773
318	10	2	107	62	120	76	1	-6.85515	-9.91493	-7.79178	-6.32213
319	4	7	10	4	1	7	1	-1.83951	-3.7601	-2.53398	-1.93773
320	2	1	12	3	2	1	5	-2.64667	-2.10259	-3.62541	-4.95319
321	2	1	5	3	2	3	5	-4.25982	-3.24118	-5.48929	-4.83777
322	4	7	10	4	1	7	1	-1.83951	-3.7601	-2.53398	-1.93773
323	2	1	12	88	2	1	5	-3.97092	-3.41564	-5.66574	-5.41265
324	4	7	10	4	42	7	1	-6.54103	-9.2358	-5.5514	-4.65057
325	4	7	10	4	42	51	1	-2.94348	-4.5843	-4.62549	-3.8269
326	2	1	21	3	2	1	5	-2.9533	-2.47529	-4.3639	-4.60193
327	2	1	12	3	2	1	5	-2.64667	-2.10259	-3.62541	-4.95319
328	4	7	10	4	1	7	1	-1.83951	-3.7601	-2.53398	-1.93773
329	2	4	1	2	7	1	5	-2.32116	-5.44417	-4.94174	-5.3015
330	4	7	10	4	1	7	1	-1.83951	-3.7601	-2.53398	-1.93773
331	2	1	12	3	2	1	5	-2.64667	-2.10259	-3.62541	-4.95319
332	4	7	10	4	1	7	1	-1.83951	-3.7601	-2.53398	-1.93773
333	4	7	10	4	1	7	1	-1.83951	-3.7601	-2.53398	-1.93773
334	1	4	2	2	6	3	17	-4.70774	-2.43551	-4.71645	-5.70283
335	2	4	1	2	2	1	5	-2.79184	-3.62126	-4.03482	-4.14871
336	4	7	10	4	1	7	1	-1.83951	-3.7601	-2.53398	-1.93773
337	7	17	2	15	23	3	12	-6.91885	-10.0417	-9.58545	-10.3358
338	2	1	5	3	2	3	5	-4.25982	-3.24118	-5.48929	-4.83777
339	4	7	10	4	1	7	1	-1.83951	-3.7601	-2.53398	-1.93773
340	4	7	10	4	1	7	1	-1.83951	-3.7601	-2.53398	-1.93773
341	4	7	10	4	42	51	1	-2.94348	-4.5843	-4.62549	-3.8269
342	2	4	1	2	2	1	5	-2.79184	-3.62126	-4.03482	-4.14871
343	2	1	12	88	2	1	5	-3.97092	-3.41564	-5.66574	-5.41265
344	2	1	1	3	2	1	5	-4.63965	-3.77459	-6.37135	-7.53913
345	1	2	3	4	5	9	3	-4.70804	-2.47413	-3.68424	-4.97172
346	2	1	12	88	2	1	5	-3.97092	-3.41564	-5.66574	-5.41265
347	2	1	1	3	2	1	5	-4.63965	-3.77459	-6.37135	-7.53913
348	24	17	2	10	23	68	5	-9.52964	-5.75939	-8.80269	-10.3448
349	4	7	10	4	1	7	1	-1.83951	-3.7601	-2.53398	-1.93773
350	2	1	21	3	2	1	5	-2.9533	-2.47529	-4.3639	-4.60193
351	1	4	2	2	6	3	17	-4.70774	-2.43551	-4.71645	-5.70283
352	2	1	5	3	2	3	5	-4.25982	-3.24118	-5.48929	-4.83777
353	4	7	10	4	1	7	1	-1.83951	-3.7601	-2.53398	-1.93773
354	2	1	1	3	2	1	5	-4.63965	-3.77459	-6.37135	-7.53913
355	2	1	12	3	2	1	5	-2.64667	-2.10259	-3.62541	-4.95319
356	8	10	149	2	11	12	6	-4.90884	-3.95247	-5.69763	-7.34016
357	2	4	1	2	2	5	5	-6.82431	-6.39309	-8.74427	-9.80054
358	10	1	16	19	10	5	7	-6.4159	-2.73402	-4.29386	-5.2359
359	24	17	2	10	23	68	5	-9.52964	-5.75939	-8.80269	-10.3448
360	1	2	4	62	4	5	17	-6.13705	-4.83061	-7.56984	-8.83233
361	2	4	1	2	7	1	5	-2.32116	-5.44417	-4.94174	-5.3015
362	7	71	5	62	11	67	6	-29.3985	-30.7286	-26.5053	-30.3381
363	7	17	5	2	10	3	6	-25.1027	-24.7453	-24.054	-22.6547
364	2	1	5	3	2	3	5	-4.25982	-3.24118	-5.48929	-4.83777
365	9	2	4	62	4	5	6	-3.73507	-5.15192	-5.55856	-6.84968
366	33	38	30	82	104	325	36	-14.5752	-11.8847	-12.0096	-14.7678
367	2	4	1	2	7	1	5	-2.32116	-5.44417	-4.94174	-5.3015
368	47	2	4	2	6	5	17	-12.4412	-10.8532	-6.22623	-8.37991
369	2	1	12	88	2	1	5	-3.97092	-3.41564	-5.66574	-5.41265
370	2	1	12	88	2	1	5	-3.97092	-3.41564	-5.66574	-5.41265
371	2	1	12	88	2	1	5	-3.97092	-3.41564	-5.66574	-5.41265
372	2	1	12	88	2	1	5	-3.97092	-3.41564	-5.66574	-5.41265
373	2	4	1	2	2	1	5	-2.79184	-3.62126	-4.03482	-4.14871
374	2	1	12	88	2	1	5	-3.97092	-3.41564	-5.66574	-5.41265
375	1	1	2	2	6	3	17	-9.93345	-6.23455	-9.23752	-10.6657
376	2	1	12	88	2	1	5	-3.97092	-3.41564	-5.66574	-5.41265
377	2	1	12	88	2	1	5	-3.97092	-3.41564	-5.66574	-5.41265
378	2	4	1	2	2	1	5	-2.79184	-3.62126	-4.03482	-4.14871
379	2	1	12	88	2	1	5	-3.97092	-3.41564	-5.66574	-5.41265
380	2	1	5	3	2	3	5	-4.25982	-3.24118	-5.48929	-4.83777
381	4	7	10	4	1	7	1	-1.83951	-3.7601	-2.53398	-1.93773
382	2	1	12	3	2	1	5	-2.64667	-2.10259	-3.62541	-4.95319
383	1	2	4	62	4	5	17	-6.13705	-4.83061	-7.56984	-8.83233
384	1	4	2	2	6	3	17	-4.70774	-2.43551	-4.71645	-5.70283
385	2	1	12	3	2	1	5	-2.64667	-2.10259	-3.62541	-4.95319
386	2	1	12	88	2	1	5	-3.97092	-3.41564	-5.66574	-5.41265
387	9	2	4	62	4	5	6	-3.73507	-5.15192	-5.55856	-6.84968
388	2	4	1	2	7	1	5	-2.32116	-5.44417	-4.94174	-5.3015
389	2	1	5	3	2	3	5	-4.25982	-3.24118	-5.48929	-4.83777
390	7	21	5	62	4	61	44	-7.57841	-3.81521	-5.80049	-7.6988
391	1	2	215	4	90	24	8	-30.6691	-33.7313	-21.3214	-24.2027
392	2	1	21	3	2	1	5	-2.9533	-2.47529	-4.3639	-4.60193
393	1	4	2	2	6	3	17	-4.70774	-2.43551	-4.71645	-5.70283
394	2	4	1	2	2	1	5	-2.79184	-3.62126	-4.03482	-4.14871
395	2	1	12	3	2	1	5	-2.64667	-2.10259	-3.62541	-4.95319
396	1	2	3	4	5	9	3	-4.70804	-2.47413	-3.68424	-4.97172
397	2	1	5	3	2	3	5	-4.25982	-3.24118	-5.48929	-4.83777
398	10	1	16	19	10	5	7	-6.4159	-2.73402	-4.29386	-5.2359
399	2	1	2	3	2	959	5	-8.12117	-11.9783	-8.93439	-10.8967
400	10	1	16	19	10	5	7	-6.4159	-2.73402	-4.29386	-5.2359
401	2	4	1	2	7	1	5	-2.32116	-5.44417	-4.94174	-5.3015
402	2	1	12	3	2	1	5	-2.64667	-2.10259	-3.62541	-4.95319
403	8	10	149	2	11	12	6	-4.90884	-3.95247	-5.69763	-7.34016
404	2	4	1	2	7	1	5	-2.32116	-5.44417	-4.94174	-5.3015
405	4	7	10	4	1	7	1	-1.83951	-3.7601	-2.53398	-1.93773
406	4	7	10	4	1	7	1	-1.83951	-3.7601	-2.53398	-1.93773
407	2	4	5	2	2	5	5	-3.68732	-6.80195	-6.17274	-5.95478
408	2	1	12	3	2	1	5	-2.64667	-2.10259	-3.62541	-4.95319
409	166	2	27	10	151	3	1	-32.0019	-37.3891	-26.1427	-27.7724
410	33	39	30	79	113	44	17	-25.6424	-24.4421	-24.8387	-27.0481
411	7	17	2	15	23	3	12	-6.91885	-10.0417	-9.58545	-10.3358
412	1	2	3	4	5	9	3	-4.70804	-2.47413	-3.68424	-4.97172
413	2	4	1	2	7	1	5	-2.32116	-5.44417	-4.94174	-5.3015
414	7	21	5	62	4	61	44	-7.57841	-3.81521	-5.80049	-7.6988
415	2	1	12	3	2	1	5	-2.64667	-2.10259	-3.62541	-4.95319
416	1	2	3	4	5	9	3	-4.70804	-2.47413	-3.68424	-4.97172
417	2	1	5	88	2	11	5	-9.0829	-5.33844	-6.11133	-8.18269
418	2	4	1	2	7	1	5	-2.32116	-5.44417	-4.94174	-5.3015
419	2	1	21	3	2	1	5	-2.9533	-2.47529	-4.3639	-4.60193
420	7	17	2	15	23	3	12	-6.91885	-10.0417	-9.58545	-10.3358
421	2	1	5	88	2	11	5	-9.0829	-5.33844	-6.11133	-8.18269
422	47	2	4	2	6	5	17	-12.4412	-10.8532	-6.22623	-8.37991
423	1	2	3	4	5	9	3	-4.70804	-2.47413	-3.68424	-4.97172
424	7	17	2	15	23	3	12	-6.91885	-10.0417	-9.58545	-10.3358
425	2	4	1	2	2	1	5	-2.79184	-3.62126	-4.03482	-4.14871
426	2	4	1	2	2	1	5	-2.79184	-3.62126	-4.03482	-4.14871
427	2	4	1	2	2	1	5	-2.79184	-3.62126	-4.03482	-4.14871
428	2	1	12	3	2	1	5	-2.64667	-2.10259	-3.62541	-4.95319
429	2	4	5	2	2	5	5	-3.68732	-6.80195	-6.17274	-5.95478
430	2	1	21	3	2	1	5	-2.9533	-2.47529	-4.3639	-4.60193
431	4	7	10	4	42	25	1	-8.50148	-10.2012	-5.79372	-5.16533
432	1	4	2	2	6	3	17	-4.70774	-2.43551	-4.71645	-5.70283
433	1	2	215	4	923	24	8	-30.6691	-33.7313	-21.3214	-24.2027
434	1	2	3	4	5	9	3	-4.70804	-2.47413	-3.68424	-4.97172
435	2	1	1	3	2	1	5	-4.63965	-3.77459	-6.37135	-7.53913
436	1	4	2	2	6	3	17	-4.70774	-2.43551	-4.71645	-5.70283
437	2	4	1	2	2	1	5	-2.79184	-3.62126	-4.03482	-4.14871
438	2	1	5	3	2	5	5	-5.67114	-2.82191	-4.18218	-5.56511
439	4	7	10	4	42	51	1	-2.94348	-4.5843	-4.62549	-3.8269
440	4	7	10	4	1	7	1	-1.83951	-3.7601	-2.53398	-1.93773
441	4	7	10	4	1	7	1	-1.83951	-3.7601	-2.53398	-1.93773
442	4	7	10	4	1	7	1	-1.83951	-3.7601	-2.53398	-1.93773
443	2	1	21	3	2	1	5	-2.9533	-2.47529	-4.3639	-4.60193
444	2	1	21	3	2	1	5	-2.9533	-2.47529	-4.3639	-4.60193
445	2	4	1	2	7	1	5	-2.32116	-5.44417	-4.94174	-5.3015
446	4	7	10	4	1	7	1	-1.83951	-3.7601	-2.53398	-1.93773
447	4	7	10	4	1	7	1	-1.83951	-3.7601	-2.53398	-1.93773
448	2	1	1	3	2	1	5	-4.63965	-3.77459	-6.37135	-7.53913
449	2	1	21	3	2	1	5	-2.9533	-2.47529	-4.3639	-4.60193
450	2	1	21	3	2	1	5	-2.9533	-2.47529	-4.3639	-4.60193
451	4	7	10	4	42	51	1	-2.94348	-4.5843	-4.62549	-3.8269
452	4	7	10	1	1	7	1	-5.28759	-8.32372	-5.91683	-6.11637
453	239	27	16	19	10	5	7	-10.2258	-6.45394	-9.49655	-11.0393
454	2	1	12	3	2	1	5	-2.64667	-2.10259	-3.62541	-4.95319
455	2	4	1	2	2	1	5	-2.79184	-3.62126	-4.03482	-4.14871
456	2	1	12	3	2	1	5	-2.64667	-2.10259	-3.62541	-4.95319
457	2	1	12	3	2	1	5	-2.64667	-2.10259	-3.62541	-4.95319
458	10	81	50	99	120	76	52	-6.70553	-6.39548	-5.27638	-5.15533
459	47	2	4	2	6	5	17	-12.4412	-10.8532	-6.22623	-8.37991
460	2	4	1	3	2	1	5	-6.82729	-8.78269	-9.25826	-9.97125
461	4	7	10	4	1	7	1	-1.83951	-3.7601	-2.53398	-1.93773
462	2	1	1	380	2	1	5	-6.17902	-5.71868	-8.14411	-9.23004
463	2	4	1	2	7	1	5	-2.32116	-5.44417	-4.94174	-5.3015
464	2	1	12	88	2	1	5	-3.97092	-3.41564	-5.66574	-5.41265
465	7	71	5	62	11	67	1	-31.0242	-30.9599	-25.8832	-29.5102
466	2	4	1	2	7	1	5	-2.32116	-5.44417	-4.94174	-5.3015
467	4	7	10	4	1	7	1	-1.83951	-3.7601	-2.53398	-1.93773
468	2	1	1	380	2	1	5	-6.17902	-5.71868	-8.14411	-9.23004
469	2	4	1	2	2	1	5	-2.79184	-3.62126	-4.03482	-4.14871
470	2	1	12	3	2	1	5	-2.64667	-2.10259	-3.62541	-4.95319
471	1	14	2	2	6	1	17	-9.20104	-6.43898	-7.77319	-6.33352
472	1	2	4	62	4	5	17	-6.13705	-4.83061	-7.56984	-8.83233
473	4	7	10	4	1	7	1	-1.83951	-3.7601	-2.53398	-1.93773
474	2	1	21	3	2	1	5	-2.9533	-2.47529	-4.3639	-4.60193
475	2	4	1	2	2	1	5	-2.79184	-3.62126	-4.03482	-4.14871
476	1	4	2	2	6	3	17	-4.70774	-2.43551	-4.71645	-5.70283
477	4	7	10	4	1	7	1	-1.83951	-3.7601	-2.53398	-1.93773
478	10	2	107	62	120	76	1	-6.85515	-9.91493	-7.79178	-6.32213
479	2	1	12	3	2	1	5	-2.64667	-2.10259	-3.62541	-4.95319
480	2	1	5	3	2	3	5	-4.25982	-3.24118	-5.48929	-4.83777
481	2	1	21	3	2	1	5	-2.9533	-2.47529	-4.3639	-4.60193
482	1	2	3	4	5	9	3	-4.70804	-2.47413	-3.68424	-4.97172
483	1	307	3	4	5	9	3	-6.87816	-6.41153	-6.14926	-8.18436
484	7	2	5	2	10	3	6	-30.7356	-28.2948	-28.5843	-28.656
485	1	2	3	4	5	9	3	-4.70804	-2.47413	-3.68424	-4.97172
486	33	39	30	82	104	173	68	-5.42757	-3.9607	-6.74575	-8.03926
487	4	7	10	4	42	7	1	-6.54103	-9.2358	-5.5514	-4.65057
488	2	1	12	88	2	1	5	-3.97092	-3.41564	-5.66574	-5.41265
489	2	4	1	2	2	1	5	-2.79184	-3.62126	-4.03482	-4.14871
490	2	1	21	3	2	1	5	-2.9533	-2.47529	-4.3639	-4.60193
491	9	2	4	62	4	5	6	-3.73507	-5.15192	-5.55856	-6.84968
492	2	1	5	3	2	3	5	-4.25982	-3.24118	-5.48929	-4.83777
493	4	7	10	4	1	7	1	-1.83951	-3.7601	-2.53398	-1.93773
494	2	1	57	26	127	29	35	-6.90909	-9.66803	-6.18906	-8.23216
495	2	1	57	26	127	29	35	-6.90909	-9.66803	-6.18906	-8.23216
496	2	4	2	4	19	3	6	-5.81414	-8.93669	-8.47916	-9.22473
497	2	1	12	3	2	1	5	-2.64667	-2.10259	-3.62541	-4.95319
498	2	4	1	2	2	1	5	-2.79184	-3.62126	-4.03482	-4.14871
499	2	4	1	2	2	1	5	-2.79184	-3.62126	-4.03482	-4.14871
500	2	1	21	3	2	1	5	-2.9533	-2.47529	-4.3639	-4.60193
501	33	39	65	79	104	43	17	-4.61527	-7.73888	-7.28222	-8.03328
502	1	14	2	2	6	1	17	-9.20104	-6.43898	-7.77319	-6.33352
503	2	1	12	3	2	1	5	-2.64667	-2.10259	-3.62541	-4.95319
504	7	21	5	62	4	61	44	-7.57841	-3.81521	-5.80049	-7.6988
505	9	2	4	62	4	5	6	-3.73507	-5.15192	-5.55856	-6.84968
506	129	66	30	82	189	47	17	-3.26237	-4.82841	-5.174	-4.17626
507	2	1	21	3	2	1	5	-2.9533	-2.47529	-4.3639	-4.60193
508	47	2	4	2	6	5	17	-12.4412	-10.8532	-6.22623	-8.37991
509	2	4	1	2	7	1	5	-2.32116	-5.44417	-4.94174	-5.3015
510	33	38	30	82	104	325	36	-14.5752	-11.8847	-12.0096	-14.7678
511	1	4	2	2	6	3	17	-4.70774	-2.43551	-4.71645	-5.70283
512	1	4	2	2	6	3	17	-4.70774	-2.43551	-4.71645	-5.70283
513	2	4	1	2	2	1	5	-2.79184	-3.62126	-4.03482	-4.14871
514	4	7	10	4	1	7	1	-1.83951	-3.7601	-2.53398	-1.93773
515	33	283	44	82	189	44	17	-7.13893	-3.45669	-5.56816	-6.07272
516	8	10	149	2	11	12	6	-4.90884	-3.95247	-5.69763	-7.34016
517	2	1	21	3	62	1	5	-5.81077	-8.92733	-8.47726	-9.22715
518	10	1	16	19	10	5	7	-6.4159	-2.73402	-4.29386	-5.2359
519	180	194	2	68	19	231	147	-27.0623	-35.5786	-20.5381	-27.3702
520	2	4	1	2	7	1	5	-2.32116	-5.44417	-4.94174	-5.3015
521	2	4	2	2	6	1	5	-6.12596	-4.81923	-5.99021	-7.88267
522	1	2	3	4	5	9	3	-4.70804	-2.47413	-3.68424	-4.97172
523	2	1	21	3	2	1	5	-2.9533	-2.47529	-4.3639	-4.60193
524	2	1	12	3	2	1	5	-2.64667	-2.10259	-3.62541	-4.95319
525	2	1	5	3	2	3	5	-4.25982	-3.24118	-5.48929	-4.83777
526	1	307	3	4	5	9	3	-6.87816	-6.41153	-6.14926	-8.18436
527	2	4	1	2	7	1	5	-2.32116	-5.44417	-4.94174	-5.3015
528	2	1	12	3	2	1	5	-2.64667	-2.10259	-3.62541	-4.95319
529	7	21	5	62	4	61	44	-7.57841	-3.81521	-5.80049	-7.6988
530	2	1	5	3	2	3	5	-4.25982	-3.24118	-5.48929	-4.83777
531	2	1	12	88	2	1	5	-3.97092	-3.41564	-5.66574	-5.41265
532	2	1	21	3	2	1	5	-2.9533	-2.47529	-4.3639	-4.60193
533	1	4	2	2	6	3	17	-4.70774	-2.43551	-4.71645	-5.70283
534	2	4	1	2	7	1	5	-2.32116	-5.44417	-4.94174	-5.3015
535	47	2	4	2	6	5	17	-12.4412	-10.8532	-6.22623	-8.37991
536	1	4	2	2	6	3	17	-4.70774	-2.43551	-4.71645	-5.70283
537	1	2	3	4	5	9	3	-4.70804	-2.47413	-3.68424	-4.97172
538	2	4	1	2	2	1	5	-2.79184	-3.62126	-4.03482	-4.14871
539	4	7	10	4	42	7	1	-6.54103	-9.2358	-5.5514	-4.65057
540	2	4	1	9	2	1	5	-7.12781	-9.04914	-6.54423	-7.87615
541	2	1	12	3	2	1	5	-2.64667	-2.10259	-3.62541	-4.95319
542	1	4	2	9	6	3	17	-9.04813	-7.81342	-7.20489	-9.41797
543	1	2	3	4	922	9	3	-9.05868	-7.90409	-6.19717	-8.70067
544	4	7	10	4	1	7	1	-1.83951	-3.7601	-2.53398	-1.93773
545	2	1	5	3	2	3	5	-4.25982	-3.24118	-5.48929	-4.83777
546	2	4	1	2	7	1	5	-2.32116	-5.44417	-4.94174	-5.3015
547	4	7	10	4	1	7	1	-1.83951	-3.7601	-2.53398	-1.93773
548	2	4	1	2	2	1	5	-2.79184	-3.62126	-4.03482	-4.14871
549	2	1	21	3	2	1	5	-2.9533	-2.47529	-4.3639	-4.60193
550	4	7	10	4	1	7	1	-1.83951	-3.7601	-2.53398	-1.93773
551	1	4	2	2	6	3	17	-4.70774	-2.43551	-4.71645	-5.70283
552	2	1	5	3	2	5	5	-5.67114	-2.82191	-4.18218	-5.56511
553	2	1	12	3	2	1	5	-2.64667	-2.10259	-3.62541	-4.95319
554	4	936	10	4	1	7	1	-6.18531	-9.18692	-5.02265	-5.66892
555	180	194	2	68	19	231	147	-27.0623	-35.5786	-20.5381	-27.3702
556	4	7	10	4	42	51	1	-2.94348	-4.5843	-4.62549	-3.8269
557	4	7	10	4	42	25	1	-8.50148	-10.2012	-5.79372	-5.16533
558	2	1	21	3	2	1	5	-2.9533	-2.47529	-4.3639	-4.60193
559	2	1	5	3	2	3	5	-4.25982	-3.24118	-5.48929	-4.83777
560	2	1	5	3	2	3	5	-4.25982	-3.24118	-5.48929	-4.83777
561	4	7	10	4	42	51	1	-2.94348	-4.5843	-4.62549	-3.8269
562	4	7	10	4	1	7	1	-1.83951	-3.7601	-2.53398	-1.93773
563	2	4	1	2	7	1	5	-2.32116	-5.44417	-4.94174	-5.3015
564	2	1	21	3	2	1	5	-2.9533	-2.47529	-4.3639	-4.60193
565	1	4	2	2	6	3	17	-4.70774	-2.43551	-4.71645	-5.70283
566	188	313	5	2	89	5	6	-39.7694	-38.1104	-36.7108	-41.3331
567	2	1	21	3	2	1	5	-2.9533	-2.47529	-4.3639	-4.60193
568	2	1	1	3	2	1	5	-4.63965	-3.77459	-6.37135	-7.53913
569	2	1	5	3	2	3	5	-4.25982	-3.24118	-5.48929	-4.83777
570	2	4	1	2	2	1	5	-2.79184	-3.62126	-4.03482	-4.14871
571	2	1	5	3	2	3	5	-4.25982	-3.24118	-5.48929	-4.83777
572	2	1	1	3	2	1	5	-4.63965	-3.77459	-6.37135	-7.53913
573	2	1	5	3	2	3	5	-4.25982	-3.24118	-5.48929	-4.83777
574	1	4	2	2	6	3	17	-4.70774	-2.43551	-4.71645	-5.70283
575	1	4	2	2	6	3	17	-4.70774	-2.43551	-4.71645	-5.70283
576	2	1	21	3	2	1	5	-2.9533	-2.47529	-4.3639	-4.60193
577	239	27	16	19	10	5	7	-10.2258	-6.45394	-9.49655	-11.0393
578	2	4	5	2	2	5	5	-3.68732	-6.80195	-6.17274	-5.95478
579	9	2	4	62	4	5	6	-3.73507	-5.15192	-5.55856	-6.84968
580	2	1	1	3	2	1	5	-4.63965	-3.77459	-6.37135	-7.53913
581	2	1	5	3	2	3	5	-4.25982	-3.24118	-5.48929	-4.83777
582	1	4	2	2	6	3	17	-4.70774	-2.43551	-4.71645	-5.70283
583	2	4	5	2	2	5	5	-3.68732	-6.80195	-6.17274	-5.95478
584	2	4	5	2	2	5	5	-3.68732	-6.80195	-6.17274	-5.95478
585	2	1	5	3	2	3	5	-4.25982	-3.24118	-5.48929	-4.83777
586	2	1	1	380	2	1	5	-6.17902	-5.71868	-8.14411	-9.23004
587	2	7	10	4	1	7	1	-6.52286	-8.92656	-8.03383	-7.12404
588	2	1	12	3	2	1	5	-2.64667	-2.10259	-3.62541	-4.95319
589	2	4	1	2	2	1	5	-2.79184	-3.62126	-4.03482	-4.14871
590	9	2	4	62	4	5	6	-3.73507	-5.15192	-5.55856	-6.84968
591	2	4	5	2	2	5	5	-3.68732	-6.80195	-6.17274	-5.95478
592	1	4	2	2	6	3	17	-4.70774	-2.43551	-4.71645	-5.70283
593	1	4	2	2	6	5	17	-12.6086	-9.07343	-11.921	-13.7449
594	2	4	2	2	6	1	5	-6.12596	-4.81923	-5.99021	-7.88267
595	1	4	2	2	6	5	17	-12.6086	-9.07343	-11.921	-13.7449
596	2	23	21	3	2	1	5	-7.30518	-7.90841	-6.87822	-8.33259
597	7	21	5	62	4	61	44	-7.57841	-3.81521	-5.80049	-7.6988
598	2	4	1	2	2	1	5	-2.79184	-3.62126	-4.03482	-4.14871
599	1	307	3	4	5	9	3	-6.87816	-6.41153	-6.14926	-8.18436
600	1	2	3	4	5	9	3	-4.70804	-2.47413	-3.68424	-4.97172
601	9	2	4	62	4	5	6	-3.73507	-5.15192	-5.55856	-6.84968
602	2	1	12	3	2	1	5	-2.64667	-2.10259	-3.62541	-4.95319
603	1	4	2	2	6	3	17	-4.70774	-2.43551	-4.71645	-5.70283
604	10	1	16	19	10	5	7	-6.4159	-2.73402	-4.29386	-5.2359
605	2	1	12	3	2	1	5	-2.64667	-2.10259	-3.62541	-4.95319
606	180	194	2	68	19	231	147	-27.0623	-35.5786	-20.5381	-27.3702
607	2	1	12	3	2	1	5	-2.64667	-2.10259	-3.62541	-4.95319
608	4	7	10	4	1	7	1	-1.83951	-3.7601	-2.53398	-1.93773
609	129	66	30	82	189	47	17	-3.26237	-4.82841	-5.174	-4.17626
610	4	7	10	4	1	7	1	-1.83951	-3.7601	-2.53398	-1.93773
611	2	1	12	3	2	1	5	-2.64667	-2.10259	-3.62541	-4.95319
612	2	1	21	3	2	1	5	-2.9533	-2.47529	-4.3639	-4.60193
613	4	7	10	4	1	7	1	-1.83951	-3.7601	-2.53398	-1.93773
614	10	1	16	19	10	5	7	-6.4159	-2.73402	-4.29386	-5.2359
615	8	10	149	2	11	12	6	-4.90884	-3.95247	-5.69763	-7.34016
616	129	66	30	82	189	47	17	-3.26237	-4.82841	-5.174	-4.17626
617	2	4	1	2	2	1	5	-2.79184	-3.62126	-4.03482	-4.14871
618	180	194	2	68	19	231	147	-27.0623	-35.5786	-20.5381	-27.3702
619	2	1	5	3	2	3	5	-4.25982	-3.24118	-5.48929	-4.83777
620	2	4	1	2	2	1	5	-2.79184	-3.62126	-4.03482	-4.14871
621	1	2	3	4	5	9	3	-4.70804	-2.47413	-3.68424	-4.97172
622	180	194	2	68	19	231	147	-27.0623	-35.5786	-20.5381	-27.3702
623	33	39	65	79	104	43	17	-4.61527	-7.73888	-7.28222	-8.03328
624	2	4	5	2	2	5	5	-3.68732	-6.80195	-6.17274	-5.95478
625	2	1	5	3	2	5	5	-5.67114	-2.82191	-4.18218	-5.56511
626	2	1	12	3	2	1	5	-2.64667	-2.10259	-3.62541	-4.95319
627	180	194	2	68	19	231	147	-27.0623	-35.5786	-20.5381	-27.3702
628	2	1	21	3	2	1	5	-2.9533	-2.47529	-4.3639	-4.60193
629	2	1	5	3	2	5	5	-5.67114	-2.82191	-4.18218	-5.56511
630	2	1	21	3	2	1	5	-2.9533	-2.47529	-4.3639	-4.60193
631	1	2	3	4	5	9	3	-4.70804	-2.47413	-3.68424	-4.97172
632	2	1	21	3	2	1	5	-2.9533	-2.47529	-4.3639	-4.60193
633	8	10	2	2	11	12	6	-3.97146	-7.06706	-6.63848	-7.38944
634	2	4	1	2	7	1	5	-2.32116	-5.44417	-4.94174	-5.3015
635	2	1	5	3	2	3	5	-4.25982	-3.24118	-5.48929	-4.83777
636	1	2	3	4	5	9	3	-4.70804	-2.47413	-3.68424	-4.97172
637	9	2	4	62	4	5	6	-3.73507	-5.15192	-5.55856	-6.84968
638	2	1	21	3	2	1	5	-2.9533	-2.47529	-4.3639	-4.60193
639	8	10	149	2	11	12	6	-4.90884	-3.95247	-5.69763	-7.34016
640	2	1	12	88	2	1	5	-3.97092	-3.41564	-5.66574	-5.41265
641	2	4	1	2	2	1	5	-2.79184	-3.62126	-4.03482	-4.14871
642	2	1	5	10	10	1	5	-22.9713	-24.1276	-23.3646	-23.3398
643	1	2	3	4	5	9	3	-4.70804	-2.47413	-3.68424	-4.97172
644	2	4	1	2	7	1	5	-2.32116	-5.44417	-4.94174	-5.3015
645	2	4	1	2	2	1	5	-2.79184	-3.62126	-4.03482	-4.14871
646	1	2	3	4	5	9	3	-4.70804	-2.47413	-3.68424	-4.97172
647	2	1	12	88	2	1	5	-3.97092	-3.41564	-5.66574	-5.41265
648	4	7	10	4	1	7	1	-1.83951	-3.7601	-2.53398	-1.93773
649	2	1	21	3	2	1	5	-2.9533	-2.47529	-4.3639	-4.60193
650	2	4	1	2	7	1	5	-2.32116	-5.44417	-4.94174	-5.3015
651	33	38	30	82	118	43	17	-19.894	-18.9148	-20.7036	-22.7845
652	2	4	1	2	2	1	5	-2.79184	-3.62126	-4.03482	-4.14871
653	2	1	5	3	2	3	5	-4.25982	-3.24118	-5.48929	-4.83777
654	4	7	10	4	1	7	1	-1.83951	-3.7601	-2.53398	-1.93773
655	8	10	2	2	11	12	6	-3.97146	-7.06706	-6.63848	-7.38944
656	2	4	5	2	2	5	5	-3.68732	-6.80195	-6.17274	-5.95478
657	4	7	10	4	1	7	1	-1.83951	-3.7601	-2.53398	-1.93773
658	2	1	5	3	2	3	5	-4.25982	-3.24118	-5.48929	-4.83777
659	33	39	30	82	113	47	17	-5.79453	-5.7196	-7.93803	-8.95031
660	2	1	21	3	2	1	5	-2.9533	-2.47529	-4.3639	-4.60193
661	2	4	1	2	7	1	5	-2.32116	-5.44417	-4.94174	-5.3015
662	2	1	1	3	2	1	5	-4.63965	-3.77459	-6.37135	-7.53913
663	4	7	10	4	1	7	1	-1.83951	-3.7601	-2.53398	-1.93773
664	7	21	5	62	4	61	44	-7.57841	-3.81521	-5.80049	-7.6988
665	10	81	50	99	120	76	52	-6.70553	-6.39548	-5.27638	-5.15533
666	4	7	10	4	1	7	1	-1.83951	-3.7601	-2.53398	-1.93773
667	1	2	3	4	5	9	3	-4.70804	-2.47413	-3.68424	-4.97172
668	1	2	3	4	5	9	3	-4.70804	-2.47413	-3.68424	-4.97172
669	2	4	1	2	7	1	5	-2.32116	-5.44417	-4.94174	-5.3015
670	4	7	10	4	1	7	1	-1.83951	-3.7601	-2.53398	-1.93773
671	2	1	5	3	2	3	5	-4.25982	-3.24118	-5.48929	-4.83777
672	1	4	2	2	6	3	17	-4.70774	-2.43551	-4.71645	-5.70283
673	4	935	10	4	1	7	1	-6.18531	-9.18692	-5.02265	-5.66892
674	10	1	16	19	10	5	7	-6.4159	-2.73402	-4.29386	-5.2359
675	4	7	10	4	1	7	1	-1.83951	-3.7601	-2.53398	-1.93773
676	33	39	65	79	104	43	17	-4.61527	-7.73888	-7.28222	-8.03328
677	2	4	2	2	6	1	5	-6.12596	-4.81923	-5.99021	-7.88267
678	4	7	10	4	42	25	1	-8.50148	-10.2012	-5.79372	-5.16533
679	1	4	2	2	6	3	17	-4.70774	-2.43551	-4.71645	-5.70283
680	4	7	10	4	42	25	1	-8.50148	-10.2012	-5.79372	-5.16533
681	4	7	10	4	42	25	1	-8.50148	-10.2012	-5.79372	-5.16533
682	4	7	10	4	1	7	1	-1.83951	-3.7601	-2.53398	-1.93773
683	2	4	1	2	7	1	5	-2.32116	-5.44417	-4.94174	-5.3015
684	4	7	10	4	1	7	1	-1.83951	-3.7601	-2.53398	-1.93773
685	4	7	10	4	42	7	1	-6.54103	-9.2358	-5.5514	-4.65057
686	10	27	16	19	10	5	7	-20.3115	-13.161	-16.7046	-17.9506
687	10	81	50	99	120	76	52	-6.70553	-6.39548	-5.27638	-5.15533
688	4	7	10	4	1	7	1	-1.83951	-3.7601	-2.53398	-1.93773
689	4	7	10	4	42	51	1	-2.94348	-4.5843	-4.62549	-3.8269
690	4	7	10	4	1	7	1	-1.83951	-3.7601	-2.53398	-1.93773
691	10	81	50	99	120	76	52	-6.70553	-6.39548	-5.27638	-5.15533
692	2	4	1	2	2	1	5	-2.79184	-3.62126	-4.03482	-4.14871
693	4	7	10	4	42	51	1	-2.94348	-4.5843	-4.62549	-3.8269
694	4	7	10	4	42	51	1	-2.94348	-4.5843	-4.62549	-3.8269
695	4	7	10	4	42	51	1	-2.94348	-4.5843	-4.62549	-3.8269
696	8	10	2	2	11	12	6	-3.97146	-7.06706	-6.63848	-7.38944
697	33	38	30	82	104	43	17	-5.30823	-8.43124	-7.97462	-8.72049
698	4	7	10	4	1	7	1	-1.83951	-3.7601	-2.53398	-1.93773
699	10	81	50	99	120	76	52	-6.70553	-6.39548	-5.27638	-5.15533
700	2	4	1	2	7	1	5	-2.32116	-5.44417	-4.94174	-5.3015
701	4	7	10	4	1	7	1	-1.83951	-3.7601	-2.53398	-1.93773
702	4	7	10	4	1	7	1	-1.83951	-3.7601	-2.53398	-1.93773
703	10	81	50	99	120	76	52	-6.70553	-6.39548	-5.27638	-5.15533
704	4	7	10	4	42	51	1	-2.94348	-4.5843	-4.62549	-3.8269
705	9	2	4	62	4	5	6	-3.73507	-5.15192	-5.55856	-6.84968
706	4	7	10	4	1	7	1	-1.83951	-3.7601	-2.53398	-1.93773
707	2	1	1	3	2	1	5	-4.63965	-3.77459	-6.37135	-7.53913
708	1	14	2	2	6	1	17	-9.20104	-6.43898	-7.77319	-6.33352
709	2	4	2	2	6	1	5	-6.12596	-4.81923	-5.99021	-7.88267
710	2	4	2	2	6	1	5	-6.12596	-4.81923	-5.99021	-7.88267
711	4	7	10	4	42	51	1	-2.94348	-4.5843	-4.62549	-3.8269
712	10	2	107	62	120	76	1	-6.85515	-9.91493	-7.79178	-6.32213
713	2	1	12	3	2	1	5	-2.64667	-2.10259	-3.62541	-4.95319
714	2	4	1	2	2	1	5	-2.79184	-3.62126	-4.03482	-4.14871
715	47	2	4	2	6	5	17	-12.4412	-10.8532	-6.22623	-8.37991
716	4	7	10	4	42	5	1	-10.8148	-11.208	-11.2997	-11.3464
717	2	1	12	3	2	1	5	-2.64667	-2.10259	-3.62541	-4.95319
718	4	7	10	4	42	51	1	-2.94348	-4.5843	-4.62549	-3.8269
719	1	307	3	4	5	9	3	-6.87816	-6.41153	-6.14926	-8.18436
720	2	1	21	3	2	1	5	-2.9533	-2.47529	-4.3639	-4.60193
721	4	7	10	4	1	7	1	-1.83951	-3.7601	-2.53398	-1.93773
722	2	4	1	2	2	1	5	-2.79184	-3.62126	-4.03482	-4.14871
723	2	1	12	3	2	1	5	-2.64667	-2.10259	-3.62541	-4.95319
724	4	7	10	4	1	7	1	-1.83951	-3.7601	-2.53398	-1.93773
725	2	1	21	3	2	1	5	-2.9533	-2.47529	-4.3639	-4.60193
726	2	1	1	3	2	1	5	-4.63965	-3.77459	-6.37135	-7.53913
727	4	7	10	4	1	7	1	-1.83951	-3.7601	-2.53398	-1.93773
728	2	1	12	3	2	1	5	-2.64667	-2.10259	-3.62541	-4.95319
729	1	4	3	2	6	3	17	-14.3456	-9.56346	-12.229	-14.1346
730	2	1	12	3	2	1	5	-2.64667	-2.10259	-3.62541	-4.95319
731	2	1	12	88	2	1	5	-3.97092	-3.41564	-5.66574	-5.41265
732	1	4	2	2	6	3	17	-4.70774	-2.43551	-4.71645	-5.70283
733	4	7	10	4	42	51	1	-2.94348	-4.5843	-4.62549	-3.8269
734	2	1	12	3	2	1	5	-2.64667	-2.10259	-3.62541	-4.95319
735	4	7	10	4	1	7	1	-1.83951	-3.7601	-2.53398	-1.93773
736	2	1	12	88	2	1	5	-3.97092	-3.41564	-5.66574	-5.41265
737	2	1	21	3	2	1	5	-2.9533	-2.47529	-4.3639	-4.60193
738	2	4	5	2	2	5	5	-3.68732	-6.80195	-6.17274	-5.95478
739	2	4	5	2	2	5	5	-3.68732	-6.80195	-6.17274	-5.95478
740	2	1	21	3	62	1	5	-5.81077	-8.92733	-8.47726	-9.22715
741	4	7	10	4	42	25	1	-8.50148	-10.2012	-5.79372	-5.16533
742	1	2	4	62	4	5	17	-6.13705	-4.83061	-7.56984	-8.83233
743	1	2	3	4	5	9	3	-4.70804	-2.47413	-3.68424	-4.97172
744	8	10	2	2	11	12	6	-3.97146	-7.06706	-6.63848	-7.38944
745	2	1	12	88	2	1	5	-3.97092	-3.41564	-5.66574	-5.41265
746	2	4	5	2	2	5	5	-3.68732	-6.80195	-6.17274	-5.95478
747	2	1	12	3	2	1	5	-2.64667	-2.10259	-3.62541	-4.95319
748	7	21	5	62	4	61	44	-7.57841	-3.81521	-5.80049	-7.6988
749	9	2	4	62	4	5	6	-3.73507	-5.15192	-5.55856	-6.84968
750	10	1	16	19	10	5	7	-6.4159	-2.73402	-4.29386	-5.2359
751	10	1	16	19	10	5	7	-6.4159	-2.73402	-4.29386	-5.2359
752	8	10	2	2	11	12	6	-3.97146	-7.06706	-6.63848	-7.38944
753	1	4	2	2	6	3	17	-4.70774	-2.43551	-4.71645	-5.70283
754	2	1	12	3	2	1	5	-2.64667	-2.10259	-3.62541	-4.95319
755	2	1	12	88	2	1	5	-3.97092	-3.41564	-5.66574	-5.41265
756	2	29	4	27	10	25	57	-19.2669	-23.6547	-14.7265	-11.9317
757	2	1	5	3	2	3	5	-4.25982	-3.24118	-5.48929	-4.83777
758	2	1	12	3	2	1	5	-2.64667	-2.10259	-3.62541	-4.95319
759	37	52	57	26	107	29	23	-8.25379	-10.0583	-5.69738	-4.9107
760	2	4	1	2	7	1	5	-2.32116	-5.44417	-4.94174	-5.3015
761	1	2	3	4	5	9	3	-4.70804	-2.47413	-3.68424	-4.97172
762	2	1	12	3	2	1	5	-2.64667	-2.10259	-3.62541	-4.95319
763	1	4	2	2	6	3	17	-4.70774	-2.43551	-4.71645	-5.70283
764	1	4	2	2	6	3	17	-4.70774	-2.43551	-4.71645	-5.70283
765	1	2	3	4	5	9	3	-4.70804	-2.47413	-3.68424	-4.97172
766	4	7	10	4	1	7	1	-1.83951	-3.7601	-2.53398	-1.93773
767	2	1	21	3	2	1	5	-2.9533	-2.47529	-4.3639	-4.60193
768	2	1	12	3	2	1	5	-2.64667	-2.10259	-3.62541	-4.95319
769	2	4	1	2	2	5	5	-6.82431	-6.39309	-8.74427	-9.80054
770	2	4	1	2	2	1	5	-2.79184	-3.62126	-4.03482	-4.14871
771	2	4	5	2	2	5	5	-3.68732	-6.80195	-6.17274	-5.95478
772	10	1	16	19	10	5	7	-6.4159	-2.73402	-4.29386	-5.2359
773	7	21	5	62	4	61	44	-7.57841	-3.81521	-5.80049	-7.6988
774	9	2	4	62	4	5	6	-3.73507	-5.15192	-5.55856	-6.84968
775	2	1	12	3	2	1	5	-2.64667	-2.10259	-3.62541	-4.95319
776	1	4	2	2	6	3	17	-4.70774	-2.43551	-4.71645	-5.70283
777	4	7	10	4	1	7	1	-1.83951	-3.7601	-2.53398	-1.93773
778	2	1	12	3	2	1	5	-2.64667	-2.10259	-3.62541	-4.95319
779	2	1	5	3	2	5	5	-5.67114	-2.82191	-4.18218	-5.56511
780	2	23	21	3	2	1	5	-7.30518	-7.90841	-6.87822	-8.33259
781	2	4	5	2	2	5	5	-3.68732	-6.80195	-6.17274	-5.95478
782	2	4	2	2	6	1	5	-6.12596	-4.81923	-5.99021	-7.88267
783	2	1	12	3	2	1	5	-2.64667	-2.10259	-3.62541	-4.95319
784	4	7	10	4	42	51	1	-2.94348	-4.5843	-4.62549	-3.8269
785	7	17	5	2	86	232	1	-29.0144	-35.6162	-27.084	-27.8007
786	2	4	1	2	2	1	5	-2.79184	-3.62126	-4.03482	-4.14871
787	2	1	12	3	2	1	5	-2.64667	-2.10259	-3.62541	-4.95319
788	2	1	21	3	2	1	5	-2.9533	-2.47529	-4.3639	-4.60193
789	7	17	2	15	23	3	12	-6.91885	-10.0417	-9.58545	-10.3358
790	2	1	5	3	2	5	5	-5.67114	-2.82191	-4.18218	-5.56511
791	1	6	60	24	12	28	1	-30.7921	-37.0737	-18.9996	-23.7891
792	1	2	3	4	5	9	3	-4.70804	-2.47413	-3.68424	-4.97172
793	2	4	5	2	2	5	5	-3.68732	-6.80195	-6.17274	-5.95478
794	1	2	3	4	5	9	3	-4.70804	-2.47413	-3.68424	-4.97172
795	1	6	60	24	12	28	1	-30.7921	-37.0737	-18.9996	-23.7891
796	9	2	4	62	4	5	6	-3.73507	-5.15192	-5.55856	-6.84968
797	2	4	1	2	2	1	5	-2.79184	-3.62126	-4.03482	-4.14871
798	4	7	10	4	1	7	1	-1.83951	-3.7601	-2.53398	-1.93773
799	2	4	5	2	2	5	5	-3.68732	-6.80195	-6.17274	-5.95478
800	7	2	2	2	11	12	6	-4.51811	-7.64192	-7.18521	-7.93577
801	2	1	21	3	2	1	941	-7.30577	-7.88941	-6.87241	-8.33058
802	9	2	2	10	10	3	5	-29.1887	-26.1629	-26.572	-25.2146
803	8	10	149	2	11	12	6	-4.90884	-3.95247	-5.69763	-7.34016
804	7	1	5	2	10	3	6	-31.7122	-30.1825	-30.2852	-28.8742
805	2	1	21	3	2	1	5	-2.9533	-2.47529	-4.3639	-4.60193
806	33	39	30	82	113	43	17	-9.97552	-6.43941	-6.19144	-8.31515
807	1	6	60	24	12	28	1	-30.7921	-37.0737	-18.9996	-23.7891
808	1	6	60	24	12	28	1	-30.7921	-37.0737	-18.9996	-23.7891
809	7	17	2	15	23	3	12	-6.91885	-10.0417	-9.58545	-10.3358
810	1	4	2	2	6	3	17	-4.70774	-2.43551	-4.71645	-5.70283
811	1	4	2	2	6	3	17	-4.70774	-2.43551	-4.71645	-5.70283
812	7	21	5	62	4	61	44	-7.57841	-3.81521	-5.80049	-7.6988
813	239	27	16	19	10	5	7	-10.2258	-6.45394	-9.49655	-11.0393
814	9	2	4	62	4	5	6	-3.73507	-5.15192	-5.55856	-6.84968
815	10	1	16	19	10	5	7	-6.4159	-2.73402	-4.29386	-5.2359
816	2	1	5	3	2	5	5	-5.67114	-2.82191	-4.18218	-5.56511
817	2	4	5	2	2	5	5	-3.68732	-6.80195	-6.17274	-5.95478
818	8	10	2	2	11	12	6	-3.97146	-7.06706	-6.63848	-7.38944
819	7	17	2	15	23	3	12	-6.91885	-10.0417	-9.58545	-10.3358
820	2	4	1	4	1	1	5	-15.0408	-18.5779	-15.8167	-14.8566
821	4	7	10	4	1	7	1	-1.83951	-3.7601	-2.53398	-1.93773
822	8	10	149	2	11	12	6	-4.90884	-3.95247	-5.69763	-7.34016
823	2	1	12	88	2	1	5	-3.97092	-3.41564	-5.66574	-5.41265
824	2	4	2	2	6	1	5	-6.12596	-4.81923	-5.99021	-7.88267
825	10	81	50	99	120	76	52	-6.70553	-6.39548	-5.27638	-5.15533
826	2	4	5	2	2	5	5	-3.68732	-6.80195	-6.17274	-5.95478
827	2	4	1	2	2	5	5	-6.82431	-6.39309	-8.74427	-9.80054
828	8	10	149	2	11	12	6	-4.90884	-3.95247	-5.69763	-7.34016
829	1	4	2	2	6	3	17	-4.70774	-2.43551	-4.71645	-5.70283
830	2	165	73	147	220	190	104	-8.55433	-10.9375	-6.87666	-5.2427
831	4	7	10	4	42	25	1	-8.50148	-10.2012	-5.79372	-5.16533
832	7	2	2	2	11	12	6	-4.51811	-7.64192	-7.18521	-7.93577
833	1	6	60	24	12	28	1	-30.7921	-37.0737	-18.9996	-23.7891
834	2	1	12	3	2	1	5	-2.64667	-2.10259	-3.62541	-4.95319
835	33	39	65	79	104	77	17	-5.30815	-8.43154	-7.97541	-8.72632
836	4	7	10	4	1	7	1	-1.83951	-3.7601	-2.53398	-1.93773
837	1	2	3	4	5	9	3	-4.70804	-2.47413	-3.68424	-4.97172
838	2	1	21	3	2	1	5	-2.9533	-2.47529	-4.3639	-4.60193
839	2	1	12	3	2	1	5	-2.64667	-2.10259	-3.62541	-4.95319
840	4	7	10	4	1	7	1	-1.83951	-3.7601	-2.53398	-1.93773
841	2	4	1	2	7	1	5	-2.32116	-5.44417	-4.94174	-5.3015
842	184	39	30	82	113	43	17	-3.97118	-6.03154	-6.58418	-7.36511
843	4	7	10	4	1	7	1	-1.83951	-3.7601	-2.53398	-1.93773
844	2	4	1	2	2	1	5	-2.79184	-3.62126	-4.03482	-4.14871
845	4	7	10	4	1	7	1	-1.83951	-3.7601	-2.53398	-1.93773
846	2	1	12	88	2	1	5	-3.97092	-3.41564	-5.66574	-5.41265
847	2	1	21	3	2	1	5	-2.9533	-2.47529	-4.3639	-4.60193
848	1	2	3	4	5	9	3	-4.70804	-2.47413	-3.68424	-4.97172
849	4	7	10	4	1	7	1	-1.83951	-3.7601	-2.53398	-1.93773
850	2	1	21	3	2	1	5	-2.9533	-2.47529	-4.3639	-4.60193
851	8	10	2	2	11	12	6	-3.97146	-7.06706	-6.63848	-7.38944
852	2	4	1	2	2	1	5	-2.79184	-3.62126	-4.03482	-4.14871
853	2	4	1	2	2	1	5	-2.79184	-3.62126	-4.03482	-4.14871
854	2	4	2	2	6	1	5	-6.12596	-4.81923	-5.99021	-7.88267
855	2	4	1	2	2	1	5	-2.79184	-3.62126	-4.03482	-4.14871
856	2	4	1	2	2	1	5	-2.79184	-3.62126	-4.03482	-4.14871
857	2	4	1	2	2	1	5	-2.79184	-3.62126	-4.03482	-4.14871
858	1	2	3	4	5	9	3	-4.70804	-2.47413	-3.68424	-4.97172
859	2	4	1	2	2	1	5	-2.79184	-3.62126	-4.03482	-4.14871
860	2	4	1	2	2	1	5	-2.79184	-3.62126	-4.03482	-4.14871
861	8	10	2	2	11	12	6	-3.97146	-7.06706	-6.63848	-7.38944
862	2	1	5	3	2	3	5	-4.25982	-3.24118	-5.48929	-4.83777
863	33	39	30	82	104	173	68	-5.42757	-3.9607	-6.74575	-8.03926
864	2	4	1	2	7	1	5	-2.32116	-5.44417	-4.94174	-5.3015
865	8	10	2	2	11	12	6	-3.97146	-7.06706	-6.63848	-7.38944
866	2	4	1	2	7	1	5	-2.32116	-5.44417	-4.94174	-5.3015
867	1	2	3	4	5	9	3	-4.70804	-2.47413	-3.68424	-4.97172
868	1	2	215	4	90	24	8	-30.6691	-33.7313	-21.3214	-24.2027
869	2	1	1	3	2	1	5	-4.63965	-3.77459	-6.37135	-7.53913
870	10	81	50	99	120	76	52	-6.70553	-6.39548	-5.27638	-5.15533
871	2	4	1	2	7	1	5	-2.32116	-5.44417	-4.94174	-5.3015
872	2	1	12	3	2	1	5	-2.64667	-2.10259	-3.62541	-4.95319
873	2	4	1	2	2	1	5	-2.79184	-3.62126	-4.03482	-4.14871
874	2	4	1	2	2	1	5	-2.79184	-3.62126	-4.03482	-4.14871
875	2	4	1	2	2	1	5	-2.79184	-3.62126	-4.03482	-4.14871
876	2	1	5	3	2	3	5	-4.25982	-3.24118	-5.48929	-4.83777
877	2	4	1	2	2	1	5	-2.79184	-3.62126	-4.03482	-4.14871
878	4	7	10	4	1	7	1	-1.83951	-3.7601	-2.53398	-1.93773
879	2	4	1	2	7	1	5	-2.32116	-5.44417	-4.94174	-5.3015
880	2	4	5	2	2	5	5	-3.68732	-6.80195	-6.17274	-5.95478
881	2	4	1	2	2	1	5	-2.79184	-3.62126	-4.03482	-4.14871
882	8	10	2	2	11	12	6	-3.97146	-7.06706	-6.63848	-7.38944
883	4	7	10	4	1	7	1	-1.83951	-3.7601	-2.53398	-1.93773
884	2	4	1	2	2	1	5	-2.79184	-3.62126	-4.03482	-4.14871
885	166	2	1	10	17	3	1	-34.4058	-39.502	-31.1572	-31.5991
886	2	4	1	2	7	1	5	-2.32116	-5.44417	-4.94174	-5.3015
887	2	4	1	2	2	1	5	-2.79184	-3.62126	-4.03482	-4.14871
888	4	7	10	4	1	7	1	-1.83951	-3.7601	-2.53398	-1.93773
889	4	7	10	4	1	7	1	-1.83951	-3.7601	-2.53398	-1.93773
890	2	4	1	2	7	1	5	-2.32116	-5.44417	-4.94174	-5.3015
891	2	4	1	2	2	1	5	-2.79184	-3.62126	-4.03482	-4.14871
892	2	1	5	3	2	3	5	-4.25982	-3.24118	-5.48929	-4.83777
893	9	25	2	10	22	3	6	-4.47965	-7.55911	-5.75733	-4.36939
894	2	1	21	3	62	1	5	-5.81077	-8.92733	-8.47726	-9.22715
895	129	66	30	82	189	47	17	-3.26237	-4.82841	-5.174	-4.17626
896	129	66	30	82	189	47	17	-3.26237	-4.82841	-5.174	-4.17626
897	4	7	10	4	1	7	1	-1.83951	-3.7601	-2.53398	-1.93773
898	2	4	1	2	2	1	5	-2.79184	-3.62126	-4.03482	-4.14871
899	4	7	10	4	42	7	1	-6.54103	-9.2358	-5.5514	-4.65057
900	2	4	1	2	7	1	5	-2.32116	-5.44417	-4.94174	-5.3015
901	1	307	3	4	5	9	3	-6.87816	-6.41153	-6.14926	-8.18436
902	2	1	21	3	2	1	5	-2.9533	-2.47529	-4.3639	-4.60193
903	4	7	10	4	1	7	1	-1.83951	-3.7601	-2.53398	-1.93773
904	2	1	21	3	2	1	5	-2.9533	-2.47529	-4.3639	-4.60193
905	2	4	1	2	2	5	5	-6.82431	-6.39309	-8.74427	-9.80054
906	2	4	1	2	7	1	5	-2.32116	-5.44417	-4.94174	-5.3015
907	2	4	1	2	7	1	5	-2.32116	-5.44417	-4.94174	-5.3015
908	2	4	1	2	7	1	5	-2.32116	-5.44417	-4.94174	-5.3015
909	4	7	10	4	1	7	1	-1.83951	-3.7601	-2.53398	-1.93773
910	8	10	2	2	11	12	6	-3.97146	-7.06706	-6.63848	-7.38944
911	7	21	5	62	4	61	44	-7.57841	-3.81521	-5.80049	-7.6988
912	2	1	12	88	2	1	5	-3.97092	-3.41564	-5.66574	-5.41265
913	2	4	1	2	2	1	5	-2.79184	-3.62126	-4.03482	-4.14871
914	1	2	3	4	5	9	3	-4.70804	-2.47413	-3.68424	-4.97172
915	2	4	1	2	7	1	5	-2.32116	-5.44417	-4.94174	-5.3015
916	2	4	1	2	2	1	5	-2.79184	-3.62126	-4.03482	-4.14871
917	2	4	1	2	2	1	5	-2.79184	-3.62126	-4.03482	-4.14871
918	2	4	1	2	7	1	5	-2.32116	-5.44417	-4.94174	-5.3015
919	4	7	10	4	1	7	1	-1.83951	-3.7601	-2.53398	-1.93773
920	2	1	5	3	2	3	5	-4.25982	-3.24118	-5.48929	-4.83777
921	2	4	1	2	7	1	5	-2.32116	-5.44417	-4.94174	-5.3015
922	2	4	1	2	2	1	5	-2.79184	-3.62126	-4.03482	-4.14871
923	8	10	2	2	11	12	6	-3.97146	-7.06706	-6.63848	-7.38944
924	2	1	12	3	2	1	5	-2.64667	-2.10259	-3.62541	-4.95319
925	48	7	10	4	183	7	1	-10.4509	-14.5257	-7.50245	-9.33637
926	7	21	5	62	4	61	44	-7.57841	-3.81521	-5.80049	-7.6988
927	4	7	10	4	1	7	1	-1.83951	-3.7601	-2.53398	-1.93773
928	9	25	2	10	22	3	6	-4.47965	-7.55911	-5.75733	-4.36939
929	2	4	1	2	2	1	5	-2.79184	-3.62126	-4.03482	-4.14871
930	2	4	1	2	7	1	5	-2.32116	-5.44417	-4.94174	-5.3015
931	2	4	1	2	2	1	5	-2.79184	-3.62126	-4.03482	-4.14871
932	2	4	1	2	2	1	5	-2.79184	-3.62126	-4.03482	-4.14871
933	9	25	2	10	22	3	6	-4.47965	-7.55911	-5.75733	-4.36939
934	2	4	1	2	2	1	5	-2.79184	-3.62126	-4.03482	-4.14871
935	2	4	1	2	2	1	5	-2.79184	-3.62126	-4.03482	-4.14871
936	2	4	1	2	7	1	5	-2.32116	-5.44417	-4.94174	-5.3015
937	2	4	1	2	7	1	5	-2.32116	-5.44417	-4.94174	-5.3015
938	2	4	1	2	2	1	5	-2.79184	-3.62126	-4.03482	-4.14871
939	2	4	1	2	2	1	5	-2.79184	-3.62126	-4.03482	-4.14871
940	4	7	10	4	1	7	1	-1.83951	-3.7601	-2.53398	-1.93773
941	2	4	1	2	2	1	5	-2.79184	-3.62126	-4.03482	-4.14871
942	4	7	10	4	1	7	1	-1.83951	-3.7601	-2.53398	-1.93773
943	2	4	1	2	7	1	5	-2.32116	-5.44417	-4.94174	-5.3015
944	2	4	1	2	2	1	5	-2.79184	-3.62126	-4.03482	-4.14871
945	4	7	10	4	1	7	1	-1.83951	-3.7601	-2.53398	-1.93773
946	9	25	2	10	22	3	6	-4.47965	-7.55911	-5.75733	-4.36939
947	10	81	50	99	120	76	52	-6.70553	-6.39548	-5.27638	-5.15533
948	2	1	21	3	2	1	5	-2.9533	-2.47529	-4.3639	-4.60193
949	4	7	10	4	1	7	1	-1.83951	-3.7601	-2.53398	-1.93773
950	2	4	1	2	7	1	5	-2.32116	-5.44417	-4.94174	-5.3015
951	4	7	10	4	1	7	1	-1.83951	-3.7601	-2.53398	-1.93773
952	4	7	10	4	1	7	1	-1.83951	-3.7601	-2.53398	-1.93773
953	8	315	2	2	11	12	6	-8.32211	-12.4963	-9.15087	-11.1179
954	8	10	2	2	11	12	6	-3.97146	-7.06706	-6.63848	-7.38944
955	2	4	1	2	2	1	5	-2.79184	-3.62126	-4.03482	-4.14871
956	4	7	10	4	1	7	1	-1.83951	-3.7601	-2.53398	-1.93773
957	2	4	1	2	2	1	5	-2.79184	-3.62126	-4.03482	-4.14871
958	2	4	1	2	2	1	5	-2.79184	-3.62126	-4.03482	-4.14871
959	2	4	1	2	2	1	5	-2.79184	-3.62126	-4.03482	-4.14871
960	2	4	1	2	7	1	5	-2.32116	-5.44417	-4.94174	-5.3015
961	2	4	1	2	2	1	5	-2.79184	-3.62126	-4.03482	-4.14871
962	2	4	1	2	2	1	5	-2.79184	-3.62126	-4.03482	-4.14871
963	2	1	21	3	2	1	5	-2.9533	-2.47529	-4.3639	-4.60193
964	2	4	1	2	2	1	5	-2.79184	-3.62126	-4.03482	-4.14871
965	1	4	2	2	2	3	17	-10.9933	-8.02394	-11.0006	-12.272
966	2	4	1	2	2	1	5	-2.79184	-3.62126	-4.03482	-4.14871
967	2	4	1	2	2	1	5	-2.79184	-3.62126	-4.03482	-4.14871
968	7	21	5	62	4	61	44	-7.57841	-3.81521	-5.80049	-7.6988
969	2	4	1	2	2	1	5	-2.79184	-3.62126	-4.03482	-4.14871
970	4	7	10	4	1	7	1	-1.83951	-3.7601	-2.53398	-1.93773
971	2	4	1	2	2	1	5	-2.79184	-3.62126	-4.03482	-4.14871
972	10	1	16	19	10	5	7	-6.4159	-2.73402	-4.29386	-5.2359
973	8	10	2	2	11	12	6	-3.97146	-7.06706	-6.63848	-7.38944
974	4	7	10	4	1	7	1	-1.83951	-3.7601	-2.53398	-1.93773
975	2	4	2	2	6	1	5	-6.12596	-4.81923	-5.99021	-7.88267
976	2	4	1	2	2	1	5	-2.79184	-3.62126	-4.03482	-4.14871
977	2	4	1	2	2	1	5	-2.79184	-3.62126	-4.03482	-4.14871
978	2	1	12	3	2	1	5	-2.64667	-2.10259	-3.62541	-4.95319
979	2	1	21	3	2	1	5	-2.9533	-2.47529	-4.3639	-4.60193
980	1	4	2	2	6	3	17	-4.70774	-2.43551	-4.71645	-5.70283
981	9	2	4	62	4	5	6	-3.73507	-5.15192	-5.55856	-6.84968
982	9	2	4	62	4	5	6	-3.73507	-5.15192	-5.55856	-6.84968
983	2	4	1	2	2	1	5	-2.79184	-3.62126	-4.03482	-4.14871
984	9	25	2	10	22	3	6	-4.47965	-7.55911	-5.75733	-4.36939
985	2	1	12	3	2	1	5	-2.64667	-2.10259	-3.62541	-4.95319
986	2	4	1	2	2	1	5	-2.79184	-3.62126	-4.03482	-4.14871
987	2	4	1	2	2	1	5	-2.79184	-3.62126	-4.03482	-4.14871
988	2	4	1	2	2	1	5	-2.79184	-3.62126	-4.03482	-4.14871
989	1	4	2	2	6	3	17	-4.70774	-2.43551	-4.71645	-5.70283
990	1	4	2	2	6	3	17	-4.70774	-2.43551	-4.71645	-5.70283
991	9	25	2	10	22	3	6	-4.47965	-7.55911	-5.75733	-4.36939
992	1	4	2	2	6	3	17	-4.70774	-2.43551	-4.71645	-5.70283
993	2	4	1	2	2	1	5	-2.79184	-3.62126	-4.03482	-4.14871
994	2	4	1	2	2	1	5	-2.79184	-3.62126	-4.03482	-4.14871
995	8	10	2	2	11	12	6	-3.97146	-7.06706	-6.63848	-7.38944
996	2	4	1	2	2	1	5	-2.79184	-3.62126	-4.03482	-4.14871
997	2	1	5	3	2	5	5	-5.67114	-2.82191	-4.18218	-5.56511
998	8	10	2	2	11	12	6	-3.97146	-7.06706	-6.63848	-7.38944
999	2	4	1	2	2	1	5	-2.79184	-3.62126	-4.03482	-4.14871
1000	2	4	1	2	2	1	5	-2.79184	-3.62126	-4.03482	-4.14871
1001	2	1	21	3	2	1	5	-2.9533	-2.47529	-4.3639	-4.60193
1002	1	2	4	62	4	5	17	-6.13705	-4.83061	-7.56984	-8.83233
1003	2	1	12	3	2	1	5	-2.64667	-2.10259	-3.62541	-4.95319
1004	2	4	1	2	7	1	5	-2.32116	-5.44417	-4.94174	-5.3015
1005	1	307	3	4	5	9	3	-6.87816	-6.41153	-6.14926	-8.18436
1006	2	4	2	4	19	3	6	-5.81414	-8.93669	-8.47916	-9.22473
1007	2	4	1	2	2	1	5	-2.79184	-3.62126	-4.03482	-4.14871
1008	1	4	2	2	6	3	17	-4.70774	-2.43551	-4.71645	-5.70283
1009	9	25	2	10	22	3	6	-4.47965	-7.55911	-5.75733	-4.36939
1010	4	7	10	4	1	7	1	-1.83951	-3.7601	-2.53398	-1.93773
1011	2	4	1	2	2	1	5	-2.79184	-3.62126	-4.03482	-4.14871
1012	10	1	16	19	10	5	7	-6.4159	-2.73402	-4.29386	-5.2359
1013	2	1	21	3	2	1	5	-2.9533	-2.47529	-4.3639	-4.60193
1014	4	7	10	4	1	7	1	-1.83951	-3.7601	-2.53398	-1.93773
1015	2	4	1	2	2	1	5	-2.79184	-3.62126	-4.03482	-4.14871
1016	1	2	3	4	5	9	3	-4.70804	-2.47413	-3.68424	-4.97172
1017	9	316	4	62	4	5	6	-6.88206	-6.42771	-8.84558	-9.93062
1018	9	25	2	10	22	3	6	-4.47965	-7.55911	-5.75733	-4.36939
1019	1	307	3	4	5	9	3	-6.87816	-6.41153	-6.14926	-8.18436
1020	2	4	1	2	2	1	5	-2.79184	-3.62126	-4.03482	-4.14871
1021	9	25	2	10	22	3	6	-4.47965	-7.55911	-5.75733	-4.36939
1022	2	4	1	2	2	1	5	-2.79184	-3.62126	-4.03482	-4.14871
1023	2	1	12	3	2	1	5	-2.64667	-2.10259	-3.62541	-4.95319
1024	2	1	5	3	2	5	5	-5.67114	-2.82191	-4.18218	-5.56511
1025	2	4	1	2	2	1	5	-2.79184	-3.62126	-4.03482	-4.14871
1026	2	1	12	3	2	1	5	-2.64667	-2.10259	-3.62541	-4.95319
1027	2	1	12	3	2	1	5	-2.64667	-2.10259	-3.62541	-4.95319
1028	10	1	16	19	10	5	7	-6.4159	-2.73402	-4.29386	-5.2359
1029	4	7	10	4	1	7	1	-1.83951	-3.7601	-2.53398	-1.93773
1030	2	4	1	2	2	1	5	-2.79184	-3.62126	-4.03482	-4.14871
1031	2	1	12	88	2	1	5	-3.97092	-3.41564	-5.66574	-5.41265
1032	2	1	21	3	2	1	5	-2.9533	-2.47529	-4.3639	-4.60193
1033	1	2	3	4	5	9	3	-4.70804	-2.47413	-3.68424	-4.97172
1034	8	10	2	2	11	12	6	-3.97146	-7.06706	-6.63848	-7.38944
1035	2	1	12	88	2	1	5	-3.97092	-3.41564	-5.66574	-5.41265
1036	33	39	30	82	104	173	68	-5.42757	-3.9607	-6.74575	-8.03926
1037	1	2	3	4	5	9	3	-4.70804	-2.47413	-3.68424	-4.97172
1038	9	25	2	10	22	3	6	-4.47965	-7.55911	-5.75733	-4.36939
1039	2	4	1	2	2	1	5	-2.79184	-3.62126	-4.03482	-4.14871
1040	8	10	2	2	11	12	6	-3.97146	-7.06706	-6.63848	-7.38944
1041	1	2	4	62	4	5	17	-6.13705	-4.83061	-7.56984	-8.83233
1042	10	1	16	19	10	5	7	-6.4159	-2.73402	-4.29386	-5.2359
1043	33	39	30	82	104	173	68	-5.42757	-3.9607	-6.74575	-8.03926
1044	2	4	1	2	2	1	5	-2.79184	-3.62126	-4.03482	-4.14871
1045	8	10	2	2	11	12	6	-3.97146	-7.06706	-6.63848	-7.38944
1046	2	1	5	3	2	5	5	-5.67114	-2.82191	-4.18218	-5.56511
1047	47	2	4	2	6	5	17	-12.4412	-10.8532	-6.22623	-8.37991
1048	1	2	3	4	5	9	3	-4.70804	-2.47413	-3.68424	-4.97172
1049	4	7	10	4	1	7	1	-1.83951	-3.7601	-2.53398	-1.93773
1050	2	1	5	3	2	3	5	-4.25982	-3.24118	-5.48929	-4.83777
1051	2	4	2	2	6	1	5	-6.12596	-4.81923	-5.99021	-7.88267
1052	2	4	1	2	2	1	5	-2.79184	-3.62126	-4.03482	-4.14871
1053	8	10	149	2	11	12	6	-4.90884	-3.95247	-5.69763	-7.34016
1054	9	25	2	10	22	3	6	-4.47965	-7.55911	-5.75733	-4.36939
1055	2	4	1	2	2	1	5	-2.79184	-3.62126	-4.03482	-4.14871
1056	1	2	3	4	5	9	3	-4.70804	-2.47413	-3.68424	-4.97172
1057	2	1	12	3	2	1	5	-2.64667	-2.10259	-3.62541	-4.95319
1058	4	7	10	4	42	51	1	-2.94348	-4.5843	-4.62549	-3.8269
1059	2	4	1	2	2	1	5	-2.79184	-3.62126	-4.03482	-4.14871
1060	2	1	1	3	2	1	5	-4.63965	-3.77459	-6.37135	-7.53913
1061	2	4	1	2	7	1	5	-2.32116	-5.44417	-4.94174	-5.3015
1062	8	10	2	2	11	12	6	-3.97146	-7.06706	-6.63848	-7.38944
1063	2	4	1	2	2	1	5	-2.79184	-3.62126	-4.03482	-4.14871
1064	9	2	4	62	4	5	6	-3.73507	-5.15192	-5.55856	-6.84968
1065	2	4	1	2	2	1	5	-2.79184	-3.62126	-4.03482	-4.14871
1066	4	7	10	4	1	7	1	-1.83951	-3.7601	-2.53398	-1.93773
1067	8	10	2	2	11	12	6	-3.97146	-7.06706	-6.63848	-7.38944
1068	2	4	2	2	6	1	5	-6.12596	-4.81923	-5.99021	-7.88267
1069	2	4	2	2	6	1	5	-6.12596	-4.81923	-5.99021	-7.88267
1070	2	4	2	2	6	1	5	-6.12596	-4.81923	-5.99021	-7.88267
1071	2	4	2	2	6	1	5	-6.12596	-4.81923	-5.99021	-7.88267
1072	2	4	1	2	2	1	5	-2.79184	-3.62126	-4.03482	-4.14871
1073	2	4	1	2	2	1	5	-2.79184	-3.62126	-4.03482	-4.14871
1074	2	1	12	3	2	1	5	-2.64667	-2.10259	-3.62541	-4.95319
1075	2	4	1	2	7	1	5	-2.32116	-5.44417	-4.94174	-5.3015
1076	4	7	10	4	42	51	1	-2.94348	-4.5843	-4.62549	-3.8269
1077	2	4	1	2	2	1	5	-2.79184	-3.62126	-4.03482	-4.14871
1078	8	10	2	2	11	12	6	-3.97146	-7.06706	-6.63848	-7.38944
1079	1	2	3	4	5	9	3	-4.70804	-2.47413	-3.68424	-4.97172
1080	1	2	3	4	5	9	3	-4.70804	-2.47413	-3.68424	-4.97172
1081	10	1	16	19	10	5	7	-6.4159	-2.73402	-4.29386	-5.2359
1082	8	10	2	2	11	12	6	-3.97146	-7.06706	-6.63848	-7.38944
1083	4	7	10	4	1	7	1	-1.83951	-3.7601	-2.53398	-1.93773
1084	2	4	1	2	2	1	5	-2.79184	-3.62126	-4.03482	-4.14871
1085	2	4	1	2	7	1	5	-2.32116	-5.44417	-4.94174	-5.3015
1086	2	1	21	3	2	1	5	-2.9533	-2.47529	-4.3639	-4.60193
1087	2	1	12	3	2	1	5	-2.64667	-2.10259	-3.62541	-4.95319
1088	2	4	2	4	19	3	6	-5.81414	-8.93669	-8.47916	-9.22473
1089	8	10	149	2	11	12	6	-4.90884	-3.95247	-5.69763	-7.34016
1090	8	10	2	2	11	12	6	-3.97146	-7.06706	-6.63848	-7.38944
1091	2	1	12	3	2	1	5	-2.64667	-2.10259	-3.62541	-4.95319
1092	2	1	12	3	2	1	5	-2.64667	-2.10259	-3.62541	-4.95319
1093	2	1	5	3	2	3	5	-4.25982	-3.24118	-5.48929	-4.83777
1094	184	39	30	82	113	43	17	-3.97118	-6.03154	-6.58418	-7.36511
1095	2	1	12	3	2	1	5	-2.64667	-2.10259	-3.62541	-4.95319
1096	2	4	1	2	2	1	5	-2.79184	-3.62126	-4.03482	-4.14871
1097	4	7	10	4	1	7	1	-1.83951	-3.7601	-2.53398	-1.93773
1098	8	10	2	2	11	12	6	-3.97146	-7.06706	-6.63848	-7.38944
1099	4	7	10	4	1	7	1	-1.83951	-3.7601	-2.53398	-1.93773
1100	4	7	10	4	42	51	1	-2.94348	-4.5843	-4.62549	-3.8269
1101	9	25	2	10	22	3	6	-4.47965	-7.55911	-5.75733	-4.36939
1102	9	2	4	62	4	5	6	-3.73507	-5.15192	-5.55856	-6.84968
1103	4	7	10	4	1	7	1	-1.83951	-3.7601	-2.53398	-1.93773
1104	2	4	1	2	7	1	5	-2.32116	-5.44417	-4.94174	-5.3015
1105	4	7	10	4	1	7	1	-1.83951	-3.7601	-2.53398	-1.93773
1106	8	10	2	2	11	12	6	-3.97146	-7.06706	-6.63848	-7.38944
1107	2	4	1	2	2	1	5	-2.79184	-3.62126	-4.03482	-4.14871
1108	4	7	10	4	42	51	1	-2.94348	-4.5843	-4.62549	-3.8269
1109	1	2	3	4	5	9	3	-4.70804	-2.47413	-3.68424	-4.97172
1110	2	1	12	3	2	1	5	-2.64667	-2.10259	-3.62541	-4.95319
1111	2	4	1	2	2	1	5	-2.79184	-3.62126	-4.03482	-4.14871
1112	10	81	50	99	120	76	52	-6.70553	-6.39548	-5.27638	-5.15533
1113	2	4	1	2	2	1	5	-2.79184	-3.62126	-4.03482	-4.14871
1114	4	7	10	4	42	51	1	-2.94348	-4.5843	-4.62549	-3.8269
1115	4	7	10	4	42	51	1	-2.94348	-4.5843	-4.62549	-3.8269
1116	4	7	10	4	1	7	1	-1.83951	-3.7601	-2.53398	-1.93773
1117	3	1	5	10	11	11	6	-10.2235	-6.45191	-9.49333	-11.0358
1118	10	81	50	99	120	76	52	-6.70553	-6.39548	-5.27638	-5.15533
1119	2	4	1	2	2	1	5	-2.79184	-3.62126	-4.03482	-4.14871
1120	4	7	10	4	1	7	1	-1.83951	-3.7601	-2.53398	-1.93773
1121	4	7	10	4	1	7	1	-1.83951	-3.7601	-2.53398	-1.93773
1122	4	7	10	4	42	51	1	-2.94348	-4.5843	-4.62549	-3.8269
1123	2	1	12	3	2	1	5	-2.64667	-2.10259	-3.62541	-4.95319
1124	2	4	1	2	2	1	5	-2.79184	-3.62126	-4.03482	-4.14871
1125	2	1	1	3	2	1	5	-4.63965	-3.77459	-6.37135	-7.53913
1126	2	4	1	2	2	1	5	-2.79184	-3.62126	-4.03482	-4.14871
1127	2	4	1	2	2	1	5	-2.79184	-3.62126	-4.03482	-4.14871
1128	2	4	1	2	2	1	5	-2.79184	-3.62126	-4.03482	-4.14871
1129	2	4	1	2	2	1	5	-2.79184	-3.62126	-4.03482	-4.14871
1130	1	2	3	4	5	9	3	-4.70804	-2.47413	-3.68424	-4.97172
1131	8	10	2	2	11	12	6	-3.97146	-7.06706	-6.63848	-7.38944
1132	2	1	21	3	2	1	5	-2.9533	-2.47529	-4.3639	-4.60193
1133	2	4	1	2	2	1	5	-2.79184	-3.62126	-4.03482	-4.14871
1134	2	1	21	3	2	1	5	-2.9533	-2.47529	-4.3639	-4.60193
1135	2	1	21	3	2	1	5	-2.9533	-2.47529	-4.3639	-4.60193
1136	2	4	1	2	2	1	5	-2.79184	-3.62126	-4.03482	-4.14871
1137	1	2	3	4	5	9	3	-4.70804	-2.47413	-3.68424	-4.97172
1138	10	1	16	19	10	5	7	-6.4159	-2.73402	-4.29386	-5.2359
1139	2	1	12	3	2	1	5	-2.64667	-2.10259	-3.62541	-4.95319
1140	7	21	5	62	4	61	44	-7.57841	-3.81521	-5.80049	-7.6988
1141	2	4	1	2	2	1	5	-2.79184	-3.62126	-4.03482	-4.14871
1142	2	1	12	3	2	1	5	-2.64667	-2.10259	-3.62541	-4.95319
1143	2	4	1	2	7	1	5	-2.32116	-5.44417	-4.94174	-5.3015
1144	2	1	5	3	2	3	5	-4.25982	-3.24118	-5.48929	-4.83777
1145	2	1	21	3	2	1	5	-2.9533	-2.47529	-4.3639	-4.60193
1146	2	1	21	3	2	1	5	-2.9533	-2.47529	-4.3639	-4.60193
1147	2	1	21	3	2	1	5	-2.9533	-2.47529	-4.3639	-4.60193
1148	2	1	21	3	2	1	5	-2.9533	-2.47529	-4.3639	-4.60193
1149	2	1	12	3	2	1	5	-2.64667	-2.10259	-3.62541	-4.95319
1150	8	10	2	2	11	12	6	-3.97146	-7.06706	-6.63848	-7.38944
1151	129	66	30	82	189	47	17	-3.26237	-4.82841	-5.174	-4.17626
1152	1	307	3	4	5	9	3	-6.87816	-6.41153	-6.14926	-8.18436
1153	8	10	2	2	11	12	6	-3.97146	-7.06706	-6.63848	-7.38944
1154	2	4	2	2	6	1	5	-6.12596	-4.81923	-5.99021	-7.88267
1155	1	4	2	2	6	3	17	-4.70774	-2.43551	-4.71645	-5.70283
1156	2	4	1	2	2	1	5	-2.79184	-3.62126	-4.03482	-4.14871
1157	8	10	2	2	11	12	6	-3.97146	-7.06706	-6.63848	-7.38944
1158	2	4	2	2	6	1	5	-6.12596	-4.81923	-5.99021	-7.88267
1159	2	1	21	3	2	1	5	-2.9533	-2.47529	-4.3639	-4.60193
1160	2	4	5	2	2	5	5	-3.68732	-6.80195	-6.17274	-5.95478
1161	7	21	5	62	4	61	44	-7.57841	-3.81521	-5.80049	-7.6988
1162	2	1	12	3	2	1	5	-2.64667	-2.10259	-3.62541	-4.95319
1163	10	27	16	19	10	5	7	-20.3115	-13.161	-16.7046	-17.9506
1164	33	283	44	82	189	44	17	-7.13893	-3.45669	-5.56816	-6.07272
1165	9	25	2	10	22	3	6	-4.47965	-7.55911	-5.75733	-4.36939
1166	7	21	5	62	4	61	44	-7.57841	-3.81521	-5.80049	-7.6988
1167	2	1	5	3	2	3	5	-4.25982	-3.24118	-5.48929	-4.83777
1168	2	1	5	3	2	3	5	-4.25982	-3.24118	-5.48929	-4.83777
1169	9	25	2	10	22	3	6	-4.47965	-7.55911	-5.75733	-4.36939
1170	2	1	5	3	2	3	5	-4.25982	-3.24118	-5.48929	-4.83777
1171	2	4	1	2	2	1	5	-2.79184	-3.62126	-4.03482	-4.14871
1172	129	66	30	82	189	47	17	-3.26237	-4.82841	-5.174	-4.17626
1173	2	4	1	2	2	1	5	-2.79184	-3.62126	-4.03482	-4.14871
1174	2	1	5	3	2	3	5	-4.25982	-3.24118	-5.48929	-4.83777
1175	2	1	12	3	2	1	5	-2.64667	-2.10259	-3.62541	-4.95319
1176	2	4	1	2	2	1	5	-2.79184	-3.62126	-4.03482	-4.14871
1177	1	4	2	2	6	3	17	-4.70774	-2.43551	-4.71645	-5.70283
1178	2	1	12	3	2	1	5	-2.64667	-2.10259	-3.62541	-4.95319
1179	1	4	2	2	446	3	17	-9.05035	-7.83028	-7.21244	-9.42204
1180	2	1	5	88	2	11	5	-9.0829	-5.33844	-6.11133	-8.18269
1181	2	4	2	2	6	1	5	-6.12596	-4.81923	-5.99021	-7.88267
1182	9	25	2	10	22	3	6	-4.47965	-7.55911	-5.75733	-4.36939
1183	2	1	5	3	2	3	5	-4.25982	-3.24118	-5.48929	-4.83777
1184	7	21	5	62	4	61	44	-7.57841	-3.81521	-5.80049	-7.6988
1185	1	2	3	4	5	9	3	-4.70804	-2.47413	-3.68424	-4.97172
1186	2	4	1	2	2	1	5	-2.79184	-3.62126	-4.03482	-4.14871
1187	7	21	5	62	4	61	44	-7.57841	-3.81521	-5.80049	-7.6988
1188	33	39	30	82	104	173	68	-5.42757	-3.9607	-6.74575	-8.03926
1189	1	4	2	2	6	3	17	-4.70774	-2.43551	-4.71645	-5.70283
1190	2	1	21	3	2	1	5	-2.9533	-2.47529	-4.3639	-4.60193
1191	4	7	10	4	1	7	1	-1.83951	-3.7601	-2.53398	-1.93773
1192	2	1	5	3	2	5	5	-5.67114	-2.82191	-4.18218	-5.56511
1193	1	4	2	2	6	3	17	-4.70774	-2.43551	-4.71645	-5.70283
1194	2	4	1	2	2	1	5	-2.79184	-3.62126	-4.03482	-4.14871
1195	2	4	1	2	2	1	5	-2.79184	-3.62126	-4.03482	-4.14871
1196	2	1	12	3	2	1	5	-2.64667	-2.10259	-3.62541	-4.95319
1197	2	1	6	3	2	3	5	-7.61444	-8.63575	-7.54951	-8.13064
1198	4	7	10	4	1	7	1	-1.83951	-3.7601	-2.53398	-1.93773
1199	2	4	1	2	7	1	5	-2.32116	-5.44417	-4.94174	-5.3015
1200	2	1	1	3	2	1	5	-4.63965	-3.77459	-6.37135	-7.53913
1201	2	4	1	2	2	1	5	-2.79184	-3.62126	-4.03482	-4.14871
1202	7	2	5	2	10	3	6	-30.7356	-28.2948	-28.5843	-28.656
1203	2	1	21	3	2	1	5	-2.9533	-2.47529	-4.3639	-4.60193
1204	2	4	1	2	7	1	5	-2.32116	-5.44417	-4.94174	-5.3015
1205	4	7	10	4	1	7	1	-1.83951	-3.7601	-2.53398	-1.93773
1206	2	4	1	2	7	1	5	-2.32116	-5.44417	-4.94174	-5.3015
1207	2	4	1	2	2	1	5	-2.79184	-3.62126	-4.03482	-4.14871
1208	1	4	2	2	6	3	17	-4.70774	-2.43551	-4.71645	-5.70283
1209	2	4	1	2	2	1	5	-2.79184	-3.62126	-4.03482	-4.14871
1210	2	4	1	2	2	1	5	-2.79184	-3.62126	-4.03482	-4.14871
1211	74	10	2	2	11	12	6	-8.32212	-12.4963	-9.15096	-11.1185
1212	1	2	3	4	5	9	3	-4.70804	-2.47413	-3.68424	-4.97172
1213	2	1	5	3	2	3	5	-4.25982	-3.24118	-5.48929	-4.83777
1214	4	7	10	4	1	7	1	-1.83951	-3.7601	-2.53398	-1.93773
1215	2	4	2	2	6	1	5	-6.12596	-4.81923	-5.99021	-7.88267
1216	2	1	12	3	2	1	5	-2.64667	-2.10259	-3.62541	-4.95319
1217	2	1	21	3	2	1	5	-2.9533	-2.47529	-4.3639	-4.60193
1218	2	4	1	2	2	1	5	-2.79184	-3.62126	-4.03482	-4.14871
1219	2	1	21	3	2	1	5	-2.9533	-2.47529	-4.3639	-4.60193
1220	4	7	10	4	1	7	1	-1.83951	-3.7601	-2.53398	-1.93773
1221	2	1	21	3	2	1	5	-2.9533	-2.47529	-4.3639	-4.60193
1222	2	4	1	2	2	1	5	-2.79184	-3.62126	-4.03482	-4.14871
1223	4	7	10	4	1	7	1	-1.83951	-3.7601	-2.53398	-1.93773
1224	2	4	1	2	2	1	5	-2.79184	-3.62126	-4.03482	-4.14871
1225	4	7	10	4	1	7	1	-1.83951	-3.7601	-2.53398	-1.93773
1226	4	7	10	4	42	51	1	-2.94348	-4.5843	-4.62549	-3.8269
1227	4	7	10	4	42	7	1	-6.54103	-9.2358	-5.5514	-4.65057
1228	2	4	1	2	2	1	5	-2.79184	-3.62126	-4.03482	-4.14871
1229	2	1	5	3	2	3	5	-4.25982	-3.24118	-5.48929	-4.83777
1230	10	81	50	99	120	76	52	-6.70553	-6.39548	-5.27638	-5.15533
1231	2	4	1	2	7	1	5	-2.32116	-5.44417	-4.94174	-5.3015
1232	2	4	1	2	7	1	5	-2.32116	-5.44417	-4.94174	-5.3015
1233	4	7	10	4	1	7	1	-1.83951	-3.7601	-2.53398	-1.93773
1234	1	4	2	2	6	3	17	-4.70774	-2.43551	-4.71645	-5.70283
1235	4	7	10	4	1	7	1	-1.83951	-3.7601	-2.53398	-1.93773
1236	2	4	1	2	2	1	5	-2.79184	-3.62126	-4.03482	-4.14871
1237	4	7	10	4	1	7	1	-1.83951	-3.7601	-2.53398	-1.93773
1238	4	7	10	4	42	51	1	-2.94348	-4.5843	-4.62549	-3.8269
1239	1	307	3	4	5	9	3	-6.87816	-6.41153	-6.14926	-8.18436
1240	2	4	2	2	6	1	5	-6.12596	-4.81923	-5.99021	-7.88267
1241	8	10	149	2	11	12	6	-4.90884	-3.95247	-5.69763	-7.34016
1242	2	1	12	3	2	1	5	-2.64667	-2.10259	-3.62541	-4.95319
1243	2	4	1	2	2	1	5	-2.79184	-3.62126	-4.03482	-4.14871
1244	2	4	1	2	2	1	5	-2.79184	-3.62126	-4.03482	-4.14871
1245	2	4	1	2	2	1	5	-2.79184	-3.62126	-4.03482	-4.14871
1246	4	7	10	4	42	51	1	-2.94348	-4.5843	-4.62549	-3.8269
1247	2	4	1	2	2	1	5	-2.79184	-3.62126	-4.03482	-4.14871
1248	2	4	1	2	2	1	5	-2.79184	-3.62126	-4.03482	-4.14871
1249	2	1	12	88	2	1	5	-3.97092	-3.41564	-5.66574	-5.41265
1250	1	4	2	2	6	3	17	-4.70774	-2.43551	-4.71645	-5.70283
1251	9	2	4	62	4	5	6	-3.73507	-5.15192	-5.55856	-6.84968
1252	2	4	1	2	7	1	5	-2.32116	-5.44417	-4.94174	-5.3015
1253	2	4	5	2	2	5	5	-3.68732	-6.80195	-6.17274	-5.95478
1254	2	1	21	3	2	1	5	-2.9533	-2.47529	-4.3639	-4.60193
1255	1	4	2	2	6	3	17	-4.70774	-2.43551	-4.71645	-5.70283
1256	2	1	21	3	2	1	5	-2.9533	-2.47529	-4.3639	-4.60193
1257	2	4	1	2	2	5	5	-6.82431	-6.39309	-8.74427	-9.80054
1258	2	1	12	3	2	1	5	-2.64667	-2.10259	-3.62541	-4.95319
1259	2	4	2	2	6	1	5	-6.12596	-4.81923	-5.99021	-7.88267
1260	2	4	1	2	2	1	5	-2.79184	-3.62126	-4.03482	-4.14871
1261	2	4	1	2	2	1	5	-2.79184	-3.62126	-4.03482	-4.14871
1262	1	307	3	4	5	9	3	-6.87816	-6.41153	-6.14926	-8.18436
1263	9	25	2	10	22	3	6	-4.47965	-7.55911	-5.75733	-4.36939
1264	2	1	1	380	2	1	5	-6.17902	-5.71868	-8.14411	-9.23004
1265	2	4	1	2	2	1	5	-2.79184	-3.62126	-4.03482	-4.14871
1266	2	4	1	2	2	1	5	-2.79184	-3.62126	-4.03482	-4.14871
1267	2	1	12	3	2	1	5	-2.64667	-2.10259	-3.62541	-4.95319
1268	1	2	3	4	5	9	3	-4.70804	-2.47413	-3.68424	-4.97172
1269	2	4	1	2	2	1	5	-2.79184	-3.62126	-4.03482	-4.14871
1270	2	4	1	2	2	1	5	-2.79184	-3.62126	-4.03482	-4.14871
1271	2	4	1	2	2	1	5	-2.79184	-3.62126	-4.03482	-4.14871
1272	1	2	3	4	5	9	3	-4.70804	-2.47413	-3.68424	-4.97172
1273	9	2	2	212	309	253	147	-28.0843	-32.716	-21.9701	-26.0453
1274	2	1	21	3	2	1	5	-2.9533	-2.47529	-4.3639	-4.60193
1275	47	2	4	2	6	5	17	-12.4412	-10.8532	-6.22623	-8.37991
1276	1	2	3	4	5	9	3	-4.70804	-2.47413	-3.68424	-4.97172
1277	2	4	1	2	2	1	5	-2.79184	-3.62126	-4.03482	-4.14871
1278	2	4	1	2	2	1	5	-2.79184	-3.62126	-4.03482	-4.14871
1279	9	2	4	62	4	5	6	-3.73507	-5.15192	-5.55856	-6.84968
1280	2	1	12	3	2	1	5	-2.64667	-2.10259	-3.62541	-4.95319
1281	2	4	1	2	2	1	5	-2.79184	-3.62126	-4.03482	-4.14871
1282	2	4	1	2	7	1	5	-2.32116	-5.44417	-4.94174	-5.3015
1283	7	17	2	15	23	3	12	-6.91885	-10.0417	-9.58545	-10.3358
1284	2	1	1	3	2	1	5	-4.63965	-3.77459	-6.37135	-7.53913
1285	2	1	12	3	2	1	5	-2.64667	-2.10259	-3.62541	-4.95319
1286	2	4	1	2	2	1	5	-2.79184	-3.62126	-4.03482	-4.14871
1287	2	1	5	3	2	3	5	-4.25982	-3.24118	-5.48929	-4.83777
1288	2	4	1	2	2	1	5	-2.79184	-3.62126	-4.03482	-4.14871
1289	2	4	1	2	2	1	5	-2.79184	-3.62126	-4.03482	-4.14871
1290	1	4	2	2	6	3	17	-4.70774	-2.43551	-4.71645	-5.70283
1291	2	1	2	3	2	3	5	-3.77356	-6.8405	-6.43831	-7.18161
1292	2	1	5	3	2	3	5	-4.25982	-3.24118	-5.48929	-4.83777
1293	1	2	3	3	5	9	3	-11.4924	-8.29517	-10.2885	-12.0685
1294	4	7	10	4	42	51	1	-2.94348	-4.5843	-4.62549	-3.8269
1295	1	4	2	2	6	3	17	-4.70774	-2.43551	-4.71645	-5.70283
1296	2	1	5	3	2	3	5	-4.25982	-3.24118	-5.48929	-4.83777
1297	4	7	10	4	1	7	1	-1.83951	-3.7601	-2.53398	-1.93773
1298	2	4	1	2	2	1	5	-2.79184	-3.62126	-4.03482	-4.14871
1299	4	7	10	4	1	7	1	-1.83951	-3.7601	-2.53398	-1.93773
1300	2	1	21	3	2	1	5	-2.9533	-2.47529	-4.3639	-4.60193
1301	2	4	1	2	2	1	5	-2.79184	-3.62126	-4.03482	-4.14871
1302	4	7	10	4	1	7	1	-1.83951	-3.7601	-2.53398	-1.93773
1303	2	4	1	2	2	1	5	-2.79184	-3.62126	-4.03482	-4.14871
1304	2	1	5	3	2	5	5	-5.67114	-2.82191	-4.18218	-5.56511
1305	2	4	1	2	2	1	5	-2.79184	-3.62126	-4.03482	-4.14871
1306	2	1	21	3	2	1	5	-2.9533	-2.47529	-4.3639	-4.60193
1307	2	1	5	3	2	5	5	-5.67114	-2.82191	-4.18218	-5.56511
1308	1	4	2	2	6	3	17	-4.70774	-2.43551	-4.71645	-5.70283
1309	1	4	2	2	6	3	17	-4.70774	-2.43551	-4.71645	-5.70283
1310	2	1	5	3	2	3	5	-4.25982	-3.24118	-5.48929	-4.83777
1311	1	4	2	2	6	3	17	-4.70774	-2.43551	-4.71645	-5.70283
1312	2	4	1	2	2	1	5	-2.79184	-3.62126	-4.03482	-4.14871
1313	2	1	12	88	2	1	5	-3.97092	-3.41564	-5.66574	-5.41265
1314	2	1	5	3	2	3	5	-4.25982	-3.24118	-5.48929	-4.83777
1315	2	4	5	2	2	1	5	-6.17319	-8.99446	-8.57331	-9.31038
1316	2	4	1	2	2	1	5	-2.79184	-3.62126	-4.03482	-4.14871
1317	1	4	2	2	6	3	17	-4.70774	-2.43551	-4.71645	-5.70283
1318	2	1	21	3	2	1	5	-2.9533	-2.47529	-4.3639	-4.60193
1319	4	7	10	4	1	7	1	-1.83951	-3.7601	-2.53398	-1.93773
1320	1	2	3	4	5	9	3	-4.70804	-2.47413	-3.68424	-4.97172
1321	2	4	1	2	7	1	5	-2.32116	-5.44417	-4.94174	-5.3015
1322	4	7	10	4	1	7	1	-1.83951	-3.7601	-2.53398	-1.93773
1323	4	7	10	4	1	7	1	-1.83951	-3.7601	-2.53398	-1.93773
1324	1	4	2	2	6	3	17	-4.70774	-2.43551	-4.71645	-5.70283
1325	2	4	1	2	7	1	5	-2.32116	-5.44417	-4.94174	-5.3015
1326	4	7	10	4	1	7	1	-1.83951	-3.7601	-2.53398	-1.93773
1327	8	10	2	2	11	12	6	-3.97146	-7.06706	-6.63848	-7.38944
1328	969	7	10	4	1	7	1	-6.11314	-9.16559	-5.03701	-5.66773
1329	4	7	10	4	1	7	1	-1.83951	-3.7601	-2.53398	-1.93773
1330	10	27	16	942	10	5	7	-24.662	-18.5908	-19.2172	-21.6794
1331	10	27	16	941	10	5	7	-24.662	-18.5908	-19.2172	-21.6794
1332	4	7	10	4	1	7	1	-1.83951	-3.7601	-2.53398	-1.93773
1333	4	7	10	4	1	7	1	-1.83951	-3.7601	-2.53398	-1.93773
1334	129	66	30	82	189	47	17	-3.26237	-4.82841	-5.174	-4.17626
1335	4	7	10	4	1	7	1	-1.83951	-3.7601	-2.53398	-1.93773
1336	4	7	10	4	1	7	1	-1.83951	-3.7601	-2.53398	-1.93773
1337	2	4	1	2	2	1	5	-2.79184	-3.62126	-4.03482	-4.14871
1338	2	1	2	3	2	3	5	-3.77356	-6.8405	-6.43831	-7.18161
1339	10	27	16	19	10	5	7	-20.3115	-13.161	-16.7046	-17.9506
1340	2	4	1	2	2	1	5	-2.79184	-3.62126	-4.03482	-4.14871
1341	33	39	30	82	104	173	68	-5.42757	-3.9607	-6.74575	-8.03926
1342	1	4	2	2	6	3	17	-4.70774	-2.43551	-4.71645	-5.70283
1343	2	1	5	3	2	5	5	-5.67114	-2.82191	-4.18218	-5.56511
1344	2	1	12	3	2	1	5	-2.64667	-2.10259	-3.62541	-4.95319
1345	8	10	2	2	11	12	6	-3.97146	-7.06706	-6.63848	-7.38944
1346	2	1	1	3	2	1	5	-4.63965	-3.77459	-6.37135	-7.53913
1347	1	4	2	2	6	3	17	-4.70774	-2.43551	-4.71645	-5.70283
1348	7	2	2	2	11	12	6	-4.51811	-7.64192	-7.18521	-7.93577
1349	9	2	4	62	4	5	6	-3.73507	-5.15192	-5.55856	-6.84968
1350	2	1	21	3	2	1	5	-2.9533	-2.47529	-4.3639	-4.60193
1351	9	7	10	4	1	7	1	-9.95502	-12.4944	-11.2682	-9.92144
1352	2	1	12	3	920	1	5	-6.99854	-7.52237	-6.13673	-8.68096
1353	239	27	16	19	10	5	7	-10.2258	-6.45394	-9.49655	-11.0393
1354	7	17	2	15	23	3	12	-6.91885	-10.0417	-9.58545	-10.3358
1355	1	4	2	2	6	3	17	-4.70774	-2.43551	-4.71645	-5.70283
1356	1	6	60	24	12	28	1	-30.7921	-37.0737	-18.9996	-23.7891
1357	2	4	5	2	10	1	5	-6.90879	-10.0278	-9.57344	-10.3233
1358	10	81	50	99	120	76	52	-6.70553	-6.39548	-5.27638	-5.15533
1359	4	7	10	4	1	7	1	-1.83951	-3.7601	-2.53398	-1.93773
1360	2	1	5	3	2	5	5	-5.67114	-2.82191	-4.18218	-5.56511
1361	4	7	10	1	1	7	1	-5.28759	-8.32372	-5.91683	-6.11637
1362	2	4	5	2	10	1	5	-6.90879	-10.0278	-9.57344	-10.3233
1363	2	1	21	3	2	1	5	-2.9533	-2.47529	-4.3639	-4.60193
1364	2	1	21	3	2	1	5	-2.9533	-2.47529	-4.3639	-4.60193
1365	2	4	1	2	2	1	5	-2.79184	-3.62126	-4.03482	-4.14871
1366	2	4	2	2	6	1	5	-6.12596	-4.81923	-5.99021	-7.88267
1367	2	4	1	2	7	1	5	-2.32116	-5.44417	-4.94174	-5.3015
1368	2	4	1	2	2	1	5	-2.79184	-3.62126	-4.03482	-4.14871
1369	2	4	1	2	2	1	5	-2.79184	-3.62126	-4.03482	-4.14871
1370	4	7	10	4	1	7	1	-1.83951	-3.7601	-2.53398	-1.93773
1371	4	7	10	4	42	51	1	-2.94348	-4.5843	-4.62549	-3.8269
1372	2	1	5	3	2	3	5	-4.25982	-3.24118	-5.48929	-4.83777
1373	2	1	12	3	2	1	5	-2.64667	-2.10259	-3.62541	-4.95319
1374	2	1	1	3	2	1	5	-4.63965	-3.77459	-6.37135	-7.53913
1375	2	4	1	2	2	1	5	-2.79184	-3.62126	-4.03482	-4.14871
1376	4	7	10	4	1	7	1	-1.83951	-3.7601	-2.53398	-1.93773
1377	10	1	16	19	10	5	7	-6.4159	-2.73402	-4.29386	-5.2359
1378	2	4	1	2	7	1	5	-2.32116	-5.44417	-4.94174	-5.3015
1379	2	4	1	2	2	1	5	-2.79184	-3.62126	-4.03482	-4.14871
1380	10	81	50	99	120	76	52	-6.70553	-6.39548	-5.27638	-5.15533
1381	2	1	12	3	2	1	5	-2.64667	-2.10259	-3.62541	-4.95319
1382	2	4	1	2	2	1	5	-2.79184	-3.62126	-4.03482	-4.14871
1383	2	4	1	2	7	1	5	-2.32116	-5.44417	-4.94174	-5.3015
1384	1	2	3	4	5	9	3	-4.70804	-2.47413	-3.68424	-4.97172
1385	8	10	2	2	11	12	6	-3.97146	-7.06706	-6.63848	-7.38944
1386	1	4	2	2	6	3	17	-4.70774	-2.43551	-4.71645	-5.70283
1387	2	4	1	2	2	1	5	-2.79184	-3.62126	-4.03482	-4.14871
1388	2	4	1	2	2	1	5	-2.79184	-3.62126	-4.03482	-4.14871
1389	10	7	10	4	1	7	1	-12.144	-11.1015	-10.1868	-8.98945
1390	2	1	21	3	2	1	5	-2.9533	-2.47529	-4.3639	-4.60193
1391	2	1	21	3	2	1	5	-2.9533	-2.47529	-4.3639	-4.60193
1392	10	1	16	19	10	5	7	-6.4159	-2.73402	-4.29386	-5.2359
1393	2	1	5	3	2	3	5	-4.25982	-3.24118	-5.48929	-4.83777
1394	2	1	5	3	2	3	5	-4.25982	-3.24118	-5.48929	-4.83777
1395	2	4	1	2	2	5	5	-6.82431	-6.39309	-8.74427	-9.80054
1396	2	4	1	2	7	1	5	-2.32116	-5.44417	-4.94174	-5.3015
1397	10	1	16	19	10	5	7	-6.4159	-2.73402	-4.29386	-5.2359
1398	2	4	1	2	7	1	5	-2.32116	-5.44417	-4.94174	-5.3015
1399	2	934	1	2	2	1	5	-7.0651	-9.04196	-6.52876	-7.86855
