Isolate	Loci0	Loci1	Loci2	Loci3	Loci4	Loci5	Loci6	Source0	Source1	Source2	Source3
0	1	2	3	4	5	9	3	-4.64998	-2.47543	-3.59085	-4.93166
1	4	7	10	4	1	7	1	-1.83078	-3.80154	-2.71431	-1.95063
2	2	4	1	2	2	1	5	-2.79016	-3.63013	-4.17893	-4.17977
3	2	4	1	2	2	1	5	-2.79016	-3.63013	-4.17893	-4.17977
4	9	25	2	10	22	3	6	-4.46684	-7.7018	-6.26882	-4.37481
5	4	7	10	4	1	7	1	-1.83078	-3.80154	-2.71431	-1.95063
6	4	7	10	4	1	7	1	-1.83078	-3.80154	-2.71431	-1.95063
7	4	7	10	4	42	51	1	-2.93921	-4.61426	-5.02188	-3.8512
8	2	4	1	2	2	1	5	-2.79016	-3.63013	-4.17893	-4.17977
9	10	81	50	99	120	76	52	-6.64794	-6.40441	-5.31687	-5.15105
10	2	1	21	3	2	1	5	-2.94479	-2.47382	-4.39086	-4.62154
11	2	1	21	3	2	1	5	-2.94479	-2.47382	-4.39086	-4.62154
12	9	25	2	10	22	3	6	-4.46684	-7.7018	-6.26882	-4.37481
13	2	1	21	3	2	1	5	-2.94479	-2.47382	-4.39086	-4.62154
14	10	27	16	19	10	5	7	-20.2167	-12.863	-15.9116	-17.871
15	2	4	1	2	2	1	5	-2.79016	-3.63013	-4.17893	-4.17977
16	2	4	1	2	2	1	5	-2.79016	-3.63013	-4.17893	-4.17977
17	9	2	4	62	4	5	6	-3.73309	-5.17431	-5.79868	-7.07792
18	9	53	2	53	11	3	3	-30.1096	-28.2677	-25.7239	-24.4589
19	2	4	1	2	2	1	5	-2.79016	-3.63013	-4.17893	-4.17977
20	2	4	1	2	2	1	5	-2.79016	-3.63013	-4.17893	-4.17977
21	4	7	10	4	1	7	1	-1.83078	-3.80154	-2.71431	-1.95063
22	2	4	1	2	2	1	5	-2.79016	-3.63013	-4.17893	-4.17977
23	1	4	2	2	6	3	17	-4.65186	-2.43561	-4.51671	-5.62829
24	4	7	10	4	1	7	1	-1.83078	-3.80154	-2.71431	-1.95063
25	2	1	21	3	2	1	5	-2.94479	-2.47382	-4.39086	-4.62154
26	8	10	2	2	11	12	6	-3.97118	-7.17312	-7.58954	-7.75169
27	2	4	2	2	6	1	5	-6.10621	-4.81843	-5.91545	-7.84919
28	2	1	12	3	2	1	5	-2.63879	-2.1003	-3.60104	-4.9855
29	2	4	1	2	2	1	5	-2.79016	-3.63013	-4.17893	-4.17977
30	4	7	10	4	1	7	1	-1.83078	-3.80154	-2.71431	-1.95063
31	10	1	16	19	10	5	7	-6.18856	-2.73453	-4.16982	-5.18667
32	1	2	3	4	5	9	3	-4.64998	-2.47543	-3.59085	-4.93166
33	2	4	1	2	2	1	5	-2.79016	-3.63013	-4.17893	-4.17977
34	2	4	1	2	2	1	5	-2.79016	-3.63013	-4.17893	-4.17977
35	2	4	1	2	2	1	5	-2.79016	-3.63013	-4.17893	-4.17977
36	4	7	10	4	1	7	1	-1.83078	-3.80154	-2.71431	-1.95063
37	129	66	30	82	189	47	17	-3.25671	-4.85623	-5.71355	-4.19641
38	2	1	12	3	357	1	5	-6.56921	-6.48334	-6.36026	-7.1049
39	9	2	4	62	4	5	6	-3.73309	-5.17431	-5.79868	-7.07792
40	2	1	1	3	2	1	5	-4.63209	-3.77097	-6.26532	-7.56371
41	2	1	12	3	357	1	5	-6.56921	-6.48334	-6.36026	-7.1049
42	2	1	5	3	2	3	5	-4.24053	-3.23856	-5.4952	-4.8362
43	2	1	5	3	2	3	5	-4.24053	-3.23856	-5.4952	-4.8362
44	2	4	1	2	2	1	5	-2.79016	-3.63013	-4.17893	-4.17977
45	2	4	1	2	2	1	5	-2.79016	-3.63013	-4.17893	-4.17977
46	2	4	2	2	6	1	5	-6.10621	-4.81843	-5.91545	-7.84919
47	1	4	2	2	6	3	17	-4.65186	-2.43561	-4.51671	-5.62829
48	2	1	21	3	2	1	5	-2.94479	-2.47382	-4.39086	-4.62154
49	2	1	2	3	2	3	5	-3.77497	-6.93144	-7.38637	-7.5451
50	2	1	21	3	2	1	5	-2.94479	-2.47382	-4.39086	-4.62154
51	7	17	2	15	23	3	12	-6.91782	-10.1626	-10.5398	-10.6977
52	2	4	1	2	7	1	5	-2.32298	-5.56175	-5.8595	-5.52009
53	9	2	4	62	4	5	6	-3.73309	-5.17431	-5.79868	-7.07792
54	2	4	1	2	7	1	5	-2.32298	-5.56175	-5.8595	-5.52009
55	9	2	4	62	4	5	6	-3.73309	-5.17431	-5.79868	-7.07792
56	2	1	12	88	2	1	5	-3.96093	-3.41458	-5.71796	-5.42651
57	2	1	5	3	2	3	5	-4.24053	-3.23856	-5.4952	-4.8362
58	2	4	1	2	2	1	5	-2.79016	-3.63013	-4.17893	-4.17977
59	9	2	4	62	4	5	6	-3.73309	-5.17431	-5.79868	-7.07792
60	2	1	5	3	2	3	5	-4.24053	-3.23856	-5.4952	-4.8362
61	2	4	1	2	2	1	5	-2.79016	-3.63013	-4.17893	-4.17977
62	2	4	1	2	2	1	5	-2.79016	-3.63013	-4.17893	-4.17977
63	2	4	1	2	2	1	5	-2.79016	-3.63013	-4.17893	-4.17977
64	2	4	1	2	2	1	5	-2.79016	-3.63013	-4.17893	-4.17977
65	2	4	1	2	2	1	5	-2.79016	-3.63013	-4.17893	-4.17977
66	2	4	1	2	2	1	5	-2.79016	-3.63013	-4.17893	-4.17977
67	1	2	215	4	90	24	8	-29.3787	-30.7656	-22.071	-19.5857
68	2	4	1	2	2	1	5	-2.79016	-3.63013	-4.17893	-4.17977
69	1	2	3	4	5	9	3	-4.64998	-2.47543	-3.59085	-4.93166
70	2	4	1	2	2	1	5	-2.79016	-3.63013	-4.17893	-4.17977
71	2	4	1	2	2	1	5	-2.79016	-3.63013	-4.17893	-4.17977
72	9	25	2	10	22	3	6	-4.46684	-7.7018	-6.26882	-4.37481
73	2	15	4	48	360	25	23	-6.62055	-9.51312	-5.80768	-4.90803
74	2	4	1	2	2	1	5	-2.79016	-3.63013	-4.17893	-4.17977
75	2	1	12	88	2	1	5	-3.96093	-3.41458	-5.71796	-5.42651
76	2	4	2	2	6	1	5	-6.10621	-4.81843	-5.91545	-7.84919
77	10	1	16	19	10	5	7	-6.18856	-2.73453	-4.16982	-5.18667
78	2	4	1	2	2	1	5	-2.79016	-3.63013	-4.17893	-4.17977
79	2	1	12	3	2	1	5	-2.63879	-2.1003	-3.60104	-4.9855
80	2	4	1	2	2	1	5	-2.79016	-3.63013	-4.17893	-4.17977
81	2	4	1	2	2	1	5	-2.79016	-3.63013	-4.17893	-4.17977
82	1	4	2	2	6	3	17	-4.65186	-2.43561	-4.51671	-5.62829
83	10	1	16	19	10	5	7	-6.18856	-2.73453	-4.16982	-5.18667
84	8	10	149	2	11	12	6	-4.89373	-3.95651	-5.62371	-7.33396
85	2	4	1	2	2	1	5	-2.79016	-3.63013	-4.17893	-4.17977
86	2	4	1	2	7	1	5	-2.32298	-5.56175	-5.8595	-5.52009
87	32	39	30	82	104	324	17	-8.21032	-4.66425	-7.27594	-8.94319
88	1	2	3	4	5	9	3	-4.64998	-2.47543	-3.59085	-4.93166
89	2	1	5	3	2	3	5	-4.24053	-3.23856	-5.4952	-4.8362
90	2	4	1	2	2	1	5	-2.79016	-3.63013	-4.17893	-4.17977
91	2	4	1	2	7	1	5	-2.32298	-5.56175	-5.8595	-5.52009
92	4	7	10	4	1	7	1	-1.83078	-3.80154	-2.71431	-1.95063
93	2	1	2	3	2	3	5	-3.77497	-6.93144	-7.38637	-7.5451
94	2	1	12	3	2	1	5	-2.63879	-2.1003	-3.60104	-4.9855
95	2	1	21	3	2	1	5	-2.94479	-2.47382	-4.39086	-4.62154
96	2	1	21	3	2	1	5	-2.94479	-2.47382	-4.39086	-4.62154
97	9	2	5	2	11	3	1	-29.2938	-31.85	-28.6892	-26.5865
98	4	7	10	4	1	7	1	-1.83078	-3.80154	-2.71431	-1.95063
99	2	1	2	3	2	3	5	-3.77497	-6.93144	-7.38637	-7.5451
100	2	1	21	3	2	1	5	-2.94479	-2.47382	-4.39086	-4.62154
101	4	7	10	4	1	7	1	-1.83078	-3.80154	-2.71431	-1.95063
102	2	1	21	3	2	1	5	-2.94479	-2.47382	-4.39086	-4.62154
103	1	4	2	2	6	3	17	-4.65186	-2.43561	-4.51671	-5.62829
104	2	4	5	2	10	1	5	-6.91028	-10.1436	-10.5234	-10.6881
105	2	1	12	88	2	1	5	-3.96093	-3.41458	-5.71796	-5.42651
106	9	2	4	62	4	5	6	-3.73309	-5.17431	-5.79868	-7.07792
107	2	165	73	147	220	190	104	-8.28792	-11.3858	-7.28109	-5.24
108	2	1	21	3	2	1	5	-2.94479	-2.47382	-4.39086	-4.62154
109	2	4	1	2	2	1	5	-2.79016	-3.63013	-4.17893	-4.17977
110	2	1	12	3	11	1	6	-18.9086	-17.6818	-20.3364	-21.5505
111	2	1	2	3	2	3	5	-3.77497	-6.93144	-7.38637	-7.5451
112	2	4	1	2	7	1	5	-2.32298	-5.56175	-5.8595	-5.52009
113	2	1	2	3	2	3	5	-3.77497	-6.93144	-7.38637	-7.5451
114	2	1	21	3	2	1	5	-2.94479	-2.47382	-4.39086	-4.62154
115	2	4	1	2	7	1	5	-2.32298	-5.56175	-5.8595	-5.52009
116	33	39	30	82	113	43	17	-9.79577	-6.44027	-6.13832	-8.27358
117	2	4	1	2	2	1	5	-2.79016	-3.63013	-4.17893	-4.17977
118	2	4	1	2	2	1	5	-2.79016	-3.63013	-4.17893	-4.17977
119	2	4	1	2	2	1	5	-2.79016	-3.63013	-4.17893	-4.17977
120	2	4	1	2	7	1	5	-2.32298	-5.56175	-5.8595	-5.52009
121	4	7	10	1	1	7	1	-5.28437	-8.43802	-6.01538	-6.14046
122	2	1	12	3	2	1	5	-2.63879	-2.1003	-3.60104	-4.9855
123	2	4	1	2	2	1	5	-2.79016	-3.63013	-4.17893	-4.17977
124	2	4	1	2	2	1	5	-2.79016	-3.63013	-4.17893	-4.17977
125	2	4	1	2	7	1	5	-2.32298	-5.56175	-5.8595	-5.52009
126	2	4	1	2	2	1	5	-2.79016	-3.63013	-4.17893	-4.17977
127	2	4	1	2	2	1	5	-2.79016	-3.63013	-4.17893	-4.17977
128	2	1	12	88	2	1	5	-3.96093	-3.41458	-5.71796	-5.42651
129	2	1	12	3	2	1	5	-2.63879	-2.1003	-3.60104	-4.9855
130	2	1	12	3	2	1	5	-2.63879	-2.1003	-3.60104	-4.9855
131	2	4	1	2	7	1	5	-2.32298	-5.56175	-5.8595	-5.52009
132	2	1	21	3	2	1	5	-2.94479	-2.47382	-4.39086	-4.62154
133	2	1	21	3	2	1	5	-2.94479	-2.47382	-4.39086	-4.62154
134	2	4	5	2	2	5	5	-3.68803	-6.91877	-7.00831	-6.05545
135	2	1	21	3	2	1	5	-2.94479	-2.47382	-4.39086	-4.62154
136	1	4	2	2	6	3	1	-11.4184	-10.0683	-10.4616	-11.2545
137	2	1	5	3	2	3	5	-4.24053	-3.23856	-5.4952	-4.8362
138	2	1	5	3	2	3	5	-4.24053	-3.23856	-5.4952	-4.8362
139	4	7	10	4	1	7	1	-1.83078	-3.80154	-2.71431	-1.95063
140	8	10	2	2	11	12	6	-3.97118	-7.17312	-7.58954	-7.75169
141	2	1	2	3	2	3	5	-3.77497	-6.93144	-7.38637	-7.5451
142	2	1	5	3	2	3	5	-4.24053	-3.23856	-5.4952	-4.8362
143	2	1	2	3	2	3	5	-3.77497	-6.93144	-7.38637	-7.5451
144	129	66	30	82	189	47	17	-3.25671	-4.85623	-5.71355	-4.19641
145	2	4	1	2	2	1	5	-2.79016	-3.63013	-4.17893	-4.17977
146	2	4	1	2	2	1	5	-2.79016	-3.63013	-4.17893	-4.17977
147	7	21	5	62	4	61	44	-7.35509	-3.81772	-5.6091	-7.52772
148	2	4	1	2	2	1	5	-2.79016	-3.63013	-4.17893	-4.17977
149	2	937	1	2	2	1	5	-6.64253	-8.01358	-6.93244	-6.29503
150	1	14	2	2	6	1	17	-8.95152	-6.4386	-7.96536	-6.32739
151	1	4	2	2	6	3	17	-4.65186	-2.43561	-4.51671	-5.62829
152	8	10	149	2	11	12	6	-4.89373	-3.95651	-5.62371	-7.33396
153	2	1	12	3	2	1	5	-2.63879	-2.1003	-3.60104	-4.9855
154	9	30	2	2	89	59	6	-4.97028	-8.2162	-8.59287	-8.75099
155	1	2	3	4	5	9	3	-4.64998	-2.47543	-3.59085	-4.93166
156	2	4	1	2	2	1	5	-2.79016	-3.63013	-4.17893	-4.17977
157	2	4	1	2	2	1	5	-2.79016	-3.63013	-4.17893	-4.17977
158	180	194	2	68	19	231	147	-24.9569	-30.5099	-22.736	-19.6963
159	2	4	1	2	2	1	5	-2.79016	-3.63013	-4.17893	-4.17977
160	2	4	1	2	2	1	5	-2.79016	-3.63013	-4.17893	-4.17977
161	2	4	1	2	2	1	5	-2.79016	-3.63013	-4.17893	-4.17977
162	4	7	10	4	1	7	1	-1.83078	-3.80154	-2.71431	-1.95063
163	2	4	1	2	2	1	5	-2.79016	-3.63013	-4.17893	-4.17977
164	2	1	21	3	2	1	5	-2.94479	-2.47382	-4.39086	-4.62154
165	2	4	1	2	7	1	5	-2.32298	-5.56175	-5.8595	-5.52009
166	2	4	1	2	2	1	5	-2.79016	-3.63013	-4.17893	-4.17977
167	10	1	16	19	10	5	7	-6.18856	-2.73453	-4.16982	-5.18667
168	104	7	10	4	1	7	1	-4.42668	-7.67799	-8.03677	-8.19015
169	2	4	1	2	2	1	5	-2.79016	-3.63013	-4.17893	-4.17977
170	10	27	16	19	10	5	7	-20.2167	-12.863	-15.9116	-17.871
171	2	4	1	2	2	1	5	-2.79016	-3.63013	-4.17893	-4.17977
172	2	1	1	3	2	1	5	-4.63209	-3.77097	-6.26532	-7.56371
173	7	21	5	62	4	61	44	-7.35509	-3.81772	-5.6091	-7.52772
174	2	1	1	3	2	1	5	-4.63209	-3.77097	-6.26532	-7.56371
175	10	1	16	19	10	5	7	-6.18856	-2.73453	-4.16982	-5.18667
176	2	4	1	2	2	1	5	-2.79016	-3.63013	-4.17893	-4.17977
177	2	4	1	2	2	1	5	-2.79016	-3.63013	-4.17893	-4.17977
178	2	1	12	3	2	1	5	-2.63879	-2.1003	-3.60104	-4.9855
179	2	4	1	2	2	1	5	-2.79016	-3.63013	-4.17893	-4.17977
180	2	4	1	2	2	1	5	-2.79016	-3.63013	-4.17893	-4.17977
181	1	4	2	2	6	3	17	-4.65186	-2.43561	-4.51671	-5.62829
182	2	1	12	3	2	1	5	-2.63879	-2.1003	-3.60104	-4.9855
183	4	7	10	4	1	7	1	-1.83078	-3.80154	-2.71431	-1.95063
184	2	4	1	2	2	1	5	-2.79016	-3.63013	-4.17893	-4.17977
185	2	4	1	2	2	1	5	-2.79016	-3.63013	-4.17893	-4.17977
186	2	1	21	3	2	1	5	-2.94479	-2.47382	-4.39086	-4.62154
187	4	7	10	4	1	7	1	-1.83078	-3.80154	-2.71431	-1.95063
188	4	7	10	4	42	51	1	-2.93921	-4.61426	-5.02188	-3.8512
189	2	1	5	3	2	3	5	-4.24053	-3.23856	-5.4952	-4.8362
190	1	2	4	62	4	5	17	-6.11569	-4.83296	-7.36292	-8.77458
191	4	7	10	4	1	7	1	-1.83078	-3.80154	-2.71431	-1.95063
192	4	7	10	4	42	51	1	-2.93921	-4.61426	-5.02188	-3.8512
193	2	1	21	3	2	1	5	-2.94479	-2.47382	-4.39086	-4.62154
194	4	7	10	4	42	51	1	-2.93921	-4.61426	-5.02188	-3.8512
195	2	4	1	2	7	1	5	-2.32298	-5.56175	-5.8595	-5.52009
196	2	4	1	2	2	1	5	-2.79016	-3.63013	-4.17893	-4.17977
197	1	2	3	4	5	9	3	-4.64998	-2.47543	-3.59085	-4.93166
198	1	2	4	62	4	5	17	-6.11569	-4.83296	-7.36292	-8.77458
199	2	250	4	281	358	25	57	-28.4212	-32.3688	-19.5574	-17.682
200	9	2	4	62	4	5	6	-3.73309	-5.17431	-5.79868	-7.07792
201	1	2	3	4	5	9	3	-4.64998	-2.47543	-3.59085	-4.93166
202	4	7	10	4	1	7	1	-1.83078	-3.80154	-2.71431	-1.95063
203	2	4	2	4	19	3	6	-5.81463	-9.05551	-9.43183	-9.58943
204	4	7	10	4	1	7	1	-1.83078	-3.80154	-2.71431	-1.95063
205	4	7	10	4	42	51	1	-2.93921	-4.61426	-5.02188	-3.8512
206	2	1	12	3	2	1	5	-2.63879	-2.1003	-3.60104	-4.9855
207	4	7	10	4	1	7	1	-1.83078	-3.80154	-2.71431	-1.95063
208	2	1	12	3	2	1	5	-2.63879	-2.1003	-3.60104	-4.9855
209	1	2	4	62	4	5	17	-6.11569	-4.83296	-7.36292	-8.77458
210	4	7	10	4	42	51	1	-2.93921	-4.61426	-5.02188	-3.8512
211	2	4	1	2	2	1	5	-2.79016	-3.63013	-4.17893	-4.17977
212	4	7	10	4	1	7	1	-1.83078	-3.80154	-2.71431	-1.95063
213	2	1	21	3	2	1	5	-2.94479	-2.47382	-4.39086	-4.62154
214	47	2	4	2	6	5	17	-12.0825	-10.8109	-6.18961	-8.36015
215	2	1	21	3	2	1	5	-2.94479	-2.47382	-4.39086	-4.62154
216	2	1	21	3	2	1	5	-2.94479	-2.47382	-4.39086	-4.62154
217	2	4	1	2	2	1	5	-2.79016	-3.63013	-4.17893	-4.17977
218	2	4	1	2	2	1	5	-2.79016	-3.63013	-4.17893	-4.17977
219	10	81	50	99	120	76	52	-6.64794	-6.40441	-5.31687	-5.15105
220	2	4	1	2	2	1	5	-2.79016	-3.63013	-4.17893	-4.17977
221	2	4	1	2	2	1	5	-2.79016	-3.63013	-4.17893	-4.17977
222	1	4	2	2	6	3	17	-4.65186	-2.43561	-4.51671	-5.62829
223	1	2	4	62	4	5	17	-6.11569	-4.83296	-7.36292	-8.77458
224	4	7	10	4	1	7	1	-1.83078	-3.80154	-2.71431	-1.95063
225	4	7	10	4	1	7	1	-1.83078	-3.80154	-2.71431	-1.95063
226	10	1	16	19	10	5	7	-6.18856	-2.73453	-4.16982	-5.18667
227	2	4	1	2	2	1	5	-2.79016	-3.63013	-4.17893	-4.17977
228	2	4	1	2	7	1	5	-2.32298	-5.56175	-5.8595	-5.52009
229	1	4	2	348	6	3	17	-8.90257	-5.34957	-7.96272	-9.63384
230	1	2	4	62	4	5	17	-6.11569	-4.83296	-7.36292	-8.77458
231	10	27	16	19	10	5	7	-20.2167	-12.863	-15.9116	-17.871
232	1	4	2	2	6	3	17	-4.65186	-2.43561	-4.51671	-5.62829
233	4	7	10	4	42	51	1	-2.93921	-4.61426	-5.02188	-3.8512
234	2	4	1	2	2	1	5	-2.79016	-3.63013	-4.17893	-4.17977
235	2	1	12	3	2	1	5	-2.63879	-2.1003	-3.60104	-4.9855
236	2	1	12	88	2	1	5	-3.96093	-3.41458	-5.71796	-5.42651
237	2	4	1	2	7	1	5	-2.32298	-5.56175	-5.8595	-5.52009
238	2	1	12	3	2	1	5	-2.63879	-2.1003	-3.60104	-4.9855
239	1	4	2	2	6	3	17	-4.65186	-2.43561	-4.51671	-5.62829
240	2	1	4	28	58	25	58	-5.61176	-8.69652	-5.52602	-4.23179
241	2	1	5	3	2	3	5	-4.24053	-3.23856	-5.4952	-4.8362
242	2	1	12	3	2	1	5	-2.63879	-2.1003	-3.60104	-4.9855
243	2	4	1	2	2	1	5	-2.79016	-3.63013	-4.17893	-4.17977
244	2	1	5	10	11	1	5	-27.3476	-22.475	-24.382	-25.659
245	2	1	12	3	2	1	5	-2.63879	-2.1003	-3.60104	-4.9855
246	2	1	12	88	2	1	5	-3.96093	-3.41458	-5.71796	-5.42651
247	2	1	12	3	2	1	5	-2.63879	-2.1003	-3.60104	-4.9855
248	2	1	12	3	2	1	5	-2.63879	-2.1003	-3.60104	-4.9855
249	1	4	2	2	6	3	17	-4.65186	-2.43561	-4.51671	-5.62829
250	9	2	4	62	4	5	6	-3.73309	-5.17431	-5.79868	-7.07792
251	2	1	12	3	2	1	5	-2.63879	-2.1003	-3.60104	-4.9855
252	8	10	149	2	11	12	6	-4.89373	-3.95651	-5.62371	-7.33396
253	2	1	21	3	2	1	5	-2.94479	-2.47382	-4.39086	-4.62154
254	1	2	3	4	5	9	3	-4.64998	-2.47543	-3.59085	-4.93166
255	2	1	5	3	2	3	5	-4.24053	-3.23856	-5.4952	-4.8362
256	1	307	3	4	5	9	3	-6.86701	-6.41498	-6.11311	-8.18361
257	1	4	2	2	6	3	17	-4.65186	-2.43561	-4.51671	-5.62829
258	2	4	1	2	7	1	5	-2.32298	-5.56175	-5.8595	-5.52009
259	2	4	1	2	2	1	5	-2.79016	-3.63013	-4.17893	-4.17977
260	2	61	4	64	126	7	23	-5.93081	-9.13718	-6.2639	-4.24456
261	7	21	5	62	4	61	44	-7.35509	-3.81772	-5.6091	-7.52772
262	2	1	12	3	2	1	5	-2.63879	-2.1003	-3.60104	-4.9855
263	2	4	1	2	2	1	5	-2.79016	-3.63013	-4.17893	-4.17977
264	2	1	12	3	2	1	5	-2.63879	-2.1003	-3.60104	-4.9855
265	2	1	21	3	2	1	5	-2.94479	-2.47382	-4.39086	-4.62154
266	2	1	21	3	2	1	5	-2.94479	-2.47382	-4.39086	-4.62154
267	2	4	1	2	2	1	5	-2.79016	-3.63013	-4.17893	-4.17977
268	2	4	1	2	2	1	5	-2.79016	-3.63013	-4.17893	-4.17977
269	2	4	1	2	7	1	5	-2.32298	-5.56175	-5.8595	-5.52009
270	4	7	10	4	1	7	1	-1.83078	-3.80154	-2.71431	-1.95063
271	1	2	4	62	4	5	17	-6.11569	-4.83296	-7.36292	-8.77458
272	4	1	21	3	2	1	5	-9.7919	-10.2037	-10.4684	-10.3132
273	10	1	16	19	10	5	7	-6.18856	-2.73453	-4.16982	-5.18667
274	33	283	44	82	189	44	17	-6.91253	-3.45862	-5.38591	-6.01987
275	2	1	12	3	2	1	5	-2.63879	-2.1003	-3.60104	-4.9855
276	10	81	50	99	120	76	52	-6.64794	-6.40441	-5.31687	-5.15105
277	4	7	10	4	42	25	1	-8.24483	-10.3649	-5.88722	-5.1696
278	2	4	1	2	2	1	5	-2.79016	-3.63013	-4.17893	-4.17977
279	2	4	5	2	10	1	5	-6.91028	-10.1436	-10.5234	-10.6881
280	2	4	1	2	2	1	5	-2.79016	-3.63013	-4.17893	-4.17977
281	9	2	4	62	4	5	6	-3.73309	-5.17431	-5.79868	-7.07792
282	4	7	10	4	1	7	1	-1.83078	-3.80154	-2.71431	-1.95063
283	2	1	12	3	2	1	5	-2.63879	-2.1003	-3.60104	-4.9855
284	9	2	4	62	4	5	6	-3.73309	-5.17431	-5.79868	-7.07792
285	9	2	4	62	4	5	6	-3.73309	-5.17431	-5.79868	-7.07792
286	2	4	1	2	2	1	5	-2.79016	-3.63013	-4.17893	-4.17977
287	2	1	12	88	2	1	5	-3.96093	-3.41458	-5.71796	-5.42651
288	2	1	21	3	2	1	5	-2.94479	-2.47382	-4.39086	-4.62154
289	33	39	30	79	113	44	17	-26.0061	-23.9678	-24.9389	-27.6544
290	1	2	3	4	5	9	3	-4.64998	-2.47543	-3.59085	-4.93166
291	1	4	2	2	6	3	17	-4.65186	-2.43561	-4.51671	-5.62829
292	9	2	4	62	4	5	6	-3.73309	-5.17431	-5.79868	-7.07792
293	2	1	12	3	2	1	5	-2.63879	-2.1003	-3.60104	-4.9855
294	2	1	5	3	2	5	5	-5.572	-2.81811	-4.0703	-5.50965
295	2	1	5	3	2	5	5	-5.572	-2.81811	-4.0703	-5.50965
296	2	4	1	2	2	1	5	-2.79016	-3.63013	-4.17893	-4.17977
297	2	4	1	2	2	1	5	-2.79016	-3.63013	-4.17893	-4.17977
298	2	1	21	3	2	1	5	-2.94479	-2.47382	-4.39086	-4.62154
299	32	39	30	82	104	324	17	-8.21032	-4.66425	-7.27594	-8.94319
300	2	1	12	3	2	1	5	-2.63879	-2.1003	-3.60104	-4.9855
301	4	7	10	4	1	7	1	-1.83078	-3.80154	-2.71431	-1.95063
302	1	4	2	2	6	3	5	-8.77197	-5.2566	-7.88124	-9.56898
303	2	1	21	3	2	1	5	-2.94479	-2.47382	-4.39086	-4.62154
304	4	7	10	4	42	51	1	-2.93921	-4.61426	-5.02188	-3.8512
305	2	4	1	2	7	1	5	-2.32298	-5.56175	-5.8595	-5.52009
306	7	21	5	62	4	61	44	-7.35509	-3.81772	-5.6091	-7.52772
307	104	7	10	4	1	7	1	-4.42668	-7.67799	-8.03677	-8.19015
308	9	25	2	10	22	3	6	-4.46684	-7.7018	-6.26882	-4.37481
309	2	4	2	2	6	3	17	-10.8302	-7.71272	-10.0625	-11.0992
310	2	4	1	2	7	1	5	-2.32298	-5.56175	-5.8595	-5.52009
311	129	66	30	82	189	47	17	-3.25671	-4.85623	-5.71355	-4.19641
312	33	39	30	82	104	173	68	-5.40249	-3.96415	-6.5095	-7.95323
313	2	1	12	3	2	1	5	-2.63879	-2.1003	-3.60104	-4.9855
314	2	1	1	3	2	1	5	-4.63209	-3.77097	-6.26532	-7.56371
315	7	21	5	62	4	61	44	-7.35509	-3.81772	-5.6091	-7.52772
316	2	1	21	3	2	1	5	-2.94479	-2.47382	-4.39086	-4.62154
317	4	7	10	4	1	7	1	-1.83078	-3.80154	-2.71431	-1.95063
318	10	2	107	62	120	76	1	-6.83596	-10.0702	-8.26903	-6.32518
319	4	7	10	4	1	7	1	-1.83078	-3.80154	-2.71431	-1.95063
320	2	1	12	3	2	1	5	-2.63879	-2.1003	-3.60104	-4.9855
321	2	1	5	3	2	3	5	-4.24053	-3.23856	-5.4952	-4.8362
322	4	7	10	4	1	7	1	-1.83078	-3.80154	-2.71431	-1.95063
323	2	1	12	88	2	1	5	-3.96093	-3.41458	-5.71796	-5.42651
324	4	7	10	4	42	7	1	-6.49384	-9.3853	-5.70404	-4.66012
325	4	7	10	4	42	51	1	-2.93921	-4.61426	-5.02188	-3.8512
326	2	1	21	3	2	1	5	-2.94479	-2.47382	-4.39086	-4.62154
327	2	1	12	3	2	1	5	-2.63879	-2.1003	-3.60104	-4.9855
328	4	7	10	4	1	7	1	-1.83078	-3.80154	-2.71431	-1.95063
329	2	4	1	2	7	1	5	-2.32298	-5.56175	-5.8595	-5.52009
330	4	7	10	4	1	7	1	-1.83078	-3.80154	-2.71431	-1.95063
331	2	1	12	3	2	1	5	-2.63879	-2.1003	-3.60104	-4.9855
332	4	7	10	4	1	7	1	-1.83078	-3.80154	-2.71431	-1.95063
333	4	7	10	4	1	7	1	-1.83078	-3.80154	-2.71431	-1.95063
334	1	4	2	2	6	3	17	-4.65186	-2.43561	-4.51671	-5.62829
335	2	4	1	2	2	1	5	-2.79016	-3.63013	-4.17893	-4.17977
336	4	7	10	4	1	7	1	-1.83078	-3.80154	-2.71431	-1.95063
337	7	17	2	15	23	3	12	-6.91782	-10.1626	-10.5398	-10.6977
338	2	1	5	3	2	3	5	-4.24053	-3.23856	-5.4952	-4.8362
339	4	7	10	4	1	7	1	-1.83078	-3.80154	-2.71431	-1.95063
340	4	7	10	4	1	7	1	-1.83078	-3.80154	-2.71431	-1.95063
341	4	7	10	4	42	51	1	-2.93921	-4.61426	-5.02188	-3.8512
342	2	4	1	2	2	1	5	-2.79016	-3.63013	-4.17893	-4.17977
343	2	1	12	88	2	1	5	-3.96093	-3.41458	-5.71796	-5.42651
344	2	1	1	3	2	1	5	-4.63209	-3.77097	-6.26532	-7.56371
345	1	2	3	4	5	9	3	-4.64998	-2.47543	-3.59085	-4.93166
346	2	1	12	88	2	1	5	-3.96093	-3.41458	-5.71796	-5.42651
347	2	1	1	3	2	1	5	-4.63209	-3.77097	-6.26532	-7.56371
348	24	17	2	10	23	68	5	-9.30807	-5.76105	-8.37349	-10.0414
349	4	7	10	4	1	7	1	-1.83078	-3.80154	-2.71431	-1.95063
350	2	1	21	3	2	1	5	-2.94479	-2.47382	-4.39086	-4.62154
351	1	4	2	2	6	3	17	-4.65186	-2.43561	-4.51671	-5.62829
352	2	1	5	3	2	3	5	-4.24053	-3.23856	-5.4952	-4.8362
353	4	7	10	4	1	7	1	-1.83078	-3.80154	-2.71431	-1.95063
354	2	1	1	3	2	1	5	-4.63209	-3.77097	-6.26532	-7.56371
355	2	1	12	3	2	1	5	-2.63879	-2.1003	-3.60104	-4.9855
356	8	10	149	2	11	12	6	-4.89373	-3.95651	-5.62371	-7.33396
357	2	4	1	2	2	5	5	-6.82929	-6.38706	-8.73922	-9.9139
358	10	1	16	19	10	5	7	-6.18856	-2.73453	-4.16982	-5.18667
359	24	17	2	10	23	68	5	-9.30807	-5.76105	-8.37349	-10.0414
360	1	2	4	62	4	5	17	-6.11569	-4.83296	-7.36292	-8.77458
361	2	4	1	2	7	1	5	-2.32298	-5.56175	-5.8595	-5.52009
362	7	71	5	62	11	67	6	-29.107	-28.0812	-27.08	-27.7039
363	7	17	5	2	10	3	6	-25.5093	-24.2953	-24.035	-23.1917
364	2	1	5	3	2	3	5	-4.24053	-3.23856	-5.4952	-4.8362
365	9	2	4	62	4	5	6	-3.73309	-5.17431	-5.79868	-7.07792
366	33	38	30	82	104	325	36	-13.9323	-10.8494	-11.8296	-12.8569
367	2	4	1	2	7	1	5	-2.32298	-5.56175	-5.8595	-5.52009
368	47	2	4	2	6	5	17	-12.0825	-10.8109	-6.18961	-8.36015
369	2	1	12	88	2	1	5	-3.96093	-3.41458	-5.71796	-5.42651
370	2	1	12	88	2	1	5	-3.96093	-3.41458	-5.71796	-5.42651
371	2	1	12	88	2	1	5	-3.96093	-3.41458	-5.71796	-5.42651
372	2	1	12	88	2	1	5	-3.96093	-3.41458	-5.71796	-5.42651
373	2	4	1	2	2	1	5	-2.79016	-3.63013	-4.17893	-4.17977
374	2	1	12	88	2	1	5	-3.96093	-3.41458	-5.71796	-5.42651
375	1	1	2	2	6	3	17	-9.80619	-6.17013	-8.79052	-10.4852
376	2	1	12	88	2	1	5	-3.96093	-3.41458	-5.71796	-5.42651
377	2	1	12	88	2	1	5	-3.96093	-3.41458	-5.71796	-5.42651
378	2	4	1	2	2	1	5	-2.79016	-3.63013	-4.17893	-4.17977
379	2	1	12	88	2	1	5	-3.96093	-3.41458	-5.71796	-5.42651
380	2	1	5	3	2	3	5	-4.24053	-3.23856	-5.4952	-4.8362
381	4	7	10	4	1	7	1	-1.83078	-3.80154	-2.71431	-1.95063
382	2	1	12	3	2	1	5	-2.63879	-2.1003	-3.60104	-4.9855
383	1	2	4	62	4	5	17	-6.11569	-4.83296	-7.36292	-8.77458
384	1	4	2	2	6	3	17	-4.65186	-2.43561	-4.51671	-5.62829
385	2	1	12	3	2	1	5	-2.63879	-2.1003	-3.60104	-4.9855
386	2	1	12	88	2	1	5	-3.96093	-3.41458	-5.71796	-5.42651
387	9	2	4	62	4	5	6	-3.73309	-5.17431	-5.79868	-7.07792
388	2	4	1	2	7	1	5	-2.32298	-5.56175	-5.8595	-5.52009
389	2	1	5	3	2	3	5	-4.24053	-3.23856	-5.4952	-4.8362
390	7	21	5	62	4	61	44	-7.35509	-3.81772	-5.6091	-7.52772
391	1	2	215	4	90	24	8	-29.3787	-30.7656	-22.071	-19.5857
392	2	1	21	3	2	1	5	-2.94479	-2.47382	-4.39086	-4.62154
393	1	4	2	2	6	3	17	-4.65186	-2.43561	-4.51671	-5.62829
394	2	4	1	2	2	1	5	-2.79016	-3.63013	-4.17893	-4.17977
395	2	1	12	3	2	1	5	-2.63879	-2.1003	-3.60104	-4.9855
396	1	2	3	4	5	9	3	-4.64998	-2.47543	-3.59085	-4.93166
397	2	1	5	3	2	3	5	-4.24053	-3.23856	-5.4952	-4.8362
398	10	1	16	19	10	5	7	-6.18856	-2.73453	-4.16982	-5.18667
399	2	1	2	3	2	959	5	-7.70241	-10.9179	-10.09	-9.65139
400	10	1	16	19	10	5	7	-6.18856	-2.73453	-4.16982	-5.18667
401	2	4	1	2	7	1	5	-2.32298	-5.56175	-5.8595	-5.52009
402	2	1	12	3	2	1	5	-2.63879	-2.1003	-3.60104	-4.9855
403	8	10	149	2	11	12	6	-4.89373	-3.95651	-5.62371	-7.33396
404	2	4	1	2	7	1	5	-2.32298	-5.56175	-5.8595	-5.52009
405	4	7	10	4	1	7	1	-1.83078	-3.80154	-2.71431	-1.95063
406	4	7	10	4	1	7	1	-1.83078	-3.80154	-2.71431	-1.95063
407	2	4	5	2	2	5	5	-3.68803	-6.91877	-7.00831	-6.05545
408	2	1	12	3	2	1	5	-2.63879	-2.1003	-3.60104	-4.9855
409	166	2	27	10	151	3	1	-31.2932	-33.741	-26.9183	-23.4418
410	33	39	30	79	113	44	17	-26.0061	-23.9678	-24.9389	-27.6544
411	7	17	2	15	23	3	12	-6.91782	-10.1626	-10.5398	-10.6977
412	1	2	3	4	5	9	3	-4.64998	-2.47543	-3.59085	-4.93166
413	2	4	1	2	7	1	5	-2.32298	-5.56175	-5.8595	-5.52009
414	7	21	5	62	4	61	44	-7.35509	-3.81772	-5.6091	-7.52772
415	2	1	12	3	2	1	5	-2.63879	-2.1003	-3.60104	-4.9855
416	1	2	3	4	5	9	3	-4.64998	-2.47543	-3.59085	-4.93166
417	2	1	5	88	2	11	5	-8.8576	-5.33599	-6.02433	-8.1088
418	2	4	1	2	7	1	5	-2.32298	-5.56175	-5.8595	-5.52009
419	2	1	21	3	2	1	5	-2.94479	-2.47382	-4.39086	-4.62154
420	7	17	2	15	23	3	12	-6.91782	-10.1626	-10.5398	-10.6977
421	2	1	5	88	2	11	5	-8.8576	-5.33599	-6.02433	-8.1088
422	47	2	4	2	6	5	17	-12.0825	-10.8109	-6.18961	-8.36015
423	1	2	3	4	5	9	3	-4.64998	-2.47543	-3.59085	-4.93166
424	7	17	2	15	23	3	12	-6.91782	-10.1626	-10.5398	-10.6977
425	2	4	1	2	2	1	5	-2.79016	-3.63013	-4.17893	-4.17977
426	2	4	1	2	2	1	5	-2.79016	-3.63013	-4.17893	-4.17977
427	2	4	1	2	2	1	5	-2.79016	-3.63013	-4.17893	-4.17977
428	2	1	12	3	2	1	5	-2.63879	-2.1003	-3.60104	-4.9855
429	2	4	5	2	2	5	5	-3.68803	-6.91877	-7.00831	-6.05545
430	2	1	21	3	2	1	5	-2.94479	-2.47382	-4.39086	-4.62154
431	4	7	10	4	42	25	1	-8.24483	-10.3649	-5.88722	-5.1696
432	1	4	2	2	6	3	17	-4.65186	-2.43561	-4.51671	-5.62829
433	1	2	215	4	923	24	8	-29.3787	-30.7656	-22.071	-19.5857
434	1	2	3	4	5	9	3	-4.64998	-2.47543	-3.59085	-4.93166
435	2	1	1	3	2	1	5	-4.63209	-3.77097	-6.26532	-7.56371
436	1	4	2	2	6	3	17	-4.65186	-2.43561	-4.51671	-5.62829
437	2	4	1	2	2	1	5	-2.79016	-3.63013	-4.17893	-4.17977
438	2	1	5	3	2	5	5	-5.572	-2.81811	-4.0703	-5.50965
439	4	7	10	4	42	51	1	-2.93921	-4.61426	-5.02188	-3.8512
440	4	7	10	4	1	7	1	-1.83078	-3.80154	-2.71431	-1.95063
441	4	7	10	4	1	7	1	-1.83078	-3.80154	-2.71431	-1.95063
442	4	7	10	4	1	7	1	-1.83078	-3.80154	-2.71431	-1.95063
443	2	1	21	3	2	1	5	-2.94479	-2.47382	-4.39086	-4.62154
444	2	1	21	3	2	1	5	-2.94479	-2.47382	-4.39086	-4.62154
445	2	4	1	2	7	1	5	-2.32298	-5.56175	-5.8595	-5.52009
446	4	7	10	4	1	7	1	-1.83078	-3.80154	-2.71431	-1.95063
447	4	7	10	4	1	7	1	-1.83078	-3.80154	-2.71431	-1.95063
448	2	1	1	3	2	1	5	-4.63209	-3.77097	-6.26532	-7.56371
449	2	1	21	3	2	1	5	-2.94479	-2.47382	-4.39086	-4.62154
450	2	1	21	3	2	1	5	-2.94479	-2.47382	-4.39086	-4.62154
451	4	7	10	4	42	51	1	-2.93921	-4.61426	-5.02188	-3.8512
452	4	7	10	1	1	7	1	-5.28437	-8.43802	-6.01538	-6.14046
453	239	27	16	19	10	5	7	-10.0034	-6.45606	-9.0671	-10.7355
454	2	1	12	3	2	1	5	-2.63879	-2.1003	-3.60104	-4.9855
455	2	4	1	2	2	1	5	-2.79016	-3.63013	-4.17893	-4.17977
456	2	1	12	3	2	1	5	-2.63879	-2.1003	-3.60104	-4.9855
457	2	1	12	3	2	1	5	-2.63879	-2.1003	-3.60104	-4.9855
458	10	81	50	99	120	76	52	-6.64794	-6.40441	-5.31687	-5.15105
459	47	2	4	2	6	5	17	-12.0825	-10.8109	-6.18961	-8.36015
460	2	4	1	3	2	1	5	-6.84823	-8.59369	-9.75261	-10.3103
461	4	7	10	4	1	7	1	-1.83078	-3.80154	-2.71431	-1.95063
462	2	1	1	380	2	1	5	-6.17196	-5.71875	-8.15597	-9.32196
463	2	4	1	2	7	1	5	-2.32298	-5.56175	-5.8595	-5.52009
464	2	1	12	88	2	1	5	-3.96093	-3.41458	-5.71796	-5.42651
465	7	71	5	62	11	67	1	-30.5461	-28.3274	-25.9379	-26.6694
466	2	4	1	2	7	1	5	-2.32298	-5.56175	-5.8595	-5.52009
467	4	7	10	4	1	7	1	-1.83078	-3.80154	-2.71431	-1.95063
468	2	1	1	380	2	1	5	-6.17196	-5.71875	-8.15597	-9.32196
469	2	4	1	2	2	1	5	-2.79016	-3.63013	-4.17893	-4.17977
470	2	1	12	3	2	1	5	-2.63879	-2.1003	-3.60104	-4.9855
471	1	14	2	2	6	1	17	-8.95152	-6.4386	-7.96536	-6.32739
472	1	2	4	62	4	5	17	-6.11569	-4.83296	-7.36292	-8.77458
473	4	7	10	4	1	7	1	-1.83078	-3.80154	-2.71431	-1.95063
474	2	1	21	3	2	1	5	-2.94479	-2.47382	-4.39086	-4.62154
475	2	4	1	2	2	1	5	-2.79016	-3.63013	-4.17893	-4.17977
476	1	4	2	2	6	3	17	-4.65186	-2.43561	-4.51671	-5.62829
477	4	7	10	4	1	7	1	-1.83078	-3.80154	-2.71431	-1.95063
478	10	2	107	62	120	76	1	-6.83596	-10.0702	-8.26903	-6.32518
479	2	1	12	3	2	1	5	-2.63879	-2.1003	-3.60104	-4.9855
480	2	1	5	3	2	3	5	-4.24053	-3.23856	-5.4952	-4.8362
481	2	1	21	3	2	1	5	-2.94479	-2.47382	-4.39086	-4.62154
482	1	2	3	4	5	9	3	-4.64998	-2.47543	-3.59085	-4.93166
483	1	307	3	4	5	9	3	-6.86701	-6.41498	-6.11311	-8.18361
484	7	2	5	2	10	3	6	-31.4198	-27.5201	-28.4994	-29.5816
485	1	2	3	4	5	9	3	-4.64998	-2.47543	-3.59085	-4.93166
486	33	39	30	82	104	173	68	-5.40249	-3.96415	-6.5095	-7.95323
487	4	7	10	4	42	7	1	-6.49384	-9.3853	-5.70404	-4.66012
488	2	1	12	88	2	1	5	-3.96093	-3.41458	-5.71796	-5.42651
489	2	4	1	2	2	1	5	-2.79016	-3.63013	-4.17893	-4.17977
490	2	1	21	3	2	1	5	-2.94479	-2.47382	-4.39086	-4.62154
491	9	2	4	62	4	5	6	-3.73309	-5.17431	-5.79868	-7.07792
492	2	1	5	3	2	3	5	-4.24053	-3.23856	-5.4952	-4.8362
493	4	7	10	4	1	7	1	-1.83078	-3.80154	-2.71431	-1.95063
494	2	1	57	26	127	29	35	-6.90777	-9.73418	-6.17372	-8.25603
495	2	1	57	26	127	29	35	-6.90777	-9.73418	-6.17372	-8.25603
496	2	4	2	4	19	3	6	-5.81463	-9.05551	-9.43183	-9.58943
497	2	1	12	3	2	1	5	-2.63879	-2.1003	-3.60104	-4.9855
498	2	4	1	2	2	1	5	-2.79016	-3.63013	-4.17893	-4.17977
499	2	4	1	2	2	1	5	-2.79016	-3.63013	-4.17893	-4.17977
500	2	1	21	3	2	1	5	-2.94479	-2.47382	-4.39086	-4.62154
501	33	39	65	79	104	43	17	-4.61449	-7.8598	-8.23641	-8.39525
502	1	14	2	2	6	1	17	-8.95152	-6.4386	-7.96536	-6.32739
503	2	1	12	3	2	1	5	-2.63879	-2.1003	-3.60104	-4.9855
504	7	21	5	62	4	61	44	-7.35509	-3.81772	-5.6091	-7.52772
505	9	2	4	62	4	5	6	-3.73309	-5.17431	-5.79868	-7.07792
506	129	66	30	82	189	47	17	-3.25671	-4.85623	-5.71355	-4.19641
507	2	1	21	3	2	1	5	-2.94479	-2.47382	-4.39086	-4.62154
508	47	2	4	2	6	5	17	-12.0825	-10.8109	-6.18961	-8.36015
509	2	4	1	2	7	1	5	-2.32298	-5.56175	-5.8595	-5.52009
510	33	38	30	82	104	325	36	-13.9323	-10.8494	-11.8296	-12.8569
511	1	4	2	2	6	3	17	-4.65186	-2.43561	-4.51671	-5.62829
512	1	4	2	2	6	3	17	-4.65186	-2.43561	-4.51671	-5.62829
513	2	4	1	2	2	1	5	-2.79016	-3.63013	-4.17893	-4.17977
514	4	7	10	4	1	7	1	-1.83078	-3.80154	-2.71431	-1.95063
515	33	283	44	82	189	44	17	-6.91253	-3.45862	-5.38591	-6.01987
516	8	10	149	2	11	12	6	-4.89373	-3.95651	-5.62371	-7.33396
517	2	1	21	3	62	1	5	-5.81211	-9.04291	-9.42883	-9.59137
518	10	1	16	19	10	5	7	-6.18856	-2.73453	-4.16982	-5.18667
519	180	194	2	68	19	231	147	-24.9569	-30.5099	-22.736	-19.6963
520	2	4	1	2	7	1	5	-2.32298	-5.56175	-5.8595	-5.52009
521	2	4	2	2	6	1	5	-6.10621	-4.81843	-5.91545	-7.84919
522	1	2	3	4	5	9	3	-4.64998	-2.47543	-3.59085	-4.93166
523	2	1	21	3	2	1	5	-2.94479	-2.47382	-4.39086	-4.62154
524	2	1	12	3	2	1	5	-2.63879	-2.1003	-3.60104	-4.9855
525	2	1	5	3	2	3	5	-4.24053	-3.23856	-5.4952	-4.8362
526	1	307	3	4	5	9	3	-6.86701	-6.41498	-6.11311	-8.18361
527	2	4	1	2	7	1	5	-2.32298	-5.56175	-5.8595	-5.52009
528	2	1	12	3	2	1	5	-2.63879	-2.1003	-3.60104	-4.9855
529	7	21	5	62	4	61	44	-7.35509	-3.81772	-5.6091	-7.52772
530	2	1	5	3	2	3	5	-4.24053	-3.23856	-5.4952	-4.8362
531	2	1	12	88	2	1	5	-3.96093	-3.41458	-5.71796	-5.42651
532	2	1	21	3	2	1	5	-2.94479	-2.47382	-4.39086	-4.62154
533	1	4	2	2	6	3	17	-4.65186	-2.43561	-4.51671	-5.62829
534	2	4	1	2	7	1	5	-2.32298	-5.56175	-5.8595	-5.52009
535	47	2	4	2	6	5	17	-12.0825	-10.8109	-6.18961	-8.36015
536	1	4	2	2	6	3	17	-4.65186	-2.43561	-4.51671	-5.62829
537	1	2	3	4	5	9	3	-4.64998	-2.47543	-3.59085	-4.93166
538	2	4	1	2	2	1	5	-2.79016	-3.63013	-4.17893	-4.17977
539	4	7	10	4	42	7	1	-6.49384	-9.3853	-5.70404	-4.66012
540	2	4	1	9	2	1	5	-6.70491	-8.02031	-6.93934	-6.30043
541	2	1	12	3	2	1	5	-2.63879	-2.1003	-3.60104	-4.9855
542	1	4	2	9	6	3	17	-8.56876	-6.77608	-7.24763	-7.7324
543	1	2	3	4	922	9	3	-8.57972	-6.8677	-6.35277	-7.0534
544	4	7	10	4	1	7	1	-1.83078	-3.80154	-2.71431	-1.95063
545	2	1	5	3	2	3	5	-4.24053	-3.23856	-5.4952	-4.8362
546	2	4	1	2	7	1	5	-2.32298	-5.56175	-5.8595	-5.52009
547	4	7	10	4	1	7	1	-1.83078	-3.80154	-2.71431	-1.95063
548	2	4	1	2	2	1	5	-2.79016	-3.63013	-4.17893	-4.17977
549	2	1	21	3	2	1	5	-2.94479	-2.47382	-4.39086	-4.62154
550	4	7	10	4	1	7	1	-1.83078	-3.80154	-2.71431	-1.95063
551	1	4	2	2	6	3	17	-4.65186	-2.43561	-4.51671	-5.62829
552	2	1	5	3	2	5	5	-5.572	-2.81811	-4.0703	-5.50965
553	2	1	12	3	2	1	5	-2.63879	-2.1003	-3.60104	-4.9855
554	4	936	10	4	1	7	1	-5.75538	-8.19057	-5.44645	-4.07374
555	180	194	2	68	19	231	147	-24.9569	-30.5099	-22.736	-19.6963
556	4	7	10	4	42	51	1	-2.93921	-4.61426	-5.02188	-3.8512
557	4	7	10	4	42	25	1	-8.24483	-10.3649	-5.88722	-5.1696
558	2	1	21	3	2	1	5	-2.94479	-2.47382	-4.39086	-4.62154
559	2	1	5	3	2	3	5	-4.24053	-3.23856	-5.4952	-4.8362
560	2	1	5	3	2	3	5	-4.24053	-3.23856	-5.4952	-4.8362
561	4	7	10	4	42	51	1	-2.93921	-4.61426	-5.02188	-3.8512
562	4	7	10	4	1	7	1	-1.83078	-3.80154	-2.71431	-1.95063
563	2	4	1	2	7	1	5	-2.32298	-5.56175	-5.8595	-5.52009
564	2	1	21	3	2	1	5	-2.94479	-2.47382	-4.39086	-4.62154
565	1	4	2	2	6	3	17	-4.65186	-2.43561	-4.51671	-5.62829
566	188	313	5	2	89	5	6	-39.9957	-36.2973	-36.4856	-40.5084
567	2	1	21	3	2	1	5	-2.94479	-2.47382	-4.39086	-4.62154
568	2	1	1	3	2	1	5	-4.63209	-3.77097	-6.26532	-7.56371
569	2	1	5	3	2	3	5	-4.24053	-3.23856	-5.4952	-4.8362
570	2	4	1	2	2	1	5	-2.79016	-3.63013	-4.17893	-4.17977
571	2	1	5	3	2	3	5	-4.24053	-3.23856	-5.4952	-4.8362
572	2	1	1	3	2	1	5	-4.63209	-3.77097	-6.26532	-7.56371
573	2	1	5	3	2	3	5	-4.24053	-3.23856	-5.4952	-4.8362
574	1	4	2	2	6	3	17	-4.65186	-2.43561	-4.51671	-5.62829
575	1	4	2	2	6	3	17	-4.65186	-2.43561	-4.51671	-5.62829
576	2	1	21	3	2	1	5	-2.94479	-2.47382	-4.39086	-4.62154
577	239	27	16	19	10	5	7	-10.0034	-6.45606	-9.0671	-10.7355
578	2	4	5	2	2	5	5	-3.68803	-6.91877	-7.00831	-6.05545
579	9	2	4	62	4	5	6	-3.73309	-5.17431	-5.79868	-7.07792
580	2	1	1	3	2	1	5	-4.63209	-3.77097	-6.26532	-7.56371
581	2	1	5	3	2	3	5	-4.24053	-3.23856	-5.4952	-4.8362
582	1	4	2	2	6	3	17	-4.65186	-2.43561	-4.51671	-5.62829
583	2	4	5	2	2	5	5	-3.68803	-6.91877	-7.00831	-6.05545
584	2	4	5	2	2	5	5	-3.68803	-6.91877	-7.00831	-6.05545
585	2	1	5	3	2	3	5	-4.24053	-3.23856	-5.4952	-4.8362
586	2	1	1	380	2	1	5	-6.17196	-5.71875	-8.15597	-9.32196
587	2	7	10	4	1	7	1	-6.60508	-8.78256	-8.16365	-7.38961
588	2	1	12	3	2	1	5	-2.63879	-2.1003	-3.60104	-4.9855
589	2	4	1	2	2	1	5	-2.79016	-3.63013	-4.17893	-4.17977
590	9	2	4	62	4	5	6	-3.73309	-5.17431	-5.79868	-7.07792
591	2	4	5	2	2	5	5	-3.68803	-6.91877	-7.00831	-6.05545
592	1	4	2	2	6	3	17	-4.65186	-2.43561	-4.51671	-5.62829
593	1	4	2	2	6	5	17	-12.8345	-8.77553	-11.3589	-13.9055
594	2	4	2	2	6	1	5	-6.10621	-4.81843	-5.91545	-7.84919
595	1	4	2	2	6	5	17	-12.8345	-8.77553	-11.3589	-13.9055
596	2	23	21	3	2	1	5	-6.87548	-6.87034	-7.15463	-6.74463
597	7	21	5	62	4	61	44	-7.35509	-3.81772	-5.6091	-7.52772
598	2	4	1	2	2	1	5	-2.79016	-3.63013	-4.17893	-4.17977
599	1	307	3	4	5	9	3	-6.86701	-6.41498	-6.11311	-8.18361
600	1	2	3	4	5	9	3	-4.64998	-2.47543	-3.59085	-4.93166
601	9	2	4	62	4	5	6	-3.73309	-5.17431	-5.79868	-7.07792
602	2	1	12	3	2	1	5	-2.63879	-2.1003	-3.60104	-4.9855
603	1	4	2	2	6	3	17	-4.65186	-2.43561	-4.51671	-5.62829
604	10	1	16	19	10	5	7	-6.18856	-2.73453	-4.16982	-5.18667
605	2	1	12	3	2	1	5	-2.63879	-2.1003	-3.60104	-4.9855
606	180	194	2	68	19	231	147	-24.9569	-30.5099	-22.736	-19.6963
607	2	1	12	3	2	1	5	-2.63879	-2.1003	-3.60104	-4.9855
608	4	7	10	4	1	7	1	-1.83078	-3.80154	-2.71431	-1.95063
609	129	66	30	82	189	47	17	-3.25671	-4.85623	-5.71355	-4.19641
610	4	7	10	4	1	7	1	-1.83078	-3.80154	-2.71431	-1.95063
611	2	1	12	3	2	1	5	-2.63879	-2.1003	-3.60104	-4.9855
612	2	1	21	3	2	1	5	-2.94479	-2.47382	-4.39086	-4.62154
613	4	7	10	4	1	7	1	-1.83078	-3.80154	-2.71431	-1.95063
614	10	1	16	19	10	5	7	-6.18856	-2.73453	-4.16982	-5.18667
615	8	10	149	2	11	12	6	-4.89373	-3.95651	-5.62371	-7.33396
616	129	66	30	82	189	47	17	-3.25671	-4.85623	-5.71355	-4.19641
617	2	4	1	2	2	1	5	-2.79016	-3.63013	-4.17893	-4.17977
618	180	194	2	68	19	231	147	-24.9569	-30.5099	-22.736	-19.6963
619	2	1	5	3	2	3	5	-4.24053	-3.23856	-5.4952	-4.8362
620	2	4	1	2	2	1	5	-2.79016	-3.63013	-4.17893	-4.17977
621	1	2	3	4	5	9	3	-4.64998	-2.47543	-3.59085	-4.93166
622	180	194	2	68	19	231	147	-24.9569	-30.5099	-22.736	-19.6963
623	33	39	65	79	104	43	17	-4.61449	-7.8598	-8.23641	-8.39525
624	2	4	5	2	2	5	5	-3.68803	-6.91877	-7.00831	-6.05545
625	2	1	5	3	2	5	5	-5.572	-2.81811	-4.0703	-5.50965
626	2	1	12	3	2	1	5	-2.63879	-2.1003	-3.60104	-4.9855
627	180	194	2	68	19	231	147	-24.9569	-30.5099	-22.736	-19.6963
628	2	1	21	3	2	1	5	-2.94479	-2.47382	-4.39086	-4.62154
629	2	1	5	3	2	5	5	-5.572	-2.81811	-4.0703	-5.50965
630	2	1	21	3	2	1	5	-2.94479	-2.47382	-4.39086	-4.62154
631	1	2	3	4	5	9	3	-4.64998	-2.47543	-3.59085	-4.93166
632	2	1	21	3	2	1	5	-2.94479	-2.47382	-4.39086	-4.62154
633	8	10	2	2	11	12	6	-3.97118	-7.17312	-7.58954	-7.75169
634	2	4	1	2	7	1	5	-2.32298	-5.56175	-5.8595	-5.52009
635	2	1	5	3	2	3	5	-4.24053	-3.23856	-5.4952	-4.8362
636	1	2	3	4	5	9	3	-4.64998	-2.47543	-3.59085	-4.93166
637	9	2	4	62	4	5	6	-3.73309	-5.17431	-5.79868	-7.07792
638	2	1	21	3	2	1	5	-2.94479	-2.47382	-4.39086	-4.62154
639	8	10	149	2	11	12	6	-4.89373	-3.95651	-5.62371	-7.33396
640	2	1	12	88	2	1	5	-3.96093	-3.41458	-5.71796	-5.42651
641	2	4	1	2	2	1	5	-2.79016	-3.63013	-4.17893	-4.17977
642	2	1	5	10	10	1	5	-23.5367	-23.3626	-23.1213	-23.9285
643	1	2	3	4	5	9	3	-4.64998	-2.47543	-3.59085	-4.93166
644	2	4	1	2	7	1	5	-2.32298	-5.56175	-5.8595	-5.52009
645	2	4	1	2	2	1	5	-2.79016	-3.63013	-4.17893	-4.17977
646	1	2	3	4	5	9	3	-4.64998	-2.47543	-3.59085	-4.93166
647	2	1	12	88	2	1	5	-3.96093	-3.41458	-5.71796	-5.42651
648	4	7	10	4	1	7	1	-1.83078	-3.80154	-2.71431	-1.95063
649	2	1	21	3	2	1	5	-2.94479	-2.47382	-4.39086	-4.62154
650	2	4	1	2	7	1	5	-2.32298	-5.56175	-5.8595	-5.52009
651	33	38	30	82	118	43	17	-19.9699	-18.7352	-20.9135	-23.0827
652	2	4	1	2	2	1	5	-2.79016	-3.63013	-4.17893	-4.17977
653	2	1	5	3	2	3	5	-4.24053	-3.23856	-5.4952	-4.8362
654	4	7	10	4	1	7	1	-1.83078	-3.80154	-2.71431	-1.95063
655	8	10	2	2	11	12	6	-3.97118	-7.17312	-7.58954	-7.75169
656	2	4	5	2	2	5	5	-3.68803	-6.91877	-7.00831	-6.05545
657	4	7	10	4	1	7	1	-1.83078	-3.80154	-2.71431	-1.95063
658	2	1	5	3	2	3	5	-4.24053	-3.23856	-5.4952	-4.8362
659	33	39	30	82	113	47	17	-5.78801	-5.72603	-8.07738	-9.10176
660	2	1	21	3	2	1	5	-2.94479	-2.47382	-4.39086	-4.62154
661	2	4	1	2	7	1	5	-2.32298	-5.56175	-5.8595	-5.52009
662	2	1	1	3	2	1	5	-4.63209	-3.77097	-6.26532	-7.56371
663	4	7	10	4	1	7	1	-1.83078	-3.80154	-2.71431	-1.95063
664	7	21	5	62	4	61	44	-7.35509	-3.81772	-5.6091	-7.52772
665	10	81	50	99	120	76	52	-6.64794	-6.40441	-5.31687	-5.15105
666	4	7	10	4	1	7	1	-1.83078	-3.80154	-2.71431	-1.95063
667	1	2	3	4	5	9	3	-4.64998	-2.47543	-3.59085	-4.93166
668	1	2	3	4	5	9	3	-4.64998	-2.47543	-3.59085	-4.93166
669	2	4	1	2	7	1	5	-2.32298	-5.56175	-5.8595	-5.52009
670	4	7	10	4	1	7	1	-1.83078	-3.80154	-2.71431	-1.95063
671	2	1	5	3	2	3	5	-4.24053	-3.23856	-5.4952	-4.8362
672	1	4	2	2	6	3	17	-4.65186	-2.43561	-4.51671	-5.62829
673	4	935	10	4	1	7	1	-5.75538	-8.19057	-5.44645	-4.07374
674	10	1	16	19	10	5	7	-6.18856	-2.73453	-4.16982	-5.18667
675	4	7	10	4	1	7	1	-1.83078	-3.80154	-2.71431	-1.95063
676	33	39	65	79	104	43	17	-4.61449	-7.8598	-8.23641	-8.39525
677	2	4	2	2	6	1	5	-6.10621	-4.81843	-5.91545	-7.84919
678	4	7	10	4	42	25	1	-8.24483	-10.3649	-5.88722	-5.1696
679	1	4	2	2	6	3	17	-4.65186	-2.43561	-4.51671	-5.62829
680	4	7	10	4	42	25	1	-8.24483	-10.3649	-5.88722	-5.1696
681	4	7	10	4	42	25	1	-8.24483	-10.3649	-5.88722	-5.1696
682	4	7	10	4	1	7	1	-1.83078	-3.80154	-2.71431	-1.95063
683	2	4	1	2	7	1	5	-2.32298	-5.56175	-5.8595	-5.52009
684	4	7	10	4	1	7	1	-1.83078	-3.80154	-2.71431	-1.95063
685	4	7	10	4	42	7	1	-6.49384	-9.3853	-5.70404	-4.66012
686	10	27	16	19	10	5	7	-20.2167	-12.863	-15.9116	-17.871
687	10	81	50	99	120	76	52	-6.64794	-6.40441	-5.31687	-5.15105
688	4	7	10	4	1	7	1	-1.83078	-3.80154	-2.71431	-1.95063
689	4	7	10	4	42	51	1	-2.93921	-4.61426	-5.02188	-3.8512
690	4	7	10	4	1	7	1	-1.83078	-3.80154	-2.71431	-1.95063
691	10	81	50	99	120	76	52	-6.64794	-6.40441	-5.31687	-5.15105
692	2	4	1	2	2	1	5	-2.79016	-3.63013	-4.17893	-4.17977
693	4	7	10	4	42	51	1	-2.93921	-4.61426	-5.02188	-3.8512
694	4	7	10	4	42	51	1	-2.93921	-4.61426	-5.02188	-3.8512
695	4	7	10	4	42	51	1	-2.93921	-4.61426	-5.02188	-3.8512
696	8	10	2	2	11	12	6	-3.97118	-7.17312	-7.58954	-7.75169
697	33	38	30	82	104	43	17	-5.3075	-8.55189	-8.92828	-9.08203
698	4	7	10	4	1	7	1	-1.83078	-3.80154	-2.71431	-1.95063
699	10	81	50	99	120	76	52	-6.64794	-6.40441	-5.31687	-5.15105
700	2	4	1	2	7	1	5	-2.32298	-5.56175	-5.8595	-5.52009
701	4	7	10	4	1	7	1	-1.83078	-3.80154	-2.71431	-1.95063
702	4	7	10	4	1	7	1	-1.83078	-3.80154	-2.71431	-1.95063
703	10	81	50	99	120	76	52	-6.64794	-6.40441	-5.31687	-5.15105
704	4	7	10	4	42	51	1	-2.93921	-4.61426	-5.02188	-3.8512
705	9	2	4	62	4	5	6	-3.73309	-5.17431	-5.79868	-7.07792
706	4	7	10	4	1	7	1	-1.83078	-3.80154	-2.71431	-1.95063
707	2	1	1	3	2	1	5	-4.63209	-3.77097	-6.26532	-7.56371
708	1	14	2	2	6	1	17	-8.95152	-6.4386	-7.96536	-6.32739
709	2	4	2	2	6	1	5	-6.10621	-4.81843	-5.91545	-7.84919
710	2	4	2	2	6	1	5	-6.10621	-4.81843	-5.91545	-7.84919
711	4	7	10	4	42	51	1	-2.93921	-4.61426	-5.02188	-3.8512
712	10	2	107	62	120	76	1	-6.83596	-10.0702	-8.26903	-6.32518
713	2	1	12	3	2	1	5	-2.63879	-2.1003	-3.60104	-4.9855
714	2	4	1	2	2	1	5	-2.79016	-3.63013	-4.17893	-4.17977
715	47	2	4	2	6	5	17	-12.0825	-10.8109	-6.18961	-8.36015
716	4	7	10	4	42	5	1	-11.0898	-10.9411	-11.2139	-11.597
717	2	1	12	3	2	1	5	-2.63879	-2.1003	-3.60104	-4.9855
718	4	7	10	4	42	51	1	-2.93921	-4.61426	-5.02188	-3.8512
719	1	307	3	4	5	9	3	-6.86701	-6.41498	-6.11311	-8.18361
720	2	1	21	3	2	1	5	-2.94479	-2.47382	-4.39086	-4.62154
721	4	7	10	4	1	7	1	-1.83078	-3.80154	-2.71431	-1.95063
722	2	4	1	2	2	1	5	-2.79016	-3.63013	-4.17893	-4.17977
723	2	1	12	3	2	1	5	-2.63879	-2.1003	-3.60104	-4.9855
724	4	7	10	4	1	7	1	-1.83078	-3.80154	-2.71431	-1.95063
725	2	1	21	3	2	1	5	-2.94479	-2.47382	-4.39086	-4.62154
726	2	1	1	3	2	1	5	-4.63209	-3.77097	-6.26532	-7.56371
727	4	7	10	4	1	7	1	-1.83078	-3.80154	-2.71431	-1.95063
728	2	1	12	3	2	1	5	-2.63879	-2.1003	-3.60104	-4.9855
729	1	4	3	2	6	3	17	-14.5312	-9.2641	-11.6302	-14.2647
730	2	1	12	3	2	1	5	-2.63879	-2.1003	-3.60104	-4.9855
731	2	1	12	88	2	1	5	-3.96093	-3.41458	-5.71796	-5.42651
732	1	4	2	2	6	3	17	-4.65186	-2.43561	-4.51671	-5.62829
733	4	7	10	4	42	51	1	-2.93921	-4.61426	-5.02188	-3.8512
734	2	1	12	3	2	1	5	-2.63879	-2.1003	-3.60104	-4.9855
735	4	7	10	4	1	7	1	-1.83078	-3.80154	-2.71431	-1.95063
736	2	1	12	88	2	1	5	-3.96093	-3.41458	-5.71796	-5.42651
737	2	1	21	3	2	1	5	-2.94479	-2.47382	-4.39086	-4.62154
738	2	4	5	2	2	5	5	-3.68803	-6.91877	-7.00831	-6.05545
739	2	4	5	2	2	5	5	-3.68803	-6.91877	-7.00831	-6.05545
740	2	1	21	3	62	1	5	-5.81211	-9.04291	-9.42883	-9.59137
741	4	7	10	4	42	25	1	-8.24483	-10.3649	-5.88722	-5.1696
742	1	2	4	62	4	5	17	-6.11569	-4.83296	-7.36292	-8.77458
743	1	2	3	4	5	9	3	-4.64998	-2.47543	-3.59085	-4.93166
744	8	10	2	2	11	12	6	-3.97118	-7.17312	-7.58954	-7.75169
745	2	1	12	88	2	1	5	-3.96093	-3.41458	-5.71796	-5.42651
746	2	4	5	2	2	5	5	-3.68803	-6.91877	-7.00831	-6.05545
747	2	1	12	3	2	1	5	-2.63879	-2.1003	-3.60104	-4.9855
748	7	21	5	62	4	61	44	-7.35509	-3.81772	-5.6091	-7.52772
749	9	2	4	62	4	5	6	-3.73309	-5.17431	-5.79868	-7.07792
750	10	1	16	19	10	5	7	-6.18856	-2.73453	-4.16982	-5.18667
751	10	1	16	19	10	5	7	-6.18856	-2.73453	-4.16982	-5.18667
752	8	10	2	2	11	12	6	-3.97118	-7.17312	-7.58954	-7.75169
753	1	4	2	2	6	3	17	-4.65186	-2.43561	-4.51671	-5.62829
754	2	1	12	3	2	1	5	-2.63879	-2.1003	-3.60104	-4.9855
755	2	1	12	88	2	1	5	-3.96093	-3.41458	-5.71796	-5.42651
756	2	29	4	27	10	25	57	-19.1489	-24.014	-14.9779	-12.1672
757	2	1	5	3	2	3	5	-4.24053	-3.23856	-5.4952	-4.8362
758	2	1	12	3	2	1	5	-2.63879	-2.1003	-3.60104	-4.9855
759	37	52	57	26	107	29	23	-7.98528	-10.2584	-5.8198	-4.91
760	2	4	1	2	7	1	5	-2.32298	-5.56175	-5.8595	-5.52009
761	1	2	3	4	5	9	3	-4.64998	-2.47543	-3.59085	-4.93166
762	2	1	12	3	2	1	5	-2.63879	-2.1003	-3.60104	-4.9855
763	1	4	2	2	6	3	17	-4.65186	-2.43561	-4.51671	-5.62829
764	1	4	2	2	6	3	17	-4.65186	-2.43561	-4.51671	-5.62829
765	1	2	3	4	5	9	3	-4.64998	-2.47543	-3.59085	-4.93166
766	4	7	10	4	1	7	1	-1.83078	-3.80154	-2.71431	-1.95063
767	2	1	21	3	2	1	5	-2.94479	-2.47382	-4.39086	-4.62154
768	2	1	12	3	2	1	5	-2.63879	-2.1003	-3.60104	-4.9855
769	2	4	1	2	2	5	5	-6.82929	-6.38706	-8.73922	-9.9139
770	2	4	1	2	2	1	5	-2.79016	-3.63013	-4.17893	-4.17977
771	2	4	5	2	2	5	5	-3.68803	-6.91877	-7.00831	-6.05545
772	10	1	16	19	10	5	7	-6.18856	-2.73453	-4.16982	-5.18667
773	7	21	5	62	4	61	44	-7.35509	-3.81772	-5.6091	-7.52772
774	9	2	4	62	4	5	6	-3.73309	-5.17431	-5.79868	-7.07792
775	2	1	12	3	2	1	5	-2.63879	-2.1003	-3.60104	-4.9855
776	1	4	2	2	6	3	17	-4.65186	-2.43561	-4.51671	-5.62829
777	4	7	10	4	1	7	1	-1.83078	-3.80154	-2.71431	-1.95063
778	2	1	12	3	2	1	5	-2.63879	-2.1003	-3.60104	-4.9855
779	2	1	5	3	2	5	5	-5.572	-2.81811	-4.0703	-5.50965
780	2	23	21	3	2	1	5	-6.87548	-6.87034	-7.15463	-6.74463
781	2	4	5	2	2	5	5	-3.68803	-6.91877	-7.00831	-6.05545
782	2	4	2	2	6	1	5	-6.10621	-4.81843	-5.91545	-7.84919
783	2	1	12	3	2	1	5	-2.63879	-2.1003	-3.60104	-4.9855
784	4	7	10	4	42	51	1	-2.93921	-4.61426	-5.02188	-3.8512
785	7	17	5	2	86	232	1	-28.7428	-33.1033	-27.8769	-25.1814
786	2	4	1	2	2	1	5	-2.79016	-3.63013	-4.17893	-4.17977
787	2	1	12	3	2	1	5	-2.63879	-2.1003	-3.60104	-4.9855
788	2	1	21	3	2	1	5	-2.94479	-2.47382	-4.39086	-4.62154
789	7	17	2	15	23	3	12	-6.91782	-10.1626	-10.5398	-10.6977
790	2	1	5	3	2	5	5	-5.572	-2.81811	-4.0703	-5.50965
791	1	6	60	24	12	28	1	-29.1202	-32.6676	-19.8463	-17.6022
792	1	2	3	4	5	9	3	-4.64998	-2.47543	-3.59085	-4.93166
793	2	4	5	2	2	5	5	-3.68803	-6.91877	-7.00831	-6.05545
794	1	2	3	4	5	9	3	-4.64998	-2.47543	-3.59085	-4.93166
795	1	6	60	24	12	28	1	-29.1202	-32.6676	-19.8463	-17.6022
796	9	2	4	62	4	5	6	-3.73309	-5.17431	-5.79868	-7.07792
797	2	4	1	2	2	1	5	-2.79016	-3.63013	-4.17893	-4.17977
798	4	7	10	4	1	7	1	-1.83078	-3.80154	-2.71431	-1.95063
799	2	4	5	2	2	5	5	-3.68803	-6.91877	-7.00831	-6.05545
800	7	2	2	2	11	12	6	-4.5178	-7.76227	-8.13908	-8.29824
801	2	1	21	3	2	1	941	-6.87557	-6.85124	-7.14522	-6.74205
802	9	2	2	10	10	3	5	-29.8715	-25.3053	-26.1411	-25.9571
803	8	10	149	2	11	12	6	-4.89373	-3.95651	-5.62371	-7.33396
804	7	1	5	2	10	3	6	-32.4058	-29.3931	-29.9466	-29.653
805	2	1	21	3	2	1	5	-2.94479	-2.47382	-4.39086	-4.62154
806	33	39	30	82	113	43	17	-9.79577	-6.44027	-6.13832	-8.27358
807	1	6	60	24	12	28	1	-29.1202	-32.6676	-19.8463	-17.6022
808	1	6	60	24	12	28	1	-29.1202	-32.6676	-19.8463	-17.6022
809	7	17	2	15	23	3	12	-6.91782	-10.1626	-10.5398	-10.6977
810	1	4	2	2	6	3	17	-4.65186	-2.43561	-4.51671	-5.62829
811	1	4	2	2	6	3	17	-4.65186	-2.43561	-4.51671	-5.62829
812	7	21	5	62	4	61	44	-7.35509	-3.81772	-5.6091	-7.52772
813	239	27	16	19	10	5	7	-10.0034	-6.45606	-9.0671	-10.7355
814	9	2	4	62	4	5	6	-3.73309	-5.17431	-5.79868	-7.07792
815	10	1	16	19	10	5	7	-6.18856	-2.73453	-4.16982	-5.18667
816	2	1	5	3	2	5	5	-5.572	-2.81811	-4.0703	-5.50965
817	2	4	5	2	2	5	5	-3.68803	-6.91877	-7.00831	-6.05545
818	8	10	2	2	11	12	6	-3.97118	-7.17312	-7.58954	-7.75169
819	7	17	2	15	23	3	12	-6.91782	-10.1626	-10.5398	-10.6977
820	2	4	1	4	1	1	5	-15.6155	-18.0522	-15.7766	-15.4229
821	4	7	10	4	1	7	1	-1.83078	-3.80154	-2.71431	-1.95063
822	8	10	149	2	11	12	6	-4.89373	-3.95651	-5.62371	-7.33396
823	2	1	12	88	2	1	5	-3.96093	-3.41458	-5.71796	-5.42651
824	2	4	2	2	6	1	5	-6.10621	-4.81843	-5.91545	-7.84919
825	10	81	50	99	120	76	52	-6.64794	-6.40441	-5.31687	-5.15105
826	2	4	5	2	2	5	5	-3.68803	-6.91877	-7.00831	-6.05545
827	2	4	1	2	2	5	5	-6.82929	-6.38706	-8.73922	-9.9139
828	8	10	149	2	11	12	6	-4.89373	-3.95651	-5.62371	-7.33396
829	1	4	2	2	6	3	17	-4.65186	-2.43561	-4.51671	-5.62829
830	2	165	73	147	220	190	104	-8.28792	-11.3858	-7.28109	-5.24
831	4	7	10	4	42	25	1	-8.24483	-10.3649	-5.88722	-5.1696
832	7	2	2	2	11	12	6	-4.5178	-7.76227	-8.13908	-8.29824
833	1	6	60	24	12	28	1	-29.1202	-32.6676	-19.8463	-17.6022
834	2	1	12	3	2	1	5	-2.63879	-2.1003	-3.60104	-4.9855
835	33	39	65	79	104	77	17	-5.30744	-8.55229	-8.92964	-9.08831
836	4	7	10	4	1	7	1	-1.83078	-3.80154	-2.71431	-1.95063
837	1	2	3	4	5	9	3	-4.64998	-2.47543	-3.59085	-4.93166
838	2	1	21	3	2	1	5	-2.94479	-2.47382	-4.39086	-4.62154
839	2	1	12	3	2	1	5	-2.63879	-2.1003	-3.60104	-4.9855
840	4	7	10	4	1	7	1	-1.83078	-3.80154	-2.71431	-1.95063
841	2	4	1	2	7	1	5	-2.32298	-5.56175	-5.8595	-5.52009
842	184	39	30	82	113	43	17	-3.97001	-6.07307	-7.38786	-7.70348
843	4	7	10	4	1	7	1	-1.83078	-3.80154	-2.71431	-1.95063
844	2	4	1	2	2	1	5	-2.79016	-3.63013	-4.17893	-4.17977
845	4	7	10	4	1	7	1	-1.83078	-3.80154	-2.71431	-1.95063
846	2	1	12	88	2	1	5	-3.96093	-3.41458	-5.71796	-5.42651
847	2	1	21	3	2	1	5	-2.94479	-2.47382	-4.39086	-4.62154
848	1	2	3	4	5	9	3	-4.64998	-2.47543	-3.59085	-4.93166
849	4	7	10	4	1	7	1	-1.83078	-3.80154	-2.71431	-1.95063
850	2	1	21	3	2	1	5	-2.94479	-2.47382	-4.39086	-4.62154
851	8	10	2	2	11	12	6	-3.97118	-7.17312	-7.58954	-7.75169
852	2	4	1	2	2	1	5	-2.79016	-3.63013	-4.17893	-4.17977
853	2	4	1	2	2	1	5	-2.79016	-3.63013	-4.17893	-4.17977
854	2	4	2	2	6	1	5	-6.10621	-4.81843	-5.91545	-7.84919
855	2	4	1	2	2	1	5	-2.79016	-3.63013	-4.17893	-4.17977
856	2	4	1	2	2	1	5	-2.79016	-3.63013	-4.17893	-4.17977
857	2	4	1	2	2	1	5	-2.79016	-3.63013	-4.17893	-4.17977
858	1	2	3	4	5	9	3	-4.64998	-2.47543	-3.59085	-4.93166
859	2	4	1	2	2	1	5	-2.79016	-3.63013	-4.17893	-4.17977
860	2	4	1	2	2	1	5	-2.79016	-3.63013	-4.17893	-4.17977
861	8	10	2	2	11	12	6	-3.97118	-7.17312	-7.58954	-7.75169
862	2	1	5	3	2	3	5	-4.24053	-3.23856	-5.4952	-4.8362
863	33	39	30	82	104	173	68	-5.40249	-3.96415	-6.5095	-7.95323
864	2	4	1	2	7	1	5	-2.32298	-5.56175	-5.8595	-5.52009
865	8	10	2	2	11	12	6	-3.97118	-7.17312	-7.58954	-7.75169
866	2	4	1	2	7	1	5	-2.32298	-5.56175	-5.8595	-5.52009
867	1	2	3	4	5	9	3	-4.64998	-2.47543	-3.59085	-4.93166
868	1	2	215	4	90	24	8	-29.3787	-30.7656	-22.071	-19.5857
869	2	1	1	3	2	1	5	-4.63209	-3.77097	-6.26532	-7.56371
870	10	81	50	99	120	76	52	-6.64794	-6.40441	-5.31687	-5.15105
871	2	4	1	2	7	1	5	-2.32298	-5.56175	-5.8595	-5.52009
872	2	1	12	3	2	1	5	-2.63879	-2.1003	-3.60104	-4.9855
873	2	4	1	2	2	1	5	-2.79016	-3.63013	-4.17893	-4.17977
874	2	4	1	2	2	1	5	-2.79016	-3.63013	-4.17893	-4.17977
875	2	4	1	2	2	1	5	-2.79016	-3.63013	-4.17893	-4.17977
876	2	1	5	3	2	3	5	-4.24053	-3.23856	-5.4952	-4.8362
877	2	4	1	2	2	1	5	-2.79016	-3.63013	-4.17893	-4.17977
878	4	7	10	4	1	7	1	-1.83078	-3.80154	-2.71431	-1.95063
879	2	4	1	2	7	1	5	-2.32298	-5.56175	-5.8595	-5.52009
880	2	4	5	2	2	5	5	-3.68803	-6.91877	-7.00831	-6.05545
881	2	4	1	2	2	1	5	-2.79016	-3.63013	-4.17893	-4.17977
882	8	10	2	2	11	12	6	-3.97118	-7.17312	-7.58954	-7.75169
883	4	7	10	4	1	7	1	-1.83078	-3.80154	-2.71431	-1.95063
884	2	4	1	2	2	1	5	-2.79016	-3.63013	-4.17893	-4.17977
885	166	2	1	10	17	3	1	-34.4132	-36.6066	-31.6562	-29.1893
886	2	4	1	2	7	1	5	-2.32298	-5.56175	-5.8595	-5.52009
887	2	4	1	2	2	1	5	-2.79016	-3.63013	-4.17893	-4.17977
888	4	7	10	4	1	7	1	-1.83078	-3.80154	-2.71431	-1.95063
889	4	7	10	4	1	7	1	-1.83078	-3.80154	-2.71431	-1.95063
890	2	4	1	2	7	1	5	-2.32298	-5.56175	-5.8595	-5.52009
891	2	4	1	2	2	1	5	-2.79016	-3.63013	-4.17893	-4.17977
892	2	1	5	3	2	3	5	-4.24053	-3.23856	-5.4952	-4.8362
893	9	25	2	10	22	3	6	-4.46684	-7.7018	-6.26882	-4.37481
894	2	1	21	3	62	1	5	-5.81211	-9.04291	-9.42883	-9.59137
895	129	66	30	82	189	47	17	-3.25671	-4.85623	-5.71355	-4.19641
896	129	66	30	82	189	47	17	-3.25671	-4.85623	-5.71355	-4.19641
897	4	7	10	4	1	7	1	-1.83078	-3.80154	-2.71431	-1.95063
898	2	4	1	2	2	1	5	-2.79016	-3.63013	-4.17893	-4.17977
899	4	7	10	4	42	7	1	-6.49384	-9.3853	-5.70404	-4.66012
900	2	4	1	2	7	1	5	-2.32298	-5.56175	-5.8595	-5.52009
901	1	307	3	4	5	9	3	-6.86701	-6.41498	-6.11311	-8.18361
902	2	1	21	3	2	1	5	-2.94479	-2.47382	-4.39086	-4.62154
903	4	7	10	4	1	7	1	-1.83078	-3.80154	-2.71431	-1.95063
904	2	1	21	3	2	1	5	-2.94479	-2.47382	-4.39086	-4.62154
905	2	4	1	2	2	5	5	-6.82929	-6.38706	-8.73922	-9.9139
906	2	4	1	2	7	1	5	-2.32298	-5.56175	-5.8595	-5.52009
907	2	4	1	2	7	1	5	-2.32298	-5.56175	-5.8595	-5.52009
908	2	4	1	2	7	1	5	-2.32298	-5.56175	-5.8595	-5.52009
909	4	7	10	4	1	7	1	-1.83078	-3.80154	-2.71431	-1.95063
910	8	10	2	2	11	12	6	-3.97118	-7.17312	-7.58954	-7.75169
911	7	21	5	62	4	61	44	-7.35509	-3.81772	-5.6091	-7.52772
912	2	1	12	88	2	1	5	-3.96093	-3.41458	-5.71796	-5.42651
913	2	4	1	2	2	1	5	-2.79016	-3.63013	-4.17893	-4.17977
914	1	2	3	4	5	9	3	-4.64998	-2.47543	-3.59085	-4.93166
915	2	4	1	2	7	1	5	-2.32298	-5.56175	-5.8595	-5.52009
916	2	4	1	2	2	1	5	-2.79016	-3.63013	-4.17893	-4.17977
917	2	4	1	2	2	1	5	-2.79016	-3.63013	-4.17893	-4.17977
918	2	4	1	2	7	1	5	-2.32298	-5.56175	-5.8595	-5.52009
919	4	7	10	4	1	7	1	-1.83078	-3.80154	-2.71431	-1.95063
920	2	1	5	3	2	3	5	-4.24053	-3.23856	-5.4952	-4.8362
921	2	4	1	2	7	1	5	-2.32298	-5.56175	-5.8595	-5.52009
922	2	4	1	2	2	1	5	-2.79016	-3.63013	-4.17893	-4.17977
923	8	10	2	2	11	12	6	-3.97118	-7.17312	-7.58954	-7.75169
924	2	1	12	3	2	1	5	-2.63879	-2.1003	-3.60104	-4.9855
925	48	7	10	4	183	7	1	-9.60008	-12.4912	-8.18495	-6.13373
926	7	21	5	62	4	61	44	-7.35509	-3.81772	-5.6091	-7.52772
927	4	7	10	4	1	7	1	-1.83078	-3.80154	-2.71431	-1.95063
928	9	25	2	10	22	3	6	-4.46684	-7.7018	-6.26882	-4.37481
929	2	4	1	2	2	1	5	-2.79016	-3.63013	-4.17893	-4.17977
930	2	4	1	2	7	1	5	-2.32298	-5.56175	-5.8595	-5.52009
931	2	4	1	2	2	1	5	-2.79016	-3.63013	-4.17893	-4.17977
932	2	4	1	2	2	1	5	-2.79016	-3.63013	-4.17893	-4.17977
933	9	25	2	10	22	3	6	-4.46684	-7.7018	-6.26882	-4.37481
934	2	4	1	2	2	1	5	-2.79016	-3.63013	-4.17893	-4.17977
935	2	4	1	2	2	1	5	-2.79016	-3.63013	-4.17893	-4.17977
936	2	4	1	2	7	1	5	-2.32298	-5.56175	-5.8595	-5.52009
937	2	4	1	2	7	1	5	-2.32298	-5.56175	-5.8595	-5.52009
938	2	4	1	2	2	1	5	-2.79016	-3.63013	-4.17893	-4.17977
939	2	4	1	2	2	1	5	-2.79016	-3.63013	-4.17893	-4.17977
940	4	7	10	4	1	7	1	-1.83078	-3.80154	-2.71431	-1.95063
941	2	4	1	2	2	1	5	-2.79016	-3.63013	-4.17893	-4.17977
942	4	7	10	4	1	7	1	-1.83078	-3.80154	-2.71431	-1.95063
943	2	4	1	2	7	1	5	-2.32298	-5.56175	-5.8595	-5.52009
944	2	4	1	2	2	1	5	-2.79016	-3.63013	-4.17893	-4.17977
945	4	7	10	4	1	7	1	-1.83078	-3.80154	-2.71431	-1.95063
946	9	25	2	10	22	3	6	-4.46684	-7.7018	-6.26882	-4.37481
947	10	81	50	99	120	76	52	-6.64794	-6.40441	-5.31687	-5.15105
948	2	1	21	3	2	1	5	-2.94479	-2.47382	-4.39086	-4.62154
949	4	7	10	4	1	7	1	-1.83078	-3.80154	-2.71431	-1.95063
950	2	4	1	2	7	1	5	-2.32298	-5.56175	-5.8595	-5.52009
951	4	7	10	4	1	7	1	-1.83078	-3.80154	-2.71431	-1.95063
952	4	7	10	4	1	7	1	-1.83078	-3.80154	-2.71431	-1.95063
953	8	315	2	2	11	12	6	-7.90093	-11.5645	-10.3507	-9.87308
954	8	10	2	2	11	12	6	-3.97118	-7.17312	-7.58954	-7.75169
955	2	4	1	2	2	1	5	-2.79016	-3.63013	-4.17893	-4.17977
956	4	7	10	4	1	7	1	-1.83078	-3.80154	-2.71431	-1.95063
957	2	4	1	2	2	1	5	-2.79016	-3.63013	-4.17893	-4.17977
958	2	4	1	2	2	1	5	-2.79016	-3.63013	-4.17893	-4.17977
959	2	4	1	2	2	1	5	-2.79016	-3.63013	-4.17893	-4.17977
960	2	4	1	2	7	1	5	-2.32298	-5.56175	-5.8595	-5.52009
961	2	4	1	2	2	1	5	-2.79016	-3.63013	-4.17893	-4.17977
962	2	4	1	2	2	1	5	-2.79016	-3.63013	-4.17893	-4.17977
963	2	1	21	3	2	1	5	-2.94479	-2.47382	-4.39086	-4.62154
964	2	4	1	2	2	1	5	-2.79016	-3.63013	-4.17893	-4.17977
965	1	4	2	2	2	3	17	-11.2244	-7.72758	-10.5111	-12.4548
966	2	4	1	2	2	1	5	-2.79016	-3.63013	-4.17893	-4.17977
967	2	4	1	2	2	1	5	-2.79016	-3.63013	-4.17893	-4.17977
968	7	21	5	62	4	61	44	-7.35509	-3.81772	-5.6091	-7.52772
969	2	4	1	2	2	1	5	-2.79016	-3.63013	-4.17893	-4.17977
970	4	7	10	4	1	7	1	-1.83078	-3.80154	-2.71431	-1.95063
971	2	4	1	2	2	1	5	-2.79016	-3.63013	-4.17893	-4.17977
972	10	1	16	19	10	5	7	-6.18856	-2.73453	-4.16982	-5.18667
973	8	10	2	2	11	12	6	-3.97118	-7.17312	-7.58954	-7.75169
974	4	7	10	4	1	7	1	-1.83078	-3.80154	-2.71431	-1.95063
975	2	4	2	2	6	1	5	-6.10621	-4.81843	-5.91545	-7.84919
976	2	4	1	2	2	1	5	-2.79016	-3.63013	-4.17893	-4.17977
977	2	4	1	2	2	1	5	-2.79016	-3.63013	-4.17893	-4.17977
978	2	1	12	3	2	1	5	-2.63879	-2.1003	-3.60104	-4.9855
979	2	1	21	3	2	1	5	-2.94479	-2.47382	-4.39086	-4.62154
980	1	4	2	2	6	3	17	-4.65186	-2.43561	-4.51671	-5.62829
981	9	2	4	62	4	5	6	-3.73309	-5.17431	-5.79868	-7.07792
982	9	2	4	62	4	5	6	-3.73309	-5.17431	-5.79868	-7.07792
983	2	4	1	2	2	1	5	-2.79016	-3.63013	-4.17893	-4.17977
984	9	25	2	10	22	3	6	-4.46684	-7.7018	-6.26882	-4.37481
985	2	1	12	3	2	1	5	-2.63879	-2.1003	-3.60104	-4.9855
986	2	4	1	2	2	1	5	-2.79016	-3.63013	-4.17893	-4.17977
987	2	4	1	2	2	1	5	-2.79016	-3.63013	-4.17893	-4.17977
988	2	4	1	2	2	1	5	-2.79016	-3.63013	-4.17893	-4.17977
989	1	4	2	2	6	3	17	-4.65186	-2.43561	-4.51671	-5.62829
990	1	4	2	2	6	3	17	-4.65186	-2.43561	-4.51671	-5.62829
991	9	25	2	10	22	3	6	-4.46684	-7.7018	-6.26882	-4.37481
992	1	4	2	2	6	3	17	-4.65186	-2.43561	-4.51671	-5.62829
993	2	4	1	2	2	1	5	-2.79016	-3.63013	-4.17893	-4.17977
994	2	4	1	2	2	1	5	-2.79016	-3.63013	-4.17893	-4.17977
995	8	10	2	2	11	12	6	-3.97118	-7.17312	-7.58954	-7.75169
996	2	4	1	2	2	1	5	-2.79016	-3.63013	-4.17893	-4.17977
997	2	1	5	3	2	5	5	-5.572	-2.81811	-4.0703	-5.50965
998	8	10	2	2	11	12	6	-3.97118	-7.17312	-7.58954	-7.75169
999	2	4	1	2	2	1	5	-2.79016	-3.63013	-4.17893	-4.17977
1000	2	4	1	2	2	1	5	-2.79016	-3.63013	-4.17893	-4.17977
1001	2	1	21	3	2	1	5	-2.94479	-2.47382	-4.39086	-4.62154
1002	1	2	4	62	4	5	17	-6.11569	-4.83296	-7.36292	-8.77458
1003	2	1	12	3	2	1	5	-2.63879	-2.1003	-3.60104	-4.9855
1004	2	4	1	2	7	1	5	-2.32298	-5.56175	-5.8595	-5.52009
1005	1	307	3	4	5	9	3	-6.86701	-6.41498	-6.11311	-8.18361
1006	2	4	2	4	19	3	6	-5.81463	-9.05551	-9.43183	-9.58943
1007	2	4	1	2	2	1	5	-2.79016	-3.63013	-4.17893	-4.17977
1008	1	4	2	2	6	3	17	-4.65186	-2.43561	-4.51671	-5.62829
1009	9	25	2	10	22	3	6	-4.46684	-7.7018	-6.26882	-4.37481
1010	4	7	10	4	1	7	1	-1.83078	-3.80154	-2.71431	-1.95063
1011	2	4	1	2	2	1	5	-2.79016	-3.63013	-4.17893	-4.17977
1012	10	1	16	19	10	5	7	-6.18856	-2.73453	-4.16982	-5.18667
1013	2	1	21	3	2	1	5	-2.94479	-2.47382	-4.39086	-4.62154
1014	4	7	10	4	1	7	1	-1.83078	-3.80154	-2.71431	-1.95063
1015	2	4	1	2	2	1	5	-2.79016	-3.63013	-4.17893	-4.17977
1016	1	2	3	4	5	9	3	-4.64998	-2.47543	-3.59085	-4.93166
1017	9	316	4	62	4	5	6	-6.87251	-6.43324	-8.85978	-10.0208
1018	9	25	2	10	22	3	6	-4.46684	-7.7018	-6.26882	-4.37481
1019	1	307	3	4	5	9	3	-6.86701	-6.41498	-6.11311	-8.18361
1020	2	4	1	2	2	1	5	-2.79016	-3.63013	-4.17893	-4.17977
1021	9	25	2	10	22	3	6	-4.46684	-7.7018	-6.26882	-4.37481
1022	2	4	1	2	2	1	5	-2.79016	-3.63013	-4.17893	-4.17977
1023	2	1	12	3	2	1	5	-2.63879	-2.1003	-3.60104	-4.9855
1024	2	1	5	3	2	5	5	-5.572	-2.81811	-4.0703	-5.50965
1025	2	4	1	2	2	1	5	-2.79016	-3.63013	-4.17893	-4.17977
1026	2	1	12	3	2	1	5	-2.63879	-2.1003	-3.60104	-4.9855
1027	2	1	12	3	2	1	5	-2.63879	-2.1003	-3.60104	-4.9855
1028	10	1	16	19	10	5	7	-6.18856	-2.73453	-4.16982	-5.18667
1029	4	7	10	4	1	7	1	-1.83078	-3.80154	-2.71431	-1.95063
1030	2	4	1	2	2	1	5	-2.79016	-3.63013	-4.17893	-4.17977
1031	2	1	12	88	2	1	5	-3.96093	-3.41458	-5.71796	-5.42651
1032	2	1	21	3	2	1	5	-2.94479	-2.47382	-4.39086	-4.62154
1033	1	2	3	4	5	9	3	-4.64998	-2.47543	-3.59085	-4.93166
1034	8	10	2	2	11	12	6	-3.97118	-7.17312	-7.58954	-7.75169
1035	2	1	12	88	2	1	5	-3.96093	-3.41458	-5.71796	-5.42651
1036	33	39	30	82	104	173	68	-5.40249	-3.96415	-6.5095	-7.95323
1037	1	2	3	4	5	9	3	-4.64998	-2.47543	-3.59085	-4.93166
1038	9	25	2	10	22	3	6	-4.46684	-7.7018	-6.26882	-4.37481
1039	2	4	1	2	2	1	5	-2.79016	-3.63013	-4.17893	-4.17977
1040	8	10	2	2	11	12	6	-3.97118	-7.17312	-7.58954	-7.75169
1041	1	2	4	62	4	5	17	-6.11569	-4.83296	-7.36292	-8.77458
1042	10	1	16	19	10	5	7	-6.18856	-2.73453	-4.16982	-5.18667
1043	33	39	30	82	104	173	68	-5.40249	-3.96415	-6.5095	-7.95323
1044	2	4	1	2	2	1	5	-2.79016	-3.63013	-4.17893	-4.17977
1045	8	10	2	2	11	12	6	-3.97118	-7.17312	-7.58954	-7.75169
1046	2	1	5	3	2	5	5	-5.572	-2.81811	-4.0703	-5.50965
1047	47	2	4	2	6	5	17	-12.0825	-10.8109	-6.18961	-8.36015
1048	1	2	3	4	5	9	3	-4.64998	-2.47543	-3.59085	-4.93166
1049	4	7	10	4	1	7	1	-1.83078	-3.80154	-2.71431	-1.95063
1050	2	1	5	3	2	3	5	-4.24053	-3.23856	-5.4952	-4.8362
1051	2	4	2	2	6	1	5	-6.10621	-4.81843	-5.91545	-7.84919
1052	2	4	1	2	2	1	5	-2.79016	-3.63013	-4.17893	-4.17977
1053	8	10	149	2	11	12	6	-4.89373	-3.95651	-5.62371	-7.33396
1054	9	25	2	10	22	3	6	-4.46684	-7.7018	-6.26882	-4.37481
1055	2	4	1	2	2	1	5	-2.79016	-3.63013	-4.17893	-4.17977
1056	1	2	3	4	5	9	3	-4.64998	-2.47543	-3.59085	-4.93166
1057	2	1	12	3	2	1	5	-2.63879	-2.1003	-3.60104	-4.9855
1058	4	7	10	4	42	51	1	-2.93921	-4.61426	-5.02188	-3.8512
1059	2	4	1	2	2	1	5	-2.79016	-3.63013	-4.17893	-4.17977
1060	2	1	1	3	2	1	5	-4.63209	-3.77097	-6.26532	-7.56371
1061	2	4	1	2	7	1	5	-2.32298	-5.56175	-5.8595	-5.52009
1062	8	10	2	2	11	12	6	-3.97118	-7.17312	-7.58954	-7.75169
1063	2	4	1	2	2	1	5	-2.79016	-3.63013	-4.17893	-4.17977
1064	9	2	4	62	4	5	6	-3.73309	-5.17431	-5.79868	-7.07792
1065	2	4	1	2	2	1	5	-2.79016	-3.63013	-4.17893	-4.17977
1066	4	7	10	4	1	7	1	-1.83078	-3.80154	-2.71431	-1.95063
1067	8	10	2	2	11	12	6	-3.97118	-7.17312	-7.58954	-7.75169
1068	2	4	2	2	6	1	5	-6.10621	-4.81843	-5.91545	-7.84919
1069	2	4	2	2	6	1	5	-6.10621	-4.81843	-5.91545	-7.84919
1070	2	4	2	2	6	1	5	-6.10621	-4.81843	-5.91545	-7.84919
1071	2	4	2	2	6	1	5	-6.10621	-4.81843	-5.91545	-7.84919
1072	2	4	1	2	2	1	5	-2.79016	-3.63013	-4.17893	-4.17977
1073	2	4	1	2	2	1	5	-2.79016	-3.63013	-4.17893	-4.17977
1074	2	1	12	3	2	1	5	-2.63879	-2.1003	-3.60104	-4.9855
1075	2	4	1	2	7	1	5	-2.32298	-5.56175	-5.8595	-5.52009
1076	4	7	10	4	42	51	1	-2.93921	-4.61426	-5.02188	-3.8512
1077	2	4	1	2	2	1	5	-2.79016	-3.63013	-4.17893	-4.17977
1078	8	10	2	2	11	12	6	-3.97118	-7.17312	-7.58954	-7.75169
1079	1	2	3	4	5	9	3	-4.64998	-2.47543	-3.59085	-4.93166
1080	1	2	3	4	5	9	3	-4.64998	-2.47543	-3.59085	-4.93166
1081	10	1	16	19	10	5	7	-6.18856	-2.73453	-4.16982	-5.18667
1082	8	10	2	2	11	12	6	-3.97118	-7.17312	-7.58954	-7.75169
1083	4	7	10	4	1	7	1	-1.83078	-3.80154	-2.71431	-1.95063
1084	2	4	1	2	2	1	5	-2.79016	-3.63013	-4.17893	-4.17977
1085	2	4	1	2	7	1	5	-2.32298	-5.56175	-5.8595	-5.52009
1086	2	1	21	3	2	1	5	-2.94479	-2.47382	-4.39086	-4.62154
1087	2	1	12	3	2	1	5	-2.63879	-2.1003	-3.60104	-4.9855
1088	2	4	2	4	19	3	6	-5.81463	-9.05551	-9.43183	-9.58943
1089	8	10	149	2	11	12	6	-4.89373	-3.95651	-5.62371	-7.33396
1090	8	10	2	2	11	12	6	-3.97118	-7.17312	-7.58954	-7.75169
1091	2	1	12	3	2	1	5	-2.63879	-2.1003	-3.60104	-4.9855
1092	2	1	12	3	2	1	5	-2.63879	-2.1003	-3.60104	-4.9855
1093	2	1	5	3	2	3	5	-4.24053	-3.23856	-5.4952	-4.8362
1094	184	39	30	82	113	43	17	-3.97001	-6.07307	-7.38786	-7.70348
1095	2	1	12	3	2	1	5	-2.63879	-2.1003	-3.60104	-4.9855
1096	2	4	1	2	2	1	5	-2.79016	-3.63013	-4.17893	-4.17977
1097	4	7	10	4	1	7	1	-1.83078	-3.80154	-2.71431	-1.95063
1098	8	10	2	2	11	12	6	-3.97118	-7.17312	-7.58954	-7.75169
1099	4	7	10	4	1	7	1	-1.83078	-3.80154	-2.71431	-1.95063
1100	4	7	10	4	42	51	1	-2.93921	-4.61426	-5.02188	-3.8512
1101	9	25	2	10	22	3	6	-4.46684	-7.7018	-6.26882	-4.37481
1102	9	2	4	62	4	5	6	-3.73309	-5.17431	-5.79868	-7.07792
1103	4	7	10	4	1	7	1	-1.83078	-3.80154	-2.71431	-1.95063
1104	2	4	1	2	7	1	5	-2.32298	-5.56175	-5.8595	-5.52009
1105	4	7	10	4	1	7	1	-1.83078	-3.80154	-2.71431	-1.95063
1106	8	10	2	2	11	12	6	-3.97118	-7.17312	-7.58954	-7.75169
1107	2	4	1	2	2	1	5	-2.79016	-3.63013	-4.17893	-4.17977
1108	4	7	10	4	42	51	1	-2.93921	-4.61426	-5.02188	-3.8512
1109	1	2	3	4	5	9	3	-4.64998	-2.47543	-3.59085	-4.93166
1110	2	1	12	3	2	1	5	-2.63879	-2.1003	-3.60104	-4.9855
1111	2	4	1	2	2	1	5	-2.79016	-3.63013	-4.17893	-4.17977
1112	10	81	50	99	120	76	52	-6.64794	-6.40441	-5.31687	-5.15105
1113	2	4	1	2	2	1	5	-2.79016	-3.63013	-4.17893	-4.17977
1114	4	7	10	4	42	51	1	-2.93921	-4.61426	-5.02188	-3.8512
1115	4	7	10	4	42	51	1	-2.93921	-4.61426	-5.02188	-3.8512
1116	4	7	10	4	1	7	1	-1.83078	-3.80154	-2.71431	-1.95063
1117	3	1	5	10	11	11	6	-10.0017	-6.45334	-9.06304	-10.7328
1118	10	81	50	99	120	76	52	-6.64794	-6.40441	-5.31687	-5.15105
1119	2	4	1	2	2	1	5	-2.79016	-3.63013	-4.17893	-4.17977
1120	4	7	10	4	1	7	1	-1.83078	-3.80154	-2.71431	-1.95063
1121	4	7	10	4	1	7	1	-1.83078	-3.80154	-2.71431	-1.95063
1122	4	7	10	4	42	51	1	-2.93921	-4.61426	-5.02188	-3.8512
1123	2	1	12	3	2	1	5	-2.63879	-2.1003	-3.60104	-4.9855
1124	2	4	1	2	2	1	5	-2.79016	-3.63013	-4.17893	-4.17977
1125	2	1	1	3	2	1	5	-4.63209	-3.77097	-6.26532	-7.56371
1126	2	4	1	2	2	1	5	-2.79016	-3.63013	-4.17893	-4.17977
1127	2	4	1	2	2	1	5	-2.79016	-3.63013	-4.17893	-4.17977
1128	2	4	1	2	2	1	5	-2.79016	-3.63013	-4.17893	-4.17977
1129	2	4	1	2	2	1	5	-2.79016	-3.63013	-4.17893	-4.17977
1130	1	2	3	4	5	9	3	-4.64998	-2.47543	-3.59085	-4.93166
1131	8	10	2	2	11	12	6	-3.97118	-7.17312	-7.58954	-7.75169
1132	2	1	21	3	2	1	5	-2.94479	-2.47382	-4.39086	-4.62154
1133	2	4	1	2	2	1	5	-2.79016	-3.63013	-4.17893	-4.17977
1134	2	1	21	3	2	1	5	-2.94479	-2.47382	-4.39086	-4.62154
1135	2	1	21	3	2	1	5	-2.94479	-2.47382	-4.39086	-4.62154
1136	2	4	1	2	2	1	5	-2.79016	-3.63013	-4.17893	-4.17977
1137	1	2	3	4	5	9	3	-4.64998	-2.47543	-3.59085	-4.93166
1138	10	1	16	19	10	5	7	-6.18856	-2.73453	-4.16982	-5.18667
1139	2	1	12	3	2	1	5	-2.63879	-2.1003	-3.60104	-4.9855
1140	7	21	5	62	4	61	44	-7.35509	-3.81772	-5.6091	-7.52772
1141	2	4	1	2	2	1	5	-2.79016	-3.63013	-4.17893	-4.17977
1142	2	1	12	3	2	1	5	-2.63879	-2.1003	-3.60104	-4.9855
1143	2	4	1	2	7	1	5	-2.32298	-5.56175	-5.8595	-5.52009
1144	2	1	5	3	2	3	5	-4.24053	-3.23856	-5.4952	-4.8362
1145	2	1	21	3	2	1	5	-2.94479	-2.47382	-4.39086	-4.62154
1146	2	1	21	3	2	1	5	-2.94479	-2.47382	-4.39086	-4.62154
1147	2	1	21	3	2	1	5	-2.94479	-2.47382	-4.39086	-4.62154
1148	2	1	21	3	2	1	5	-2.94479	-2.47382	-4.39086	-4.62154
1149	2	1	12	3	2	1	5	-2.63879	-2.1003	-3.60104	-4.9855
1150	8	10	2	2	11	12	6	-3.97118	-7.17312	-7.58954	-7.75169
1151	129	66	30	82	189	47	17	-3.25671	-4.85623	-5.71355	-4.19641
1152	1	307	3	4	5	9	3	-6.86701	-6.41498	-6.11311	-8.18361
1153	8	10	2	2	11	12	6	-3.97118	-7.17312	-7.58954	-7.75169
1154	2	4	2	2	6	1	5	-6.10621	-4.81843	-5.91545	-7.84919
1155	1	4	2	2	6	3	17	-4.65186	-2.43561	-4.51671	-5.62829
1156	2	4	1	2	2	1	5	-2.79016	-3.63013	-4.17893	-4.17977
1157	8	10	2	2	11	12	6	-3.97118	-7.17312	-7.58954	-7.75169
1158	2	4	2	2	6	1	5	-6.10621	-4.81843	-5.91545	-7.84919
1159	2	1	21	3	2	1	5	-2.94479	-2.47382	-4.39086	-4.62154
1160	2	4	5	2	2	5	5	-3.68803	-6.91877	-7.00831	-6.05545
1161	7	21	5	62	4	61	44	-7.35509	-3.81772	-5.6091	-7.52772
1162	2	1	12	3	2	1	5	-2.63879	-2.1003	-3.60104	-4.9855
1163	10	27	16	19	10	5	7	-20.2167	-12.863	-15.9116	-17.871
1164	33	283	44	82	189	44	17	-6.91253	-3.45862	-5.38591	-6.01987
1165	9	25	2	10	22	3	6	-4.46684	-7.7018	-6.26882	-4.37481
1166	7	21	5	62	4	61	44	-7.35509	-3.81772	-5.6091	-7.52772
1167	2	1	5	3	2	3	5	-4.24053	-3.23856	-5.4952	-4.8362
1168	2	1	5	3	2	3	5	-4.24053	-3.23856	-5.4952	-4.8362
1169	9	25	2	10	22	3	6	-4.46684	-7.7018	-6.26882	-4.37481
1170	2	1	5	3	2	3	5	-4.24053	-3.23856	-5.4952	-4.8362
1171	2	4	1	2	2	1	5	-2.79016	-3.63013	-4.17893	-4.17977
1172	129	66	30	82	189	47	17	-3.25671	-4.85623	-5.71355	-4.19641
1173	2	4	1	2	2	1	5	-2.79016	-3.63013	-4.17893	-4.17977
1174	2	1	5	3	2	3	5	-4.24053	-3.23856	-5.4952	-4.8362
1175	2	1	12	3	2	1	5	-2.63879	-2.1003	-3.60104	-4.9855
1176	2	4	1	2	2	1	5	-2.79016	-3.63013	-4.17893	-4.17977
1177	1	4	2	2	6	3	17	-4.65186	-2.43561	-4.51671	-5.62829
1178	2	1	12	3	2	1	5	-2.63879	-2.1003	-3.60104	-4.9855
1179	1	4	2	2	446	3	17	-8.57214	-6.79281	-7.25733	-7.73788
1180	2	1	5	88	2	11	5	-8.8576	-5.33599	-6.02433	-8.1088
1181	2	4	2	2	6	1	5	-6.10621	-4.81843	-5.91545	-7.84919
1182	9	25	2	10	22	3	6	-4.46684	-7.7018	-6.26882	-4.37481
1183	2	1	5	3	2	3	5	-4.24053	-3.23856	-5.4952	-4.8362
1184	7	21	5	62	4	61	44	-7.35509	-3.81772	-5.6091	-7.52772
1185	1	2	3	4	5	9	3	-4.64998	-2.47543	-3.59085	-4.93166
1186	2	4	1	2	2	1	5	-2.79016	-3.63013	-4.17893	-4.17977
1187	7	21	5	62	4	61	44	-7.35509	-3.81772	-5.6091	-7.52772
1188	33	39	30	82	104	173	68	-5.40249	-3.96415	-6.5095	-7.95323
1189	1	4	2	2	6	3	17	-4.65186	-2.43561	-4.51671	-5.62829
1190	2	1	21	3	2	1	5	-2.94479	-2.47382	-4.39086	-4.62154
1191	4	7	10	4	1	7	1	-1.83078	-3.80154	-2.71431	-1.95063
1192	2	1	5	3	2	5	5	-5.572	-2.81811	-4.0703	-5.50965
1193	1	4	2	2	6	3	17	-4.65186	-2.43561	-4.51671	-5.62829
1194	2	4	1	2	2	1	5	-2.79016	-3.63013	-4.17893	-4.17977
1195	2	4	1	2	2	1	5	-2.79016	-3.63013	-4.17893	-4.17977
1196	2	1	12	3	2	1	5	-2.63879	-2.1003	-3.60104	-4.9855
1197	2	1	6	3	2	3	5	-7.18635	-7.59562	-8.01591	-6.5418
1198	4	7	10	4	1	7	1	-1.83078	-3.80154	-2.71431	-1.95063
1199	2	4	1	2	7	1	5	-2.32298	-5.56175	-5.8595	-5.52009
1200	2	1	1	3	2	1	5	-4.63209	-3.77097	-6.26532	-7.56371
1201	2	4	1	2	2	1	5	-2.79016	-3.63013	-4.17893	-4.17977
1202	7	2	5	2	10	3	6	-31.4198	-27.5201	-28.4994	-29.5816
1203	2	1	21	3	2	1	5	-2.94479	-2.47382	-4.39086	-4.62154
1204	2	4	1	2	7	1	5	-2.32298	-5.56175	-5.8595	-5.52009
1205	4	7	10	4	1	7	1	-1.83078	-3.80154	-2.71431	-1.95063
1206	2	4	1	2	7	1	5	-2.32298	-5.56175	-5.8595	-5.52009
1207	2	4	1	2	2	1	5	-2.79016	-3.63013	-4.17893	-4.17977
1208	1	4	2	2	6	3	17	-4.65186	-2.43561	-4.51671	-5.62829
1209	2	4	1	2	2	1	5	-2.79016	-3.63013	-4.17893	-4.17977
1210	2	4	1	2	2	1	5	-2.79016	-3.63013	-4.17893	-4.17977
1211	74	10	2	2	11	12	6	-7.90094	-11.5645	-10.3508	-9.8735
1212	1	2	3	4	5	9	3	-4.64998	-2.47543	-3.59085	-4.93166
1213	2	1	5	3	2	3	5	-4.24053	-3.23856	-5.4952	-4.8362
1214	4	7	10	4	1	7	1	-1.83078	-3.80154	-2.71431	-1.95063
1215	2	4	2	2	6	1	5	-6.10621	-4.81843	-5.91545	-7.84919
1216	2	1	12	3	2	1	5	-2.63879	-2.1003	-3.60104	-4.9855
1217	2	1	21	3	2	1	5	-2.94479	-2.47382	-4.39086	-4.62154
1218	2	4	1	2	2	1	5	-2.79016	-3.63013	-4.17893	-4.17977
1219	2	1	21	3	2	1	5	-2.94479	-2.47382	-4.39086	-4.62154
1220	4	7	10	4	1	7	1	-1.83078	-3.80154	-2.71431	-1.95063
1221	2	1	21	3	2	1	5	-2.94479	-2.47382	-4.39086	-4.62154
1222	2	4	1	2	2	1	5	-2.79016	-3.63013	-4.17893	-4.17977
1223	4	7	10	4	1	7	1	-1.83078	-3.80154	-2.71431	-1.95063
1224	2	4	1	2	2	1	5	-2.79016	-3.63013	-4.17893	-4.17977
1225	4	7	10	4	1	7	1	-1.83078	-3.80154	-2.71431	-1.95063
1226	4	7	10	4	42	51	1	-2.93921	-4.61426	-5.02188	-3.8512
1227	4	7	10	4	42	7	1	-6.49384	-9.3853	-5.70404	-4.66012
1228	2	4	1	2	2	1	5	-2.79016	-3.63013	-4.17893	-4.17977
1229	2	1	5	3	2	3	5	-4.24053	-3.23856	-5.4952	-4.8362
1230	10	81	50	99	120	76	52	-6.64794	-6.40441	-5.31687	-5.15105
1231	2	4	1	2	7	1	5	-2.32298	-5.56175	-5.8595	-5.52009
1232	2	4	1	2	7	1	5	-2.32298	-5.56175	-5.8595	-5.52009
1233	4	7	10	4	1	7	1	-1.83078	-3.80154	-2.71431	-1.95063
1234	1	4	2	2	6	3	17	-4.65186	-2.43561	-4.51671	-5.62829
1235	4	7	10	4	1	7	1	-1.83078	-3.80154	-2.71431	-1.95063
1236	2	4	1	2	2	1	5	-2.79016	-3.63013	-4.17893	-4.17977
1237	4	7	10	4	1	7	1	-1.83078	-3.80154	-2.71431	-1.95063
1238	4	7	10	4	42	51	1	-2.93921	-4.61426	-5.02188	-3.8512
1239	1	307	3	4	5	9	3	-6.86701	-6.41498	-6.11311	-8.18361
1240	2	4	2	2	6	1	5	-6.10621	-4.81843	-5.91545	-7.84919
1241	8	10	149	2	11	12	6	-4.89373	-3.95651	-5.62371	-7.33396
1242	2	1	12	3	2	1	5	-2.63879	-2.1003	-3.60104	-4.9855
1243	2	4	1	2	2	1	5	-2.79016	-3.63013	-4.17893	-4.17977
1244	2	4	1	2	2	1	5	-2.79016	-3.63013	-4.17893	-4.17977
1245	2	4	1	2	2	1	5	-2.79016	-3.63013	-4.17893	-4.17977
1246	4	7	10	4	42	51	1	-2.93921	-4.61426	-5.02188	-3.8512
1247	2	4	1	2	2	1	5	-2.79016	-3.63013	-4.17893	-4.17977
1248	2	4	1	2	2	1	5	-2.79016	-3.63013	-4.17893	-4.17977
1249	2	1	12	88	2	1	5	-3.96093	-3.41458	-5.71796	-5.42651
1250	1	4	2	2	6	3	17	-4.65186	-2.43561	-4.51671	-5.62829
1251	9	2	4	62	4	5	6	-3.73309	-5.17431	-5.79868	-7.07792
1252	2	4	1	2	7	1	5	-2.32298	-5.56175	-5.8595	-5.52009
1253	2	4	5	2	2	5	5	-3.68803	-6.91877	-7.00831	-6.05545
1254	2	1	21	3	2	1	5	-2.94479	-2.47382	-4.39086	-4.62154
1255	1	4	2	2	6	3	17	-4.65186	-2.43561	-4.51671	-5.62829
1256	2	1	21	3	2	1	5	-2.94479	-2.47382	-4.39086	-4.62154
1257	2	4	1	2	2	5	5	-6.82929	-6.38706	-8.73922	-9.9139
1258	2	1	12	3	2	1	5	-2.63879	-2.1003	-3.60104	-4.9855
1259	2	4	2	2	6	1	5	-6.10621	-4.81843	-5.91545	-7.84919
1260	2	4	1	2	2	1	5	-2.79016	-3.63013	-4.17893	-4.17977
1261	2	4	1	2	2	1	5	-2.79016	-3.63013	-4.17893	-4.17977
1262	1	307	3	4	5	9	3	-6.86701	-6.41498	-6.11311	-8.18361
1263	9	25	2	10	22	3	6	-4.46684	-7.7018	-6.26882	-4.37481
1264	2	1	1	380	2	1	5	-6.17196	-5.71875	-8.15597	-9.32196
1265	2	4	1	2	2	1	5	-2.79016	-3.63013	-4.17893	-4.17977
1266	2	4	1	2	2	1	5	-2.79016	-3.63013	-4.17893	-4.17977
1267	2	1	12	3	2	1	5	-2.63879	-2.1003	-3.60104	-4.9855
1268	1	2	3	4	5	9	3	-4.64998	-2.47543	-3.59085	-4.93166
1269	2	4	1	2	2	1	5	-2.79016	-3.63013	-4.17893	-4.17977
1270	2	4	1	2	2	1	5	-2.79016	-3.63013	-4.17893	-4.17977
1271	2	4	1	2	2	1	5	-2.79016	-3.63013	-4.17893	-4.17977
1272	1	2	3	4	5	9	3	-4.64998	-2.47543	-3.59085	-4.93166
1273	9	2	2	212	309	253	147	-26.6816	-28.2838	-23.0236	-19.8727
1274	2	1	21	3	2	1	5	-2.94479	-2.47382	-4.39086	-4.62154
1275	47	2	4	2	6	5	17	-12.0825	-10.8109	-6.18961	-8.36015
1276	1	2	3	4	5	9	3	-4.64998	-2.47543	-3.59085	-4.93166
1277	2	4	1	2	2	1	5	-2.79016	-3.63013	-4.17893	-4.17977
1278	2	4	1	2	2	1	5	-2.79016	-3.63013	-4.17893	-4.17977
1279	9	2	4	62	4	5	6	-3.73309	-5.17431	-5.79868	-7.07792
1280	2	1	12	3	2	1	5	-2.63879	-2.1003	-3.60104	-4.9855
1281	2	4	1	2	2	1	5	-2.79016	-3.63013	-4.17893	-4.17977
1282	2	4	1	2	7	1	5	-2.32298	-5.56175	-5.8595	-5.52009
1283	7	17	2	15	23	3	12	-6.91782	-10.1626	-10.5398	-10.6977
1284	2	1	1	3	2	1	5	-4.63209	-3.77097	-6.26532	-7.56371
1285	2	1	12	3	2	1	5	-2.63879	-2.1003	-3.60104	-4.9855
1286	2	4	1	2	2	1	5	-2.79016	-3.63013	-4.17893	-4.17977
1287	2	1	5	3	2	3	5	-4.24053	-3.23856	-5.4952	-4.8362
1288	2	4	1	2	2	1	5	-2.79016	-3.63013	-4.17893	-4.17977
1289	2	4	1	2	2	1	5	-2.79016	-3.63013	-4.17893	-4.17977
1290	1	4	2	2	6	3	17	-4.65186	-2.43561	-4.51671	-5.62829
1291	2	1	2	3	2	3	5	-3.77497	-6.93144	-7.38637	-7.5451
1292	2	1	5	3	2	3	5	-4.24053	-3.23856	-5.4952	-4.8362
1293	1	2	3	3	5	9	3	-11.7197	-7.99909	-9.86562	-12.2776
1294	4	7	10	4	42	51	1	-2.93921	-4.61426	-5.02188	-3.8512
1295	1	4	2	2	6	3	17	-4.65186	-2.43561	-4.51671	-5.62829
1296	2	1	5	3	2	3	5	-4.24053	-3.23856	-5.4952	-4.8362
1297	4	7	10	4	1	7	1	-1.83078	-3.80154	-2.71431	-1.95063
1298	2	4	1	2	2	1	5	-2.79016	-3.63013	-4.17893	-4.17977
1299	4	7	10	4	1	7	1	-1.83078	-3.80154	-2.71431	-1.95063
1300	2	1	21	3	2	1	5	-2.94479	-2.47382	-4.39086	-4.62154
1301	2	4	1	2	2	1	5	-2.79016	-3.63013	-4.17893	-4.17977
1302	4	7	10	4	1	7	1	-1.83078	-3.80154	-2.71431	-1.95063
1303	2	4	1	2	2	1	5	-2.79016	-3.63013	-4.17893	-4.17977
1304	2	1	5	3	2	5	5	-5.572	-2.81811	-4.0703	-5.50965
1305	2	4	1	2	2	1	5	-2.79016	-3.63013	-4.17893	-4.17977
1306	2	1	21	3	2	1	5	-2.94479	-2.47382	-4.39086	-4.62154
1307	2	1	5	3	2	5	5	-5.572	-2.81811	-4.0703	-5.50965
1308	1	4	2	2	6	3	17	-4.65186	-2.43561	-4.51671	-5.62829
1309	1	4	2	2	6	3	17	-4.65186	-2.43561	-4.51671	-5.62829
1310	2	1	5	3	2	3	5	-4.24053	-3.23856	-5.4952	-4.8362
1311	1	4	2	2	6	3	17	-4.65186	-2.43561	-4.51671	-5.62829
1312	2	4	1	2	2	1	5	-2.79016	-3.63013	-4.17893	-4.17977
1313	2	1	12	88	2	1	5	-3.96093	-3.41458	-5.71796	-5.42651
1314	2	1	5	3	2	3	5	-4.24053	-3.23856	-5.4952	-4.8362
1315	2	4	5	2	2	1	5	-6.18509	-8.9796	-9.09934	-9.65133
1316	2	4	1	2	2	1	5	-2.79016	-3.63013	-4.17893	-4.17977
1317	1	4	2	2	6	3	17	-4.65186	-2.43561	-4.51671	-5.62829
1318	2	1	21	3	2	1	5	-2.94479	-2.47382	-4.39086	-4.62154
1319	4	7	10	4	1	7	1	-1.83078	-3.80154	-2.71431	-1.95063
1320	1	2	3	4	5	9	3	-4.64998	-2.47543	-3.59085	-4.93166
1321	2	4	1	2	7	1	5	-2.32298	-5.56175	-5.8595	-5.52009
1322	4	7	10	4	1	7	1	-1.83078	-3.80154	-2.71431	-1.95063
1323	4	7	10	4	1	7	1	-1.83078	-3.80154	-2.71431	-1.95063
1324	1	4	2	2	6	3	17	-4.65186	-2.43561	-4.51671	-5.62829
1325	2	4	1	2	7	1	5	-2.32298	-5.56175	-5.8595	-5.52009
1326	4	7	10	4	1	7	1	-1.83078	-3.80154	-2.71431	-1.95063
1327	8	10	2	2	11	12	6	-3.97118	-7.17312	-7.58954	-7.75169
1328	969	7	10	4	1	7	1	-5.68389	-8.17098	-5.47243	-4.07343
1329	4	7	10	4	1	7	1	-1.83078	-3.80154	-2.71431	-1.95063
1330	10	27	16	942	10	5	7	-24.1464	-17.2551	-18.6732	-19.9927
1331	10	27	16	941	10	5	7	-24.1464	-17.2551	-18.6732	-19.9927
1332	4	7	10	4	1	7	1	-1.83078	-3.80154	-2.71431	-1.95063
1333	4	7	10	4	1	7	1	-1.83078	-3.80154	-2.71431	-1.95063
1334	129	66	30	82	189	47	17	-3.25671	-4.85623	-5.71355	-4.19641
1335	4	7	10	4	1	7	1	-1.83078	-3.80154	-2.71431	-1.95063
1336	4	7	10	4	1	7	1	-1.83078	-3.80154	-2.71431	-1.95063
1337	2	4	1	2	2	1	5	-2.79016	-3.63013	-4.17893	-4.17977
1338	2	1	2	3	2	3	5	-3.77497	-6.93144	-7.38637	-7.5451
1339	10	27	16	19	10	5	7	-20.2167	-12.863	-15.9116	-17.871
1340	2	4	1	2	2	1	5	-2.79016	-3.63013	-4.17893	-4.17977
1341	33	39	30	82	104	173	68	-5.40249	-3.96415	-6.5095	-7.95323
1342	1	4	2	2	6	3	17	-4.65186	-2.43561	-4.51671	-5.62829
1343	2	1	5	3	2	5	5	-5.572	-2.81811	-4.0703	-5.50965
1344	2	1	12	3	2	1	5	-2.63879	-2.1003	-3.60104	-4.9855
1345	8	10	2	2	11	12	6	-3.97118	-7.17312	-7.58954	-7.75169
1346	2	1	1	3	2	1	5	-4.63209	-3.77097	-6.26532	-7.56371
1347	1	4	2	2	6	3	17	-4.65186	-2.43561	-4.51671	-5.62829
1348	7	2	2	2	11	12	6	-4.5178	-7.76227	-8.13908	-8.29824
1349	9	2	4	62	4	5	6	-3.73309	-5.17431	-5.79868	-7.07792
1350	2	1	21	3	2	1	5	-2.94479	-2.47382	-4.39086	-4.62154
1351	9	7	10	4	1	7	1	-10.2391	-12.2502	-11.4485	-10.1975
1352	2	1	12	3	920	1	5	-6.56921	-6.48334	-6.36026	-7.1049
1353	239	27	16	19	10	5	7	-10.0034	-6.45606	-9.0671	-10.7355
1354	7	17	2	15	23	3	12	-6.91782	-10.1626	-10.5398	-10.6977
1355	1	4	2	2	6	3	17	-4.65186	-2.43561	-4.51671	-5.62829
1356	1	6	60	24	12	28	1	-29.1202	-32.6676	-19.8463	-17.6022
1357	2	4	5	2	10	1	5	-6.91028	-10.1436	-10.5234	-10.6881
1358	10	81	50	99	120	76	52	-6.64794	-6.40441	-5.31687	-5.15105
1359	4	7	10	4	1	7	1	-1.83078	-3.80154	-2.71431	-1.95063
1360	2	1	5	3	2	5	5	-5.572	-2.81811	-4.0703	-5.50965
1361	4	7	10	1	1	7	1	-5.28437	-8.43802	-6.01538	-6.14046
1362	2	4	5	2	10	1	5	-6.91028	-10.1436	-10.5234	-10.6881
1363	2	1	21	3	2	1	5	-2.94479	-2.47382	-4.39086	-4.62154
1364	2	1	21	3	2	1	5	-2.94479	-2.47382	-4.39086	-4.62154
1365	2	4	1	2	2	1	5	-2.79016	-3.63013	-4.17893	-4.17977
1366	2	4	2	2	6	1	5	-6.10621	-4.81843	-5.91545	-7.84919
1367	2	4	1	2	7	1	5	-2.32298	-5.56175	-5.8595	-5.52009
1368	2	4	1	2	2	1	5	-2.79016	-3.63013	-4.17893	-4.17977
1369	2	4	1	2	2	1	5	-2.79016	-3.63013	-4.17893	-4.17977
1370	4	7	10	4	1	7	1	-1.83078	-3.80154	-2.71431	-1.95063
1371	4	7	10	4	42	51	1	-2.93921	-4.61426	-5.02188	-3.8512
1372	2	1	5	3	2	3	5	-4.24053	-3.23856	-5.4952	-4.8362
1373	2	1	12	3	2	1	5	-2.63879	-2.1003	-3.60104	-4.9855
1374	2	1	1	3	2	1	5	-4.63209	-3.77097	-6.26532	-7.56371
1375	2	4	1	2	2	1	5	-2.79016	-3.63013	-4.17893	-4.17977
1376	4	7	10	4	1	7	1	-1.83078	-3.80154	-2.71431	-1.95063
1377	10	1	16	19	10	5	7	-6.18856	-2.73453	-4.16982	-5.18667
1378	2	4	1	2	7	1	5	-2.32298	-5.56175	-5.8595	-5.52009
1379	2	4	1	2	2	1	5	-2.79016	-3.63013	-4.17893	-4.17977
1380	10	81	50	99	120	76	52	-6.64794	-6.40441	-5.31687	-5.15105
1381	2	1	12	3	2	1	5	-2.63879	-2.1003	-3.60104	-4.9855
1382	2	4	1	2	2	1	5	-2.79016	-3.63013	-4.17893	-4.17977
1383	2	4	1	2	7	1	5	-2.32298	-5.56175	-5.8595	-5.52009
1384	1	2	3	4	5	9	3	-4.64998	-2.47543	-3.59085	-4.93166
1385	8	10	2	2	11	12	6	-3.97118	-7.17312	-7.58954	-7.75169
1386	1	4	2	2	6	3	17	-4.65186	-2.43561	-4.51671	-5.62829
1387	2	4	1	2	2	1	5	-2.79016	-3.63013	-4.17893	-4.17977
1388	2	4	1	2	2	1	5	-2.79016	-3.63013	-4.17893	-4.17977
1389	10	7	10	4	1	7	1	-12.2832	-10.8452	-10.0565	-9.23176
1390	2	1	21	3	2	1	5	-2.94479	-2.47382	-4.39086	-4.62154
1391	2	1	21	3	2	1	5	-2.94479	-2.47382	-4.39086	-4.62154
1392	10	1	16	19	10	5	7	-6.18856	-2.73453	-4.16982	-5.18667
1393	2	1	5	3	2	3	5	-4.24053	-3.23856	-5.4952	-4.8362
1394	2	1	5	3	2	3	5	-4.24053	-3.23856	-5.4952	-4.8362
1395	2	4	1	2	2	5	5	-6.82929	-6.38706	-8.73922	-9.9139
1396	2	4	1	2	7	1	5	-2.32298	-5.56175	-5.8595	-5.52009
1397	10	1	16	19	10	5	7	-6.18856	-2.73453	-4.16982	-5.18667
1398	2	4	1	2	7	1	5	-2.32298	-5.56175	-5.8595	-5.52009
1399	2	934	1	2	2	1	5	-6.64253	-8.01358	-6.93244	-6.29503
