Isolate	Loci0	Loci1	Loci2	Loci3	Loci4	Loci5	Loci6	Source0	Source1	Source2	Source3
0	1	2	3	4	5	9	3	-4.63449	-2.5023	-3.68721	-4.82533
1	4	7	10	4	1	7	1	-1.83246	-3.77081	-2.67695	-1.92303
2	2	4	1	2	2	1	5	-2.78562	-3.65099	-4.18113	-4.08388
3	2	4	1	2	2	1	5	-2.78562	-3.65099	-4.18113	-4.08388
4	9	25	2	10	22	3	6	-4.47007	-7.45117	-6.20084	-4.36063
5	4	7	10	4	1	7	1	-1.83246	-3.77081	-2.67695	-1.92303
6	4	7	10	4	1	7	1	-1.83246	-3.77081	-2.67695	-1.92303
7	4	7	10	4	42	51	1	-2.93543	-4.62045	-4.97543	-3.79967
8	2	4	1	2	2	1	5	-2.78562	-3.65099	-4.18113	-4.08388
9	10	81	50	99	120	76	52	-6.68458	-6.40537	-5.30565	-5.13522
10	2	1	21	3	2	1	5	-2.93725	-2.49637	-4.60944	-4.49306
11	2	1	21	3	2	1	5	-2.93725	-2.49637	-4.60944	-4.49306
12	9	25	2	10	22	3	6	-4.47007	-7.45117	-6.20084	-4.36063
13	2	1	21	3	2	1	5	-2.93725	-2.49637	-4.60944	-4.49306
14	10	27	16	19	10	5	7	-20.4218	-12.7537	-16.536	-17.6523
15	2	4	1	2	2	1	5	-2.78562	-3.65099	-4.18113	-4.08388
16	2	4	1	2	2	1	5	-2.78562	-3.65099	-4.18113	-4.08388
17	9	2	4	62	4	5	6	-3.72427	-5.20393	-5.76743	-6.56331
18	9	53	2	53	11	3	3	-29.0562	-27.7508	-25.407	-25.0878
19	2	4	1	2	2	1	5	-2.78562	-3.65099	-4.18113	-4.08388
20	2	4	1	2	2	1	5	-2.78562	-3.65099	-4.18113	-4.08388
21	4	7	10	4	1	7	1	-1.83246	-3.77081	-2.67695	-1.92303
22	2	4	1	2	2	1	5	-2.78562	-3.65099	-4.18113	-4.08388
23	1	4	2	2	6	3	17	-4.63345	-2.46117	-4.84742	-5.5091
24	4	7	10	4	1	7	1	-1.83246	-3.77081	-2.67695	-1.92303
25	2	1	21	3	2	1	5	-2.93725	-2.49637	-4.60944	-4.49306
26	8	10	2	2	11	12	6	-3.96289	-7.20028	-7.28905	-7.09055
27	2	4	2	2	6	1	5	-6.09461	-4.84427	-6.00373	-7.60243
28	2	1	12	3	2	1	5	-2.63005	-2.12379	-3.73199	-4.71511
29	2	4	1	2	2	1	5	-2.78562	-3.65099	-4.18113	-4.08388
30	4	7	10	4	1	7	1	-1.83246	-3.77081	-2.67695	-1.92303
31	10	1	16	19	10	5	7	-6.15796	-2.76061	-4.32116	-5.12128
32	1	2	3	4	5	9	3	-4.63449	-2.5023	-3.68721	-4.82533
33	2	4	1	2	2	1	5	-2.78562	-3.65099	-4.18113	-4.08388
34	2	4	1	2	2	1	5	-2.78562	-3.65099	-4.18113	-4.08388
35	2	4	1	2	2	1	5	-2.78562	-3.65099	-4.18113	-4.08388
36	4	7	10	4	1	7	1	-1.83246	-3.77081	-2.67695	-1.92303
37	129	66	30	82	189	47	17	-3.252	-4.86302	-5.6674	-4.14706
38	2	1	12	3	357	1	5	-5.78798	-6.37691	-6.44678	-7.30029
39	9	2	4	62	4	5	6	-3.72427	-5.20393	-5.76743	-6.56331
40	2	1	1	3	2	1	5	-4.62425	-3.79363	-6.76155	-7.1668
41	2	1	12	3	357	1	5	-5.78798	-6.37691	-6.44678	-7.30029
42	2	1	5	3	2	3	5	-4.2351	-3.25967	-5.86922	-4.79258
43	2	1	5	3	2	3	5	-4.2351	-3.25967	-5.86922	-4.79258
44	2	4	1	2	2	1	5	-2.78562	-3.65099	-4.18113	-4.08388
45	2	4	1	2	2	1	5	-2.78562	-3.65099	-4.18113	-4.08388
46	2	4	2	2	6	1	5	-6.09461	-4.84427	-6.00373	-7.60243
47	1	4	2	2	6	3	17	-4.63345	-2.46117	-4.84742	-5.5091
48	2	1	21	3	2	1	5	-2.93725	-2.49637	-4.60944	-4.49306
49	2	1	2	3	2	3	5	-3.76775	-6.95092	-7.08534	-6.88637
50	2	1	21	3	2	1	5	-2.93725	-2.49637	-4.60944	-4.49306
51	7	17	2	15	23	3	12	-6.90907	-10.1964	-10.2379	-10.0367
52	2	4	1	2	7	1	5	-2.3163	-5.5878	-5.57611	-5.10026
53	9	2	4	62	4	5	6	-3.72427	-5.20393	-5.76743	-6.56331
54	2	4	1	2	7	1	5	-2.3163	-5.5878	-5.57611	-5.10026
55	9	2	4	62	4	5	6	-3.72427	-5.20393	-5.76743	-6.56331
56	2	1	12	88	2	1	5	-3.95359	-3.43695	-6.08303	-5.32815
57	2	1	5	3	2	3	5	-4.2351	-3.25967	-5.86922	-4.79258
58	2	4	1	2	2	1	5	-2.78562	-3.65099	-4.18113	-4.08388
59	9	2	4	62	4	5	6	-3.72427	-5.20393	-5.76743	-6.56331
60	2	1	5	3	2	3	5	-4.2351	-3.25967	-5.86922	-4.79258
61	2	4	1	2	2	1	5	-2.78562	-3.65099	-4.18113	-4.08388
62	2	4	1	2	2	1	5	-2.78562	-3.65099	-4.18113	-4.08388
63	2	4	1	2	2	1	5	-2.78562	-3.65099	-4.18113	-4.08388
64	2	4	1	2	2	1	5	-2.78562	-3.65099	-4.18113	-4.08388
65	2	4	1	2	2	1	5	-2.78562	-3.65099	-4.18113	-4.08388
66	2	4	1	2	2	1	5	-2.78562	-3.65099	-4.18113	-4.08388
67	1	2	215	4	90	24	8	-27.5418	-28.3859	-21.8042	-20.8688
68	2	4	1	2	2	1	5	-2.78562	-3.65099	-4.18113	-4.08388
69	1	2	3	4	5	9	3	-4.63449	-2.5023	-3.68721	-4.82533
70	2	4	1	2	2	1	5	-2.78562	-3.65099	-4.18113	-4.08388
71	2	4	1	2	2	1	5	-2.78562	-3.65099	-4.18113	-4.08388
72	9	25	2	10	22	3	6	-4.47007	-7.45117	-6.20084	-4.36063
73	2	15	4	48	360	25	23	-6.67275	-8.83998	-5.78201	-4.90263
74	2	4	1	2	2	1	5	-2.78562	-3.65099	-4.18113	-4.08388
75	2	1	12	88	2	1	5	-3.95359	-3.43695	-6.08303	-5.32815
76	2	4	2	2	6	1	5	-6.09461	-4.84427	-6.00373	-7.60243
77	10	1	16	19	10	5	7	-6.15796	-2.76061	-4.32116	-5.12128
78	2	4	1	2	2	1	5	-2.78562	-3.65099	-4.18113	-4.08388
79	2	1	12	3	2	1	5	-2.63005	-2.12379	-3.73199	-4.71511
80	2	4	1	2	2	1	5	-2.78562	-3.65099	-4.18113	-4.08388
81	2	4	1	2	2	1	5	-2.78562	-3.65099	-4.18113	-4.08388
82	1	4	2	2	6	3	17	-4.63345	-2.46117	-4.84742	-5.5091
83	10	1	16	19	10	5	7	-6.15796	-2.76061	-4.32116	-5.12128
84	8	10	149	2	11	12	6	-4.88204	-3.98411	-5.80269	-7.01867
85	2	4	1	2	2	1	5	-2.78562	-3.65099	-4.18113	-4.08388
86	2	4	1	2	7	1	5	-2.3163	-5.5878	-5.57611	-5.10026
87	32	39	30	82	104	324	17	-8.15474	-4.69118	-7.98523	-8.77444
88	1	2	3	4	5	9	3	-4.63449	-2.5023	-3.68721	-4.82533
89	2	1	5	3	2	3	5	-4.2351	-3.25967	-5.86922	-4.79258
90	2	4	1	2	2	1	5	-2.78562	-3.65099	-4.18113	-4.08388
91	2	4	1	2	7	1	5	-2.3163	-5.5878	-5.57611	-5.10026
92	4	7	10	4	1	7	1	-1.83246	-3.77081	-2.67695	-1.92303
93	2	1	2	3	2	3	5	-3.76775	-6.95092	-7.08534	-6.88637
94	2	1	12	3	2	1	5	-2.63005	-2.12379	-3.73199	-4.71511
95	2	1	21	3	2	1	5	-2.93725	-2.49637	-4.60944	-4.49306
96	2	1	21	3	2	1	5	-2.93725	-2.49637	-4.60944	-4.49306
97	9	2	5	2	11	3	1	-30.007	-31.1345	-28.0333	-26.3345
98	4	7	10	4	1	7	1	-1.83246	-3.77081	-2.67695	-1.92303
99	2	1	2	3	2	3	5	-3.76775	-6.95092	-7.08534	-6.88637
100	2	1	21	3	2	1	5	-2.93725	-2.49637	-4.60944	-4.49306
101	4	7	10	4	1	7	1	-1.83246	-3.77081	-2.67695	-1.92303
102	2	1	21	3	2	1	5	-2.93725	-2.49637	-4.60944	-4.49306
103	1	4	2	2	6	3	17	-4.63345	-2.46117	-4.84742	-5.5091
104	2	4	5	2	10	1	5	-6.9031	-10.1744	-10.2192	-10.026
105	2	1	12	88	2	1	5	-3.95359	-3.43695	-6.08303	-5.32815
106	9	2	4	62	4	5	6	-3.72427	-5.20393	-5.76743	-6.56331
107	2	165	73	147	220	190	104	-8.54139	-9.53142	-7.26165	-5.24422
108	2	1	21	3	2	1	5	-2.93725	-2.49637	-4.60944	-4.49306
109	2	4	1	2	2	1	5	-2.78562	-3.65099	-4.18113	-4.08388
110	2	1	12	3	11	1	6	-19.3644	-17.4306	-20.1954	-20.9894
111	2	1	2	3	2	3	5	-3.76775	-6.95092	-7.08534	-6.88637
112	2	4	1	2	7	1	5	-2.3163	-5.5878	-5.57611	-5.10026
113	2	1	2	3	2	3	5	-3.76775	-6.95092	-7.08534	-6.88637
114	2	1	21	3	2	1	5	-2.93725	-2.49637	-4.60944	-4.49306
115	2	4	1	2	7	1	5	-2.3163	-5.5878	-5.57611	-5.10026
116	33	39	30	82	113	43	17	-9.78412	-6.47248	-6.1443	-8.09563
117	2	4	1	2	2	1	5	-2.78562	-3.65099	-4.18113	-4.08388
118	2	4	1	2	2	1	5	-2.78562	-3.65099	-4.18113	-4.08388
119	2	4	1	2	2	1	5	-2.78562	-3.65099	-4.18113	-4.08388
120	2	4	1	2	7	1	5	-2.3163	-5.5878	-5.57611	-5.10026
121	4	7	10	1	1	7	1	-5.28098	-8.41714	-5.9714	-6.07319
122	2	1	12	3	2	1	5	-2.63005	-2.12379	-3.73199	-4.71511
123	2	4	1	2	2	1	5	-2.78562	-3.65099	-4.18113	-4.08388
124	2	4	1	2	2	1	5	-2.78562	-3.65099	-4.18113	-4.08388
125	2	4	1	2	7	1	5	-2.3163	-5.5878	-5.57611	-5.10026
126	2	4	1	2	2	1	5	-2.78562	-3.65099	-4.18113	-4.08388
127	2	4	1	2	2	1	5	-2.78562	-3.65099	-4.18113	-4.08388
128	2	1	12	88	2	1	5	-3.95359	-3.43695	-6.08303	-5.32815
129	2	1	12	3	2	1	5	-2.63005	-2.12379	-3.73199	-4.71511
130	2	1	12	3	2	1	5	-2.63005	-2.12379	-3.73199	-4.71511
131	2	4	1	2	7	1	5	-2.3163	-5.5878	-5.57611	-5.10026
132	2	1	21	3	2	1	5	-2.93725	-2.49637	-4.60944	-4.49306
133	2	1	21	3	2	1	5	-2.93725	-2.49637	-4.60944	-4.49306
134	2	4	5	2	2	5	5	-3.68162	-6.92788	-6.76982	-5.85201
135	2	1	21	3	2	1	5	-2.93725	-2.49637	-4.60944	-4.49306
136	1	4	2	2	6	3	1	-11.6383	-9.91646	-10.5666	-11.0727
137	2	1	5	3	2	3	5	-4.2351	-3.25967	-5.86922	-4.79258
138	2	1	5	3	2	3	5	-4.2351	-3.25967	-5.86922	-4.79258
139	4	7	10	4	1	7	1	-1.83246	-3.77081	-2.67695	-1.92303
140	8	10	2	2	11	12	6	-3.96289	-7.20028	-7.28905	-7.09055
141	2	1	2	3	2	3	5	-3.76775	-6.95092	-7.08534	-6.88637
142	2	1	5	3	2	3	5	-4.2351	-3.25967	-5.86922	-4.79258
143	2	1	2	3	2	3	5	-3.76775	-6.95092	-7.08534	-6.88637
144	129	66	30	82	189	47	17	-3.252	-4.86302	-5.6674	-4.14706
145	2	4	1	2	2	1	5	-2.78562	-3.65099	-4.18113	-4.08388
146	2	4	1	2	2	1	5	-2.78562	-3.65099	-4.18113	-4.08388
147	7	21	5	62	4	61	44	-7.30127	-3.84531	-5.84656	-7.3548
148	2	4	1	2	2	1	5	-2.78562	-3.65099	-4.18113	-4.08388
149	2	937	1	2	2	1	5	-5.86545	-7.90385	-6.88534	-6.65894
150	1	14	2	2	6	1	17	-9.08587	-6.4502	-8.13587	-6.32904
151	1	4	2	2	6	3	17	-4.63345	-2.46117	-4.84742	-5.5091
152	8	10	149	2	11	12	6	-4.88204	-3.98411	-5.80269	-7.01867
153	2	1	12	3	2	1	5	-2.63005	-2.12379	-3.73199	-4.71511
154	9	30	2	2	89	59	6	-4.96187	-8.24992	-8.29073	-8.08978
155	1	2	3	4	5	9	3	-4.63449	-2.5023	-3.68721	-4.82533
156	2	4	1	2	2	1	5	-2.78562	-3.65099	-4.18113	-4.08388
157	2	4	1	2	2	1	5	-2.78562	-3.65099	-4.18113	-4.08388
158	180	194	2	68	19	231	147	-21.0873	-29.8907	-22.2019	-21.3618
159	2	4	1	2	2	1	5	-2.78562	-3.65099	-4.18113	-4.08388
160	2	4	1	2	2	1	5	-2.78562	-3.65099	-4.18113	-4.08388
161	2	4	1	2	2	1	5	-2.78562	-3.65099	-4.18113	-4.08388
162	4	7	10	4	1	7	1	-1.83246	-3.77081	-2.67695	-1.92303
163	2	4	1	2	2	1	5	-2.78562	-3.65099	-4.18113	-4.08388
164	2	1	21	3	2	1	5	-2.93725	-2.49637	-4.60944	-4.49306
165	2	4	1	2	7	1	5	-2.3163	-5.5878	-5.57611	-5.10026
166	2	4	1	2	2	1	5	-2.78562	-3.65099	-4.18113	-4.08388
167	10	1	16	19	10	5	7	-6.15796	-2.76061	-4.32116	-5.12128
168	104	7	10	4	1	7	1	-4.41927	-7.71168	-7.72989	-7.52775
169	2	4	1	2	2	1	5	-2.78562	-3.65099	-4.18113	-4.08388
170	10	27	16	19	10	5	7	-20.4218	-12.7537	-16.536	-17.6523
171	2	4	1	2	2	1	5	-2.78562	-3.65099	-4.18113	-4.08388
172	2	1	1	3	2	1	5	-4.62425	-3.79363	-6.76155	-7.1668
173	7	21	5	62	4	61	44	-7.30127	-3.84531	-5.84656	-7.3548
174	2	1	1	3	2	1	5	-4.62425	-3.79363	-6.76155	-7.1668
175	10	1	16	19	10	5	7	-6.15796	-2.76061	-4.32116	-5.12128
176	2	4	1	2	2	1	5	-2.78562	-3.65099	-4.18113	-4.08388
177	2	4	1	2	2	1	5	-2.78562	-3.65099	-4.18113	-4.08388
178	2	1	12	3	2	1	5	-2.63005	-2.12379	-3.73199	-4.71511
179	2	4	1	2	2	1	5	-2.78562	-3.65099	-4.18113	-4.08388
180	2	4	1	2	2	1	5	-2.78562	-3.65099	-4.18113	-4.08388
181	1	4	2	2	6	3	17	-4.63345	-2.46117	-4.84742	-5.5091
182	2	1	12	3	2	1	5	-2.63005	-2.12379	-3.73199	-4.71511
183	4	7	10	4	1	7	1	-1.83246	-3.77081	-2.67695	-1.92303
184	2	4	1	2	2	1	5	-2.78562	-3.65099	-4.18113	-4.08388
185	2	4	1	2	2	1	5	-2.78562	-3.65099	-4.18113	-4.08388
186	2	1	21	3	2	1	5	-2.93725	-2.49637	-4.60944	-4.49306
187	4	7	10	4	1	7	1	-1.83246	-3.77081	-2.67695	-1.92303
188	4	7	10	4	42	51	1	-2.93543	-4.62045	-4.97543	-3.79967
189	2	1	5	3	2	3	5	-4.2351	-3.25967	-5.86922	-4.79258
190	1	2	4	62	4	5	17	-6.10217	-4.8594	-7.93342	-8.43446
191	4	7	10	4	1	7	1	-1.83246	-3.77081	-2.67695	-1.92303
192	4	7	10	4	42	51	1	-2.93543	-4.62045	-4.97543	-3.79967
193	2	1	21	3	2	1	5	-2.93725	-2.49637	-4.60944	-4.49306
194	4	7	10	4	42	51	1	-2.93543	-4.62045	-4.97543	-3.79967
195	2	4	1	2	7	1	5	-2.3163	-5.5878	-5.57611	-5.10026
196	2	4	1	2	2	1	5	-2.78562	-3.65099	-4.18113	-4.08388
197	1	2	3	4	5	9	3	-4.63449	-2.5023	-3.68721	-4.82533
198	1	2	4	62	4	5	17	-6.10217	-4.8594	-7.93342	-8.43446
199	2	250	4	281	358	25	57	-27.5175	-30.482	-19.2154	-18.5606
200	9	2	4	62	4	5	6	-3.72427	-5.20393	-5.76743	-6.56331
201	1	2	3	4	5	9	3	-4.63449	-2.5023	-3.68721	-4.82533
202	4	7	10	4	1	7	1	-1.83246	-3.77081	-2.67695	-1.92303
203	2	4	2	4	19	3	6	-5.80684	-9.08804	-9.12823	-8.92762
204	4	7	10	4	1	7	1	-1.83246	-3.77081	-2.67695	-1.92303
205	4	7	10	4	42	51	1	-2.93543	-4.62045	-4.97543	-3.79967
206	2	1	12	3	2	1	5	-2.63005	-2.12379	-3.73199	-4.71511
207	4	7	10	4	1	7	1	-1.83246	-3.77081	-2.67695	-1.92303
208	2	1	12	3	2	1	5	-2.63005	-2.12379	-3.73199	-4.71511
209	1	2	4	62	4	5	17	-6.10217	-4.8594	-7.93342	-8.43446
210	4	7	10	4	42	51	1	-2.93543	-4.62045	-4.97543	-3.79967
211	2	4	1	2	2	1	5	-2.78562	-3.65099	-4.18113	-4.08388
212	4	7	10	4	1	7	1	-1.83246	-3.77081	-2.67695	-1.92303
213	2	1	21	3	2	1	5	-2.93725	-2.49637	-4.60944	-4.49306
214	47	2	4	2	6	5	17	-12.277	-11.4392	-6.16683	-8.18145
215	2	1	21	3	2	1	5	-2.93725	-2.49637	-4.60944	-4.49306
216	2	1	21	3	2	1	5	-2.93725	-2.49637	-4.60944	-4.49306
217	2	4	1	2	2	1	5	-2.78562	-3.65099	-4.18113	-4.08388
218	2	4	1	2	2	1	5	-2.78562	-3.65099	-4.18113	-4.08388
219	10	81	50	99	120	76	52	-6.68458	-6.40537	-5.30565	-5.13522
220	2	4	1	2	2	1	5	-2.78562	-3.65099	-4.18113	-4.08388
221	2	4	1	2	2	1	5	-2.78562	-3.65099	-4.18113	-4.08388
222	1	4	2	2	6	3	17	-4.63345	-2.46117	-4.84742	-5.5091
223	1	2	4	62	4	5	17	-6.10217	-4.8594	-7.93342	-8.43446
224	4	7	10	4	1	7	1	-1.83246	-3.77081	-2.67695	-1.92303
225	4	7	10	4	1	7	1	-1.83246	-3.77081	-2.67695	-1.92303
226	10	1	16	19	10	5	7	-6.15796	-2.76061	-4.32116	-5.12128
227	2	4	1	2	2	1	5	-2.78562	-3.65099	-4.18113	-4.08388
228	2	4	1	2	7	1	5	-2.3163	-5.5878	-5.57611	-5.10026
229	1	4	2	348	6	3	17	-8.84718	-5.37538	-8.67117	-9.46484
230	1	2	4	62	4	5	17	-6.10217	-4.8594	-7.93342	-8.43446
231	10	27	16	19	10	5	7	-20.4218	-12.7537	-16.536	-17.6523
232	1	4	2	2	6	3	17	-4.63345	-2.46117	-4.84742	-5.5091
233	4	7	10	4	42	51	1	-2.93543	-4.62045	-4.97543	-3.79967
234	2	4	1	2	2	1	5	-2.78562	-3.65099	-4.18113	-4.08388
235	2	1	12	3	2	1	5	-2.63005	-2.12379	-3.73199	-4.71511
236	2	1	12	88	2	1	5	-3.95359	-3.43695	-6.08303	-5.32815
237	2	4	1	2	7	1	5	-2.3163	-5.5878	-5.57611	-5.10026
238	2	1	12	3	2	1	5	-2.63005	-2.12379	-3.73199	-4.71511
239	1	4	2	2	6	3	17	-4.63345	-2.46117	-4.84742	-5.5091
240	2	1	4	28	58	25	58	-5.64712	-8.05283	-5.4976	-4.22797
241	2	1	5	3	2	3	5	-4.2351	-3.25967	-5.86922	-4.79258
242	2	1	12	3	2	1	5	-2.63005	-2.12379	-3.73199	-4.71511
243	2	4	1	2	2	1	5	-2.78562	-3.65099	-4.18113	-4.08388
244	2	1	5	10	11	1	5	-28.0316	-22.094	-24.1289	-25.2132
245	2	1	12	3	2	1	5	-2.63005	-2.12379	-3.73199	-4.71511
246	2	1	12	88	2	1	5	-3.95359	-3.43695	-6.08303	-5.32815
247	2	1	12	3	2	1	5	-2.63005	-2.12379	-3.73199	-4.71511
248	2	1	12	3	2	1	5	-2.63005	-2.12379	-3.73199	-4.71511
249	1	4	2	2	6	3	17	-4.63345	-2.46117	-4.84742	-5.5091
250	9	2	4	62	4	5	6	-3.72427	-5.20393	-5.76743	-6.56331
251	2	1	12	3	2	1	5	-2.63005	-2.12379	-3.73199	-4.71511
252	8	10	149	2	11	12	6	-4.88204	-3.98411	-5.80269	-7.01867
253	2	1	21	3	2	1	5	-2.93725	-2.49637	-4.60944	-4.49306
254	1	2	3	4	5	9	3	-4.63449	-2.5023	-3.68721	-4.82533
255	2	1	5	3	2	3	5	-4.2351	-3.25967	-5.86922	-4.79258
256	1	307	3	4	5	9	3	-6.85731	-6.44703	-6.11183	-7.95625
257	1	4	2	2	6	3	17	-4.63345	-2.46117	-4.84742	-5.5091
258	2	4	1	2	7	1	5	-2.3163	-5.5878	-5.57611	-5.10026
259	2	4	1	2	2	1	5	-2.78562	-3.65099	-4.18113	-4.08388
260	2	61	4	64	126	7	23	-5.98263	-8.22331	-6.23331	-4.24525
261	7	21	5	62	4	61	44	-7.30127	-3.84531	-5.84656	-7.3548
262	2	1	12	3	2	1	5	-2.63005	-2.12379	-3.73199	-4.71511
263	2	4	1	2	2	1	5	-2.78562	-3.65099	-4.18113	-4.08388
264	2	1	12	3	2	1	5	-2.63005	-2.12379	-3.73199	-4.71511
265	2	1	21	3	2	1	5	-2.93725	-2.49637	-4.60944	-4.49306
266	2	1	21	3	2	1	5	-2.93725	-2.49637	-4.60944	-4.49306
267	2	4	1	2	2	1	5	-2.78562	-3.65099	-4.18113	-4.08388
268	2	4	1	2	2	1	5	-2.78562	-3.65099	-4.18113	-4.08388
269	2	4	1	2	7	1	5	-2.3163	-5.5878	-5.57611	-5.10026
270	4	7	10	4	1	7	1	-1.83246	-3.77081	-2.67695	-1.92303
271	1	2	4	62	4	5	17	-6.10217	-4.8594	-7.93342	-8.43446
272	4	1	21	3	2	1	5	-10.023	-10.0477	-10.4554	-10.1244
273	10	1	16	19	10	5	7	-6.15796	-2.76061	-4.32116	-5.12128
274	33	283	44	82	189	44	17	-6.8808	-3.48504	-5.66698	-5.97247
275	2	1	12	3	2	1	5	-2.63005	-2.12379	-3.73199	-4.71511
276	10	81	50	99	120	76	52	-6.68458	-6.40537	-5.30565	-5.13522
277	4	7	10	4	42	25	1	-8.49862	-9.39175	-5.86118	-5.16368
278	2	4	1	2	2	1	5	-2.78562	-3.65099	-4.18113	-4.08388
279	2	4	5	2	10	1	5	-6.9031	-10.1744	-10.2192	-10.026
280	2	4	1	2	2	1	5	-2.78562	-3.65099	-4.18113	-4.08388
281	9	2	4	62	4	5	6	-3.72427	-5.20393	-5.76743	-6.56331
282	4	7	10	4	1	7	1	-1.83246	-3.77081	-2.67695	-1.92303
283	2	1	12	3	2	1	5	-2.63005	-2.12379	-3.73199	-4.71511
284	9	2	4	62	4	5	6	-3.72427	-5.20393	-5.76743	-6.56331
285	9	2	4	62	4	5	6	-3.72427	-5.20393	-5.76743	-6.56331
286	2	4	1	2	2	1	5	-2.78562	-3.65099	-4.18113	-4.08388
287	2	1	12	88	2	1	5	-3.95359	-3.43695	-6.08303	-5.32815
288	2	1	21	3	2	1	5	-2.93725	-2.49637	-4.60944	-4.49306
289	33	39	30	79	113	44	17	-26.4342	-23.7218	-24.5158	-26.9347
290	1	2	3	4	5	9	3	-4.63449	-2.5023	-3.68721	-4.82533
291	1	4	2	2	6	3	17	-4.63345	-2.46117	-4.84742	-5.5091
292	9	2	4	62	4	5	6	-3.72427	-5.20393	-5.76743	-6.56331
293	2	1	12	3	2	1	5	-2.63005	-2.12379	-3.73199	-4.71511
294	2	1	5	3	2	5	5	-5.55043	-2.84223	-4.18643	-5.40086
295	2	1	5	3	2	5	5	-5.55043	-2.84223	-4.18643	-5.40086
296	2	4	1	2	2	1	5	-2.78562	-3.65099	-4.18113	-4.08388
297	2	4	1	2	2	1	5	-2.78562	-3.65099	-4.18113	-4.08388
298	2	1	21	3	2	1	5	-2.93725	-2.49637	-4.60944	-4.49306
299	32	39	30	82	104	324	17	-8.15474	-4.69118	-7.98523	-8.77444
300	2	1	12	3	2	1	5	-2.63005	-2.12379	-3.73199	-4.71511
301	4	7	10	4	1	7	1	-1.83246	-3.77081	-2.67695	-1.92303
302	1	4	2	2	6	3	5	-8.74568	-5.26975	-8.54463	-9.39072
303	2	1	21	3	2	1	5	-2.93725	-2.49637	-4.60944	-4.49306
304	4	7	10	4	42	51	1	-2.93543	-4.62045	-4.97543	-3.79967
305	2	4	1	2	7	1	5	-2.3163	-5.5878	-5.57611	-5.10026
306	7	21	5	62	4	61	44	-7.30127	-3.84531	-5.84656	-7.3548
307	104	7	10	4	1	7	1	-4.41927	-7.71168	-7.72989	-7.52775
308	9	25	2	10	22	3	6	-4.47007	-7.45117	-6.20084	-4.36063
309	2	4	2	2	6	3	17	-11.0464	-7.60037	-10.2563	-10.9002
310	2	4	1	2	7	1	5	-2.3163	-5.5878	-5.57611	-5.10026
311	129	66	30	82	189	47	17	-3.252	-4.86302	-5.6674	-4.14706
312	33	39	30	82	104	173	68	-5.38805	-3.99131	-7.10156	-7.63303
313	2	1	12	3	2	1	5	-2.63005	-2.12379	-3.73199	-4.71511
314	2	1	1	3	2	1	5	-4.62425	-3.79363	-6.76155	-7.1668
315	7	21	5	62	4	61	44	-7.30127	-3.84531	-5.84656	-7.3548
316	2	1	21	3	2	1	5	-2.93725	-2.49637	-4.60944	-4.49306
317	4	7	10	4	1	7	1	-1.83246	-3.77081	-2.67695	-1.92303
318	10	2	107	62	120	76	1	-6.8455	-9.69838	-8.21574	-6.31749
319	4	7	10	4	1	7	1	-1.83246	-3.77081	-2.67695	-1.92303
320	2	1	12	3	2	1	5	-2.63005	-2.12379	-3.73199	-4.71511
321	2	1	5	3	2	3	5	-4.2351	-3.25967	-5.86922	-4.79258
322	4	7	10	4	1	7	1	-1.83246	-3.77081	-2.67695	-1.92303
323	2	1	12	88	2	1	5	-3.95359	-3.43695	-6.08303	-5.32815
324	4	7	10	4	42	7	1	-6.56745	-8.64215	-5.67035	-4.65361
325	4	7	10	4	42	51	1	-2.93543	-4.62045	-4.97543	-3.79967
326	2	1	21	3	2	1	5	-2.93725	-2.49637	-4.60944	-4.49306
327	2	1	12	3	2	1	5	-2.63005	-2.12379	-3.73199	-4.71511
328	4	7	10	4	1	7	1	-1.83246	-3.77081	-2.67695	-1.92303
329	2	4	1	2	7	1	5	-2.3163	-5.5878	-5.57611	-5.10026
330	4	7	10	4	1	7	1	-1.83246	-3.77081	-2.67695	-1.92303
331	2	1	12	3	2	1	5	-2.63005	-2.12379	-3.73199	-4.71511
332	4	7	10	4	1	7	1	-1.83246	-3.77081	-2.67695	-1.92303
333	4	7	10	4	1	7	1	-1.83246	-3.77081	-2.67695	-1.92303
334	1	4	2	2	6	3	17	-4.63345	-2.46117	-4.84742	-5.5091
335	2	4	1	2	2	1	5	-2.78562	-3.65099	-4.18113	-4.08388
336	4	7	10	4	1	7	1	-1.83246	-3.77081	-2.67695	-1.92303
337	7	17	2	15	23	3	12	-6.90907	-10.1964	-10.2379	-10.0367
338	2	1	5	3	2	3	5	-4.2351	-3.25967	-5.86922	-4.79258
339	4	7	10	4	1	7	1	-1.83246	-3.77081	-2.67695	-1.92303
340	4	7	10	4	1	7	1	-1.83246	-3.77081	-2.67695	-1.92303
341	4	7	10	4	42	51	1	-2.93543	-4.62045	-4.97543	-3.79967
342	2	4	1	2	2	1	5	-2.78562	-3.65099	-4.18113	-4.08388
343	2	1	12	88	2	1	5	-3.95359	-3.43695	-6.08303	-5.32815
344	2	1	1	3	2	1	5	-4.62425	-3.79363	-6.76155	-7.1668
345	1	2	3	4	5	9	3	-4.63449	-2.5023	-3.68721	-4.82533
346	2	1	12	88	2	1	5	-3.95359	-3.43695	-6.08303	-5.32815
347	2	1	1	3	2	1	5	-4.62425	-3.79363	-6.76155	-7.1668
348	24	17	2	10	23	68	5	-9.25267	-5.78772	-9.08263	-9.87252
349	4	7	10	4	1	7	1	-1.83246	-3.77081	-2.67695	-1.92303
350	2	1	21	3	2	1	5	-2.93725	-2.49637	-4.60944	-4.49306
351	1	4	2	2	6	3	17	-4.63345	-2.46117	-4.84742	-5.5091
352	2	1	5	3	2	3	5	-4.2351	-3.25967	-5.86922	-4.79258
353	4	7	10	4	1	7	1	-1.83246	-3.77081	-2.67695	-1.92303
354	2	1	1	3	2	1	5	-4.62425	-3.79363	-6.76155	-7.1668
355	2	1	12	3	2	1	5	-2.63005	-2.12379	-3.73199	-4.71511
356	8	10	149	2	11	12	6	-4.88204	-3.98411	-5.80269	-7.01867
357	2	4	1	2	2	5	5	-6.82746	-6.40769	-9.09422	-9.47685
358	10	1	16	19	10	5	7	-6.15796	-2.76061	-4.32116	-5.12128
359	24	17	2	10	23	68	5	-9.25267	-5.78772	-9.08263	-9.87252
360	1	2	4	62	4	5	17	-6.10217	-4.8594	-7.93342	-8.43446
361	2	4	1	2	7	1	5	-2.3163	-5.5878	-5.57611	-5.10026
362	7	71	5	62	11	67	6	-28.0165	-27.5717	-26.6446	-27.9891
363	7	17	5	2	10	3	6	-26.0076	-23.7629	-23.7871	-22.8783
364	2	1	5	3	2	3	5	-4.2351	-3.25967	-5.86922	-4.79258
365	9	2	4	62	4	5	6	-3.72427	-5.20393	-5.76743	-6.56331
366	33	38	30	82	104	325	36	-13.1044	-10.746	-12.4924	-13.1535
367	2	4	1	2	7	1	5	-2.3163	-5.5878	-5.57611	-5.10026
368	47	2	4	2	6	5	17	-12.277	-11.4392	-6.16683	-8.18145
369	2	1	12	88	2	1	5	-3.95359	-3.43695	-6.08303	-5.32815
370	2	1	12	88	2	1	5	-3.95359	-3.43695	-6.08303	-5.32815
371	2	1	12	88	2	1	5	-3.95359	-3.43695	-6.08303	-5.32815
372	2	1	12	88	2	1	5	-3.95359	-3.43695	-6.08303	-5.32815
373	2	4	1	2	2	1	5	-2.78562	-3.65099	-4.18113	-4.08388
374	2	1	12	88	2	1	5	-3.95359	-3.43695	-6.08303	-5.32815
375	1	1	2	2	6	3	17	-9.79329	-6.16152	-9.35911	-10.3028
376	2	1	12	88	2	1	5	-3.95359	-3.43695	-6.08303	-5.32815
377	2	1	12	88	2	1	5	-3.95359	-3.43695	-6.08303	-5.32815
378	2	4	1	2	2	1	5	-2.78562	-3.65099	-4.18113	-4.08388
379	2	1	12	88	2	1	5	-3.95359	-3.43695	-6.08303	-5.32815
380	2	1	5	3	2	3	5	-4.2351	-3.25967	-5.86922	-4.79258
381	4	7	10	4	1	7	1	-1.83246	-3.77081	-2.67695	-1.92303
382	2	1	12	3	2	1	5	-2.63005	-2.12379	-3.73199	-4.71511
383	1	2	4	62	4	5	17	-6.10217	-4.8594	-7.93342	-8.43446
384	1	4	2	2	6	3	17	-4.63345	-2.46117	-4.84742	-5.5091
385	2	1	12	3	2	1	5	-2.63005	-2.12379	-3.73199	-4.71511
386	2	1	12	88	2	1	5	-3.95359	-3.43695	-6.08303	-5.32815
387	9	2	4	62	4	5	6	-3.72427	-5.20393	-5.76743	-6.56331
388	2	4	1	2	7	1	5	-2.3163	-5.5878	-5.57611	-5.10026
389	2	1	5	3	2	3	5	-4.2351	-3.25967	-5.86922	-4.79258
390	7	21	5	62	4	61	44	-7.30127	-3.84531	-5.84656	-7.3548
391	1	2	215	4	90	24	8	-27.5418	-28.3859	-21.8042	-20.8688
392	2	1	21	3	2	1	5	-2.93725	-2.49637	-4.60944	-4.49306
393	1	4	2	2	6	3	17	-4.63345	-2.46117	-4.84742	-5.5091
394	2	4	1	2	2	1	5	-2.78562	-3.65099	-4.18113	-4.08388
395	2	1	12	3	2	1	5	-2.63005	-2.12379	-3.73199	-4.71511
396	1	2	3	4	5	9	3	-4.63449	-2.5023	-3.68721	-4.82533
397	2	1	5	3	2	3	5	-4.2351	-3.25967	-5.86922	-4.79258
398	10	1	16	19	10	5	7	-6.15796	-2.76061	-4.32116	-5.12128
399	2	1	2	3	2	959	5	-6.92347	-10.7617	-9.76297	-9.46257
400	10	1	16	19	10	5	7	-6.15796	-2.76061	-4.32116	-5.12128
401	2	4	1	2	7	1	5	-2.3163	-5.5878	-5.57611	-5.10026
402	2	1	12	3	2	1	5	-2.63005	-2.12379	-3.73199	-4.71511
403	8	10	149	2	11	12	6	-4.88204	-3.98411	-5.80269	-7.01867
404	2	4	1	2	7	1	5	-2.3163	-5.5878	-5.57611	-5.10026
405	4	7	10	4	1	7	1	-1.83246	-3.77081	-2.67695	-1.92303
406	4	7	10	4	1	7	1	-1.83246	-3.77081	-2.67695	-1.92303
407	2	4	5	2	2	5	5	-3.68162	-6.92788	-6.76982	-5.85201
408	2	1	12	3	2	1	5	-2.63005	-2.12379	-3.73199	-4.71511
409	166	2	27	10	151	3	1	-29.455	-32.9893	-26.3405	-24.6828
410	33	39	30	79	113	44	17	-26.4342	-23.7218	-24.5158	-26.9347
411	7	17	2	15	23	3	12	-6.90907	-10.1964	-10.2379	-10.0367
412	1	2	3	4	5	9	3	-4.63449	-2.5023	-3.68721	-4.82533
413	2	4	1	2	7	1	5	-2.3163	-5.5878	-5.57611	-5.10026
414	7	21	5	62	4	61	44	-7.30127	-3.84531	-5.84656	-7.3548
415	2	1	12	3	2	1	5	-2.63005	-2.12379	-3.73199	-4.71511
416	1	2	3	4	5	9	3	-4.63449	-2.5023	-3.68721	-4.82533
417	2	1	5	88	2	11	5	-8.81195	-5.36236	-6.07861	-7.9316
418	2	4	1	2	7	1	5	-2.3163	-5.5878	-5.57611	-5.10026
419	2	1	21	3	2	1	5	-2.93725	-2.49637	-4.60944	-4.49306
420	7	17	2	15	23	3	12	-6.90907	-10.1964	-10.2379	-10.0367
421	2	1	5	88	2	11	5	-8.81195	-5.36236	-6.07861	-7.9316
422	47	2	4	2	6	5	17	-12.277	-11.4392	-6.16683	-8.18145
423	1	2	3	4	5	9	3	-4.63449	-2.5023	-3.68721	-4.82533
424	7	17	2	15	23	3	12	-6.90907	-10.1964	-10.2379	-10.0367
425	2	4	1	2	2	1	5	-2.78562	-3.65099	-4.18113	-4.08388
426	2	4	1	2	2	1	5	-2.78562	-3.65099	-4.18113	-4.08388
427	2	4	1	2	2	1	5	-2.78562	-3.65099	-4.18113	-4.08388
428	2	1	12	3	2	1	5	-2.63005	-2.12379	-3.73199	-4.71511
429	2	4	5	2	2	5	5	-3.68162	-6.92788	-6.76982	-5.85201
430	2	1	21	3	2	1	5	-2.93725	-2.49637	-4.60944	-4.49306
431	4	7	10	4	42	25	1	-8.49862	-9.39175	-5.86118	-5.16368
432	1	4	2	2	6	3	17	-4.63345	-2.46117	-4.84742	-5.5091
433	1	2	215	4	923	24	8	-27.5418	-28.3859	-21.8042	-20.8688
434	1	2	3	4	5	9	3	-4.63449	-2.5023	-3.68721	-4.82533
435	2	1	1	3	2	1	5	-4.62425	-3.79363	-6.76155	-7.1668
436	1	4	2	2	6	3	17	-4.63345	-2.46117	-4.84742	-5.5091
437	2	4	1	2	2	1	5	-2.78562	-3.65099	-4.18113	-4.08388
438	2	1	5	3	2	5	5	-5.55043	-2.84223	-4.18643	-5.40086
439	4	7	10	4	42	51	1	-2.93543	-4.62045	-4.97543	-3.79967
440	4	7	10	4	1	7	1	-1.83246	-3.77081	-2.67695	-1.92303
441	4	7	10	4	1	7	1	-1.83246	-3.77081	-2.67695	-1.92303
442	4	7	10	4	1	7	1	-1.83246	-3.77081	-2.67695	-1.92303
443	2	1	21	3	2	1	5	-2.93725	-2.49637	-4.60944	-4.49306
444	2	1	21	3	2	1	5	-2.93725	-2.49637	-4.60944	-4.49306
445	2	4	1	2	7	1	5	-2.3163	-5.5878	-5.57611	-5.10026
446	4	7	10	4	1	7	1	-1.83246	-3.77081	-2.67695	-1.92303
447	4	7	10	4	1	7	1	-1.83246	-3.77081	-2.67695	-1.92303
448	2	1	1	3	2	1	5	-4.62425	-3.79363	-6.76155	-7.1668
449	2	1	21	3	2	1	5	-2.93725	-2.49637	-4.60944	-4.49306
450	2	1	21	3	2	1	5	-2.93725	-2.49637	-4.60944	-4.49306
451	4	7	10	4	42	51	1	-2.93543	-4.62045	-4.97543	-3.79967
452	4	7	10	1	1	7	1	-5.28098	-8.41714	-5.9714	-6.07319
453	239	27	16	19	10	5	7	-9.94757	-6.483	-9.77632	-10.5668
454	2	1	12	3	2	1	5	-2.63005	-2.12379	-3.73199	-4.71511
455	2	4	1	2	2	1	5	-2.78562	-3.65099	-4.18113	-4.08388
456	2	1	12	3	2	1	5	-2.63005	-2.12379	-3.73199	-4.71511
457	2	1	12	3	2	1	5	-2.63005	-2.12379	-3.73199	-4.71511
458	10	81	50	99	120	76	52	-6.68458	-6.40537	-5.30565	-5.13522
459	47	2	4	2	6	5	17	-12.277	-11.4392	-6.16683	-8.18145
460	2	4	1	3	2	1	5	-6.85359	-8.50966	-9.58777	-9.7522
461	4	7	10	4	1	7	1	-1.83246	-3.77081	-2.67695	-1.92303
462	2	1	1	380	2	1	5	-6.16277	-5.74298	-8.5812	-8.87148
463	2	4	1	2	7	1	5	-2.3163	-5.5878	-5.57611	-5.10026
464	2	1	12	88	2	1	5	-3.95359	-3.43695	-6.08303	-5.32815
465	7	71	5	62	11	67	1	-29.4199	-27.7815	-25.7411	-27.161
466	2	4	1	2	7	1	5	-2.3163	-5.5878	-5.57611	-5.10026
467	4	7	10	4	1	7	1	-1.83246	-3.77081	-2.67695	-1.92303
468	2	1	1	380	2	1	5	-6.16277	-5.74298	-8.5812	-8.87148
469	2	4	1	2	2	1	5	-2.78562	-3.65099	-4.18113	-4.08388
470	2	1	12	3	2	1	5	-2.63005	-2.12379	-3.73199	-4.71511
471	1	14	2	2	6	1	17	-9.08587	-6.4502	-8.13587	-6.32904
472	1	2	4	62	4	5	17	-6.10217	-4.8594	-7.93342	-8.43446
473	4	7	10	4	1	7	1	-1.83246	-3.77081	-2.67695	-1.92303
474	2	1	21	3	2	1	5	-2.93725	-2.49637	-4.60944	-4.49306
475	2	4	1	2	2	1	5	-2.78562	-3.65099	-4.18113	-4.08388
476	1	4	2	2	6	3	17	-4.63345	-2.46117	-4.84742	-5.5091
477	4	7	10	4	1	7	1	-1.83246	-3.77081	-2.67695	-1.92303
478	10	2	107	62	120	76	1	-6.8455	-9.69838	-8.21574	-6.31749
479	2	1	12	3	2	1	5	-2.63005	-2.12379	-3.73199	-4.71511
480	2	1	5	3	2	3	5	-4.2351	-3.25967	-5.86922	-4.79258
481	2	1	21	3	2	1	5	-2.93725	-2.49637	-4.60944	-4.49306
482	1	2	3	4	5	9	3	-4.63449	-2.5023	-3.68721	-4.82533
483	1	307	3	4	5	9	3	-6.85731	-6.44703	-6.11183	-7.95625
484	7	2	5	2	10	3	6	-32.1445	-27.138	-27.986	-28.9102
485	1	2	3	4	5	9	3	-4.63449	-2.5023	-3.68721	-4.82533
486	33	39	30	82	104	173	68	-5.38805	-3.99131	-7.10156	-7.63303
487	4	7	10	4	42	7	1	-6.56745	-8.64215	-5.67035	-4.65361
488	2	1	12	88	2	1	5	-3.95359	-3.43695	-6.08303	-5.32815
489	2	4	1	2	2	1	5	-2.78562	-3.65099	-4.18113	-4.08388
490	2	1	21	3	2	1	5	-2.93725	-2.49637	-4.60944	-4.49306
491	9	2	4	62	4	5	6	-3.72427	-5.20393	-5.76743	-6.56331
492	2	1	5	3	2	3	5	-4.2351	-3.25967	-5.86922	-4.79258
493	4	7	10	4	1	7	1	-1.83246	-3.77081	-2.67695	-1.92303
494	2	1	57	26	127	29	35	-6.90099	-9.93249	-6.14613	-8.02388
495	2	1	57	26	127	29	35	-6.90099	-9.93249	-6.14613	-8.02388
496	2	4	2	4	19	3	6	-5.80684	-9.08804	-9.12823	-8.92762
497	2	1	12	3	2	1	5	-2.63005	-2.12379	-3.73199	-4.71511
498	2	4	1	2	2	1	5	-2.78562	-3.65099	-4.18113	-4.08388
499	2	4	1	2	2	1	5	-2.78562	-3.65099	-4.18113	-4.08388
500	2	1	21	3	2	1	5	-2.93725	-2.49637	-4.60944	-4.49306
501	33	39	65	79	104	43	17	-4.6059	-7.89357	-7.93436	-7.73415
502	1	14	2	2	6	1	17	-9.08587	-6.4502	-8.13587	-6.32904
503	2	1	12	3	2	1	5	-2.63005	-2.12379	-3.73199	-4.71511
504	7	21	5	62	4	61	44	-7.30127	-3.84531	-5.84656	-7.3548
505	9	2	4	62	4	5	6	-3.72427	-5.20393	-5.76743	-6.56331
506	129	66	30	82	189	47	17	-3.252	-4.86302	-5.6674	-4.14706
507	2	1	21	3	2	1	5	-2.93725	-2.49637	-4.60944	-4.49306
508	47	2	4	2	6	5	17	-12.277	-11.4392	-6.16683	-8.18145
509	2	4	1	2	7	1	5	-2.3163	-5.5878	-5.57611	-5.10026
510	33	38	30	82	104	325	36	-13.1044	-10.746	-12.4924	-13.1535
511	1	4	2	2	6	3	17	-4.63345	-2.46117	-4.84742	-5.5091
512	1	4	2	2	6	3	17	-4.63345	-2.46117	-4.84742	-5.5091
513	2	4	1	2	2	1	5	-2.78562	-3.65099	-4.18113	-4.08388
514	4	7	10	4	1	7	1	-1.83246	-3.77081	-2.67695	-1.92303
515	33	283	44	82	189	44	17	-6.8808	-3.48504	-5.66698	-5.97247
516	8	10	149	2	11	12	6	-4.88204	-3.98411	-5.80269	-7.01867
517	2	1	21	3	62	1	5	-5.80483	-9.07366	-9.12565	-8.92932
518	10	1	16	19	10	5	7	-6.15796	-2.76061	-4.32116	-5.12128
519	180	194	2	68	19	231	147	-21.0873	-29.8907	-22.2019	-21.3618
520	2	4	1	2	7	1	5	-2.3163	-5.5878	-5.57611	-5.10026
521	2	4	2	2	6	1	5	-6.09461	-4.84427	-6.00373	-7.60243
522	1	2	3	4	5	9	3	-4.63449	-2.5023	-3.68721	-4.82533
523	2	1	21	3	2	1	5	-2.93725	-2.49637	-4.60944	-4.49306
524	2	1	12	3	2	1	5	-2.63005	-2.12379	-3.73199	-4.71511
525	2	1	5	3	2	3	5	-4.2351	-3.25967	-5.86922	-4.79258
526	1	307	3	4	5	9	3	-6.85731	-6.44703	-6.11183	-7.95625
527	2	4	1	2	7	1	5	-2.3163	-5.5878	-5.57611	-5.10026
528	2	1	12	3	2	1	5	-2.63005	-2.12379	-3.73199	-4.71511
529	7	21	5	62	4	61	44	-7.30127	-3.84531	-5.84656	-7.3548
530	2	1	5	3	2	3	5	-4.2351	-3.25967	-5.86922	-4.79258
531	2	1	12	88	2	1	5	-3.95359	-3.43695	-6.08303	-5.32815
532	2	1	21	3	2	1	5	-2.93725	-2.49637	-4.60944	-4.49306
533	1	4	2	2	6	3	17	-4.63345	-2.46117	-4.84742	-5.5091
534	2	4	1	2	7	1	5	-2.3163	-5.5878	-5.57611	-5.10026
535	47	2	4	2	6	5	17	-12.277	-11.4392	-6.16683	-8.18145
536	1	4	2	2	6	3	17	-4.63345	-2.46117	-4.84742	-5.5091
537	1	2	3	4	5	9	3	-4.63449	-2.5023	-3.68721	-4.82533
538	2	4	1	2	2	1	5	-2.78562	-3.65099	-4.18113	-4.08388
539	4	7	10	4	42	7	1	-6.56745	-8.64215	-5.67035	-4.65361
540	2	4	1	9	2	1	5	-5.92791	-7.91063	-6.89468	-6.66883
541	2	1	12	3	2	1	5	-2.63005	-2.12379	-3.73199	-4.71511
542	1	4	2	9	6	3	17	-7.77736	-6.67134	-7.54183	-8.07774
543	1	2	3	4	922	9	3	-7.79205	-6.7641	-6.40276	-7.41239
544	4	7	10	4	1	7	1	-1.83246	-3.77081	-2.67695	-1.92303
545	2	1	5	3	2	3	5	-4.2351	-3.25967	-5.86922	-4.79258
546	2	4	1	2	7	1	5	-2.3163	-5.5878	-5.57611	-5.10026
547	4	7	10	4	1	7	1	-1.83246	-3.77081	-2.67695	-1.92303
548	2	4	1	2	2	1	5	-2.78562	-3.65099	-4.18113	-4.08388
549	2	1	21	3	2	1	5	-2.93725	-2.49637	-4.60944	-4.49306
550	4	7	10	4	1	7	1	-1.83246	-3.77081	-2.67695	-1.92303
551	1	4	2	2	6	3	17	-4.63345	-2.46117	-4.84742	-5.5091
552	2	1	5	3	2	5	5	-5.55043	-2.84223	-4.18643	-5.40086
553	2	1	12	3	2	1	5	-2.63005	-2.12379	-3.73199	-4.71511
554	4	936	10	4	1	7	1	-4.98459	-8.02984	-5.36343	-4.51124
555	180	194	2	68	19	231	147	-21.0873	-29.8907	-22.2019	-21.3618
556	4	7	10	4	42	51	1	-2.93543	-4.62045	-4.97543	-3.79967
557	4	7	10	4	42	25	1	-8.49862	-9.39175	-5.86118	-5.16368
558	2	1	21	3	2	1	5	-2.93725	-2.49637	-4.60944	-4.49306
559	2	1	5	3	2	3	5	-4.2351	-3.25967	-5.86922	-4.79258
560	2	1	5	3	2	3	5	-4.2351	-3.25967	-5.86922	-4.79258
561	4	7	10	4	42	51	1	-2.93543	-4.62045	-4.97543	-3.79967
562	4	7	10	4	1	7	1	-1.83246	-3.77081	-2.67695	-1.92303
563	2	4	1	2	7	1	5	-2.3163	-5.5878	-5.57611	-5.10026
564	2	1	21	3	2	1	5	-2.93725	-2.49637	-4.60944	-4.49306
565	1	4	2	2	6	3	17	-4.63345	-2.46117	-4.84742	-5.5091
566	188	313	5	2	89	5	6	-39.8649	-35.7996	-36.3557	-39.8324
567	2	1	21	3	2	1	5	-2.93725	-2.49637	-4.60944	-4.49306
568	2	1	1	3	2	1	5	-4.62425	-3.79363	-6.76155	-7.1668
569	2	1	5	3	2	3	5	-4.2351	-3.25967	-5.86922	-4.79258
570	2	4	1	2	2	1	5	-2.78562	-3.65099	-4.18113	-4.08388
571	2	1	5	3	2	3	5	-4.2351	-3.25967	-5.86922	-4.79258
572	2	1	1	3	2	1	5	-4.62425	-3.79363	-6.76155	-7.1668
573	2	1	5	3	2	3	5	-4.2351	-3.25967	-5.86922	-4.79258
574	1	4	2	2	6	3	17	-4.63345	-2.46117	-4.84742	-5.5091
575	1	4	2	2	6	3	17	-4.63345	-2.46117	-4.84742	-5.5091
576	2	1	21	3	2	1	5	-2.93725	-2.49637	-4.60944	-4.49306
577	239	27	16	19	10	5	7	-9.94757	-6.483	-9.77632	-10.5668
578	2	4	5	2	2	5	5	-3.68162	-6.92788	-6.76982	-5.85201
579	9	2	4	62	4	5	6	-3.72427	-5.20393	-5.76743	-6.56331
580	2	1	1	3	2	1	5	-4.62425	-3.79363	-6.76155	-7.1668
581	2	1	5	3	2	3	5	-4.2351	-3.25967	-5.86922	-4.79258
582	1	4	2	2	6	3	17	-4.63345	-2.46117	-4.84742	-5.5091
583	2	4	5	2	2	5	5	-3.68162	-6.92788	-6.76982	-5.85201
584	2	4	5	2	2	5	5	-3.68162	-6.92788	-6.76982	-5.85201
585	2	1	5	3	2	3	5	-4.2351	-3.25967	-5.86922	-4.79258
586	2	1	1	380	2	1	5	-6.16277	-5.74298	-8.5812	-8.87148
587	2	7	10	4	1	7	1	-6.6563	-8.66193	-7.97129	-7.25339
588	2	1	12	3	2	1	5	-2.63005	-2.12379	-3.73199	-4.71511
589	2	4	1	2	2	1	5	-2.78562	-3.65099	-4.18113	-4.08388
590	9	2	4	62	4	5	6	-3.72427	-5.20393	-5.76743	-6.56331
591	2	4	5	2	2	5	5	-3.68162	-6.92788	-6.76982	-5.85201
592	1	4	2	2	6	3	17	-4.63345	-2.46117	-4.84742	-5.5091
593	1	4	2	2	6	5	17	-13.0453	-8.66793	-11.5993	-13.6087
594	2	4	2	2	6	1	5	-6.09461	-4.84427	-6.00373	-7.60243
595	1	4	2	2	6	5	17	-13.0453	-8.66793	-11.5993	-13.6087
596	2	23	21	3	2	1	5	-6.09555	-6.76304	-7.32692	-7.08161
597	7	21	5	62	4	61	44	-7.30127	-3.84531	-5.84656	-7.3548
598	2	4	1	2	2	1	5	-2.78562	-3.65099	-4.18113	-4.08388
599	1	307	3	4	5	9	3	-6.85731	-6.44703	-6.11183	-7.95625
600	1	2	3	4	5	9	3	-4.63449	-2.5023	-3.68721	-4.82533
601	9	2	4	62	4	5	6	-3.72427	-5.20393	-5.76743	-6.56331
602	2	1	12	3	2	1	5	-2.63005	-2.12379	-3.73199	-4.71511
603	1	4	2	2	6	3	17	-4.63345	-2.46117	-4.84742	-5.5091
604	10	1	16	19	10	5	7	-6.15796	-2.76061	-4.32116	-5.12128
605	2	1	12	3	2	1	5	-2.63005	-2.12379	-3.73199	-4.71511
606	180	194	2	68	19	231	147	-21.0873	-29.8907	-22.2019	-21.3618
607	2	1	12	3	2	1	5	-2.63005	-2.12379	-3.73199	-4.71511
608	4	7	10	4	1	7	1	-1.83246	-3.77081	-2.67695	-1.92303
609	129	66	30	82	189	47	17	-3.252	-4.86302	-5.6674	-4.14706
610	4	7	10	4	1	7	1	-1.83246	-3.77081	-2.67695	-1.92303
611	2	1	12	3	2	1	5	-2.63005	-2.12379	-3.73199	-4.71511
612	2	1	21	3	2	1	5	-2.93725	-2.49637	-4.60944	-4.49306
613	4	7	10	4	1	7	1	-1.83246	-3.77081	-2.67695	-1.92303
614	10	1	16	19	10	5	7	-6.15796	-2.76061	-4.32116	-5.12128
615	8	10	149	2	11	12	6	-4.88204	-3.98411	-5.80269	-7.01867
616	129	66	30	82	189	47	17	-3.252	-4.86302	-5.6674	-4.14706
617	2	4	1	2	2	1	5	-2.78562	-3.65099	-4.18113	-4.08388
618	180	194	2	68	19	231	147	-21.0873	-29.8907	-22.2019	-21.3618
619	2	1	5	3	2	3	5	-4.2351	-3.25967	-5.86922	-4.79258
620	2	4	1	2	2	1	5	-2.78562	-3.65099	-4.18113	-4.08388
621	1	2	3	4	5	9	3	-4.63449	-2.5023	-3.68721	-4.82533
622	180	194	2	68	19	231	147	-21.0873	-29.8907	-22.2019	-21.3618
623	33	39	65	79	104	43	17	-4.6059	-7.89357	-7.93436	-7.73415
624	2	4	5	2	2	5	5	-3.68162	-6.92788	-6.76982	-5.85201
625	2	1	5	3	2	5	5	-5.55043	-2.84223	-4.18643	-5.40086
626	2	1	12	3	2	1	5	-2.63005	-2.12379	-3.73199	-4.71511
627	180	194	2	68	19	231	147	-21.0873	-29.8907	-22.2019	-21.3618
628	2	1	21	3	2	1	5	-2.93725	-2.49637	-4.60944	-4.49306
629	2	1	5	3	2	5	5	-5.55043	-2.84223	-4.18643	-5.40086
630	2	1	21	3	2	1	5	-2.93725	-2.49637	-4.60944	-4.49306
631	1	2	3	4	5	9	3	-4.63449	-2.5023	-3.68721	-4.82533
632	2	1	21	3	2	1	5	-2.93725	-2.49637	-4.60944	-4.49306
633	8	10	2	2	11	12	6	-3.96289	-7.20028	-7.28905	-7.09055
634	2	4	1	2	7	1	5	-2.3163	-5.5878	-5.57611	-5.10026
635	2	1	5	3	2	3	5	-4.2351	-3.25967	-5.86922	-4.79258
636	1	2	3	4	5	9	3	-4.63449	-2.5023	-3.68721	-4.82533
637	9	2	4	62	4	5	6	-3.72427	-5.20393	-5.76743	-6.56331
638	2	1	21	3	2	1	5	-2.93725	-2.49637	-4.60944	-4.49306
639	8	10	149	2	11	12	6	-4.88204	-3.98411	-5.80269	-7.01867
640	2	1	12	88	2	1	5	-3.95359	-3.43695	-6.08303	-5.32815
641	2	4	1	2	2	1	5	-2.78562	-3.65099	-4.18113	-4.08388
642	2	1	5	10	10	1	5	-24.0037	-23.0016	-22.8262	-23.4866
643	1	2	3	4	5	9	3	-4.63449	-2.5023	-3.68721	-4.82533
644	2	4	1	2	7	1	5	-2.3163	-5.5878	-5.57611	-5.10026
645	2	4	1	2	2	1	5	-2.78562	-3.65099	-4.18113	-4.08388
646	1	2	3	4	5	9	3	-4.63449	-2.5023	-3.68721	-4.82533
647	2	1	12	88	2	1	5	-3.95359	-3.43695	-6.08303	-5.32815
648	4	7	10	4	1	7	1	-1.83246	-3.77081	-2.67695	-1.92303
649	2	1	21	3	2	1	5	-2.93725	-2.49637	-4.60944	-4.49306
650	2	4	1	2	7	1	5	-2.3163	-5.5878	-5.57611	-5.10026
651	33	38	30	82	118	43	17	-20.1453	-18.6349	-21.1164	-22.2236
652	2	4	1	2	2	1	5	-2.78562	-3.65099	-4.18113	-4.08388
653	2	1	5	3	2	3	5	-4.2351	-3.25967	-5.86922	-4.79258
654	4	7	10	4	1	7	1	-1.83246	-3.77081	-2.67695	-1.92303
655	8	10	2	2	11	12	6	-3.96289	-7.20028	-7.28905	-7.09055
656	2	4	5	2	2	5	5	-3.68162	-6.92788	-6.76982	-5.85201
657	4	7	10	4	1	7	1	-1.83246	-3.77081	-2.67695	-1.92303
658	2	1	5	3	2	3	5	-4.2351	-3.25967	-5.86922	-4.79258
659	33	39	30	82	113	47	17	-5.77808	-5.75311	-8.41576	-8.60564
660	2	1	21	3	2	1	5	-2.93725	-2.49637	-4.60944	-4.49306
661	2	4	1	2	7	1	5	-2.3163	-5.5878	-5.57611	-5.10026
662	2	1	1	3	2	1	5	-4.62425	-3.79363	-6.76155	-7.1668
663	4	7	10	4	1	7	1	-1.83246	-3.77081	-2.67695	-1.92303
664	7	21	5	62	4	61	44	-7.30127	-3.84531	-5.84656	-7.3548
665	10	81	50	99	120	76	52	-6.68458	-6.40537	-5.30565	-5.13522
666	4	7	10	4	1	7	1	-1.83246	-3.77081	-2.67695	-1.92303
667	1	2	3	4	5	9	3	-4.63449	-2.5023	-3.68721	-4.82533
668	1	2	3	4	5	9	3	-4.63449	-2.5023	-3.68721	-4.82533
669	2	4	1	2	7	1	5	-2.3163	-5.5878	-5.57611	-5.10026
670	4	7	10	4	1	7	1	-1.83246	-3.77081	-2.67695	-1.92303
671	2	1	5	3	2	3	5	-4.2351	-3.25967	-5.86922	-4.79258
672	1	4	2	2	6	3	17	-4.63345	-2.46117	-4.84742	-5.5091
673	4	935	10	4	1	7	1	-4.98459	-8.02984	-5.36343	-4.51124
674	10	1	16	19	10	5	7	-6.15796	-2.76061	-4.32116	-5.12128
675	4	7	10	4	1	7	1	-1.83246	-3.77081	-2.67695	-1.92303
676	33	39	65	79	104	43	17	-4.6059	-7.89357	-7.93436	-7.73415
677	2	4	2	2	6	1	5	-6.09461	-4.84427	-6.00373	-7.60243
678	4	7	10	4	42	25	1	-8.49862	-9.39175	-5.86118	-5.16368
679	1	4	2	2	6	3	17	-4.63345	-2.46117	-4.84742	-5.5091
680	4	7	10	4	42	25	1	-8.49862	-9.39175	-5.86118	-5.16368
681	4	7	10	4	42	25	1	-8.49862	-9.39175	-5.86118	-5.16368
682	4	7	10	4	1	7	1	-1.83246	-3.77081	-2.67695	-1.92303
683	2	4	1	2	7	1	5	-2.3163	-5.5878	-5.57611	-5.10026
684	4	7	10	4	1	7	1	-1.83246	-3.77081	-2.67695	-1.92303
685	4	7	10	4	42	7	1	-6.56745	-8.64215	-5.67035	-4.65361
686	10	27	16	19	10	5	7	-20.4218	-12.7537	-16.536	-17.6523
687	10	81	50	99	120	76	52	-6.68458	-6.40537	-5.30565	-5.13522
688	4	7	10	4	1	7	1	-1.83246	-3.77081	-2.67695	-1.92303
689	4	7	10	4	42	51	1	-2.93543	-4.62045	-4.97543	-3.79967
690	4	7	10	4	1	7	1	-1.83246	-3.77081	-2.67695	-1.92303
691	10	81	50	99	120	76	52	-6.68458	-6.40537	-5.30565	-5.13522
692	2	4	1	2	2	1	5	-2.78562	-3.65099	-4.18113	-4.08388
693	4	7	10	4	42	51	1	-2.93543	-4.62045	-4.97543	-3.79967
694	4	7	10	4	42	51	1	-2.93543	-4.62045	-4.97543	-3.79967
695	4	7	10	4	42	51	1	-2.93543	-4.62045	-4.97543	-3.79967
696	8	10	2	2	11	12	6	-3.96289	-7.20028	-7.28905	-7.09055
697	33	38	30	82	104	43	17	-5.29894	-8.58537	-8.62636	-8.4233
698	4	7	10	4	1	7	1	-1.83246	-3.77081	-2.67695	-1.92303
699	10	81	50	99	120	76	52	-6.68458	-6.40537	-5.30565	-5.13522
700	2	4	1	2	7	1	5	-2.3163	-5.5878	-5.57611	-5.10026
701	4	7	10	4	1	7	1	-1.83246	-3.77081	-2.67695	-1.92303
702	4	7	10	4	1	7	1	-1.83246	-3.77081	-2.67695	-1.92303
703	10	81	50	99	120	76	52	-6.68458	-6.40537	-5.30565	-5.13522
704	4	7	10	4	42	51	1	-2.93543	-4.62045	-4.97543	-3.79967
705	9	2	4	62	4	5	6	-3.72427	-5.20393	-5.76743	-6.56331
706	4	7	10	4	1	7	1	-1.83246	-3.77081	-2.67695	-1.92303
707	2	1	1	3	2	1	5	-4.62425	-3.79363	-6.76155	-7.1668
708	1	14	2	2	6	1	17	-9.08587	-6.4502	-8.13587	-6.32904
709	2	4	2	2	6	1	5	-6.09461	-4.84427	-6.00373	-7.60243
710	2	4	2	2	6	1	5	-6.09461	-4.84427	-6.00373	-7.60243
711	4	7	10	4	42	51	1	-2.93543	-4.62045	-4.97543	-3.79967
712	10	2	107	62	120	76	1	-6.8455	-9.69838	-8.21574	-6.31749
713	2	1	12	3	2	1	5	-2.63005	-2.12379	-3.73199	-4.71511
714	2	4	1	2	2	1	5	-2.78562	-3.65099	-4.18113	-4.08388
715	47	2	4	2	6	5	17	-12.277	-11.4392	-6.16683	-8.18145
716	4	7	10	4	42	5	1	-11.3181	-10.7995	-11.0865	-11.3867
717	2	1	12	3	2	1	5	-2.63005	-2.12379	-3.73199	-4.71511
718	4	7	10	4	42	51	1	-2.93543	-4.62045	-4.97543	-3.79967
719	1	307	3	4	5	9	3	-6.85731	-6.44703	-6.11183	-7.95625
720	2	1	21	3	2	1	5	-2.93725	-2.49637	-4.60944	-4.49306
721	4	7	10	4	1	7	1	-1.83246	-3.77081	-2.67695	-1.92303
722	2	4	1	2	2	1	5	-2.78562	-3.65099	-4.18113	-4.08388
723	2	1	12	3	2	1	5	-2.63005	-2.12379	-3.73199	-4.71511
724	4	7	10	4	1	7	1	-1.83246	-3.77081	-2.67695	-1.92303
725	2	1	21	3	2	1	5	-2.93725	-2.49637	-4.60944	-4.49306
726	2	1	1	3	2	1	5	-4.62425	-3.79363	-6.76155	-7.1668
727	4	7	10	4	1	7	1	-1.83246	-3.77081	-2.67695	-1.92303
728	2	1	12	3	2	1	5	-2.63005	-2.12379	-3.73199	-4.71511
729	1	4	3	2	6	3	17	-14.7387	-9.15657	-11.8544	-14.0236
730	2	1	12	3	2	1	5	-2.63005	-2.12379	-3.73199	-4.71511
731	2	1	12	88	2	1	5	-3.95359	-3.43695	-6.08303	-5.32815
732	1	4	2	2	6	3	17	-4.63345	-2.46117	-4.84742	-5.5091
733	4	7	10	4	42	51	1	-2.93543	-4.62045	-4.97543	-3.79967
734	2	1	12	3	2	1	5	-2.63005	-2.12379	-3.73199	-4.71511
735	4	7	10	4	1	7	1	-1.83246	-3.77081	-2.67695	-1.92303
736	2	1	12	88	2	1	5	-3.95359	-3.43695	-6.08303	-5.32815
737	2	1	21	3	2	1	5	-2.93725	-2.49637	-4.60944	-4.49306
738	2	4	5	2	2	5	5	-3.68162	-6.92788	-6.76982	-5.85201
739	2	4	5	2	2	5	5	-3.68162	-6.92788	-6.76982	-5.85201
740	2	1	21	3	62	1	5	-5.80483	-9.07366	-9.12565	-8.92932
741	4	7	10	4	42	25	1	-8.49862	-9.39175	-5.86118	-5.16368
742	1	2	4	62	4	5	17	-6.10217	-4.8594	-7.93342	-8.43446
743	1	2	3	4	5	9	3	-4.63449	-2.5023	-3.68721	-4.82533
744	8	10	2	2	11	12	6	-3.96289	-7.20028	-7.28905	-7.09055
745	2	1	12	88	2	1	5	-3.95359	-3.43695	-6.08303	-5.32815
746	2	4	5	2	2	5	5	-3.68162	-6.92788	-6.76982	-5.85201
747	2	1	12	3	2	1	5	-2.63005	-2.12379	-3.73199	-4.71511
748	7	21	5	62	4	61	44	-7.30127	-3.84531	-5.84656	-7.3548
749	9	2	4	62	4	5	6	-3.72427	-5.20393	-5.76743	-6.56331
750	10	1	16	19	10	5	7	-6.15796	-2.76061	-4.32116	-5.12128
751	10	1	16	19	10	5	7	-6.15796	-2.76061	-4.32116	-5.12128
752	8	10	2	2	11	12	6	-3.96289	-7.20028	-7.28905	-7.09055
753	1	4	2	2	6	3	17	-4.63345	-2.46117	-4.84742	-5.5091
754	2	1	12	3	2	1	5	-2.63005	-2.12379	-3.73199	-4.71511
755	2	1	12	88	2	1	5	-3.95359	-3.43695	-6.08303	-5.32815
756	2	29	4	27	10	25	57	-19.78	-20.9192	-14.7314	-12.1386
757	2	1	5	3	2	3	5	-4.2351	-3.25967	-5.86922	-4.79258
758	2	1	12	3	2	1	5	-2.63005	-2.12379	-3.73199	-4.71511
759	37	52	57	26	107	29	23	-8.2374	-9.14425	-5.79741	-4.9077
760	2	4	1	2	7	1	5	-2.3163	-5.5878	-5.57611	-5.10026
761	1	2	3	4	5	9	3	-4.63449	-2.5023	-3.68721	-4.82533
762	2	1	12	3	2	1	5	-2.63005	-2.12379	-3.73199	-4.71511
763	1	4	2	2	6	3	17	-4.63345	-2.46117	-4.84742	-5.5091
764	1	4	2	2	6	3	17	-4.63345	-2.46117	-4.84742	-5.5091
765	1	2	3	4	5	9	3	-4.63449	-2.5023	-3.68721	-4.82533
766	4	7	10	4	1	7	1	-1.83246	-3.77081	-2.67695	-1.92303
767	2	1	21	3	2	1	5	-2.93725	-2.49637	-4.60944	-4.49306
768	2	1	12	3	2	1	5	-2.63005	-2.12379	-3.73199	-4.71511
769	2	4	1	2	2	5	5	-6.82746	-6.40769	-9.09422	-9.47685
770	2	4	1	2	2	1	5	-2.78562	-3.65099	-4.18113	-4.08388
771	2	4	5	2	2	5	5	-3.68162	-6.92788	-6.76982	-5.85201
772	10	1	16	19	10	5	7	-6.15796	-2.76061	-4.32116	-5.12128
773	7	21	5	62	4	61	44	-7.30127	-3.84531	-5.84656	-7.3548
774	9	2	4	62	4	5	6	-3.72427	-5.20393	-5.76743	-6.56331
775	2	1	12	3	2	1	5	-2.63005	-2.12379	-3.73199	-4.71511
776	1	4	2	2	6	3	17	-4.63345	-2.46117	-4.84742	-5.5091
777	4	7	10	4	1	7	1	-1.83246	-3.77081	-2.67695	-1.92303
778	2	1	12	3	2	1	5	-2.63005	-2.12379	-3.73199	-4.71511
779	2	1	5	3	2	5	5	-5.55043	-2.84223	-4.18643	-5.40086
780	2	23	21	3	2	1	5	-6.09555	-6.76304	-7.32692	-7.08161
781	2	4	5	2	2	5	5	-3.68162	-6.92788	-6.76982	-5.85201
782	2	4	2	2	6	1	5	-6.09461	-4.84427	-6.00373	-7.60243
783	2	1	12	3	2	1	5	-2.63005	-2.12379	-3.73199	-4.71511
784	4	7	10	4	42	51	1	-2.93543	-4.62045	-4.97543	-3.79967
785	7	17	5	2	86	232	1	-27.6705	-32.3741	-27.3553	-25.7286
786	2	4	1	2	2	1	5	-2.78562	-3.65099	-4.18113	-4.08388
787	2	1	12	3	2	1	5	-2.63005	-2.12379	-3.73199	-4.71511
788	2	1	21	3	2	1	5	-2.93725	-2.49637	-4.60944	-4.49306
789	7	17	2	15	23	3	12	-6.90907	-10.1964	-10.2379	-10.0367
790	2	1	5	3	2	5	5	-5.55043	-2.84223	-4.18643	-5.40086
791	1	6	60	24	12	28	1	-26.5166	-31.9137	-19.3999	-19.3656
792	1	2	3	4	5	9	3	-4.63449	-2.5023	-3.68721	-4.82533
793	2	4	5	2	2	5	5	-3.68162	-6.92788	-6.76982	-5.85201
794	1	2	3	4	5	9	3	-4.63449	-2.5023	-3.68721	-4.82533
795	1	6	60	24	12	28	1	-26.5166	-31.9137	-19.3999	-19.3656
796	9	2	4	62	4	5	6	-3.72427	-5.20393	-5.76743	-6.56331
797	2	4	1	2	2	1	5	-2.78562	-3.65099	-4.18113	-4.08388
798	4	7	10	4	1	7	1	-1.83246	-3.77081	-2.67695	-1.92303
799	2	4	5	2	2	5	5	-3.68162	-6.92788	-6.76982	-5.85201
800	7	2	2	2	11	12	6	-4.50949	-7.79571	-7.83665	-7.63694
801	2	1	21	3	2	1	941	-6.0954	-6.74393	-7.32121	-7.07901
802	9	2	2	10	10	3	5	-30.6053	-24.8567	-25.7568	-25.6285
803	8	10	149	2	11	12	6	-4.88204	-3.98411	-5.80269	-7.01867
804	7	1	5	2	10	3	6	-33.1384	-28.7434	-29.6322	-29.2335
805	2	1	21	3	2	1	5	-2.93725	-2.49637	-4.60944	-4.49306
806	33	39	30	82	113	43	17	-9.78412	-6.47248	-6.1443	-8.09563
807	1	6	60	24	12	28	1	-26.5166	-31.9137	-19.3999	-19.3656
808	1	6	60	24	12	28	1	-26.5166	-31.9137	-19.3999	-19.3656
809	7	17	2	15	23	3	12	-6.90907	-10.1964	-10.2379	-10.0367
810	1	4	2	2	6	3	17	-4.63345	-2.46117	-4.84742	-5.5091
811	1	4	2	2	6	3	17	-4.63345	-2.46117	-4.84742	-5.5091
812	7	21	5	62	4	61	44	-7.30127	-3.84531	-5.84656	-7.3548
813	239	27	16	19	10	5	7	-9.94757	-6.483	-9.77632	-10.5668
814	9	2	4	62	4	5	6	-3.72427	-5.20393	-5.76743	-6.56331
815	10	1	16	19	10	5	7	-6.15796	-2.76061	-4.32116	-5.12128
816	2	1	5	3	2	5	5	-5.55043	-2.84223	-4.18643	-5.40086
817	2	4	5	2	2	5	5	-3.68162	-6.92788	-6.76982	-5.85201
818	8	10	2	2	11	12	6	-3.96289	-7.20028	-7.28905	-7.09055
819	7	17	2	15	23	3	12	-6.90907	-10.1964	-10.2379	-10.0367
820	2	4	1	4	1	1	5	-16.0865	-17.7436	-15.2818	-15.1223
821	4	7	10	4	1	7	1	-1.83246	-3.77081	-2.67695	-1.92303
822	8	10	149	2	11	12	6	-4.88204	-3.98411	-5.80269	-7.01867
823	2	1	12	88	2	1	5	-3.95359	-3.43695	-6.08303	-5.32815
824	2	4	2	2	6	1	5	-6.09461	-4.84427	-6.00373	-7.60243
825	10	81	50	99	120	76	52	-6.68458	-6.40537	-5.30565	-5.13522
826	2	4	5	2	2	5	5	-3.68162	-6.92788	-6.76982	-5.85201
827	2	4	1	2	2	5	5	-6.82746	-6.40769	-9.09422	-9.47685
828	8	10	149	2	11	12	6	-4.88204	-3.98411	-5.80269	-7.01867
829	1	4	2	2	6	3	17	-4.63345	-2.46117	-4.84742	-5.5091
830	2	165	73	147	220	190	104	-8.54139	-9.53142	-7.26165	-5.24422
831	4	7	10	4	42	25	1	-8.49862	-9.39175	-5.86118	-5.16368
832	7	2	2	2	11	12	6	-4.50949	-7.79571	-7.83665	-7.63694
833	1	6	60	24	12	28	1	-26.5166	-31.9137	-19.3999	-19.3656
834	2	1	12	3	2	1	5	-2.63005	-2.12379	-3.73199	-4.71511
835	33	39	65	79	104	77	17	-5.29889	-8.58597	-8.62767	-8.42719
836	4	7	10	4	1	7	1	-1.83246	-3.77081	-2.67695	-1.92303
837	1	2	3	4	5	9	3	-4.63449	-2.5023	-3.68721	-4.82533
838	2	1	21	3	2	1	5	-2.93725	-2.49637	-4.60944	-4.49306
839	2	1	12	3	2	1	5	-2.63005	-2.12379	-3.73199	-4.71511
840	4	7	10	4	1	7	1	-1.83246	-3.77081	-2.67695	-1.92303
841	2	4	1	2	7	1	5	-2.3163	-5.5878	-5.57611	-5.10026
842	184	39	30	82	113	43	17	-3.96135	-6.10219	-7.21203	-7.06128
843	4	7	10	4	1	7	1	-1.83246	-3.77081	-2.67695	-1.92303
844	2	4	1	2	2	1	5	-2.78562	-3.65099	-4.18113	-4.08388
845	4	7	10	4	1	7	1	-1.83246	-3.77081	-2.67695	-1.92303
846	2	1	12	88	2	1	5	-3.95359	-3.43695	-6.08303	-5.32815
847	2	1	21	3	2	1	5	-2.93725	-2.49637	-4.60944	-4.49306
848	1	2	3	4	5	9	3	-4.63449	-2.5023	-3.68721	-4.82533
849	4	7	10	4	1	7	1	-1.83246	-3.77081	-2.67695	-1.92303
850	2	1	21	3	2	1	5	-2.93725	-2.49637	-4.60944	-4.49306
851	8	10	2	2	11	12	6	-3.96289	-7.20028	-7.28905	-7.09055
852	2	4	1	2	2	1	5	-2.78562	-3.65099	-4.18113	-4.08388
853	2	4	1	2	2	1	5	-2.78562	-3.65099	-4.18113	-4.08388
854	2	4	2	2	6	1	5	-6.09461	-4.84427	-6.00373	-7.60243
855	2	4	1	2	2	1	5	-2.78562	-3.65099	-4.18113	-4.08388
856	2	4	1	2	2	1	5	-2.78562	-3.65099	-4.18113	-4.08388
857	2	4	1	2	2	1	5	-2.78562	-3.65099	-4.18113	-4.08388
858	1	2	3	4	5	9	3	-4.63449	-2.5023	-3.68721	-4.82533
859	2	4	1	2	2	1	5	-2.78562	-3.65099	-4.18113	-4.08388
860	2	4	1	2	2	1	5	-2.78562	-3.65099	-4.18113	-4.08388
861	8	10	2	2	11	12	6	-3.96289	-7.20028	-7.28905	-7.09055
862	2	1	5	3	2	3	5	-4.2351	-3.25967	-5.86922	-4.79258
863	33	39	30	82	104	173	68	-5.38805	-3.99131	-7.10156	-7.63303
864	2	4	1	2	7	1	5	-2.3163	-5.5878	-5.57611	-5.10026
865	8	10	2	2	11	12	6	-3.96289	-7.20028	-7.28905	-7.09055
866	2	4	1	2	7	1	5	-2.3163	-5.5878	-5.57611	-5.10026
867	1	2	3	4	5	9	3	-4.63449	-2.5023	-3.68721	-4.82533
868	1	2	215	4	90	24	8	-27.5418	-28.3859	-21.8042	-20.8688
869	2	1	1	3	2	1	5	-4.62425	-3.79363	-6.76155	-7.1668
870	10	81	50	99	120	76	52	-6.68458	-6.40537	-5.30565	-5.13522
871	2	4	1	2	7	1	5	-2.3163	-5.5878	-5.57611	-5.10026
872	2	1	12	3	2	1	5	-2.63005	-2.12379	-3.73199	-4.71511
873	2	4	1	2	2	1	5	-2.78562	-3.65099	-4.18113	-4.08388
874	2	4	1	2	2	1	5	-2.78562	-3.65099	-4.18113	-4.08388
875	2	4	1	2	2	1	5	-2.78562	-3.65099	-4.18113	-4.08388
876	2	1	5	3	2	3	5	-4.2351	-3.25967	-5.86922	-4.79258
877	2	4	1	2	2	1	5	-2.78562	-3.65099	-4.18113	-4.08388
878	4	7	10	4	1	7	1	-1.83246	-3.77081	-2.67695	-1.92303
879	2	4	1	2	7	1	5	-2.3163	-5.5878	-5.57611	-5.10026
880	2	4	5	2	2	5	5	-3.68162	-6.92788	-6.76982	-5.85201
881	2	4	1	2	2	1	5	-2.78562	-3.65099	-4.18113	-4.08388
882	8	10	2	2	11	12	6	-3.96289	-7.20028	-7.28905	-7.09055
883	4	7	10	4	1	7	1	-1.83246	-3.77081	-2.67695	-1.92303
884	2	4	1	2	2	1	5	-2.78562	-3.65099	-4.18113	-4.08388
885	166	2	1	10	17	3	1	-33.5786	-35.8508	-30.919	-29.7466
886	2	4	1	2	7	1	5	-2.3163	-5.5878	-5.57611	-5.10026
887	2	4	1	2	2	1	5	-2.78562	-3.65099	-4.18113	-4.08388
888	4	7	10	4	1	7	1	-1.83246	-3.77081	-2.67695	-1.92303
889	4	7	10	4	1	7	1	-1.83246	-3.77081	-2.67695	-1.92303
890	2	4	1	2	7	1	5	-2.3163	-5.5878	-5.57611	-5.10026
891	2	4	1	2	2	1	5	-2.78562	-3.65099	-4.18113	-4.08388
892	2	1	5	3	2	3	5	-4.2351	-3.25967	-5.86922	-4.79258
893	9	25	2	10	22	3	6	-4.47007	-7.45117	-6.20084	-4.36063
894	2	1	21	3	62	1	5	-5.80483	-9.07366	-9.12565	-8.92932
895	129	66	30	82	189	47	17	-3.252	-4.86302	-5.6674	-4.14706
896	129	66	30	82	189	47	17	-3.252	-4.86302	-5.6674	-4.14706
897	4	7	10	4	1	7	1	-1.83246	-3.77081	-2.67695	-1.92303
898	2	4	1	2	2	1	5	-2.78562	-3.65099	-4.18113	-4.08388
899	4	7	10	4	42	7	1	-6.56745	-8.64215	-5.67035	-4.65361
900	2	4	1	2	7	1	5	-2.3163	-5.5878	-5.57611	-5.10026
901	1	307	3	4	5	9	3	-6.85731	-6.44703	-6.11183	-7.95625
902	2	1	21	3	2	1	5	-2.93725	-2.49637	-4.60944	-4.49306
903	4	7	10	4	1	7	1	-1.83246	-3.77081	-2.67695	-1.92303
904	2	1	21	3	2	1	5	-2.93725	-2.49637	-4.60944	-4.49306
905	2	4	1	2	2	5	5	-6.82746	-6.40769	-9.09422	-9.47685
906	2	4	1	2	7	1	5	-2.3163	-5.5878	-5.57611	-5.10026
907	2	4	1	2	7	1	5	-2.3163	-5.5878	-5.57611	-5.10026
908	2	4	1	2	7	1	5	-2.3163	-5.5878	-5.57611	-5.10026
909	4	7	10	4	1	7	1	-1.83246	-3.77081	-2.67695	-1.92303
910	8	10	2	2	11	12	6	-3.96289	-7.20028	-7.28905	-7.09055
911	7	21	5	62	4	61	44	-7.30127	-3.84531	-5.84656	-7.3548
912	2	1	12	88	2	1	5	-3.95359	-3.43695	-6.08303	-5.32815
913	2	4	1	2	2	1	5	-2.78562	-3.65099	-4.18113	-4.08388
914	1	2	3	4	5	9	3	-4.63449	-2.5023	-3.68721	-4.82533
915	2	4	1	2	7	1	5	-2.3163	-5.5878	-5.57611	-5.10026
916	2	4	1	2	2	1	5	-2.78562	-3.65099	-4.18113	-4.08388
917	2	4	1	2	2	1	5	-2.78562	-3.65099	-4.18113	-4.08388
918	2	4	1	2	7	1	5	-2.3163	-5.5878	-5.57611	-5.10026
919	4	7	10	4	1	7	1	-1.83246	-3.77081	-2.67695	-1.92303
920	2	1	5	3	2	3	5	-4.2351	-3.25967	-5.86922	-4.79258
921	2	4	1	2	7	1	5	-2.3163	-5.5878	-5.57611	-5.10026
922	2	4	1	2	2	1	5	-2.78562	-3.65099	-4.18113	-4.08388
923	8	10	2	2	11	12	6	-3.96289	-7.20028	-7.28905	-7.09055
924	2	1	12	3	2	1	5	-2.63005	-2.12379	-3.73199	-4.71511
925	48	7	10	4	183	7	1	-8.05679	-12.2008	-8.05526	-7.03654
926	7	21	5	62	4	61	44	-7.30127	-3.84531	-5.84656	-7.3548
927	4	7	10	4	1	7	1	-1.83246	-3.77081	-2.67695	-1.92303
928	9	25	2	10	22	3	6	-4.47007	-7.45117	-6.20084	-4.36063
929	2	4	1	2	2	1	5	-2.78562	-3.65099	-4.18113	-4.08388
930	2	4	1	2	7	1	5	-2.3163	-5.5878	-5.57611	-5.10026
931	2	4	1	2	2	1	5	-2.78562	-3.65099	-4.18113	-4.08388
932	2	4	1	2	2	1	5	-2.78562	-3.65099	-4.18113	-4.08388
933	9	25	2	10	22	3	6	-4.47007	-7.45117	-6.20084	-4.36063
934	2	4	1	2	2	1	5	-2.78562	-3.65099	-4.18113	-4.08388
935	2	4	1	2	2	1	5	-2.78562	-3.65099	-4.18113	-4.08388
936	2	4	1	2	7	1	5	-2.3163	-5.5878	-5.57611	-5.10026
937	2	4	1	2	7	1	5	-2.3163	-5.5878	-5.57611	-5.10026
938	2	4	1	2	2	1	5	-2.78562	-3.65099	-4.18113	-4.08388
939	2	4	1	2	2	1	5	-2.78562	-3.65099	-4.18113	-4.08388
940	4	7	10	4	1	7	1	-1.83246	-3.77081	-2.67695	-1.92303
941	2	4	1	2	2	1	5	-2.78562	-3.65099	-4.18113	-4.08388
942	4	7	10	4	1	7	1	-1.83246	-3.77081	-2.67695	-1.92303
943	2	4	1	2	7	1	5	-2.3163	-5.5878	-5.57611	-5.10026
944	2	4	1	2	2	1	5	-2.78562	-3.65099	-4.18113	-4.08388
945	4	7	10	4	1	7	1	-1.83246	-3.77081	-2.67695	-1.92303
946	9	25	2	10	22	3	6	-4.47007	-7.45117	-6.20084	-4.36063
947	10	81	50	99	120	76	52	-6.68458	-6.40537	-5.30565	-5.13522
948	2	1	21	3	2	1	5	-2.93725	-2.49637	-4.60944	-4.49306
949	4	7	10	4	1	7	1	-1.83246	-3.77081	-2.67695	-1.92303
950	2	4	1	2	7	1	5	-2.3163	-5.5878	-5.57611	-5.10026
951	4	7	10	4	1	7	1	-1.83246	-3.77081	-2.67695	-1.92303
952	4	7	10	4	1	7	1	-1.83246	-3.77081	-2.67695	-1.92303
953	8	315	2	2	11	12	6	-7.12045	-11.461	-10.0037	-9.67723
954	8	10	2	2	11	12	6	-3.96289	-7.20028	-7.28905	-7.09055
955	2	4	1	2	2	1	5	-2.78562	-3.65099	-4.18113	-4.08388
956	4	7	10	4	1	7	1	-1.83246	-3.77081	-2.67695	-1.92303
957	2	4	1	2	2	1	5	-2.78562	-3.65099	-4.18113	-4.08388
958	2	4	1	2	2	1	5	-2.78562	-3.65099	-4.18113	-4.08388
959	2	4	1	2	2	1	5	-2.78562	-3.65099	-4.18113	-4.08388
960	2	4	1	2	7	1	5	-2.3163	-5.5878	-5.57611	-5.10026
961	2	4	1	2	2	1	5	-2.78562	-3.65099	-4.18113	-4.08388
962	2	4	1	2	2	1	5	-2.78562	-3.65099	-4.18113	-4.08388
963	2	1	21	3	2	1	5	-2.93725	-2.49637	-4.60944	-4.49306
964	2	4	1	2	2	1	5	-2.78562	-3.65099	-4.18113	-4.08388
965	1	4	2	2	2	3	17	-11.4363	-7.61916	-10.7716	-12.1718
966	2	4	1	2	2	1	5	-2.78562	-3.65099	-4.18113	-4.08388
967	2	4	1	2	2	1	5	-2.78562	-3.65099	-4.18113	-4.08388
968	7	21	5	62	4	61	44	-7.30127	-3.84531	-5.84656	-7.3548
969	2	4	1	2	2	1	5	-2.78562	-3.65099	-4.18113	-4.08388
970	4	7	10	4	1	7	1	-1.83246	-3.77081	-2.67695	-1.92303
971	2	4	1	2	2	1	5	-2.78562	-3.65099	-4.18113	-4.08388
972	10	1	16	19	10	5	7	-6.15796	-2.76061	-4.32116	-5.12128
973	8	10	2	2	11	12	6	-3.96289	-7.20028	-7.28905	-7.09055
974	4	7	10	4	1	7	1	-1.83246	-3.77081	-2.67695	-1.92303
975	2	4	2	2	6	1	5	-6.09461	-4.84427	-6.00373	-7.60243
976	2	4	1	2	2	1	5	-2.78562	-3.65099	-4.18113	-4.08388
977	2	4	1	2	2	1	5	-2.78562	-3.65099	-4.18113	-4.08388
978	2	1	12	3	2	1	5	-2.63005	-2.12379	-3.73199	-4.71511
979	2	1	21	3	2	1	5	-2.93725	-2.49637	-4.60944	-4.49306
980	1	4	2	2	6	3	17	-4.63345	-2.46117	-4.84742	-5.5091
981	9	2	4	62	4	5	6	-3.72427	-5.20393	-5.76743	-6.56331
982	9	2	4	62	4	5	6	-3.72427	-5.20393	-5.76743	-6.56331
983	2	4	1	2	2	1	5	-2.78562	-3.65099	-4.18113	-4.08388
984	9	25	2	10	22	3	6	-4.47007	-7.45117	-6.20084	-4.36063
985	2	1	12	3	2	1	5	-2.63005	-2.12379	-3.73199	-4.71511
986	2	4	1	2	2	1	5	-2.78562	-3.65099	-4.18113	-4.08388
987	2	4	1	2	2	1	5	-2.78562	-3.65099	-4.18113	-4.08388
988	2	4	1	2	2	1	5	-2.78562	-3.65099	-4.18113	-4.08388
989	1	4	2	2	6	3	17	-4.63345	-2.46117	-4.84742	-5.5091
990	1	4	2	2	6	3	17	-4.63345	-2.46117	-4.84742	-5.5091
991	9	25	2	10	22	3	6	-4.47007	-7.45117	-6.20084	-4.36063
992	1	4	2	2	6	3	17	-4.63345	-2.46117	-4.84742	-5.5091
993	2	4	1	2	2	1	5	-2.78562	-3.65099	-4.18113	-4.08388
994	2	4	1	2	2	1	5	-2.78562	-3.65099	-4.18113	-4.08388
995	8	10	2	2	11	12	6	-3.96289	-7.20028	-7.28905	-7.09055
996	2	4	1	2	2	1	5	-2.78562	-3.65099	-4.18113	-4.08388
997	2	1	5	3	2	5	5	-5.55043	-2.84223	-4.18643	-5.40086
998	8	10	2	2	11	12	6	-3.96289	-7.20028	-7.28905	-7.09055
999	2	4	1	2	2	1	5	-2.78562	-3.65099	-4.18113	-4.08388
1000	2	4	1	2	2	1	5	-2.78562	-3.65099	-4.18113	-4.08388
1001	2	1	21	3	2	1	5	-2.93725	-2.49637	-4.60944	-4.49306
1002	1	2	4	62	4	5	17	-6.10217	-4.8594	-7.93342	-8.43446
1003	2	1	12	3	2	1	5	-2.63005	-2.12379	-3.73199	-4.71511
1004	2	4	1	2	7	1	5	-2.3163	-5.5878	-5.57611	-5.10026
1005	1	307	3	4	5	9	3	-6.85731	-6.44703	-6.11183	-7.95625
1006	2	4	2	4	19	3	6	-5.80684	-9.08804	-9.12823	-8.92762
1007	2	4	1	2	2	1	5	-2.78562	-3.65099	-4.18113	-4.08388
1008	1	4	2	2	6	3	17	-4.63345	-2.46117	-4.84742	-5.5091
1009	9	25	2	10	22	3	6	-4.47007	-7.45117	-6.20084	-4.36063
1010	4	7	10	4	1	7	1	-1.83246	-3.77081	-2.67695	-1.92303
1011	2	4	1	2	2	1	5	-2.78562	-3.65099	-4.18113	-4.08388
1012	10	1	16	19	10	5	7	-6.15796	-2.76061	-4.32116	-5.12128
1013	2	1	21	3	2	1	5	-2.93725	-2.49637	-4.60944	-4.49306
1014	4	7	10	4	1	7	1	-1.83246	-3.77081	-2.67695	-1.92303
1015	2	4	1	2	2	1	5	-2.78562	-3.65099	-4.18113	-4.08388
1016	1	2	3	4	5	9	3	-4.63449	-2.5023	-3.68721	-4.82533
1017	9	316	4	62	4	5	6	-6.86179	-6.46053	-9.28594	-9.5713
1018	9	25	2	10	22	3	6	-4.47007	-7.45117	-6.20084	-4.36063
1019	1	307	3	4	5	9	3	-6.85731	-6.44703	-6.11183	-7.95625
1020	2	4	1	2	2	1	5	-2.78562	-3.65099	-4.18113	-4.08388
1021	9	25	2	10	22	3	6	-4.47007	-7.45117	-6.20084	-4.36063
1022	2	4	1	2	2	1	5	-2.78562	-3.65099	-4.18113	-4.08388
1023	2	1	12	3	2	1	5	-2.63005	-2.12379	-3.73199	-4.71511
1024	2	1	5	3	2	5	5	-5.55043	-2.84223	-4.18643	-5.40086
1025	2	4	1	2	2	1	5	-2.78562	-3.65099	-4.18113	-4.08388
1026	2	1	12	3	2	1	5	-2.63005	-2.12379	-3.73199	-4.71511
1027	2	1	12	3	2	1	5	-2.63005	-2.12379	-3.73199	-4.71511
1028	10	1	16	19	10	5	7	-6.15796	-2.76061	-4.32116	-5.12128
1029	4	7	10	4	1	7	1	-1.83246	-3.77081	-2.67695	-1.92303
1030	2	4	1	2	2	1	5	-2.78562	-3.65099	-4.18113	-4.08388
1031	2	1	12	88	2	1	5	-3.95359	-3.43695	-6.08303	-5.32815
1032	2	1	21	3	2	1	5	-2.93725	-2.49637	-4.60944	-4.49306
1033	1	2	3	4	5	9	3	-4.63449	-2.5023	-3.68721	-4.82533
1034	8	10	2	2	11	12	6	-3.96289	-7.20028	-7.28905	-7.09055
1035	2	1	12	88	2	1	5	-3.95359	-3.43695	-6.08303	-5.32815
1036	33	39	30	82	104	173	68	-5.38805	-3.99131	-7.10156	-7.63303
1037	1	2	3	4	5	9	3	-4.63449	-2.5023	-3.68721	-4.82533
1038	9	25	2	10	22	3	6	-4.47007	-7.45117	-6.20084	-4.36063
1039	2	4	1	2	2	1	5	-2.78562	-3.65099	-4.18113	-4.08388
1040	8	10	2	2	11	12	6	-3.96289	-7.20028	-7.28905	-7.09055
1041	1	2	4	62	4	5	17	-6.10217	-4.8594	-7.93342	-8.43446
1042	10	1	16	19	10	5	7	-6.15796	-2.76061	-4.32116	-5.12128
1043	33	39	30	82	104	173	68	-5.38805	-3.99131	-7.10156	-7.63303
1044	2	4	1	2	2	1	5	-2.78562	-3.65099	-4.18113	-4.08388
1045	8	10	2	2	11	12	6	-3.96289	-7.20028	-7.28905	-7.09055
1046	2	1	5	3	2	5	5	-5.55043	-2.84223	-4.18643	-5.40086
1047	47	2	4	2	6	5	17	-12.277	-11.4392	-6.16683	-8.18145
1048	1	2	3	4	5	9	3	-4.63449	-2.5023	-3.68721	-4.82533
1049	4	7	10	4	1	7	1	-1.83246	-3.77081	-2.67695	-1.92303
1050	2	1	5	3	2	3	5	-4.2351	-3.25967	-5.86922	-4.79258
1051	2	4	2	2	6	1	5	-6.09461	-4.84427	-6.00373	-7.60243
1052	2	4	1	2	2	1	5	-2.78562	-3.65099	-4.18113	-4.08388
1053	8	10	149	2	11	12	6	-4.88204	-3.98411	-5.80269	-7.01867
1054	9	25	2	10	22	3	6	-4.47007	-7.45117	-6.20084	-4.36063
1055	2	4	1	2	2	1	5	-2.78562	-3.65099	-4.18113	-4.08388
1056	1	2	3	4	5	9	3	-4.63449	-2.5023	-3.68721	-4.82533
1057	2	1	12	3	2	1	5	-2.63005	-2.12379	-3.73199	-4.71511
1058	4	7	10	4	42	51	1	-2.93543	-4.62045	-4.97543	-3.79967
1059	2	4	1	2	2	1	5	-2.78562	-3.65099	-4.18113	-4.08388
1060	2	1	1	3	2	1	5	-4.62425	-3.79363	-6.76155	-7.1668
1061	2	4	1	2	7	1	5	-2.3163	-5.5878	-5.57611	-5.10026
1062	8	10	2	2	11	12	6	-3.96289	-7.20028	-7.28905	-7.09055
1063	2	4	1	2	2	1	5	-2.78562	-3.65099	-4.18113	-4.08388
1064	9	2	4	62	4	5	6	-3.72427	-5.20393	-5.76743	-6.56331
1065	2	4	1	2	2	1	5	-2.78562	-3.65099	-4.18113	-4.08388
1066	4	7	10	4	1	7	1	-1.83246	-3.77081	-2.67695	-1.92303
1067	8	10	2	2	11	12	6	-3.96289	-7.20028	-7.28905	-7.09055
1068	2	4	2	2	6	1	5	-6.09461	-4.84427	-6.00373	-7.60243
1069	2	4	2	2	6	1	5	-6.09461	-4.84427	-6.00373	-7.60243
1070	2	4	2	2	6	1	5	-6.09461	-4.84427	-6.00373	-7.60243
1071	2	4	2	2	6	1	5	-6.09461	-4.84427	-6.00373	-7.60243
1072	2	4	1	2	2	1	5	-2.78562	-3.65099	-4.18113	-4.08388
1073	2	4	1	2	2	1	5	-2.78562	-3.65099	-4.18113	-4.08388
1074	2	1	12	3	2	1	5	-2.63005	-2.12379	-3.73199	-4.71511
1075	2	4	1	2	7	1	5	-2.3163	-5.5878	-5.57611	-5.10026
1076	4	7	10	4	42	51	1	-2.93543	-4.62045	-4.97543	-3.79967
1077	2	4	1	2	2	1	5	-2.78562	-3.65099	-4.18113	-4.08388
1078	8	10	2	2	11	12	6	-3.96289	-7.20028	-7.28905	-7.09055
1079	1	2	3	4	5	9	3	-4.63449	-2.5023	-3.68721	-4.82533
1080	1	2	3	4	5	9	3	-4.63449	-2.5023	-3.68721	-4.82533
1081	10	1	16	19	10	5	7	-6.15796	-2.76061	-4.32116	-5.12128
1082	8	10	2	2	11	12	6	-3.96289	-7.20028	-7.28905	-7.09055
1083	4	7	10	4	1	7	1	-1.83246	-3.77081	-2.67695	-1.92303
1084	2	4	1	2	2	1	5	-2.78562	-3.65099	-4.18113	-4.08388
1085	2	4	1	2	7	1	5	-2.3163	-5.5878	-5.57611	-5.10026
1086	2	1	21	3	2	1	5	-2.93725	-2.49637	-4.60944	-4.49306
1087	2	1	12	3	2	1	5	-2.63005	-2.12379	-3.73199	-4.71511
1088	2	4	2	4	19	3	6	-5.80684	-9.08804	-9.12823	-8.92762
1089	8	10	149	2	11	12	6	-4.88204	-3.98411	-5.80269	-7.01867
1090	8	10	2	2	11	12	6	-3.96289	-7.20028	-7.28905	-7.09055
1091	2	1	12	3	2	1	5	-2.63005	-2.12379	-3.73199	-4.71511
1092	2	1	12	3	2	1	5	-2.63005	-2.12379	-3.73199	-4.71511
1093	2	1	5	3	2	3	5	-4.2351	-3.25967	-5.86922	-4.79258
1094	184	39	30	82	113	43	17	-3.96135	-6.10219	-7.21203	-7.06128
1095	2	1	12	3	2	1	5	-2.63005	-2.12379	-3.73199	-4.71511
1096	2	4	1	2	2	1	5	-2.78562	-3.65099	-4.18113	-4.08388
1097	4	7	10	4	1	7	1	-1.83246	-3.77081	-2.67695	-1.92303
1098	8	10	2	2	11	12	6	-3.96289	-7.20028	-7.28905	-7.09055
1099	4	7	10	4	1	7	1	-1.83246	-3.77081	-2.67695	-1.92303
1100	4	7	10	4	42	51	1	-2.93543	-4.62045	-4.97543	-3.79967
1101	9	25	2	10	22	3	6	-4.47007	-7.45117	-6.20084	-4.36063
1102	9	2	4	62	4	5	6	-3.72427	-5.20393	-5.76743	-6.56331
1103	4	7	10	4	1	7	1	-1.83246	-3.77081	-2.67695	-1.92303
1104	2	4	1	2	7	1	5	-2.3163	-5.5878	-5.57611	-5.10026
1105	4	7	10	4	1	7	1	-1.83246	-3.77081	-2.67695	-1.92303
1106	8	10	2	2	11	12	6	-3.96289	-7.20028	-7.28905	-7.09055
1107	2	4	1	2	2	1	5	-2.78562	-3.65099	-4.18113	-4.08388
1108	4	7	10	4	42	51	1	-2.93543	-4.62045	-4.97543	-3.79967
1109	1	2	3	4	5	9	3	-4.63449	-2.5023	-3.68721	-4.82533
1110	2	1	12	3	2	1	5	-2.63005	-2.12379	-3.73199	-4.71511
1111	2	4	1	2	2	1	5	-2.78562	-3.65099	-4.18113	-4.08388
1112	10	81	50	99	120	76	52	-6.68458	-6.40537	-5.30565	-5.13522
1113	2	4	1	2	2	1	5	-2.78562	-3.65099	-4.18113	-4.08388
1114	4	7	10	4	42	51	1	-2.93543	-4.62045	-4.97543	-3.79967
1115	4	7	10	4	42	51	1	-2.93543	-4.62045	-4.97543	-3.79967
1116	4	7	10	4	1	7	1	-1.83246	-3.77081	-2.67695	-1.92303
1117	3	1	5	10	11	11	6	-9.94624	-6.47989	-9.77141	-10.5639
1118	10	81	50	99	120	76	52	-6.68458	-6.40537	-5.30565	-5.13522
1119	2	4	1	2	2	1	5	-2.78562	-3.65099	-4.18113	-4.08388
1120	4	7	10	4	1	7	1	-1.83246	-3.77081	-2.67695	-1.92303
1121	4	7	10	4	1	7	1	-1.83246	-3.77081	-2.67695	-1.92303
1122	4	7	10	4	42	51	1	-2.93543	-4.62045	-4.97543	-3.79967
1123	2	1	12	3	2	1	5	-2.63005	-2.12379	-3.73199	-4.71511
1124	2	4	1	2	2	1	5	-2.78562	-3.65099	-4.18113	-4.08388
1125	2	1	1	3	2	1	5	-4.62425	-3.79363	-6.76155	-7.1668
1126	2	4	1	2	2	1	5	-2.78562	-3.65099	-4.18113	-4.08388
1127	2	4	1	2	2	1	5	-2.78562	-3.65099	-4.18113	-4.08388
1128	2	4	1	2	2	1	5	-2.78562	-3.65099	-4.18113	-4.08388
1129	2	4	1	2	2	1	5	-2.78562	-3.65099	-4.18113	-4.08388
1130	1	2	3	4	5	9	3	-4.63449	-2.5023	-3.68721	-4.82533
1131	8	10	2	2	11	12	6	-3.96289	-7.20028	-7.28905	-7.09055
1132	2	1	21	3	2	1	5	-2.93725	-2.49637	-4.60944	-4.49306
1133	2	4	1	2	2	1	5	-2.78562	-3.65099	-4.18113	-4.08388
1134	2	1	21	3	2	1	5	-2.93725	-2.49637	-4.60944	-4.49306
1135	2	1	21	3	2	1	5	-2.93725	-2.49637	-4.60944	-4.49306
1136	2	4	1	2	2	1	5	-2.78562	-3.65099	-4.18113	-4.08388
1137	1	2	3	4	5	9	3	-4.63449	-2.5023	-3.68721	-4.82533
1138	10	1	16	19	10	5	7	-6.15796	-2.76061	-4.32116	-5.12128
1139	2	1	12	3	2	1	5	-2.63005	-2.12379	-3.73199	-4.71511
1140	7	21	5	62	4	61	44	-7.30127	-3.84531	-5.84656	-7.3548
1141	2	4	1	2	2	1	5	-2.78562	-3.65099	-4.18113	-4.08388
1142	2	1	12	3	2	1	5	-2.63005	-2.12379	-3.73199	-4.71511
1143	2	4	1	2	7	1	5	-2.3163	-5.5878	-5.57611	-5.10026
1144	2	1	5	3	2	3	5	-4.2351	-3.25967	-5.86922	-4.79258
1145	2	1	21	3	2	1	5	-2.93725	-2.49637	-4.60944	-4.49306
1146	2	1	21	3	2	1	5	-2.93725	-2.49637	-4.60944	-4.49306
1147	2	1	21	3	2	1	5	-2.93725	-2.49637	-4.60944	-4.49306
1148	2	1	21	3	2	1	5	-2.93725	-2.49637	-4.60944	-4.49306
1149	2	1	12	3	2	1	5	-2.63005	-2.12379	-3.73199	-4.71511
1150	8	10	2	2	11	12	6	-3.96289	-7.20028	-7.28905	-7.09055
1151	129	66	30	82	189	47	17	-3.252	-4.86302	-5.6674	-4.14706
1152	1	307	3	4	5	9	3	-6.85731	-6.44703	-6.11183	-7.95625
1153	8	10	2	2	11	12	6	-3.96289	-7.20028	-7.28905	-7.09055
1154	2	4	2	2	6	1	5	-6.09461	-4.84427	-6.00373	-7.60243
1155	1	4	2	2	6	3	17	-4.63345	-2.46117	-4.84742	-5.5091
1156	2	4	1	2	2	1	5	-2.78562	-3.65099	-4.18113	-4.08388
1157	8	10	2	2	11	12	6	-3.96289	-7.20028	-7.28905	-7.09055
1158	2	4	2	2	6	1	5	-6.09461	-4.84427	-6.00373	-7.60243
1159	2	1	21	3	2	1	5	-2.93725	-2.49637	-4.60944	-4.49306
1160	2	4	5	2	2	5	5	-3.68162	-6.92788	-6.76982	-5.85201
1161	7	21	5	62	4	61	44	-7.30127	-3.84531	-5.84656	-7.3548
1162	2	1	12	3	2	1	5	-2.63005	-2.12379	-3.73199	-4.71511
1163	10	27	16	19	10	5	7	-20.4218	-12.7537	-16.536	-17.6523
1164	33	283	44	82	189	44	17	-6.8808	-3.48504	-5.66698	-5.97247
1165	9	25	2	10	22	3	6	-4.47007	-7.45117	-6.20084	-4.36063
1166	7	21	5	62	4	61	44	-7.30127	-3.84531	-5.84656	-7.3548
1167	2	1	5	3	2	3	5	-4.2351	-3.25967	-5.86922	-4.79258
1168	2	1	5	3	2	3	5	-4.2351	-3.25967	-5.86922	-4.79258
1169	9	25	2	10	22	3	6	-4.47007	-7.45117	-6.20084	-4.36063
1170	2	1	5	3	2	3	5	-4.2351	-3.25967	-5.86922	-4.79258
1171	2	4	1	2	2	1	5	-2.78562	-3.65099	-4.18113	-4.08388
1172	129	66	30	82	189	47	17	-3.252	-4.86302	-5.6674	-4.14706
1173	2	4	1	2	2	1	5	-2.78562	-3.65099	-4.18113	-4.08388
1174	2	1	5	3	2	3	5	-4.2351	-3.25967	-5.86922	-4.79258
1175	2	1	12	3	2	1	5	-2.63005	-2.12379	-3.73199	-4.71511
1176	2	4	1	2	2	1	5	-2.78562	-3.65099	-4.18113	-4.08388
1177	1	4	2	2	6	3	17	-4.63345	-2.46117	-4.84742	-5.5091
1178	2	1	12	3	2	1	5	-2.63005	-2.12379	-3.73199	-4.71511
1179	1	4	2	2	446	3	17	-7.78119	-6.68798	-7.54812	-8.08338
1180	2	1	5	88	2	11	5	-8.81195	-5.36236	-6.07861	-7.9316
1181	2	4	2	2	6	1	5	-6.09461	-4.84427	-6.00373	-7.60243
1182	9	25	2	10	22	3	6	-4.47007	-7.45117	-6.20084	-4.36063
1183	2	1	5	3	2	3	5	-4.2351	-3.25967	-5.86922	-4.79258
1184	7	21	5	62	4	61	44	-7.30127	-3.84531	-5.84656	-7.3548
1185	1	2	3	4	5	9	3	-4.63449	-2.5023	-3.68721	-4.82533
1186	2	4	1	2	2	1	5	-2.78562	-3.65099	-4.18113	-4.08388
1187	7	21	5	62	4	61	44	-7.30127	-3.84531	-5.84656	-7.3548
1188	33	39	30	82	104	173	68	-5.38805	-3.99131	-7.10156	-7.63303
1189	1	4	2	2	6	3	17	-4.63345	-2.46117	-4.84742	-5.5091
1190	2	1	21	3	2	1	5	-2.93725	-2.49637	-4.60944	-4.49306
1191	4	7	10	4	1	7	1	-1.83246	-3.77081	-2.67695	-1.92303
1192	2	1	5	3	2	5	5	-5.55043	-2.84223	-4.18643	-5.40086
1193	1	4	2	2	6	3	17	-4.63345	-2.46117	-4.84742	-5.5091
1194	2	4	1	2	2	1	5	-2.78562	-3.65099	-4.18113	-4.08388
1195	2	4	1	2	2	1	5	-2.78562	-3.65099	-4.18113	-4.08388
1196	2	1	12	3	2	1	5	-2.63005	-2.12379	-3.73199	-4.71511
1197	2	1	6	3	2	3	5	-6.4087	-7.48385	-8.19371	-6.93836
1198	4	7	10	4	1	7	1	-1.83246	-3.77081	-2.67695	-1.92303
1199	2	4	1	2	7	1	5	-2.3163	-5.5878	-5.57611	-5.10026
1200	2	1	1	3	2	1	5	-4.62425	-3.79363	-6.76155	-7.1668
1201	2	4	1	2	2	1	5	-2.78562	-3.65099	-4.18113	-4.08388
1202	7	2	5	2	10	3	6	-32.1445	-27.138	-27.986	-28.9102
1203	2	1	21	3	2	1	5	-2.93725	-2.49637	-4.60944	-4.49306
1204	2	4	1	2	7	1	5	-2.3163	-5.5878	-5.57611	-5.10026
1205	4	7	10	4	1	7	1	-1.83246	-3.77081	-2.67695	-1.92303
1206	2	4	1	2	7	1	5	-2.3163	-5.5878	-5.57611	-5.10026
1207	2	4	1	2	2	1	5	-2.78562	-3.65099	-4.18113	-4.08388
1208	1	4	2	2	6	3	17	-4.63345	-2.46117	-4.84742	-5.5091
1209	2	4	1	2	2	1	5	-2.78562	-3.65099	-4.18113	-4.08388
1210	2	4	1	2	2	1	5	-2.78562	-3.65099	-4.18113	-4.08388
1211	74	10	2	2	11	12	6	-7.12046	-11.4611	-10.0038	-9.67767
1212	1	2	3	4	5	9	3	-4.63449	-2.5023	-3.68721	-4.82533
1213	2	1	5	3	2	3	5	-4.2351	-3.25967	-5.86922	-4.79258
1214	4	7	10	4	1	7	1	-1.83246	-3.77081	-2.67695	-1.92303
1215	2	4	2	2	6	1	5	-6.09461	-4.84427	-6.00373	-7.60243
1216	2	1	12	3	2	1	5	-2.63005	-2.12379	-3.73199	-4.71511
1217	2	1	21	3	2	1	5	-2.93725	-2.49637	-4.60944	-4.49306
1218	2	4	1	2	2	1	5	-2.78562	-3.65099	-4.18113	-4.08388
1219	2	1	21	3	2	1	5	-2.93725	-2.49637	-4.60944	-4.49306
1220	4	7	10	4	1	7	1	-1.83246	-3.77081	-2.67695	-1.92303
1221	2	1	21	3	2	1	5	-2.93725	-2.49637	-4.60944	-4.49306
1222	2	4	1	2	2	1	5	-2.78562	-3.65099	-4.18113	-4.08388
1223	4	7	10	4	1	7	1	-1.83246	-3.77081	-2.67695	-1.92303
1224	2	4	1	2	2	1	5	-2.78562	-3.65099	-4.18113	-4.08388
1225	4	7	10	4	1	7	1	-1.83246	-3.77081	-2.67695	-1.92303
1226	4	7	10	4	42	51	1	-2.93543	-4.62045	-4.97543	-3.79967
1227	4	7	10	4	42	7	1	-6.56745	-8.64215	-5.67035	-4.65361
1228	2	4	1	2	2	1	5	-2.78562	-3.65099	-4.18113	-4.08388
1229	2	1	5	3	2	3	5	-4.2351	-3.25967	-5.86922	-4.79258
1230	10	81	50	99	120	76	52	-6.68458	-6.40537	-5.30565	-5.13522
1231	2	4	1	2	7	1	5	-2.3163	-5.5878	-5.57611	-5.10026
1232	2	4	1	2	7	1	5	-2.3163	-5.5878	-5.57611	-5.10026
1233	4	7	10	4	1	7	1	-1.83246	-3.77081	-2.67695	-1.92303
1234	1	4	2	2	6	3	17	-4.63345	-2.46117	-4.84742	-5.5091
1235	4	7	10	4	1	7	1	-1.83246	-3.77081	-2.67695	-1.92303
1236	2	4	1	2	2	1	5	-2.78562	-3.65099	-4.18113	-4.08388
1237	4	7	10	4	1	7	1	-1.83246	-3.77081	-2.67695	-1.92303
1238	4	7	10	4	42	51	1	-2.93543	-4.62045	-4.97543	-3.79967
1239	1	307	3	4	5	9	3	-6.85731	-6.44703	-6.11183	-7.95625
1240	2	4	2	2	6	1	5	-6.09461	-4.84427	-6.00373	-7.60243
1241	8	10	149	2	11	12	6	-4.88204	-3.98411	-5.80269	-7.01867
1242	2	1	12	3	2	1	5	-2.63005	-2.12379	-3.73199	-4.71511
1243	2	4	1	2	2	1	5	-2.78562	-3.65099	-4.18113	-4.08388
1244	2	4	1	2	2	1	5	-2.78562	-3.65099	-4.18113	-4.08388
1245	2	4	1	2	2	1	5	-2.78562	-3.65099	-4.18113	-4.08388
1246	4	7	10	4	42	51	1	-2.93543	-4.62045	-4.97543	-3.79967
1247	2	4	1	2	2	1	5	-2.78562	-3.65099	-4.18113	-4.08388
1248	2	4	1	2	2	1	5	-2.78562	-3.65099	-4.18113	-4.08388
1249	2	1	12	88	2	1	5	-3.95359	-3.43695	-6.08303	-5.32815
1250	1	4	2	2	6	3	17	-4.63345	-2.46117	-4.84742	-5.5091
1251	9	2	4	62	4	5	6	-3.72427	-5.20393	-5.76743	-6.56331
1252	2	4	1	2	7	1	5	-2.3163	-5.5878	-5.57611	-5.10026
1253	2	4	5	2	2	5	5	-3.68162	-6.92788	-6.76982	-5.85201
1254	2	1	21	3	2	1	5	-2.93725	-2.49637	-4.60944	-4.49306
1255	1	4	2	2	6	3	17	-4.63345	-2.46117	-4.84742	-5.5091
1256	2	1	21	3	2	1	5	-2.93725	-2.49637	-4.60944	-4.49306
1257	2	4	1	2	2	5	5	-6.82746	-6.40769	-9.09422	-9.47685
1258	2	1	12	3	2	1	5	-2.63005	-2.12379	-3.73199	-4.71511
1259	2	4	2	2	6	1	5	-6.09461	-4.84427	-6.00373	-7.60243
1260	2	4	1	2	2	1	5	-2.78562	-3.65099	-4.18113	-4.08388
1261	2	4	1	2	2	1	5	-2.78562	-3.65099	-4.18113	-4.08388
1262	1	307	3	4	5	9	3	-6.85731	-6.44703	-6.11183	-7.95625
1263	9	25	2	10	22	3	6	-4.47007	-7.45117	-6.20084	-4.36063
1264	2	1	1	380	2	1	5	-6.16277	-5.74298	-8.5812	-8.87148
1265	2	4	1	2	2	1	5	-2.78562	-3.65099	-4.18113	-4.08388
1266	2	4	1	2	2	1	5	-2.78562	-3.65099	-4.18113	-4.08388
1267	2	1	12	3	2	1	5	-2.63005	-2.12379	-3.73199	-4.71511
1268	1	2	3	4	5	9	3	-4.63449	-2.5023	-3.68721	-4.82533
1269	2	4	1	2	2	1	5	-2.78562	-3.65099	-4.18113	-4.08388
1270	2	4	1	2	2	1	5	-2.78562	-3.65099	-4.18113	-4.08388
1271	2	4	1	2	2	1	5	-2.78562	-3.65099	-4.18113	-4.08388
1272	1	2	3	4	5	9	3	-4.63449	-2.5023	-3.68721	-4.82533
1273	9	2	2	212	309	253	147	-23.8186	-27.6462	-22.7455	-21.6019
1274	2	1	21	3	2	1	5	-2.93725	-2.49637	-4.60944	-4.49306
1275	47	2	4	2	6	5	17	-12.277	-11.4392	-6.16683	-8.18145
1276	1	2	3	4	5	9	3	-4.63449	-2.5023	-3.68721	-4.82533
1277	2	4	1	2	2	1	5	-2.78562	-3.65099	-4.18113	-4.08388
1278	2	4	1	2	2	1	5	-2.78562	-3.65099	-4.18113	-4.08388
1279	9	2	4	62	4	5	6	-3.72427	-5.20393	-5.76743	-6.56331
1280	2	1	12	3	2	1	5	-2.63005	-2.12379	-3.73199	-4.71511
1281	2	4	1	2	2	1	5	-2.78562	-3.65099	-4.18113	-4.08388
1282	2	4	1	2	7	1	5	-2.3163	-5.5878	-5.57611	-5.10026
1283	7	17	2	15	23	3	12	-6.90907	-10.1964	-10.2379	-10.0367
1284	2	1	1	3	2	1	5	-4.62425	-3.79363	-6.76155	-7.1668
1285	2	1	12	3	2	1	5	-2.63005	-2.12379	-3.73199	-4.71511
1286	2	4	1	2	2	1	5	-2.78562	-3.65099	-4.18113	-4.08388
1287	2	1	5	3	2	3	5	-4.2351	-3.25967	-5.86922	-4.79258
1288	2	4	1	2	2	1	5	-2.78562	-3.65099	-4.18113	-4.08388
1289	2	4	1	2	2	1	5	-2.78562	-3.65099	-4.18113	-4.08388
1290	1	4	2	2	6	3	17	-4.63345	-2.46117	-4.84742	-5.5091
1291	2	1	2	3	2	3	5	-3.76775	-6.95092	-7.08534	-6.88637
1292	2	1	5	3	2	3	5	-4.2351	-3.25967	-5.86922	-4.79258
1293	1	2	3	3	5	9	3	-11.934	-7.89231	-9.90631	-11.9967
1294	4	7	10	4	42	51	1	-2.93543	-4.62045	-4.97543	-3.79967
1295	1	4	2	2	6	3	17	-4.63345	-2.46117	-4.84742	-5.5091
1296	2	1	5	3	2	3	5	-4.2351	-3.25967	-5.86922	-4.79258
1297	4	7	10	4	1	7	1	-1.83246	-3.77081	-2.67695	-1.92303
1298	2	4	1	2	2	1	5	-2.78562	-3.65099	-4.18113	-4.08388
1299	4	7	10	4	1	7	1	-1.83246	-3.77081	-2.67695	-1.92303
1300	2	1	21	3	2	1	5	-2.93725	-2.49637	-4.60944	-4.49306
1301	2	4	1	2	2	1	5	-2.78562	-3.65099	-4.18113	-4.08388
1302	4	7	10	4	1	7	1	-1.83246	-3.77081	-2.67695	-1.92303
1303	2	4	1	2	2	1	5	-2.78562	-3.65099	-4.18113	-4.08388
1304	2	1	5	3	2	5	5	-5.55043	-2.84223	-4.18643	-5.40086
1305	2	4	1	2	2	1	5	-2.78562	-3.65099	-4.18113	-4.08388
1306	2	1	21	3	2	1	5	-2.93725	-2.49637	-4.60944	-4.49306
1307	2	1	5	3	2	5	5	-5.55043	-2.84223	-4.18643	-5.40086
1308	1	4	2	2	6	3	17	-4.63345	-2.46117	-4.84742	-5.5091
1309	1	4	2	2	6	3	17	-4.63345	-2.46117	-4.84742	-5.5091
1310	2	1	5	3	2	3	5	-4.2351	-3.25967	-5.86922	-4.79258
1311	1	4	2	2	6	3	17	-4.63345	-2.46117	-4.84742	-5.5091
1312	2	4	1	2	2	1	5	-2.78562	-3.65099	-4.18113	-4.08388
1313	2	1	12	88	2	1	5	-3.95359	-3.43695	-6.08303	-5.32815
1314	2	1	5	3	2	3	5	-4.2351	-3.25967	-5.86922	-4.79258
1315	2	4	5	2	2	1	5	-6.18449	-8.95399	-8.85068	-9.09808
1316	2	4	1	2	2	1	5	-2.78562	-3.65099	-4.18113	-4.08388
1317	1	4	2	2	6	3	17	-4.63345	-2.46117	-4.84742	-5.5091
1318	2	1	21	3	2	1	5	-2.93725	-2.49637	-4.60944	-4.49306
1319	4	7	10	4	1	7	1	-1.83246	-3.77081	-2.67695	-1.92303
1320	1	2	3	4	5	9	3	-4.63449	-2.5023	-3.68721	-4.82533
1321	2	4	1	2	7	1	5	-2.3163	-5.5878	-5.57611	-5.10026
1322	4	7	10	4	1	7	1	-1.83246	-3.77081	-2.67695	-1.92303
1323	4	7	10	4	1	7	1	-1.83246	-3.77081	-2.67695	-1.92303
1324	1	4	2	2	6	3	17	-4.63345	-2.46117	-4.84742	-5.5091
1325	2	4	1	2	7	1	5	-2.3163	-5.5878	-5.57611	-5.10026
1326	4	7	10	4	1	7	1	-1.83246	-3.77081	-2.67695	-1.92303
1327	8	10	2	2	11	12	6	-3.96289	-7.20028	-7.28905	-7.09055
1328	969	7	10	4	1	7	1	-4.91248	-8.01108	-5.38758	-4.50947
1329	4	7	10	4	1	7	1	-1.83246	-3.77081	-2.67695	-1.92303
1330	10	27	16	942	10	5	7	-23.5793	-17.0153	-19.2511	-20.2392
1331	10	27	16	941	10	5	7	-23.5793	-17.0153	-19.2511	-20.2392
1332	4	7	10	4	1	7	1	-1.83246	-3.77081	-2.67695	-1.92303
1333	4	7	10	4	1	7	1	-1.83246	-3.77081	-2.67695	-1.92303
1334	129	66	30	82	189	47	17	-3.252	-4.86302	-5.6674	-4.14706
1335	4	7	10	4	1	7	1	-1.83246	-3.77081	-2.67695	-1.92303
1336	4	7	10	4	1	7	1	-1.83246	-3.77081	-2.67695	-1.92303
1337	2	4	1	2	2	1	5	-2.78562	-3.65099	-4.18113	-4.08388
1338	2	1	2	3	2	3	5	-3.76775	-6.95092	-7.08534	-6.88637
1339	10	27	16	19	10	5	7	-20.4218	-12.7537	-16.536	-17.6523
1340	2	4	1	2	2	1	5	-2.78562	-3.65099	-4.18113	-4.08388
1341	33	39	30	82	104	173	68	-5.38805	-3.99131	-7.10156	-7.63303
1342	1	4	2	2	6	3	17	-4.63345	-2.46117	-4.84742	-5.5091
1343	2	1	5	3	2	5	5	-5.55043	-2.84223	-4.18643	-5.40086
1344	2	1	12	3	2	1	5	-2.63005	-2.12379	-3.73199	-4.71511
1345	8	10	2	2	11	12	6	-3.96289	-7.20028	-7.28905	-7.09055
1346	2	1	1	3	2	1	5	-4.62425	-3.79363	-6.76155	-7.1668
1347	1	4	2	2	6	3	17	-4.63345	-2.46117	-4.84742	-5.5091
1348	7	2	2	2	11	12	6	-4.50949	-7.79571	-7.83665	-7.63694
1349	9	2	4	62	4	5	6	-3.72427	-5.20393	-5.76743	-6.56331
1350	2	1	21	3	2	1	5	-2.93725	-2.49637	-4.60944	-4.49306
1351	9	7	10	4	1	7	1	-10.4735	-12.0799	-11.2241	-10.0703
1352	2	1	12	3	920	1	5	-5.78798	-6.37691	-6.44678	-7.30029
1353	239	27	16	19	10	5	7	-9.94757	-6.483	-9.77632	-10.5668
1354	7	17	2	15	23	3	12	-6.90907	-10.1964	-10.2379	-10.0367
1355	1	4	2	2	6	3	17	-4.63345	-2.46117	-4.84742	-5.5091
1356	1	6	60	24	12	28	1	-26.5166	-31.9137	-19.3999	-19.3656
1357	2	4	5	2	10	1	5	-6.9031	-10.1744	-10.2192	-10.026
1358	10	81	50	99	120	76	52	-6.68458	-6.40537	-5.30565	-5.13522
1359	4	7	10	4	1	7	1	-1.83246	-3.77081	-2.67695	-1.92303
1360	2	1	5	3	2	5	5	-5.55043	-2.84223	-4.18643	-5.40086
1361	4	7	10	1	1	7	1	-5.28098	-8.41714	-5.9714	-6.07319
1362	2	4	5	2	10	1	5	-6.9031	-10.1744	-10.2192	-10.026
1363	2	1	21	3	2	1	5	-2.93725	-2.49637	-4.60944	-4.49306
1364	2	1	21	3	2	1	5	-2.93725	-2.49637	-4.60944	-4.49306
1365	2	4	1	2	2	1	5	-2.78562	-3.65099	-4.18113	-4.08388
1366	2	4	2	2	6	1	5	-6.09461	-4.84427	-6.00373	-7.60243
1367	2	4	1	2	7	1	5	-2.3163	-5.5878	-5.57611	-5.10026
1368	2	4	1	2	2	1	5	-2.78562	-3.65099	-4.18113	-4.08388
1369	2	4	1	2	2	1	5	-2.78562	-3.65099	-4.18113	-4.08388
1370	4	7	10	4	1	7	1	-1.83246	-3.77081	-2.67695	-1.92303
1371	4	7	10	4	42	51	1	-2.93543	-4.62045	-4.97543	-3.79967
1372	2	1	5	3	2	3	5	-4.2351	-3.25967	-5.86922	-4.79258
1373	2	1	12	3	2	1	5	-2.63005	-2.12379	-3.73199	-4.71511
1374	2	1	1	3	2	1	5	-4.62425	-3.79363	-6.76155	-7.1668
1375	2	4	1	2	2	1	5	-2.78562	-3.65099	-4.18113	-4.08388
1376	4	7	10	4	1	7	1	-1.83246	-3.77081	-2.67695	-1.92303
1377	10	1	16	19	10	5	7	-6.15796	-2.76061	-4.32116	-5.12128
1378	2	4	1	2	7	1	5	-2.3163	-5.5878	-5.57611	-5.10026
1379	2	4	1	2	2	1	5	-2.78562	-3.65099	-4.18113	-4.08388
1380	10	81	50	99	120	76	52	-6.68458	-6.40537	-5.30565	-5.13522
1381	2	1	12	3	2	1	5	-2.63005	-2.12379	-3.73199	-4.71511
1382	2	4	1	2	2	1	5	-2.78562	-3.65099	-4.18113	-4.08388
1383	2	4	1	2	7	1	5	-2.3163	-5.5878	-5.57611	-5.10026
1384	1	2	3	4	5	9	3	-4.63449	-2.5023	-3.68721	-4.82533
1385	8	10	2	2	11	12	6	-3.96289	-7.20028	-7.28905	-7.09055
1386	1	4	2	2	6	3	17	-4.63345	-2.46117	-4.84742	-5.5091
1387	2	4	1	2	2	1	5	-2.78562	-3.65099	-4.18113	-4.08388
1388	2	4	1	2	2	1	5	-2.78562	-3.65099	-4.18113	-4.08388
1389	10	7	10	4	1	7	1	-12.5651	-10.6774	-9.911	-9.15995
1390	2	1	21	3	2	1	5	-2.93725	-2.49637	-4.60944	-4.49306
1391	2	1	21	3	2	1	5	-2.93725	-2.49637	-4.60944	-4.49306
1392	10	1	16	19	10	5	7	-6.15796	-2.76061	-4.32116	-5.12128
1393	2	1	5	3	2	3	5	-4.2351	-3.25967	-5.86922	-4.79258
1394	2	1	5	3	2	3	5	-4.2351	-3.25967	-5.86922	-4.79258
1395	2	4	1	2	2	5	5	-6.82746	-6.40769	-9.09422	-9.47685
1396	2	4	1	2	7	1	5	-2.3163	-5.5878	-5.57611	-5.10026
1397	10	1	16	19	10	5	7	-6.15796	-2.76061	-4.32116	-5.12128
1398	2	4	1	2	7	1	5	-2.3163	-5.5878	-5.57611	-5.10026
1399	2	934	1	2	2	1	5	-5.86545	-7.90385	-6.88534	-6.65894
