Isolate	Loci0	Loci1	Loci2	Loci3	Loci4	Loci5	Loci6	Source0	Source1	Source2	Source3
0	1	2	3	4	5	9	3	-4.71723	-2.50453	-3.56671	-5.16695
1	4	7	10	4	1	7	1	-1.8234	-3.83891	-2.67836	-1.95159
2	2	4	1	2	2	1	5	-2.77176	-3.66172	-4.16171	-4.22724
3	2	4	1	2	2	1	5	-2.77176	-3.66172	-4.16171	-4.22724
4	9	25	2	10	22	3	6	-4.46475	-7.68889	-6.16802	-4.36945
5	4	7	10	4	1	7	1	-1.8234	-3.83891	-2.67836	-1.95159
6	4	7	10	4	1	7	1	-1.8234	-3.83891	-2.67836	-1.95159
7	4	7	10	4	42	51	1	-2.92222	-4.65401	-4.98051	-3.8508
8	2	4	1	2	2	1	5	-2.77176	-3.66172	-4.16171	-4.22724
9	10	81	50	99	120	76	52	-6.72473	-6.43629	-5.29022	-5.1815
10	2	1	21	3	2	1	5	-2.93642	-2.49721	-4.35174	-4.70422
11	2	1	21	3	2	1	5	-2.93642	-2.49721	-4.35174	-4.70422
12	9	25	2	10	22	3	6	-4.46475	-7.68889	-6.16802	-4.36945
13	2	1	21	3	2	1	5	-2.93642	-2.49721	-4.35174	-4.70422
14	10	27	16	19	10	5	7	-20.9858	-12.6336	-15.8275	-18.0828
15	2	4	1	2	2	1	5	-2.77176	-3.66172	-4.16171	-4.22724
16	2	4	1	2	2	1	5	-2.77176	-3.66172	-4.16171	-4.22724
17	9	2	4	62	4	5	6	-3.70763	-5.22017	-5.80801	-7.36406
18	9	53	2	53	11	3	3	-29.0226	-25.7226	-25.1116	-24.1873
19	2	4	1	2	2	1	5	-2.77176	-3.66172	-4.16171	-4.22724
20	2	4	1	2	2	1	5	-2.77176	-3.66172	-4.16171	-4.22724
21	4	7	10	4	1	7	1	-1.8234	-3.83891	-2.67836	-1.95159
22	2	4	1	2	2	1	5	-2.77176	-3.66172	-4.16171	-4.22724
23	1	4	2	2	6	3	17	-4.72287	-2.46222	-4.46738	-5.85939
24	4	7	10	4	1	7	1	-1.8234	-3.83891	-2.67836	-1.95159
25	2	1	21	3	2	1	5	-2.93642	-2.49721	-4.35174	-4.70422
26	8	10	2	2	11	12	6	-3.94403	-7.27839	-7.70398	-7.91121
27	2	4	2	2	6	1	5	-6.11308	-4.84512	-5.89556	-8.36168
28	2	1	12	3	2	1	5	-2.62857	-2.12381	-3.57797	-5.27772
29	2	4	1	2	2	1	5	-2.77176	-3.66172	-4.16171	-4.22724
30	4	7	10	4	1	7	1	-1.8234	-3.83891	-2.67836	-1.95159
31	10	1	16	19	10	5	7	-6.57653	-2.76226	-4.13705	-5.35626
32	1	2	3	4	5	9	3	-4.71723	-2.50453	-3.56671	-5.16695
33	2	4	1	2	2	1	5	-2.77176	-3.66172	-4.16171	-4.22724
34	2	4	1	2	2	1	5	-2.77176	-3.66172	-4.16171	-4.22724
35	2	4	1	2	2	1	5	-2.77176	-3.66172	-4.16171	-4.22724
36	4	7	10	4	1	7	1	-1.8234	-3.83891	-2.67836	-1.95159
37	129	66	30	82	189	47	17	-3.23965	-4.89378	-5.65658	-4.19958
38	2	1	12	3	357	1	5	-5.91564	-5.47411	-6.06136	-7.58632
39	9	2	4	62	4	5	6	-3.70763	-5.22017	-5.80801	-7.36406
40	2	1	1	3	2	1	5	-4.629	-3.79255	-6.21154	-7.94362
41	2	1	12	3	357	1	5	-5.91564	-5.47411	-6.06136	-7.58632
42	2	1	5	3	2	3	5	-4.25205	-3.26029	-5.41953	-4.86066
43	2	1	5	3	2	3	5	-4.25205	-3.26029	-5.41953	-4.86066
44	2	4	1	2	2	1	5	-2.77176	-3.66172	-4.16171	-4.22724
45	2	4	1	2	2	1	5	-2.77176	-3.66172	-4.16171	-4.22724
46	2	4	2	2	6	1	5	-6.11308	-4.84512	-5.89556	-8.36168
47	1	4	2	2	6	3	17	-4.72287	-2.46222	-4.46738	-5.85939
48	2	1	21	3	2	1	5	-2.93642	-2.49721	-4.35174	-4.70422
49	2	1	2	3	2	3	5	-3.74818	-7.01876	-7.5005	-7.69605
50	2	1	21	3	2	1	5	-2.93642	-2.49721	-4.35174	-4.70422
51	7	17	2	15	23	3	12	-6.89055	-10.2859	-10.6549	-10.8577
52	2	4	1	2	7	1	5	-2.29664	-5.67826	-5.95191	-5.59901
53	9	2	4	62	4	5	6	-3.70763	-5.22017	-5.80801	-7.36406
54	2	4	1	2	7	1	5	-2.29664	-5.67826	-5.95191	-5.59901
55	9	2	4	62	4	5	6	-3.70763	-5.22017	-5.80801	-7.36406
56	2	1	12	88	2	1	5	-3.9552	-3.43807	-5.65822	-5.47637
57	2	1	5	3	2	3	5	-4.25205	-3.26029	-5.41953	-4.86066
58	2	4	1	2	2	1	5	-2.77176	-3.66172	-4.16171	-4.22724
59	9	2	4	62	4	5	6	-3.70763	-5.22017	-5.80801	-7.36406
60	2	1	5	3	2	3	5	-4.25205	-3.26029	-5.41953	-4.86066
61	2	4	1	2	2	1	5	-2.77176	-3.66172	-4.16171	-4.22724
62	2	4	1	2	2	1	5	-2.77176	-3.66172	-4.16171	-4.22724
63	2	4	1	2	2	1	5	-2.77176	-3.66172	-4.16171	-4.22724
64	2	4	1	2	2	1	5	-2.77176	-3.66172	-4.16171	-4.22724
65	2	4	1	2	2	1	5	-2.77176	-3.66172	-4.16171	-4.22724
66	2	4	1	2	2	1	5	-2.77176	-3.66172	-4.16171	-4.22724
67	1	2	215	4	90	24	8	-28.233	-26.2845	-21.118	-19.9055
68	2	4	1	2	2	1	5	-2.77176	-3.66172	-4.16171	-4.22724
69	1	2	3	4	5	9	3	-4.71723	-2.50453	-3.56671	-5.16695
70	2	4	1	2	2	1	5	-2.77176	-3.66172	-4.16171	-4.22724
71	2	4	1	2	2	1	5	-2.77176	-3.66172	-4.16171	-4.22724
72	9	25	2	10	22	3	6	-4.46475	-7.68889	-6.16802	-4.36945
73	2	15	4	48	360	25	23	-6.71993	-9.33208	-5.76069	-4.90882
74	2	4	1	2	2	1	5	-2.77176	-3.66172	-4.16171	-4.22724
75	2	1	12	88	2	1	5	-3.9552	-3.43807	-5.65822	-5.47637
76	2	4	2	2	6	1	5	-6.11308	-4.84512	-5.89556	-8.36168
77	10	1	16	19	10	5	7	-6.57653	-2.76226	-4.13705	-5.35626
78	2	4	1	2	2	1	5	-2.77176	-3.66172	-4.16171	-4.22724
79	2	1	12	3	2	1	5	-2.62857	-2.12381	-3.57797	-5.27772
80	2	4	1	2	2	1	5	-2.77176	-3.66172	-4.16171	-4.22724
81	2	4	1	2	2	1	5	-2.77176	-3.66172	-4.16171	-4.22724
82	1	4	2	2	6	3	17	-4.72287	-2.46222	-4.46738	-5.85939
83	10	1	16	19	10	5	7	-6.57653	-2.76226	-4.13705	-5.35626
84	8	10	149	2	11	12	6	-4.89125	-3.98752	-5.59527	-7.79284
85	2	4	1	2	2	1	5	-2.77176	-3.66172	-4.16171	-4.22724
86	2	4	1	2	7	1	5	-2.29664	-5.67826	-5.95191	-5.59901
87	32	39	30	82	104	324	17	-8.60527	-4.69314	-7.19869	-9.52899
88	1	2	3	4	5	9	3	-4.71723	-2.50453	-3.56671	-5.16695
89	2	1	5	3	2	3	5	-4.25205	-3.26029	-5.41953	-4.86066
90	2	4	1	2	2	1	5	-2.77176	-3.66172	-4.16171	-4.22724
91	2	4	1	2	7	1	5	-2.29664	-5.67826	-5.95191	-5.59901
92	4	7	10	4	1	7	1	-1.8234	-3.83891	-2.67836	-1.95159
93	2	1	2	3	2	3	5	-3.74818	-7.01876	-7.5005	-7.69605
94	2	1	12	3	2	1	5	-2.62857	-2.12381	-3.57797	-5.27772
95	2	1	21	3	2	1	5	-2.93642	-2.49721	-4.35174	-4.70422
96	2	1	21	3	2	1	5	-2.93642	-2.49721	-4.35174	-4.70422
97	9	2	5	2	11	3	1	-29.4974	-31.0736	-28.5975	-25.4238
98	4	7	10	4	1	7	1	-1.8234	-3.83891	-2.67836	-1.95159
99	2	1	2	3	2	3	5	-3.74818	-7.01876	-7.5005	-7.69605
100	2	1	21	3	2	1	5	-2.93642	-2.49721	-4.35174	-4.70422
101	4	7	10	4	1	7	1	-1.8234	-3.83891	-2.67836	-1.95159
102	2	1	21	3	2	1	5	-2.93642	-2.49721	-4.35174	-4.70422
103	1	4	2	2	6	3	17	-4.72287	-2.46222	-4.46738	-5.85939
104	2	4	5	2	10	1	5	-6.88347	-10.2607	-10.6385	-10.8436
105	2	1	12	88	2	1	5	-3.9552	-3.43807	-5.65822	-5.47637
106	9	2	4	62	4	5	6	-3.70763	-5.22017	-5.80801	-7.36406
107	2	165	73	147	220	190	104	-8.92624	-10.2639	-7.14562	-5.23058
108	2	1	21	3	2	1	5	-2.93642	-2.49721	-4.35174	-4.70422
109	2	4	1	2	2	1	5	-2.77176	-3.66172	-4.16171	-4.22724
110	2	1	12	3	11	1	6	-19.0151	-17.2017	-20.3181	-21.1002
111	2	1	2	3	2	3	5	-3.74818	-7.01876	-7.5005	-7.69605
112	2	4	1	2	7	1	5	-2.29664	-5.67826	-5.95191	-5.59901
113	2	1	2	3	2	3	5	-3.74818	-7.01876	-7.5005	-7.69605
114	2	1	21	3	2	1	5	-2.93642	-2.49721	-4.35174	-4.70422
115	2	4	1	2	7	1	5	-2.29664	-5.67826	-5.95191	-5.59901
116	33	39	30	82	113	43	17	-9.99369	-6.47588	-6.12795	-8.84277
117	2	4	1	2	2	1	5	-2.77176	-3.66172	-4.16171	-4.22724
118	2	4	1	2	2	1	5	-2.77176	-3.66172	-4.16171	-4.22724
119	2	4	1	2	2	1	5	-2.77176	-3.66172	-4.16171	-4.22724
120	2	4	1	2	7	1	5	-2.29664	-5.67826	-5.95191	-5.59901
121	4	7	10	1	1	7	1	-5.26467	-8.57025	-6.00216	-6.18021
122	2	1	12	3	2	1	5	-2.62857	-2.12381	-3.57797	-5.27772
123	2	4	1	2	2	1	5	-2.77176	-3.66172	-4.16171	-4.22724
124	2	4	1	2	2	1	5	-2.77176	-3.66172	-4.16171	-4.22724
125	2	4	1	2	7	1	5	-2.29664	-5.67826	-5.95191	-5.59901
126	2	4	1	2	2	1	5	-2.77176	-3.66172	-4.16171	-4.22724
127	2	4	1	2	2	1	5	-2.77176	-3.66172	-4.16171	-4.22724
128	2	1	12	88	2	1	5	-3.9552	-3.43807	-5.65822	-5.47637
129	2	1	12	3	2	1	5	-2.62857	-2.12381	-3.57797	-5.27772
130	2	1	12	3	2	1	5	-2.62857	-2.12381	-3.57797	-5.27772
131	2	4	1	2	7	1	5	-2.29664	-5.67826	-5.95191	-5.59901
132	2	1	21	3	2	1	5	-2.93642	-2.49721	-4.35174	-4.70422
133	2	1	21	3	2	1	5	-2.93642	-2.49721	-4.35174	-4.70422
134	2	4	5	2	2	5	5	-3.66285	-7.02591	-7.0529	-6.08249
135	2	1	21	3	2	1	5	-2.93642	-2.49721	-4.35174	-4.70422
136	1	4	2	2	6	3	1	-11.5588	-9.8475	-10.4126	-11.0884
137	2	1	5	3	2	3	5	-4.25205	-3.26029	-5.41953	-4.86066
138	2	1	5	3	2	3	5	-4.25205	-3.26029	-5.41953	-4.86066
139	4	7	10	4	1	7	1	-1.8234	-3.83891	-2.67836	-1.95159
140	8	10	2	2	11	12	6	-3.94403	-7.27839	-7.70398	-7.91121
141	2	1	2	3	2	3	5	-3.74818	-7.01876	-7.5005	-7.69605
142	2	1	5	3	2	3	5	-4.25205	-3.26029	-5.41953	-4.86066
143	2	1	2	3	2	3	5	-3.74818	-7.01876	-7.5005	-7.69605
144	129	66	30	82	189	47	17	-3.23965	-4.89378	-5.65658	-4.19958
145	2	4	1	2	2	1	5	-2.77176	-3.66172	-4.16171	-4.22724
146	2	4	1	2	2	1	5	-2.77176	-3.66172	-4.16171	-4.22724
147	7	21	5	62	4	61	44	-7.73429	-3.84765	-5.57081	-8.10598
148	2	4	1	2	2	1	5	-2.77176	-3.66172	-4.16171	-4.22724
149	2	937	1	2	2	1	5	-5.97998	-7.01151	-6.6407	-6.5318
150	1	14	2	2	6	1	17	-9.49762	-6.45802	-7.84918	-6.32444
151	1	4	2	2	6	3	17	-4.72287	-2.46222	-4.46738	-5.85939
152	8	10	149	2	11	12	6	-4.89125	-3.98752	-5.59527	-7.79284
153	2	1	12	3	2	1	5	-2.62857	-2.12381	-3.57797	-5.27772
154	9	30	2	2	89	59	6	-4.94309	-8.33932	-8.70802	-8.9106
155	1	2	3	4	5	9	3	-4.71723	-2.50453	-3.56671	-5.16695
156	2	4	1	2	2	1	5	-2.77176	-3.66172	-4.16171	-4.22724
157	2	4	1	2	2	1	5	-2.77176	-3.66172	-4.16171	-4.22724
158	180	194	2	68	19	231	147	-21.7123	-25.4626	-21.4732	-20.7965
159	2	4	1	2	2	1	5	-2.77176	-3.66172	-4.16171	-4.22724
160	2	4	1	2	2	1	5	-2.77176	-3.66172	-4.16171	-4.22724
161	2	4	1	2	2	1	5	-2.77176	-3.66172	-4.16171	-4.22724
162	4	7	10	4	1	7	1	-1.8234	-3.83891	-2.67836	-1.95159
163	2	4	1	2	2	1	5	-2.77176	-3.66172	-4.16171	-4.22724
164	2	1	21	3	2	1	5	-2.93642	-2.49721	-4.35174	-4.70422
165	2	4	1	2	7	1	5	-2.29664	-5.67826	-5.95191	-5.59901
166	2	4	1	2	2	1	5	-2.77176	-3.66172	-4.16171	-4.22724
167	10	1	16	19	10	5	7	-6.57653	-2.76226	-4.13705	-5.35626
168	104	7	10	4	1	7	1	-4.39981	-7.80136	-8.15197	-8.33897
169	2	4	1	2	2	1	5	-2.77176	-3.66172	-4.16171	-4.22724
170	10	27	16	19	10	5	7	-20.9858	-12.6336	-15.8275	-18.0828
171	2	4	1	2	2	1	5	-2.77176	-3.66172	-4.16171	-4.22724
172	2	1	1	3	2	1	5	-4.629	-3.79255	-6.21154	-7.94362
173	7	21	5	62	4	61	44	-7.73429	-3.84765	-5.57081	-8.10598
174	2	1	1	3	2	1	5	-4.629	-3.79255	-6.21154	-7.94362
175	10	1	16	19	10	5	7	-6.57653	-2.76226	-4.13705	-5.35626
176	2	4	1	2	2	1	5	-2.77176	-3.66172	-4.16171	-4.22724
177	2	4	1	2	2	1	5	-2.77176	-3.66172	-4.16171	-4.22724
178	2	1	12	3	2	1	5	-2.62857	-2.12381	-3.57797	-5.27772
179	2	4	1	2	2	1	5	-2.77176	-3.66172	-4.16171	-4.22724
180	2	4	1	2	2	1	5	-2.77176	-3.66172	-4.16171	-4.22724
181	1	4	2	2	6	3	17	-4.72287	-2.46222	-4.46738	-5.85939
182	2	1	12	3	2	1	5	-2.62857	-2.12381	-3.57797	-5.27772
183	4	7	10	4	1	7	1	-1.8234	-3.83891	-2.67836	-1.95159
184	2	4	1	2	2	1	5	-2.77176	-3.66172	-4.16171	-4.22724
185	2	4	1	2	2	1	5	-2.77176	-3.66172	-4.16171	-4.22724
186	2	1	21	3	2	1	5	-2.93642	-2.49721	-4.35174	-4.70422
187	4	7	10	4	1	7	1	-1.8234	-3.83891	-2.67836	-1.95159
188	4	7	10	4	42	51	1	-2.92222	-4.65401	-4.98051	-3.8508
189	2	1	5	3	2	3	5	-4.25205	-3.26029	-5.41953	-4.86066
190	1	2	4	62	4	5	17	-6.12446	-4.86161	-7.30058	-9.21406
191	4	7	10	4	1	7	1	-1.8234	-3.83891	-2.67836	-1.95159
192	4	7	10	4	42	51	1	-2.92222	-4.65401	-4.98051	-3.8508
193	2	1	21	3	2	1	5	-2.93642	-2.49721	-4.35174	-4.70422
194	4	7	10	4	42	51	1	-2.92222	-4.65401	-4.98051	-3.8508
195	2	4	1	2	7	1	5	-2.29664	-5.67826	-5.95191	-5.59901
196	2	4	1	2	2	1	5	-2.77176	-3.66172	-4.16171	-4.22724
197	1	2	3	4	5	9	3	-4.71723	-2.50453	-3.56671	-5.16695
198	1	2	4	62	4	5	17	-6.12446	-4.86161	-7.30058	-9.21406
199	2	250	4	281	358	25	57	-28.0299	-29.7723	-18.9644	-17.6836
200	9	2	4	62	4	5	6	-3.70763	-5.22017	-5.80801	-7.36406
201	1	2	3	4	5	9	3	-4.71723	-2.50453	-3.56671	-5.16695
202	4	7	10	4	1	7	1	-1.8234	-3.83891	-2.67836	-1.95159
203	2	4	2	4	19	3	6	-5.78765	-9.17631	-9.54696	-9.74481
204	4	7	10	4	1	7	1	-1.8234	-3.83891	-2.67836	-1.95159
205	4	7	10	4	42	51	1	-2.92222	-4.65401	-4.98051	-3.8508
206	2	1	12	3	2	1	5	-2.62857	-2.12381	-3.57797	-5.27772
207	4	7	10	4	1	7	1	-1.8234	-3.83891	-2.67836	-1.95159
208	2	1	12	3	2	1	5	-2.62857	-2.12381	-3.57797	-5.27772
209	1	2	4	62	4	5	17	-6.12446	-4.86161	-7.30058	-9.21406
210	4	7	10	4	42	51	1	-2.92222	-4.65401	-4.98051	-3.8508
211	2	4	1	2	2	1	5	-2.77176	-3.66172	-4.16171	-4.22724
212	4	7	10	4	1	7	1	-1.8234	-3.83891	-2.67836	-1.95159
213	2	1	21	3	2	1	5	-2.93642	-2.49721	-4.35174	-4.70422
214	47	2	4	2	6	5	17	-11.4512	-11.7479	-6.18316	-8.92676
215	2	1	21	3	2	1	5	-2.93642	-2.49721	-4.35174	-4.70422
216	2	1	21	3	2	1	5	-2.93642	-2.49721	-4.35174	-4.70422
217	2	4	1	2	2	1	5	-2.77176	-3.66172	-4.16171	-4.22724
218	2	4	1	2	2	1	5	-2.77176	-3.66172	-4.16171	-4.22724
219	10	81	50	99	120	76	52	-6.72473	-6.43629	-5.29022	-5.1815
220	2	4	1	2	2	1	5	-2.77176	-3.66172	-4.16171	-4.22724
221	2	4	1	2	2	1	5	-2.77176	-3.66172	-4.16171	-4.22724
222	1	4	2	2	6	3	17	-4.72287	-2.46222	-4.46738	-5.85939
223	1	2	4	62	4	5	17	-6.12446	-4.86161	-7.30058	-9.21406
224	4	7	10	4	1	7	1	-1.8234	-3.83891	-2.67836	-1.95159
225	4	7	10	4	1	7	1	-1.8234	-3.83891	-2.67836	-1.95159
226	10	1	16	19	10	5	7	-6.57653	-2.76226	-4.13705	-5.35626
227	2	4	1	2	2	1	5	-2.77176	-3.66172	-4.16171	-4.22724
228	2	4	1	2	7	1	5	-2.29664	-5.67826	-5.95191	-5.59901
229	1	4	2	348	6	3	17	-9.2976	-5.37618	-7.88552	-10.2187
230	1	2	4	62	4	5	17	-6.12446	-4.86161	-7.30058	-9.21406
231	10	27	16	19	10	5	7	-20.9858	-12.6336	-15.8275	-18.0828
232	1	4	2	2	6	3	17	-4.72287	-2.46222	-4.46738	-5.85939
233	4	7	10	4	42	51	1	-2.92222	-4.65401	-4.98051	-3.8508
234	2	4	1	2	2	1	5	-2.77176	-3.66172	-4.16171	-4.22724
235	2	1	12	3	2	1	5	-2.62857	-2.12381	-3.57797	-5.27772
236	2	1	12	88	2	1	5	-3.9552	-3.43807	-5.65822	-5.47637
237	2	4	1	2	7	1	5	-2.29664	-5.67826	-5.95191	-5.59901
238	2	1	12	3	2	1	5	-2.62857	-2.12381	-3.57797	-5.27772
239	1	4	2	2	6	3	17	-4.72287	-2.46222	-4.46738	-5.85939
240	2	1	4	28	58	25	58	-5.67684	-8.49364	-5.45979	-4.22721
241	2	1	5	3	2	3	5	-4.25205	-3.26029	-5.41953	-4.86066
242	2	1	12	3	2	1	5	-2.62857	-2.12381	-3.57797	-5.27772
243	2	4	1	2	2	1	5	-2.77176	-3.66172	-4.16171	-4.22724
244	2	1	5	10	11	1	5	-27.5794	-21.7405	-24.3251	-25.3317
245	2	1	12	3	2	1	5	-2.62857	-2.12381	-3.57797	-5.27772
246	2	1	12	88	2	1	5	-3.9552	-3.43807	-5.65822	-5.47637
247	2	1	12	3	2	1	5	-2.62857	-2.12381	-3.57797	-5.27772
248	2	1	12	3	2	1	5	-2.62857	-2.12381	-3.57797	-5.27772
249	1	4	2	2	6	3	17	-4.72287	-2.46222	-4.46738	-5.85939
250	9	2	4	62	4	5	6	-3.70763	-5.22017	-5.80801	-7.36406
251	2	1	12	3	2	1	5	-2.62857	-2.12381	-3.57797	-5.27772
252	8	10	149	2	11	12	6	-4.89125	-3.98752	-5.59527	-7.79284
253	2	1	21	3	2	1	5	-2.93642	-2.49721	-4.35174	-4.70422
254	1	2	3	4	5	9	3	-4.71723	-2.50453	-3.56671	-5.16695
255	2	1	5	3	2	3	5	-4.25205	-3.26029	-5.41953	-4.86066
256	1	307	3	4	5	9	3	-6.85034	-6.45216	-6.10436	-8.71055
257	1	4	2	2	6	3	17	-4.72287	-2.46222	-4.46738	-5.85939
258	2	4	1	2	7	1	5	-2.29664	-5.67826	-5.95191	-5.59901
259	2	4	1	2	2	1	5	-2.77176	-3.66172	-4.16171	-4.22724
260	2	61	4	64	126	7	23	-6.03484	-8.73153	-6.13465	-4.22993
261	7	21	5	62	4	61	44	-7.73429	-3.84765	-5.57081	-8.10598
262	2	1	12	3	2	1	5	-2.62857	-2.12381	-3.57797	-5.27772
263	2	4	1	2	2	1	5	-2.77176	-3.66172	-4.16171	-4.22724
264	2	1	12	3	2	1	5	-2.62857	-2.12381	-3.57797	-5.27772
265	2	1	21	3	2	1	5	-2.93642	-2.49721	-4.35174	-4.70422
266	2	1	21	3	2	1	5	-2.93642	-2.49721	-4.35174	-4.70422
267	2	4	1	2	2	1	5	-2.77176	-3.66172	-4.16171	-4.22724
268	2	4	1	2	2	1	5	-2.77176	-3.66172	-4.16171	-4.22724
269	2	4	1	2	7	1	5	-2.29664	-5.67826	-5.95191	-5.59901
270	4	7	10	4	1	7	1	-1.8234	-3.83891	-2.67836	-1.95159
271	1	2	4	62	4	5	17	-6.12446	-4.86161	-7.30058	-9.21406
272	4	1	21	3	2	1	5	-9.84967	-9.97912	-10.4282	-9.99431
273	10	1	16	19	10	5	7	-6.57653	-2.76226	-4.13705	-5.35626
274	33	283	44	82	189	44	17	-7.31551	-3.48736	-5.33652	-6.14249
275	2	1	12	3	2	1	5	-2.62857	-2.12381	-3.57797	-5.27772
276	10	81	50	99	120	76	52	-6.72473	-6.43629	-5.29022	-5.1815
277	4	7	10	4	42	25	1	-8.82057	-10.0581	-5.84657	-5.16515
278	2	4	1	2	2	1	5	-2.77176	-3.66172	-4.16171	-4.22724
279	2	4	5	2	10	1	5	-6.88347	-10.2607	-10.6385	-10.8436
280	2	4	1	2	2	1	5	-2.77176	-3.66172	-4.16171	-4.22724
281	9	2	4	62	4	5	6	-3.70763	-5.22017	-5.80801	-7.36406
282	4	7	10	4	1	7	1	-1.8234	-3.83891	-2.67836	-1.95159
283	2	1	12	3	2	1	5	-2.62857	-2.12381	-3.57797	-5.27772
284	9	2	4	62	4	5	6	-3.70763	-5.22017	-5.80801	-7.36406
285	9	2	4	62	4	5	6	-3.70763	-5.22017	-5.80801	-7.36406
286	2	4	1	2	2	1	5	-2.77176	-3.66172	-4.16171	-4.22724
287	2	1	12	88	2	1	5	-3.9552	-3.43807	-5.65822	-5.47637
288	2	1	21	3	2	1	5	-2.93642	-2.49721	-4.35174	-4.70422
289	33	39	30	79	113	44	17	-26.5046	-23.5744	-25.0188	-27.4942
290	1	2	3	4	5	9	3	-4.71723	-2.50453	-3.56671	-5.16695
291	1	4	2	2	6	3	17	-4.72287	-2.46222	-4.46738	-5.85939
292	9	2	4	62	4	5	6	-3.70763	-5.22017	-5.80801	-7.36406
293	2	1	12	3	2	1	5	-2.62857	-2.12381	-3.57797	-5.27772
294	2	1	5	3	2	5	5	-5.715	-2.84139	-4.04398	-5.77831
295	2	1	5	3	2	5	5	-5.715	-2.84139	-4.04398	-5.77831
296	2	4	1	2	2	1	5	-2.77176	-3.66172	-4.16171	-4.22724
297	2	4	1	2	2	1	5	-2.77176	-3.66172	-4.16171	-4.22724
298	2	1	21	3	2	1	5	-2.93642	-2.49721	-4.35174	-4.70422
299	32	39	30	82	104	324	17	-8.60527	-4.69314	-7.19869	-9.52899
300	2	1	12	3	2	1	5	-2.62857	-2.12381	-3.57797	-5.27772
301	4	7	10	4	1	7	1	-1.8234	-3.83891	-2.67836	-1.95159
302	1	4	2	2	6	3	5	-9.13151	-5.25789	-7.80693	-10.0963
303	2	1	21	3	2	1	5	-2.93642	-2.49721	-4.35174	-4.70422
304	4	7	10	4	42	51	1	-2.92222	-4.65401	-4.98051	-3.8508
305	2	4	1	2	7	1	5	-2.29664	-5.67826	-5.95191	-5.59901
306	7	21	5	62	4	61	44	-7.73429	-3.84765	-5.57081	-8.10598
307	104	7	10	4	1	7	1	-4.39981	-7.80136	-8.15197	-8.33897
308	9	25	2	10	22	3	6	-4.46475	-7.68889	-6.16802	-4.36945
309	2	4	2	2	6	3	17	-10.9699	-7.4844	-10.0106	-10.9433
310	2	4	1	2	7	1	5	-2.29664	-5.67826	-5.95191	-5.59901
311	129	66	30	82	189	47	17	-3.23965	-4.89378	-5.65658	-4.19958
312	33	39	30	82	104	173	68	-5.41767	-3.99413	-6.44477	-8.41122
313	2	1	12	3	2	1	5	-2.62857	-2.12381	-3.57797	-5.27772
314	2	1	1	3	2	1	5	-4.629	-3.79255	-6.21154	-7.94362
315	7	21	5	62	4	61	44	-7.73429	-3.84765	-5.57081	-8.10598
316	2	1	21	3	2	1	5	-2.93642	-2.49721	-4.35174	-4.70422
317	4	7	10	4	1	7	1	-1.8234	-3.83891	-2.67836	-1.95159
318	10	2	107	62	120	76	1	-6.84738	-9.99436	-8.15683	-6.3174
319	4	7	10	4	1	7	1	-1.8234	-3.83891	-2.67836	-1.95159
320	2	1	12	3	2	1	5	-2.62857	-2.12381	-3.57797	-5.27772
321	2	1	5	3	2	3	5	-4.25205	-3.26029	-5.41953	-4.86066
322	4	7	10	4	1	7	1	-1.8234	-3.83891	-2.67836	-1.95159
323	2	1	12	88	2	1	5	-3.9552	-3.43807	-5.65822	-5.47637
324	4	7	10	4	42	7	1	-6.61429	-9.13478	-5.65096	-4.64302
325	4	7	10	4	42	51	1	-2.92222	-4.65401	-4.98051	-3.8508
326	2	1	21	3	2	1	5	-2.93642	-2.49721	-4.35174	-4.70422
327	2	1	12	3	2	1	5	-2.62857	-2.12381	-3.57797	-5.27772
328	4	7	10	4	1	7	1	-1.8234	-3.83891	-2.67836	-1.95159
329	2	4	1	2	7	1	5	-2.29664	-5.67826	-5.95191	-5.59901
330	4	7	10	4	1	7	1	-1.8234	-3.83891	-2.67836	-1.95159
331	2	1	12	3	2	1	5	-2.62857	-2.12381	-3.57797	-5.27772
332	4	7	10	4	1	7	1	-1.8234	-3.83891	-2.67836	-1.95159
333	4	7	10	4	1	7	1	-1.8234	-3.83891	-2.67836	-1.95159
334	1	4	2	2	6	3	17	-4.72287	-2.46222	-4.46738	-5.85939
335	2	4	1	2	2	1	5	-2.77176	-3.66172	-4.16171	-4.22724
336	4	7	10	4	1	7	1	-1.8234	-3.83891	-2.67836	-1.95159
337	7	17	2	15	23	3	12	-6.89055	-10.2859	-10.6549	-10.8577
338	2	1	5	3	2	3	5	-4.25205	-3.26029	-5.41953	-4.86066
339	4	7	10	4	1	7	1	-1.8234	-3.83891	-2.67836	-1.95159
340	4	7	10	4	1	7	1	-1.8234	-3.83891	-2.67836	-1.95159
341	4	7	10	4	42	51	1	-2.92222	-4.65401	-4.98051	-3.8508
342	2	4	1	2	2	1	5	-2.77176	-3.66172	-4.16171	-4.22724
343	2	1	12	88	2	1	5	-3.9552	-3.43807	-5.65822	-5.47637
344	2	1	1	3	2	1	5	-4.629	-3.79255	-6.21154	-7.94362
345	1	2	3	4	5	9	3	-4.71723	-2.50453	-3.56671	-5.16695
346	2	1	12	88	2	1	5	-3.9552	-3.43807	-5.65822	-5.47637
347	2	1	1	3	2	1	5	-4.629	-3.79255	-6.21154	-7.94362
348	24	17	2	10	23	68	5	-9.70307	-5.78942	-8.29625	-10.627
349	4	7	10	4	1	7	1	-1.8234	-3.83891	-2.67836	-1.95159
350	2	1	21	3	2	1	5	-2.93642	-2.49721	-4.35174	-4.70422
351	1	4	2	2	6	3	17	-4.72287	-2.46222	-4.46738	-5.85939
352	2	1	5	3	2	3	5	-4.25205	-3.26029	-5.41953	-4.86066
353	4	7	10	4	1	7	1	-1.8234	-3.83891	-2.67836	-1.95159
354	2	1	1	3	2	1	5	-4.629	-3.79255	-6.21154	-7.94362
355	2	1	12	3	2	1	5	-2.62857	-2.12381	-3.57797	-5.27772
356	8	10	149	2	11	12	6	-4.89125	-3.98752	-5.59527	-7.79284
357	2	4	1	2	2	5	5	-6.81944	-6.40555	-8.69924	-10.1887
358	10	1	16	19	10	5	7	-6.57653	-2.76226	-4.13705	-5.35626
359	24	17	2	10	23	68	5	-9.70307	-5.78942	-8.29625	-10.627
360	1	2	4	62	4	5	17	-6.12446	-4.86161	-7.30058	-9.21406
361	2	4	1	2	7	1	5	-2.29664	-5.67826	-5.95191	-5.59901
362	7	71	5	62	11	67	6	-27.9627	-25.5424	-26.58	-27.7591
363	7	17	5	2	10	3	6	-25.9418	-23.765	-23.9409	-22.5065
364	2	1	5	3	2	3	5	-4.25205	-3.26029	-5.41953	-4.86066
365	9	2	4	62	4	5	6	-3.70763	-5.22017	-5.80801	-7.36406
366	33	38	30	82	104	325	36	-13.6837	-9.84477	-11.4767	-13.6309
367	2	4	1	2	7	1	5	-2.29664	-5.67826	-5.95191	-5.59901
368	47	2	4	2	6	5	17	-11.4512	-11.7479	-6.18316	-8.92676
369	2	1	12	88	2	1	5	-3.9552	-3.43807	-5.65822	-5.47637
370	2	1	12	88	2	1	5	-3.9552	-3.43807	-5.65822	-5.47637
371	2	1	12	88	2	1	5	-3.9552	-3.43807	-5.65822	-5.47637
372	2	1	12	88	2	1	5	-3.9552	-3.43807	-5.65822	-5.47637
373	2	4	1	2	2	1	5	-2.77176	-3.66172	-4.16171	-4.22724
374	2	1	12	88	2	1	5	-3.9552	-3.43807	-5.65822	-5.47637
375	1	1	2	2	6	3	17	-10.1538	-6.12835	-8.72079	-10.8777
376	2	1	12	88	2	1	5	-3.9552	-3.43807	-5.65822	-5.47637
377	2	1	12	88	2	1	5	-3.9552	-3.43807	-5.65822	-5.47637
378	2	4	1	2	2	1	5	-2.77176	-3.66172	-4.16171	-4.22724
379	2	1	12	88	2	1	5	-3.9552	-3.43807	-5.65822	-5.47637
380	2	1	5	3	2	3	5	-4.25205	-3.26029	-5.41953	-4.86066
381	4	7	10	4	1	7	1	-1.8234	-3.83891	-2.67836	-1.95159
382	2	1	12	3	2	1	5	-2.62857	-2.12381	-3.57797	-5.27772
383	1	2	4	62	4	5	17	-6.12446	-4.86161	-7.30058	-9.21406
384	1	4	2	2	6	3	17	-4.72287	-2.46222	-4.46738	-5.85939
385	2	1	12	3	2	1	5	-2.62857	-2.12381	-3.57797	-5.27772
386	2	1	12	88	2	1	5	-3.9552	-3.43807	-5.65822	-5.47637
387	9	2	4	62	4	5	6	-3.70763	-5.22017	-5.80801	-7.36406
388	2	4	1	2	7	1	5	-2.29664	-5.67826	-5.95191	-5.59901
389	2	1	5	3	2	3	5	-4.25205	-3.26029	-5.41953	-4.86066
390	7	21	5	62	4	61	44	-7.73429	-3.84765	-5.57081	-8.10598
391	1	2	215	4	90	24	8	-28.233	-26.2845	-21.118	-19.9055
392	2	1	21	3	2	1	5	-2.93642	-2.49721	-4.35174	-4.70422
393	1	4	2	2	6	3	17	-4.72287	-2.46222	-4.46738	-5.85939
394	2	4	1	2	2	1	5	-2.77176	-3.66172	-4.16171	-4.22724
395	2	1	12	3	2	1	5	-2.62857	-2.12381	-3.57797	-5.27772
396	1	2	3	4	5	9	3	-4.71723	-2.50453	-3.56671	-5.16695
397	2	1	5	3	2	3	5	-4.25205	-3.26029	-5.41953	-4.86066
398	10	1	16	19	10	5	7	-6.57653	-2.76226	-4.13705	-5.35626
399	2	1	2	3	2	959	5	-7.03235	-9.8537	-9.91964	-9.98502
400	10	1	16	19	10	5	7	-6.57653	-2.76226	-4.13705	-5.35626
401	2	4	1	2	7	1	5	-2.29664	-5.67826	-5.95191	-5.59901
402	2	1	12	3	2	1	5	-2.62857	-2.12381	-3.57797	-5.27772
403	8	10	149	2	11	12	6	-4.89125	-3.98752	-5.59527	-7.79284
404	2	4	1	2	7	1	5	-2.29664	-5.67826	-5.95191	-5.59901
405	4	7	10	4	1	7	1	-1.8234	-3.83891	-2.67836	-1.95159
406	4	7	10	4	1	7	1	-1.8234	-3.83891	-2.67836	-1.95159
407	2	4	5	2	2	5	5	-3.66285	-7.02591	-7.0529	-6.08249
408	2	1	12	3	2	1	5	-2.62857	-2.12381	-3.57797	-5.27772
409	166	2	27	10	151	3	1	-29.5084	-30.1477	-26.0032	-23.2431
410	33	39	30	79	113	44	17	-26.5046	-23.5744	-25.0188	-27.4942
411	7	17	2	15	23	3	12	-6.89055	-10.2859	-10.6549	-10.8577
412	1	2	3	4	5	9	3	-4.71723	-2.50453	-3.56671	-5.16695
413	2	4	1	2	7	1	5	-2.29664	-5.67826	-5.95191	-5.59901
414	7	21	5	62	4	61	44	-7.73429	-3.84765	-5.57081	-8.10598
415	2	1	12	3	2	1	5	-2.62857	-2.12381	-3.57797	-5.27772
416	1	2	3	4	5	9	3	-4.71723	-2.50453	-3.56671	-5.16695
417	2	1	5	88	2	11	5	-9.18383	-5.36245	-6.00737	-8.67746
418	2	4	1	2	7	1	5	-2.29664	-5.67826	-5.95191	-5.59901
419	2	1	21	3	2	1	5	-2.93642	-2.49721	-4.35174	-4.70422
420	7	17	2	15	23	3	12	-6.89055	-10.2859	-10.6549	-10.8577
421	2	1	5	88	2	11	5	-9.18383	-5.36245	-6.00737	-8.67746
422	47	2	4	2	6	5	17	-11.4512	-11.7479	-6.18316	-8.92676
423	1	2	3	4	5	9	3	-4.71723	-2.50453	-3.56671	-5.16695
424	7	17	2	15	23	3	12	-6.89055	-10.2859	-10.6549	-10.8577
425	2	4	1	2	2	1	5	-2.77176	-3.66172	-4.16171	-4.22724
426	2	4	1	2	2	1	5	-2.77176	-3.66172	-4.16171	-4.22724
427	2	4	1	2	2	1	5	-2.77176	-3.66172	-4.16171	-4.22724
428	2	1	12	3	2	1	5	-2.62857	-2.12381	-3.57797	-5.27772
429	2	4	5	2	2	5	5	-3.66285	-7.02591	-7.0529	-6.08249
430	2	1	21	3	2	1	5	-2.93642	-2.49721	-4.35174	-4.70422
431	4	7	10	4	42	25	1	-8.82057	-10.0581	-5.84657	-5.16515
432	1	4	2	2	6	3	17	-4.72287	-2.46222	-4.46738	-5.85939
433	1	2	215	4	923	24	8	-28.233	-26.2845	-21.118	-19.9055
434	1	2	3	4	5	9	3	-4.71723	-2.50453	-3.56671	-5.16695
435	2	1	1	3	2	1	5	-4.629	-3.79255	-6.21154	-7.94362
436	1	4	2	2	6	3	17	-4.72287	-2.46222	-4.46738	-5.85939
437	2	4	1	2	2	1	5	-2.77176	-3.66172	-4.16171	-4.22724
438	2	1	5	3	2	5	5	-5.715	-2.84139	-4.04398	-5.77831
439	4	7	10	4	42	51	1	-2.92222	-4.65401	-4.98051	-3.8508
440	4	7	10	4	1	7	1	-1.8234	-3.83891	-2.67836	-1.95159
441	4	7	10	4	1	7	1	-1.8234	-3.83891	-2.67836	-1.95159
442	4	7	10	4	1	7	1	-1.8234	-3.83891	-2.67836	-1.95159
443	2	1	21	3	2	1	5	-2.93642	-2.49721	-4.35174	-4.70422
444	2	1	21	3	2	1	5	-2.93642	-2.49721	-4.35174	-4.70422
445	2	4	1	2	7	1	5	-2.29664	-5.67826	-5.95191	-5.59901
446	4	7	10	4	1	7	1	-1.8234	-3.83891	-2.67836	-1.95159
447	4	7	10	4	1	7	1	-1.8234	-3.83891	-2.67836	-1.95159
448	2	1	1	3	2	1	5	-4.629	-3.79255	-6.21154	-7.94362
449	2	1	21	3	2	1	5	-2.93642	-2.49721	-4.35174	-4.70422
450	2	1	21	3	2	1	5	-2.93642	-2.49721	-4.35174	-4.70422
451	4	7	10	4	42	51	1	-2.92222	-4.65401	-4.98051	-3.8508
452	4	7	10	1	1	7	1	-5.26467	-8.57025	-6.00216	-6.18021
453	239	27	16	19	10	5	7	-10.3983	-6.48496	-8.98985	-11.3216
454	2	1	12	3	2	1	5	-2.62857	-2.12381	-3.57797	-5.27772
455	2	4	1	2	2	1	5	-2.77176	-3.66172	-4.16171	-4.22724
456	2	1	12	3	2	1	5	-2.62857	-2.12381	-3.57797	-5.27772
457	2	1	12	3	2	1	5	-2.62857	-2.12381	-3.57797	-5.27772
458	10	81	50	99	120	76	52	-6.72473	-6.43629	-5.29022	-5.1815
459	47	2	4	2	6	5	17	-11.4512	-11.7479	-6.18316	-8.92676
460	2	4	1	3	2	1	5	-6.82591	-8.43188	-9.79565	-10.3314
461	4	7	10	4	1	7	1	-1.8234	-3.83891	-2.67836	-1.95159
462	2	1	1	380	2	1	5	-6.16035	-5.74406	-8.11201	-9.66504
463	2	4	1	2	7	1	5	-2.29664	-5.67826	-5.95191	-5.59901
464	2	1	12	88	2	1	5	-3.9552	-3.43807	-5.65822	-5.47637
465	7	71	5	62	11	67	1	-29.7571	-25.7882	-25.3635	-26.8771
466	2	4	1	2	7	1	5	-2.29664	-5.67826	-5.95191	-5.59901
467	4	7	10	4	1	7	1	-1.8234	-3.83891	-2.67836	-1.95159
468	2	1	1	380	2	1	5	-6.16035	-5.74406	-8.11201	-9.66504
469	2	4	1	2	2	1	5	-2.77176	-3.66172	-4.16171	-4.22724
470	2	1	12	3	2	1	5	-2.62857	-2.12381	-3.57797	-5.27772
471	1	14	2	2	6	1	17	-9.49762	-6.45802	-7.84918	-6.32444
472	1	2	4	62	4	5	17	-6.12446	-4.86161	-7.30058	-9.21406
473	4	7	10	4	1	7	1	-1.8234	-3.83891	-2.67836	-1.95159
474	2	1	21	3	2	1	5	-2.93642	-2.49721	-4.35174	-4.70422
475	2	4	1	2	2	1	5	-2.77176	-3.66172	-4.16171	-4.22724
476	1	4	2	2	6	3	17	-4.72287	-2.46222	-4.46738	-5.85939
477	4	7	10	4	1	7	1	-1.8234	-3.83891	-2.67836	-1.95159
478	10	2	107	62	120	76	1	-6.84738	-9.99436	-8.15683	-6.3174
479	2	1	12	3	2	1	5	-2.62857	-2.12381	-3.57797	-5.27772
480	2	1	5	3	2	3	5	-4.25205	-3.26029	-5.41953	-4.86066
481	2	1	21	3	2	1	5	-2.93642	-2.49721	-4.35174	-4.70422
482	1	2	3	4	5	9	3	-4.71723	-2.50453	-3.56671	-5.16695
483	1	307	3	4	5	9	3	-6.85034	-6.45216	-6.10436	-8.71055
484	7	2	5	2	10	3	6	-31.9292	-26.8704	-28.576	-28.6123
485	1	2	3	4	5	9	3	-4.71723	-2.50453	-3.56671	-5.16695
486	33	39	30	82	104	173	68	-5.41767	-3.99413	-6.44477	-8.41122
487	4	7	10	4	42	7	1	-6.61429	-9.13478	-5.65096	-4.64302
488	2	1	12	88	2	1	5	-3.9552	-3.43807	-5.65822	-5.47637
489	2	4	1	2	2	1	5	-2.77176	-3.66172	-4.16171	-4.22724
490	2	1	21	3	2	1	5	-2.93642	-2.49721	-4.35174	-4.70422
491	9	2	4	62	4	5	6	-3.70763	-5.22017	-5.80801	-7.36406
492	2	1	5	3	2	3	5	-4.25205	-3.26029	-5.41953	-4.86066
493	4	7	10	4	1	7	1	-1.8234	-3.83891	-2.67836	-1.95159
494	2	1	57	26	127	29	35	-6.87614	-10.0653	-6.16859	-8.77007
495	2	1	57	26	127	29	35	-6.87614	-10.0653	-6.16859	-8.77007
496	2	4	2	4	19	3	6	-5.78765	-9.17631	-9.54696	-9.74481
497	2	1	12	3	2	1	5	-2.62857	-2.12381	-3.57797	-5.27772
498	2	4	1	2	2	1	5	-2.77176	-3.66172	-4.16171	-4.22724
499	2	4	1	2	2	1	5	-2.77176	-3.66172	-4.16171	-4.22724
500	2	1	21	3	2	1	5	-2.93642	-2.49721	-4.35174	-4.70422
501	33	39	65	79	104	43	17	-4.58726	-7.983	-8.35156	-8.55533
502	1	14	2	2	6	1	17	-9.49762	-6.45802	-7.84918	-6.32444
503	2	1	12	3	2	1	5	-2.62857	-2.12381	-3.57797	-5.27772
504	7	21	5	62	4	61	44	-7.73429	-3.84765	-5.57081	-8.10598
505	9	2	4	62	4	5	6	-3.70763	-5.22017	-5.80801	-7.36406
506	129	66	30	82	189	47	17	-3.23965	-4.89378	-5.65658	-4.19958
507	2	1	21	3	2	1	5	-2.93642	-2.49721	-4.35174	-4.70422
508	47	2	4	2	6	5	17	-11.4512	-11.7479	-6.18316	-8.92676
509	2	4	1	2	7	1	5	-2.29664	-5.67826	-5.95191	-5.59901
510	33	38	30	82	104	325	36	-13.6837	-9.84477	-11.4767	-13.6309
511	1	4	2	2	6	3	17	-4.72287	-2.46222	-4.46738	-5.85939
512	1	4	2	2	6	3	17	-4.72287	-2.46222	-4.46738	-5.85939
513	2	4	1	2	2	1	5	-2.77176	-3.66172	-4.16171	-4.22724
514	4	7	10	4	1	7	1	-1.8234	-3.83891	-2.67836	-1.95159
515	33	283	44	82	189	44	17	-7.31551	-3.48736	-5.33652	-6.14249
516	8	10	149	2	11	12	6	-4.89125	-3.98752	-5.59527	-7.79284
517	2	1	21	3	62	1	5	-5.78528	-9.16004	-9.544	-9.74806
518	10	1	16	19	10	5	7	-6.57653	-2.76226	-4.13705	-5.35626
519	180	194	2	68	19	231	147	-21.7123	-25.4626	-21.4732	-20.7965
520	2	4	1	2	7	1	5	-2.29664	-5.67826	-5.95191	-5.59901
521	2	4	2	2	6	1	5	-6.11308	-4.84512	-5.89556	-8.36168
522	1	2	3	4	5	9	3	-4.71723	-2.50453	-3.56671	-5.16695
523	2	1	21	3	2	1	5	-2.93642	-2.49721	-4.35174	-4.70422
524	2	1	12	3	2	1	5	-2.62857	-2.12381	-3.57797	-5.27772
525	2	1	5	3	2	3	5	-4.25205	-3.26029	-5.41953	-4.86066
526	1	307	3	4	5	9	3	-6.85034	-6.45216	-6.10436	-8.71055
527	2	4	1	2	7	1	5	-2.29664	-5.67826	-5.95191	-5.59901
528	2	1	12	3	2	1	5	-2.62857	-2.12381	-3.57797	-5.27772
529	7	21	5	62	4	61	44	-7.73429	-3.84765	-5.57081	-8.10598
530	2	1	5	3	2	3	5	-4.25205	-3.26029	-5.41953	-4.86066
531	2	1	12	88	2	1	5	-3.9552	-3.43807	-5.65822	-5.47637
532	2	1	21	3	2	1	5	-2.93642	-2.49721	-4.35174	-4.70422
533	1	4	2	2	6	3	17	-4.72287	-2.46222	-4.46738	-5.85939
534	2	4	1	2	7	1	5	-2.29664	-5.67826	-5.95191	-5.59901
535	47	2	4	2	6	5	17	-11.4512	-11.7479	-6.18316	-8.92676
536	1	4	2	2	6	3	17	-4.72287	-2.46222	-4.46738	-5.85939
537	1	2	3	4	5	9	3	-4.71723	-2.50453	-3.56671	-5.16695
538	2	4	1	2	2	1	5	-2.77176	-3.66172	-4.16171	-4.22724
539	4	7	10	4	42	7	1	-6.61429	-9.13478	-5.65096	-4.64302
540	2	4	1	9	2	1	5	-6.04285	-7.01799	-6.64673	-6.53631
541	2	1	12	3	2	1	5	-2.62857	-2.12381	-3.57797	-5.27772
542	1	4	2	9	6	3	17	-8.00012	-5.76916	-6.92182	-8.1571
543	1	2	3	4	922	9	3	-8.0035	-5.86297	-6.05304	-7.47676
544	4	7	10	4	1	7	1	-1.8234	-3.83891	-2.67836	-1.95159
545	2	1	5	3	2	3	5	-4.25205	-3.26029	-5.41953	-4.86066
546	2	4	1	2	7	1	5	-2.29664	-5.67826	-5.95191	-5.59901
547	4	7	10	4	1	7	1	-1.8234	-3.83891	-2.67836	-1.95159
548	2	4	1	2	2	1	5	-2.77176	-3.66172	-4.16171	-4.22724
549	2	1	21	3	2	1	5	-2.93642	-2.49721	-4.35174	-4.70422
550	4	7	10	4	1	7	1	-1.8234	-3.83891	-2.67836	-1.95159
551	1	4	2	2	6	3	17	-4.72287	-2.46222	-4.46738	-5.85939
552	2	1	5	3	2	5	5	-5.715	-2.84139	-4.04398	-5.77831
553	2	1	12	3	2	1	5	-2.62857	-2.12381	-3.57797	-5.27772
554	4	936	10	4	1	7	1	-5.1043	-7.19458	-5.13586	-4.26514
555	180	194	2	68	19	231	147	-21.7123	-25.4626	-21.4732	-20.7965
556	4	7	10	4	42	51	1	-2.92222	-4.65401	-4.98051	-3.8508
557	4	7	10	4	42	25	1	-8.82057	-10.0581	-5.84657	-5.16515
558	2	1	21	3	2	1	5	-2.93642	-2.49721	-4.35174	-4.70422
559	2	1	5	3	2	3	5	-4.25205	-3.26029	-5.41953	-4.86066
560	2	1	5	3	2	3	5	-4.25205	-3.26029	-5.41953	-4.86066
561	4	7	10	4	42	51	1	-2.92222	-4.65401	-4.98051	-3.8508
562	4	7	10	4	1	7	1	-1.8234	-3.83891	-2.67836	-1.95159
563	2	4	1	2	7	1	5	-2.29664	-5.67826	-5.95191	-5.59901
564	2	1	21	3	2	1	5	-2.93642	-2.49721	-4.35174	-4.70422
565	1	4	2	2	6	3	17	-4.72287	-2.46222	-4.46738	-5.85939
566	188	313	5	2	89	5	6	-39.9315	-34.6203	-36.3103	-40.4677
567	2	1	21	3	2	1	5	-2.93642	-2.49721	-4.35174	-4.70422
568	2	1	1	3	2	1	5	-4.629	-3.79255	-6.21154	-7.94362
569	2	1	5	3	2	3	5	-4.25205	-3.26029	-5.41953	-4.86066
570	2	4	1	2	2	1	5	-2.77176	-3.66172	-4.16171	-4.22724
571	2	1	5	3	2	3	5	-4.25205	-3.26029	-5.41953	-4.86066
572	2	1	1	3	2	1	5	-4.629	-3.79255	-6.21154	-7.94362
573	2	1	5	3	2	3	5	-4.25205	-3.26029	-5.41953	-4.86066
574	1	4	2	2	6	3	17	-4.72287	-2.46222	-4.46738	-5.85939
575	1	4	2	2	6	3	17	-4.72287	-2.46222	-4.46738	-5.85939
576	2	1	21	3	2	1	5	-2.93642	-2.49721	-4.35174	-4.70422
577	239	27	16	19	10	5	7	-10.3983	-6.48496	-8.98985	-11.3216
578	2	4	5	2	2	5	5	-3.66285	-7.02591	-7.0529	-6.08249
579	9	2	4	62	4	5	6	-3.70763	-5.22017	-5.80801	-7.36406
580	2	1	1	3	2	1	5	-4.629	-3.79255	-6.21154	-7.94362
581	2	1	5	3	2	3	5	-4.25205	-3.26029	-5.41953	-4.86066
582	1	4	2	2	6	3	17	-4.72287	-2.46222	-4.46738	-5.85939
583	2	4	5	2	2	5	5	-3.66285	-7.02591	-7.0529	-6.08249
584	2	4	5	2	2	5	5	-3.66285	-7.02591	-7.0529	-6.08249
585	2	1	5	3	2	3	5	-4.25205	-3.26029	-5.41953	-4.86066
586	2	1	1	380	2	1	5	-6.16035	-5.74406	-8.11201	-9.66504
587	2	7	10	4	1	7	1	-6.60006	-8.64139	-8.13972	-7.01903
588	2	1	12	3	2	1	5	-2.62857	-2.12381	-3.57797	-5.27772
589	2	4	1	2	2	1	5	-2.77176	-3.66172	-4.16171	-4.22724
590	9	2	4	62	4	5	6	-3.70763	-5.22017	-5.80801	-7.36406
591	2	4	5	2	2	5	5	-3.66285	-7.02591	-7.0529	-6.08249
592	1	4	2	2	6	3	17	-4.72287	-2.46222	-4.46738	-5.85939
593	1	4	2	2	6	5	17	-12.9801	-8.5468	-11.3189	-13.911
594	2	4	2	2	6	1	5	-6.11308	-4.84512	-5.89556	-8.36168
595	1	4	2	2	6	5	17	-12.9801	-8.5468	-11.3189	-13.911
596	2	23	21	3	2	1	5	-6.22357	-5.86114	-6.83993	-7.01597
597	7	21	5	62	4	61	44	-7.73429	-3.84765	-5.57081	-8.10598
598	2	4	1	2	2	1	5	-2.77176	-3.66172	-4.16171	-4.22724
599	1	307	3	4	5	9	3	-6.85034	-6.45216	-6.10436	-8.71055
600	1	2	3	4	5	9	3	-4.71723	-2.50453	-3.56671	-5.16695
601	9	2	4	62	4	5	6	-3.70763	-5.22017	-5.80801	-7.36406
602	2	1	12	3	2	1	5	-2.62857	-2.12381	-3.57797	-5.27772
603	1	4	2	2	6	3	17	-4.72287	-2.46222	-4.46738	-5.85939
604	10	1	16	19	10	5	7	-6.57653	-2.76226	-4.13705	-5.35626
605	2	1	12	3	2	1	5	-2.62857	-2.12381	-3.57797	-5.27772
606	180	194	2	68	19	231	147	-21.7123	-25.4626	-21.4732	-20.7965
607	2	1	12	3	2	1	5	-2.62857	-2.12381	-3.57797	-5.27772
608	4	7	10	4	1	7	1	-1.8234	-3.83891	-2.67836	-1.95159
609	129	66	30	82	189	47	17	-3.23965	-4.89378	-5.65658	-4.19958
610	4	7	10	4	1	7	1	-1.8234	-3.83891	-2.67836	-1.95159
611	2	1	12	3	2	1	5	-2.62857	-2.12381	-3.57797	-5.27772
612	2	1	21	3	2	1	5	-2.93642	-2.49721	-4.35174	-4.70422
613	4	7	10	4	1	7	1	-1.8234	-3.83891	-2.67836	-1.95159
614	10	1	16	19	10	5	7	-6.57653	-2.76226	-4.13705	-5.35626
615	8	10	149	2	11	12	6	-4.89125	-3.98752	-5.59527	-7.79284
616	129	66	30	82	189	47	17	-3.23965	-4.89378	-5.65658	-4.19958
617	2	4	1	2	2	1	5	-2.77176	-3.66172	-4.16171	-4.22724
618	180	194	2	68	19	231	147	-21.7123	-25.4626	-21.4732	-20.7965
619	2	1	5	3	2	3	5	-4.25205	-3.26029	-5.41953	-4.86066
620	2	4	1	2	2	1	5	-2.77176	-3.66172	-4.16171	-4.22724
621	1	2	3	4	5	9	3	-4.71723	-2.50453	-3.56671	-5.16695
622	180	194	2	68	19	231	147	-21.7123	-25.4626	-21.4732	-20.7965
623	33	39	65	79	104	43	17	-4.58726	-7.983	-8.35156	-8.55533
624	2	4	5	2	2	5	5	-3.66285	-7.02591	-7.0529	-6.08249
625	2	1	5	3	2	5	5	-5.715	-2.84139	-4.04398	-5.77831
626	2	1	12	3	2	1	5	-2.62857	-2.12381	-3.57797	-5.27772
627	180	194	2	68	19	231	147	-21.7123	-25.4626	-21.4732	-20.7965
628	2	1	21	3	2	1	5	-2.93642	-2.49721	-4.35174	-4.70422
629	2	1	5	3	2	5	5	-5.715	-2.84139	-4.04398	-5.77831
630	2	1	21	3	2	1	5	-2.93642	-2.49721	-4.35174	-4.70422
631	1	2	3	4	5	9	3	-4.71723	-2.50453	-3.56671	-5.16695
632	2	1	21	3	2	1	5	-2.93642	-2.49721	-4.35174	-4.70422
633	8	10	2	2	11	12	6	-3.94403	-7.27839	-7.70398	-7.91121
634	2	4	1	2	7	1	5	-2.29664	-5.67826	-5.95191	-5.59901
635	2	1	5	3	2	3	5	-4.25205	-3.26029	-5.41953	-4.86066
636	1	2	3	4	5	9	3	-4.71723	-2.50453	-3.56671	-5.16695
637	9	2	4	62	4	5	6	-3.70763	-5.22017	-5.80801	-7.36406
638	2	1	21	3	2	1	5	-2.93642	-2.49721	-4.35174	-4.70422
639	8	10	149	2	11	12	6	-4.89125	-3.98752	-5.59527	-7.79284
640	2	1	12	88	2	1	5	-3.9552	-3.43807	-5.65822	-5.47637
641	2	4	1	2	2	1	5	-2.77176	-3.66172	-4.16171	-4.22724
642	2	1	5	10	10	1	5	-23.6649	-22.7023	-23.0501	-23.5021
643	1	2	3	4	5	9	3	-4.71723	-2.50453	-3.56671	-5.16695
644	2	4	1	2	7	1	5	-2.29664	-5.67826	-5.95191	-5.59901
645	2	4	1	2	2	1	5	-2.77176	-3.66172	-4.16171	-4.22724
646	1	2	3	4	5	9	3	-4.71723	-2.50453	-3.56671	-5.16695
647	2	1	12	88	2	1	5	-3.9552	-3.43807	-5.65822	-5.47637
648	4	7	10	4	1	7	1	-1.8234	-3.83891	-2.67836	-1.95159
649	2	1	21	3	2	1	5	-2.93642	-2.49721	-4.35174	-4.70422
650	2	4	1	2	7	1	5	-2.29664	-5.67826	-5.95191	-5.59901
651	33	38	30	82	118	43	17	-20.413	-18.6	-20.9855	-23.4066
652	2	4	1	2	2	1	5	-2.77176	-3.66172	-4.16171	-4.22724
653	2	1	5	3	2	3	5	-4.25205	-3.26029	-5.41953	-4.86066
654	4	7	10	4	1	7	1	-1.8234	-3.83891	-2.67836	-1.95159
655	8	10	2	2	11	12	6	-3.94403	-7.27839	-7.70398	-7.91121
656	2	4	5	2	2	5	5	-3.66285	-7.02591	-7.0529	-6.08249
657	4	7	10	4	1	7	1	-1.8234	-3.83891	-2.67836	-1.95159
658	2	1	5	3	2	3	5	-4.25205	-3.26029	-5.41953	-4.86066
659	33	39	30	82	113	47	17	-5.77105	-5.75795	-8.04601	-9.40708
660	2	1	21	3	2	1	5	-2.93642	-2.49721	-4.35174	-4.70422
661	2	4	1	2	7	1	5	-2.29664	-5.67826	-5.95191	-5.59901
662	2	1	1	3	2	1	5	-4.629	-3.79255	-6.21154	-7.94362
663	4	7	10	4	1	7	1	-1.8234	-3.83891	-2.67836	-1.95159
664	7	21	5	62	4	61	44	-7.73429	-3.84765	-5.57081	-8.10598
665	10	81	50	99	120	76	52	-6.72473	-6.43629	-5.29022	-5.1815
666	4	7	10	4	1	7	1	-1.8234	-3.83891	-2.67836	-1.95159
667	1	2	3	4	5	9	3	-4.71723	-2.50453	-3.56671	-5.16695
668	1	2	3	4	5	9	3	-4.71723	-2.50453	-3.56671	-5.16695
669	2	4	1	2	7	1	5	-2.29664	-5.67826	-5.95191	-5.59901
670	4	7	10	4	1	7	1	-1.8234	-3.83891	-2.67836	-1.95159
671	2	1	5	3	2	3	5	-4.25205	-3.26029	-5.41953	-4.86066
672	1	4	2	2	6	3	17	-4.72287	-2.46222	-4.46738	-5.85939
673	4	935	10	4	1	7	1	-5.1043	-7.19458	-5.13586	-4.26514
674	10	1	16	19	10	5	7	-6.57653	-2.76226	-4.13705	-5.35626
675	4	7	10	4	1	7	1	-1.8234	-3.83891	-2.67836	-1.95159
676	33	39	65	79	104	43	17	-4.58726	-7.983	-8.35156	-8.55533
677	2	4	2	2	6	1	5	-6.11308	-4.84512	-5.89556	-8.36168
678	4	7	10	4	42	25	1	-8.82057	-10.0581	-5.84657	-5.16515
679	1	4	2	2	6	3	17	-4.72287	-2.46222	-4.46738	-5.85939
680	4	7	10	4	42	25	1	-8.82057	-10.0581	-5.84657	-5.16515
681	4	7	10	4	42	25	1	-8.82057	-10.0581	-5.84657	-5.16515
682	4	7	10	4	1	7	1	-1.8234	-3.83891	-2.67836	-1.95159
683	2	4	1	2	7	1	5	-2.29664	-5.67826	-5.95191	-5.59901
684	4	7	10	4	1	7	1	-1.8234	-3.83891	-2.67836	-1.95159
685	4	7	10	4	42	7	1	-6.61429	-9.13478	-5.65096	-4.64302
686	10	27	16	19	10	5	7	-20.9858	-12.6336	-15.8275	-18.0828
687	10	81	50	99	120	76	52	-6.72473	-6.43629	-5.29022	-5.1815
688	4	7	10	4	1	7	1	-1.8234	-3.83891	-2.67836	-1.95159
689	4	7	10	4	42	51	1	-2.92222	-4.65401	-4.98051	-3.8508
690	4	7	10	4	1	7	1	-1.8234	-3.83891	-2.67836	-1.95159
691	10	81	50	99	120	76	52	-6.72473	-6.43629	-5.29022	-5.1815
692	2	4	1	2	2	1	5	-2.77176	-3.66172	-4.16171	-4.22724
693	4	7	10	4	42	51	1	-2.92222	-4.65401	-4.98051	-3.8508
694	4	7	10	4	42	51	1	-2.92222	-4.65401	-4.98051	-3.8508
695	4	7	10	4	42	51	1	-2.92222	-4.65401	-4.98051	-3.8508
696	8	10	2	2	11	12	6	-3.94403	-7.27839	-7.70398	-7.91121
697	33	38	30	82	104	43	17	-5.28028	-8.67471	-9.0432	-9.23778
698	4	7	10	4	1	7	1	-1.8234	-3.83891	-2.67836	-1.95159
699	10	81	50	99	120	76	52	-6.72473	-6.43629	-5.29022	-5.1815
700	2	4	1	2	7	1	5	-2.29664	-5.67826	-5.95191	-5.59901
701	4	7	10	4	1	7	1	-1.8234	-3.83891	-2.67836	-1.95159
702	4	7	10	4	1	7	1	-1.8234	-3.83891	-2.67836	-1.95159
703	10	81	50	99	120	76	52	-6.72473	-6.43629	-5.29022	-5.1815
704	4	7	10	4	42	51	1	-2.92222	-4.65401	-4.98051	-3.8508
705	9	2	4	62	4	5	6	-3.70763	-5.22017	-5.80801	-7.36406
706	4	7	10	4	1	7	1	-1.8234	-3.83891	-2.67836	-1.95159
707	2	1	1	3	2	1	5	-4.629	-3.79255	-6.21154	-7.94362
708	1	14	2	2	6	1	17	-9.49762	-6.45802	-7.84918	-6.32444
709	2	4	2	2	6	1	5	-6.11308	-4.84512	-5.89556	-8.36168
710	2	4	2	2	6	1	5	-6.11308	-4.84512	-5.89556	-8.36168
711	4	7	10	4	42	51	1	-2.92222	-4.65401	-4.98051	-3.8508
712	10	2	107	62	120	76	1	-6.84738	-9.99436	-8.15683	-6.3174
713	2	1	12	3	2	1	5	-2.62857	-2.12381	-3.57797	-5.27772
714	2	4	1	2	2	1	5	-2.77176	-3.66172	-4.16171	-4.22724
715	47	2	4	2	6	5	17	-11.4512	-11.7479	-6.18316	-8.92676
716	4	7	10	4	42	5	1	-11.153	-10.7209	-11.1789	-11.3696
717	2	1	12	3	2	1	5	-2.62857	-2.12381	-3.57797	-5.27772
718	4	7	10	4	42	51	1	-2.92222	-4.65401	-4.98051	-3.8508
719	1	307	3	4	5	9	3	-6.85034	-6.45216	-6.10436	-8.71055
720	2	1	21	3	2	1	5	-2.93642	-2.49721	-4.35174	-4.70422
721	4	7	10	4	1	7	1	-1.8234	-3.83891	-2.67836	-1.95159
722	2	4	1	2	2	1	5	-2.77176	-3.66172	-4.16171	-4.22724
723	2	1	12	3	2	1	5	-2.62857	-2.12381	-3.57797	-5.27772
724	4	7	10	4	1	7	1	-1.8234	-3.83891	-2.67836	-1.95159
725	2	1	21	3	2	1	5	-2.93642	-2.49721	-4.35174	-4.70422
726	2	1	1	3	2	1	5	-4.629	-3.79255	-6.21154	-7.94362
727	4	7	10	4	1	7	1	-1.8234	-3.83891	-2.67836	-1.95159
728	2	1	12	3	2	1	5	-2.62857	-2.12381	-3.57797	-5.27772
729	1	4	3	2	6	3	17	-14.7434	-9.03467	-11.5904	-14.275
730	2	1	12	3	2	1	5	-2.62857	-2.12381	-3.57797	-5.27772
731	2	1	12	88	2	1	5	-3.9552	-3.43807	-5.65822	-5.47637
732	1	4	2	2	6	3	17	-4.72287	-2.46222	-4.46738	-5.85939
733	4	7	10	4	42	51	1	-2.92222	-4.65401	-4.98051	-3.8508
734	2	1	12	3	2	1	5	-2.62857	-2.12381	-3.57797	-5.27772
735	4	7	10	4	1	7	1	-1.8234	-3.83891	-2.67836	-1.95159
736	2	1	12	88	2	1	5	-3.9552	-3.43807	-5.65822	-5.47637
737	2	1	21	3	2	1	5	-2.93642	-2.49721	-4.35174	-4.70422
738	2	4	5	2	2	5	5	-3.66285	-7.02591	-7.0529	-6.08249
739	2	4	5	2	2	5	5	-3.66285	-7.02591	-7.0529	-6.08249
740	2	1	21	3	62	1	5	-5.78528	-9.16004	-9.544	-9.74806
741	4	7	10	4	42	25	1	-8.82057	-10.0581	-5.84657	-5.16515
742	1	2	4	62	4	5	17	-6.12446	-4.86161	-7.30058	-9.21406
743	1	2	3	4	5	9	3	-4.71723	-2.50453	-3.56671	-5.16695
744	8	10	2	2	11	12	6	-3.94403	-7.27839	-7.70398	-7.91121
745	2	1	12	88	2	1	5	-3.9552	-3.43807	-5.65822	-5.47637
746	2	4	5	2	2	5	5	-3.66285	-7.02591	-7.0529	-6.08249
747	2	1	12	3	2	1	5	-2.62857	-2.12381	-3.57797	-5.27772
748	7	21	5	62	4	61	44	-7.73429	-3.84765	-5.57081	-8.10598
749	9	2	4	62	4	5	6	-3.70763	-5.22017	-5.80801	-7.36406
750	10	1	16	19	10	5	7	-6.57653	-2.76226	-4.13705	-5.35626
751	10	1	16	19	10	5	7	-6.57653	-2.76226	-4.13705	-5.35626
752	8	10	2	2	11	12	6	-3.94403	-7.27839	-7.70398	-7.91121
753	1	4	2	2	6	3	17	-4.72287	-2.46222	-4.46738	-5.85939
754	2	1	12	3	2	1	5	-2.62857	-2.12381	-3.57797	-5.27772
755	2	1	12	88	2	1	5	-3.9552	-3.43807	-5.65822	-5.47637
756	2	29	4	27	10	25	57	-20.1624	-22.1576	-14.8185	-11.7396
757	2	1	5	3	2	3	5	-4.25205	-3.26029	-5.41953	-4.86066
758	2	1	12	3	2	1	5	-2.62857	-2.12381	-3.57797	-5.27772
759	37	52	57	26	107	29	23	-8.582	-9.82633	-5.77137	-4.90948
760	2	4	1	2	7	1	5	-2.29664	-5.67826	-5.95191	-5.59901
761	1	2	3	4	5	9	3	-4.71723	-2.50453	-3.56671	-5.16695
762	2	1	12	3	2	1	5	-2.62857	-2.12381	-3.57797	-5.27772
763	1	4	2	2	6	3	17	-4.72287	-2.46222	-4.46738	-5.85939
764	1	4	2	2	6	3	17	-4.72287	-2.46222	-4.46738	-5.85939
765	1	2	3	4	5	9	3	-4.71723	-2.50453	-3.56671	-5.16695
766	4	7	10	4	1	7	1	-1.8234	-3.83891	-2.67836	-1.95159
767	2	1	21	3	2	1	5	-2.93642	-2.49721	-4.35174	-4.70422
768	2	1	12	3	2	1	5	-2.62857	-2.12381	-3.57797	-5.27772
769	2	4	1	2	2	5	5	-6.81944	-6.40555	-8.69924	-10.1887
770	2	4	1	2	2	1	5	-2.77176	-3.66172	-4.16171	-4.22724
771	2	4	5	2	2	5	5	-3.66285	-7.02591	-7.0529	-6.08249
772	10	1	16	19	10	5	7	-6.57653	-2.76226	-4.13705	-5.35626
773	7	21	5	62	4	61	44	-7.73429	-3.84765	-5.57081	-8.10598
774	9	2	4	62	4	5	6	-3.70763	-5.22017	-5.80801	-7.36406
775	2	1	12	3	2	1	5	-2.62857	-2.12381	-3.57797	-5.27772
776	1	4	2	2	6	3	17	-4.72287	-2.46222	-4.46738	-5.85939
777	4	7	10	4	1	7	1	-1.8234	-3.83891	-2.67836	-1.95159
778	2	1	12	3	2	1	5	-2.62857	-2.12381	-3.57797	-5.27772
779	2	1	5	3	2	5	5	-5.715	-2.84139	-4.04398	-5.77831
780	2	23	21	3	2	1	5	-6.22357	-5.86114	-6.83993	-7.01597
781	2	4	5	2	2	5	5	-3.66285	-7.02591	-7.0529	-6.08249
782	2	4	2	2	6	1	5	-6.11308	-4.84512	-5.89556	-8.36168
783	2	1	12	3	2	1	5	-2.62857	-2.12381	-3.57797	-5.27772
784	4	7	10	4	42	51	1	-2.92222	-4.65401	-4.98051	-3.8508
785	7	17	5	2	86	232	1	-27.574	-30.5577	-27.2561	-24.8517
786	2	4	1	2	2	1	5	-2.77176	-3.66172	-4.16171	-4.22724
787	2	1	12	3	2	1	5	-2.62857	-2.12381	-3.57797	-5.27772
788	2	1	21	3	2	1	5	-2.93642	-2.49721	-4.35174	-4.70422
789	7	17	2	15	23	3	12	-6.89055	-10.2859	-10.6549	-10.8577
790	2	1	5	3	2	5	5	-5.715	-2.84139	-4.04398	-5.77831
791	1	6	60	24	12	28	1	-26.9919	-28.7437	-18.7315	-18.0362
792	1	2	3	4	5	9	3	-4.71723	-2.50453	-3.56671	-5.16695
793	2	4	5	2	2	5	5	-3.66285	-7.02591	-7.0529	-6.08249
794	1	2	3	4	5	9	3	-4.71723	-2.50453	-3.56671	-5.16695
795	1	6	60	24	12	28	1	-26.9919	-28.7437	-18.7315	-18.0362
796	9	2	4	62	4	5	6	-3.70763	-5.22017	-5.80801	-7.36406
797	2	4	1	2	2	1	5	-2.77176	-3.66172	-4.16171	-4.22724
798	4	7	10	4	1	7	1	-1.8234	-3.83891	-2.67836	-1.95159
799	2	4	5	2	2	5	5	-3.66285	-7.02591	-7.0529	-6.08249
800	7	2	2	2	11	12	6	-4.49065	-7.88483	-8.25424	-8.45755
801	2	1	21	3	2	1	941	-6.2239	-5.84194	-6.83012	-7.01405
802	9	2	2	10	10	3	5	-30.3882	-24.5567	-26.0546	-24.9047
803	8	10	149	2	11	12	6	-4.89125	-3.98752	-5.59527	-7.79284
804	7	1	5	2	10	3	6	-32.9138	-28.5827	-29.8537	-28.6185
805	2	1	21	3	2	1	5	-2.93642	-2.49721	-4.35174	-4.70422
806	33	39	30	82	113	43	17	-9.99369	-6.47588	-6.12795	-8.84277
807	1	6	60	24	12	28	1	-26.9919	-28.7437	-18.7315	-18.0362
808	1	6	60	24	12	28	1	-26.9919	-28.7437	-18.7315	-18.0362
809	7	17	2	15	23	3	12	-6.89055	-10.2859	-10.6549	-10.8577
810	1	4	2	2	6	3	17	-4.72287	-2.46222	-4.46738	-5.85939
811	1	4	2	2	6	3	17	-4.72287	-2.46222	-4.46738	-5.85939
812	7	21	5	62	4	61	44	-7.73429	-3.84765	-5.57081	-8.10598
813	239	27	16	19	10	5	7	-10.3983	-6.48496	-8.98985	-11.3216
814	9	2	4	62	4	5	6	-3.70763	-5.22017	-5.80801	-7.36406
815	10	1	16	19	10	5	7	-6.57653	-2.76226	-4.13705	-5.35626
816	2	1	5	3	2	5	5	-5.715	-2.84139	-4.04398	-5.77831
817	2	4	5	2	2	5	5	-3.66285	-7.02591	-7.0529	-6.08249
818	8	10	2	2	11	12	6	-3.94403	-7.27839	-7.70398	-7.91121
819	7	17	2	15	23	3	12	-6.89055	-10.2859	-10.6549	-10.8577
820	2	4	1	4	1	1	5	-15.7263	-17.5966	-15.7842	-14.6848
821	4	7	10	4	1	7	1	-1.8234	-3.83891	-2.67836	-1.95159
822	8	10	149	2	11	12	6	-4.89125	-3.98752	-5.59527	-7.79284
823	2	1	12	88	2	1	5	-3.9552	-3.43807	-5.65822	-5.47637
824	2	4	2	2	6	1	5	-6.11308	-4.84512	-5.89556	-8.36168
825	10	81	50	99	120	76	52	-6.72473	-6.43629	-5.29022	-5.1815
826	2	4	5	2	2	5	5	-3.66285	-7.02591	-7.0529	-6.08249
827	2	4	1	2	2	5	5	-6.81944	-6.40555	-8.69924	-10.1887
828	8	10	149	2	11	12	6	-4.89125	-3.98752	-5.59527	-7.79284
829	1	4	2	2	6	3	17	-4.72287	-2.46222	-4.46738	-5.85939
830	2	165	73	147	220	190	104	-8.92624	-10.2639	-7.14562	-5.23058
831	4	7	10	4	42	25	1	-8.82057	-10.0581	-5.84657	-5.16515
832	7	2	2	2	11	12	6	-4.49065	-7.88483	-8.25424	-8.45755
833	1	6	60	24	12	28	1	-26.9919	-28.7437	-18.7315	-18.0362
834	2	1	12	3	2	1	5	-2.62857	-2.12381	-3.57797	-5.27772
835	33	39	65	79	104	77	17	-5.28022	-8.6753	-9.04478	-9.24835
836	4	7	10	4	1	7	1	-1.8234	-3.83891	-2.67836	-1.95159
837	1	2	3	4	5	9	3	-4.71723	-2.50453	-3.56671	-5.16695
838	2	1	21	3	2	1	5	-2.93642	-2.49721	-4.35174	-4.70422
839	2	1	12	3	2	1	5	-2.62857	-2.12381	-3.57797	-5.27772
840	4	7	10	4	1	7	1	-1.8234	-3.83891	-2.67836	-1.95159
841	2	4	1	2	7	1	5	-2.29664	-5.67826	-5.95191	-5.59901
842	184	39	30	82	113	43	17	-3.94361	-6.13108	-7.46422	-7.88022
843	4	7	10	4	1	7	1	-1.8234	-3.83891	-2.67836	-1.95159
844	2	4	1	2	2	1	5	-2.77176	-3.66172	-4.16171	-4.22724
845	4	7	10	4	1	7	1	-1.8234	-3.83891	-2.67836	-1.95159
846	2	1	12	88	2	1	5	-3.9552	-3.43807	-5.65822	-5.47637
847	2	1	21	3	2	1	5	-2.93642	-2.49721	-4.35174	-4.70422
848	1	2	3	4	5	9	3	-4.71723	-2.50453	-3.56671	-5.16695
849	4	7	10	4	1	7	1	-1.8234	-3.83891	-2.67836	-1.95159
850	2	1	21	3	2	1	5	-2.93642	-2.49721	-4.35174	-4.70422
851	8	10	2	2	11	12	6	-3.94403	-7.27839	-7.70398	-7.91121
852	2	4	1	2	2	1	5	-2.77176	-3.66172	-4.16171	-4.22724
853	2	4	1	2	2	1	5	-2.77176	-3.66172	-4.16171	-4.22724
854	2	4	2	2	6	1	5	-6.11308	-4.84512	-5.89556	-8.36168
855	2	4	1	2	2	1	5	-2.77176	-3.66172	-4.16171	-4.22724
856	2	4	1	2	2	1	5	-2.77176	-3.66172	-4.16171	-4.22724
857	2	4	1	2	2	1	5	-2.77176	-3.66172	-4.16171	-4.22724
858	1	2	3	4	5	9	3	-4.71723	-2.50453	-3.56671	-5.16695
859	2	4	1	2	2	1	5	-2.77176	-3.66172	-4.16171	-4.22724
860	2	4	1	2	2	1	5	-2.77176	-3.66172	-4.16171	-4.22724
861	8	10	2	2	11	12	6	-3.94403	-7.27839	-7.70398	-7.91121
862	2	1	5	3	2	3	5	-4.25205	-3.26029	-5.41953	-4.86066
863	33	39	30	82	104	173	68	-5.41767	-3.99413	-6.44477	-8.41122
864	2	4	1	2	7	1	5	-2.29664	-5.67826	-5.95191	-5.59901
865	8	10	2	2	11	12	6	-3.94403	-7.27839	-7.70398	-7.91121
866	2	4	1	2	7	1	5	-2.29664	-5.67826	-5.95191	-5.59901
867	1	2	3	4	5	9	3	-4.71723	-2.50453	-3.56671	-5.16695
868	1	2	215	4	90	24	8	-28.233	-26.2845	-21.118	-19.9055
869	2	1	1	3	2	1	5	-4.629	-3.79255	-6.21154	-7.94362
870	10	81	50	99	120	76	52	-6.72473	-6.43629	-5.29022	-5.1815
871	2	4	1	2	7	1	5	-2.29664	-5.67826	-5.95191	-5.59901
872	2	1	12	3	2	1	5	-2.62857	-2.12381	-3.57797	-5.27772
873	2	4	1	2	2	1	5	-2.77176	-3.66172	-4.16171	-4.22724
874	2	4	1	2	2	1	5	-2.77176	-3.66172	-4.16171	-4.22724
875	2	4	1	2	2	1	5	-2.77176	-3.66172	-4.16171	-4.22724
876	2	1	5	3	2	3	5	-4.25205	-3.26029	-5.41953	-4.86066
877	2	4	1	2	2	1	5	-2.77176	-3.66172	-4.16171	-4.22724
878	4	7	10	4	1	7	1	-1.8234	-3.83891	-2.67836	-1.95159
879	2	4	1	2	7	1	5	-2.29664	-5.67826	-5.95191	-5.59901
880	2	4	5	2	2	5	5	-3.66285	-7.02591	-7.0529	-6.08249
881	2	4	1	2	2	1	5	-2.77176	-3.66172	-4.16171	-4.22724
882	8	10	2	2	11	12	6	-3.94403	-7.27839	-7.70398	-7.91121
883	4	7	10	4	1	7	1	-1.8234	-3.83891	-2.67836	-1.95159
884	2	4	1	2	2	1	5	-2.77176	-3.66172	-4.16171	-4.22724
885	166	2	1	10	17	3	1	-33.3246	-33.7999	-31.0454	-28.4519
886	2	4	1	2	7	1	5	-2.29664	-5.67826	-5.95191	-5.59901
887	2	4	1	2	2	1	5	-2.77176	-3.66172	-4.16171	-4.22724
888	4	7	10	4	1	7	1	-1.8234	-3.83891	-2.67836	-1.95159
889	4	7	10	4	1	7	1	-1.8234	-3.83891	-2.67836	-1.95159
890	2	4	1	2	7	1	5	-2.29664	-5.67826	-5.95191	-5.59901
891	2	4	1	2	2	1	5	-2.77176	-3.66172	-4.16171	-4.22724
892	2	1	5	3	2	3	5	-4.25205	-3.26029	-5.41953	-4.86066
893	9	25	2	10	22	3	6	-4.46475	-7.68889	-6.16802	-4.36945
894	2	1	21	3	62	1	5	-5.78528	-9.16004	-9.544	-9.74806
895	129	66	30	82	189	47	17	-3.23965	-4.89378	-5.65658	-4.19958
896	129	66	30	82	189	47	17	-3.23965	-4.89378	-5.65658	-4.19958
897	4	7	10	4	1	7	1	-1.8234	-3.83891	-2.67836	-1.95159
898	2	4	1	2	2	1	5	-2.77176	-3.66172	-4.16171	-4.22724
899	4	7	10	4	42	7	1	-6.61429	-9.13478	-5.65096	-4.64302
900	2	4	1	2	7	1	5	-2.29664	-5.67826	-5.95191	-5.59901
901	1	307	3	4	5	9	3	-6.85034	-6.45216	-6.10436	-8.71055
902	2	1	21	3	2	1	5	-2.93642	-2.49721	-4.35174	-4.70422
903	4	7	10	4	1	7	1	-1.8234	-3.83891	-2.67836	-1.95159
904	2	1	21	3	2	1	5	-2.93642	-2.49721	-4.35174	-4.70422
905	2	4	1	2	2	5	5	-6.81944	-6.40555	-8.69924	-10.1887
906	2	4	1	2	7	1	5	-2.29664	-5.67826	-5.95191	-5.59901
907	2	4	1	2	7	1	5	-2.29664	-5.67826	-5.95191	-5.59901
908	2	4	1	2	7	1	5	-2.29664	-5.67826	-5.95191	-5.59901
909	4	7	10	4	1	7	1	-1.8234	-3.83891	-2.67836	-1.95159
910	8	10	2	2	11	12	6	-3.94403	-7.27839	-7.70398	-7.91121
911	7	21	5	62	4	61	44	-7.73429	-3.84765	-5.57081	-8.10598
912	2	1	12	88	2	1	5	-3.9552	-3.43807	-5.65822	-5.47637
913	2	4	1	2	2	1	5	-2.77176	-3.66172	-4.16171	-4.22724
914	1	2	3	4	5	9	3	-4.71723	-2.50453	-3.56671	-5.16695
915	2	4	1	2	7	1	5	-2.29664	-5.67826	-5.95191	-5.59901
916	2	4	1	2	2	1	5	-2.77176	-3.66172	-4.16171	-4.22724
917	2	4	1	2	2	1	5	-2.77176	-3.66172	-4.16171	-4.22724
918	2	4	1	2	7	1	5	-2.29664	-5.67826	-5.95191	-5.59901
919	4	7	10	4	1	7	1	-1.8234	-3.83891	-2.67836	-1.95159
920	2	1	5	3	2	3	5	-4.25205	-3.26029	-5.41953	-4.86066
921	2	4	1	2	7	1	5	-2.29664	-5.67826	-5.95191	-5.59901
922	2	4	1	2	2	1	5	-2.77176	-3.66172	-4.16171	-4.22724
923	8	10	2	2	11	12	6	-3.94403	-7.27839	-7.70398	-7.91121
924	2	1	12	3	2	1	5	-2.62857	-2.12381	-3.57797	-5.27772
925	48	7	10	4	183	7	1	-8.30518	-10.4606	-7.59769	-6.51328
926	7	21	5	62	4	61	44	-7.73429	-3.84765	-5.57081	-8.10598
927	4	7	10	4	1	7	1	-1.8234	-3.83891	-2.67836	-1.95159
928	9	25	2	10	22	3	6	-4.46475	-7.68889	-6.16802	-4.36945
929	2	4	1	2	2	1	5	-2.77176	-3.66172	-4.16171	-4.22724
930	2	4	1	2	7	1	5	-2.29664	-5.67826	-5.95191	-5.59901
931	2	4	1	2	2	1	5	-2.77176	-3.66172	-4.16171	-4.22724
932	2	4	1	2	2	1	5	-2.77176	-3.66172	-4.16171	-4.22724
933	9	25	2	10	22	3	6	-4.46475	-7.68889	-6.16802	-4.36945
934	2	4	1	2	2	1	5	-2.77176	-3.66172	-4.16171	-4.22724
935	2	4	1	2	2	1	5	-2.77176	-3.66172	-4.16171	-4.22724
936	2	4	1	2	7	1	5	-2.29664	-5.67826	-5.95191	-5.59901
937	2	4	1	2	7	1	5	-2.29664	-5.67826	-5.95191	-5.59901
938	2	4	1	2	2	1	5	-2.77176	-3.66172	-4.16171	-4.22724
939	2	4	1	2	2	1	5	-2.77176	-3.66172	-4.16171	-4.22724
940	4	7	10	4	1	7	1	-1.8234	-3.83891	-2.67836	-1.95159
941	2	4	1	2	2	1	5	-2.77176	-3.66172	-4.16171	-4.22724
942	4	7	10	4	1	7	1	-1.8234	-3.83891	-2.67836	-1.95159
943	2	4	1	2	7	1	5	-2.29664	-5.67826	-5.95191	-5.59901
944	2	4	1	2	2	1	5	-2.77176	-3.66172	-4.16171	-4.22724
945	4	7	10	4	1	7	1	-1.8234	-3.83891	-2.67836	-1.95159
946	9	25	2	10	22	3	6	-4.46475	-7.68889	-6.16802	-4.36945
947	10	81	50	99	120	76	52	-6.72473	-6.43629	-5.29022	-5.1815
948	2	1	21	3	2	1	5	-2.93642	-2.49721	-4.35174	-4.70422
949	4	7	10	4	1	7	1	-1.8234	-3.83891	-2.67836	-1.95159
950	2	4	1	2	7	1	5	-2.29664	-5.67826	-5.95191	-5.59901
951	4	7	10	4	1	7	1	-1.8234	-3.83891	-2.67836	-1.95159
952	4	7	10	4	1	7	1	-1.8234	-3.83891	-2.67836	-1.95159
953	8	315	2	2	11	12	6	-7.23031	-10.6356	-10.1895	-10.2205
954	8	10	2	2	11	12	6	-3.94403	-7.27839	-7.70398	-7.91121
955	2	4	1	2	2	1	5	-2.77176	-3.66172	-4.16171	-4.22724
956	4	7	10	4	1	7	1	-1.8234	-3.83891	-2.67836	-1.95159
957	2	4	1	2	2	1	5	-2.77176	-3.66172	-4.16171	-4.22724
958	2	4	1	2	2	1	5	-2.77176	-3.66172	-4.16171	-4.22724
959	2	4	1	2	2	1	5	-2.77176	-3.66172	-4.16171	-4.22724
960	2	4	1	2	7	1	5	-2.29664	-5.67826	-5.95191	-5.59901
961	2	4	1	2	2	1	5	-2.77176	-3.66172	-4.16171	-4.22724
962	2	4	1	2	2	1	5	-2.77176	-3.66172	-4.16171	-4.22724
963	2	1	21	3	2	1	5	-2.93642	-2.49721	-4.35174	-4.70422
964	2	4	1	2	2	1	5	-2.77176	-3.66172	-4.16171	-4.22724
965	1	4	2	2	2	3	17	-11.3623	-7.49926	-10.4677	-12.3744
966	2	4	1	2	2	1	5	-2.77176	-3.66172	-4.16171	-4.22724
967	2	4	1	2	2	1	5	-2.77176	-3.66172	-4.16171	-4.22724
968	7	21	5	62	4	61	44	-7.73429	-3.84765	-5.57081	-8.10598
969	2	4	1	2	2	1	5	-2.77176	-3.66172	-4.16171	-4.22724
970	4	7	10	4	1	7	1	-1.8234	-3.83891	-2.67836	-1.95159
971	2	4	1	2	2	1	5	-2.77176	-3.66172	-4.16171	-4.22724
972	10	1	16	19	10	5	7	-6.57653	-2.76226	-4.13705	-5.35626
973	8	10	2	2	11	12	6	-3.94403	-7.27839	-7.70398	-7.91121
974	4	7	10	4	1	7	1	-1.8234	-3.83891	-2.67836	-1.95159
975	2	4	2	2	6	1	5	-6.11308	-4.84512	-5.89556	-8.36168
976	2	4	1	2	2	1	5	-2.77176	-3.66172	-4.16171	-4.22724
977	2	4	1	2	2	1	5	-2.77176	-3.66172	-4.16171	-4.22724
978	2	1	12	3	2	1	5	-2.62857	-2.12381	-3.57797	-5.27772
979	2	1	21	3	2	1	5	-2.93642	-2.49721	-4.35174	-4.70422
980	1	4	2	2	6	3	17	-4.72287	-2.46222	-4.46738	-5.85939
981	9	2	4	62	4	5	6	-3.70763	-5.22017	-5.80801	-7.36406
982	9	2	4	62	4	5	6	-3.70763	-5.22017	-5.80801	-7.36406
983	2	4	1	2	2	1	5	-2.77176	-3.66172	-4.16171	-4.22724
984	9	25	2	10	22	3	6	-4.46475	-7.68889	-6.16802	-4.36945
985	2	1	12	3	2	1	5	-2.62857	-2.12381	-3.57797	-5.27772
986	2	4	1	2	2	1	5	-2.77176	-3.66172	-4.16171	-4.22724
987	2	4	1	2	2	1	5	-2.77176	-3.66172	-4.16171	-4.22724
988	2	4	1	2	2	1	5	-2.77176	-3.66172	-4.16171	-4.22724
989	1	4	2	2	6	3	17	-4.72287	-2.46222	-4.46738	-5.85939
990	1	4	2	2	6	3	17	-4.72287	-2.46222	-4.46738	-5.85939
991	9	25	2	10	22	3	6	-4.46475	-7.68889	-6.16802	-4.36945
992	1	4	2	2	6	3	17	-4.72287	-2.46222	-4.46738	-5.85939
993	2	4	1	2	2	1	5	-2.77176	-3.66172	-4.16171	-4.22724
994	2	4	1	2	2	1	5	-2.77176	-3.66172	-4.16171	-4.22724
995	8	10	2	2	11	12	6	-3.94403	-7.27839	-7.70398	-7.91121
996	2	4	1	2	2	1	5	-2.77176	-3.66172	-4.16171	-4.22724
997	2	1	5	3	2	5	5	-5.715	-2.84139	-4.04398	-5.77831
998	8	10	2	2	11	12	6	-3.94403	-7.27839	-7.70398	-7.91121
999	2	4	1	2	2	1	5	-2.77176	-3.66172	-4.16171	-4.22724
1000	2	4	1	2	2	1	5	-2.77176	-3.66172	-4.16171	-4.22724
1001	2	1	21	3	2	1	5	-2.93642	-2.49721	-4.35174	-4.70422
1002	1	2	4	62	4	5	17	-6.12446	-4.86161	-7.30058	-9.21406
1003	2	1	12	3	2	1	5	-2.62857	-2.12381	-3.57797	-5.27772
1004	2	4	1	2	7	1	5	-2.29664	-5.67826	-5.95191	-5.59901
1005	1	307	3	4	5	9	3	-6.85034	-6.45216	-6.10436	-8.71055
1006	2	4	2	4	19	3	6	-5.78765	-9.17631	-9.54696	-9.74481
1007	2	4	1	2	2	1	5	-2.77176	-3.66172	-4.16171	-4.22724
1008	1	4	2	2	6	3	17	-4.72287	-2.46222	-4.46738	-5.85939
1009	9	25	2	10	22	3	6	-4.46475	-7.68889	-6.16802	-4.36945
1010	4	7	10	4	1	7	1	-1.8234	-3.83891	-2.67836	-1.95159
1011	2	4	1	2	2	1	5	-2.77176	-3.66172	-4.16171	-4.22724
1012	10	1	16	19	10	5	7	-6.57653	-2.76226	-4.13705	-5.35626
1013	2	1	21	3	2	1	5	-2.93642	-2.49721	-4.35174	-4.70422
1014	4	7	10	4	1	7	1	-1.8234	-3.83891	-2.67836	-1.95159
1015	2	4	1	2	2	1	5	-2.77176	-3.66172	-4.16171	-4.22724
1016	1	2	3	4	5	9	3	-4.71723	-2.50453	-3.56671	-5.16695
1017	9	316	4	62	4	5	6	-6.86046	-6.46473	-8.81575	-10.3662
1018	9	25	2	10	22	3	6	-4.46475	-7.68889	-6.16802	-4.36945
1019	1	307	3	4	5	9	3	-6.85034	-6.45216	-6.10436	-8.71055
1020	2	4	1	2	2	1	5	-2.77176	-3.66172	-4.16171	-4.22724
1021	9	25	2	10	22	3	6	-4.46475	-7.68889	-6.16802	-4.36945
1022	2	4	1	2	2	1	5	-2.77176	-3.66172	-4.16171	-4.22724
1023	2	1	12	3	2	1	5	-2.62857	-2.12381	-3.57797	-5.27772
1024	2	1	5	3	2	5	5	-5.715	-2.84139	-4.04398	-5.77831
1025	2	4	1	2	2	1	5	-2.77176	-3.66172	-4.16171	-4.22724
1026	2	1	12	3	2	1	5	-2.62857	-2.12381	-3.57797	-5.27772
1027	2	1	12	3	2	1	5	-2.62857	-2.12381	-3.57797	-5.27772
1028	10	1	16	19	10	5	7	-6.57653	-2.76226	-4.13705	-5.35626
1029	4	7	10	4	1	7	1	-1.8234	-3.83891	-2.67836	-1.95159
1030	2	4	1	2	2	1	5	-2.77176	-3.66172	-4.16171	-4.22724
1031	2	1	12	88	2	1	5	-3.9552	-3.43807	-5.65822	-5.47637
1032	2	1	21	3	2	1	5	-2.93642	-2.49721	-4.35174	-4.70422
1033	1	2	3	4	5	9	3	-4.71723	-2.50453	-3.56671	-5.16695
1034	8	10	2	2	11	12	6	-3.94403	-7.27839	-7.70398	-7.91121
1035	2	1	12	88	2	1	5	-3.9552	-3.43807	-5.65822	-5.47637
1036	33	39	30	82	104	173	68	-5.41767	-3.99413	-6.44477	-8.41122
1037	1	2	3	4	5	9	3	-4.71723	-2.50453	-3.56671	-5.16695
1038	9	25	2	10	22	3	6	-4.46475	-7.68889	-6.16802	-4.36945
1039	2	4	1	2	2	1	5	-2.77176	-3.66172	-4.16171	-4.22724
1040	8	10	2	2	11	12	6	-3.94403	-7.27839	-7.70398	-7.91121
1041	1	2	4	62	4	5	17	-6.12446	-4.86161	-7.30058	-9.21406
1042	10	1	16	19	10	5	7	-6.57653	-2.76226	-4.13705	-5.35626
1043	33	39	30	82	104	173	68	-5.41767	-3.99413	-6.44477	-8.41122
1044	2	4	1	2	2	1	5	-2.77176	-3.66172	-4.16171	-4.22724
1045	8	10	2	2	11	12	6	-3.94403	-7.27839	-7.70398	-7.91121
1046	2	1	5	3	2	5	5	-5.715	-2.84139	-4.04398	-5.77831
1047	47	2	4	2	6	5	17	-11.4512	-11.7479	-6.18316	-8.92676
1048	1	2	3	4	5	9	3	-4.71723	-2.50453	-3.56671	-5.16695
1049	4	7	10	4	1	7	1	-1.8234	-3.83891	-2.67836	-1.95159
1050	2	1	5	3	2	3	5	-4.25205	-3.26029	-5.41953	-4.86066
1051	2	4	2	2	6	1	5	-6.11308	-4.84512	-5.89556	-8.36168
1052	2	4	1	2	2	1	5	-2.77176	-3.66172	-4.16171	-4.22724
1053	8	10	149	2	11	12	6	-4.89125	-3.98752	-5.59527	-7.79284
1054	9	25	2	10	22	3	6	-4.46475	-7.68889	-6.16802	-4.36945
1055	2	4	1	2	2	1	5	-2.77176	-3.66172	-4.16171	-4.22724
1056	1	2	3	4	5	9	3	-4.71723	-2.50453	-3.56671	-5.16695
1057	2	1	12	3	2	1	5	-2.62857	-2.12381	-3.57797	-5.27772
1058	4	7	10	4	42	51	1	-2.92222	-4.65401	-4.98051	-3.8508
1059	2	4	1	2	2	1	5	-2.77176	-3.66172	-4.16171	-4.22724
1060	2	1	1	3	2	1	5	-4.629	-3.79255	-6.21154	-7.94362
1061	2	4	1	2	7	1	5	-2.29664	-5.67826	-5.95191	-5.59901
1062	8	10	2	2	11	12	6	-3.94403	-7.27839	-7.70398	-7.91121
1063	2	4	1	2	2	1	5	-2.77176	-3.66172	-4.16171	-4.22724
1064	9	2	4	62	4	5	6	-3.70763	-5.22017	-5.80801	-7.36406
1065	2	4	1	2	2	1	5	-2.77176	-3.66172	-4.16171	-4.22724
1066	4	7	10	4	1	7	1	-1.8234	-3.83891	-2.67836	-1.95159
1067	8	10	2	2	11	12	6	-3.94403	-7.27839	-7.70398	-7.91121
1068	2	4	2	2	6	1	5	-6.11308	-4.84512	-5.89556	-8.36168
1069	2	4	2	2	6	1	5	-6.11308	-4.84512	-5.89556	-8.36168
1070	2	4	2	2	6	1	5	-6.11308	-4.84512	-5.89556	-8.36168
1071	2	4	2	2	6	1	5	-6.11308	-4.84512	-5.89556	-8.36168
1072	2	4	1	2	2	1	5	-2.77176	-3.66172	-4.16171	-4.22724
1073	2	4	1	2	2	1	5	-2.77176	-3.66172	-4.16171	-4.22724
1074	2	1	12	3	2	1	5	-2.62857	-2.12381	-3.57797	-5.27772
1075	2	4	1	2	7	1	5	-2.29664	-5.67826	-5.95191	-5.59901
1076	4	7	10	4	42	51	1	-2.92222	-4.65401	-4.98051	-3.8508
1077	2	4	1	2	2	1	5	-2.77176	-3.66172	-4.16171	-4.22724
1078	8	10	2	2	11	12	6	-3.94403	-7.27839	-7.70398	-7.91121
1079	1	2	3	4	5	9	3	-4.71723	-2.50453	-3.56671	-5.16695
1080	1	2	3	4	5	9	3	-4.71723	-2.50453	-3.56671	-5.16695
1081	10	1	16	19	10	5	7	-6.57653	-2.76226	-4.13705	-5.35626
1082	8	10	2	2	11	12	6	-3.94403	-7.27839	-7.70398	-7.91121
1083	4	7	10	4	1	7	1	-1.8234	-3.83891	-2.67836	-1.95159
1084	2	4	1	2	2	1	5	-2.77176	-3.66172	-4.16171	-4.22724
1085	2	4	1	2	7	1	5	-2.29664	-5.67826	-5.95191	-5.59901
1086	2	1	21	3	2	1	5	-2.93642	-2.49721	-4.35174	-4.70422
1087	2	1	12	3	2	1	5	-2.62857	-2.12381	-3.57797	-5.27772
1088	2	4	2	4	19	3	6	-5.78765	-9.17631	-9.54696	-9.74481
1089	8	10	149	2	11	12	6	-4.89125	-3.98752	-5.59527	-7.79284
1090	8	10	2	2	11	12	6	-3.94403	-7.27839	-7.70398	-7.91121
1091	2	1	12	3	2	1	5	-2.62857	-2.12381	-3.57797	-5.27772
1092	2	1	12	3	2	1	5	-2.62857	-2.12381	-3.57797	-5.27772
1093	2	1	5	3	2	3	5	-4.25205	-3.26029	-5.41953	-4.86066
1094	184	39	30	82	113	43	17	-3.94361	-6.13108	-7.46422	-7.88022
1095	2	1	12	3	2	1	5	-2.62857	-2.12381	-3.57797	-5.27772
1096	2	4	1	2	2	1	5	-2.77176	-3.66172	-4.16171	-4.22724
1097	4	7	10	4	1	7	1	-1.8234	-3.83891	-2.67836	-1.95159
1098	8	10	2	2	11	12	6	-3.94403	-7.27839	-7.70398	-7.91121
1099	4	7	10	4	1	7	1	-1.8234	-3.83891	-2.67836	-1.95159
1100	4	7	10	4	42	51	1	-2.92222	-4.65401	-4.98051	-3.8508
1101	9	25	2	10	22	3	6	-4.46475	-7.68889	-6.16802	-4.36945
1102	9	2	4	62	4	5	6	-3.70763	-5.22017	-5.80801	-7.36406
1103	4	7	10	4	1	7	1	-1.8234	-3.83891	-2.67836	-1.95159
1104	2	4	1	2	7	1	5	-2.29664	-5.67826	-5.95191	-5.59901
1105	4	7	10	4	1	7	1	-1.8234	-3.83891	-2.67836	-1.95159
1106	8	10	2	2	11	12	6	-3.94403	-7.27839	-7.70398	-7.91121
1107	2	4	1	2	2	1	5	-2.77176	-3.66172	-4.16171	-4.22724
1108	4	7	10	4	42	51	1	-2.92222	-4.65401	-4.98051	-3.8508
1109	1	2	3	4	5	9	3	-4.71723	-2.50453	-3.56671	-5.16695
1110	2	1	12	3	2	1	5	-2.62857	-2.12381	-3.57797	-5.27772
1111	2	4	1	2	2	1	5	-2.77176	-3.66172	-4.16171	-4.22724
1112	10	81	50	99	120	76	52	-6.72473	-6.43629	-5.29022	-5.1815
1113	2	4	1	2	2	1	5	-2.77176	-3.66172	-4.16171	-4.22724
1114	4	7	10	4	42	51	1	-2.92222	-4.65401	-4.98051	-3.8508
1115	4	7	10	4	42	51	1	-2.92222	-4.65401	-4.98051	-3.8508
1116	4	7	10	4	1	7	1	-1.8234	-3.83891	-2.67836	-1.95159
1117	3	1	5	10	11	11	6	-10.3967	-6.48147	-8.98584	-11.3177
1118	10	81	50	99	120	76	52	-6.72473	-6.43629	-5.29022	-5.1815
1119	2	4	1	2	2	1	5	-2.77176	-3.66172	-4.16171	-4.22724
1120	4	7	10	4	1	7	1	-1.8234	-3.83891	-2.67836	-1.95159
1121	4	7	10	4	1	7	1	-1.8234	-3.83891	-2.67836	-1.95159
1122	4	7	10	4	42	51	1	-2.92222	-4.65401	-4.98051	-3.8508
1123	2	1	12	3	2	1	5	-2.62857	-2.12381	-3.57797	-5.27772
1124	2	4	1	2	2	1	5	-2.77176	-3.66172	-4.16171	-4.22724
1125	2	1	1	3	2	1	5	-4.629	-3.79255	-6.21154	-7.94362
1126	2	4	1	2	2	1	5	-2.77176	-3.66172	-4.16171	-4.22724
1127	2	4	1	2	2	1	5	-2.77176	-3.66172	-4.16171	-4.22724
1128	2	4	1	2	2	1	5	-2.77176	-3.66172	-4.16171	-4.22724
1129	2	4	1	2	2	1	5	-2.77176	-3.66172	-4.16171	-4.22724
1130	1	2	3	4	5	9	3	-4.71723	-2.50453	-3.56671	-5.16695
1131	8	10	2	2	11	12	6	-3.94403	-7.27839	-7.70398	-7.91121
1132	2	1	21	3	2	1	5	-2.93642	-2.49721	-4.35174	-4.70422
1133	2	4	1	2	2	1	5	-2.77176	-3.66172	-4.16171	-4.22724
1134	2	1	21	3	2	1	5	-2.93642	-2.49721	-4.35174	-4.70422
1135	2	1	21	3	2	1	5	-2.93642	-2.49721	-4.35174	-4.70422
1136	2	4	1	2	2	1	5	-2.77176	-3.66172	-4.16171	-4.22724
1137	1	2	3	4	5	9	3	-4.71723	-2.50453	-3.56671	-5.16695
1138	10	1	16	19	10	5	7	-6.57653	-2.76226	-4.13705	-5.35626
1139	2	1	12	3	2	1	5	-2.62857	-2.12381	-3.57797	-5.27772
1140	7	21	5	62	4	61	44	-7.73429	-3.84765	-5.57081	-8.10598
1141	2	4	1	2	2	1	5	-2.77176	-3.66172	-4.16171	-4.22724
1142	2	1	12	3	2	1	5	-2.62857	-2.12381	-3.57797	-5.27772
1143	2	4	1	2	7	1	5	-2.29664	-5.67826	-5.95191	-5.59901
1144	2	1	5	3	2	3	5	-4.25205	-3.26029	-5.41953	-4.86066
1145	2	1	21	3	2	1	5	-2.93642	-2.49721	-4.35174	-4.70422
1146	2	1	21	3	2	1	5	-2.93642	-2.49721	-4.35174	-4.70422
1147	2	1	21	3	2	1	5	-2.93642	-2.49721	-4.35174	-4.70422
1148	2	1	21	3	2	1	5	-2.93642	-2.49721	-4.35174	-4.70422
1149	2	1	12	3	2	1	5	-2.62857	-2.12381	-3.57797	-5.27772
1150	8	10	2	2	11	12	6	-3.94403	-7.27839	-7.70398	-7.91121
1151	129	66	30	82	189	47	17	-3.23965	-4.89378	-5.65658	-4.19958
1152	1	307	3	4	5	9	3	-6.85034	-6.45216	-6.10436	-8.71055
1153	8	10	2	2	11	12	6	-3.94403	-7.27839	-7.70398	-7.91121
1154	2	4	2	2	6	1	5	-6.11308	-4.84512	-5.89556	-8.36168
1155	1	4	2	2	6	3	17	-4.72287	-2.46222	-4.46738	-5.85939
1156	2	4	1	2	2	1	5	-2.77176	-3.66172	-4.16171	-4.22724
1157	8	10	2	2	11	12	6	-3.94403	-7.27839	-7.70398	-7.91121
1158	2	4	2	2	6	1	5	-6.11308	-4.84512	-5.89556	-8.36168
1159	2	1	21	3	2	1	5	-2.93642	-2.49721	-4.35174	-4.70422
1160	2	4	5	2	2	5	5	-3.66285	-7.02591	-7.0529	-6.08249
1161	7	21	5	62	4	61	44	-7.73429	-3.84765	-5.57081	-8.10598
1162	2	1	12	3	2	1	5	-2.62857	-2.12381	-3.57797	-5.27772
1163	10	27	16	19	10	5	7	-20.9858	-12.6336	-15.8275	-18.0828
1164	33	283	44	82	189	44	17	-7.31551	-3.48736	-5.33652	-6.14249
1165	9	25	2	10	22	3	6	-4.46475	-7.68889	-6.16802	-4.36945
1166	7	21	5	62	4	61	44	-7.73429	-3.84765	-5.57081	-8.10598
1167	2	1	5	3	2	3	5	-4.25205	-3.26029	-5.41953	-4.86066
1168	2	1	5	3	2	3	5	-4.25205	-3.26029	-5.41953	-4.86066
1169	9	25	2	10	22	3	6	-4.46475	-7.68889	-6.16802	-4.36945
1170	2	1	5	3	2	3	5	-4.25205	-3.26029	-5.41953	-4.86066
1171	2	4	1	2	2	1	5	-2.77176	-3.66172	-4.16171	-4.22724
1172	129	66	30	82	189	47	17	-3.23965	-4.89378	-5.65658	-4.19958
1173	2	4	1	2	2	1	5	-2.77176	-3.66172	-4.16171	-4.22724
1174	2	1	5	3	2	3	5	-4.25205	-3.26029	-5.41953	-4.86066
1175	2	1	12	3	2	1	5	-2.62857	-2.12381	-3.57797	-5.27772
1176	2	4	1	2	2	1	5	-2.77176	-3.66172	-4.16171	-4.22724
1177	1	4	2	2	6	3	17	-4.72287	-2.46222	-4.46738	-5.85939
1178	2	1	12	3	2	1	5	-2.62857	-2.12381	-3.57797	-5.27772
1179	1	4	2	2	446	3	17	-8.00228	-5.78573	-6.93183	-8.16059
1180	2	1	5	88	2	11	5	-9.18383	-5.36245	-6.00737	-8.67746
1181	2	4	2	2	6	1	5	-6.11308	-4.84512	-5.89556	-8.36168
1182	9	25	2	10	22	3	6	-4.46475	-7.68889	-6.16802	-4.36945
1183	2	1	5	3	2	3	5	-4.25205	-3.26029	-5.41953	-4.86066
1184	7	21	5	62	4	61	44	-7.73429	-3.84765	-5.57081	-8.10598
1185	1	2	3	4	5	9	3	-4.71723	-2.50453	-3.56671	-5.16695
1186	2	4	1	2	2	1	5	-2.77176	-3.66172	-4.16171	-4.22724
1187	7	21	5	62	4	61	44	-7.73429	-3.84765	-5.57081	-8.10598
1188	33	39	30	82	104	173	68	-5.41767	-3.99413	-6.44477	-8.41122
1189	1	4	2	2	6	3	17	-4.72287	-2.46222	-4.46738	-5.85939
1190	2	1	21	3	2	1	5	-2.93642	-2.49721	-4.35174	-4.70422
1191	4	7	10	4	1	7	1	-1.8234	-3.83891	-2.67836	-1.95159
1192	2	1	5	3	2	5	5	-5.715	-2.84139	-4.04398	-5.77831
1193	1	4	2	2	6	3	17	-4.72287	-2.46222	-4.46738	-5.85939
1194	2	4	1	2	2	1	5	-2.77176	-3.66172	-4.16171	-4.22724
1195	2	4	1	2	2	1	5	-2.77176	-3.66172	-4.16171	-4.22724
1196	2	1	12	3	2	1	5	-2.62857	-2.12381	-3.57797	-5.27772
1197	2	1	6	3	2	3	5	-6.53245	-6.58201	-7.68072	-6.74938
1198	4	7	10	4	1	7	1	-1.8234	-3.83891	-2.67836	-1.95159
1199	2	4	1	2	7	1	5	-2.29664	-5.67826	-5.95191	-5.59901
1200	2	1	1	3	2	1	5	-4.629	-3.79255	-6.21154	-7.94362
1201	2	4	1	2	2	1	5	-2.77176	-3.66172	-4.16171	-4.22724
1202	7	2	5	2	10	3	6	-31.9292	-26.8704	-28.576	-28.6123
1203	2	1	21	3	2	1	5	-2.93642	-2.49721	-4.35174	-4.70422
1204	2	4	1	2	7	1	5	-2.29664	-5.67826	-5.95191	-5.59901
1205	4	7	10	4	1	7	1	-1.8234	-3.83891	-2.67836	-1.95159
1206	2	4	1	2	7	1	5	-2.29664	-5.67826	-5.95191	-5.59901
1207	2	4	1	2	2	1	5	-2.77176	-3.66172	-4.16171	-4.22724
1208	1	4	2	2	6	3	17	-4.72287	-2.46222	-4.46738	-5.85939
1209	2	4	1	2	2	1	5	-2.77176	-3.66172	-4.16171	-4.22724
1210	2	4	1	2	2	1	5	-2.77176	-3.66172	-4.16171	-4.22724
1211	74	10	2	2	11	12	6	-7.23032	-10.6357	-10.1896	-10.2212
1212	1	2	3	4	5	9	3	-4.71723	-2.50453	-3.56671	-5.16695
1213	2	1	5	3	2	3	5	-4.25205	-3.26029	-5.41953	-4.86066
1214	4	7	10	4	1	7	1	-1.8234	-3.83891	-2.67836	-1.95159
1215	2	4	2	2	6	1	5	-6.11308	-4.84512	-5.89556	-8.36168
1216	2	1	12	3	2	1	5	-2.62857	-2.12381	-3.57797	-5.27772
1217	2	1	21	3	2	1	5	-2.93642	-2.49721	-4.35174	-4.70422
1218	2	4	1	2	2	1	5	-2.77176	-3.66172	-4.16171	-4.22724
1219	2	1	21	3	2	1	5	-2.93642	-2.49721	-4.35174	-4.70422
1220	4	7	10	4	1	7	1	-1.8234	-3.83891	-2.67836	-1.95159
1221	2	1	21	3	2	1	5	-2.93642	-2.49721	-4.35174	-4.70422
1222	2	4	1	2	2	1	5	-2.77176	-3.66172	-4.16171	-4.22724
1223	4	7	10	4	1	7	1	-1.8234	-3.83891	-2.67836	-1.95159
1224	2	4	1	2	2	1	5	-2.77176	-3.66172	-4.16171	-4.22724
1225	4	7	10	4	1	7	1	-1.8234	-3.83891	-2.67836	-1.95159
1226	4	7	10	4	42	51	1	-2.92222	-4.65401	-4.98051	-3.8508
1227	4	7	10	4	42	7	1	-6.61429	-9.13478	-5.65096	-4.64302
1228	2	4	1	2	2	1	5	-2.77176	-3.66172	-4.16171	-4.22724
1229	2	1	5	3	2	3	5	-4.25205	-3.26029	-5.41953	-4.86066
1230	10	81	50	99	120	76	52	-6.72473	-6.43629	-5.29022	-5.1815
1231	2	4	1	2	7	1	5	-2.29664	-5.67826	-5.95191	-5.59901
1232	2	4	1	2	7	1	5	-2.29664	-5.67826	-5.95191	-5.59901
1233	4	7	10	4	1	7	1	-1.8234	-3.83891	-2.67836	-1.95159
1234	1	4	2	2	6	3	17	-4.72287	-2.46222	-4.46738	-5.85939
1235	4	7	10	4	1	7	1	-1.8234	-3.83891	-2.67836	-1.95159
1236	2	4	1	2	2	1	5	-2.77176	-3.66172	-4.16171	-4.22724
1237	4	7	10	4	1	7	1	-1.8234	-3.83891	-2.67836	-1.95159
1238	4	7	10	4	42	51	1	-2.92222	-4.65401	-4.98051	-3.8508
1239	1	307	3	4	5	9	3	-6.85034	-6.45216	-6.10436	-8.71055
1240	2	4	2	2	6	1	5	-6.11308	-4.84512	-5.89556	-8.36168
1241	8	10	149	2	11	12	6	-4.89125	-3.98752	-5.59527	-7.79284
1242	2	1	12	3	2	1	5	-2.62857	-2.12381	-3.57797	-5.27772
1243	2	4	1	2	2	1	5	-2.77176	-3.66172	-4.16171	-4.22724
1244	2	4	1	2	2	1	5	-2.77176	-3.66172	-4.16171	-4.22724
1245	2	4	1	2	2	1	5	-2.77176	-3.66172	-4.16171	-4.22724
1246	4	7	10	4	42	51	1	-2.92222	-4.65401	-4.98051	-3.8508
1247	2	4	1	2	2	1	5	-2.77176	-3.66172	-4.16171	-4.22724
1248	2	4	1	2	2	1	5	-2.77176	-3.66172	-4.16171	-4.22724
1249	2	1	12	88	2	1	5	-3.9552	-3.43807	-5.65822	-5.47637
1250	1	4	2	2	6	3	17	-4.72287	-2.46222	-4.46738	-5.85939
1251	9	2	4	62	4	5	6	-3.70763	-5.22017	-5.80801	-7.36406
1252	2	4	1	2	7	1	5	-2.29664	-5.67826	-5.95191	-5.59901
1253	2	4	5	2	2	5	5	-3.66285	-7.02591	-7.0529	-6.08249
1254	2	1	21	3	2	1	5	-2.93642	-2.49721	-4.35174	-4.70422
1255	1	4	2	2	6	3	17	-4.72287	-2.46222	-4.46738	-5.85939
1256	2	1	21	3	2	1	5	-2.93642	-2.49721	-4.35174	-4.70422
1257	2	4	1	2	2	5	5	-6.81944	-6.40555	-8.69924	-10.1887
1258	2	1	12	3	2	1	5	-2.62857	-2.12381	-3.57797	-5.27772
1259	2	4	2	2	6	1	5	-6.11308	-4.84512	-5.89556	-8.36168
1260	2	4	1	2	2	1	5	-2.77176	-3.66172	-4.16171	-4.22724
1261	2	4	1	2	2	1	5	-2.77176	-3.66172	-4.16171	-4.22724
1262	1	307	3	4	5	9	3	-6.85034	-6.45216	-6.10436	-8.71055
1263	9	25	2	10	22	3	6	-4.46475	-7.68889	-6.16802	-4.36945
1264	2	1	1	380	2	1	5	-6.16035	-5.74406	-8.11201	-9.66504
1265	2	4	1	2	2	1	5	-2.77176	-3.66172	-4.16171	-4.22724
1266	2	4	1	2	2	1	5	-2.77176	-3.66172	-4.16171	-4.22724
1267	2	1	12	3	2	1	5	-2.62857	-2.12381	-3.57797	-5.27772
1268	1	2	3	4	5	9	3	-4.71723	-2.50453	-3.56671	-5.16695
1269	2	4	1	2	2	1	5	-2.77176	-3.66172	-4.16171	-4.22724
1270	2	4	1	2	2	1	5	-2.77176	-3.66172	-4.16171	-4.22724
1271	2	4	1	2	2	1	5	-2.77176	-3.66172	-4.16171	-4.22724
1272	1	2	3	4	5	9	3	-4.71723	-2.50453	-3.56671	-5.16695
1273	9	2	2	212	309	253	147	-24.1569	-23.9285	-21.8727	-20.2796
1274	2	1	21	3	2	1	5	-2.93642	-2.49721	-4.35174	-4.70422
1275	47	2	4	2	6	5	17	-11.4512	-11.7479	-6.18316	-8.92676
1276	1	2	3	4	5	9	3	-4.71723	-2.50453	-3.56671	-5.16695
1277	2	4	1	2	2	1	5	-2.77176	-3.66172	-4.16171	-4.22724
1278	2	4	1	2	2	1	5	-2.77176	-3.66172	-4.16171	-4.22724
1279	9	2	4	62	4	5	6	-3.70763	-5.22017	-5.80801	-7.36406
1280	2	1	12	3	2	1	5	-2.62857	-2.12381	-3.57797	-5.27772
1281	2	4	1	2	2	1	5	-2.77176	-3.66172	-4.16171	-4.22724
1282	2	4	1	2	7	1	5	-2.29664	-5.67826	-5.95191	-5.59901
1283	7	17	2	15	23	3	12	-6.89055	-10.2859	-10.6549	-10.8577
1284	2	1	1	3	2	1	5	-4.629	-3.79255	-6.21154	-7.94362
1285	2	1	12	3	2	1	5	-2.62857	-2.12381	-3.57797	-5.27772
1286	2	4	1	2	2	1	5	-2.77176	-3.66172	-4.16171	-4.22724
1287	2	1	5	3	2	3	5	-4.25205	-3.26029	-5.41953	-4.86066
1288	2	4	1	2	2	1	5	-2.77176	-3.66172	-4.16171	-4.22724
1289	2	4	1	2	2	1	5	-2.77176	-3.66172	-4.16171	-4.22724
1290	1	4	2	2	6	3	17	-4.72287	-2.46222	-4.46738	-5.85939
1291	2	1	2	3	2	3	5	-3.74818	-7.01876	-7.5005	-7.69605
1292	2	1	5	3	2	3	5	-4.25205	-3.26029	-5.41953	-4.86066
1293	1	2	3	3	5	9	3	-11.8555	-7.77275	-9.84655	-12.2333
1294	4	7	10	4	42	51	1	-2.92222	-4.65401	-4.98051	-3.8508
1295	1	4	2	2	6	3	17	-4.72287	-2.46222	-4.46738	-5.85939
1296	2	1	5	3	2	3	5	-4.25205	-3.26029	-5.41953	-4.86066
1297	4	7	10	4	1	7	1	-1.8234	-3.83891	-2.67836	-1.95159
1298	2	4	1	2	2	1	5	-2.77176	-3.66172	-4.16171	-4.22724
1299	4	7	10	4	1	7	1	-1.8234	-3.83891	-2.67836	-1.95159
1300	2	1	21	3	2	1	5	-2.93642	-2.49721	-4.35174	-4.70422
1301	2	4	1	2	2	1	5	-2.77176	-3.66172	-4.16171	-4.22724
1302	4	7	10	4	1	7	1	-1.8234	-3.83891	-2.67836	-1.95159
1303	2	4	1	2	2	1	5	-2.77176	-3.66172	-4.16171	-4.22724
1304	2	1	5	3	2	5	5	-5.715	-2.84139	-4.04398	-5.77831
1305	2	4	1	2	2	1	5	-2.77176	-3.66172	-4.16171	-4.22724
1306	2	1	21	3	2	1	5	-2.93642	-2.49721	-4.35174	-4.70422
1307	2	1	5	3	2	5	5	-5.715	-2.84139	-4.04398	-5.77831
1308	1	4	2	2	6	3	17	-4.72287	-2.46222	-4.46738	-5.85939
1309	1	4	2	2	6	3	17	-4.72287	-2.46222	-4.46738	-5.85939
1310	2	1	5	3	2	3	5	-4.25205	-3.26029	-5.41953	-4.86066
1311	1	4	2	2	6	3	17	-4.72287	-2.46222	-4.46738	-5.85939
1312	2	4	1	2	2	1	5	-2.77176	-3.66172	-4.16171	-4.22724
1313	2	1	12	88	2	1	5	-3.9552	-3.43807	-5.65822	-5.47637
1314	2	1	5	3	2	3	5	-4.25205	-3.26029	-5.41953	-4.86066
1315	2	4	5	2	2	1	5	-6.16033	-8.95904	-9.15491	-9.67066
1316	2	4	1	2	2	1	5	-2.77176	-3.66172	-4.16171	-4.22724
1317	1	4	2	2	6	3	17	-4.72287	-2.46222	-4.46738	-5.85939
1318	2	1	21	3	2	1	5	-2.93642	-2.49721	-4.35174	-4.70422
1319	4	7	10	4	1	7	1	-1.8234	-3.83891	-2.67836	-1.95159
1320	1	2	3	4	5	9	3	-4.71723	-2.50453	-3.56671	-5.16695
1321	2	4	1	2	7	1	5	-2.29664	-5.67826	-5.95191	-5.59901
1322	4	7	10	4	1	7	1	-1.8234	-3.83891	-2.67836	-1.95159
1323	4	7	10	4	1	7	1	-1.8234	-3.83891	-2.67836	-1.95159
1324	1	4	2	2	6	3	17	-4.72287	-2.46222	-4.46738	-5.85939
1325	2	4	1	2	7	1	5	-2.29664	-5.67826	-5.95191	-5.59901
1326	4	7	10	4	1	7	1	-1.8234	-3.83891	-2.67836	-1.95159
1327	8	10	2	2	11	12	6	-3.94403	-7.27839	-7.70398	-7.91121
1328	969	7	10	4	1	7	1	-5.0315	-7.17613	-5.16164	-4.26437
1329	4	7	10	4	1	7	1	-1.8234	-3.83891	-2.67836	-1.95159
1330	10	27	16	942	10	5	7	-24.272	-15.9917	-18.3135	-20.3924
1331	10	27	16	941	10	5	7	-24.272	-15.9917	-18.3135	-20.3924
1332	4	7	10	4	1	7	1	-1.8234	-3.83891	-2.67836	-1.95159
1333	4	7	10	4	1	7	1	-1.8234	-3.83891	-2.67836	-1.95159
1334	129	66	30	82	189	47	17	-3.23965	-4.89378	-5.65658	-4.19958
1335	4	7	10	4	1	7	1	-1.8234	-3.83891	-2.67836	-1.95159
1336	4	7	10	4	1	7	1	-1.8234	-3.83891	-2.67836	-1.95159
1337	2	4	1	2	2	1	5	-2.77176	-3.66172	-4.16171	-4.22724
1338	2	1	2	3	2	3	5	-3.74818	-7.01876	-7.5005	-7.69605
1339	10	27	16	19	10	5	7	-20.9858	-12.6336	-15.8275	-18.0828
1340	2	4	1	2	2	1	5	-2.77176	-3.66172	-4.16171	-4.22724
1341	33	39	30	82	104	173	68	-5.41767	-3.99413	-6.44477	-8.41122
1342	1	4	2	2	6	3	17	-4.72287	-2.46222	-4.46738	-5.85939
1343	2	1	5	3	2	5	5	-5.715	-2.84139	-4.04398	-5.77831
1344	2	1	12	3	2	1	5	-2.62857	-2.12381	-3.57797	-5.27772
1345	8	10	2	2	11	12	6	-3.94403	-7.27839	-7.70398	-7.91121
1346	2	1	1	3	2	1	5	-4.629	-3.79255	-6.21154	-7.94362
1347	1	4	2	2	6	3	17	-4.72287	-2.46222	-4.46738	-5.85939
1348	7	2	2	2	11	12	6	-4.49065	-7.88483	-8.25424	-8.45755
1349	9	2	4	62	4	5	6	-3.70763	-5.22017	-5.80801	-7.36406
1350	2	1	21	3	2	1	5	-2.93642	-2.49721	-4.35174	-4.70422
1351	9	7	10	4	1	7	1	-10.2884	-12.0374	-11.4121	-9.80068
1352	2	1	12	3	920	1	5	-5.91564	-5.47411	-6.06136	-7.58632
1353	239	27	16	19	10	5	7	-10.3983	-6.48496	-8.98985	-11.3216
1354	7	17	2	15	23	3	12	-6.89055	-10.2859	-10.6549	-10.8577
1355	1	4	2	2	6	3	17	-4.72287	-2.46222	-4.46738	-5.85939
1356	1	6	60	24	12	28	1	-26.9919	-28.7437	-18.7315	-18.0362
1357	2	4	5	2	10	1	5	-6.88347	-10.2607	-10.6385	-10.8436
1358	10	81	50	99	120	76	52	-6.72473	-6.43629	-5.29022	-5.1815
1359	4	7	10	4	1	7	1	-1.8234	-3.83891	-2.67836	-1.95159
1360	2	1	5	3	2	5	5	-5.715	-2.84139	-4.04398	-5.77831
1361	4	7	10	1	1	7	1	-5.26467	-8.57025	-6.00216	-6.18021
1362	2	4	5	2	10	1	5	-6.88347	-10.2607	-10.6385	-10.8436
1363	2	1	21	3	2	1	5	-2.93642	-2.49721	-4.35174	-4.70422
1364	2	1	21	3	2	1	5	-2.93642	-2.49721	-4.35174	-4.70422
1365	2	4	1	2	2	1	5	-2.77176	-3.66172	-4.16171	-4.22724
1366	2	4	2	2	6	1	5	-6.11308	-4.84512	-5.89556	-8.36168
1367	2	4	1	2	7	1	5	-2.29664	-5.67826	-5.95191	-5.59901
1368	2	4	1	2	2	1	5	-2.77176	-3.66172	-4.16171	-4.22724
1369	2	4	1	2	2	1	5	-2.77176	-3.66172	-4.16171	-4.22724
1370	4	7	10	4	1	7	1	-1.8234	-3.83891	-2.67836	-1.95159
1371	4	7	10	4	42	51	1	-2.92222	-4.65401	-4.98051	-3.8508
1372	2	1	5	3	2	3	5	-4.25205	-3.26029	-5.41953	-4.86066
1373	2	1	12	3	2	1	5	-2.62857	-2.12381	-3.57797	-5.27772
1374	2	1	1	3	2	1	5	-4.629	-3.79255	-6.21154	-7.94362
1375	2	4	1	2	2	1	5	-2.77176	-3.66172	-4.16171	-4.22724
1376	4	7	10	4	1	7	1	-1.8234	-3.83891	-2.67836	-1.95159
1377	10	1	16	19	10	5	7	-6.57653	-2.76226	-4.13705	-5.35626
1378	2	4	1	2	7	1	5	-2.29664	-5.67826	-5.95191	-5.59901
1379	2	4	1	2	2	1	5	-2.77176	-3.66172	-4.16171	-4.22724
1380	10	81	50	99	120	76	52	-6.72473	-6.43629	-5.29022	-5.1815
1381	2	1	12	3	2	1	5	-2.62857	-2.12381	-3.57797	-5.27772
1382	2	4	1	2	2	1	5	-2.77176	-3.66172	-4.16171	-4.22724
1383	2	4	1	2	7	1	5	-2.29664	-5.67826	-5.95191	-5.59901
1384	1	2	3	4	5	9	3	-4.71723	-2.50453	-3.56671	-5.16695
1385	8	10	2	2	11	12	6	-3.94403	-7.27839	-7.70398	-7.91121
1386	1	4	2	2	6	3	17	-4.72287	-2.46222	-4.46738	-5.85939
1387	2	4	1	2	2	1	5	-2.77176	-3.66172	-4.16171	-4.22724
1388	2	4	1	2	2	1	5	-2.77176	-3.66172	-4.16171	-4.22724
1389	10	7	10	4	1	7	1	-12.6173	-10.6255	-10.0092	-8.84187
1390	2	1	21	3	2	1	5	-2.93642	-2.49721	-4.35174	-4.70422
1391	2	1	21	3	2	1	5	-2.93642	-2.49721	-4.35174	-4.70422
1392	10	1	16	19	10	5	7	-6.57653	-2.76226	-4.13705	-5.35626
1393	2	1	5	3	2	3	5	-4.25205	-3.26029	-5.41953	-4.86066
1394	2	1	5	3	2	3	5	-4.25205	-3.26029	-5.41953	-4.86066
1395	2	4	1	2	2	5	5	-6.81944	-6.40555	-8.69924	-10.1887
1396	2	4	1	2	7	1	5	-2.29664	-5.67826	-5.95191	-5.59901
1397	10	1	16	19	10	5	7	-6.57653	-2.76226	-4.13705	-5.35626
1398	2	4	1	2	7	1	5	-2.29664	-5.67826	-5.95191	-5.59901
1399	2	934	1	2	2	1	5	-5.97998	-7.01151	-6.6407	-6.5318
