Isolate	Loci0	Loci1	Loci2	Loci3	Loci4	Loci5	Loci6	Source0	Source1	Source2	Source3
0	1	2	3	4	5	9	3	-4.64531	-2.47789	-3.61186	-4.8152
1	4	7	10	4	1	7	1	-1.81489	-3.83443	-2.6494	-1.96436
2	2	4	1	2	2	1	5	-2.76243	-3.66402	-4.04416	-4.09612
3	2	4	1	2	2	1	5	-2.76243	-3.66402	-4.04416	-4.09612
4	9	25	2	10	22	3	6	-4.45519	-7.862	-5.95353	-4.40981
5	4	7	10	4	1	7	1	-1.81489	-3.83443	-2.6494	-1.96436
6	4	7	10	4	1	7	1	-1.81489	-3.83443	-2.6494	-1.96436
7	4	7	10	4	42	51	1	-2.91312	-4.68507	-4.68692	-3.83149
8	2	4	1	2	2	1	5	-2.76243	-3.66402	-4.04416	-4.09612
9	10	81	50	99	120	76	52	-6.70796	-6.35233	-5.39545	-5.18221
10	2	1	21	3	2	1	5	-2.91806	-2.48902	-4.13751	-4.48349
11	2	1	21	3	2	1	5	-2.91806	-2.48902	-4.13751	-4.48349
12	9	25	2	10	22	3	6	-4.45519	-7.862	-5.95353	-4.40981
13	2	1	21	3	2	1	5	-2.91806	-2.48902	-4.13751	-4.48349
14	10	27	16	19	10	5	7	-20.7039	-12.921	-15.335	-17.4542
15	2	4	1	2	2	1	5	-2.76243	-3.66402	-4.04416	-4.09612
16	2	4	1	2	2	1	5	-2.76243	-3.66402	-4.04416	-4.09612
17	9	2	4	62	4	5	6	-3.69782	-5.24435	-5.5371	-6.4506
18	9	53	2	53	11	3	3	-31.7932	-27.2846	-25.7893	-23.8034
19	2	4	1	2	2	1	5	-2.76243	-3.66402	-4.04416	-4.09612
20	2	4	1	2	2	1	5	-2.76243	-3.66402	-4.04416	-4.09612
21	4	7	10	4	1	7	1	-1.81489	-3.83443	-2.6494	-1.96436
22	2	4	1	2	2	1	5	-2.76243	-3.66402	-4.04416	-4.09612
23	1	4	2	2	6	3	17	-4.64561	-2.44179	-4.38486	-5.47814
24	4	7	10	4	1	7	1	-1.81489	-3.83443	-2.6494	-1.96436
25	2	1	21	3	2	1	5	-2.91806	-2.48902	-4.13751	-4.48349
26	8	10	2	2	11	12	6	-3.93575	-7.69529	-6.59993	-6.95555
27	2	4	2	2	6	1	5	-6.08119	-4.82473	-5.91796	-7.53425
28	2	1	12	3	2	1	5	-2.60988	-2.11426	-3.47936	-4.64749
29	2	4	1	2	2	1	5	-2.76243	-3.66402	-4.04416	-4.09612
30	4	7	10	4	1	7	1	-1.81489	-3.83443	-2.6494	-1.96436
31	10	1	16	19	10	5	7	-6.28104	-2.73706	-4.16988	-5.12755
32	1	2	3	4	5	9	3	-4.64531	-2.47789	-3.61186	-4.8152
33	2	4	1	2	2	1	5	-2.76243	-3.66402	-4.04416	-4.09612
34	2	4	1	2	2	1	5	-2.76243	-3.66402	-4.04416	-4.09612
35	2	4	1	2	2	1	5	-2.76243	-3.66402	-4.04416	-4.09612
36	4	7	10	4	1	7	1	-1.81489	-3.83443	-2.6494	-1.96436
37	129	66	30	82	189	47	17	-3.22966	-4.92585	-5.22767	-4.18097
38	2	1	12	3	357	1	5	-7.09214	-5.945	-6.86848	-6.69079
39	9	2	4	62	4	5	6	-3.69782	-5.24435	-5.5371	-6.4506
40	2	1	1	3	2	1	5	-4.60702	-3.78494	-5.88045	-7.04181
41	2	1	12	3	357	1	5	-7.09214	-5.945	-6.86848	-6.69079
42	2	1	5	3	2	3	5	-4.22466	-3.2492	-5.18138	-4.82046
43	2	1	5	3	2	3	5	-4.22466	-3.2492	-5.18138	-4.82046
44	2	4	1	2	2	1	5	-2.76243	-3.66402	-4.04416	-4.09612
45	2	4	1	2	2	1	5	-2.76243	-3.66402	-4.04416	-4.09612
46	2	4	2	2	6	1	5	-6.08119	-4.82473	-5.91796	-7.53425
47	1	4	2	2	6	3	17	-4.64561	-2.44179	-4.38486	-5.47814
48	2	1	21	3	2	1	5	-2.91806	-2.48902	-4.13751	-4.48349
49	2	1	2	3	2	3	5	-3.74077	-7.43935	-6.38927	-6.75065
50	2	1	21	3	2	1	5	-2.91806	-2.48902	-4.13751	-4.48349
51	7	17	2	15	23	3	12	-6.88188	-10.71	-9.55023	-9.90194
52	2	4	1	2	7	1	5	-2.28954	-6.1022	-4.91068	-5.01636
53	9	2	4	62	4	5	6	-3.69782	-5.24435	-5.5371	-6.4506
54	2	4	1	2	7	1	5	-2.28954	-6.1022	-4.91068	-5.01636
55	9	2	4	62	4	5	6	-3.69782	-5.24435	-5.5371	-6.4506
56	2	1	12	88	2	1	5	-3.93558	-3.42942	-5.33509	-5.33148
57	2	1	5	3	2	3	5	-4.22466	-3.2492	-5.18138	-4.82046
58	2	4	1	2	2	1	5	-2.76243	-3.66402	-4.04416	-4.09612
59	9	2	4	62	4	5	6	-3.69782	-5.24435	-5.5371	-6.4506
60	2	1	5	3	2	3	5	-4.22466	-3.2492	-5.18138	-4.82046
61	2	4	1	2	2	1	5	-2.76243	-3.66402	-4.04416	-4.09612
62	2	4	1	2	2	1	5	-2.76243	-3.66402	-4.04416	-4.09612
63	2	4	1	2	2	1	5	-2.76243	-3.66402	-4.04416	-4.09612
64	2	4	1	2	2	1	5	-2.76243	-3.66402	-4.04416	-4.09612
65	2	4	1	2	2	1	5	-2.76243	-3.66402	-4.04416	-4.09612
66	2	4	1	2	2	1	5	-2.76243	-3.66402	-4.04416	-4.09612
67	1	2	215	4	90	24	8	-31.9222	-27.5092	-23.5173	-19.1729
68	2	4	1	2	2	1	5	-2.76243	-3.66402	-4.04416	-4.09612
69	1	2	3	4	5	9	3	-4.64531	-2.47789	-3.61186	-4.8152
70	2	4	1	2	2	1	5	-2.76243	-3.66402	-4.04416	-4.09612
71	2	4	1	2	2	1	5	-2.76243	-3.66402	-4.04416	-4.09612
72	9	25	2	10	22	3	6	-4.45519	-7.862	-5.95353	-4.40981
73	2	15	4	48	360	25	23	-6.70892	-8.77803	-5.83958	-4.9544
74	2	4	1	2	2	1	5	-2.76243	-3.66402	-4.04416	-4.09612
75	2	1	12	88	2	1	5	-3.93558	-3.42942	-5.33509	-5.33148
76	2	4	2	2	6	1	5	-6.08119	-4.82473	-5.91796	-7.53425
77	10	1	16	19	10	5	7	-6.28104	-2.73706	-4.16988	-5.12755
78	2	4	1	2	2	1	5	-2.76243	-3.66402	-4.04416	-4.09612
79	2	1	12	3	2	1	5	-2.60988	-2.11426	-3.47936	-4.64749
80	2	4	1	2	2	1	5	-2.76243	-3.66402	-4.04416	-4.09612
81	2	4	1	2	2	1	5	-2.76243	-3.66402	-4.04416	-4.09612
82	1	4	2	2	6	3	17	-4.64561	-2.44179	-4.38486	-5.47814
83	10	1	16	19	10	5	7	-6.28104	-2.73706	-4.16988	-5.12755
84	8	10	149	2	11	12	6	-4.86496	-3.96598	-5.5151	-6.92582
85	2	4	1	2	2	1	5	-2.76243	-3.66402	-4.04416	-4.09612
86	2	4	1	2	7	1	5	-2.28954	-6.1022	-4.91068	-5.01636
87	32	39	30	82	104	324	17	-8.27376	-4.66949	-7.04213	-8.66458
88	1	2	3	4	5	9	3	-4.64531	-2.47789	-3.61186	-4.8152
89	2	1	5	3	2	3	5	-4.22466	-3.2492	-5.18138	-4.82046
90	2	4	1	2	2	1	5	-2.76243	-3.66402	-4.04416	-4.09612
91	2	4	1	2	7	1	5	-2.28954	-6.1022	-4.91068	-5.01636
92	4	7	10	4	1	7	1	-1.81489	-3.83443	-2.6494	-1.96436
93	2	1	2	3	2	3	5	-3.74077	-7.43935	-6.38927	-6.75065
94	2	1	12	3	2	1	5	-2.60988	-2.11426	-3.47936	-4.64749
95	2	1	21	3	2	1	5	-2.91806	-2.48902	-4.13751	-4.48349
96	2	1	21	3	2	1	5	-2.91806	-2.48902	-4.13751	-4.48349
97	9	2	5	2	11	3	1	-30.1047	-32.2337	-27.009	-26.0947
98	4	7	10	4	1	7	1	-1.81489	-3.83443	-2.6494	-1.96436
99	2	1	2	3	2	3	5	-3.74077	-7.43935	-6.38927	-6.75065
100	2	1	21	3	2	1	5	-2.91806	-2.48902	-4.13751	-4.48349
101	4	7	10	4	1	7	1	-1.81489	-3.83443	-2.6494	-1.96436
102	2	1	21	3	2	1	5	-2.91806	-2.48902	-4.13751	-4.48349
103	1	4	2	2	6	3	17	-4.64561	-2.44179	-4.38486	-5.47814
104	2	4	5	2	10	1	5	-6.87611	-10.6915	-9.5259	-9.89
105	2	1	12	88	2	1	5	-3.93558	-3.42942	-5.33509	-5.33148
106	9	2	4	62	4	5	6	-3.69782	-5.24435	-5.5371	-6.4506
107	2	165	73	147	220	190	104	-8.88093	-9.73042	-7.1575	-5.30117
108	2	1	21	3	2	1	5	-2.91806	-2.48902	-4.13751	-4.48349
109	2	4	1	2	2	1	5	-2.76243	-3.66402	-4.04416	-4.09612
110	2	1	12	3	11	1	6	-19.4097	-17.8596	-18.9038	-20.6748
111	2	1	2	3	2	3	5	-3.74077	-7.43935	-6.38927	-6.75065
112	2	4	1	2	7	1	5	-2.28954	-6.1022	-4.91068	-5.01636
113	2	1	2	3	2	3	5	-3.74077	-7.43935	-6.38927	-6.75065
114	2	1	21	3	2	1	5	-2.91806	-2.48902	-4.13751	-4.48349
115	2	4	1	2	7	1	5	-2.28954	-6.1022	-4.91068	-5.01636
116	33	39	30	82	113	43	17	-9.8366	-6.42564	-6.25291	-8.06374
117	2	4	1	2	2	1	5	-2.76243	-3.66402	-4.04416	-4.09612
118	2	4	1	2	2	1	5	-2.76243	-3.66402	-4.04416	-4.09612
119	2	4	1	2	2	1	5	-2.76243	-3.66402	-4.04416	-4.09612
120	2	4	1	2	7	1	5	-2.28954	-6.1022	-4.91068	-5.01636
121	4	7	10	1	1	7	1	-5.25745	-8.60309	-6.01365	-6.09778
122	2	1	12	3	2	1	5	-2.60988	-2.11426	-3.47936	-4.64749
123	2	4	1	2	2	1	5	-2.76243	-3.66402	-4.04416	-4.09612
124	2	4	1	2	2	1	5	-2.76243	-3.66402	-4.04416	-4.09612
125	2	4	1	2	7	1	5	-2.28954	-6.1022	-4.91068	-5.01636
126	2	4	1	2	2	1	5	-2.76243	-3.66402	-4.04416	-4.09612
127	2	4	1	2	2	1	5	-2.76243	-3.66402	-4.04416	-4.09612
128	2	1	12	88	2	1	5	-3.93558	-3.42942	-5.33509	-5.33148
129	2	1	12	3	2	1	5	-2.60988	-2.11426	-3.47936	-4.64749
130	2	1	12	3	2	1	5	-2.60988	-2.11426	-3.47936	-4.64749
131	2	4	1	2	7	1	5	-2.28954	-6.1022	-4.91068	-5.01636
132	2	1	21	3	2	1	5	-2.91806	-2.48902	-4.13751	-4.48349
133	2	1	21	3	2	1	5	-2.91806	-2.48902	-4.13751	-4.48349
134	2	4	5	2	2	5	5	-3.65543	-7.43479	-6.17214	-5.82987
135	2	1	21	3	2	1	5	-2.91806	-2.48902	-4.13751	-4.48349
136	1	4	2	2	6	3	1	-11.6885	-10.1633	-9.92941	-10.9531
137	2	1	5	3	2	3	5	-4.22466	-3.2492	-5.18138	-4.82046
138	2	1	5	3	2	3	5	-4.22466	-3.2492	-5.18138	-4.82046
139	4	7	10	4	1	7	1	-1.81489	-3.83443	-2.6494	-1.96436
140	8	10	2	2	11	12	6	-3.93575	-7.69529	-6.59993	-6.95555
141	2	1	2	3	2	3	5	-3.74077	-7.43935	-6.38927	-6.75065
142	2	1	5	3	2	3	5	-4.22466	-3.2492	-5.18138	-4.82046
143	2	1	2	3	2	3	5	-3.74077	-7.43935	-6.38927	-6.75065
144	129	66	30	82	189	47	17	-3.22966	-4.92585	-5.22767	-4.18097
145	2	4	1	2	2	1	5	-2.76243	-3.66402	-4.04416	-4.09612
146	2	4	1	2	2	1	5	-2.76243	-3.66402	-4.04416	-4.09612
147	7	21	5	62	4	61	44	-7.41519	-3.82134	-5.56635	-7.28145
148	2	4	1	2	2	1	5	-2.76243	-3.66402	-4.04416	-4.09612
149	2	937	1	2	2	1	5	-7.16624	-7.49852	-7.41549	-6.12733
150	1	14	2	2	6	1	17	-9.3259	-6.43467	-7.79972	-6.38324
151	1	4	2	2	6	3	17	-4.64561	-2.44179	-4.38486	-5.47814
152	8	10	149	2	11	12	6	-4.86496	-3.96598	-5.5151	-6.92582
153	2	1	12	3	2	1	5	-2.60988	-2.11426	-3.47936	-4.64749
154	9	30	2	2	89	59	6	-4.93472	-8.76363	-7.60242	-7.95486
155	1	2	3	4	5	9	3	-4.64531	-2.47789	-3.61186	-4.8152
156	2	4	1	2	2	1	5	-2.76243	-3.66402	-4.04416	-4.09612
157	2	4	1	2	2	1	5	-2.76243	-3.66402	-4.04416	-4.09612
158	180	194	2	68	19	231	147	-27.6815	-28.2977	-24.8913	-18.5173
159	2	4	1	2	2	1	5	-2.76243	-3.66402	-4.04416	-4.09612
160	2	4	1	2	2	1	5	-2.76243	-3.66402	-4.04416	-4.09612
161	2	4	1	2	2	1	5	-2.76243	-3.66402	-4.04416	-4.09612
162	4	7	10	4	1	7	1	-1.81489	-3.83443	-2.6494	-1.96436
163	2	4	1	2	2	1	5	-2.76243	-3.66402	-4.04416	-4.09612
164	2	1	21	3	2	1	5	-2.91806	-2.48902	-4.13751	-4.48349
165	2	4	1	2	7	1	5	-2.28954	-6.1022	-4.91068	-5.01636
166	2	4	1	2	2	1	5	-2.76243	-3.66402	-4.04416	-4.09612
167	10	1	16	19	10	5	7	-6.28104	-2.73706	-4.16988	-5.12755
168	104	7	10	4	1	7	1	-4.39225	-8.22535	-7.03959	-7.39082
169	2	4	1	2	2	1	5	-2.76243	-3.66402	-4.04416	-4.09612
170	10	27	16	19	10	5	7	-20.7039	-12.921	-15.335	-17.4542
171	2	4	1	2	2	1	5	-2.76243	-3.66402	-4.04416	-4.09612
172	2	1	1	3	2	1	5	-4.60702	-3.78494	-5.88045	-7.04181
173	7	21	5	62	4	61	44	-7.41519	-3.82134	-5.56635	-7.28145
174	2	1	1	3	2	1	5	-4.60702	-3.78494	-5.88045	-7.04181
175	10	1	16	19	10	5	7	-6.28104	-2.73706	-4.16988	-5.12755
176	2	4	1	2	2	1	5	-2.76243	-3.66402	-4.04416	-4.09612
177	2	4	1	2	2	1	5	-2.76243	-3.66402	-4.04416	-4.09612
178	2	1	12	3	2	1	5	-2.60988	-2.11426	-3.47936	-4.64749
179	2	4	1	2	2	1	5	-2.76243	-3.66402	-4.04416	-4.09612
180	2	4	1	2	2	1	5	-2.76243	-3.66402	-4.04416	-4.09612
181	1	4	2	2	6	3	17	-4.64561	-2.44179	-4.38486	-5.47814
182	2	1	12	3	2	1	5	-2.60988	-2.11426	-3.47936	-4.64749
183	4	7	10	4	1	7	1	-1.81489	-3.83443	-2.6494	-1.96436
184	2	4	1	2	2	1	5	-2.76243	-3.66402	-4.04416	-4.09612
185	2	4	1	2	2	1	5	-2.76243	-3.66402	-4.04416	-4.09612
186	2	1	21	3	2	1	5	-2.91806	-2.48902	-4.13751	-4.48349
187	4	7	10	4	1	7	1	-1.81489	-3.83443	-2.6494	-1.96436
188	4	7	10	4	42	51	1	-2.91312	-4.68507	-4.68692	-3.83149
189	2	1	5	3	2	3	5	-4.22466	-3.2492	-5.18138	-4.82046
190	1	2	4	62	4	5	17	-6.08967	-4.84245	-7.03609	-8.31406
191	4	7	10	4	1	7	1	-1.81489	-3.83443	-2.6494	-1.96436
192	4	7	10	4	42	51	1	-2.91312	-4.68507	-4.68692	-3.83149
193	2	1	21	3	2	1	5	-2.91806	-2.48902	-4.13751	-4.48349
194	4	7	10	4	42	51	1	-2.91312	-4.68507	-4.68692	-3.83149
195	2	4	1	2	7	1	5	-2.28954	-6.1022	-4.91068	-5.01636
196	2	4	1	2	2	1	5	-2.76243	-3.66402	-4.04416	-4.09612
197	1	2	3	4	5	9	3	-4.64531	-2.47789	-3.61186	-4.8152
198	1	2	4	62	4	5	17	-6.08967	-4.84245	-7.03609	-8.31406
199	2	250	4	281	358	25	57	-30.6475	-29.0272	-20.6142	-17.4471
200	9	2	4	62	4	5	6	-3.69782	-5.24435	-5.5371	-6.4506
201	1	2	3	4	5	9	3	-4.64531	-2.47789	-3.61186	-4.8152
202	4	7	10	4	1	7	1	-1.81489	-3.83443	-2.6494	-1.96436
203	2	4	2	4	19	3	6	-5.77978	-9.60342	-8.43723	-8.79179
204	4	7	10	4	1	7	1	-1.81489	-3.83443	-2.6494	-1.96436
205	4	7	10	4	42	51	1	-2.91312	-4.68507	-4.68692	-3.83149
206	2	1	12	3	2	1	5	-2.60988	-2.11426	-3.47936	-4.64749
207	4	7	10	4	1	7	1	-1.81489	-3.83443	-2.6494	-1.96436
208	2	1	12	3	2	1	5	-2.60988	-2.11426	-3.47936	-4.64749
209	1	2	4	62	4	5	17	-6.08967	-4.84245	-7.03609	-8.31406
210	4	7	10	4	42	51	1	-2.91312	-4.68507	-4.68692	-3.83149
211	2	4	1	2	2	1	5	-2.76243	-3.66402	-4.04416	-4.09612
212	4	7	10	4	1	7	1	-1.81489	-3.83443	-2.6494	-1.96436
213	2	1	21	3	2	1	5	-2.91806	-2.48902	-4.13751	-4.48349
214	47	2	4	2	6	5	17	-11.843	-9.85208	-6.32705	-8.15698
215	2	1	21	3	2	1	5	-2.91806	-2.48902	-4.13751	-4.48349
216	2	1	21	3	2	1	5	-2.91806	-2.48902	-4.13751	-4.48349
217	2	4	1	2	2	1	5	-2.76243	-3.66402	-4.04416	-4.09612
218	2	4	1	2	2	1	5	-2.76243	-3.66402	-4.04416	-4.09612
219	10	81	50	99	120	76	52	-6.70796	-6.35233	-5.39545	-5.18221
220	2	4	1	2	2	1	5	-2.76243	-3.66402	-4.04416	-4.09612
221	2	4	1	2	2	1	5	-2.76243	-3.66402	-4.04416	-4.09612
222	1	4	2	2	6	3	17	-4.64561	-2.44179	-4.38486	-5.47814
223	1	2	4	62	4	5	17	-6.08967	-4.84245	-7.03609	-8.31406
224	4	7	10	4	1	7	1	-1.81489	-3.83443	-2.6494	-1.96436
225	4	7	10	4	1	7	1	-1.81489	-3.83443	-2.6494	-1.96436
226	10	1	16	19	10	5	7	-6.28104	-2.73706	-4.16988	-5.12755
227	2	4	1	2	2	1	5	-2.76243	-3.66402	-4.04416	-4.09612
228	2	4	1	2	7	1	5	-2.28954	-6.1022	-4.91068	-5.01636
229	1	4	2	348	6	3	17	-8.96623	-5.35525	-7.72638	-9.35466
230	1	2	4	62	4	5	17	-6.08967	-4.84245	-7.03609	-8.31406
231	10	27	16	19	10	5	7	-20.7039	-12.921	-15.335	-17.4542
232	1	4	2	2	6	3	17	-4.64561	-2.44179	-4.38486	-5.47814
233	4	7	10	4	42	51	1	-2.91312	-4.68507	-4.68692	-3.83149
234	2	4	1	2	2	1	5	-2.76243	-3.66402	-4.04416	-4.09612
235	2	1	12	3	2	1	5	-2.60988	-2.11426	-3.47936	-4.64749
236	2	1	12	88	2	1	5	-3.93558	-3.42942	-5.33509	-5.33148
237	2	4	1	2	7	1	5	-2.28954	-6.1022	-4.91068	-5.01636
238	2	1	12	3	2	1	5	-2.60988	-2.11426	-3.47936	-4.64749
239	1	4	2	2	6	3	17	-4.64561	-2.44179	-4.38486	-5.47814
240	2	1	4	28	58	25	58	-5.66573	-8.18272	-5.49571	-4.28077
241	2	1	5	3	2	3	5	-4.22466	-3.2492	-5.18138	-4.82046
242	2	1	12	3	2	1	5	-2.60988	-2.11426	-3.47936	-4.64749
243	2	4	1	2	2	1	5	-2.76243	-3.66402	-4.04416	-4.09612
244	2	1	5	10	11	1	5	-28.1291	-22.685	-23.0794	-24.9385
245	2	1	12	3	2	1	5	-2.60988	-2.11426	-3.47936	-4.64749
246	2	1	12	88	2	1	5	-3.93558	-3.42942	-5.33509	-5.33148
247	2	1	12	3	2	1	5	-2.60988	-2.11426	-3.47936	-4.64749
248	2	1	12	3	2	1	5	-2.60988	-2.11426	-3.47936	-4.64749
249	1	4	2	2	6	3	17	-4.64561	-2.44179	-4.38486	-5.47814
250	9	2	4	62	4	5	6	-3.69782	-5.24435	-5.5371	-6.4506
251	2	1	12	3	2	1	5	-2.60988	-2.11426	-3.47936	-4.64749
252	8	10	149	2	11	12	6	-4.86496	-3.96598	-5.5151	-6.92582
253	2	1	21	3	2	1	5	-2.91806	-2.48902	-4.13751	-4.48349
254	1	2	3	4	5	9	3	-4.64531	-2.47789	-3.61186	-4.8152
255	2	1	5	3	2	3	5	-4.22466	-3.2492	-5.18138	-4.82046
256	1	307	3	4	5	9	3	-6.83413	-6.41031	-6.20067	-7.91044
257	1	4	2	2	6	3	17	-4.64561	-2.44179	-4.38486	-5.47814
258	2	4	1	2	7	1	5	-2.28954	-6.1022	-4.91068	-5.01636
259	2	4	1	2	2	1	5	-2.76243	-3.66402	-4.04416	-4.09612
260	2	61	4	64	126	7	23	-6.02105	-8.50066	-6.09934	-4.2999
261	7	21	5	62	4	61	44	-7.41519	-3.82134	-5.56635	-7.28145
262	2	1	12	3	2	1	5	-2.60988	-2.11426	-3.47936	-4.64749
263	2	4	1	2	2	1	5	-2.76243	-3.66402	-4.04416	-4.09612
264	2	1	12	3	2	1	5	-2.60988	-2.11426	-3.47936	-4.64749
265	2	1	21	3	2	1	5	-2.91806	-2.48902	-4.13751	-4.48349
266	2	1	21	3	2	1	5	-2.91806	-2.48902	-4.13751	-4.48349
267	2	4	1	2	2	1	5	-2.76243	-3.66402	-4.04416	-4.09612
268	2	4	1	2	2	1	5	-2.76243	-3.66402	-4.04416	-4.09612
269	2	4	1	2	7	1	5	-2.28954	-6.1022	-4.91068	-5.01636
270	4	7	10	4	1	7	1	-1.81489	-3.83443	-2.6494	-1.96436
271	1	2	4	62	4	5	17	-6.08967	-4.84245	-7.03609	-8.31406
272	4	1	21	3	2	1	5	-10.0407	-10.308	-9.8108	-10.0284
273	10	1	16	19	10	5	7	-6.28104	-2.73706	-4.16988	-5.12755
274	33	283	44	82	189	44	17	-7.00903	-3.46235	-5.3076	-5.98465
275	2	1	12	3	2	1	5	-2.60988	-2.11426	-3.47936	-4.64749
276	10	81	50	99	120	76	52	-6.70796	-6.35233	-5.39545	-5.18221
277	4	7	10	4	42	25	1	-8.80736	-9.09744	-5.945	-5.21377
278	2	4	1	2	2	1	5	-2.76243	-3.66402	-4.04416	-4.09612
279	2	4	5	2	10	1	5	-6.87611	-10.6915	-9.5259	-9.89
280	2	4	1	2	2	1	5	-2.76243	-3.66402	-4.04416	-4.09612
281	9	2	4	62	4	5	6	-3.69782	-5.24435	-5.5371	-6.4506
282	4	7	10	4	1	7	1	-1.81489	-3.83443	-2.6494	-1.96436
283	2	1	12	3	2	1	5	-2.60988	-2.11426	-3.47936	-4.64749
284	9	2	4	62	4	5	6	-3.69782	-5.24435	-5.5371	-6.4506
285	9	2	4	62	4	5	6	-3.69782	-5.24435	-5.5371	-6.4506
286	2	4	1	2	2	1	5	-2.76243	-3.66402	-4.04416	-4.09612
287	2	1	12	88	2	1	5	-3.93558	-3.42942	-5.33509	-5.33148
288	2	1	21	3	2	1	5	-2.91806	-2.48902	-4.13751	-4.48349
289	33	39	30	79	113	44	17	-26.6184	-24.6197	-23.3301	-26.5576
290	1	2	3	4	5	9	3	-4.64531	-2.47789	-3.61186	-4.8152
291	1	4	2	2	6	3	17	-4.64561	-2.44179	-4.38486	-5.47814
292	9	2	4	62	4	5	6	-3.69782	-5.24435	-5.5371	-6.4506
293	2	1	12	3	2	1	5	-2.60988	-2.11426	-3.47936	-4.64749
294	2	1	5	3	2	5	5	-5.58948	-2.82174	-4.08286	-5.38482
295	2	1	5	3	2	5	5	-5.58948	-2.82174	-4.08286	-5.38482
296	2	4	1	2	2	1	5	-2.76243	-3.66402	-4.04416	-4.09612
297	2	4	1	2	2	1	5	-2.76243	-3.66402	-4.04416	-4.09612
298	2	1	21	3	2	1	5	-2.91806	-2.48902	-4.13751	-4.48349
299	32	39	30	82	104	324	17	-8.27376	-4.66949	-7.04213	-8.66458
300	2	1	12	3	2	1	5	-2.60988	-2.11426	-3.47936	-4.64749
301	4	7	10	4	1	7	1	-1.81489	-3.83443	-2.6494	-1.96436
302	1	4	2	2	6	3	5	-8.85759	-5.2684	-7.60422	-9.27559
303	2	1	21	3	2	1	5	-2.91806	-2.48902	-4.13751	-4.48349
304	4	7	10	4	42	51	1	-2.91312	-4.68507	-4.68692	-3.83149
305	2	4	1	2	7	1	5	-2.28954	-6.1022	-4.91068	-5.01636
306	7	21	5	62	4	61	44	-7.41519	-3.82134	-5.56635	-7.28145
307	104	7	10	4	1	7	1	-4.39225	-8.22535	-7.03959	-7.39082
308	9	25	2	10	22	3	6	-4.45519	-7.862	-5.95353	-4.40981
309	2	4	2	2	6	3	17	-11.0959	-7.78558	-9.46307	-10.7714
310	2	4	1	2	7	1	5	-2.28954	-6.1022	-4.91068	-5.01636
311	129	66	30	82	189	47	17	-3.22966	-4.92585	-5.22767	-4.18097
312	33	39	30	82	104	173	68	-5.37812	-3.97273	-6.1987	-7.51412
313	2	1	12	3	2	1	5	-2.60988	-2.11426	-3.47936	-4.64749
314	2	1	1	3	2	1	5	-4.60702	-3.78494	-5.88045	-7.04181
315	7	21	5	62	4	61	44	-7.41519	-3.82134	-5.56635	-7.28145
316	2	1	21	3	2	1	5	-2.91806	-2.48902	-4.13751	-4.48349
317	4	7	10	4	1	7	1	-1.81489	-3.83443	-2.6494	-1.96436
318	10	2	107	62	120	76	1	-6.83727	-10.076	-8.01178	-6.36926
319	4	7	10	4	1	7	1	-1.81489	-3.83443	-2.6494	-1.96436
320	2	1	12	3	2	1	5	-2.60988	-2.11426	-3.47936	-4.64749
321	2	1	5	3	2	3	5	-4.22466	-3.2492	-5.18138	-4.82046
322	4	7	10	4	1	7	1	-1.81489	-3.83443	-2.6494	-1.96436
323	2	1	12	88	2	1	5	-3.93558	-3.42942	-5.33509	-5.33148
324	4	7	10	4	42	7	1	-6.61505	-8.62581	-5.7047	-4.70269
325	4	7	10	4	42	51	1	-2.91312	-4.68507	-4.68692	-3.83149
326	2	1	21	3	2	1	5	-2.91806	-2.48902	-4.13751	-4.48349
327	2	1	12	3	2	1	5	-2.60988	-2.11426	-3.47936	-4.64749
328	4	7	10	4	1	7	1	-1.81489	-3.83443	-2.6494	-1.96436
329	2	4	1	2	7	1	5	-2.28954	-6.1022	-4.91068	-5.01636
330	4	7	10	4	1	7	1	-1.81489	-3.83443	-2.6494	-1.96436
331	2	1	12	3	2	1	5	-2.60988	-2.11426	-3.47936	-4.64749
332	4	7	10	4	1	7	1	-1.81489	-3.83443	-2.6494	-1.96436
333	4	7	10	4	1	7	1	-1.81489	-3.83443	-2.6494	-1.96436
334	1	4	2	2	6	3	17	-4.64561	-2.44179	-4.38486	-5.47814
335	2	4	1	2	2	1	5	-2.76243	-3.66402	-4.04416	-4.09612
336	4	7	10	4	1	7	1	-1.81489	-3.83443	-2.6494	-1.96436
337	7	17	2	15	23	3	12	-6.88188	-10.71	-9.55023	-9.90194
338	2	1	5	3	2	3	5	-4.22466	-3.2492	-5.18138	-4.82046
339	4	7	10	4	1	7	1	-1.81489	-3.83443	-2.6494	-1.96436
340	4	7	10	4	1	7	1	-1.81489	-3.83443	-2.6494	-1.96436
341	4	7	10	4	42	51	1	-2.91312	-4.68507	-4.68692	-3.83149
342	2	4	1	2	2	1	5	-2.76243	-3.66402	-4.04416	-4.09612
343	2	1	12	88	2	1	5	-3.93558	-3.42942	-5.33509	-5.33148
344	2	1	1	3	2	1	5	-4.60702	-3.78494	-5.88045	-7.04181
345	1	2	3	4	5	9	3	-4.64531	-2.47789	-3.61186	-4.8152
346	2	1	12	88	2	1	5	-3.93558	-3.42942	-5.33509	-5.33148
347	2	1	1	3	2	1	5	-4.60702	-3.78494	-5.88045	-7.04181
348	24	17	2	10	23	68	5	-9.37171	-5.76642	-8.13894	-9.76257
349	4	7	10	4	1	7	1	-1.81489	-3.83443	-2.6494	-1.96436
350	2	1	21	3	2	1	5	-2.91806	-2.48902	-4.13751	-4.48349
351	1	4	2	2	6	3	17	-4.64561	-2.44179	-4.38486	-5.47814
352	2	1	5	3	2	3	5	-4.22466	-3.2492	-5.18138	-4.82046
353	4	7	10	4	1	7	1	-1.81489	-3.83443	-2.6494	-1.96436
354	2	1	1	3	2	1	5	-4.60702	-3.78494	-5.88045	-7.04181
355	2	1	12	3	2	1	5	-2.60988	-2.11426	-3.47936	-4.64749
356	8	10	149	2	11	12	6	-4.86496	-3.96598	-5.5151	-6.92582
357	2	4	1	2	2	5	5	-6.80755	-6.40576	-8.29187	-9.34865
358	10	1	16	19	10	5	7	-6.28104	-2.73706	-4.16988	-5.12755
359	24	17	2	10	23	68	5	-9.37171	-5.76642	-8.13894	-9.76257
360	1	2	4	62	4	5	17	-6.08967	-4.84245	-7.03609	-8.31406
361	2	4	1	2	7	1	5	-2.28954	-6.1022	-4.91068	-5.01636
362	7	71	5	62	11	67	6	-30.7251	-27.1731	-26.7507	-26.555
363	7	17	5	2	10	3	6	-26.1899	-24.5709	-22.7598	-22.6738
364	2	1	5	3	2	3	5	-4.22466	-3.2492	-5.18138	-4.82046
365	9	2	4	62	4	5	6	-3.69782	-5.24435	-5.5371	-6.4506
366	33	38	30	82	104	325	36	-14.5477	-10.3026	-12.2253	-12.5018
367	2	4	1	2	7	1	5	-2.28954	-6.1022	-4.91068	-5.01636
368	47	2	4	2	6	5	17	-11.843	-9.85208	-6.32705	-8.15698
369	2	1	12	88	2	1	5	-3.93558	-3.42942	-5.33509	-5.33148
370	2	1	12	88	2	1	5	-3.93558	-3.42942	-5.33509	-5.33148
371	2	1	12	88	2	1	5	-3.93558	-3.42942	-5.33509	-5.33148
372	2	1	12	88	2	1	5	-3.93558	-3.42942	-5.33509	-5.33148
373	2	4	1	2	2	1	5	-2.76243	-3.66402	-4.04416	-4.09612
374	2	1	12	88	2	1	5	-3.93558	-3.42942	-5.33509	-5.33148
375	1	1	2	2	6	3	17	-9.90293	-6.19046	-8.47094	-10.1842
376	2	1	12	88	2	1	5	-3.93558	-3.42942	-5.33509	-5.33148
377	2	1	12	88	2	1	5	-3.93558	-3.42942	-5.33509	-5.33148
378	2	4	1	2	2	1	5	-2.76243	-3.66402	-4.04416	-4.09612
379	2	1	12	88	2	1	5	-3.93558	-3.42942	-5.33509	-5.33148
380	2	1	5	3	2	3	5	-4.22466	-3.2492	-5.18138	-4.82046
381	4	7	10	4	1	7	1	-1.81489	-3.83443	-2.6494	-1.96436
382	2	1	12	3	2	1	5	-2.60988	-2.11426	-3.47936	-4.64749
383	1	2	4	62	4	5	17	-6.08967	-4.84245	-7.03609	-8.31406
384	1	4	2	2	6	3	17	-4.64561	-2.44179	-4.38486	-5.47814
385	2	1	12	3	2	1	5	-2.60988	-2.11426	-3.47936	-4.64749
386	2	1	12	88	2	1	5	-3.93558	-3.42942	-5.33509	-5.33148
387	9	2	4	62	4	5	6	-3.69782	-5.24435	-5.5371	-6.4506
388	2	4	1	2	7	1	5	-2.28954	-6.1022	-4.91068	-5.01636
389	2	1	5	3	2	3	5	-4.22466	-3.2492	-5.18138	-4.82046
390	7	21	5	62	4	61	44	-7.41519	-3.82134	-5.56635	-7.28145
391	1	2	215	4	90	24	8	-31.9222	-27.5092	-23.5173	-19.1729
392	2	1	21	3	2	1	5	-2.91806	-2.48902	-4.13751	-4.48349
393	1	4	2	2	6	3	17	-4.64561	-2.44179	-4.38486	-5.47814
394	2	4	1	2	2	1	5	-2.76243	-3.66402	-4.04416	-4.09612
395	2	1	12	3	2	1	5	-2.60988	-2.11426	-3.47936	-4.64749
396	1	2	3	4	5	9	3	-4.64531	-2.47789	-3.61186	-4.8152
397	2	1	5	3	2	3	5	-4.22466	-3.2492	-5.18138	-4.82046
398	10	1	16	19	10	5	7	-6.28104	-2.73706	-4.16988	-5.12755
399	2	1	2	3	2	959	5	-8.22085	-10.7084	-9.73776	-8.78469
400	10	1	16	19	10	5	7	-6.28104	-2.73706	-4.16988	-5.12755
401	2	4	1	2	7	1	5	-2.28954	-6.1022	-4.91068	-5.01636
402	2	1	12	3	2	1	5	-2.60988	-2.11426	-3.47936	-4.64749
403	8	10	149	2	11	12	6	-4.86496	-3.96598	-5.5151	-6.92582
404	2	4	1	2	7	1	5	-2.28954	-6.1022	-4.91068	-5.01636
405	4	7	10	4	1	7	1	-1.81489	-3.83443	-2.6494	-1.96436
406	4	7	10	4	1	7	1	-1.81489	-3.83443	-2.6494	-1.96436
407	2	4	5	2	2	5	5	-3.65543	-7.43479	-6.17214	-5.82987
408	2	1	12	3	2	1	5	-2.60988	-2.11426	-3.47936	-4.64749
409	166	2	27	10	151	3	1	-33.4927	-32.2679	-27.7748	-22.9198
410	33	39	30	79	113	44	17	-26.6184	-24.6197	-23.3301	-26.5576
411	7	17	2	15	23	3	12	-6.88188	-10.71	-9.55023	-9.90194
412	1	2	3	4	5	9	3	-4.64531	-2.47789	-3.61186	-4.8152
413	2	4	1	2	7	1	5	-2.28954	-6.1022	-4.91068	-5.01636
414	7	21	5	62	4	61	44	-7.41519	-3.82134	-5.56635	-7.28145
415	2	1	12	3	2	1	5	-2.60988	-2.11426	-3.47936	-4.64749
416	1	2	3	4	5	9	3	-4.64531	-2.47789	-3.61186	-4.8152
417	2	1	5	88	2	11	5	-8.90821	-5.33543	-6.09346	-7.88723
418	2	4	1	2	7	1	5	-2.28954	-6.1022	-4.91068	-5.01636
419	2	1	21	3	2	1	5	-2.91806	-2.48902	-4.13751	-4.48349
420	7	17	2	15	23	3	12	-6.88188	-10.71	-9.55023	-9.90194
421	2	1	5	88	2	11	5	-8.90821	-5.33543	-6.09346	-7.88723
422	47	2	4	2	6	5	17	-11.843	-9.85208	-6.32705	-8.15698
423	1	2	3	4	5	9	3	-4.64531	-2.47789	-3.61186	-4.8152
424	7	17	2	15	23	3	12	-6.88188	-10.71	-9.55023	-9.90194
425	2	4	1	2	2	1	5	-2.76243	-3.66402	-4.04416	-4.09612
426	2	4	1	2	2	1	5	-2.76243	-3.66402	-4.04416	-4.09612
427	2	4	1	2	2	1	5	-2.76243	-3.66402	-4.04416	-4.09612
428	2	1	12	3	2	1	5	-2.60988	-2.11426	-3.47936	-4.64749
429	2	4	5	2	2	5	5	-3.65543	-7.43479	-6.17214	-5.82987
430	2	1	21	3	2	1	5	-2.91806	-2.48902	-4.13751	-4.48349
431	4	7	10	4	42	25	1	-8.80736	-9.09744	-5.945	-5.21377
432	1	4	2	2	6	3	17	-4.64561	-2.44179	-4.38486	-5.47814
433	1	2	215	4	923	24	8	-31.9222	-27.5092	-23.5173	-19.1729
434	1	2	3	4	5	9	3	-4.64531	-2.47789	-3.61186	-4.8152
435	2	1	1	3	2	1	5	-4.60702	-3.78494	-5.88045	-7.04181
436	1	4	2	2	6	3	17	-4.64561	-2.44179	-4.38486	-5.47814
437	2	4	1	2	2	1	5	-2.76243	-3.66402	-4.04416	-4.09612
438	2	1	5	3	2	5	5	-5.58948	-2.82174	-4.08286	-5.38482
439	4	7	10	4	42	51	1	-2.91312	-4.68507	-4.68692	-3.83149
440	4	7	10	4	1	7	1	-1.81489	-3.83443	-2.6494	-1.96436
441	4	7	10	4	1	7	1	-1.81489	-3.83443	-2.6494	-1.96436
442	4	7	10	4	1	7	1	-1.81489	-3.83443	-2.6494	-1.96436
443	2	1	21	3	2	1	5	-2.91806	-2.48902	-4.13751	-4.48349
444	2	1	21	3	2	1	5	-2.91806	-2.48902	-4.13751	-4.48349
445	2	4	1	2	7	1	5	-2.28954	-6.1022	-4.91068	-5.01636
446	4	7	10	4	1	7	1	-1.81489	-3.83443	-2.6494	-1.96436
447	4	7	10	4	1	7	1	-1.81489	-3.83443	-2.6494	-1.96436
448	2	1	1	3	2	1	5	-4.60702	-3.78494	-5.88045	-7.04181
449	2	1	21	3	2	1	5	-2.91806	-2.48902	-4.13751	-4.48349
450	2	1	21	3	2	1	5	-2.91806	-2.48902	-4.13751	-4.48349
451	4	7	10	4	42	51	1	-2.91312	-4.68507	-4.68692	-3.83149
452	4	7	10	1	1	7	1	-5.25745	-8.60309	-6.01365	-6.09778
453	239	27	16	19	10	5	7	-10.0666	-6.46125	-8.83371	-10.4571
454	2	1	12	3	2	1	5	-2.60988	-2.11426	-3.47936	-4.64749
455	2	4	1	2	2	1	5	-2.76243	-3.66402	-4.04416	-4.09612
456	2	1	12	3	2	1	5	-2.60988	-2.11426	-3.47936	-4.64749
457	2	1	12	3	2	1	5	-2.60988	-2.11426	-3.47936	-4.64749
458	10	81	50	99	120	76	52	-6.70796	-6.35233	-5.39545	-5.18221
459	47	2	4	2	6	5	17	-11.843	-9.85208	-6.32705	-8.15698
460	2	4	1	3	2	1	5	-6.82853	-8.76981	-8.93795	-9.61496
461	4	7	10	4	1	7	1	-1.81489	-3.83443	-2.6494	-1.96436
462	2	1	1	380	2	1	5	-6.14203	-5.73539	-7.72315	-8.74472
463	2	4	1	2	7	1	5	-2.28954	-6.1022	-4.91068	-5.01636
464	2	1	12	88	2	1	5	-3.93558	-3.42942	-5.33509	-5.33148
465	7	71	5	62	11	67	1	-32.2499	-27.396	-26.0915	-25.7686
466	2	4	1	2	7	1	5	-2.28954	-6.1022	-4.91068	-5.01636
467	4	7	10	4	1	7	1	-1.81489	-3.83443	-2.6494	-1.96436
468	2	1	1	380	2	1	5	-6.14203	-5.73539	-7.72315	-8.74472
469	2	4	1	2	2	1	5	-2.76243	-3.66402	-4.04416	-4.09612
470	2	1	12	3	2	1	5	-2.60988	-2.11426	-3.47936	-4.64749
471	1	14	2	2	6	1	17	-9.3259	-6.43467	-7.79972	-6.38324
472	1	2	4	62	4	5	17	-6.08967	-4.84245	-7.03609	-8.31406
473	4	7	10	4	1	7	1	-1.81489	-3.83443	-2.6494	-1.96436
474	2	1	21	3	2	1	5	-2.91806	-2.48902	-4.13751	-4.48349
475	2	4	1	2	2	1	5	-2.76243	-3.66402	-4.04416	-4.09612
476	1	4	2	2	6	3	17	-4.64561	-2.44179	-4.38486	-5.47814
477	4	7	10	4	1	7	1	-1.81489	-3.83443	-2.6494	-1.96436
478	10	2	107	62	120	76	1	-6.83727	-10.076	-8.01178	-6.36926
479	2	1	12	3	2	1	5	-2.60988	-2.11426	-3.47936	-4.64749
480	2	1	5	3	2	3	5	-4.22466	-3.2492	-5.18138	-4.82046
481	2	1	21	3	2	1	5	-2.91806	-2.48902	-4.13751	-4.48349
482	1	2	3	4	5	9	3	-4.64531	-2.47789	-3.61186	-4.8152
483	1	307	3	4	5	9	3	-6.83413	-6.41031	-6.20067	-7.91044
484	7	2	5	2	10	3	6	-32.3662	-28.2157	-26.4066	-28.5231
485	1	2	3	4	5	9	3	-4.64531	-2.47789	-3.61186	-4.8152
486	33	39	30	82	104	173	68	-5.37812	-3.97273	-6.1987	-7.51412
487	4	7	10	4	42	7	1	-6.61505	-8.62581	-5.7047	-4.70269
488	2	1	12	88	2	1	5	-3.93558	-3.42942	-5.33509	-5.33148
489	2	4	1	2	2	1	5	-2.76243	-3.66402	-4.04416	-4.09612
490	2	1	21	3	2	1	5	-2.91806	-2.48902	-4.13751	-4.48349
491	9	2	4	62	4	5	6	-3.69782	-5.24435	-5.5371	-6.4506
492	2	1	5	3	2	3	5	-4.22466	-3.2492	-5.18138	-4.82046
493	4	7	10	4	1	7	1	-1.81489	-3.83443	-2.6494	-1.96436
494	2	1	57	26	127	29	35	-6.87162	-9.49461	-6.283	-7.98284
495	2	1	57	26	127	29	35	-6.87162	-9.49461	-6.283	-7.98284
496	2	4	2	4	19	3	6	-5.77978	-9.60342	-8.43723	-8.79179
497	2	1	12	3	2	1	5	-2.60988	-2.11426	-3.47936	-4.64749
498	2	4	1	2	2	1	5	-2.76243	-3.66402	-4.04416	-4.09612
499	2	4	1	2	2	1	5	-2.76243	-3.66402	-4.04416	-4.09612
500	2	1	21	3	2	1	5	-2.91806	-2.48902	-4.13751	-4.48349
501	33	39	65	79	104	43	17	-4.57873	-8.40719	-7.24642	-7.59934
502	1	14	2	2	6	1	17	-9.3259	-6.43467	-7.79972	-6.38324
503	2	1	12	3	2	1	5	-2.60988	-2.11426	-3.47936	-4.64749
504	7	21	5	62	4	61	44	-7.41519	-3.82134	-5.56635	-7.28145
505	9	2	4	62	4	5	6	-3.69782	-5.24435	-5.5371	-6.4506
506	129	66	30	82	189	47	17	-3.22966	-4.92585	-5.22767	-4.18097
507	2	1	21	3	2	1	5	-2.91806	-2.48902	-4.13751	-4.48349
508	47	2	4	2	6	5	17	-11.843	-9.85208	-6.32705	-8.15698
509	2	4	1	2	7	1	5	-2.28954	-6.1022	-4.91068	-5.01636
510	33	38	30	82	104	325	36	-14.5477	-10.3026	-12.2253	-12.5018
511	1	4	2	2	6	3	17	-4.64561	-2.44179	-4.38486	-5.47814
512	1	4	2	2	6	3	17	-4.64561	-2.44179	-4.38486	-5.47814
513	2	4	1	2	2	1	5	-2.76243	-3.66402	-4.04416	-4.09612
514	4	7	10	4	1	7	1	-1.81489	-3.83443	-2.6494	-1.96436
515	33	283	44	82	189	44	17	-7.00903	-3.46235	-5.3076	-5.98465
516	8	10	149	2	11	12	6	-4.86496	-3.96598	-5.5151	-6.92582
517	2	1	21	3	62	1	5	-5.77783	-9.59162	-8.43168	-8.79344
518	10	1	16	19	10	5	7	-6.28104	-2.73706	-4.16988	-5.12755
519	180	194	2	68	19	231	147	-27.6815	-28.2977	-24.8913	-18.5173
520	2	4	1	2	7	1	5	-2.28954	-6.1022	-4.91068	-5.01636
521	2	4	2	2	6	1	5	-6.08119	-4.82473	-5.91796	-7.53425
522	1	2	3	4	5	9	3	-4.64531	-2.47789	-3.61186	-4.8152
523	2	1	21	3	2	1	5	-2.91806	-2.48902	-4.13751	-4.48349
524	2	1	12	3	2	1	5	-2.60988	-2.11426	-3.47936	-4.64749
525	2	1	5	3	2	3	5	-4.22466	-3.2492	-5.18138	-4.82046
526	1	307	3	4	5	9	3	-6.83413	-6.41031	-6.20067	-7.91044
527	2	4	1	2	7	1	5	-2.28954	-6.1022	-4.91068	-5.01636
528	2	1	12	3	2	1	5	-2.60988	-2.11426	-3.47936	-4.64749
529	7	21	5	62	4	61	44	-7.41519	-3.82134	-5.56635	-7.28145
530	2	1	5	3	2	3	5	-4.22466	-3.2492	-5.18138	-4.82046
531	2	1	12	88	2	1	5	-3.93558	-3.42942	-5.33509	-5.33148
532	2	1	21	3	2	1	5	-2.91806	-2.48902	-4.13751	-4.48349
533	1	4	2	2	6	3	17	-4.64561	-2.44179	-4.38486	-5.47814
534	2	4	1	2	7	1	5	-2.28954	-6.1022	-4.91068	-5.01636
535	47	2	4	2	6	5	17	-11.843	-9.85208	-6.32705	-8.15698
536	1	4	2	2	6	3	17	-4.64561	-2.44179	-4.38486	-5.47814
537	1	2	3	4	5	9	3	-4.64531	-2.47789	-3.61186	-4.8152
538	2	4	1	2	2	1	5	-2.76243	-3.66402	-4.04416	-4.09612
539	4	7	10	4	42	7	1	-6.61505	-8.62581	-5.7047	-4.70269
540	2	4	1	9	2	1	5	-7.22891	-7.50282	-7.43192	-6.13883
541	2	1	12	3	2	1	5	-2.60988	-2.11426	-3.47936	-4.64749
542	1	4	2	9	6	3	17	-9.11524	-6.23017	-7.7423	-7.50342
543	1	2	3	4	922	9	3	-9.12715	-6.3182	-7.00302	-6.86035
544	4	7	10	4	1	7	1	-1.81489	-3.83443	-2.6494	-1.96436
545	2	1	5	3	2	3	5	-4.22466	-3.2492	-5.18138	-4.82046
546	2	4	1	2	7	1	5	-2.28954	-6.1022	-4.91068	-5.01636
547	4	7	10	4	1	7	1	-1.81489	-3.83443	-2.6494	-1.96436
548	2	4	1	2	2	1	5	-2.76243	-3.66402	-4.04416	-4.09612
549	2	1	21	3	2	1	5	-2.91806	-2.48902	-4.13751	-4.48349
550	4	7	10	4	1	7	1	-1.81489	-3.83443	-2.6494	-1.96436
551	1	4	2	2	6	3	17	-4.64561	-2.44179	-4.38486	-5.47814
552	2	1	5	3	2	5	5	-5.58948	-2.82174	-4.08286	-5.38482
553	2	1	12	3	2	1	5	-2.60988	-2.11426	-3.47936	-4.64749
554	4	936	10	4	1	7	1	-6.29119	-7.67068	-6.0165	-4.01075
555	180	194	2	68	19	231	147	-27.6815	-28.2977	-24.8913	-18.5173
556	4	7	10	4	42	51	1	-2.91312	-4.68507	-4.68692	-3.83149
557	4	7	10	4	42	25	1	-8.80736	-9.09744	-5.945	-5.21377
558	2	1	21	3	2	1	5	-2.91806	-2.48902	-4.13751	-4.48349
559	2	1	5	3	2	3	5	-4.22466	-3.2492	-5.18138	-4.82046
560	2	1	5	3	2	3	5	-4.22466	-3.2492	-5.18138	-4.82046
561	4	7	10	4	42	51	1	-2.91312	-4.68507	-4.68692	-3.83149
562	4	7	10	4	1	7	1	-1.81489	-3.83443	-2.6494	-1.96436
563	2	4	1	2	7	1	5	-2.28954	-6.1022	-4.91068	-5.01636
564	2	1	21	3	2	1	5	-2.91806	-2.48902	-4.13751	-4.48349
565	1	4	2	2	6	3	17	-4.64561	-2.44179	-4.38486	-5.47814
566	188	313	5	2	89	5	6	-41.41	-36.4602	-34.8934	-38.6605
567	2	1	21	3	2	1	5	-2.91806	-2.48902	-4.13751	-4.48349
568	2	1	1	3	2	1	5	-4.60702	-3.78494	-5.88045	-7.04181
569	2	1	5	3	2	3	5	-4.22466	-3.2492	-5.18138	-4.82046
570	2	4	1	2	2	1	5	-2.76243	-3.66402	-4.04416	-4.09612
571	2	1	5	3	2	3	5	-4.22466	-3.2492	-5.18138	-4.82046
572	2	1	1	3	2	1	5	-4.60702	-3.78494	-5.88045	-7.04181
573	2	1	5	3	2	3	5	-4.22466	-3.2492	-5.18138	-4.82046
574	1	4	2	2	6	3	17	-4.64561	-2.44179	-4.38486	-5.47814
575	1	4	2	2	6	3	17	-4.64561	-2.44179	-4.38486	-5.47814
576	2	1	21	3	2	1	5	-2.91806	-2.48902	-4.13751	-4.48349
577	239	27	16	19	10	5	7	-10.0666	-6.46125	-8.83371	-10.4571
578	2	4	5	2	2	5	5	-3.65543	-7.43479	-6.17214	-5.82987
579	9	2	4	62	4	5	6	-3.69782	-5.24435	-5.5371	-6.4506
580	2	1	1	3	2	1	5	-4.60702	-3.78494	-5.88045	-7.04181
581	2	1	5	3	2	3	5	-4.22466	-3.2492	-5.18138	-4.82046
582	1	4	2	2	6	3	17	-4.64561	-2.44179	-4.38486	-5.47814
583	2	4	5	2	2	5	5	-3.65543	-7.43479	-6.17214	-5.82987
584	2	4	5	2	2	5	5	-3.65543	-7.43479	-6.17214	-5.82987
585	2	1	5	3	2	3	5	-4.22466	-3.2492	-5.18138	-4.82046
586	2	1	1	380	2	1	5	-6.14203	-5.73539	-7.72315	-8.74472
587	2	7	10	4	1	7	1	-6.63911	-8.98466	-7.5704	-7.19153
588	2	1	12	3	2	1	5	-2.60988	-2.11426	-3.47936	-4.64749
589	2	4	1	2	2	1	5	-2.76243	-3.66402	-4.04416	-4.09612
590	9	2	4	62	4	5	6	-3.69782	-5.24435	-5.5371	-6.4506
591	2	4	5	2	2	5	5	-3.65543	-7.43479	-6.17214	-5.82987
592	1	4	2	2	6	3	17	-4.64561	-2.44179	-4.38486	-5.47814
593	1	4	2	2	6	5	17	-13.0965	-8.84214	-10.8411	-13.4281
594	2	4	2	2	6	1	5	-6.08119	-4.82473	-5.91796	-7.53425
595	1	4	2	2	6	5	17	-13.0965	-8.84214	-10.8411	-13.4281
596	2	23	21	3	2	1	5	-7.40061	-6.33332	-7.53173	-6.53031
597	7	21	5	62	4	61	44	-7.41519	-3.82134	-5.56635	-7.28145
598	2	4	1	2	2	1	5	-2.76243	-3.66402	-4.04416	-4.09612
599	1	307	3	4	5	9	3	-6.83413	-6.41031	-6.20067	-7.91044
600	1	2	3	4	5	9	3	-4.64531	-2.47789	-3.61186	-4.8152
601	9	2	4	62	4	5	6	-3.69782	-5.24435	-5.5371	-6.4506
602	2	1	12	3	2	1	5	-2.60988	-2.11426	-3.47936	-4.64749
603	1	4	2	2	6	3	17	-4.64561	-2.44179	-4.38486	-5.47814
604	10	1	16	19	10	5	7	-6.28104	-2.73706	-4.16988	-5.12755
605	2	1	12	3	2	1	5	-2.60988	-2.11426	-3.47936	-4.64749
606	180	194	2	68	19	231	147	-27.6815	-28.2977	-24.8913	-18.5173
607	2	1	12	3	2	1	5	-2.60988	-2.11426	-3.47936	-4.64749
608	4	7	10	4	1	7	1	-1.81489	-3.83443	-2.6494	-1.96436
609	129	66	30	82	189	47	17	-3.22966	-4.92585	-5.22767	-4.18097
610	4	7	10	4	1	7	1	-1.81489	-3.83443	-2.6494	-1.96436
611	2	1	12	3	2	1	5	-2.60988	-2.11426	-3.47936	-4.64749
612	2	1	21	3	2	1	5	-2.91806	-2.48902	-4.13751	-4.48349
613	4	7	10	4	1	7	1	-1.81489	-3.83443	-2.6494	-1.96436
614	10	1	16	19	10	5	7	-6.28104	-2.73706	-4.16988	-5.12755
615	8	10	149	2	11	12	6	-4.86496	-3.96598	-5.5151	-6.92582
616	129	66	30	82	189	47	17	-3.22966	-4.92585	-5.22767	-4.18097
617	2	4	1	2	2	1	5	-2.76243	-3.66402	-4.04416	-4.09612
618	180	194	2	68	19	231	147	-27.6815	-28.2977	-24.8913	-18.5173
619	2	1	5	3	2	3	5	-4.22466	-3.2492	-5.18138	-4.82046
620	2	4	1	2	2	1	5	-2.76243	-3.66402	-4.04416	-4.09612
621	1	2	3	4	5	9	3	-4.64531	-2.47789	-3.61186	-4.8152
622	180	194	2	68	19	231	147	-27.6815	-28.2977	-24.8913	-18.5173
623	33	39	65	79	104	43	17	-4.57873	-8.40719	-7.24642	-7.59934
624	2	4	5	2	2	5	5	-3.65543	-7.43479	-6.17214	-5.82987
625	2	1	5	3	2	5	5	-5.58948	-2.82174	-4.08286	-5.38482
626	2	1	12	3	2	1	5	-2.60988	-2.11426	-3.47936	-4.64749
627	180	194	2	68	19	231	147	-27.6815	-28.2977	-24.8913	-18.5173
628	2	1	21	3	2	1	5	-2.91806	-2.48902	-4.13751	-4.48349
629	2	1	5	3	2	5	5	-5.58948	-2.82174	-4.08286	-5.38482
630	2	1	21	3	2	1	5	-2.91806	-2.48902	-4.13751	-4.48349
631	1	2	3	4	5	9	3	-4.64531	-2.47789	-3.61186	-4.8152
632	2	1	21	3	2	1	5	-2.91806	-2.48902	-4.13751	-4.48349
633	8	10	2	2	11	12	6	-3.93575	-7.69529	-6.59993	-6.95555
634	2	4	1	2	7	1	5	-2.28954	-6.1022	-4.91068	-5.01636
635	2	1	5	3	2	3	5	-4.22466	-3.2492	-5.18138	-4.82046
636	1	2	3	4	5	9	3	-4.64531	-2.47789	-3.61186	-4.8152
637	9	2	4	62	4	5	6	-3.69782	-5.24435	-5.5371	-6.4506
638	2	1	21	3	2	1	5	-2.91806	-2.48902	-4.13751	-4.48349
639	8	10	149	2	11	12	6	-4.86496	-3.96598	-5.5151	-6.92582
640	2	1	12	88	2	1	5	-3.93558	-3.42942	-5.33509	-5.33148
641	2	4	1	2	2	1	5	-2.76243	-3.66402	-4.04416	-4.09612
642	2	1	5	10	10	1	5	-24.0596	-23.612	-22.0856	-23.233
643	1	2	3	4	5	9	3	-4.64531	-2.47789	-3.61186	-4.8152
644	2	4	1	2	7	1	5	-2.28954	-6.1022	-4.91068	-5.01636
645	2	4	1	2	2	1	5	-2.76243	-3.66402	-4.04416	-4.09612
646	1	2	3	4	5	9	3	-4.64531	-2.47789	-3.61186	-4.8152
647	2	1	12	88	2	1	5	-3.93558	-3.42942	-5.33509	-5.33148
648	4	7	10	4	1	7	1	-1.81489	-3.83443	-2.6494	-1.96436
649	2	1	21	3	2	1	5	-2.91806	-2.48902	-4.13751	-4.48349
650	2	4	1	2	7	1	5	-2.28954	-6.1022	-4.91068	-5.01636
651	33	38	30	82	118	43	17	-20.2925	-19.3402	-19.351	-21.8501
652	2	4	1	2	2	1	5	-2.76243	-3.66402	-4.04416	-4.09612
653	2	1	5	3	2	3	5	-4.22466	-3.2492	-5.18138	-4.82046
654	4	7	10	4	1	7	1	-1.81489	-3.83443	-2.6494	-1.96436
655	8	10	2	2	11	12	6	-3.93575	-7.69529	-6.59993	-6.95555
656	2	4	5	2	2	5	5	-3.65543	-7.43479	-6.17214	-5.82987
657	4	7	10	4	1	7	1	-1.81489	-3.83443	-2.6494	-1.96436
658	2	1	5	3	2	3	5	-4.22466	-3.2492	-5.18138	-4.82046
659	33	39	30	82	113	47	17	-5.75514	-5.74633	-7.5887	-8.47772
660	2	1	21	3	2	1	5	-2.91806	-2.48902	-4.13751	-4.48349
661	2	4	1	2	7	1	5	-2.28954	-6.1022	-4.91068	-5.01636
662	2	1	1	3	2	1	5	-4.60702	-3.78494	-5.88045	-7.04181
663	4	7	10	4	1	7	1	-1.81489	-3.83443	-2.6494	-1.96436
664	7	21	5	62	4	61	44	-7.41519	-3.82134	-5.56635	-7.28145
665	10	81	50	99	120	76	52	-6.70796	-6.35233	-5.39545	-5.18221
666	4	7	10	4	1	7	1	-1.81489	-3.83443	-2.6494	-1.96436
667	1	2	3	4	5	9	3	-4.64531	-2.47789	-3.61186	-4.8152
668	1	2	3	4	5	9	3	-4.64531	-2.47789	-3.61186	-4.8152
669	2	4	1	2	7	1	5	-2.28954	-6.1022	-4.91068	-5.01636
670	4	7	10	4	1	7	1	-1.81489	-3.83443	-2.6494	-1.96436
671	2	1	5	3	2	3	5	-4.22466	-3.2492	-5.18138	-4.82046
672	1	4	2	2	6	3	17	-4.64561	-2.44179	-4.38486	-5.47814
673	4	935	10	4	1	7	1	-6.29119	-7.67068	-6.0165	-4.01075
674	10	1	16	19	10	5	7	-6.28104	-2.73706	-4.16988	-5.12755
675	4	7	10	4	1	7	1	-1.81489	-3.83443	-2.6494	-1.96436
676	33	39	65	79	104	43	17	-4.57873	-8.40719	-7.24642	-7.59934
677	2	4	2	2	6	1	5	-6.08119	-4.82473	-5.91796	-7.53425
678	4	7	10	4	42	25	1	-8.80736	-9.09744	-5.945	-5.21377
679	1	4	2	2	6	3	17	-4.64561	-2.44179	-4.38486	-5.47814
680	4	7	10	4	42	25	1	-8.80736	-9.09744	-5.945	-5.21377
681	4	7	10	4	42	25	1	-8.80736	-9.09744	-5.945	-5.21377
682	4	7	10	4	1	7	1	-1.81489	-3.83443	-2.6494	-1.96436
683	2	4	1	2	7	1	5	-2.28954	-6.1022	-4.91068	-5.01636
684	4	7	10	4	1	7	1	-1.81489	-3.83443	-2.6494	-1.96436
685	4	7	10	4	42	7	1	-6.61505	-8.62581	-5.7047	-4.70269
686	10	27	16	19	10	5	7	-20.7039	-12.921	-15.335	-17.4542
687	10	81	50	99	120	76	52	-6.70796	-6.35233	-5.39545	-5.18221
688	4	7	10	4	1	7	1	-1.81489	-3.83443	-2.6494	-1.96436
689	4	7	10	4	42	51	1	-2.91312	-4.68507	-4.68692	-3.83149
690	4	7	10	4	1	7	1	-1.81489	-3.83443	-2.6494	-1.96436
691	10	81	50	99	120	76	52	-6.70796	-6.35233	-5.39545	-5.18221
692	2	4	1	2	2	1	5	-2.76243	-3.66402	-4.04416	-4.09612
693	4	7	10	4	42	51	1	-2.91312	-4.68507	-4.68692	-3.83149
694	4	7	10	4	42	51	1	-2.91312	-4.68507	-4.68692	-3.83149
695	4	7	10	4	42	51	1	-2.91312	-4.68507	-4.68692	-3.83149
696	8	10	2	2	11	12	6	-3.93575	-7.69529	-6.59993	-6.95555
697	33	38	30	82	104	43	17	-5.27177	-9.09918	-7.9382	-8.28867
698	4	7	10	4	1	7	1	-1.81489	-3.83443	-2.6494	-1.96436
699	10	81	50	99	120	76	52	-6.70796	-6.35233	-5.39545	-5.18221
700	2	4	1	2	7	1	5	-2.28954	-6.1022	-4.91068	-5.01636
701	4	7	10	4	1	7	1	-1.81489	-3.83443	-2.6494	-1.96436
702	4	7	10	4	1	7	1	-1.81489	-3.83443	-2.6494	-1.96436
703	10	81	50	99	120	76	52	-6.70796	-6.35233	-5.39545	-5.18221
704	4	7	10	4	42	51	1	-2.91312	-4.68507	-4.68692	-3.83149
705	9	2	4	62	4	5	6	-3.69782	-5.24435	-5.5371	-6.4506
706	4	7	10	4	1	7	1	-1.81489	-3.83443	-2.6494	-1.96436
707	2	1	1	3	2	1	5	-4.60702	-3.78494	-5.88045	-7.04181
708	1	14	2	2	6	1	17	-9.3259	-6.43467	-7.79972	-6.38324
709	2	4	2	2	6	1	5	-6.08119	-4.82473	-5.91796	-7.53425
710	2	4	2	2	6	1	5	-6.08119	-4.82473	-5.91796	-7.53425
711	4	7	10	4	42	51	1	-2.91312	-4.68507	-4.68692	-3.83149
712	10	2	107	62	120	76	1	-6.83727	-10.076	-8.01178	-6.36926
713	2	1	12	3	2	1	5	-2.60988	-2.11426	-3.47936	-4.64749
714	2	4	1	2	2	1	5	-2.76243	-3.66402	-4.04416	-4.09612
715	47	2	4	2	6	5	17	-11.843	-9.85208	-6.32705	-8.15698
716	4	7	10	4	42	5	1	-11.3376	-11.0529	-10.6523	-11.2767
717	2	1	12	3	2	1	5	-2.60988	-2.11426	-3.47936	-4.64749
718	4	7	10	4	42	51	1	-2.91312	-4.68507	-4.68692	-3.83149
719	1	307	3	4	5	9	3	-6.83413	-6.41031	-6.20067	-7.91044
720	2	1	21	3	2	1	5	-2.91806	-2.48902	-4.13751	-4.48349
721	4	7	10	4	1	7	1	-1.81489	-3.83443	-2.6494	-1.96436
722	2	4	1	2	2	1	5	-2.76243	-3.66402	-4.04416	-4.09612
723	2	1	12	3	2	1	5	-2.60988	-2.11426	-3.47936	-4.64749
724	4	7	10	4	1	7	1	-1.81489	-3.83443	-2.6494	-1.96436
725	2	1	21	3	2	1	5	-2.91806	-2.48902	-4.13751	-4.48349
726	2	1	1	3	2	1	5	-4.60702	-3.78494	-5.88045	-7.04181
727	4	7	10	4	1	7	1	-1.81489	-3.83443	-2.6494	-1.96436
728	2	1	12	3	2	1	5	-2.60988	-2.11426	-3.47936	-4.64749
729	1	4	3	2	6	3	17	-14.8168	-9.32484	-11.1851	-13.8631
730	2	1	12	3	2	1	5	-2.60988	-2.11426	-3.47936	-4.64749
731	2	1	12	88	2	1	5	-3.93558	-3.42942	-5.33509	-5.33148
732	1	4	2	2	6	3	17	-4.64561	-2.44179	-4.38486	-5.47814
733	4	7	10	4	42	51	1	-2.91312	-4.68507	-4.68692	-3.83149
734	2	1	12	3	2	1	5	-2.60988	-2.11426	-3.47936	-4.64749
735	4	7	10	4	1	7	1	-1.81489	-3.83443	-2.6494	-1.96436
736	2	1	12	88	2	1	5	-3.93558	-3.42942	-5.33509	-5.33148
737	2	1	21	3	2	1	5	-2.91806	-2.48902	-4.13751	-4.48349
738	2	4	5	2	2	5	5	-3.65543	-7.43479	-6.17214	-5.82987
739	2	4	5	2	2	5	5	-3.65543	-7.43479	-6.17214	-5.82987
740	2	1	21	3	62	1	5	-5.77783	-9.59162	-8.43168	-8.79344
741	4	7	10	4	42	25	1	-8.80736	-9.09744	-5.945	-5.21377
742	1	2	4	62	4	5	17	-6.08967	-4.84245	-7.03609	-8.31406
743	1	2	3	4	5	9	3	-4.64531	-2.47789	-3.61186	-4.8152
744	8	10	2	2	11	12	6	-3.93575	-7.69529	-6.59993	-6.95555
745	2	1	12	88	2	1	5	-3.93558	-3.42942	-5.33509	-5.33148
746	2	4	5	2	2	5	5	-3.65543	-7.43479	-6.17214	-5.82987
747	2	1	12	3	2	1	5	-2.60988	-2.11426	-3.47936	-4.64749
748	7	21	5	62	4	61	44	-7.41519	-3.82134	-5.56635	-7.28145
749	9	2	4	62	4	5	6	-3.69782	-5.24435	-5.5371	-6.4506
750	10	1	16	19	10	5	7	-6.28104	-2.73706	-4.16988	-5.12755
751	10	1	16	19	10	5	7	-6.28104	-2.73706	-4.16988	-5.12755
752	8	10	2	2	11	12	6	-3.93575	-7.69529	-6.59993	-6.95555
753	1	4	2	2	6	3	17	-4.64561	-2.44179	-4.38486	-5.47814
754	2	1	12	3	2	1	5	-2.60988	-2.11426	-3.47936	-4.64749
755	2	1	12	88	2	1	5	-3.93558	-3.42942	-5.33509	-5.33148
756	2	29	4	27	10	25	57	-20.3184	-21.2595	-14.5386	-12.1207
757	2	1	5	3	2	3	5	-4.22466	-3.2492	-5.18138	-4.82046
758	2	1	12	3	2	1	5	-2.60988	-2.11426	-3.47936	-4.64749
759	37	52	57	26	107	29	23	-8.55661	-8.93958	-5.8697	-4.96078
760	2	4	1	2	7	1	5	-2.28954	-6.1022	-4.91068	-5.01636
761	1	2	3	4	5	9	3	-4.64531	-2.47789	-3.61186	-4.8152
762	2	1	12	3	2	1	5	-2.60988	-2.11426	-3.47936	-4.64749
763	1	4	2	2	6	3	17	-4.64561	-2.44179	-4.38486	-5.47814
764	1	4	2	2	6	3	17	-4.64561	-2.44179	-4.38486	-5.47814
765	1	2	3	4	5	9	3	-4.64531	-2.47789	-3.61186	-4.8152
766	4	7	10	4	1	7	1	-1.81489	-3.83443	-2.6494	-1.96436
767	2	1	21	3	2	1	5	-2.91806	-2.48902	-4.13751	-4.48349
768	2	1	12	3	2	1	5	-2.60988	-2.11426	-3.47936	-4.64749
769	2	4	1	2	2	5	5	-6.80755	-6.40576	-8.29187	-9.34865
770	2	4	1	2	2	1	5	-2.76243	-3.66402	-4.04416	-4.09612
771	2	4	5	2	2	5	5	-3.65543	-7.43479	-6.17214	-5.82987
772	10	1	16	19	10	5	7	-6.28104	-2.73706	-4.16988	-5.12755
773	7	21	5	62	4	61	44	-7.41519	-3.82134	-5.56635	-7.28145
774	9	2	4	62	4	5	6	-3.69782	-5.24435	-5.5371	-6.4506
775	2	1	12	3	2	1	5	-2.60988	-2.11426	-3.47936	-4.64749
776	1	4	2	2	6	3	17	-4.64561	-2.44179	-4.38486	-5.47814
777	4	7	10	4	1	7	1	-1.81489	-3.83443	-2.6494	-1.96436
778	2	1	12	3	2	1	5	-2.60988	-2.11426	-3.47936	-4.64749
779	2	1	5	3	2	5	5	-5.58948	-2.82174	-4.08286	-5.38482
780	2	23	21	3	2	1	5	-7.40061	-6.33332	-7.53173	-6.53031
781	2	4	5	2	2	5	5	-3.65543	-7.43479	-6.17214	-5.82987
782	2	4	2	2	6	1	5	-6.08119	-4.82473	-5.91796	-7.53425
783	2	1	12	3	2	1	5	-2.60988	-2.11426	-3.47936	-4.64749
784	4	7	10	4	42	51	1	-2.91312	-4.68507	-4.68692	-3.83149
785	7	17	5	2	86	232	1	-30.3716	-32.4439	-27.6923	-24.4242
786	2	4	1	2	2	1	5	-2.76243	-3.66402	-4.04416	-4.09612
787	2	1	12	3	2	1	5	-2.60988	-2.11426	-3.47936	-4.64749
788	2	1	21	3	2	1	5	-2.91806	-2.48902	-4.13751	-4.48349
789	7	17	2	15	23	3	12	-6.88188	-10.71	-9.55023	-9.90194
790	2	1	5	3	2	5	5	-5.58948	-2.82174	-4.08286	-5.38482
791	1	6	60	24	12	28	1	-32.0573	-29.5047	-22.0836	-17.1477
792	1	2	3	4	5	9	3	-4.64531	-2.47789	-3.61186	-4.8152
793	2	4	5	2	2	5	5	-3.65543	-7.43479	-6.17214	-5.82987
794	1	2	3	4	5	9	3	-4.64531	-2.47789	-3.61186	-4.8152
795	1	6	60	24	12	28	1	-32.0573	-29.5047	-22.0836	-17.1477
796	9	2	4	62	4	5	6	-3.69782	-5.24435	-5.5371	-6.4506
797	2	4	1	2	2	1	5	-2.76243	-3.66402	-4.04416	-4.09612
798	4	7	10	4	1	7	1	-1.81489	-3.83443	-2.6494	-1.96436
799	2	4	5	2	2	5	5	-3.65543	-7.43479	-6.17214	-5.82987
800	7	2	2	2	11	12	6	-4.48236	-8.30982	-7.14783	-7.50192
801	2	1	21	3	2	1	941	-7.40056	-6.31403	-7.52273	-6.52747
802	9	2	2	10	10	3	5	-30.8317	-25.5214	-24.6414	-25.3466
803	8	10	149	2	11	12	6	-4.86496	-3.96598	-5.5151	-6.92582
804	7	1	5	2	10	3	6	-33.3606	-29.7479	-28.2017	-28.9147
805	2	1	21	3	2	1	5	-2.91806	-2.48902	-4.13751	-4.48349
806	33	39	30	82	113	43	17	-9.8366	-6.42564	-6.25291	-8.06374
807	1	6	60	24	12	28	1	-32.0573	-29.5047	-22.0836	-17.1477
808	1	6	60	24	12	28	1	-32.0573	-29.5047	-22.0836	-17.1477
809	7	17	2	15	23	3	12	-6.88188	-10.71	-9.55023	-9.90194
810	1	4	2	2	6	3	17	-4.64561	-2.44179	-4.38486	-5.47814
811	1	4	2	2	6	3	17	-4.64561	-2.44179	-4.38486	-5.47814
812	7	21	5	62	4	61	44	-7.41519	-3.82134	-5.56635	-7.28145
813	239	27	16	19	10	5	7	-10.0666	-6.46125	-8.83371	-10.4571
814	9	2	4	62	4	5	6	-3.69782	-5.24435	-5.5371	-6.4506
815	10	1	16	19	10	5	7	-6.28104	-2.73706	-4.16988	-5.12755
816	2	1	5	3	2	5	5	-5.58948	-2.82174	-4.08286	-5.38482
817	2	4	5	2	2	5	5	-3.65543	-7.43479	-6.17214	-5.82987
818	8	10	2	2	11	12	6	-3.93575	-7.69529	-6.59993	-6.95555
819	7	17	2	15	23	3	12	-6.88188	-10.71	-9.55023	-9.90194
820	2	4	1	4	1	1	5	-16.1355	-18.2956	-14.7134	-14.9309
821	4	7	10	4	1	7	1	-1.81489	-3.83443	-2.6494	-1.96436
822	8	10	149	2	11	12	6	-4.86496	-3.96598	-5.5151	-6.92582
823	2	1	12	88	2	1	5	-3.93558	-3.42942	-5.33509	-5.33148
824	2	4	2	2	6	1	5	-6.08119	-4.82473	-5.91796	-7.53425
825	10	81	50	99	120	76	52	-6.70796	-6.35233	-5.39545	-5.18221
826	2	4	5	2	2	5	5	-3.65543	-7.43479	-6.17214	-5.82987
827	2	4	1	2	2	5	5	-6.80755	-6.40576	-8.29187	-9.34865
828	8	10	149	2	11	12	6	-4.86496	-3.96598	-5.5151	-6.92582
829	1	4	2	2	6	3	17	-4.64561	-2.44179	-4.38486	-5.47814
830	2	165	73	147	220	190	104	-8.88093	-9.73042	-7.1575	-5.30117
831	4	7	10	4	42	25	1	-8.80736	-9.09744	-5.945	-5.21377
832	7	2	2	2	11	12	6	-4.48236	-8.30982	-7.14783	-7.50192
833	1	6	60	24	12	28	1	-32.0573	-29.5047	-22.0836	-17.1477
834	2	1	12	3	2	1	5	-2.60988	-2.11426	-3.47936	-4.64749
835	33	39	65	79	104	77	17	-5.27172	-9.09973	-7.93954	-8.29237
836	4	7	10	4	1	7	1	-1.81489	-3.83443	-2.6494	-1.96436
837	1	2	3	4	5	9	3	-4.64531	-2.47789	-3.61186	-4.8152
838	2	1	21	3	2	1	5	-2.91806	-2.48902	-4.13751	-4.48349
839	2	1	12	3	2	1	5	-2.60988	-2.11426	-3.47936	-4.64749
840	4	7	10	4	1	7	1	-1.81489	-3.83443	-2.6494	-1.96436
841	2	4	1	2	7	1	5	-2.28954	-6.1022	-4.91068	-5.01636
842	184	39	30	82	113	43	17	-3.93452	-6.22132	-6.50181	-6.92717
843	4	7	10	4	1	7	1	-1.81489	-3.83443	-2.6494	-1.96436
844	2	4	1	2	2	1	5	-2.76243	-3.66402	-4.04416	-4.09612
845	4	7	10	4	1	7	1	-1.81489	-3.83443	-2.6494	-1.96436
846	2	1	12	88	2	1	5	-3.93558	-3.42942	-5.33509	-5.33148
847	2	1	21	3	2	1	5	-2.91806	-2.48902	-4.13751	-4.48349
848	1	2	3	4	5	9	3	-4.64531	-2.47789	-3.61186	-4.8152
849	4	7	10	4	1	7	1	-1.81489	-3.83443	-2.6494	-1.96436
850	2	1	21	3	2	1	5	-2.91806	-2.48902	-4.13751	-4.48349
851	8	10	2	2	11	12	6	-3.93575	-7.69529	-6.59993	-6.95555
852	2	4	1	2	2	1	5	-2.76243	-3.66402	-4.04416	-4.09612
853	2	4	1	2	2	1	5	-2.76243	-3.66402	-4.04416	-4.09612
854	2	4	2	2	6	1	5	-6.08119	-4.82473	-5.91796	-7.53425
855	2	4	1	2	2	1	5	-2.76243	-3.66402	-4.04416	-4.09612
856	2	4	1	2	2	1	5	-2.76243	-3.66402	-4.04416	-4.09612
857	2	4	1	2	2	1	5	-2.76243	-3.66402	-4.04416	-4.09612
858	1	2	3	4	5	9	3	-4.64531	-2.47789	-3.61186	-4.8152
859	2	4	1	2	2	1	5	-2.76243	-3.66402	-4.04416	-4.09612
860	2	4	1	2	2	1	5	-2.76243	-3.66402	-4.04416	-4.09612
861	8	10	2	2	11	12	6	-3.93575	-7.69529	-6.59993	-6.95555
862	2	1	5	3	2	3	5	-4.22466	-3.2492	-5.18138	-4.82046
863	33	39	30	82	104	173	68	-5.37812	-3.97273	-6.1987	-7.51412
864	2	4	1	2	7	1	5	-2.28954	-6.1022	-4.91068	-5.01636
865	8	10	2	2	11	12	6	-3.93575	-7.69529	-6.59993	-6.95555
866	2	4	1	2	7	1	5	-2.28954	-6.1022	-4.91068	-5.01636
867	1	2	3	4	5	9	3	-4.64531	-2.47789	-3.61186	-4.8152
868	1	2	215	4	90	24	8	-31.9222	-27.5092	-23.5173	-19.1729
869	2	1	1	3	2	1	5	-4.60702	-3.78494	-5.88045	-7.04181
870	10	81	50	99	120	76	52	-6.70796	-6.35233	-5.39545	-5.18221
871	2	4	1	2	7	1	5	-2.28954	-6.1022	-4.91068	-5.01636
872	2	1	12	3	2	1	5	-2.60988	-2.11426	-3.47936	-4.64749
873	2	4	1	2	2	1	5	-2.76243	-3.66402	-4.04416	-4.09612
874	2	4	1	2	2	1	5	-2.76243	-3.66402	-4.04416	-4.09612
875	2	4	1	2	2	1	5	-2.76243	-3.66402	-4.04416	-4.09612
876	2	1	5	3	2	3	5	-4.22466	-3.2492	-5.18138	-4.82046
877	2	4	1	2	2	1	5	-2.76243	-3.66402	-4.04416	-4.09612
878	4	7	10	4	1	7	1	-1.81489	-3.83443	-2.6494	-1.96436
879	2	4	1	2	7	1	5	-2.28954	-6.1022	-4.91068	-5.01636
880	2	4	5	2	2	5	5	-3.65543	-7.43479	-6.17214	-5.82987
881	2	4	1	2	2	1	5	-2.76243	-3.66402	-4.04416	-4.09612
882	8	10	2	2	11	12	6	-3.93575	-7.69529	-6.59993	-6.95555
883	4	7	10	4	1	7	1	-1.81489	-3.83443	-2.6494	-1.96436
884	2	4	1	2	2	1	5	-2.76243	-3.66402	-4.04416	-4.09612
885	166	2	1	10	17	3	1	-36.3223	-35.7959	-31.2169	-28.3763
886	2	4	1	2	7	1	5	-2.28954	-6.1022	-4.91068	-5.01636
887	2	4	1	2	2	1	5	-2.76243	-3.66402	-4.04416	-4.09612
888	4	7	10	4	1	7	1	-1.81489	-3.83443	-2.6494	-1.96436
889	4	7	10	4	1	7	1	-1.81489	-3.83443	-2.6494	-1.96436
890	2	4	1	2	7	1	5	-2.28954	-6.1022	-4.91068	-5.01636
891	2	4	1	2	2	1	5	-2.76243	-3.66402	-4.04416	-4.09612
892	2	1	5	3	2	3	5	-4.22466	-3.2492	-5.18138	-4.82046
893	9	25	2	10	22	3	6	-4.45519	-7.862	-5.95353	-4.40981
894	2	1	21	3	62	1	5	-5.77783	-9.59162	-8.43168	-8.79344
895	129	66	30	82	189	47	17	-3.22966	-4.92585	-5.22767	-4.18097
896	129	66	30	82	189	47	17	-3.22966	-4.92585	-5.22767	-4.18097
897	4	7	10	4	1	7	1	-1.81489	-3.83443	-2.6494	-1.96436
898	2	4	1	2	2	1	5	-2.76243	-3.66402	-4.04416	-4.09612
899	4	7	10	4	42	7	1	-6.61505	-8.62581	-5.7047	-4.70269
900	2	4	1	2	7	1	5	-2.28954	-6.1022	-4.91068	-5.01636
901	1	307	3	4	5	9	3	-6.83413	-6.41031	-6.20067	-7.91044
902	2	1	21	3	2	1	5	-2.91806	-2.48902	-4.13751	-4.48349
903	4	7	10	4	1	7	1	-1.81489	-3.83443	-2.6494	-1.96436
904	2	1	21	3	2	1	5	-2.91806	-2.48902	-4.13751	-4.48349
905	2	4	1	2	2	5	5	-6.80755	-6.40576	-8.29187	-9.34865
906	2	4	1	2	7	1	5	-2.28954	-6.1022	-4.91068	-5.01636
907	2	4	1	2	7	1	5	-2.28954	-6.1022	-4.91068	-5.01636
908	2	4	1	2	7	1	5	-2.28954	-6.1022	-4.91068	-5.01636
909	4	7	10	4	1	7	1	-1.81489	-3.83443	-2.6494	-1.96436
910	8	10	2	2	11	12	6	-3.93575	-7.69529	-6.59993	-6.95555
911	7	21	5	62	4	61	44	-7.41519	-3.82134	-5.56635	-7.28145
912	2	1	12	88	2	1	5	-3.93558	-3.42942	-5.33509	-5.33148
913	2	4	1	2	2	1	5	-2.76243	-3.66402	-4.04416	-4.09612
914	1	2	3	4	5	9	3	-4.64531	-2.47789	-3.61186	-4.8152
915	2	4	1	2	7	1	5	-2.28954	-6.1022	-4.91068	-5.01636
916	2	4	1	2	2	1	5	-2.76243	-3.66402	-4.04416	-4.09612
917	2	4	1	2	2	1	5	-2.76243	-3.66402	-4.04416	-4.09612
918	2	4	1	2	7	1	5	-2.28954	-6.1022	-4.91068	-5.01636
919	4	7	10	4	1	7	1	-1.81489	-3.83443	-2.6494	-1.96436
920	2	1	5	3	2	3	5	-4.22466	-3.2492	-5.18138	-4.82046
921	2	4	1	2	7	1	5	-2.28954	-6.1022	-4.91068	-5.01636
922	2	4	1	2	2	1	5	-2.76243	-3.66402	-4.04416	-4.09612
923	8	10	2	2	11	12	6	-3.93575	-7.69529	-6.59993	-6.95555
924	2	1	12	3	2	1	5	-2.60988	-2.11426	-3.47936	-4.64749
925	48	7	10	4	183	7	1	-10.6875	-11.4231	-9.37467	-5.9943
926	7	21	5	62	4	61	44	-7.41519	-3.82134	-5.56635	-7.28145
927	4	7	10	4	1	7	1	-1.81489	-3.83443	-2.6494	-1.96436
928	9	25	2	10	22	3	6	-4.45519	-7.862	-5.95353	-4.40981
929	2	4	1	2	2	1	5	-2.76243	-3.66402	-4.04416	-4.09612
930	2	4	1	2	7	1	5	-2.28954	-6.1022	-4.91068	-5.01636
931	2	4	1	2	2	1	5	-2.76243	-3.66402	-4.04416	-4.09612
932	2	4	1	2	2	1	5	-2.76243	-3.66402	-4.04416	-4.09612
933	9	25	2	10	22	3	6	-4.45519	-7.862	-5.95353	-4.40981
934	2	4	1	2	2	1	5	-2.76243	-3.66402	-4.04416	-4.09612
935	2	4	1	2	2	1	5	-2.76243	-3.66402	-4.04416	-4.09612
936	2	4	1	2	7	1	5	-2.28954	-6.1022	-4.91068	-5.01636
937	2	4	1	2	7	1	5	-2.28954	-6.1022	-4.91068	-5.01636
938	2	4	1	2	2	1	5	-2.76243	-3.66402	-4.04416	-4.09612
939	2	4	1	2	2	1	5	-2.76243	-3.66402	-4.04416	-4.09612
940	4	7	10	4	1	7	1	-1.81489	-3.83443	-2.6494	-1.96436
941	2	4	1	2	2	1	5	-2.76243	-3.66402	-4.04416	-4.09612
942	4	7	10	4	1	7	1	-1.81489	-3.83443	-2.6494	-1.96436
943	2	4	1	2	7	1	5	-2.28954	-6.1022	-4.91068	-5.01636
944	2	4	1	2	2	1	5	-2.76243	-3.66402	-4.04416	-4.09612
945	4	7	10	4	1	7	1	-1.81489	-3.83443	-2.6494	-1.96436
946	9	25	2	10	22	3	6	-4.45519	-7.862	-5.95353	-4.40981
947	10	81	50	99	120	76	52	-6.70796	-6.35233	-5.39545	-5.18221
948	2	1	21	3	2	1	5	-2.91806	-2.48902	-4.13751	-4.48349
949	4	7	10	4	1	7	1	-1.81489	-3.83443	-2.6494	-1.96436
950	2	4	1	2	7	1	5	-2.28954	-6.1022	-4.91068	-5.01636
951	4	7	10	4	1	7	1	-1.81489	-3.83443	-2.6494	-1.96436
952	4	7	10	4	1	7	1	-1.81489	-3.83443	-2.6494	-1.96436
953	8	315	2	2	11	12	6	-8.41759	-11.5347	-9.99003	-9.00029
954	8	10	2	2	11	12	6	-3.93575	-7.69529	-6.59993	-6.95555
955	2	4	1	2	2	1	5	-2.76243	-3.66402	-4.04416	-4.09612
956	4	7	10	4	1	7	1	-1.81489	-3.83443	-2.6494	-1.96436
957	2	4	1	2	2	1	5	-2.76243	-3.66402	-4.04416	-4.09612
958	2	4	1	2	2	1	5	-2.76243	-3.66402	-4.04416	-4.09612
959	2	4	1	2	2	1	5	-2.76243	-3.66402	-4.04416	-4.09612
960	2	4	1	2	7	1	5	-2.28954	-6.1022	-4.91068	-5.01636
961	2	4	1	2	2	1	5	-2.76243	-3.66402	-4.04416	-4.09612
962	2	4	1	2	2	1	5	-2.76243	-3.66402	-4.04416	-4.09612
963	2	1	21	3	2	1	5	-2.91806	-2.48902	-4.13751	-4.48349
964	2	4	1	2	2	1	5	-2.76243	-3.66402	-4.04416	-4.09612
965	1	4	2	2	2	3	17	-11.4845	-7.79997	-9.88948	-12.0022
966	2	4	1	2	2	1	5	-2.76243	-3.66402	-4.04416	-4.09612
967	2	4	1	2	2	1	5	-2.76243	-3.66402	-4.04416	-4.09612
968	7	21	5	62	4	61	44	-7.41519	-3.82134	-5.56635	-7.28145
969	2	4	1	2	2	1	5	-2.76243	-3.66402	-4.04416	-4.09612
970	4	7	10	4	1	7	1	-1.81489	-3.83443	-2.6494	-1.96436
971	2	4	1	2	2	1	5	-2.76243	-3.66402	-4.04416	-4.09612
972	10	1	16	19	10	5	7	-6.28104	-2.73706	-4.16988	-5.12755
973	8	10	2	2	11	12	6	-3.93575	-7.69529	-6.59993	-6.95555
974	4	7	10	4	1	7	1	-1.81489	-3.83443	-2.6494	-1.96436
975	2	4	2	2	6	1	5	-6.08119	-4.82473	-5.91796	-7.53425
976	2	4	1	2	2	1	5	-2.76243	-3.66402	-4.04416	-4.09612
977	2	4	1	2	2	1	5	-2.76243	-3.66402	-4.04416	-4.09612
978	2	1	12	3	2	1	5	-2.60988	-2.11426	-3.47936	-4.64749
979	2	1	21	3	2	1	5	-2.91806	-2.48902	-4.13751	-4.48349
980	1	4	2	2	6	3	17	-4.64561	-2.44179	-4.38486	-5.47814
981	9	2	4	62	4	5	6	-3.69782	-5.24435	-5.5371	-6.4506
982	9	2	4	62	4	5	6	-3.69782	-5.24435	-5.5371	-6.4506
983	2	4	1	2	2	1	5	-2.76243	-3.66402	-4.04416	-4.09612
984	9	25	2	10	22	3	6	-4.45519	-7.862	-5.95353	-4.40981
985	2	1	12	3	2	1	5	-2.60988	-2.11426	-3.47936	-4.64749
986	2	4	1	2	2	1	5	-2.76243	-3.66402	-4.04416	-4.09612
987	2	4	1	2	2	1	5	-2.76243	-3.66402	-4.04416	-4.09612
988	2	4	1	2	2	1	5	-2.76243	-3.66402	-4.04416	-4.09612
989	1	4	2	2	6	3	17	-4.64561	-2.44179	-4.38486	-5.47814
990	1	4	2	2	6	3	17	-4.64561	-2.44179	-4.38486	-5.47814
991	9	25	2	10	22	3	6	-4.45519	-7.862	-5.95353	-4.40981
992	1	4	2	2	6	3	17	-4.64561	-2.44179	-4.38486	-5.47814
993	2	4	1	2	2	1	5	-2.76243	-3.66402	-4.04416	-4.09612
994	2	4	1	2	2	1	5	-2.76243	-3.66402	-4.04416	-4.09612
995	8	10	2	2	11	12	6	-3.93575	-7.69529	-6.59993	-6.95555
996	2	4	1	2	2	1	5	-2.76243	-3.66402	-4.04416	-4.09612
997	2	1	5	3	2	5	5	-5.58948	-2.82174	-4.08286	-5.38482
998	8	10	2	2	11	12	6	-3.93575	-7.69529	-6.59993	-6.95555
999	2	4	1	2	2	1	5	-2.76243	-3.66402	-4.04416	-4.09612
1000	2	4	1	2	2	1	5	-2.76243	-3.66402	-4.04416	-4.09612
1001	2	1	21	3	2	1	5	-2.91806	-2.48902	-4.13751	-4.48349
1002	1	2	4	62	4	5	17	-6.08967	-4.84245	-7.03609	-8.31406
1003	2	1	12	3	2	1	5	-2.60988	-2.11426	-3.47936	-4.64749
1004	2	4	1	2	7	1	5	-2.28954	-6.1022	-4.91068	-5.01636
1005	1	307	3	4	5	9	3	-6.83413	-6.41031	-6.20067	-7.91044
1006	2	4	2	4	19	3	6	-5.77978	-9.60342	-8.43723	-8.79179
1007	2	4	1	2	2	1	5	-2.76243	-3.66402	-4.04416	-4.09612
1008	1	4	2	2	6	3	17	-4.64561	-2.44179	-4.38486	-5.47814
1009	9	25	2	10	22	3	6	-4.45519	-7.862	-5.95353	-4.40981
1010	4	7	10	4	1	7	1	-1.81489	-3.83443	-2.6494	-1.96436
1011	2	4	1	2	2	1	5	-2.76243	-3.66402	-4.04416	-4.09612
1012	10	1	16	19	10	5	7	-6.28104	-2.73706	-4.16988	-5.12755
1013	2	1	21	3	2	1	5	-2.91806	-2.48902	-4.13751	-4.48349
1014	4	7	10	4	1	7	1	-1.81489	-3.83443	-2.6494	-1.96436
1015	2	4	1	2	2	1	5	-2.76243	-3.66402	-4.04416	-4.09612
1016	1	2	3	4	5	9	3	-4.64531	-2.47789	-3.61186	-4.8152
1017	9	316	4	62	4	5	6	-6.84086	-6.44847	-8.43423	-9.44549
1018	9	25	2	10	22	3	6	-4.45519	-7.862	-5.95353	-4.40981
1019	1	307	3	4	5	9	3	-6.83413	-6.41031	-6.20067	-7.91044
1020	2	4	1	2	2	1	5	-2.76243	-3.66402	-4.04416	-4.09612
1021	9	25	2	10	22	3	6	-4.45519	-7.862	-5.95353	-4.40981
1022	2	4	1	2	2	1	5	-2.76243	-3.66402	-4.04416	-4.09612
1023	2	1	12	3	2	1	5	-2.60988	-2.11426	-3.47936	-4.64749
1024	2	1	5	3	2	5	5	-5.58948	-2.82174	-4.08286	-5.38482
1025	2	4	1	2	2	1	5	-2.76243	-3.66402	-4.04416	-4.09612
1026	2	1	12	3	2	1	5	-2.60988	-2.11426	-3.47936	-4.64749
1027	2	1	12	3	2	1	5	-2.60988	-2.11426	-3.47936	-4.64749
1028	10	1	16	19	10	5	7	-6.28104	-2.73706	-4.16988	-5.12755
1029	4	7	10	4	1	7	1	-1.81489	-3.83443	-2.6494	-1.96436
1030	2	4	1	2	2	1	5	-2.76243	-3.66402	-4.04416	-4.09612
1031	2	1	12	88	2	1	5	-3.93558	-3.42942	-5.33509	-5.33148
1032	2	1	21	3	2	1	5	-2.91806	-2.48902	-4.13751	-4.48349
1033	1	2	3	4	5	9	3	-4.64531	-2.47789	-3.61186	-4.8152
1034	8	10	2	2	11	12	6	-3.93575	-7.69529	-6.59993	-6.95555
1035	2	1	12	88	2	1	5	-3.93558	-3.42942	-5.33509	-5.33148
1036	33	39	30	82	104	173	68	-5.37812	-3.97273	-6.1987	-7.51412
1037	1	2	3	4	5	9	3	-4.64531	-2.47789	-3.61186	-4.8152
1038	9	25	2	10	22	3	6	-4.45519	-7.862	-5.95353	-4.40981
1039	2	4	1	2	2	1	5	-2.76243	-3.66402	-4.04416	-4.09612
1040	8	10	2	2	11	12	6	-3.93575	-7.69529	-6.59993	-6.95555
1041	1	2	4	62	4	5	17	-6.08967	-4.84245	-7.03609	-8.31406
1042	10	1	16	19	10	5	7	-6.28104	-2.73706	-4.16988	-5.12755
1043	33	39	30	82	104	173	68	-5.37812	-3.97273	-6.1987	-7.51412
1044	2	4	1	2	2	1	5	-2.76243	-3.66402	-4.04416	-4.09612
1045	8	10	2	2	11	12	6	-3.93575	-7.69529	-6.59993	-6.95555
1046	2	1	5	3	2	5	5	-5.58948	-2.82174	-4.08286	-5.38482
1047	47	2	4	2	6	5	17	-11.843	-9.85208	-6.32705	-8.15698
1048	1	2	3	4	5	9	3	-4.64531	-2.47789	-3.61186	-4.8152
1049	4	7	10	4	1	7	1	-1.81489	-3.83443	-2.6494	-1.96436
1050	2	1	5	3	2	3	5	-4.22466	-3.2492	-5.18138	-4.82046
1051	2	4	2	2	6	1	5	-6.08119	-4.82473	-5.91796	-7.53425
1052	2	4	1	2	2	1	5	-2.76243	-3.66402	-4.04416	-4.09612
1053	8	10	149	2	11	12	6	-4.86496	-3.96598	-5.5151	-6.92582
1054	9	25	2	10	22	3	6	-4.45519	-7.862	-5.95353	-4.40981
1055	2	4	1	2	2	1	5	-2.76243	-3.66402	-4.04416	-4.09612
1056	1	2	3	4	5	9	3	-4.64531	-2.47789	-3.61186	-4.8152
1057	2	1	12	3	2	1	5	-2.60988	-2.11426	-3.47936	-4.64749
1058	4	7	10	4	42	51	1	-2.91312	-4.68507	-4.68692	-3.83149
1059	2	4	1	2	2	1	5	-2.76243	-3.66402	-4.04416	-4.09612
1060	2	1	1	3	2	1	5	-4.60702	-3.78494	-5.88045	-7.04181
1061	2	4	1	2	7	1	5	-2.28954	-6.1022	-4.91068	-5.01636
1062	8	10	2	2	11	12	6	-3.93575	-7.69529	-6.59993	-6.95555
1063	2	4	1	2	2	1	5	-2.76243	-3.66402	-4.04416	-4.09612
1064	9	2	4	62	4	5	6	-3.69782	-5.24435	-5.5371	-6.4506
1065	2	4	1	2	2	1	5	-2.76243	-3.66402	-4.04416	-4.09612
1066	4	7	10	4	1	7	1	-1.81489	-3.83443	-2.6494	-1.96436
1067	8	10	2	2	11	12	6	-3.93575	-7.69529	-6.59993	-6.95555
1068	2	4	2	2	6	1	5	-6.08119	-4.82473	-5.91796	-7.53425
1069	2	4	2	2	6	1	5	-6.08119	-4.82473	-5.91796	-7.53425
1070	2	4	2	2	6	1	5	-6.08119	-4.82473	-5.91796	-7.53425
1071	2	4	2	2	6	1	5	-6.08119	-4.82473	-5.91796	-7.53425
1072	2	4	1	2	2	1	5	-2.76243	-3.66402	-4.04416	-4.09612
1073	2	4	1	2	2	1	5	-2.76243	-3.66402	-4.04416	-4.09612
1074	2	1	12	3	2	1	5	-2.60988	-2.11426	-3.47936	-4.64749
1075	2	4	1	2	7	1	5	-2.28954	-6.1022	-4.91068	-5.01636
1076	4	7	10	4	42	51	1	-2.91312	-4.68507	-4.68692	-3.83149
1077	2	4	1	2	2	1	5	-2.76243	-3.66402	-4.04416	-4.09612
1078	8	10	2	2	11	12	6	-3.93575	-7.69529	-6.59993	-6.95555
1079	1	2	3	4	5	9	3	-4.64531	-2.47789	-3.61186	-4.8152
1080	1	2	3	4	5	9	3	-4.64531	-2.47789	-3.61186	-4.8152
1081	10	1	16	19	10	5	7	-6.28104	-2.73706	-4.16988	-5.12755
1082	8	10	2	2	11	12	6	-3.93575	-7.69529	-6.59993	-6.95555
1083	4	7	10	4	1	7	1	-1.81489	-3.83443	-2.6494	-1.96436
1084	2	4	1	2	2	1	5	-2.76243	-3.66402	-4.04416	-4.09612
1085	2	4	1	2	7	1	5	-2.28954	-6.1022	-4.91068	-5.01636
1086	2	1	21	3	2	1	5	-2.91806	-2.48902	-4.13751	-4.48349
1087	2	1	12	3	2	1	5	-2.60988	-2.11426	-3.47936	-4.64749
1088	2	4	2	4	19	3	6	-5.77978	-9.60342	-8.43723	-8.79179
1089	8	10	149	2	11	12	6	-4.86496	-3.96598	-5.5151	-6.92582
1090	8	10	2	2	11	12	6	-3.93575	-7.69529	-6.59993	-6.95555
1091	2	1	12	3	2	1	5	-2.60988	-2.11426	-3.47936	-4.64749
1092	2	1	12	3	2	1	5	-2.60988	-2.11426	-3.47936	-4.64749
1093	2	1	5	3	2	3	5	-4.22466	-3.2492	-5.18138	-4.82046
1094	184	39	30	82	113	43	17	-3.93452	-6.22132	-6.50181	-6.92717
1095	2	1	12	3	2	1	5	-2.60988	-2.11426	-3.47936	-4.64749
1096	2	4	1	2	2	1	5	-2.76243	-3.66402	-4.04416	-4.09612
1097	4	7	10	4	1	7	1	-1.81489	-3.83443	-2.6494	-1.96436
1098	8	10	2	2	11	12	6	-3.93575	-7.69529	-6.59993	-6.95555
1099	4	7	10	4	1	7	1	-1.81489	-3.83443	-2.6494	-1.96436
1100	4	7	10	4	42	51	1	-2.91312	-4.68507	-4.68692	-3.83149
1101	9	25	2	10	22	3	6	-4.45519	-7.862	-5.95353	-4.40981
1102	9	2	4	62	4	5	6	-3.69782	-5.24435	-5.5371	-6.4506
1103	4	7	10	4	1	7	1	-1.81489	-3.83443	-2.6494	-1.96436
1104	2	4	1	2	7	1	5	-2.28954	-6.1022	-4.91068	-5.01636
1105	4	7	10	4	1	7	1	-1.81489	-3.83443	-2.6494	-1.96436
1106	8	10	2	2	11	12	6	-3.93575	-7.69529	-6.59993	-6.95555
1107	2	4	1	2	2	1	5	-2.76243	-3.66402	-4.04416	-4.09612
1108	4	7	10	4	42	51	1	-2.91312	-4.68507	-4.68692	-3.83149
1109	1	2	3	4	5	9	3	-4.64531	-2.47789	-3.61186	-4.8152
1110	2	1	12	3	2	1	5	-2.60988	-2.11426	-3.47936	-4.64749
1111	2	4	1	2	2	1	5	-2.76243	-3.66402	-4.04416	-4.09612
1112	10	81	50	99	120	76	52	-6.70796	-6.35233	-5.39545	-5.18221
1113	2	4	1	2	2	1	5	-2.76243	-3.66402	-4.04416	-4.09612
1114	4	7	10	4	42	51	1	-2.91312	-4.68507	-4.68692	-3.83149
1115	4	7	10	4	42	51	1	-2.91312	-4.68507	-4.68692	-3.83149
1116	4	7	10	4	1	7	1	-1.81489	-3.83443	-2.6494	-1.96436
1117	3	1	5	10	11	11	6	-10.0653	-6.45872	-8.82774	-10.4538
1118	10	81	50	99	120	76	52	-6.70796	-6.35233	-5.39545	-5.18221
1119	2	4	1	2	2	1	5	-2.76243	-3.66402	-4.04416	-4.09612
1120	4	7	10	4	1	7	1	-1.81489	-3.83443	-2.6494	-1.96436
1121	4	7	10	4	1	7	1	-1.81489	-3.83443	-2.6494	-1.96436
1122	4	7	10	4	42	51	1	-2.91312	-4.68507	-4.68692	-3.83149
1123	2	1	12	3	2	1	5	-2.60988	-2.11426	-3.47936	-4.64749
1124	2	4	1	2	2	1	5	-2.76243	-3.66402	-4.04416	-4.09612
1125	2	1	1	3	2	1	5	-4.60702	-3.78494	-5.88045	-7.04181
1126	2	4	1	2	2	1	5	-2.76243	-3.66402	-4.04416	-4.09612
1127	2	4	1	2	2	1	5	-2.76243	-3.66402	-4.04416	-4.09612
1128	2	4	1	2	2	1	5	-2.76243	-3.66402	-4.04416	-4.09612
1129	2	4	1	2	2	1	5	-2.76243	-3.66402	-4.04416	-4.09612
1130	1	2	3	4	5	9	3	-4.64531	-2.47789	-3.61186	-4.8152
1131	8	10	2	2	11	12	6	-3.93575	-7.69529	-6.59993	-6.95555
1132	2	1	21	3	2	1	5	-2.91806	-2.48902	-4.13751	-4.48349
1133	2	4	1	2	2	1	5	-2.76243	-3.66402	-4.04416	-4.09612
1134	2	1	21	3	2	1	5	-2.91806	-2.48902	-4.13751	-4.48349
1135	2	1	21	3	2	1	5	-2.91806	-2.48902	-4.13751	-4.48349
1136	2	4	1	2	2	1	5	-2.76243	-3.66402	-4.04416	-4.09612
1137	1	2	3	4	5	9	3	-4.64531	-2.47789	-3.61186	-4.8152
1138	10	1	16	19	10	5	7	-6.28104	-2.73706	-4.16988	-5.12755
1139	2	1	12	3	2	1	5	-2.60988	-2.11426	-3.47936	-4.64749
1140	7	21	5	62	4	61	44	-7.41519	-3.82134	-5.56635	-7.28145
1141	2	4	1	2	2	1	5	-2.76243	-3.66402	-4.04416	-4.09612
1142	2	1	12	3	2	1	5	-2.60988	-2.11426	-3.47936	-4.64749
1143	2	4	1	2	7	1	5	-2.28954	-6.1022	-4.91068	-5.01636
1144	2	1	5	3	2	3	5	-4.22466	-3.2492	-5.18138	-4.82046
1145	2	1	21	3	2	1	5	-2.91806	-2.48902	-4.13751	-4.48349
1146	2	1	21	3	2	1	5	-2.91806	-2.48902	-4.13751	-4.48349
1147	2	1	21	3	2	1	5	-2.91806	-2.48902	-4.13751	-4.48349
1148	2	1	21	3	2	1	5	-2.91806	-2.48902	-4.13751	-4.48349
1149	2	1	12	3	2	1	5	-2.60988	-2.11426	-3.47936	-4.64749
1150	8	10	2	2	11	12	6	-3.93575	-7.69529	-6.59993	-6.95555
1151	129	66	30	82	189	47	17	-3.22966	-4.92585	-5.22767	-4.18097
1152	1	307	3	4	5	9	3	-6.83413	-6.41031	-6.20067	-7.91044
1153	8	10	2	2	11	12	6	-3.93575	-7.69529	-6.59993	-6.95555
1154	2	4	2	2	6	1	5	-6.08119	-4.82473	-5.91796	-7.53425
1155	1	4	2	2	6	3	17	-4.64561	-2.44179	-4.38486	-5.47814
1156	2	4	1	2	2	1	5	-2.76243	-3.66402	-4.04416	-4.09612
1157	8	10	2	2	11	12	6	-3.93575	-7.69529	-6.59993	-6.95555
1158	2	4	2	2	6	1	5	-6.08119	-4.82473	-5.91796	-7.53425
1159	2	1	21	3	2	1	5	-2.91806	-2.48902	-4.13751	-4.48349
1160	2	4	5	2	2	5	5	-3.65543	-7.43479	-6.17214	-5.82987
1161	7	21	5	62	4	61	44	-7.41519	-3.82134	-5.56635	-7.28145
1162	2	1	12	3	2	1	5	-2.60988	-2.11426	-3.47936	-4.64749
1163	10	27	16	19	10	5	7	-20.7039	-12.921	-15.335	-17.4542
1164	33	283	44	82	189	44	17	-7.00903	-3.46235	-5.3076	-5.98465
1165	9	25	2	10	22	3	6	-4.45519	-7.862	-5.95353	-4.40981
1166	7	21	5	62	4	61	44	-7.41519	-3.82134	-5.56635	-7.28145
1167	2	1	5	3	2	3	5	-4.22466	-3.2492	-5.18138	-4.82046
1168	2	1	5	3	2	3	5	-4.22466	-3.2492	-5.18138	-4.82046
1169	9	25	2	10	22	3	6	-4.45519	-7.862	-5.95353	-4.40981
1170	2	1	5	3	2	3	5	-4.22466	-3.2492	-5.18138	-4.82046
1171	2	4	1	2	2	1	5	-2.76243	-3.66402	-4.04416	-4.09612
1172	129	66	30	82	189	47	17	-3.22966	-4.92585	-5.22767	-4.18097
1173	2	4	1	2	2	1	5	-2.76243	-3.66402	-4.04416	-4.09612
1174	2	1	5	3	2	3	5	-4.22466	-3.2492	-5.18138	-4.82046
1175	2	1	12	3	2	1	5	-2.60988	-2.11426	-3.47936	-4.64749
1176	2	4	1	2	2	1	5	-2.76243	-3.66402	-4.04416	-4.09612
1177	1	4	2	2	6	3	17	-4.64561	-2.44179	-4.38486	-5.47814
1178	2	1	12	3	2	1	5	-2.60988	-2.11426	-3.47936	-4.64749
1179	1	4	2	2	446	3	17	-9.11862	-6.24699	-7.75239	-7.50947
1180	2	1	5	88	2	11	5	-8.90821	-5.33543	-6.09346	-7.88723
1181	2	4	2	2	6	1	5	-6.08119	-4.82473	-5.91796	-7.53425
1182	9	25	2	10	22	3	6	-4.45519	-7.862	-5.95353	-4.40981
1183	2	1	5	3	2	3	5	-4.22466	-3.2492	-5.18138	-4.82046
1184	7	21	5	62	4	61	44	-7.41519	-3.82134	-5.56635	-7.28145
1185	1	2	3	4	5	9	3	-4.64531	-2.47789	-3.61186	-4.8152
1186	2	4	1	2	2	1	5	-2.76243	-3.66402	-4.04416	-4.09612
1187	7	21	5	62	4	61	44	-7.41519	-3.82134	-5.56635	-7.28145
1188	33	39	30	82	104	173	68	-5.37812	-3.97273	-6.1987	-7.51412
1189	1	4	2	2	6	3	17	-4.64561	-2.44179	-4.38486	-5.47814
1190	2	1	21	3	2	1	5	-2.91806	-2.48902	-4.13751	-4.48349
1191	4	7	10	4	1	7	1	-1.81489	-3.83443	-2.6494	-1.96436
1192	2	1	5	3	2	5	5	-5.58948	-2.82174	-4.08286	-5.38482
1193	1	4	2	2	6	3	17	-4.64561	-2.44179	-4.38486	-5.47814
1194	2	4	1	2	2	1	5	-2.76243	-3.66402	-4.04416	-4.09612
1195	2	4	1	2	2	1	5	-2.76243	-3.66402	-4.04416	-4.09612
1196	2	1	12	3	2	1	5	-2.60988	-2.11426	-3.47936	-4.64749
1197	2	1	6	3	2	3	5	-7.71321	-7.06393	-8.22947	-6.4173
1198	4	7	10	4	1	7	1	-1.81489	-3.83443	-2.6494	-1.96436
1199	2	4	1	2	7	1	5	-2.28954	-6.1022	-4.91068	-5.01636
1200	2	1	1	3	2	1	5	-4.60702	-3.78494	-5.88045	-7.04181
1201	2	4	1	2	2	1	5	-2.76243	-3.66402	-4.04416	-4.09612
1202	7	2	5	2	10	3	6	-32.3662	-28.2157	-26.4066	-28.5231
1203	2	1	21	3	2	1	5	-2.91806	-2.48902	-4.13751	-4.48349
1204	2	4	1	2	7	1	5	-2.28954	-6.1022	-4.91068	-5.01636
1205	4	7	10	4	1	7	1	-1.81489	-3.83443	-2.6494	-1.96436
1206	2	4	1	2	7	1	5	-2.28954	-6.1022	-4.91068	-5.01636
1207	2	4	1	2	2	1	5	-2.76243	-3.66402	-4.04416	-4.09612
1208	1	4	2	2	6	3	17	-4.64561	-2.44179	-4.38486	-5.47814
1209	2	4	1	2	2	1	5	-2.76243	-3.66402	-4.04416	-4.09612
1210	2	4	1	2	2	1	5	-2.76243	-3.66402	-4.04416	-4.09612
1211	74	10	2	2	11	12	6	-8.4176	-11.5347	-9.99017	-9.00076
1212	1	2	3	4	5	9	3	-4.64531	-2.47789	-3.61186	-4.8152
1213	2	1	5	3	2	3	5	-4.22466	-3.2492	-5.18138	-4.82046
1214	4	7	10	4	1	7	1	-1.81489	-3.83443	-2.6494	-1.96436
1215	2	4	2	2	6	1	5	-6.08119	-4.82473	-5.91796	-7.53425
1216	2	1	12	3	2	1	5	-2.60988	-2.11426	-3.47936	-4.64749
1217	2	1	21	3	2	1	5	-2.91806	-2.48902	-4.13751	-4.48349
1218	2	4	1	2	2	1	5	-2.76243	-3.66402	-4.04416	-4.09612
1219	2	1	21	3	2	1	5	-2.91806	-2.48902	-4.13751	-4.48349
1220	4	7	10	4	1	7	1	-1.81489	-3.83443	-2.6494	-1.96436
1221	2	1	21	3	2	1	5	-2.91806	-2.48902	-4.13751	-4.48349
1222	2	4	1	2	2	1	5	-2.76243	-3.66402	-4.04416	-4.09612
1223	4	7	10	4	1	7	1	-1.81489	-3.83443	-2.6494	-1.96436
1224	2	4	1	2	2	1	5	-2.76243	-3.66402	-4.04416	-4.09612
1225	4	7	10	4	1	7	1	-1.81489	-3.83443	-2.6494	-1.96436
1226	4	7	10	4	42	51	1	-2.91312	-4.68507	-4.68692	-3.83149
1227	4	7	10	4	42	7	1	-6.61505	-8.62581	-5.7047	-4.70269
1228	2	4	1	2	2	1	5	-2.76243	-3.66402	-4.04416	-4.09612
1229	2	1	5	3	2	3	5	-4.22466	-3.2492	-5.18138	-4.82046
1230	10	81	50	99	120	76	52	-6.70796	-6.35233	-5.39545	-5.18221
1231	2	4	1	2	7	1	5	-2.28954	-6.1022	-4.91068	-5.01636
1232	2	4	1	2	7	1	5	-2.28954	-6.1022	-4.91068	-5.01636
1233	4	7	10	4	1	7	1	-1.81489	-3.83443	-2.6494	-1.96436
1234	1	4	2	2	6	3	17	-4.64561	-2.44179	-4.38486	-5.47814
1235	4	7	10	4	1	7	1	-1.81489	-3.83443	-2.6494	-1.96436
1236	2	4	1	2	2	1	5	-2.76243	-3.66402	-4.04416	-4.09612
1237	4	7	10	4	1	7	1	-1.81489	-3.83443	-2.6494	-1.96436
1238	4	7	10	4	42	51	1	-2.91312	-4.68507	-4.68692	-3.83149
1239	1	307	3	4	5	9	3	-6.83413	-6.41031	-6.20067	-7.91044
1240	2	4	2	2	6	1	5	-6.08119	-4.82473	-5.91796	-7.53425
1241	8	10	149	2	11	12	6	-4.86496	-3.96598	-5.5151	-6.92582
1242	2	1	12	3	2	1	5	-2.60988	-2.11426	-3.47936	-4.64749
1243	2	4	1	2	2	1	5	-2.76243	-3.66402	-4.04416	-4.09612
1244	2	4	1	2	2	1	5	-2.76243	-3.66402	-4.04416	-4.09612
1245	2	4	1	2	2	1	5	-2.76243	-3.66402	-4.04416	-4.09612
1246	4	7	10	4	42	51	1	-2.91312	-4.68507	-4.68692	-3.83149
1247	2	4	1	2	2	1	5	-2.76243	-3.66402	-4.04416	-4.09612
1248	2	4	1	2	2	1	5	-2.76243	-3.66402	-4.04416	-4.09612
1249	2	1	12	88	2	1	5	-3.93558	-3.42942	-5.33509	-5.33148
1250	1	4	2	2	6	3	17	-4.64561	-2.44179	-4.38486	-5.47814
1251	9	2	4	62	4	5	6	-3.69782	-5.24435	-5.5371	-6.4506
1252	2	4	1	2	7	1	5	-2.28954	-6.1022	-4.91068	-5.01636
1253	2	4	5	2	2	5	5	-3.65543	-7.43479	-6.17214	-5.82987
1254	2	1	21	3	2	1	5	-2.91806	-2.48902	-4.13751	-4.48349
1255	1	4	2	2	6	3	17	-4.64561	-2.44179	-4.38486	-5.47814
1256	2	1	21	3	2	1	5	-2.91806	-2.48902	-4.13751	-4.48349
1257	2	4	1	2	2	5	5	-6.80755	-6.40576	-8.29187	-9.34865
1258	2	1	12	3	2	1	5	-2.60988	-2.11426	-3.47936	-4.64749
1259	2	4	2	2	6	1	5	-6.08119	-4.82473	-5.91796	-7.53425
1260	2	4	1	2	2	1	5	-2.76243	-3.66402	-4.04416	-4.09612
1261	2	4	1	2	2	1	5	-2.76243	-3.66402	-4.04416	-4.09612
1262	1	307	3	4	5	9	3	-6.83413	-6.41031	-6.20067	-7.91044
1263	9	25	2	10	22	3	6	-4.45519	-7.862	-5.95353	-4.40981
1264	2	1	1	380	2	1	5	-6.14203	-5.73539	-7.72315	-8.74472
1265	2	4	1	2	2	1	5	-2.76243	-3.66402	-4.04416	-4.09612
1266	2	4	1	2	2	1	5	-2.76243	-3.66402	-4.04416	-4.09612
1267	2	1	12	3	2	1	5	-2.60988	-2.11426	-3.47936	-4.64749
1268	1	2	3	4	5	9	3	-4.64531	-2.47789	-3.61186	-4.8152
1269	2	4	1	2	2	1	5	-2.76243	-3.66402	-4.04416	-4.09612
1270	2	4	1	2	2	1	5	-2.76243	-3.66402	-4.04416	-4.09612
1271	2	4	1	2	2	1	5	-2.76243	-3.66402	-4.04416	-4.09612
1272	1	2	3	4	5	9	3	-4.64531	-2.47789	-3.61186	-4.8152
1273	9	2	2	212	309	253	147	-29.1291	-26.1809	-24.8025	-19.366
1274	2	1	21	3	2	1	5	-2.91806	-2.48902	-4.13751	-4.48349
1275	47	2	4	2	6	5	17	-11.843	-9.85208	-6.32705	-8.15698
1276	1	2	3	4	5	9	3	-4.64531	-2.47789	-3.61186	-4.8152
1277	2	4	1	2	2	1	5	-2.76243	-3.66402	-4.04416	-4.09612
1278	2	4	1	2	2	1	5	-2.76243	-3.66402	-4.04416	-4.09612
1279	9	2	4	62	4	5	6	-3.69782	-5.24435	-5.5371	-6.4506
1280	2	1	12	3	2	1	5	-2.60988	-2.11426	-3.47936	-4.64749
1281	2	4	1	2	2	1	5	-2.76243	-3.66402	-4.04416	-4.09612
1282	2	4	1	2	7	1	5	-2.28954	-6.1022	-4.91068	-5.01636
1283	7	17	2	15	23	3	12	-6.88188	-10.71	-9.55023	-9.90194
1284	2	1	1	3	2	1	5	-4.60702	-3.78494	-5.88045	-7.04181
1285	2	1	12	3	2	1	5	-2.60988	-2.11426	-3.47936	-4.64749
1286	2	4	1	2	2	1	5	-2.76243	-3.66402	-4.04416	-4.09612
1287	2	1	5	3	2	3	5	-4.22466	-3.2492	-5.18138	-4.82046
1288	2	4	1	2	2	1	5	-2.76243	-3.66402	-4.04416	-4.09612
1289	2	4	1	2	2	1	5	-2.76243	-3.66402	-4.04416	-4.09612
1290	1	4	2	2	6	3	17	-4.64561	-2.44179	-4.38486	-5.47814
1291	2	1	2	3	2	3	5	-3.74077	-7.43935	-6.38927	-6.75065
1292	2	1	5	3	2	3	5	-4.22466	-3.2492	-5.18138	-4.82046
1293	1	2	3	3	5	9	3	-11.9815	-8.06515	-9.42515	-11.8413
1294	4	7	10	4	42	51	1	-2.91312	-4.68507	-4.68692	-3.83149
1295	1	4	2	2	6	3	17	-4.64561	-2.44179	-4.38486	-5.47814
1296	2	1	5	3	2	3	5	-4.22466	-3.2492	-5.18138	-4.82046
1297	4	7	10	4	1	7	1	-1.81489	-3.83443	-2.6494	-1.96436
1298	2	4	1	2	2	1	5	-2.76243	-3.66402	-4.04416	-4.09612
1299	4	7	10	4	1	7	1	-1.81489	-3.83443	-2.6494	-1.96436
1300	2	1	21	3	2	1	5	-2.91806	-2.48902	-4.13751	-4.48349
1301	2	4	1	2	2	1	5	-2.76243	-3.66402	-4.04416	-4.09612
1302	4	7	10	4	1	7	1	-1.81489	-3.83443	-2.6494	-1.96436
1303	2	4	1	2	2	1	5	-2.76243	-3.66402	-4.04416	-4.09612
1304	2	1	5	3	2	5	5	-5.58948	-2.82174	-4.08286	-5.38482
1305	2	4	1	2	2	1	5	-2.76243	-3.66402	-4.04416	-4.09612
1306	2	1	21	3	2	1	5	-2.91806	-2.48902	-4.13751	-4.48349
1307	2	1	5	3	2	5	5	-5.58948	-2.82174	-4.08286	-5.38482
1308	1	4	2	2	6	3	17	-4.64561	-2.44179	-4.38486	-5.47814
1309	1	4	2	2	6	3	17	-4.64561	-2.44179	-4.38486	-5.47814
1310	2	1	5	3	2	3	5	-4.22466	-3.2492	-5.18138	-4.82046
1311	1	4	2	2	6	3	17	-4.64561	-2.44179	-4.38486	-5.47814
1312	2	4	1	2	2	1	5	-2.76243	-3.66402	-4.04416	-4.09612
1313	2	1	12	88	2	1	5	-3.93558	-3.42942	-5.33509	-5.33148
1314	2	1	5	3	2	3	5	-4.22466	-3.2492	-5.18138	-4.82046
1315	2	4	5	2	2	1	5	-6.15841	-9.34281	-8.34653	-8.96783
1316	2	4	1	2	2	1	5	-2.76243	-3.66402	-4.04416	-4.09612
1317	1	4	2	2	6	3	17	-4.64561	-2.44179	-4.38486	-5.47814
1318	2	1	21	3	2	1	5	-2.91806	-2.48902	-4.13751	-4.48349
1319	4	7	10	4	1	7	1	-1.81489	-3.83443	-2.6494	-1.96436
1320	1	2	3	4	5	9	3	-4.64531	-2.47789	-3.61186	-4.8152
1321	2	4	1	2	7	1	5	-2.28954	-6.1022	-4.91068	-5.01636
1322	4	7	10	4	1	7	1	-1.81489	-3.83443	-2.6494	-1.96436
1323	4	7	10	4	1	7	1	-1.81489	-3.83443	-2.6494	-1.96436
1324	1	4	2	2	6	3	17	-4.64561	-2.44179	-4.38486	-5.47814
1325	2	4	1	2	7	1	5	-2.28954	-6.1022	-4.91068	-5.01636
1326	4	7	10	4	1	7	1	-1.81489	-3.83443	-2.6494	-1.96436
1327	8	10	2	2	11	12	6	-3.93575	-7.69529	-6.59993	-6.95555
1328	969	7	10	4	1	7	1	-6.21843	-7.66079	-6.02955	-4.00841
1329	4	7	10	4	1	7	1	-1.81489	-3.83443	-2.6494	-1.96436
1330	10	27	16	942	10	5	7	-25.1857	-16.7611	-18.7256	-19.4992
1331	10	27	16	941	10	5	7	-25.1857	-16.7611	-18.7256	-19.4992
1332	4	7	10	4	1	7	1	-1.81489	-3.83443	-2.6494	-1.96436
1333	4	7	10	4	1	7	1	-1.81489	-3.83443	-2.6494	-1.96436
1334	129	66	30	82	189	47	17	-3.22966	-4.92585	-5.22767	-4.18097
1335	4	7	10	4	1	7	1	-1.81489	-3.83443	-2.6494	-1.96436
1336	4	7	10	4	1	7	1	-1.81489	-3.83443	-2.6494	-1.96436
1337	2	4	1	2	2	1	5	-2.76243	-3.66402	-4.04416	-4.09612
1338	2	1	2	3	2	3	5	-3.74077	-7.43935	-6.38927	-6.75065
1339	10	27	16	19	10	5	7	-20.7039	-12.921	-15.335	-17.4542
1340	2	4	1	2	2	1	5	-2.76243	-3.66402	-4.04416	-4.09612
1341	33	39	30	82	104	173	68	-5.37812	-3.97273	-6.1987	-7.51412
1342	1	4	2	2	6	3	17	-4.64561	-2.44179	-4.38486	-5.47814
1343	2	1	5	3	2	5	5	-5.58948	-2.82174	-4.08286	-5.38482
1344	2	1	12	3	2	1	5	-2.60988	-2.11426	-3.47936	-4.64749
1345	8	10	2	2	11	12	6	-3.93575	-7.69529	-6.59993	-6.95555
1346	2	1	1	3	2	1	5	-4.60702	-3.78494	-5.88045	-7.04181
1347	1	4	2	2	6	3	17	-4.64561	-2.44179	-4.38486	-5.47814
1348	7	2	2	2	11	12	6	-4.48236	-8.30982	-7.14783	-7.50192
1349	9	2	4	62	4	5	6	-3.69782	-5.24435	-5.5371	-6.4506
1350	2	1	21	3	2	1	5	-2.91806	-2.48902	-4.13751	-4.48349
1351	9	7	10	4	1	7	1	-10.488	-12.3818	-10.7259	-10.0079
1352	2	1	12	3	920	1	5	-7.09214	-5.945	-6.86848	-6.69079
1353	239	27	16	19	10	5	7	-10.0666	-6.46125	-8.83371	-10.4571
1354	7	17	2	15	23	3	12	-6.88188	-10.71	-9.55023	-9.90194
1355	1	4	2	2	6	3	17	-4.64561	-2.44179	-4.38486	-5.47814
1356	1	6	60	24	12	28	1	-32.0573	-29.5047	-22.0836	-17.1477
1357	2	4	5	2	10	1	5	-6.87611	-10.6915	-9.5259	-9.89
1358	10	81	50	99	120	76	52	-6.70796	-6.35233	-5.39545	-5.18221
1359	4	7	10	4	1	7	1	-1.81489	-3.83443	-2.6494	-1.96436
1360	2	1	5	3	2	5	5	-5.58948	-2.82174	-4.08286	-5.38482
1361	4	7	10	1	1	7	1	-5.25745	-8.60309	-6.01365	-6.09778
1362	2	4	5	2	10	1	5	-6.87611	-10.6915	-9.5259	-9.89
1363	2	1	21	3	2	1	5	-2.91806	-2.48902	-4.13751	-4.48349
1364	2	1	21	3	2	1	5	-2.91806	-2.48902	-4.13751	-4.48349
1365	2	4	1	2	2	1	5	-2.76243	-3.66402	-4.04416	-4.09612
1366	2	4	2	2	6	1	5	-6.08119	-4.82473	-5.91796	-7.53425
1367	2	4	1	2	7	1	5	-2.28954	-6.1022	-4.91068	-5.01636
1368	2	4	1	2	2	1	5	-2.76243	-3.66402	-4.04416	-4.09612
1369	2	4	1	2	2	1	5	-2.76243	-3.66402	-4.04416	-4.09612
1370	4	7	10	4	1	7	1	-1.81489	-3.83443	-2.6494	-1.96436
1371	4	7	10	4	42	51	1	-2.91312	-4.68507	-4.68692	-3.83149
1372	2	1	5	3	2	3	5	-4.22466	-3.2492	-5.18138	-4.82046
1373	2	1	12	3	2	1	5	-2.60988	-2.11426	-3.47936	-4.64749
1374	2	1	1	3	2	1	5	-4.60702	-3.78494	-5.88045	-7.04181
1375	2	4	1	2	2	1	5	-2.76243	-3.66402	-4.04416	-4.09612
1376	4	7	10	4	1	7	1	-1.81489	-3.83443	-2.6494	-1.96436
1377	10	1	16	19	10	5	7	-6.28104	-2.73706	-4.16988	-5.12755
1378	2	4	1	2	7	1	5	-2.28954	-6.1022	-4.91068	-5.01636
1379	2	4	1	2	2	1	5	-2.76243	-3.66402	-4.04416	-4.09612
1380	10	81	50	99	120	76	52	-6.70796	-6.35233	-5.39545	-5.18221
1381	2	1	12	3	2	1	5	-2.60988	-2.11426	-3.47936	-4.64749
1382	2	4	1	2	2	1	5	-2.76243	-3.66402	-4.04416	-4.09612
1383	2	4	1	2	7	1	5	-2.28954	-6.1022	-4.91068	-5.01636
1384	1	2	3	4	5	9	3	-4.64531	-2.47789	-3.61186	-4.8152
1385	8	10	2	2	11	12	6	-3.93575	-7.69529	-6.59993	-6.95555
1386	1	4	2	2	6	3	17	-4.64561	-2.44179	-4.38486	-5.47814
1387	2	4	1	2	2	1	5	-2.76243	-3.66402	-4.04416	-4.09612
1388	2	4	1	2	2	1	5	-2.76243	-3.66402	-4.04416	-4.09612
1389	10	7	10	4	1	7	1	-12.704	-10.9377	-9.63893	-9.11828
1390	2	1	21	3	2	1	5	-2.91806	-2.48902	-4.13751	-4.48349
1391	2	1	21	3	2	1	5	-2.91806	-2.48902	-4.13751	-4.48349
1392	10	1	16	19	10	5	7	-6.28104	-2.73706	-4.16988	-5.12755
1393	2	1	5	3	2	3	5	-4.22466	-3.2492	-5.18138	-4.82046
1394	2	1	5	3	2	3	5	-4.22466	-3.2492	-5.18138	-4.82046
1395	2	4	1	2	2	5	5	-6.80755	-6.40576	-8.29187	-9.34865
1396	2	4	1	2	7	1	5	-2.28954	-6.1022	-4.91068	-5.01636
1397	10	1	16	19	10	5	7	-6.28104	-2.73706	-4.16988	-5.12755
1398	2	4	1	2	7	1	5	-2.28954	-6.1022	-4.91068	-5.01636
1399	2	934	1	2	2	1	5	-7.16624	-7.49852	-7.41549	-6.12733
