Isolate	Loci0	Loci1	Loci2	Loci3	Loci4	Loci5	Loci6	Source0	Source1	Source2	Source3
0	1	2	3	4	5	9	3	-4.75569	-2.48182	-3.62076	-4.83037
1	4	7	10	4	1	7	1	-1.82049	-3.76636	-2.61761	-1.92733
2	2	4	1	2	2	1	5	-2.77748	-3.6386	-4.12281	-4.12177
3	2	4	1	2	2	1	5	-2.77748	-3.6386	-4.12281	-4.12177
4	9	25	2	10	22	3	6	-4.4586	-7.51916	-5.85549	-4.35523
5	4	7	10	4	1	7	1	-1.82049	-3.76636	-2.61761	-1.92733
6	4	7	10	4	1	7	1	-1.82049	-3.76636	-2.61761	-1.92733
7	4	7	10	4	42	51	1	-2.92638	-4.61269	-4.76726	-3.81325
8	2	4	1	2	2	1	5	-2.77748	-3.6386	-4.12281	-4.12177
9	10	81	50	99	120	76	52	-6.68219	-6.3802	-5.32796	-5.1382
10	2	1	21	3	2	1	5	-2.94703	-2.4833	-4.25775	-4.5028
11	2	1	21	3	2	1	5	-2.94703	-2.4833	-4.25775	-4.5028
12	9	25	2	10	22	3	6	-4.4586	-7.51916	-5.85549	-4.35523
13	2	1	21	3	2	1	5	-2.94703	-2.4833	-4.25775	-4.5028
14	10	27	16	19	10	5	7	-20.816	-12.9786	-15.594	-17.306
15	2	4	1	2	2	1	5	-2.77748	-3.6386	-4.12281	-4.12177
16	2	4	1	2	2	1	5	-2.77748	-3.6386	-4.12281	-4.12177
17	9	2	4	62	4	5	6	-3.71951	-5.18933	-5.74626	-6.80652
18	9	53	2	53	11	3	3	-31.1651	-28.1704	-25.4244	-24.4629
19	2	4	1	2	2	1	5	-2.77748	-3.6386	-4.12281	-4.12177
20	2	4	1	2	2	1	5	-2.77748	-3.6386	-4.12281	-4.12177
21	4	7	10	4	1	7	1	-1.82049	-3.76636	-2.61761	-1.92733
22	2	4	1	2	2	1	5	-2.77748	-3.6386	-4.12281	-4.12177
23	1	4	2	2	6	3	17	-4.75838	-2.44287	-4.44074	-5.42637
24	4	7	10	4	1	7	1	-1.82049	-3.76636	-2.61761	-1.92733
25	2	1	21	3	2	1	5	-2.94703	-2.4833	-4.25775	-4.5028
26	8	10	2	2	11	12	6	-3.9546	-7.23778	-7.18004	-7.40211
27	2	4	2	2	6	1	5	-6.1349	-4.82679	-5.94925	-7.65989
28	2	1	12	3	2	1	5	-2.64165	-2.11054	-3.57145	-4.77217
29	2	4	1	2	2	1	5	-2.77748	-3.6386	-4.12281	-4.12177
30	4	7	10	4	1	7	1	-1.82049	-3.76636	-2.61761	-1.92733
31	10	1	16	19	10	5	7	-6.7051	-2.74088	-4.17337	-5.09122
32	1	2	3	4	5	9	3	-4.75569	-2.48182	-3.62076	-4.83037
33	2	4	1	2	2	1	5	-2.77748	-3.6386	-4.12281	-4.12177
34	2	4	1	2	2	1	5	-2.77748	-3.6386	-4.12281	-4.12177
35	2	4	1	2	2	1	5	-2.77748	-3.6386	-4.12281	-4.12177
36	4	7	10	4	1	7	1	-1.82049	-3.76636	-2.61761	-1.92733
37	129	66	30	82	189	47	17	-3.24517	-4.85558	-5.33315	-4.15874
38	2	1	12	3	357	1	5	-7.31198	-6.33627	-6.51781	-7.02968
39	9	2	4	62	4	5	6	-3.71951	-5.18933	-5.74626	-6.80652
40	2	1	1	3	2	1	5	-4.63981	-3.78136	-6.06854	-7.1392
41	2	1	12	3	357	1	5	-7.31198	-6.33627	-6.51781	-7.02968
42	2	1	5	3	2	3	5	-4.25998	-3.24656	-5.24863	-4.7709
43	2	1	5	3	2	3	5	-4.25998	-3.24656	-5.24863	-4.7709
44	2	4	1	2	2	1	5	-2.77748	-3.6386	-4.12281	-4.12177
45	2	4	1	2	2	1	5	-2.77748	-3.6386	-4.12281	-4.12177
46	2	4	2	2	6	1	5	-6.1349	-4.82679	-5.94925	-7.65989
47	1	4	2	2	6	3	17	-4.75838	-2.44287	-4.44074	-5.42637
48	2	1	21	3	2	1	5	-2.94703	-2.4833	-4.25775	-4.5028
49	2	1	2	3	2	3	5	-3.75702	-6.99985	-6.97331	-7.19573
50	2	1	21	3	2	1	5	-2.94703	-2.4833	-4.25775	-4.5028
51	7	17	2	15	23	3	12	-6.90187	-10.2248	-10.1301	-10.3484
52	2	4	1	2	7	1	5	-2.3046	-5.62075	-5.44699	-5.30545
53	9	2	4	62	4	5	6	-3.71951	-5.18933	-5.74626	-6.80652
54	2	4	1	2	7	1	5	-2.3046	-5.62075	-5.44699	-5.30545
55	9	2	4	62	4	5	6	-3.71951	-5.18933	-5.74626	-6.80652
56	2	1	12	88	2	1	5	-3.96528	-3.42352	-5.4787	-5.32235
57	2	1	5	3	2	3	5	-4.25998	-3.24656	-5.24863	-4.7709
58	2	4	1	2	2	1	5	-2.77748	-3.6386	-4.12281	-4.12177
59	9	2	4	62	4	5	6	-3.71951	-5.18933	-5.74626	-6.80652
60	2	1	5	3	2	3	5	-4.25998	-3.24656	-5.24863	-4.7709
61	2	4	1	2	2	1	5	-2.77748	-3.6386	-4.12281	-4.12177
62	2	4	1	2	2	1	5	-2.77748	-3.6386	-4.12281	-4.12177
63	2	4	1	2	2	1	5	-2.77748	-3.6386	-4.12281	-4.12177
64	2	4	1	2	2	1	5	-2.77748	-3.6386	-4.12281	-4.12177
65	2	4	1	2	2	1	5	-2.77748	-3.6386	-4.12281	-4.12177
66	2	4	1	2	2	1	5	-2.77748	-3.6386	-4.12281	-4.12177
67	1	2	215	4	90	24	8	-31.6104	-28.7223	-22.1211	-19.8493
68	2	4	1	2	2	1	5	-2.77748	-3.6386	-4.12281	-4.12177
69	1	2	3	4	5	9	3	-4.75569	-2.48182	-3.62076	-4.83037
70	2	4	1	2	2	1	5	-2.77748	-3.6386	-4.12281	-4.12177
71	2	4	1	2	2	1	5	-2.77748	-3.6386	-4.12281	-4.12177
72	9	25	2	10	22	3	6	-4.4586	-7.51916	-5.85549	-4.35523
73	2	15	4	48	360	25	23	-6.64561	-8.87978	-5.72119	-4.89529
74	2	4	1	2	2	1	5	-2.77748	-3.6386	-4.12281	-4.12177
75	2	1	12	88	2	1	5	-3.96528	-3.42352	-5.4787	-5.32235
76	2	4	2	2	6	1	5	-6.1349	-4.82679	-5.94925	-7.65989
77	10	1	16	19	10	5	7	-6.7051	-2.74088	-4.17337	-5.09122
78	2	4	1	2	2	1	5	-2.77748	-3.6386	-4.12281	-4.12177
79	2	1	12	3	2	1	5	-2.64165	-2.11054	-3.57145	-4.77217
80	2	4	1	2	2	1	5	-2.77748	-3.6386	-4.12281	-4.12177
81	2	4	1	2	2	1	5	-2.77748	-3.6386	-4.12281	-4.12177
82	1	4	2	2	6	3	17	-4.75838	-2.44287	-4.44074	-5.42637
83	10	1	16	19	10	5	7	-6.7051	-2.74088	-4.17337	-5.09122
84	8	10	149	2	11	12	6	-4.90973	-3.96346	-5.59404	-7.04413
85	2	4	1	2	2	1	5	-2.77748	-3.6386	-4.12281	-4.12177
86	2	4	1	2	7	1	5	-2.3046	-5.62075	-5.44699	-5.30545
87	32	39	30	82	104	324	17	-8.76697	-4.67057	-7.12023	-8.47153
88	1	2	3	4	5	9	3	-4.75569	-2.48182	-3.62076	-4.83037
89	2	1	5	3	2	3	5	-4.25998	-3.24656	-5.24863	-4.7709
90	2	4	1	2	2	1	5	-2.77748	-3.6386	-4.12281	-4.12177
91	2	4	1	2	7	1	5	-2.3046	-5.62075	-5.44699	-5.30545
92	4	7	10	4	1	7	1	-1.82049	-3.76636	-2.61761	-1.92733
93	2	1	2	3	2	3	5	-3.75702	-6.99985	-6.97331	-7.19573
94	2	1	12	3	2	1	5	-2.64165	-2.11054	-3.57145	-4.77217
95	2	1	21	3	2	1	5	-2.94703	-2.4833	-4.25775	-4.5028
96	2	1	21	3	2	1	5	-2.94703	-2.4833	-4.25775	-4.5028
97	9	2	5	2	11	3	1	-28.5501	-31.9613	-27.6215	-26.2885
98	4	7	10	4	1	7	1	-1.82049	-3.76636	-2.61761	-1.92733
99	2	1	2	3	2	3	5	-3.75702	-6.99985	-6.97331	-7.19573
100	2	1	21	3	2	1	5	-2.94703	-2.4833	-4.25775	-4.5028
101	4	7	10	4	1	7	1	-1.82049	-3.76636	-2.61761	-1.92733
102	2	1	21	3	2	1	5	-2.94703	-2.4833	-4.25775	-4.5028
103	1	4	2	2	6	3	17	-4.75838	-2.44287	-4.44074	-5.42637
104	2	4	5	2	10	1	5	-6.89223	-10.2078	-10.1112	-10.3376
105	2	1	12	88	2	1	5	-3.96528	-3.42352	-5.4787	-5.32235
106	9	2	4	62	4	5	6	-3.71951	-5.18933	-5.74626	-6.80652
107	2	165	73	147	220	190	104	-8.43891	-9.70144	-6.86682	-5.22818
108	2	1	21	3	2	1	5	-2.94703	-2.4833	-4.25775	-4.5028
109	2	4	1	2	2	1	5	-2.77748	-3.6386	-4.12281	-4.12177
110	2	1	12	3	11	1	6	-18.4106	-17.9139	-19.6869	-21.0587
111	2	1	2	3	2	3	5	-3.75702	-6.99985	-6.97331	-7.19573
112	2	4	1	2	7	1	5	-2.3046	-5.62075	-5.44699	-5.30545
113	2	1	2	3	2	3	5	-3.75702	-6.99985	-6.97331	-7.19573
114	2	1	21	3	2	1	5	-2.94703	-2.4833	-4.25775	-4.5028
115	2	4	1	2	7	1	5	-2.3046	-5.62075	-5.44699	-5.30545
116	33	39	30	82	113	43	17	-10.2506	-6.44612	-6.23506	-8.23905
117	2	4	1	2	2	1	5	-2.77748	-3.6386	-4.12281	-4.12177
118	2	4	1	2	2	1	5	-2.77748	-3.6386	-4.12281	-4.12177
119	2	4	1	2	2	1	5	-2.77748	-3.6386	-4.12281	-4.12177
120	2	4	1	2	7	1	5	-2.3046	-5.62075	-5.44699	-5.30545
121	4	7	10	1	1	7	1	-5.26969	-8.40988	-6.02654	-6.10906
122	2	1	12	3	2	1	5	-2.64165	-2.11054	-3.57145	-4.77217
123	2	4	1	2	2	1	5	-2.77748	-3.6386	-4.12281	-4.12177
124	2	4	1	2	2	1	5	-2.77748	-3.6386	-4.12281	-4.12177
125	2	4	1	2	7	1	5	-2.3046	-5.62075	-5.44699	-5.30545
126	2	4	1	2	2	1	5	-2.77748	-3.6386	-4.12281	-4.12177
127	2	4	1	2	2	1	5	-2.77748	-3.6386	-4.12281	-4.12177
128	2	1	12	88	2	1	5	-3.96528	-3.42352	-5.4787	-5.32235
129	2	1	12	3	2	1	5	-2.64165	-2.11054	-3.57145	-4.77217
130	2	1	12	3	2	1	5	-2.64165	-2.11054	-3.57145	-4.77217
131	2	4	1	2	7	1	5	-2.3046	-5.62075	-5.44699	-5.30545
132	2	1	21	3	2	1	5	-2.94703	-2.4833	-4.25775	-4.5028
133	2	1	21	3	2	1	5	-2.94703	-2.4833	-4.25775	-4.5028
134	2	4	5	2	2	5	5	-3.67049	-6.96474	-6.59506	-5.94965
135	2	1	21	3	2	1	5	-2.94703	-2.4833	-4.25775	-4.5028
136	1	4	2	2	6	3	1	-11.2779	-10.1565	-10.1763	-10.9669
137	2	1	5	3	2	3	5	-4.25998	-3.24656	-5.24863	-4.7709
138	2	1	5	3	2	3	5	-4.25998	-3.24656	-5.24863	-4.7709
139	4	7	10	4	1	7	1	-1.82049	-3.76636	-2.61761	-1.92733
140	8	10	2	2	11	12	6	-3.9546	-7.23778	-7.18004	-7.40211
141	2	1	2	3	2	3	5	-3.75702	-6.99985	-6.97331	-7.19573
142	2	1	5	3	2	3	5	-4.25998	-3.24656	-5.24863	-4.7709
143	2	1	2	3	2	3	5	-3.75702	-6.99985	-6.97331	-7.19573
144	129	66	30	82	189	47	17	-3.24517	-4.85558	-5.33315	-4.15874
145	2	4	1	2	2	1	5	-2.77748	-3.6386	-4.12281	-4.12177
146	2	4	1	2	2	1	5	-2.77748	-3.6386	-4.12281	-4.12177
147	7	21	5	62	4	61	44	-7.91187	-3.8238	-5.59482	-7.23998
148	2	4	1	2	2	1	5	-2.77748	-3.6386	-4.12281	-4.12177
149	2	937	1	2	2	1	5	-7.36894	-7.86572	-7.0601	-6.37352
150	1	14	2	2	6	1	17	-9.22638	-6.436	-7.6298	-6.30833
151	1	4	2	2	6	3	17	-4.75838	-2.44287	-4.44074	-5.42637
152	8	10	149	2	11	12	6	-4.90973	-3.96346	-5.59404	-7.04413
153	2	1	12	3	2	1	5	-2.64165	-2.11054	-3.57145	-4.77217
154	9	30	2	2	89	59	6	-4.95384	-8.27839	-8.18295	-8.40151
155	1	2	3	4	5	9	3	-4.75569	-2.48182	-3.62076	-4.83037
156	2	4	1	2	2	1	5	-2.77748	-3.6386	-4.12281	-4.12177
157	2	4	1	2	2	1	5	-2.77748	-3.6386	-4.12281	-4.12177
158	180	194	2	68	19	231	147	-28.6374	-29.7881	-23.2626	-20.0414
159	2	4	1	2	2	1	5	-2.77748	-3.6386	-4.12281	-4.12177
160	2	4	1	2	2	1	5	-2.77748	-3.6386	-4.12281	-4.12177
161	2	4	1	2	2	1	5	-2.77748	-3.6386	-4.12281	-4.12177
162	4	7	10	4	1	7	1	-1.82049	-3.76636	-2.61761	-1.92733
163	2	4	1	2	2	1	5	-2.77748	-3.6386	-4.12281	-4.12177
164	2	1	21	3	2	1	5	-2.94703	-2.4833	-4.25775	-4.5028
165	2	4	1	2	7	1	5	-2.3046	-5.62075	-5.44699	-5.30545
166	2	4	1	2	2	1	5	-2.77748	-3.6386	-4.12281	-4.12177
167	10	1	16	19	10	5	7	-6.7051	-2.74088	-4.17337	-5.09122
168	104	7	10	4	1	7	1	-4.40893	-7.74001	-7.62364	-7.839
169	2	4	1	2	2	1	5	-2.77748	-3.6386	-4.12281	-4.12177
170	10	27	16	19	10	5	7	-20.816	-12.9786	-15.594	-17.306
171	2	4	1	2	2	1	5	-2.77748	-3.6386	-4.12281	-4.12177
172	2	1	1	3	2	1	5	-4.63981	-3.78136	-6.06854	-7.1392
173	7	21	5	62	4	61	44	-7.91187	-3.8238	-5.59482	-7.23998
174	2	1	1	3	2	1	5	-4.63981	-3.78136	-6.06854	-7.1392
175	10	1	16	19	10	5	7	-6.7051	-2.74088	-4.17337	-5.09122
176	2	4	1	2	2	1	5	-2.77748	-3.6386	-4.12281	-4.12177
177	2	4	1	2	2	1	5	-2.77748	-3.6386	-4.12281	-4.12177
178	2	1	12	3	2	1	5	-2.64165	-2.11054	-3.57145	-4.77217
179	2	4	1	2	2	1	5	-2.77748	-3.6386	-4.12281	-4.12177
180	2	4	1	2	2	1	5	-2.77748	-3.6386	-4.12281	-4.12177
181	1	4	2	2	6	3	17	-4.75838	-2.44287	-4.44074	-5.42637
182	2	1	12	3	2	1	5	-2.64165	-2.11054	-3.57145	-4.77217
183	4	7	10	4	1	7	1	-1.82049	-3.76636	-2.61761	-1.92733
184	2	4	1	2	2	1	5	-2.77748	-3.6386	-4.12281	-4.12177
185	2	4	1	2	2	1	5	-2.77748	-3.6386	-4.12281	-4.12177
186	2	1	21	3	2	1	5	-2.94703	-2.4833	-4.25775	-4.5028
187	4	7	10	4	1	7	1	-1.82049	-3.76636	-2.61761	-1.92733
188	4	7	10	4	42	51	1	-2.92638	-4.61269	-4.76726	-3.81325
189	2	1	5	3	2	3	5	-4.25998	-3.24656	-5.24863	-4.7709
190	1	2	4	62	4	5	17	-6.14532	-4.8402	-7.18251	-8.33698
191	4	7	10	4	1	7	1	-1.82049	-3.76636	-2.61761	-1.92733
192	4	7	10	4	42	51	1	-2.92638	-4.61269	-4.76726	-3.81325
193	2	1	21	3	2	1	5	-2.94703	-2.4833	-4.25775	-4.5028
194	4	7	10	4	42	51	1	-2.92638	-4.61269	-4.76726	-3.81325
195	2	4	1	2	7	1	5	-2.3046	-5.62075	-5.44699	-5.30545
196	2	4	1	2	2	1	5	-2.77748	-3.6386	-4.12281	-4.12177
197	1	2	3	4	5	9	3	-4.75569	-2.48182	-3.62076	-4.83037
198	1	2	4	62	4	5	17	-6.14532	-4.8402	-7.18251	-8.33698
199	2	250	4	281	358	25	57	-29.9184	-30.5863	-19.7366	-17.8827
200	9	2	4	62	4	5	6	-3.71951	-5.18933	-5.74626	-6.80652
201	1	2	3	4	5	9	3	-4.75569	-2.48182	-3.62076	-4.83037
202	4	7	10	4	1	7	1	-1.82049	-3.76636	-2.61761	-1.92733
203	2	4	2	4	19	3	6	-5.7974	-9.11852	-9.0201	-9.23912
204	4	7	10	4	1	7	1	-1.82049	-3.76636	-2.61761	-1.92733
205	4	7	10	4	42	51	1	-2.92638	-4.61269	-4.76726	-3.81325
206	2	1	12	3	2	1	5	-2.64165	-2.11054	-3.57145	-4.77217
207	4	7	10	4	1	7	1	-1.82049	-3.76636	-2.61761	-1.92733
208	2	1	12	3	2	1	5	-2.64165	-2.11054	-3.57145	-4.77217
209	1	2	4	62	4	5	17	-6.14532	-4.8402	-7.18251	-8.33698
210	4	7	10	4	42	51	1	-2.92638	-4.61269	-4.76726	-3.81325
211	2	4	1	2	2	1	5	-2.77748	-3.6386	-4.12281	-4.12177
212	4	7	10	4	1	7	1	-1.82049	-3.76636	-2.61761	-1.92733
213	2	1	21	3	2	1	5	-2.94703	-2.4833	-4.25775	-4.5028
214	47	2	4	2	6	5	17	-12.622	-10.7554	-6.30225	-8.37816
215	2	1	21	3	2	1	5	-2.94703	-2.4833	-4.25775	-4.5028
216	2	1	21	3	2	1	5	-2.94703	-2.4833	-4.25775	-4.5028
217	2	4	1	2	2	1	5	-2.77748	-3.6386	-4.12281	-4.12177
218	2	4	1	2	2	1	5	-2.77748	-3.6386	-4.12281	-4.12177
219	10	81	50	99	120	76	52	-6.68219	-6.3802	-5.32796	-5.1382
220	2	4	1	2	2	1	5	-2.77748	-3.6386	-4.12281	-4.12177
221	2	4	1	2	2	1	5	-2.77748	-3.6386	-4.12281	-4.12177
222	1	4	2	2	6	3	17	-4.75838	-2.44287	-4.44074	-5.42637
223	1	2	4	62	4	5	17	-6.14532	-4.8402	-7.18251	-8.33698
224	4	7	10	4	1	7	1	-1.82049	-3.76636	-2.61761	-1.92733
225	4	7	10	4	1	7	1	-1.82049	-3.76636	-2.61761	-1.92733
226	10	1	16	19	10	5	7	-6.7051	-2.74088	-4.17337	-5.09122
227	2	4	1	2	2	1	5	-2.77748	-3.6386	-4.12281	-4.12177
228	2	4	1	2	7	1	5	-2.3046	-5.62075	-5.44699	-5.30545
229	1	4	2	348	6	3	17	-9.45902	-5.35671	-7.80622	-9.16188
230	1	2	4	62	4	5	17	-6.14532	-4.8402	-7.18251	-8.33698
231	10	27	16	19	10	5	7	-20.816	-12.9786	-15.594	-17.306
232	1	4	2	2	6	3	17	-4.75838	-2.44287	-4.44074	-5.42637
233	4	7	10	4	42	51	1	-2.92638	-4.61269	-4.76726	-3.81325
234	2	4	1	2	2	1	5	-2.77748	-3.6386	-4.12281	-4.12177
235	2	1	12	3	2	1	5	-2.64165	-2.11054	-3.57145	-4.77217
236	2	1	12	88	2	1	5	-3.96528	-3.42352	-5.4787	-5.32235
237	2	4	1	2	7	1	5	-2.3046	-5.62075	-5.44699	-5.30545
238	2	1	12	3	2	1	5	-2.64165	-2.11054	-3.57145	-4.77217
239	1	4	2	2	6	3	17	-4.75838	-2.44287	-4.44074	-5.42637
240	2	1	4	28	58	25	58	-5.62454	-8.12928	-5.34836	-4.218
241	2	1	5	3	2	3	5	-4.25998	-3.24656	-5.24863	-4.7709
242	2	1	12	3	2	1	5	-2.64165	-2.11054	-3.57145	-4.77217
243	2	4	1	2	2	1	5	-2.77748	-3.6386	-4.12281	-4.12177
244	2	1	5	10	11	1	5	-26.7646	-22.8145	-23.6873	-25.3713
245	2	1	12	3	2	1	5	-2.64165	-2.11054	-3.57145	-4.77217
246	2	1	12	88	2	1	5	-3.96528	-3.42352	-5.4787	-5.32235
247	2	1	12	3	2	1	5	-2.64165	-2.11054	-3.57145	-4.77217
248	2	1	12	3	2	1	5	-2.64165	-2.11054	-3.57145	-4.77217
249	1	4	2	2	6	3	17	-4.75838	-2.44287	-4.44074	-5.42637
250	9	2	4	62	4	5	6	-3.71951	-5.18933	-5.74626	-6.80652
251	2	1	12	3	2	1	5	-2.64165	-2.11054	-3.57145	-4.77217
252	8	10	149	2	11	12	6	-4.90973	-3.96346	-5.59404	-7.04413
253	2	1	21	3	2	1	5	-2.94703	-2.4833	-4.25775	-4.5028
254	1	2	3	4	5	9	3	-4.75569	-2.48182	-3.62076	-4.83037
255	2	1	5	3	2	3	5	-4.25998	-3.24656	-5.24863	-4.7709
256	1	307	3	4	5	9	3	-6.87242	-6.42223	-6.20119	-8.11923
257	1	4	2	2	6	3	17	-4.75838	-2.44287	-4.44074	-5.42637
258	2	4	1	2	7	1	5	-2.3046	-5.62075	-5.44699	-5.30545
259	2	4	1	2	2	1	5	-2.77748	-3.6386	-4.12281	-4.12177
260	2	61	4	64	126	7	23	-5.95392	-8.35206	-5.84813	-4.23061
261	7	21	5	62	4	61	44	-7.91187	-3.8238	-5.59482	-7.23998
262	2	1	12	3	2	1	5	-2.64165	-2.11054	-3.57145	-4.77217
263	2	4	1	2	2	1	5	-2.77748	-3.6386	-4.12281	-4.12177
264	2	1	12	3	2	1	5	-2.64165	-2.11054	-3.57145	-4.77217
265	2	1	21	3	2	1	5	-2.94703	-2.4833	-4.25775	-4.5028
266	2	1	21	3	2	1	5	-2.94703	-2.4833	-4.25775	-4.5028
267	2	4	1	2	2	1	5	-2.77748	-3.6386	-4.12281	-4.12177
268	2	4	1	2	2	1	5	-2.77748	-3.6386	-4.12281	-4.12177
269	2	4	1	2	7	1	5	-2.3046	-5.62075	-5.44699	-5.30545
270	4	7	10	4	1	7	1	-1.82049	-3.76636	-2.61761	-1.92733
271	1	2	4	62	4	5	17	-6.14532	-4.8402	-7.18251	-8.33698
272	4	1	21	3	2	1	5	-9.54284	-10.293	-10.118	-10.1139
273	10	1	16	19	10	5	7	-6.7051	-2.74088	-4.17337	-5.09122
274	33	283	44	82	189	44	17	-7.42796	-3.46446	-5.32499	-5.91128
275	2	1	12	3	2	1	5	-2.64165	-2.11054	-3.57145	-4.77217
276	10	81	50	99	120	76	52	-6.68219	-6.3802	-5.32796	-5.1382
277	4	7	10	4	42	25	1	-8.3941	-9.40205	-5.83479	-5.15676
278	2	4	1	2	2	1	5	-2.77748	-3.6386	-4.12281	-4.12177
279	2	4	5	2	10	1	5	-6.89223	-10.2078	-10.1112	-10.3376
280	2	4	1	2	2	1	5	-2.77748	-3.6386	-4.12281	-4.12177
281	9	2	4	62	4	5	6	-3.71951	-5.18933	-5.74626	-6.80652
282	4	7	10	4	1	7	1	-1.82049	-3.76636	-2.61761	-1.92733
283	2	1	12	3	2	1	5	-2.64165	-2.11054	-3.57145	-4.77217
284	9	2	4	62	4	5	6	-3.71951	-5.18933	-5.74626	-6.80652
285	9	2	4	62	4	5	6	-3.71951	-5.18933	-5.74626	-6.80652
286	2	4	1	2	2	1	5	-2.77748	-3.6386	-4.12281	-4.12177
287	2	1	12	88	2	1	5	-3.96528	-3.42352	-5.4787	-5.32235
288	2	1	21	3	2	1	5	-2.94703	-2.4833	-4.25775	-4.5028
289	33	39	30	79	113	44	17	-26.0193	-24.2435	-24.2966	-27.1142
290	1	2	3	4	5	9	3	-4.75569	-2.48182	-3.62076	-4.83037
291	1	4	2	2	6	3	17	-4.75838	-2.44287	-4.44074	-5.42637
292	9	2	4	62	4	5	6	-3.71951	-5.18933	-5.74626	-6.80652
293	2	1	12	3	2	1	5	-2.64165	-2.11054	-3.57145	-4.77217
294	2	1	5	3	2	5	5	-5.77784	-2.82656	-4.09454	-5.39113
295	2	1	5	3	2	5	5	-5.77784	-2.82656	-4.09454	-5.39113
296	2	4	1	2	2	1	5	-2.77748	-3.6386	-4.12281	-4.12177
297	2	4	1	2	2	1	5	-2.77748	-3.6386	-4.12281	-4.12177
298	2	1	21	3	2	1	5	-2.94703	-2.4833	-4.25775	-4.5028
299	32	39	30	82	104	324	17	-8.76697	-4.67057	-7.12023	-8.47153
300	2	1	12	3	2	1	5	-2.64165	-2.11054	-3.57145	-4.77217
301	4	7	10	4	1	7	1	-1.82049	-3.76636	-2.61761	-1.92733
302	1	4	2	2	6	3	5	-9.21387	-5.27325	-7.71461	-9.10261
303	2	1	21	3	2	1	5	-2.94703	-2.4833	-4.25775	-4.5028
304	4	7	10	4	42	51	1	-2.92638	-4.61269	-4.76726	-3.81325
305	2	4	1	2	7	1	5	-2.3046	-5.62075	-5.44699	-5.30545
306	7	21	5	62	4	61	44	-7.91187	-3.8238	-5.59482	-7.23998
307	104	7	10	4	1	7	1	-4.40893	-7.74001	-7.62364	-7.839
308	9	25	2	10	22	3	6	-4.4586	-7.51916	-5.85549	-4.35523
309	2	4	2	2	6	3	17	-10.6941	-7.82906	-9.76137	-10.7963
310	2	4	1	2	7	1	5	-2.3046	-5.62075	-5.44699	-5.30545
311	129	66	30	82	189	47	17	-3.24517	-4.85558	-5.33315	-4.15874
312	33	39	30	82	104	173	68	-5.44043	-3.97079	-6.33355	-7.51166
313	2	1	12	3	2	1	5	-2.64165	-2.11054	-3.57145	-4.77217
314	2	1	1	3	2	1	5	-4.63981	-3.78136	-6.06854	-7.1392
315	7	21	5	62	4	61	44	-7.91187	-3.8238	-5.59482	-7.23998
316	2	1	21	3	2	1	5	-2.94703	-2.4833	-4.25775	-4.5028
317	4	7	10	4	1	7	1	-1.82049	-3.76636	-2.61761	-1.92733
318	10	2	107	62	120	76	1	-6.8319	-9.77969	-7.85523	-6.30828
319	4	7	10	4	1	7	1	-1.82049	-3.76636	-2.61761	-1.92733
320	2	1	12	3	2	1	5	-2.64165	-2.11054	-3.57145	-4.77217
321	2	1	5	3	2	3	5	-4.25998	-3.24656	-5.24863	-4.7709
322	4	7	10	4	1	7	1	-1.82049	-3.76636	-2.61761	-1.92733
323	2	1	12	88	2	1	5	-3.96528	-3.42352	-5.4787	-5.32235
324	4	7	10	4	42	7	1	-6.50461	-8.70691	-5.58335	-4.64446
325	4	7	10	4	42	51	1	-2.92638	-4.61269	-4.76726	-3.81325
326	2	1	21	3	2	1	5	-2.94703	-2.4833	-4.25775	-4.5028
327	2	1	12	3	2	1	5	-2.64165	-2.11054	-3.57145	-4.77217
328	4	7	10	4	1	7	1	-1.82049	-3.76636	-2.61761	-1.92733
329	2	4	1	2	7	1	5	-2.3046	-5.62075	-5.44699	-5.30545
330	4	7	10	4	1	7	1	-1.82049	-3.76636	-2.61761	-1.92733
331	2	1	12	3	2	1	5	-2.64165	-2.11054	-3.57145	-4.77217
332	4	7	10	4	1	7	1	-1.82049	-3.76636	-2.61761	-1.92733
333	4	7	10	4	1	7	1	-1.82049	-3.76636	-2.61761	-1.92733
334	1	4	2	2	6	3	17	-4.75838	-2.44287	-4.44074	-5.42637
335	2	4	1	2	2	1	5	-2.77748	-3.6386	-4.12281	-4.12177
336	4	7	10	4	1	7	1	-1.82049	-3.76636	-2.61761	-1.92733
337	7	17	2	15	23	3	12	-6.90187	-10.2248	-10.1301	-10.3484
338	2	1	5	3	2	3	5	-4.25998	-3.24656	-5.24863	-4.7709
339	4	7	10	4	1	7	1	-1.82049	-3.76636	-2.61761	-1.92733
340	4	7	10	4	1	7	1	-1.82049	-3.76636	-2.61761	-1.92733
341	4	7	10	4	42	51	1	-2.92638	-4.61269	-4.76726	-3.81325
342	2	4	1	2	2	1	5	-2.77748	-3.6386	-4.12281	-4.12177
343	2	1	12	88	2	1	5	-3.96528	-3.42352	-5.4787	-5.32235
344	2	1	1	3	2	1	5	-4.63981	-3.78136	-6.06854	-7.1392
345	1	2	3	4	5	9	3	-4.75569	-2.48182	-3.62076	-4.83037
346	2	1	12	88	2	1	5	-3.96528	-3.42352	-5.4787	-5.32235
347	2	1	1	3	2	1	5	-4.63981	-3.78136	-6.06854	-7.1392
348	24	17	2	10	23	68	5	-9.86448	-5.76756	-8.21755	-9.56962
349	4	7	10	4	1	7	1	-1.82049	-3.76636	-2.61761	-1.92733
350	2	1	21	3	2	1	5	-2.94703	-2.4833	-4.25775	-4.5028
351	1	4	2	2	6	3	17	-4.75838	-2.44287	-4.44074	-5.42637
352	2	1	5	3	2	3	5	-4.25998	-3.24656	-5.24863	-4.7709
353	4	7	10	4	1	7	1	-1.82049	-3.76636	-2.61761	-1.92733
354	2	1	1	3	2	1	5	-4.63981	-3.78136	-6.06854	-7.1392
355	2	1	12	3	2	1	5	-2.64165	-2.11054	-3.57145	-4.77217
356	8	10	149	2	11	12	6	-4.90973	-3.96346	-5.59404	-7.04413
357	2	4	1	2	2	5	5	-6.82001	-6.39936	-8.5295	-9.51668
358	10	1	16	19	10	5	7	-6.7051	-2.74088	-4.17337	-5.09122
359	24	17	2	10	23	68	5	-9.86448	-5.76756	-8.21755	-9.56962
360	1	2	4	62	4	5	17	-6.14532	-4.8402	-7.18251	-8.33698
361	2	4	1	2	7	1	5	-2.3046	-5.62075	-5.44699	-5.30545
362	7	71	5	62	11	67	6	-30.1361	-27.9998	-26.8001	-27.4149
363	7	17	5	2	10	3	6	-25.2907	-24.3255	-23.2182	-22.8724
364	2	1	5	3	2	3	5	-4.25998	-3.24656	-5.24863	-4.7709
365	9	2	4	62	4	5	6	-3.71951	-5.18933	-5.74626	-6.80652
366	33	38	30	82	104	325	36	-15.2283	-10.6987	-11.8613	-12.5242
367	2	4	1	2	7	1	5	-2.3046	-5.62075	-5.44699	-5.30545
368	47	2	4	2	6	5	17	-12.622	-10.7554	-6.30225	-8.37816
369	2	1	12	88	2	1	5	-3.96528	-3.42352	-5.4787	-5.32235
370	2	1	12	88	2	1	5	-3.96528	-3.42352	-5.4787	-5.32235
371	2	1	12	88	2	1	5	-3.96528	-3.42352	-5.4787	-5.32235
372	2	1	12	88	2	1	5	-3.96528	-3.42352	-5.4787	-5.32235
373	2	4	1	2	2	1	5	-2.77748	-3.6386	-4.12281	-4.12177
374	2	1	12	88	2	1	5	-3.96528	-3.42352	-5.4787	-5.32235
375	1	1	2	2	6	3	17	-10.2061	-6.20315	-8.61316	-10.0431
376	2	1	12	88	2	1	5	-3.96528	-3.42352	-5.4787	-5.32235
377	2	1	12	88	2	1	5	-3.96528	-3.42352	-5.4787	-5.32235
378	2	4	1	2	2	1	5	-2.77748	-3.6386	-4.12281	-4.12177
379	2	1	12	88	2	1	5	-3.96528	-3.42352	-5.4787	-5.32235
380	2	1	5	3	2	3	5	-4.25998	-3.24656	-5.24863	-4.7709
381	4	7	10	4	1	7	1	-1.82049	-3.76636	-2.61761	-1.92733
382	2	1	12	3	2	1	5	-2.64165	-2.11054	-3.57145	-4.77217
383	1	2	4	62	4	5	17	-6.14532	-4.8402	-7.18251	-8.33698
384	1	4	2	2	6	3	17	-4.75838	-2.44287	-4.44074	-5.42637
385	2	1	12	3	2	1	5	-2.64165	-2.11054	-3.57145	-4.77217
386	2	1	12	88	2	1	5	-3.96528	-3.42352	-5.4787	-5.32235
387	9	2	4	62	4	5	6	-3.71951	-5.18933	-5.74626	-6.80652
388	2	4	1	2	7	1	5	-2.3046	-5.62075	-5.44699	-5.30545
389	2	1	5	3	2	3	5	-4.25998	-3.24656	-5.24863	-4.7709
390	7	21	5	62	4	61	44	-7.91187	-3.8238	-5.59482	-7.23998
391	1	2	215	4	90	24	8	-31.6104	-28.7223	-22.1211	-19.8493
392	2	1	21	3	2	1	5	-2.94703	-2.4833	-4.25775	-4.5028
393	1	4	2	2	6	3	17	-4.75838	-2.44287	-4.44074	-5.42637
394	2	4	1	2	2	1	5	-2.77748	-3.6386	-4.12281	-4.12177
395	2	1	12	3	2	1	5	-2.64165	-2.11054	-3.57145	-4.77217
396	1	2	3	4	5	9	3	-4.75569	-2.48182	-3.62076	-4.83037
397	2	1	5	3	2	3	5	-4.25998	-3.24656	-5.24863	-4.7709
398	10	1	16	19	10	5	7	-6.7051	-2.74088	-4.17337	-5.09122
399	2	1	2	3	2	959	5	-8.42322	-10.8466	-9.87106	-9.44156
400	10	1	16	19	10	5	7	-6.7051	-2.74088	-4.17337	-5.09122
401	2	4	1	2	7	1	5	-2.3046	-5.62075	-5.44699	-5.30545
402	2	1	12	3	2	1	5	-2.64165	-2.11054	-3.57145	-4.77217
403	8	10	149	2	11	12	6	-4.90973	-3.96346	-5.59404	-7.04413
404	2	4	1	2	7	1	5	-2.3046	-5.62075	-5.44699	-5.30545
405	4	7	10	4	1	7	1	-1.82049	-3.76636	-2.61761	-1.92733
406	4	7	10	4	1	7	1	-1.82049	-3.76636	-2.61761	-1.92733
407	2	4	5	2	2	5	5	-3.67049	-6.96474	-6.59506	-5.94965
408	2	1	12	3	2	1	5	-2.64165	-2.11054	-3.57145	-4.77217
409	166	2	27	10	151	3	1	-33.0222	-33.4231	-26.7561	-23.6641
410	33	39	30	79	113	44	17	-26.0193	-24.2435	-24.2966	-27.1142
411	7	17	2	15	23	3	12	-6.90187	-10.2248	-10.1301	-10.3484
412	1	2	3	4	5	9	3	-4.75569	-2.48182	-3.62076	-4.83037
413	2	4	1	2	7	1	5	-2.3046	-5.62075	-5.44699	-5.30545
414	7	21	5	62	4	61	44	-7.91187	-3.8238	-5.59482	-7.23998
415	2	1	12	3	2	1	5	-2.64165	-2.11054	-3.57145	-4.77217
416	1	2	3	4	5	9	3	-4.75569	-2.48182	-3.62076	-4.83037
417	2	1	5	88	2	11	5	-9.41219	-5.34383	-6.09161	-7.99663
418	2	4	1	2	7	1	5	-2.3046	-5.62075	-5.44699	-5.30545
419	2	1	21	3	2	1	5	-2.94703	-2.4833	-4.25775	-4.5028
420	7	17	2	15	23	3	12	-6.90187	-10.2248	-10.1301	-10.3484
421	2	1	5	88	2	11	5	-9.41219	-5.34383	-6.09161	-7.99663
422	47	2	4	2	6	5	17	-12.622	-10.7554	-6.30225	-8.37816
423	1	2	3	4	5	9	3	-4.75569	-2.48182	-3.62076	-4.83037
424	7	17	2	15	23	3	12	-6.90187	-10.2248	-10.1301	-10.3484
425	2	4	1	2	2	1	5	-2.77748	-3.6386	-4.12281	-4.12177
426	2	4	1	2	2	1	5	-2.77748	-3.6386	-4.12281	-4.12177
427	2	4	1	2	2	1	5	-2.77748	-3.6386	-4.12281	-4.12177
428	2	1	12	3	2	1	5	-2.64165	-2.11054	-3.57145	-4.77217
429	2	4	5	2	2	5	5	-3.67049	-6.96474	-6.59506	-5.94965
430	2	1	21	3	2	1	5	-2.94703	-2.4833	-4.25775	-4.5028
431	4	7	10	4	42	25	1	-8.3941	-9.40205	-5.83479	-5.15676
432	1	4	2	2	6	3	17	-4.75838	-2.44287	-4.44074	-5.42637
433	1	2	215	4	923	24	8	-31.6104	-28.7223	-22.1211	-19.8493
434	1	2	3	4	5	9	3	-4.75569	-2.48182	-3.62076	-4.83037
435	2	1	1	3	2	1	5	-4.63981	-3.78136	-6.06854	-7.1392
436	1	4	2	2	6	3	17	-4.75838	-2.44287	-4.44074	-5.42637
437	2	4	1	2	2	1	5	-2.77748	-3.6386	-4.12281	-4.12177
438	2	1	5	3	2	5	5	-5.77784	-2.82656	-4.09454	-5.39113
439	4	7	10	4	42	51	1	-2.92638	-4.61269	-4.76726	-3.81325
440	4	7	10	4	1	7	1	-1.82049	-3.76636	-2.61761	-1.92733
441	4	7	10	4	1	7	1	-1.82049	-3.76636	-2.61761	-1.92733
442	4	7	10	4	1	7	1	-1.82049	-3.76636	-2.61761	-1.92733
443	2	1	21	3	2	1	5	-2.94703	-2.4833	-4.25775	-4.5028
444	2	1	21	3	2	1	5	-2.94703	-2.4833	-4.25775	-4.5028
445	2	4	1	2	7	1	5	-2.3046	-5.62075	-5.44699	-5.30545
446	4	7	10	4	1	7	1	-1.82049	-3.76636	-2.61761	-1.92733
447	4	7	10	4	1	7	1	-1.82049	-3.76636	-2.61761	-1.92733
448	2	1	1	3	2	1	5	-4.63981	-3.78136	-6.06854	-7.1392
449	2	1	21	3	2	1	5	-2.94703	-2.4833	-4.25775	-4.5028
450	2	1	21	3	2	1	5	-2.94703	-2.4833	-4.25775	-4.5028
451	4	7	10	4	42	51	1	-2.92638	-4.61269	-4.76726	-3.81325
452	4	7	10	1	1	7	1	-5.26969	-8.40988	-6.02654	-6.10906
453	239	27	16	19	10	5	7	-10.5605	-6.46237	-8.91158	-10.2639
454	2	1	12	3	2	1	5	-2.64165	-2.11054	-3.57145	-4.77217
455	2	4	1	2	2	1	5	-2.77748	-3.6386	-4.12281	-4.12177
456	2	1	12	3	2	1	5	-2.64165	-2.11054	-3.57145	-4.77217
457	2	1	12	3	2	1	5	-2.64165	-2.11054	-3.57145	-4.77217
458	10	81	50	99	120	76	52	-6.68219	-6.3802	-5.32796	-5.1382
459	47	2	4	2	6	5	17	-12.622	-10.7554	-6.30225	-8.37816
460	2	4	1	3	2	1	5	-6.81481	-8.70214	-9.42647	-9.98756
461	4	7	10	4	1	7	1	-1.82049	-3.76636	-2.61761	-1.92733
462	2	1	1	380	2	1	5	-6.17304	-5.72847	-7.94501	-8.90963
463	2	4	1	2	7	1	5	-2.3046	-5.62075	-5.44699	-5.30545
464	2	1	12	88	2	1	5	-3.96528	-3.42352	-5.4787	-5.32235
465	7	71	5	62	11	67	1	-32.0686	-28.2146	-25.8194	-26.4043
466	2	4	1	2	7	1	5	-2.3046	-5.62075	-5.44699	-5.30545
467	4	7	10	4	1	7	1	-1.82049	-3.76636	-2.61761	-1.92733
468	2	1	1	380	2	1	5	-6.17304	-5.72847	-7.94501	-8.90963
469	2	4	1	2	2	1	5	-2.77748	-3.6386	-4.12281	-4.12177
470	2	1	12	3	2	1	5	-2.64165	-2.11054	-3.57145	-4.77217
471	1	14	2	2	6	1	17	-9.22638	-6.436	-7.6298	-6.30833
472	1	2	4	62	4	5	17	-6.14532	-4.8402	-7.18251	-8.33698
473	4	7	10	4	1	7	1	-1.82049	-3.76636	-2.61761	-1.92733
474	2	1	21	3	2	1	5	-2.94703	-2.4833	-4.25775	-4.5028
475	2	4	1	2	2	1	5	-2.77748	-3.6386	-4.12281	-4.12177
476	1	4	2	2	6	3	17	-4.75838	-2.44287	-4.44074	-5.42637
477	4	7	10	4	1	7	1	-1.82049	-3.76636	-2.61761	-1.92733
478	10	2	107	62	120	76	1	-6.8319	-9.77969	-7.85523	-6.30828
479	2	1	12	3	2	1	5	-2.64165	-2.11054	-3.57145	-4.77217
480	2	1	5	3	2	3	5	-4.25998	-3.24656	-5.24863	-4.7709
481	2	1	21	3	2	1	5	-2.94703	-2.4833	-4.25775	-4.5028
482	1	2	3	4	5	9	3	-4.75569	-2.48182	-3.62076	-4.83037
483	1	307	3	4	5	9	3	-6.87242	-6.42223	-6.20119	-8.11923
484	7	2	5	2	10	3	6	-30.9868	-27.9028	-27.5751	-29.0417
485	1	2	3	4	5	9	3	-4.75569	-2.48182	-3.62076	-4.83037
486	33	39	30	82	104	173	68	-5.44043	-3.97079	-6.33355	-7.51166
487	4	7	10	4	42	7	1	-6.50461	-8.70691	-5.58335	-4.64446
488	2	1	12	88	2	1	5	-3.96528	-3.42352	-5.4787	-5.32235
489	2	4	1	2	2	1	5	-2.77748	-3.6386	-4.12281	-4.12177
490	2	1	21	3	2	1	5	-2.94703	-2.4833	-4.25775	-4.5028
491	9	2	4	62	4	5	6	-3.71951	-5.18933	-5.74626	-6.80652
492	2	1	5	3	2	3	5	-4.25998	-3.24656	-5.24863	-4.7709
493	4	7	10	4	1	7	1	-1.82049	-3.76636	-2.61761	-1.92733
494	2	1	57	26	127	29	35	-6.89305	-9.75534	-6.27627	-8.23451
495	2	1	57	26	127	29	35	-6.89305	-9.75534	-6.27627	-8.23451
496	2	4	2	4	19	3	6	-5.7974	-9.11852	-9.0201	-9.23912
497	2	1	12	3	2	1	5	-2.64165	-2.11054	-3.57145	-4.77217
498	2	4	1	2	2	1	5	-2.77748	-3.6386	-4.12281	-4.12177
499	2	4	1	2	2	1	5	-2.77748	-3.6386	-4.12281	-4.12177
500	2	1	21	3	2	1	5	-2.94703	-2.4833	-4.25775	-4.5028
501	33	39	65	79	104	43	17	-4.59832	-7.92197	-7.8267	-8.04588
502	1	14	2	2	6	1	17	-9.22638	-6.436	-7.6298	-6.30833
503	2	1	12	3	2	1	5	-2.64165	-2.11054	-3.57145	-4.77217
504	7	21	5	62	4	61	44	-7.91187	-3.8238	-5.59482	-7.23998
505	9	2	4	62	4	5	6	-3.71951	-5.18933	-5.74626	-6.80652
506	129	66	30	82	189	47	17	-3.24517	-4.85558	-5.33315	-4.15874
507	2	1	21	3	2	1	5	-2.94703	-2.4833	-4.25775	-4.5028
508	47	2	4	2	6	5	17	-12.622	-10.7554	-6.30225	-8.37816
509	2	4	1	2	7	1	5	-2.3046	-5.62075	-5.44699	-5.30545
510	33	38	30	82	104	325	36	-15.2283	-10.6987	-11.8613	-12.5242
511	1	4	2	2	6	3	17	-4.75838	-2.44287	-4.44074	-5.42637
512	1	4	2	2	6	3	17	-4.75838	-2.44287	-4.44074	-5.42637
513	2	4	1	2	2	1	5	-2.77748	-3.6386	-4.12281	-4.12177
514	4	7	10	4	1	7	1	-1.82049	-3.76636	-2.61761	-1.92733
515	33	283	44	82	189	44	17	-7.42796	-3.46446	-5.32499	-5.91128
516	8	10	149	2	11	12	6	-4.90973	-3.96346	-5.59404	-7.04413
517	2	1	21	3	62	1	5	-5.7942	-9.10727	-9.01651	-9.24093
518	10	1	16	19	10	5	7	-6.7051	-2.74088	-4.17337	-5.09122
519	180	194	2	68	19	231	147	-28.6374	-29.7881	-23.2626	-20.0414
520	2	4	1	2	7	1	5	-2.3046	-5.62075	-5.44699	-5.30545
521	2	4	2	2	6	1	5	-6.1349	-4.82679	-5.94925	-7.65989
522	1	2	3	4	5	9	3	-4.75569	-2.48182	-3.62076	-4.83037
523	2	1	21	3	2	1	5	-2.94703	-2.4833	-4.25775	-4.5028
524	2	1	12	3	2	1	5	-2.64165	-2.11054	-3.57145	-4.77217
525	2	1	5	3	2	3	5	-4.25998	-3.24656	-5.24863	-4.7709
526	1	307	3	4	5	9	3	-6.87242	-6.42223	-6.20119	-8.11923
527	2	4	1	2	7	1	5	-2.3046	-5.62075	-5.44699	-5.30545
528	2	1	12	3	2	1	5	-2.64165	-2.11054	-3.57145	-4.77217
529	7	21	5	62	4	61	44	-7.91187	-3.8238	-5.59482	-7.23998
530	2	1	5	3	2	3	5	-4.25998	-3.24656	-5.24863	-4.7709
531	2	1	12	88	2	1	5	-3.96528	-3.42352	-5.4787	-5.32235
532	2	1	21	3	2	1	5	-2.94703	-2.4833	-4.25775	-4.5028
533	1	4	2	2	6	3	17	-4.75838	-2.44287	-4.44074	-5.42637
534	2	4	1	2	7	1	5	-2.3046	-5.62075	-5.44699	-5.30545
535	47	2	4	2	6	5	17	-12.622	-10.7554	-6.30225	-8.37816
536	1	4	2	2	6	3	17	-4.75838	-2.44287	-4.44074	-5.42637
537	1	2	3	4	5	9	3	-4.75569	-2.48182	-3.62076	-4.83037
538	2	4	1	2	2	1	5	-2.77748	-3.6386	-4.12281	-4.12177
539	4	7	10	4	42	7	1	-6.50461	-8.70691	-5.58335	-4.64446
540	2	4	1	9	2	1	5	-7.43176	-7.87204	-7.06994	-6.38089
541	2	1	12	3	2	1	5	-2.64165	-2.11054	-3.57145	-4.77217
542	1	4	2	9	6	3	17	-9.42005	-6.62634	-7.35661	-7.66394
543	1	2	3	4	922	9	3	-9.42472	-6.7172	-6.57	-7.09102
544	4	7	10	4	1	7	1	-1.82049	-3.76636	-2.61761	-1.92733
545	2	1	5	3	2	3	5	-4.25998	-3.24656	-5.24863	-4.7709
546	2	4	1	2	7	1	5	-2.3046	-5.62075	-5.44699	-5.30545
547	4	7	10	4	1	7	1	-1.82049	-3.76636	-2.61761	-1.92733
548	2	4	1	2	2	1	5	-2.77748	-3.6386	-4.12281	-4.12177
549	2	1	21	3	2	1	5	-2.94703	-2.4833	-4.25775	-4.5028
550	4	7	10	4	1	7	1	-1.82049	-3.76636	-2.61761	-1.92733
551	1	4	2	2	6	3	17	-4.75838	-2.44287	-4.44074	-5.42637
552	2	1	5	3	2	5	5	-5.77784	-2.82656	-4.09454	-5.39113
553	2	1	12	3	2	1	5	-2.64165	-2.11054	-3.57145	-4.77217
554	4	936	10	4	1	7	1	-6.48466	-7.99872	-5.54309	-4.18961
555	180	194	2	68	19	231	147	-28.6374	-29.7881	-23.2626	-20.0414
556	4	7	10	4	42	51	1	-2.92638	-4.61269	-4.76726	-3.81325
557	4	7	10	4	42	25	1	-8.3941	-9.40205	-5.83479	-5.15676
558	2	1	21	3	2	1	5	-2.94703	-2.4833	-4.25775	-4.5028
559	2	1	5	3	2	3	5	-4.25998	-3.24656	-5.24863	-4.7709
560	2	1	5	3	2	3	5	-4.25998	-3.24656	-5.24863	-4.7709
561	4	7	10	4	42	51	1	-2.92638	-4.61269	-4.76726	-3.81325
562	4	7	10	4	1	7	1	-1.82049	-3.76636	-2.61761	-1.92733
563	2	4	1	2	7	1	5	-2.3046	-5.62075	-5.44699	-5.30545
564	2	1	21	3	2	1	5	-2.94703	-2.4833	-4.25775	-4.5028
565	1	4	2	2	6	3	17	-4.75838	-2.44287	-4.44074	-5.42637
566	188	313	5	2	89	5	6	-40.5552	-36.5355	-35.7873	-39.5003
567	2	1	21	3	2	1	5	-2.94703	-2.4833	-4.25775	-4.5028
568	2	1	1	3	2	1	5	-4.63981	-3.78136	-6.06854	-7.1392
569	2	1	5	3	2	3	5	-4.25998	-3.24656	-5.24863	-4.7709
570	2	4	1	2	2	1	5	-2.77748	-3.6386	-4.12281	-4.12177
571	2	1	5	3	2	3	5	-4.25998	-3.24656	-5.24863	-4.7709
572	2	1	1	3	2	1	5	-4.63981	-3.78136	-6.06854	-7.1392
573	2	1	5	3	2	3	5	-4.25998	-3.24656	-5.24863	-4.7709
574	1	4	2	2	6	3	17	-4.75838	-2.44287	-4.44074	-5.42637
575	1	4	2	2	6	3	17	-4.75838	-2.44287	-4.44074	-5.42637
576	2	1	21	3	2	1	5	-2.94703	-2.4833	-4.25775	-4.5028
577	239	27	16	19	10	5	7	-10.5605	-6.46237	-8.91158	-10.2639
578	2	4	5	2	2	5	5	-3.67049	-6.96474	-6.59506	-5.94965
579	9	2	4	62	4	5	6	-3.71951	-5.18933	-5.74626	-6.80652
580	2	1	1	3	2	1	5	-4.63981	-3.78136	-6.06854	-7.1392
581	2	1	5	3	2	3	5	-4.25998	-3.24656	-5.24863	-4.7709
582	1	4	2	2	6	3	17	-4.75838	-2.44287	-4.44074	-5.42637
583	2	4	5	2	2	5	5	-3.67049	-6.96474	-6.59506	-5.94965
584	2	4	5	2	2	5	5	-3.67049	-6.96474	-6.59506	-5.94965
585	2	1	5	3	2	3	5	-4.25998	-3.24656	-5.24863	-4.7709
586	2	1	1	380	2	1	5	-6.17304	-5.72847	-7.94501	-8.90963
587	2	7	10	4	1	7	1	-6.51909	-8.85515	-7.832	-7.25693
588	2	1	12	3	2	1	5	-2.64165	-2.11054	-3.57145	-4.77217
589	2	4	1	2	2	1	5	-2.77748	-3.6386	-4.12281	-4.12177
590	9	2	4	62	4	5	6	-3.71951	-5.18933	-5.74626	-6.80652
591	2	4	5	2	2	5	5	-3.67049	-6.96474	-6.59506	-5.94965
592	1	4	2	2	6	3	17	-4.75838	-2.44287	-4.44074	-5.42637
593	1	4	2	2	6	5	17	-12.7144	-8.89461	-11.156	-13.5228
594	2	4	2	2	6	1	5	-6.1349	-4.82679	-5.94925	-7.65989
595	1	4	2	2	6	5	17	-12.7144	-8.89461	-11.156	-13.5228
596	2	23	21	3	2	1	5	-7.61725	-6.72249	-7.2093	-6.76499
597	7	21	5	62	4	61	44	-7.91187	-3.8238	-5.59482	-7.23998
598	2	4	1	2	2	1	5	-2.77748	-3.6386	-4.12281	-4.12177
599	1	307	3	4	5	9	3	-6.87242	-6.42223	-6.20119	-8.11923
600	1	2	3	4	5	9	3	-4.75569	-2.48182	-3.62076	-4.83037
601	9	2	4	62	4	5	6	-3.71951	-5.18933	-5.74626	-6.80652
602	2	1	12	3	2	1	5	-2.64165	-2.11054	-3.57145	-4.77217
603	1	4	2	2	6	3	17	-4.75838	-2.44287	-4.44074	-5.42637
604	10	1	16	19	10	5	7	-6.7051	-2.74088	-4.17337	-5.09122
605	2	1	12	3	2	1	5	-2.64165	-2.11054	-3.57145	-4.77217
606	180	194	2	68	19	231	147	-28.6374	-29.7881	-23.2626	-20.0414
607	2	1	12	3	2	1	5	-2.64165	-2.11054	-3.57145	-4.77217
608	4	7	10	4	1	7	1	-1.82049	-3.76636	-2.61761	-1.92733
609	129	66	30	82	189	47	17	-3.24517	-4.85558	-5.33315	-4.15874
610	4	7	10	4	1	7	1	-1.82049	-3.76636	-2.61761	-1.92733
611	2	1	12	3	2	1	5	-2.64165	-2.11054	-3.57145	-4.77217
612	2	1	21	3	2	1	5	-2.94703	-2.4833	-4.25775	-4.5028
613	4	7	10	4	1	7	1	-1.82049	-3.76636	-2.61761	-1.92733
614	10	1	16	19	10	5	7	-6.7051	-2.74088	-4.17337	-5.09122
615	8	10	149	2	11	12	6	-4.90973	-3.96346	-5.59404	-7.04413
616	129	66	30	82	189	47	17	-3.24517	-4.85558	-5.33315	-4.15874
617	2	4	1	2	2	1	5	-2.77748	-3.6386	-4.12281	-4.12177
618	180	194	2	68	19	231	147	-28.6374	-29.7881	-23.2626	-20.0414
619	2	1	5	3	2	3	5	-4.25998	-3.24656	-5.24863	-4.7709
620	2	4	1	2	2	1	5	-2.77748	-3.6386	-4.12281	-4.12177
621	1	2	3	4	5	9	3	-4.75569	-2.48182	-3.62076	-4.83037
622	180	194	2	68	19	231	147	-28.6374	-29.7881	-23.2626	-20.0414
623	33	39	65	79	104	43	17	-4.59832	-7.92197	-7.8267	-8.04588
624	2	4	5	2	2	5	5	-3.67049	-6.96474	-6.59506	-5.94965
625	2	1	5	3	2	5	5	-5.77784	-2.82656	-4.09454	-5.39113
626	2	1	12	3	2	1	5	-2.64165	-2.11054	-3.57145	-4.77217
627	180	194	2	68	19	231	147	-28.6374	-29.7881	-23.2626	-20.0414
628	2	1	21	3	2	1	5	-2.94703	-2.4833	-4.25775	-4.5028
629	2	1	5	3	2	5	5	-5.77784	-2.82656	-4.09454	-5.39113
630	2	1	21	3	2	1	5	-2.94703	-2.4833	-4.25775	-4.5028
631	1	2	3	4	5	9	3	-4.75569	-2.48182	-3.62076	-4.83037
632	2	1	21	3	2	1	5	-2.94703	-2.4833	-4.25775	-4.5028
633	8	10	2	2	11	12	6	-3.9546	-7.23778	-7.18004	-7.40211
634	2	4	1	2	7	1	5	-2.3046	-5.62075	-5.44699	-5.30545
635	2	1	5	3	2	3	5	-4.25998	-3.24656	-5.24863	-4.7709
636	1	2	3	4	5	9	3	-4.75569	-2.48182	-3.62076	-4.83037
637	9	2	4	62	4	5	6	-3.71951	-5.18933	-5.74626	-6.80652
638	2	1	21	3	2	1	5	-2.94703	-2.4833	-4.25775	-4.5028
639	8	10	149	2	11	12	6	-4.90973	-3.96346	-5.59404	-7.04413
640	2	1	12	88	2	1	5	-3.96528	-3.42352	-5.4787	-5.32235
641	2	4	1	2	2	1	5	-2.77748	-3.6386	-4.12281	-4.12177
642	2	1	5	10	10	1	5	-23.0439	-23.6701	-22.5063	-23.6337
643	1	2	3	4	5	9	3	-4.75569	-2.48182	-3.62076	-4.83037
644	2	4	1	2	7	1	5	-2.3046	-5.62075	-5.44699	-5.30545
645	2	4	1	2	2	1	5	-2.77748	-3.6386	-4.12281	-4.12177
646	1	2	3	4	5	9	3	-4.75569	-2.48182	-3.62076	-4.83037
647	2	1	12	88	2	1	5	-3.96528	-3.42352	-5.4787	-5.32235
648	4	7	10	4	1	7	1	-1.82049	-3.76636	-2.61761	-1.92733
649	2	1	21	3	2	1	5	-2.94703	-2.4833	-4.25775	-4.5028
650	2	4	1	2	7	1	5	-2.3046	-5.62075	-5.44699	-5.30545
651	33	38	30	82	118	43	17	-20.2671	-18.9091	-20.2244	-22.2055
652	2	4	1	2	2	1	5	-2.77748	-3.6386	-4.12281	-4.12177
653	2	1	5	3	2	3	5	-4.25998	-3.24656	-5.24863	-4.7709
654	4	7	10	4	1	7	1	-1.82049	-3.76636	-2.61761	-1.92733
655	8	10	2	2	11	12	6	-3.9546	-7.23778	-7.18004	-7.40211
656	2	4	5	2	2	5	5	-3.67049	-6.96474	-6.59506	-5.94965
657	4	7	10	4	1	7	1	-1.82049	-3.76636	-2.61761	-1.92733
658	2	1	5	3	2	3	5	-4.25998	-3.24656	-5.24863	-4.7709
659	33	39	30	82	113	47	17	-5.78471	-5.73435	-7.84992	-8.70285
660	2	1	21	3	2	1	5	-2.94703	-2.4833	-4.25775	-4.5028
661	2	4	1	2	7	1	5	-2.3046	-5.62075	-5.44699	-5.30545
662	2	1	1	3	2	1	5	-4.63981	-3.78136	-6.06854	-7.1392
663	4	7	10	4	1	7	1	-1.82049	-3.76636	-2.61761	-1.92733
664	7	21	5	62	4	61	44	-7.91187	-3.8238	-5.59482	-7.23998
665	10	81	50	99	120	76	52	-6.68219	-6.3802	-5.32796	-5.1382
666	4	7	10	4	1	7	1	-1.82049	-3.76636	-2.61761	-1.92733
667	1	2	3	4	5	9	3	-4.75569	-2.48182	-3.62076	-4.83037
668	1	2	3	4	5	9	3	-4.75569	-2.48182	-3.62076	-4.83037
669	2	4	1	2	7	1	5	-2.3046	-5.62075	-5.44699	-5.30545
670	4	7	10	4	1	7	1	-1.82049	-3.76636	-2.61761	-1.92733
671	2	1	5	3	2	3	5	-4.25998	-3.24656	-5.24863	-4.7709
672	1	4	2	2	6	3	17	-4.75838	-2.44287	-4.44074	-5.42637
673	4	935	10	4	1	7	1	-6.48466	-7.99872	-5.54309	-4.18961
674	10	1	16	19	10	5	7	-6.7051	-2.74088	-4.17337	-5.09122
675	4	7	10	4	1	7	1	-1.82049	-3.76636	-2.61761	-1.92733
676	33	39	65	79	104	43	17	-4.59832	-7.92197	-7.8267	-8.04588
677	2	4	2	2	6	1	5	-6.1349	-4.82679	-5.94925	-7.65989
678	4	7	10	4	42	25	1	-8.3941	-9.40205	-5.83479	-5.15676
679	1	4	2	2	6	3	17	-4.75838	-2.44287	-4.44074	-5.42637
680	4	7	10	4	42	25	1	-8.3941	-9.40205	-5.83479	-5.15676
681	4	7	10	4	42	25	1	-8.3941	-9.40205	-5.83479	-5.15676
682	4	7	10	4	1	7	1	-1.82049	-3.76636	-2.61761	-1.92733
683	2	4	1	2	7	1	5	-2.3046	-5.62075	-5.44699	-5.30545
684	4	7	10	4	1	7	1	-1.82049	-3.76636	-2.61761	-1.92733
685	4	7	10	4	42	7	1	-6.50461	-8.70691	-5.58335	-4.64446
686	10	27	16	19	10	5	7	-20.816	-12.9786	-15.594	-17.306
687	10	81	50	99	120	76	52	-6.68219	-6.3802	-5.32796	-5.1382
688	4	7	10	4	1	7	1	-1.82049	-3.76636	-2.61761	-1.92733
689	4	7	10	4	42	51	1	-2.92638	-4.61269	-4.76726	-3.81325
690	4	7	10	4	1	7	1	-1.82049	-3.76636	-2.61761	-1.92733
691	10	81	50	99	120	76	52	-6.68219	-6.3802	-5.32796	-5.1382
692	2	4	1	2	2	1	5	-2.77748	-3.6386	-4.12281	-4.12177
693	4	7	10	4	42	51	1	-2.92638	-4.61269	-4.76726	-3.81325
694	4	7	10	4	42	51	1	-2.92638	-4.61269	-4.76726	-3.81325
695	4	7	10	4	42	51	1	-2.92638	-4.61269	-4.76726	-3.81325
696	8	10	2	2	11	12	6	-3.9546	-7.23778	-7.18004	-7.40211
697	33	38	30	82	104	43	17	-5.2913	-8.61408	-8.5182	-8.73365
698	4	7	10	4	1	7	1	-1.82049	-3.76636	-2.61761	-1.92733
699	10	81	50	99	120	76	52	-6.68219	-6.3802	-5.32796	-5.1382
700	2	4	1	2	7	1	5	-2.3046	-5.62075	-5.44699	-5.30545
701	4	7	10	4	1	7	1	-1.82049	-3.76636	-2.61761	-1.92733
702	4	7	10	4	1	7	1	-1.82049	-3.76636	-2.61761	-1.92733
703	10	81	50	99	120	76	52	-6.68219	-6.3802	-5.32796	-5.1382
704	4	7	10	4	42	51	1	-2.92638	-4.61269	-4.76726	-3.81325
705	9	2	4	62	4	5	6	-3.71951	-5.18933	-5.74626	-6.80652
706	4	7	10	4	1	7	1	-1.82049	-3.76636	-2.61761	-1.92733
707	2	1	1	3	2	1	5	-4.63981	-3.78136	-6.06854	-7.1392
708	1	14	2	2	6	1	17	-9.22638	-6.436	-7.6298	-6.30833
709	2	4	2	2	6	1	5	-6.1349	-4.82679	-5.94925	-7.65989
710	2	4	2	2	6	1	5	-6.1349	-4.82679	-5.94925	-7.65989
711	4	7	10	4	42	51	1	-2.92638	-4.61269	-4.76726	-3.81325
712	10	2	107	62	120	76	1	-6.8319	-9.77969	-7.85523	-6.30828
713	2	1	12	3	2	1	5	-2.64165	-2.11054	-3.57145	-4.77217
714	2	4	1	2	2	1	5	-2.77748	-3.6386	-4.12281	-4.12177
715	47	2	4	2	6	5	17	-12.622	-10.7554	-6.30225	-8.37816
716	4	7	10	4	42	5	1	-10.8519	-11.0384	-10.9088	-11.3883
717	2	1	12	3	2	1	5	-2.64165	-2.11054	-3.57145	-4.77217
718	4	7	10	4	42	51	1	-2.92638	-4.61269	-4.76726	-3.81325
719	1	307	3	4	5	9	3	-6.87242	-6.42223	-6.20119	-8.11923
720	2	1	21	3	2	1	5	-2.94703	-2.4833	-4.25775	-4.5028
721	4	7	10	4	1	7	1	-1.82049	-3.76636	-2.61761	-1.92733
722	2	4	1	2	2	1	5	-2.77748	-3.6386	-4.12281	-4.12177
723	2	1	12	3	2	1	5	-2.64165	-2.11054	-3.57145	-4.77217
724	4	7	10	4	1	7	1	-1.82049	-3.76636	-2.61761	-1.92733
725	2	1	21	3	2	1	5	-2.94703	-2.4833	-4.25775	-4.5028
726	2	1	1	3	2	1	5	-4.63981	-3.78136	-6.06854	-7.1392
727	4	7	10	4	1	7	1	-1.82049	-3.76636	-2.61761	-1.92733
728	2	1	12	3	2	1	5	-2.64165	-2.11054	-3.57145	-4.77217
729	1	4	3	2	6	3	17	-14.4952	-9.38244	-11.4595	-13.9183
730	2	1	12	3	2	1	5	-2.64165	-2.11054	-3.57145	-4.77217
731	2	1	12	88	2	1	5	-3.96528	-3.42352	-5.4787	-5.32235
732	1	4	2	2	6	3	17	-4.75838	-2.44287	-4.44074	-5.42637
733	4	7	10	4	42	51	1	-2.92638	-4.61269	-4.76726	-3.81325
734	2	1	12	3	2	1	5	-2.64165	-2.11054	-3.57145	-4.77217
735	4	7	10	4	1	7	1	-1.82049	-3.76636	-2.61761	-1.92733
736	2	1	12	88	2	1	5	-3.96528	-3.42352	-5.4787	-5.32235
737	2	1	21	3	2	1	5	-2.94703	-2.4833	-4.25775	-4.5028
738	2	4	5	2	2	5	5	-3.67049	-6.96474	-6.59506	-5.94965
739	2	4	5	2	2	5	5	-3.67049	-6.96474	-6.59506	-5.94965
740	2	1	21	3	62	1	5	-5.7942	-9.10727	-9.01651	-9.24093
741	4	7	10	4	42	25	1	-8.3941	-9.40205	-5.83479	-5.15676
742	1	2	4	62	4	5	17	-6.14532	-4.8402	-7.18251	-8.33698
743	1	2	3	4	5	9	3	-4.75569	-2.48182	-3.62076	-4.83037
744	8	10	2	2	11	12	6	-3.9546	-7.23778	-7.18004	-7.40211
745	2	1	12	88	2	1	5	-3.96528	-3.42352	-5.4787	-5.32235
746	2	4	5	2	2	5	5	-3.67049	-6.96474	-6.59506	-5.94965
747	2	1	12	3	2	1	5	-2.64165	-2.11054	-3.57145	-4.77217
748	7	21	5	62	4	61	44	-7.91187	-3.8238	-5.59482	-7.23998
749	9	2	4	62	4	5	6	-3.71951	-5.18933	-5.74626	-6.80652
750	10	1	16	19	10	5	7	-6.7051	-2.74088	-4.17337	-5.09122
751	10	1	16	19	10	5	7	-6.7051	-2.74088	-4.17337	-5.09122
752	8	10	2	2	11	12	6	-3.9546	-7.23778	-7.18004	-7.40211
753	1	4	2	2	6	3	17	-4.75838	-2.44287	-4.44074	-5.42637
754	2	1	12	3	2	1	5	-2.64165	-2.11054	-3.57145	-4.77217
755	2	1	12	88	2	1	5	-3.96528	-3.42352	-5.4787	-5.32235
756	2	29	4	27	10	25	57	-19.1382	-21.4285	-14.3131	-12.0865
757	2	1	5	3	2	3	5	-4.25998	-3.24656	-5.24863	-4.7709
758	2	1	12	3	2	1	5	-2.64165	-2.11054	-3.57145	-4.77217
759	37	52	57	26	107	29	23	-8.14214	-9.18666	-5.73707	-4.89857
760	2	4	1	2	7	1	5	-2.3046	-5.62075	-5.44699	-5.30545
761	1	2	3	4	5	9	3	-4.75569	-2.48182	-3.62076	-4.83037
762	2	1	12	3	2	1	5	-2.64165	-2.11054	-3.57145	-4.77217
763	1	4	2	2	6	3	17	-4.75838	-2.44287	-4.44074	-5.42637
764	1	4	2	2	6	3	17	-4.75838	-2.44287	-4.44074	-5.42637
765	1	2	3	4	5	9	3	-4.75569	-2.48182	-3.62076	-4.83037
766	4	7	10	4	1	7	1	-1.82049	-3.76636	-2.61761	-1.92733
767	2	1	21	3	2	1	5	-2.94703	-2.4833	-4.25775	-4.5028
768	2	1	12	3	2	1	5	-2.64165	-2.11054	-3.57145	-4.77217
769	2	4	1	2	2	5	5	-6.82001	-6.39936	-8.5295	-9.51668
770	2	4	1	2	2	1	5	-2.77748	-3.6386	-4.12281	-4.12177
771	2	4	5	2	2	5	5	-3.67049	-6.96474	-6.59506	-5.94965
772	10	1	16	19	10	5	7	-6.7051	-2.74088	-4.17337	-5.09122
773	7	21	5	62	4	61	44	-7.91187	-3.8238	-5.59482	-7.23998
774	9	2	4	62	4	5	6	-3.71951	-5.18933	-5.74626	-6.80652
775	2	1	12	3	2	1	5	-2.64165	-2.11054	-3.57145	-4.77217
776	1	4	2	2	6	3	17	-4.75838	-2.44287	-4.44074	-5.42637
777	4	7	10	4	1	7	1	-1.82049	-3.76636	-2.61761	-1.92733
778	2	1	12	3	2	1	5	-2.64165	-2.11054	-3.57145	-4.77217
779	2	1	5	3	2	5	5	-5.77784	-2.82656	-4.09454	-5.39113
780	2	23	21	3	2	1	5	-7.61725	-6.72249	-7.2093	-6.76499
781	2	4	5	2	2	5	5	-3.67049	-6.96474	-6.59506	-5.94965
782	2	4	2	2	6	1	5	-6.1349	-4.82679	-5.94925	-7.65989
783	2	1	12	3	2	1	5	-2.64165	-2.11054	-3.57145	-4.77217
784	4	7	10	4	42	51	1	-2.92638	-4.61269	-4.76726	-3.81325
785	7	17	5	2	86	232	1	-29.7101	-32.89	-27.3642	-25.1281
786	2	4	1	2	2	1	5	-2.77748	-3.6386	-4.12281	-4.12177
787	2	1	12	3	2	1	5	-2.64165	-2.11054	-3.57145	-4.77217
788	2	1	21	3	2	1	5	-2.94703	-2.4833	-4.25775	-4.5028
789	7	17	2	15	23	3	12	-6.90187	-10.2248	-10.1301	-10.3484
790	2	1	5	3	2	5	5	-5.77784	-2.82656	-4.09454	-5.39113
791	1	6	60	24	12	28	1	-32.0142	-31.7554	-20.4635	-18.0716
792	1	2	3	4	5	9	3	-4.75569	-2.48182	-3.62076	-4.83037
793	2	4	5	2	2	5	5	-3.67049	-6.96474	-6.59506	-5.94965
794	1	2	3	4	5	9	3	-4.75569	-2.48182	-3.62076	-4.83037
795	1	6	60	24	12	28	1	-32.0142	-31.7554	-20.4635	-18.0716
796	9	2	4	62	4	5	6	-3.71951	-5.18933	-5.74626	-6.80652
797	2	4	1	2	2	1	5	-2.77748	-3.6386	-4.12281	-4.12177
798	4	7	10	4	1	7	1	-1.82049	-3.76636	-2.61761	-1.92733
799	2	4	5	2	2	5	5	-3.67049	-6.96474	-6.59506	-5.94965
800	7	2	2	2	11	12	6	-4.50123	-7.82467	-7.72891	-7.94867
801	2	1	21	3	2	1	941	-7.618	-6.70339	-7.19968	-6.76146
802	9	2	2	10	10	3	5	-29.4283	-25.5969	-25.2608	-25.5799
803	8	10	149	2	11	12	6	-4.90973	-3.96346	-5.59404	-7.04413
804	7	1	5	2	10	3	6	-31.9524	-29.5713	-28.9388	-29.2031
805	2	1	21	3	2	1	5	-2.94703	-2.4833	-4.25775	-4.5028
806	33	39	30	82	113	43	17	-10.2506	-6.44612	-6.23506	-8.23905
807	1	6	60	24	12	28	1	-32.0142	-31.7554	-20.4635	-18.0716
808	1	6	60	24	12	28	1	-32.0142	-31.7554	-20.4635	-18.0716
809	7	17	2	15	23	3	12	-6.90187	-10.2248	-10.1301	-10.3484
810	1	4	2	2	6	3	17	-4.75838	-2.44287	-4.44074	-5.42637
811	1	4	2	2	6	3	17	-4.75838	-2.44287	-4.44074	-5.42637
812	7	21	5	62	4	61	44	-7.91187	-3.8238	-5.59482	-7.23998
813	239	27	16	19	10	5	7	-10.5605	-6.46237	-8.91158	-10.2639
814	9	2	4	62	4	5	6	-3.71951	-5.18933	-5.74626	-6.80652
815	10	1	16	19	10	5	7	-6.7051	-2.74088	-4.17337	-5.09122
816	2	1	5	3	2	5	5	-5.77784	-2.82656	-4.09454	-5.39113
817	2	4	5	2	2	5	5	-3.67049	-6.96474	-6.59506	-5.94965
818	8	10	2	2	11	12	6	-3.9546	-7.23778	-7.18004	-7.40211
819	7	17	2	15	23	3	12	-6.90187	-10.2248	-10.1301	-10.3484
820	2	4	1	4	1	1	5	-15.1002	-18.2449	-15.292	-15.1676
821	4	7	10	4	1	7	1	-1.82049	-3.76636	-2.61761	-1.92733
822	8	10	149	2	11	12	6	-4.90973	-3.96346	-5.59404	-7.04413
823	2	1	12	88	2	1	5	-3.96528	-3.42352	-5.4787	-5.32235
824	2	4	2	2	6	1	5	-6.1349	-4.82679	-5.94925	-7.65989
825	10	81	50	99	120	76	52	-6.68219	-6.3802	-5.32796	-5.1382
826	2	4	5	2	2	5	5	-3.67049	-6.96474	-6.59506	-5.94965
827	2	4	1	2	2	5	5	-6.82001	-6.39936	-8.5295	-9.51668
828	8	10	149	2	11	12	6	-4.90973	-3.96346	-5.59404	-7.04413
829	1	4	2	2	6	3	17	-4.75838	-2.44287	-4.44074	-5.42637
830	2	165	73	147	220	190	104	-8.43891	-9.70144	-6.86682	-5.22818
831	4	7	10	4	42	25	1	-8.3941	-9.40205	-5.83479	-5.15676
832	7	2	2	2	11	12	6	-4.50123	-7.82467	-7.72891	-7.94867
833	1	6	60	24	12	28	1	-32.0142	-31.7554	-20.4635	-18.0716
834	2	1	12	3	2	1	5	-2.64165	-2.11054	-3.57145	-4.77217
835	33	39	65	79	104	77	17	-5.29121	-8.61453	-8.51987	-8.73892
836	4	7	10	4	1	7	1	-1.82049	-3.76636	-2.61761	-1.92733
837	1	2	3	4	5	9	3	-4.75569	-2.48182	-3.62076	-4.83037
838	2	1	21	3	2	1	5	-2.94703	-2.4833	-4.25775	-4.5028
839	2	1	12	3	2	1	5	-2.64165	-2.11054	-3.57145	-4.77217
840	4	7	10	4	1	7	1	-1.82049	-3.76636	-2.61761	-1.92733
841	2	4	1	2	7	1	5	-2.3046	-5.62075	-5.44699	-5.30545
842	184	39	30	82	113	43	17	-3.95482	-6.09682	-7.02078	-7.34781
843	4	7	10	4	1	7	1	-1.82049	-3.76636	-2.61761	-1.92733
844	2	4	1	2	2	1	5	-2.77748	-3.6386	-4.12281	-4.12177
845	4	7	10	4	1	7	1	-1.82049	-3.76636	-2.61761	-1.92733
846	2	1	12	88	2	1	5	-3.96528	-3.42352	-5.4787	-5.32235
847	2	1	21	3	2	1	5	-2.94703	-2.4833	-4.25775	-4.5028
848	1	2	3	4	5	9	3	-4.75569	-2.48182	-3.62076	-4.83037
849	4	7	10	4	1	7	1	-1.82049	-3.76636	-2.61761	-1.92733
850	2	1	21	3	2	1	5	-2.94703	-2.4833	-4.25775	-4.5028
851	8	10	2	2	11	12	6	-3.9546	-7.23778	-7.18004	-7.40211
852	2	4	1	2	2	1	5	-2.77748	-3.6386	-4.12281	-4.12177
853	2	4	1	2	2	1	5	-2.77748	-3.6386	-4.12281	-4.12177
854	2	4	2	2	6	1	5	-6.1349	-4.82679	-5.94925	-7.65989
855	2	4	1	2	2	1	5	-2.77748	-3.6386	-4.12281	-4.12177
856	2	4	1	2	2	1	5	-2.77748	-3.6386	-4.12281	-4.12177
857	2	4	1	2	2	1	5	-2.77748	-3.6386	-4.12281	-4.12177
858	1	2	3	4	5	9	3	-4.75569	-2.48182	-3.62076	-4.83037
859	2	4	1	2	2	1	5	-2.77748	-3.6386	-4.12281	-4.12177
860	2	4	1	2	2	1	5	-2.77748	-3.6386	-4.12281	-4.12177
861	8	10	2	2	11	12	6	-3.9546	-7.23778	-7.18004	-7.40211
862	2	1	5	3	2	3	5	-4.25998	-3.24656	-5.24863	-4.7709
863	33	39	30	82	104	173	68	-5.44043	-3.97079	-6.33355	-7.51166
864	2	4	1	2	7	1	5	-2.3046	-5.62075	-5.44699	-5.30545
865	8	10	2	2	11	12	6	-3.9546	-7.23778	-7.18004	-7.40211
866	2	4	1	2	7	1	5	-2.3046	-5.62075	-5.44699	-5.30545
867	1	2	3	4	5	9	3	-4.75569	-2.48182	-3.62076	-4.83037
868	1	2	215	4	90	24	8	-31.6104	-28.7223	-22.1211	-19.8493
869	2	1	1	3	2	1	5	-4.63981	-3.78136	-6.06854	-7.1392
870	10	81	50	99	120	76	52	-6.68219	-6.3802	-5.32796	-5.1382
871	2	4	1	2	7	1	5	-2.3046	-5.62075	-5.44699	-5.30545
872	2	1	12	3	2	1	5	-2.64165	-2.11054	-3.57145	-4.77217
873	2	4	1	2	2	1	5	-2.77748	-3.6386	-4.12281	-4.12177
874	2	4	1	2	2	1	5	-2.77748	-3.6386	-4.12281	-4.12177
875	2	4	1	2	2	1	5	-2.77748	-3.6386	-4.12281	-4.12177
876	2	1	5	3	2	3	5	-4.25998	-3.24656	-5.24863	-4.7709
877	2	4	1	2	2	1	5	-2.77748	-3.6386	-4.12281	-4.12177
878	4	7	10	4	1	7	1	-1.82049	-3.76636	-2.61761	-1.92733
879	2	4	1	2	7	1	5	-2.3046	-5.62075	-5.44699	-5.30545
880	2	4	5	2	2	5	5	-3.67049	-6.96474	-6.59506	-5.94965
881	2	4	1	2	2	1	5	-2.77748	-3.6386	-4.12281	-4.12177
882	8	10	2	2	11	12	6	-3.9546	-7.23778	-7.18004	-7.40211
883	4	7	10	4	1	7	1	-1.82049	-3.76636	-2.61761	-1.92733
884	2	4	1	2	2	1	5	-2.77748	-3.6386	-4.12281	-4.12177
885	166	2	1	10	17	3	1	-35.1478	-36.5635	-31.0516	-29.108
886	2	4	1	2	7	1	5	-2.3046	-5.62075	-5.44699	-5.30545
887	2	4	1	2	2	1	5	-2.77748	-3.6386	-4.12281	-4.12177
888	4	7	10	4	1	7	1	-1.82049	-3.76636	-2.61761	-1.92733
889	4	7	10	4	1	7	1	-1.82049	-3.76636	-2.61761	-1.92733
890	2	4	1	2	7	1	5	-2.3046	-5.62075	-5.44699	-5.30545
891	2	4	1	2	2	1	5	-2.77748	-3.6386	-4.12281	-4.12177
892	2	1	5	3	2	3	5	-4.25998	-3.24656	-5.24863	-4.7709
893	9	25	2	10	22	3	6	-4.4586	-7.51916	-5.85549	-4.35523
894	2	1	21	3	62	1	5	-5.7942	-9.10727	-9.01651	-9.24093
895	129	66	30	82	189	47	17	-3.24517	-4.85558	-5.33315	-4.15874
896	129	66	30	82	189	47	17	-3.24517	-4.85558	-5.33315	-4.15874
897	4	7	10	4	1	7	1	-1.82049	-3.76636	-2.61761	-1.92733
898	2	4	1	2	2	1	5	-2.77748	-3.6386	-4.12281	-4.12177
899	4	7	10	4	42	7	1	-6.50461	-8.70691	-5.58335	-4.64446
900	2	4	1	2	7	1	5	-2.3046	-5.62075	-5.44699	-5.30545
901	1	307	3	4	5	9	3	-6.87242	-6.42223	-6.20119	-8.11923
902	2	1	21	3	2	1	5	-2.94703	-2.4833	-4.25775	-4.5028
903	4	7	10	4	1	7	1	-1.82049	-3.76636	-2.61761	-1.92733
904	2	1	21	3	2	1	5	-2.94703	-2.4833	-4.25775	-4.5028
905	2	4	1	2	2	5	5	-6.82001	-6.39936	-8.5295	-9.51668
906	2	4	1	2	7	1	5	-2.3046	-5.62075	-5.44699	-5.30545
907	2	4	1	2	7	1	5	-2.3046	-5.62075	-5.44699	-5.30545
908	2	4	1	2	7	1	5	-2.3046	-5.62075	-5.44699	-5.30545
909	4	7	10	4	1	7	1	-1.82049	-3.76636	-2.61761	-1.92733
910	8	10	2	2	11	12	6	-3.9546	-7.23778	-7.18004	-7.40211
911	7	21	5	62	4	61	44	-7.91187	-3.8238	-5.59482	-7.23998
912	2	1	12	88	2	1	5	-3.96528	-3.42352	-5.4787	-5.32235
913	2	4	1	2	2	1	5	-2.77748	-3.6386	-4.12281	-4.12177
914	1	2	3	4	5	9	3	-4.75569	-2.48182	-3.62076	-4.83037
915	2	4	1	2	7	1	5	-2.3046	-5.62075	-5.44699	-5.30545
916	2	4	1	2	2	1	5	-2.77748	-3.6386	-4.12281	-4.12177
917	2	4	1	2	2	1	5	-2.77748	-3.6386	-4.12281	-4.12177
918	2	4	1	2	7	1	5	-2.3046	-5.62075	-5.44699	-5.30545
919	4	7	10	4	1	7	1	-1.82049	-3.76636	-2.61761	-1.92733
920	2	1	5	3	2	3	5	-4.25998	-3.24656	-5.24863	-4.7709
921	2	4	1	2	7	1	5	-2.3046	-5.62075	-5.44699	-5.30545
922	2	4	1	2	2	1	5	-2.77748	-3.6386	-4.12281	-4.12177
923	8	10	2	2	11	12	6	-3.9546	-7.23778	-7.18004	-7.40211
924	2	1	12	3	2	1	5	-2.64165	-2.11054	-3.57145	-4.77217
925	48	7	10	4	183	7	1	-11.0687	-12.1439	-8.46057	-6.38832
926	7	21	5	62	4	61	44	-7.91187	-3.8238	-5.59482	-7.23998
927	4	7	10	4	1	7	1	-1.82049	-3.76636	-2.61761	-1.92733
928	9	25	2	10	22	3	6	-4.4586	-7.51916	-5.85549	-4.35523
929	2	4	1	2	2	1	5	-2.77748	-3.6386	-4.12281	-4.12177
930	2	4	1	2	7	1	5	-2.3046	-5.62075	-5.44699	-5.30545
931	2	4	1	2	2	1	5	-2.77748	-3.6386	-4.12281	-4.12177
932	2	4	1	2	2	1	5	-2.77748	-3.6386	-4.12281	-4.12177
933	9	25	2	10	22	3	6	-4.4586	-7.51916	-5.85549	-4.35523
934	2	4	1	2	2	1	5	-2.77748	-3.6386	-4.12281	-4.12177
935	2	4	1	2	2	1	5	-2.77748	-3.6386	-4.12281	-4.12177
936	2	4	1	2	7	1	5	-2.3046	-5.62075	-5.44699	-5.30545
937	2	4	1	2	7	1	5	-2.3046	-5.62075	-5.44699	-5.30545
938	2	4	1	2	2	1	5	-2.77748	-3.6386	-4.12281	-4.12177
939	2	4	1	2	2	1	5	-2.77748	-3.6386	-4.12281	-4.12177
940	4	7	10	4	1	7	1	-1.82049	-3.76636	-2.61761	-1.92733
941	2	4	1	2	2	1	5	-2.77748	-3.6386	-4.12281	-4.12177
942	4	7	10	4	1	7	1	-1.82049	-3.76636	-2.61761	-1.92733
943	2	4	1	2	7	1	5	-2.3046	-5.62075	-5.44699	-5.30545
944	2	4	1	2	2	1	5	-2.77748	-3.6386	-4.12281	-4.12177
945	4	7	10	4	1	7	1	-1.82049	-3.76636	-2.61761	-1.92733
946	9	25	2	10	22	3	6	-4.4586	-7.51916	-5.85549	-4.35523
947	10	81	50	99	120	76	52	-6.68219	-6.3802	-5.32796	-5.1382
948	2	1	21	3	2	1	5	-2.94703	-2.4833	-4.25775	-4.5028
949	4	7	10	4	1	7	1	-1.82049	-3.76636	-2.61761	-1.92733
950	2	4	1	2	7	1	5	-2.3046	-5.62075	-5.44699	-5.30545
951	4	7	10	4	1	7	1	-1.82049	-3.76636	-2.61761	-1.92733
952	4	7	10	4	1	7	1	-1.82049	-3.76636	-2.61761	-1.92733
953	8	315	2	2	11	12	6	-8.62364	-11.4723	-10.1284	-9.66237
954	8	10	2	2	11	12	6	-3.9546	-7.23778	-7.18004	-7.40211
955	2	4	1	2	2	1	5	-2.77748	-3.6386	-4.12281	-4.12177
956	4	7	10	4	1	7	1	-1.82049	-3.76636	-2.61761	-1.92733
957	2	4	1	2	2	1	5	-2.77748	-3.6386	-4.12281	-4.12177
958	2	4	1	2	2	1	5	-2.77748	-3.6386	-4.12281	-4.12177
959	2	4	1	2	2	1	5	-2.77748	-3.6386	-4.12281	-4.12177
960	2	4	1	2	7	1	5	-2.3046	-5.62075	-5.44699	-5.30545
961	2	4	1	2	2	1	5	-2.77748	-3.6386	-4.12281	-4.12177
962	2	4	1	2	2	1	5	-2.77748	-3.6386	-4.12281	-4.12177
963	2	1	21	3	2	1	5	-2.94703	-2.4833	-4.25775	-4.5028
964	2	4	1	2	2	1	5	-2.77748	-3.6386	-4.12281	-4.12177
965	1	4	2	2	2	3	17	-11.0931	-7.84695	-10.2462	-12.0857
966	2	4	1	2	2	1	5	-2.77748	-3.6386	-4.12281	-4.12177
967	2	4	1	2	2	1	5	-2.77748	-3.6386	-4.12281	-4.12177
968	7	21	5	62	4	61	44	-7.91187	-3.8238	-5.59482	-7.23998
969	2	4	1	2	2	1	5	-2.77748	-3.6386	-4.12281	-4.12177
970	4	7	10	4	1	7	1	-1.82049	-3.76636	-2.61761	-1.92733
971	2	4	1	2	2	1	5	-2.77748	-3.6386	-4.12281	-4.12177
972	10	1	16	19	10	5	7	-6.7051	-2.74088	-4.17337	-5.09122
973	8	10	2	2	11	12	6	-3.9546	-7.23778	-7.18004	-7.40211
974	4	7	10	4	1	7	1	-1.82049	-3.76636	-2.61761	-1.92733
975	2	4	2	2	6	1	5	-6.1349	-4.82679	-5.94925	-7.65989
976	2	4	1	2	2	1	5	-2.77748	-3.6386	-4.12281	-4.12177
977	2	4	1	2	2	1	5	-2.77748	-3.6386	-4.12281	-4.12177
978	2	1	12	3	2	1	5	-2.64165	-2.11054	-3.57145	-4.77217
979	2	1	21	3	2	1	5	-2.94703	-2.4833	-4.25775	-4.5028
980	1	4	2	2	6	3	17	-4.75838	-2.44287	-4.44074	-5.42637
981	9	2	4	62	4	5	6	-3.71951	-5.18933	-5.74626	-6.80652
982	9	2	4	62	4	5	6	-3.71951	-5.18933	-5.74626	-6.80652
983	2	4	1	2	2	1	5	-2.77748	-3.6386	-4.12281	-4.12177
984	9	25	2	10	22	3	6	-4.4586	-7.51916	-5.85549	-4.35523
985	2	1	12	3	2	1	5	-2.64165	-2.11054	-3.57145	-4.77217
986	2	4	1	2	2	1	5	-2.77748	-3.6386	-4.12281	-4.12177
987	2	4	1	2	2	1	5	-2.77748	-3.6386	-4.12281	-4.12177
988	2	4	1	2	2	1	5	-2.77748	-3.6386	-4.12281	-4.12177
989	1	4	2	2	6	3	17	-4.75838	-2.44287	-4.44074	-5.42637
990	1	4	2	2	6	3	17	-4.75838	-2.44287	-4.44074	-5.42637
991	9	25	2	10	22	3	6	-4.4586	-7.51916	-5.85549	-4.35523
992	1	4	2	2	6	3	17	-4.75838	-2.44287	-4.44074	-5.42637
993	2	4	1	2	2	1	5	-2.77748	-3.6386	-4.12281	-4.12177
994	2	4	1	2	2	1	5	-2.77748	-3.6386	-4.12281	-4.12177
995	8	10	2	2	11	12	6	-3.9546	-7.23778	-7.18004	-7.40211
996	2	4	1	2	2	1	5	-2.77748	-3.6386	-4.12281	-4.12177
997	2	1	5	3	2	5	5	-5.77784	-2.82656	-4.09454	-5.39113
998	8	10	2	2	11	12	6	-3.9546	-7.23778	-7.18004	-7.40211
999	2	4	1	2	2	1	5	-2.77748	-3.6386	-4.12281	-4.12177
1000	2	4	1	2	2	1	5	-2.77748	-3.6386	-4.12281	-4.12177
1001	2	1	21	3	2	1	5	-2.94703	-2.4833	-4.25775	-4.5028
1002	1	2	4	62	4	5	17	-6.14532	-4.8402	-7.18251	-8.33698
1003	2	1	12	3	2	1	5	-2.64165	-2.11054	-3.57145	-4.77217
1004	2	4	1	2	7	1	5	-2.3046	-5.62075	-5.44699	-5.30545
1005	1	307	3	4	5	9	3	-6.87242	-6.42223	-6.20119	-8.11923
1006	2	4	2	4	19	3	6	-5.7974	-9.11852	-9.0201	-9.23912
1007	2	4	1	2	2	1	5	-2.77748	-3.6386	-4.12281	-4.12177
1008	1	4	2	2	6	3	17	-4.75838	-2.44287	-4.44074	-5.42637
1009	9	25	2	10	22	3	6	-4.4586	-7.51916	-5.85549	-4.35523
1010	4	7	10	4	1	7	1	-1.82049	-3.76636	-2.61761	-1.92733
1011	2	4	1	2	2	1	5	-2.77748	-3.6386	-4.12281	-4.12177
1012	10	1	16	19	10	5	7	-6.7051	-2.74088	-4.17337	-5.09122
1013	2	1	21	3	2	1	5	-2.94703	-2.4833	-4.25775	-4.5028
1014	4	7	10	4	1	7	1	-1.82049	-3.76636	-2.61761	-1.92733
1015	2	4	1	2	2	1	5	-2.77748	-3.6386	-4.12281	-4.12177
1016	1	2	3	4	5	9	3	-4.75569	-2.48182	-3.62076	-4.83037
1017	9	316	4	62	4	5	6	-6.87564	-6.44069	-8.65127	-9.60944
1018	9	25	2	10	22	3	6	-4.4586	-7.51916	-5.85549	-4.35523
1019	1	307	3	4	5	9	3	-6.87242	-6.42223	-6.20119	-8.11923
1020	2	4	1	2	2	1	5	-2.77748	-3.6386	-4.12281	-4.12177
1021	9	25	2	10	22	3	6	-4.4586	-7.51916	-5.85549	-4.35523
1022	2	4	1	2	2	1	5	-2.77748	-3.6386	-4.12281	-4.12177
1023	2	1	12	3	2	1	5	-2.64165	-2.11054	-3.57145	-4.77217
1024	2	1	5	3	2	5	5	-5.77784	-2.82656	-4.09454	-5.39113
1025	2	4	1	2	2	1	5	-2.77748	-3.6386	-4.12281	-4.12177
1026	2	1	12	3	2	1	5	-2.64165	-2.11054	-3.57145	-4.77217
1027	2	1	12	3	2	1	5	-2.64165	-2.11054	-3.57145	-4.77217
1028	10	1	16	19	10	5	7	-6.7051	-2.74088	-4.17337	-5.09122
1029	4	7	10	4	1	7	1	-1.82049	-3.76636	-2.61761	-1.92733
1030	2	4	1	2	2	1	5	-2.77748	-3.6386	-4.12281	-4.12177
1031	2	1	12	88	2	1	5	-3.96528	-3.42352	-5.4787	-5.32235
1032	2	1	21	3	2	1	5	-2.94703	-2.4833	-4.25775	-4.5028
1033	1	2	3	4	5	9	3	-4.75569	-2.48182	-3.62076	-4.83037
1034	8	10	2	2	11	12	6	-3.9546	-7.23778	-7.18004	-7.40211
1035	2	1	12	88	2	1	5	-3.96528	-3.42352	-5.4787	-5.32235
1036	33	39	30	82	104	173	68	-5.44043	-3.97079	-6.33355	-7.51166
1037	1	2	3	4	5	9	3	-4.75569	-2.48182	-3.62076	-4.83037
1038	9	25	2	10	22	3	6	-4.4586	-7.51916	-5.85549	-4.35523
1039	2	4	1	2	2	1	5	-2.77748	-3.6386	-4.12281	-4.12177
1040	8	10	2	2	11	12	6	-3.9546	-7.23778	-7.18004	-7.40211
1041	1	2	4	62	4	5	17	-6.14532	-4.8402	-7.18251	-8.33698
1042	10	1	16	19	10	5	7	-6.7051	-2.74088	-4.17337	-5.09122
1043	33	39	30	82	104	173	68	-5.44043	-3.97079	-6.33355	-7.51166
1044	2	4	1	2	2	1	5	-2.77748	-3.6386	-4.12281	-4.12177
1045	8	10	2	2	11	12	6	-3.9546	-7.23778	-7.18004	-7.40211
1046	2	1	5	3	2	5	5	-5.77784	-2.82656	-4.09454	-5.39113
1047	47	2	4	2	6	5	17	-12.622	-10.7554	-6.30225	-8.37816
1048	1	2	3	4	5	9	3	-4.75569	-2.48182	-3.62076	-4.83037
1049	4	7	10	4	1	7	1	-1.82049	-3.76636	-2.61761	-1.92733
1050	2	1	5	3	2	3	5	-4.25998	-3.24656	-5.24863	-4.7709
1051	2	4	2	2	6	1	5	-6.1349	-4.82679	-5.94925	-7.65989
1052	2	4	1	2	2	1	5	-2.77748	-3.6386	-4.12281	-4.12177
1053	8	10	149	2	11	12	6	-4.90973	-3.96346	-5.59404	-7.04413
1054	9	25	2	10	22	3	6	-4.4586	-7.51916	-5.85549	-4.35523
1055	2	4	1	2	2	1	5	-2.77748	-3.6386	-4.12281	-4.12177
1056	1	2	3	4	5	9	3	-4.75569	-2.48182	-3.62076	-4.83037
1057	2	1	12	3	2	1	5	-2.64165	-2.11054	-3.57145	-4.77217
1058	4	7	10	4	42	51	1	-2.92638	-4.61269	-4.76726	-3.81325
1059	2	4	1	2	2	1	5	-2.77748	-3.6386	-4.12281	-4.12177
1060	2	1	1	3	2	1	5	-4.63981	-3.78136	-6.06854	-7.1392
1061	2	4	1	2	7	1	5	-2.3046	-5.62075	-5.44699	-5.30545
1062	8	10	2	2	11	12	6	-3.9546	-7.23778	-7.18004	-7.40211
1063	2	4	1	2	2	1	5	-2.77748	-3.6386	-4.12281	-4.12177
1064	9	2	4	62	4	5	6	-3.71951	-5.18933	-5.74626	-6.80652
1065	2	4	1	2	2	1	5	-2.77748	-3.6386	-4.12281	-4.12177
1066	4	7	10	4	1	7	1	-1.82049	-3.76636	-2.61761	-1.92733
1067	8	10	2	2	11	12	6	-3.9546	-7.23778	-7.18004	-7.40211
1068	2	4	2	2	6	1	5	-6.1349	-4.82679	-5.94925	-7.65989
1069	2	4	2	2	6	1	5	-6.1349	-4.82679	-5.94925	-7.65989
1070	2	4	2	2	6	1	5	-6.1349	-4.82679	-5.94925	-7.65989
1071	2	4	2	2	6	1	5	-6.1349	-4.82679	-5.94925	-7.65989
1072	2	4	1	2	2	1	5	-2.77748	-3.6386	-4.12281	-4.12177
1073	2	4	1	2	2	1	5	-2.77748	-3.6386	-4.12281	-4.12177
1074	2	1	12	3	2	1	5	-2.64165	-2.11054	-3.57145	-4.77217
1075	2	4	1	2	7	1	5	-2.3046	-5.62075	-5.44699	-5.30545
1076	4	7	10	4	42	51	1	-2.92638	-4.61269	-4.76726	-3.81325
1077	2	4	1	2	2	1	5	-2.77748	-3.6386	-4.12281	-4.12177
1078	8	10	2	2	11	12	6	-3.9546	-7.23778	-7.18004	-7.40211
1079	1	2	3	4	5	9	3	-4.75569	-2.48182	-3.62076	-4.83037
1080	1	2	3	4	5	9	3	-4.75569	-2.48182	-3.62076	-4.83037
1081	10	1	16	19	10	5	7	-6.7051	-2.74088	-4.17337	-5.09122
1082	8	10	2	2	11	12	6	-3.9546	-7.23778	-7.18004	-7.40211
1083	4	7	10	4	1	7	1	-1.82049	-3.76636	-2.61761	-1.92733
1084	2	4	1	2	2	1	5	-2.77748	-3.6386	-4.12281	-4.12177
1085	2	4	1	2	7	1	5	-2.3046	-5.62075	-5.44699	-5.30545
1086	2	1	21	3	2	1	5	-2.94703	-2.4833	-4.25775	-4.5028
1087	2	1	12	3	2	1	5	-2.64165	-2.11054	-3.57145	-4.77217
1088	2	4	2	4	19	3	6	-5.7974	-9.11852	-9.0201	-9.23912
1089	8	10	149	2	11	12	6	-4.90973	-3.96346	-5.59404	-7.04413
1090	8	10	2	2	11	12	6	-3.9546	-7.23778	-7.18004	-7.40211
1091	2	1	12	3	2	1	5	-2.64165	-2.11054	-3.57145	-4.77217
1092	2	1	12	3	2	1	5	-2.64165	-2.11054	-3.57145	-4.77217
1093	2	1	5	3	2	3	5	-4.25998	-3.24656	-5.24863	-4.7709
1094	184	39	30	82	113	43	17	-3.95482	-6.09682	-7.02078	-7.34781
1095	2	1	12	3	2	1	5	-2.64165	-2.11054	-3.57145	-4.77217
1096	2	4	1	2	2	1	5	-2.77748	-3.6386	-4.12281	-4.12177
1097	4	7	10	4	1	7	1	-1.82049	-3.76636	-2.61761	-1.92733
1098	8	10	2	2	11	12	6	-3.9546	-7.23778	-7.18004	-7.40211
1099	4	7	10	4	1	7	1	-1.82049	-3.76636	-2.61761	-1.92733
1100	4	7	10	4	42	51	1	-2.92638	-4.61269	-4.76726	-3.81325
1101	9	25	2	10	22	3	6	-4.4586	-7.51916	-5.85549	-4.35523
1102	9	2	4	62	4	5	6	-3.71951	-5.18933	-5.74626	-6.80652
1103	4	7	10	4	1	7	1	-1.82049	-3.76636	-2.61761	-1.92733
1104	2	4	1	2	7	1	5	-2.3046	-5.62075	-5.44699	-5.30545
1105	4	7	10	4	1	7	1	-1.82049	-3.76636	-2.61761	-1.92733
1106	8	10	2	2	11	12	6	-3.9546	-7.23778	-7.18004	-7.40211
1107	2	4	1	2	2	1	5	-2.77748	-3.6386	-4.12281	-4.12177
1108	4	7	10	4	42	51	1	-2.92638	-4.61269	-4.76726	-3.81325
1109	1	2	3	4	5	9	3	-4.75569	-2.48182	-3.62076	-4.83037
1110	2	1	12	3	2	1	5	-2.64165	-2.11054	-3.57145	-4.77217
1111	2	4	1	2	2	1	5	-2.77748	-3.6386	-4.12281	-4.12177
1112	10	81	50	99	120	76	52	-6.68219	-6.3802	-5.32796	-5.1382
1113	2	4	1	2	2	1	5	-2.77748	-3.6386	-4.12281	-4.12177
1114	4	7	10	4	42	51	1	-2.92638	-4.61269	-4.76726	-3.81325
1115	4	7	10	4	42	51	1	-2.92638	-4.61269	-4.76726	-3.81325
1116	4	7	10	4	1	7	1	-1.82049	-3.76636	-2.61761	-1.92733
1117	3	1	5	10	11	11	6	-10.5583	-6.45994	-8.90689	-10.2609
1118	10	81	50	99	120	76	52	-6.68219	-6.3802	-5.32796	-5.1382
1119	2	4	1	2	2	1	5	-2.77748	-3.6386	-4.12281	-4.12177
1120	4	7	10	4	1	7	1	-1.82049	-3.76636	-2.61761	-1.92733
1121	4	7	10	4	1	7	1	-1.82049	-3.76636	-2.61761	-1.92733
1122	4	7	10	4	42	51	1	-2.92638	-4.61269	-4.76726	-3.81325
1123	2	1	12	3	2	1	5	-2.64165	-2.11054	-3.57145	-4.77217
1124	2	4	1	2	2	1	5	-2.77748	-3.6386	-4.12281	-4.12177
1125	2	1	1	3	2	1	5	-4.63981	-3.78136	-6.06854	-7.1392
1126	2	4	1	2	2	1	5	-2.77748	-3.6386	-4.12281	-4.12177
1127	2	4	1	2	2	1	5	-2.77748	-3.6386	-4.12281	-4.12177
1128	2	4	1	2	2	1	5	-2.77748	-3.6386	-4.12281	-4.12177
1129	2	4	1	2	2	1	5	-2.77748	-3.6386	-4.12281	-4.12177
1130	1	2	3	4	5	9	3	-4.75569	-2.48182	-3.62076	-4.83037
1131	8	10	2	2	11	12	6	-3.9546	-7.23778	-7.18004	-7.40211
1132	2	1	21	3	2	1	5	-2.94703	-2.4833	-4.25775	-4.5028
1133	2	4	1	2	2	1	5	-2.77748	-3.6386	-4.12281	-4.12177
1134	2	1	21	3	2	1	5	-2.94703	-2.4833	-4.25775	-4.5028
1135	2	1	21	3	2	1	5	-2.94703	-2.4833	-4.25775	-4.5028
1136	2	4	1	2	2	1	5	-2.77748	-3.6386	-4.12281	-4.12177
1137	1	2	3	4	5	9	3	-4.75569	-2.48182	-3.62076	-4.83037
1138	10	1	16	19	10	5	7	-6.7051	-2.74088	-4.17337	-5.09122
1139	2	1	12	3	2	1	5	-2.64165	-2.11054	-3.57145	-4.77217
1140	7	21	5	62	4	61	44	-7.91187	-3.8238	-5.59482	-7.23998
1141	2	4	1	2	2	1	5	-2.77748	-3.6386	-4.12281	-4.12177
1142	2	1	12	3	2	1	5	-2.64165	-2.11054	-3.57145	-4.77217
1143	2	4	1	2	7	1	5	-2.3046	-5.62075	-5.44699	-5.30545
1144	2	1	5	3	2	3	5	-4.25998	-3.24656	-5.24863	-4.7709
1145	2	1	21	3	2	1	5	-2.94703	-2.4833	-4.25775	-4.5028
1146	2	1	21	3	2	1	5	-2.94703	-2.4833	-4.25775	-4.5028
1147	2	1	21	3	2	1	5	-2.94703	-2.4833	-4.25775	-4.5028
1148	2	1	21	3	2	1	5	-2.94703	-2.4833	-4.25775	-4.5028
1149	2	1	12	3	2	1	5	-2.64165	-2.11054	-3.57145	-4.77217
1150	8	10	2	2	11	12	6	-3.9546	-7.23778	-7.18004	-7.40211
1151	129	66	30	82	189	47	17	-3.24517	-4.85558	-5.33315	-4.15874
1152	1	307	3	4	5	9	3	-6.87242	-6.42223	-6.20119	-8.11923
1153	8	10	2	2	11	12	6	-3.9546	-7.23778	-7.18004	-7.40211
1154	2	4	2	2	6	1	5	-6.1349	-4.82679	-5.94925	-7.65989
1155	1	4	2	2	6	3	17	-4.75838	-2.44287	-4.44074	-5.42637
1156	2	4	1	2	2	1	5	-2.77748	-3.6386	-4.12281	-4.12177
1157	8	10	2	2	11	12	6	-3.9546	-7.23778	-7.18004	-7.40211
1158	2	4	2	2	6	1	5	-6.1349	-4.82679	-5.94925	-7.65989
1159	2	1	21	3	2	1	5	-2.94703	-2.4833	-4.25775	-4.5028
1160	2	4	5	2	2	5	5	-3.67049	-6.96474	-6.59506	-5.94965
1161	7	21	5	62	4	61	44	-7.91187	-3.8238	-5.59482	-7.23998
1162	2	1	12	3	2	1	5	-2.64165	-2.11054	-3.57145	-4.77217
1163	10	27	16	19	10	5	7	-20.816	-12.9786	-15.594	-17.306
1164	33	283	44	82	189	44	17	-7.42796	-3.46446	-5.32499	-5.91128
1165	9	25	2	10	22	3	6	-4.4586	-7.51916	-5.85549	-4.35523
1166	7	21	5	62	4	61	44	-7.91187	-3.8238	-5.59482	-7.23998
1167	2	1	5	3	2	3	5	-4.25998	-3.24656	-5.24863	-4.7709
1168	2	1	5	3	2	3	5	-4.25998	-3.24656	-5.24863	-4.7709
1169	9	25	2	10	22	3	6	-4.4586	-7.51916	-5.85549	-4.35523
1170	2	1	5	3	2	3	5	-4.25998	-3.24656	-5.24863	-4.7709
1171	2	4	1	2	2	1	5	-2.77748	-3.6386	-4.12281	-4.12177
1172	129	66	30	82	189	47	17	-3.24517	-4.85558	-5.33315	-4.15874
1173	2	4	1	2	2	1	5	-2.77748	-3.6386	-4.12281	-4.12177
1174	2	1	5	3	2	3	5	-4.25998	-3.24656	-5.24863	-4.7709
1175	2	1	12	3	2	1	5	-2.64165	-2.11054	-3.57145	-4.77217
1176	2	4	1	2	2	1	5	-2.77748	-3.6386	-4.12281	-4.12177
1177	1	4	2	2	6	3	17	-4.75838	-2.44287	-4.44074	-5.42637
1178	2	1	12	3	2	1	5	-2.64165	-2.11054	-3.57145	-4.77217
1179	1	4	2	2	446	3	17	-9.42136	-6.64313	-7.36694	-7.67114
1180	2	1	5	88	2	11	5	-9.41219	-5.34383	-6.09161	-7.99663
1181	2	4	2	2	6	1	5	-6.1349	-4.82679	-5.94925	-7.65989
1182	9	25	2	10	22	3	6	-4.4586	-7.51916	-5.85549	-4.35523
1183	2	1	5	3	2	3	5	-4.25998	-3.24656	-5.24863	-4.7709
1184	7	21	5	62	4	61	44	-7.91187	-3.8238	-5.59482	-7.23998
1185	1	2	3	4	5	9	3	-4.75569	-2.48182	-3.62076	-4.83037
1186	2	4	1	2	2	1	5	-2.77748	-3.6386	-4.12281	-4.12177
1187	7	21	5	62	4	61	44	-7.91187	-3.8238	-5.59482	-7.23998
1188	33	39	30	82	104	173	68	-5.44043	-3.97079	-6.33355	-7.51166
1189	1	4	2	2	6	3	17	-4.75838	-2.44287	-4.44074	-5.42637
1190	2	1	21	3	2	1	5	-2.94703	-2.4833	-4.25775	-4.5028
1191	4	7	10	4	1	7	1	-1.82049	-3.76636	-2.61761	-1.92733
1192	2	1	5	3	2	5	5	-5.77784	-2.82656	-4.09454	-5.39113
1193	1	4	2	2	6	3	17	-4.75838	-2.44287	-4.44074	-5.42637
1194	2	4	1	2	2	1	5	-2.77748	-3.6386	-4.12281	-4.12177
1195	2	4	1	2	2	1	5	-2.77748	-3.6386	-4.12281	-4.12177
1196	2	1	12	3	2	1	5	-2.64165	-2.11054	-3.57145	-4.77217
1197	2	1	6	3	2	3	5	-7.92213	-7.44835	-7.9185	-6.6154
1198	4	7	10	4	1	7	1	-1.82049	-3.76636	-2.61761	-1.92733
1199	2	4	1	2	7	1	5	-2.3046	-5.62075	-5.44699	-5.30545
1200	2	1	1	3	2	1	5	-4.63981	-3.78136	-6.06854	-7.1392
1201	2	4	1	2	2	1	5	-2.77748	-3.6386	-4.12281	-4.12177
1202	7	2	5	2	10	3	6	-30.9868	-27.9028	-27.5751	-29.0417
1203	2	1	21	3	2	1	5	-2.94703	-2.4833	-4.25775	-4.5028
1204	2	4	1	2	7	1	5	-2.3046	-5.62075	-5.44699	-5.30545
1205	4	7	10	4	1	7	1	-1.82049	-3.76636	-2.61761	-1.92733
1206	2	4	1	2	7	1	5	-2.3046	-5.62075	-5.44699	-5.30545
1207	2	4	1	2	2	1	5	-2.77748	-3.6386	-4.12281	-4.12177
1208	1	4	2	2	6	3	17	-4.75838	-2.44287	-4.44074	-5.42637
1209	2	4	1	2	2	1	5	-2.77748	-3.6386	-4.12281	-4.12177
1210	2	4	1	2	2	1	5	-2.77748	-3.6386	-4.12281	-4.12177
1211	74	10	2	2	11	12	6	-8.62366	-11.4723	-10.1285	-9.66282
1212	1	2	3	4	5	9	3	-4.75569	-2.48182	-3.62076	-4.83037
1213	2	1	5	3	2	3	5	-4.25998	-3.24656	-5.24863	-4.7709
1214	4	7	10	4	1	7	1	-1.82049	-3.76636	-2.61761	-1.92733
1215	2	4	2	2	6	1	5	-6.1349	-4.82679	-5.94925	-7.65989
1216	2	1	12	3	2	1	5	-2.64165	-2.11054	-3.57145	-4.77217
1217	2	1	21	3	2	1	5	-2.94703	-2.4833	-4.25775	-4.5028
1218	2	4	1	2	2	1	5	-2.77748	-3.6386	-4.12281	-4.12177
1219	2	1	21	3	2	1	5	-2.94703	-2.4833	-4.25775	-4.5028
1220	4	7	10	4	1	7	1	-1.82049	-3.76636	-2.61761	-1.92733
1221	2	1	21	3	2	1	5	-2.94703	-2.4833	-4.25775	-4.5028
1222	2	4	1	2	2	1	5	-2.77748	-3.6386	-4.12281	-4.12177
1223	4	7	10	4	1	7	1	-1.82049	-3.76636	-2.61761	-1.92733
1224	2	4	1	2	2	1	5	-2.77748	-3.6386	-4.12281	-4.12177
1225	4	7	10	4	1	7	1	-1.82049	-3.76636	-2.61761	-1.92733
1226	4	7	10	4	42	51	1	-2.92638	-4.61269	-4.76726	-3.81325
1227	4	7	10	4	42	7	1	-6.50461	-8.70691	-5.58335	-4.64446
1228	2	4	1	2	2	1	5	-2.77748	-3.6386	-4.12281	-4.12177
1229	2	1	5	3	2	3	5	-4.25998	-3.24656	-5.24863	-4.7709
1230	10	81	50	99	120	76	52	-6.68219	-6.3802	-5.32796	-5.1382
1231	2	4	1	2	7	1	5	-2.3046	-5.62075	-5.44699	-5.30545
1232	2	4	1	2	7	1	5	-2.3046	-5.62075	-5.44699	-5.30545
1233	4	7	10	4	1	7	1	-1.82049	-3.76636	-2.61761	-1.92733
1234	1	4	2	2	6	3	17	-4.75838	-2.44287	-4.44074	-5.42637
1235	4	7	10	4	1	7	1	-1.82049	-3.76636	-2.61761	-1.92733
1236	2	4	1	2	2	1	5	-2.77748	-3.6386	-4.12281	-4.12177
1237	4	7	10	4	1	7	1	-1.82049	-3.76636	-2.61761	-1.92733
1238	4	7	10	4	42	51	1	-2.92638	-4.61269	-4.76726	-3.81325
1239	1	307	3	4	5	9	3	-6.87242	-6.42223	-6.20119	-8.11923
1240	2	4	2	2	6	1	5	-6.1349	-4.82679	-5.94925	-7.65989
1241	8	10	149	2	11	12	6	-4.90973	-3.96346	-5.59404	-7.04413
1242	2	1	12	3	2	1	5	-2.64165	-2.11054	-3.57145	-4.77217
1243	2	4	1	2	2	1	5	-2.77748	-3.6386	-4.12281	-4.12177
1244	2	4	1	2	2	1	5	-2.77748	-3.6386	-4.12281	-4.12177
1245	2	4	1	2	2	1	5	-2.77748	-3.6386	-4.12281	-4.12177
1246	4	7	10	4	42	51	1	-2.92638	-4.61269	-4.76726	-3.81325
1247	2	4	1	2	2	1	5	-2.77748	-3.6386	-4.12281	-4.12177
1248	2	4	1	2	2	1	5	-2.77748	-3.6386	-4.12281	-4.12177
1249	2	1	12	88	2	1	5	-3.96528	-3.42352	-5.4787	-5.32235
1250	1	4	2	2	6	3	17	-4.75838	-2.44287	-4.44074	-5.42637
1251	9	2	4	62	4	5	6	-3.71951	-5.18933	-5.74626	-6.80652
1252	2	4	1	2	7	1	5	-2.3046	-5.62075	-5.44699	-5.30545
1253	2	4	5	2	2	5	5	-3.67049	-6.96474	-6.59506	-5.94965
1254	2	1	21	3	2	1	5	-2.94703	-2.4833	-4.25775	-4.5028
1255	1	4	2	2	6	3	17	-4.75838	-2.44287	-4.44074	-5.42637
1256	2	1	21	3	2	1	5	-2.94703	-2.4833	-4.25775	-4.5028
1257	2	4	1	2	2	5	5	-6.82001	-6.39936	-8.5295	-9.51668
1258	2	1	12	3	2	1	5	-2.64165	-2.11054	-3.57145	-4.77217
1259	2	4	2	2	6	1	5	-6.1349	-4.82679	-5.94925	-7.65989
1260	2	4	1	2	2	1	5	-2.77748	-3.6386	-4.12281	-4.12177
1261	2	4	1	2	2	1	5	-2.77748	-3.6386	-4.12281	-4.12177
1262	1	307	3	4	5	9	3	-6.87242	-6.42223	-6.20119	-8.11923
1263	9	25	2	10	22	3	6	-4.4586	-7.51916	-5.85549	-4.35523
1264	2	1	1	380	2	1	5	-6.17304	-5.72847	-7.94501	-8.90963
1265	2	4	1	2	2	1	5	-2.77748	-3.6386	-4.12281	-4.12177
1266	2	4	1	2	2	1	5	-2.77748	-3.6386	-4.12281	-4.12177
1267	2	1	12	3	2	1	5	-2.64165	-2.11054	-3.57145	-4.77217
1268	1	2	3	4	5	9	3	-4.75569	-2.48182	-3.62076	-4.83037
1269	2	4	1	2	2	1	5	-2.77748	-3.6386	-4.12281	-4.12177
1270	2	4	1	2	2	1	5	-2.77748	-3.6386	-4.12281	-4.12177
1271	2	4	1	2	2	1	5	-2.77748	-3.6386	-4.12281	-4.12177
1272	1	2	3	4	5	9	3	-4.75569	-2.48182	-3.62076	-4.83037
1273	9	2	2	212	309	253	147	-29.3892	-27.773	-23.3469	-20.2923
1274	2	1	21	3	2	1	5	-2.94703	-2.4833	-4.25775	-4.5028
1275	47	2	4	2	6	5	17	-12.622	-10.7554	-6.30225	-8.37816
1276	1	2	3	4	5	9	3	-4.75569	-2.48182	-3.62076	-4.83037
1277	2	4	1	2	2	1	5	-2.77748	-3.6386	-4.12281	-4.12177
1278	2	4	1	2	2	1	5	-2.77748	-3.6386	-4.12281	-4.12177
1279	9	2	4	62	4	5	6	-3.71951	-5.18933	-5.74626	-6.80652
1280	2	1	12	3	2	1	5	-2.64165	-2.11054	-3.57145	-4.77217
1281	2	4	1	2	2	1	5	-2.77748	-3.6386	-4.12281	-4.12177
1282	2	4	1	2	7	1	5	-2.3046	-5.62075	-5.44699	-5.30545
1283	7	17	2	15	23	3	12	-6.90187	-10.2248	-10.1301	-10.3484
1284	2	1	1	3	2	1	5	-4.63981	-3.78136	-6.06854	-7.1392
1285	2	1	12	3	2	1	5	-2.64165	-2.11054	-3.57145	-4.77217
1286	2	4	1	2	2	1	5	-2.77748	-3.6386	-4.12281	-4.12177
1287	2	1	5	3	2	3	5	-4.25998	-3.24656	-5.24863	-4.7709
1288	2	4	1	2	2	1	5	-2.77748	-3.6386	-4.12281	-4.12177
1289	2	4	1	2	2	1	5	-2.77748	-3.6386	-4.12281	-4.12177
1290	1	4	2	2	6	3	17	-4.75838	-2.44287	-4.44074	-5.42637
1291	2	1	2	3	2	3	5	-3.75702	-6.99985	-6.97331	-7.19573
1292	2	1	5	3	2	3	5	-4.25998	-3.24656	-5.24863	-4.7709
1293	1	2	3	3	5	9	3	-11.5905	-8.11753	-9.72313	-11.995
1294	4	7	10	4	42	51	1	-2.92638	-4.61269	-4.76726	-3.81325
1295	1	4	2	2	6	3	17	-4.75838	-2.44287	-4.44074	-5.42637
1296	2	1	5	3	2	3	5	-4.25998	-3.24656	-5.24863	-4.7709
1297	4	7	10	4	1	7	1	-1.82049	-3.76636	-2.61761	-1.92733
1298	2	4	1	2	2	1	5	-2.77748	-3.6386	-4.12281	-4.12177
1299	4	7	10	4	1	7	1	-1.82049	-3.76636	-2.61761	-1.92733
1300	2	1	21	3	2	1	5	-2.94703	-2.4833	-4.25775	-4.5028
1301	2	4	1	2	2	1	5	-2.77748	-3.6386	-4.12281	-4.12177
1302	4	7	10	4	1	7	1	-1.82049	-3.76636	-2.61761	-1.92733
1303	2	4	1	2	2	1	5	-2.77748	-3.6386	-4.12281	-4.12177
1304	2	1	5	3	2	5	5	-5.77784	-2.82656	-4.09454	-5.39113
1305	2	4	1	2	2	1	5	-2.77748	-3.6386	-4.12281	-4.12177
1306	2	1	21	3	2	1	5	-2.94703	-2.4833	-4.25775	-4.5028
1307	2	1	5	3	2	5	5	-5.77784	-2.82656	-4.09454	-5.39113
1308	1	4	2	2	6	3	17	-4.75838	-2.44287	-4.44074	-5.42637
1309	1	4	2	2	6	3	17	-4.75838	-2.44287	-4.44074	-5.42637
1310	2	1	5	3	2	3	5	-4.25998	-3.24656	-5.24863	-4.7709
1311	1	4	2	2	6	3	17	-4.75838	-2.44287	-4.44074	-5.42637
1312	2	4	1	2	2	1	5	-2.77748	-3.6386	-4.12281	-4.12177
1313	2	1	12	88	2	1	5	-3.96528	-3.42352	-5.4787	-5.32235
1314	2	1	5	3	2	3	5	-4.25998	-3.24656	-5.24863	-4.7709
1315	2	4	5	2	2	1	5	-6.15851	-9.06484	-8.81782	-9.35141
1316	2	4	1	2	2	1	5	-2.77748	-3.6386	-4.12281	-4.12177
1317	1	4	2	2	6	3	17	-4.75838	-2.44287	-4.44074	-5.42637
1318	2	1	21	3	2	1	5	-2.94703	-2.4833	-4.25775	-4.5028
1319	4	7	10	4	1	7	1	-1.82049	-3.76636	-2.61761	-1.92733
1320	1	2	3	4	5	9	3	-4.75569	-2.48182	-3.62076	-4.83037
1321	2	4	1	2	7	1	5	-2.3046	-5.62075	-5.44699	-5.30545
1322	4	7	10	4	1	7	1	-1.82049	-3.76636	-2.61761	-1.92733
1323	4	7	10	4	1	7	1	-1.82049	-3.76636	-2.61761	-1.92733
1324	1	4	2	2	6	3	17	-4.75838	-2.44287	-4.44074	-5.42637
1325	2	4	1	2	7	1	5	-2.3046	-5.62075	-5.44699	-5.30545
1326	4	7	10	4	1	7	1	-1.82049	-3.76636	-2.61761	-1.92733
1327	8	10	2	2	11	12	6	-3.9546	-7.23778	-7.18004	-7.40211
1328	969	7	10	4	1	7	1	-6.41264	-7.98103	-5.56157	-4.18847
1329	4	7	10	4	1	7	1	-1.82049	-3.76636	-2.61761	-1.92733
1330	10	27	16	942	10	5	7	-25.485	-17.2137	-18.5428	-19.5665
1331	10	27	16	941	10	5	7	-25.485	-17.2137	-18.5428	-19.5665
1332	4	7	10	4	1	7	1	-1.82049	-3.76636	-2.61761	-1.92733
1333	4	7	10	4	1	7	1	-1.82049	-3.76636	-2.61761	-1.92733
1334	129	66	30	82	189	47	17	-3.24517	-4.85558	-5.33315	-4.15874
1335	4	7	10	4	1	7	1	-1.82049	-3.76636	-2.61761	-1.92733
1336	4	7	10	4	1	7	1	-1.82049	-3.76636	-2.61761	-1.92733
1337	2	4	1	2	2	1	5	-2.77748	-3.6386	-4.12281	-4.12177
1338	2	1	2	3	2	3	5	-3.75702	-6.99985	-6.97331	-7.19573
1339	10	27	16	19	10	5	7	-20.816	-12.9786	-15.594	-17.306
1340	2	4	1	2	2	1	5	-2.77748	-3.6386	-4.12281	-4.12177
1341	33	39	30	82	104	173	68	-5.44043	-3.97079	-6.33355	-7.51166
1342	1	4	2	2	6	3	17	-4.75838	-2.44287	-4.44074	-5.42637
1343	2	1	5	3	2	5	5	-5.77784	-2.82656	-4.09454	-5.39113
1344	2	1	12	3	2	1	5	-2.64165	-2.11054	-3.57145	-4.77217
1345	8	10	2	2	11	12	6	-3.9546	-7.23778	-7.18004	-7.40211
1346	2	1	1	3	2	1	5	-4.63981	-3.78136	-6.06854	-7.1392
1347	1	4	2	2	6	3	17	-4.75838	-2.44287	-4.44074	-5.42637
1348	7	2	2	2	11	12	6	-4.50123	-7.82467	-7.72891	-7.94867
1349	9	2	4	62	4	5	6	-3.71951	-5.18933	-5.74626	-6.80652
1350	2	1	21	3	2	1	5	-2.94703	-2.4833	-4.25775	-4.5028
1351	9	7	10	4	1	7	1	-9.9758	-12.3272	-11.0189	-10.0684
1352	2	1	12	3	920	1	5	-7.31198	-6.33627	-6.51781	-7.02968
1353	239	27	16	19	10	5	7	-10.5605	-6.46237	-8.91158	-10.2639
1354	7	17	2	15	23	3	12	-6.90187	-10.2248	-10.1301	-10.3484
1355	1	4	2	2	6	3	17	-4.75838	-2.44287	-4.44074	-5.42637
1356	1	6	60	24	12	28	1	-32.0142	-31.7554	-20.4635	-18.0716
1357	2	4	5	2	10	1	5	-6.89223	-10.2078	-10.1112	-10.3376
1358	10	81	50	99	120	76	52	-6.68219	-6.3802	-5.32796	-5.1382
1359	4	7	10	4	1	7	1	-1.82049	-3.76636	-2.61761	-1.92733
1360	2	1	5	3	2	5	5	-5.77784	-2.82656	-4.09454	-5.39113
1361	4	7	10	1	1	7	1	-5.26969	-8.40988	-6.02654	-6.10906
1362	2	4	5	2	10	1	5	-6.89223	-10.2078	-10.1112	-10.3376
1363	2	1	21	3	2	1	5	-2.94703	-2.4833	-4.25775	-4.5028
1364	2	1	21	3	2	1	5	-2.94703	-2.4833	-4.25775	-4.5028
1365	2	4	1	2	2	1	5	-2.77748	-3.6386	-4.12281	-4.12177
1366	2	4	2	2	6	1	5	-6.1349	-4.82679	-5.94925	-7.65989
1367	2	4	1	2	7	1	5	-2.3046	-5.62075	-5.44699	-5.30545
1368	2	4	1	2	2	1	5	-2.77748	-3.6386	-4.12281	-4.12177
1369	2	4	1	2	2	1	5	-2.77748	-3.6386	-4.12281	-4.12177
1370	4	7	10	4	1	7	1	-1.82049	-3.76636	-2.61761	-1.92733
1371	4	7	10	4	42	51	1	-2.92638	-4.61269	-4.76726	-3.81325
1372	2	1	5	3	2	3	5	-4.25998	-3.24656	-5.24863	-4.7709
1373	2	1	12	3	2	1	5	-2.64165	-2.11054	-3.57145	-4.77217
1374	2	1	1	3	2	1	5	-4.63981	-3.78136	-6.06854	-7.1392
1375	2	4	1	2	2	1	5	-2.77748	-3.6386	-4.12281	-4.12177
1376	4	7	10	4	1	7	1	-1.82049	-3.76636	-2.61761	-1.92733
1377	10	1	16	19	10	5	7	-6.7051	-2.74088	-4.17337	-5.09122
1378	2	4	1	2	7	1	5	-2.3046	-5.62075	-5.44699	-5.30545
1379	2	4	1	2	2	1	5	-2.77748	-3.6386	-4.12281	-4.12177
1380	10	81	50	99	120	76	52	-6.68219	-6.3802	-5.32796	-5.1382
1381	2	1	12	3	2	1	5	-2.64165	-2.11054	-3.57145	-4.77217
1382	2	4	1	2	2	1	5	-2.77748	-3.6386	-4.12281	-4.12177
1383	2	4	1	2	7	1	5	-2.3046	-5.62075	-5.44699	-5.30545
1384	1	2	3	4	5	9	3	-4.75569	-2.48182	-3.62076	-4.83037
1385	8	10	2	2	11	12	6	-3.9546	-7.23778	-7.18004	-7.40211
1386	1	4	2	2	6	3	17	-4.75838	-2.44287	-4.44074	-5.42637
1387	2	4	1	2	2	1	5	-2.77748	-3.6386	-4.12281	-4.12177
1388	2	4	1	2	2	1	5	-2.77748	-3.6386	-4.12281	-4.12177
1389	10	7	10	4	1	7	1	-12.241	-10.9193	-9.7702	-9.12421
1390	2	1	21	3	2	1	5	-2.94703	-2.4833	-4.25775	-4.5028
1391	2	1	21	3	2	1	5	-2.94703	-2.4833	-4.25775	-4.5028
1392	10	1	16	19	10	5	7	-6.7051	-2.74088	-4.17337	-5.09122
1393	2	1	5	3	2	3	5	-4.25998	-3.24656	-5.24863	-4.7709
1394	2	1	5	3	2	3	5	-4.25998	-3.24656	-5.24863	-4.7709
1395	2	4	1	2	2	5	5	-6.82001	-6.39936	-8.5295	-9.51668
1396	2	4	1	2	7	1	5	-2.3046	-5.62075	-5.44699	-5.30545
1397	10	1	16	19	10	5	7	-6.7051	-2.74088	-4.17337	-5.09122
1398	2	4	1	2	7	1	5	-2.3046	-5.62075	-5.44699	-5.30545
1399	2	934	1	2	2	1	5	-7.36894	-7.86572	-7.0601	-6.37352
