Isolate	Loci0	Loci1	Loci2	Loci3	Loci4	Loci5	Loci6	Source0	Source1	Source2	Source3
0	1	2	3	4	5	9	3	-4.62744	-2.50085	-3.65549	-4.9947
1	4	7	10	4	1	7	1	-1.82668	-4.00314	-2.62258	-1.92467
2	2	4	1	2	2	1	5	-2.78157	-3.70344	-4.18361	-4.09474
3	2	4	1	2	2	1	5	-2.78157	-3.70344	-4.18361	-4.09474
4	9	25	2	10	22	3	6	-4.46764	-8.60176	-5.87664	-4.35268
5	4	7	10	4	1	7	1	-1.82668	-4.00314	-2.62258	-1.92467
6	4	7	10	4	1	7	1	-1.82668	-4.00314	-2.62258	-1.92467
7	4	7	10	4	42	51	1	-2.93197	-4.77602	-4.85444	-3.78795
8	2	4	1	2	2	1	5	-2.78157	-3.70344	-4.18361	-4.09474
9	10	81	50	99	120	76	52	-6.64646	-6.44028	-5.30285	-5.16225
10	2	1	21	3	2	1	5	-2.93752	-2.50145	-4.40829	-4.51996
11	2	1	21	3	2	1	5	-2.93752	-2.50145	-4.40829	-4.51996
12	9	25	2	10	22	3	6	-4.46764	-8.60176	-5.87664	-4.35268
13	2	1	21	3	2	1	5	-2.93752	-2.50145	-4.40829	-4.51996
14	10	27	16	19	10	5	7	-20.7157	-12.4461	-15.932	-17.9538
15	2	4	1	2	2	1	5	-2.78157	-3.70344	-4.18361	-4.09474
16	2	4	1	2	2	1	5	-2.78157	-3.70344	-4.18361	-4.09474
17	9	2	4	62	4	5	6	-3.719	-5.30726	-5.8745	-6.55284
18	9	53	2	53	11	3	3	-30.6938	-25.2612	-25.6835	-23.9728
19	2	4	1	2	2	1	5	-2.78157	-3.70344	-4.18361	-4.09474
20	2	4	1	2	2	1	5	-2.78157	-3.70344	-4.18361	-4.09474
21	4	7	10	4	1	7	1	-1.82668	-4.00314	-2.62258	-1.92467
22	2	4	1	2	2	1	5	-2.78157	-3.70344	-4.18361	-4.09474
23	1	4	2	2	6	3	17	-4.65158	-2.45906	-4.57022	-5.66365
24	4	7	10	4	1	7	1	-1.82668	-4.00314	-2.62258	-1.92467
25	2	1	21	3	2	1	5	-2.93752	-2.50145	-4.40829	-4.51996
26	8	10	2	2	11	12	6	-3.9584	-8.05206	-7.65649	-6.97822
27	2	4	2	2	6	1	5	-6.08878	-4.84224	-5.99167	-7.86954
28	2	1	12	3	2	1	5	-2.62831	-2.12564	-3.66833	-4.82519
29	2	4	1	2	2	1	5	-2.78157	-3.70344	-4.18361	-4.09474
30	4	7	10	4	1	7	1	-1.82668	-4.00314	-2.62258	-1.92467
31	10	1	16	19	10	5	7	-6.18368	-2.75724	-4.2237	-5.25628
32	1	2	3	4	5	9	3	-4.62744	-2.50085	-3.65549	-4.9947
33	2	4	1	2	2	1	5	-2.78157	-3.70344	-4.18361	-4.09474
34	2	4	1	2	2	1	5	-2.78157	-3.70344	-4.18361	-4.09474
35	2	4	1	2	2	1	5	-2.78157	-3.70344	-4.18361	-4.09474
36	4	7	10	4	1	7	1	-1.82668	-4.00314	-2.62258	-1.92467
37	129	66	30	82	189	47	17	-3.24865	-5.00788	-5.45595	-4.13348
38	2	1	12	3	357	1	5	-6.47704	-5.40675	-6.55163	-6.92845
39	9	2	4	62	4	5	6	-3.719	-5.30726	-5.8745	-6.55284
40	2	1	1	3	2	1	5	-4.62906	-3.79204	-6.32499	-7.25732
41	2	1	12	3	357	1	5	-6.47704	-5.40675	-6.55163	-6.92845
42	2	1	5	3	2	3	5	-4.24053	-3.25971	-5.41202	-4.80447
43	2	1	5	3	2	3	5	-4.24053	-3.25971	-5.41202	-4.80447
44	2	4	1	2	2	1	5	-2.78157	-3.70344	-4.18361	-4.09474
45	2	4	1	2	2	1	5	-2.78157	-3.70344	-4.18361	-4.09474
46	2	4	2	2	6	1	5	-6.08878	-4.84224	-5.99167	-7.86954
47	1	4	2	2	6	3	17	-4.65158	-2.45906	-4.57022	-5.66365
48	2	1	21	3	2	1	5	-2.93752	-2.50145	-4.40829	-4.51996
49	2	1	2	3	2	3	5	-3.7639	-7.72741	-7.45203	-6.77334
50	2	1	21	3	2	1	5	-2.93752	-2.50145	-4.40829	-4.51996
51	7	17	2	15	23	3	12	-6.90431	-11.1633	-10.6068	-9.92447
52	2	4	1	2	7	1	5	-2.31269	-6.55323	-5.87193	-5.01737
53	9	2	4	62	4	5	6	-3.719	-5.30726	-5.8745	-6.55284
54	2	4	1	2	7	1	5	-2.31269	-6.55323	-5.87193	-5.01737
55	9	2	4	62	4	5	6	-3.719	-5.30726	-5.8745	-6.55284
56	2	1	12	88	2	1	5	-3.95539	-3.44239	-5.68695	-5.33935
57	2	1	5	3	2	3	5	-4.24053	-3.25971	-5.41202	-4.80447
58	2	4	1	2	2	1	5	-2.78157	-3.70344	-4.18361	-4.09474
59	9	2	4	62	4	5	6	-3.719	-5.30726	-5.8745	-6.55284
60	2	1	5	3	2	3	5	-4.24053	-3.25971	-5.41202	-4.80447
61	2	4	1	2	2	1	5	-2.78157	-3.70344	-4.18361	-4.09474
62	2	4	1	2	2	1	5	-2.78157	-3.70344	-4.18361	-4.09474
63	2	4	1	2	2	1	5	-2.78157	-3.70344	-4.18361	-4.09474
64	2	4	1	2	2	1	5	-2.78157	-3.70344	-4.18361	-4.09474
65	2	4	1	2	2	1	5	-2.78157	-3.70344	-4.18361	-4.09474
66	2	4	1	2	2	1	5	-2.78157	-3.70344	-4.18361	-4.09474
67	1	2	215	4	90	24	8	-29.8357	-27.0124	-22.0136	-19.4347
68	2	4	1	2	2	1	5	-2.78157	-3.70344	-4.18361	-4.09474
69	1	2	3	4	5	9	3	-4.62744	-2.50085	-3.65549	-4.9947
70	2	4	1	2	2	1	5	-2.78157	-3.70344	-4.18361	-4.09474
71	2	4	1	2	2	1	5	-2.78157	-3.70344	-4.18361	-4.09474
72	9	25	2	10	22	3	6	-4.46764	-8.60176	-5.87664	-4.35268
73	2	15	4	48	360	25	23	-6.65684	-9.81126	-5.69011	-4.90893
74	2	4	1	2	2	1	5	-2.78157	-3.70344	-4.18361	-4.09474
75	2	1	12	88	2	1	5	-3.95539	-3.44239	-5.68695	-5.33935
76	2	4	2	2	6	1	5	-6.08878	-4.84224	-5.99167	-7.86954
77	10	1	16	19	10	5	7	-6.18368	-2.75724	-4.2237	-5.25628
78	2	4	1	2	2	1	5	-2.78157	-3.70344	-4.18361	-4.09474
79	2	1	12	3	2	1	5	-2.62831	-2.12564	-3.66833	-4.82519
80	2	4	1	2	2	1	5	-2.78157	-3.70344	-4.18361	-4.09474
81	2	4	1	2	2	1	5	-2.78157	-3.70344	-4.18361	-4.09474
82	1	4	2	2	6	3	17	-4.65158	-2.45906	-4.57022	-5.66365
83	10	1	16	19	10	5	7	-6.18368	-2.75724	-4.2237	-5.25628
84	8	10	149	2	11	12	6	-4.88147	-3.99222	-5.69597	-7.19883
85	2	4	1	2	2	1	5	-2.78157	-3.70344	-4.18361	-4.09474
86	2	4	1	2	7	1	5	-2.31269	-6.55323	-5.87193	-5.01737
87	32	39	30	82	104	324	17	-8.25848	-4.69095	-7.33517	-9.15536
88	1	2	3	4	5	9	3	-4.62744	-2.50085	-3.65549	-4.9947
89	2	1	5	3	2	3	5	-4.24053	-3.25971	-5.41202	-4.80447
90	2	4	1	2	2	1	5	-2.78157	-3.70344	-4.18361	-4.09474
91	2	4	1	2	7	1	5	-2.31269	-6.55323	-5.87193	-5.01737
92	4	7	10	4	1	7	1	-1.82668	-4.00314	-2.62258	-1.92467
93	2	1	2	3	2	3	5	-3.7639	-7.72741	-7.45203	-6.77334
94	2	1	12	3	2	1	5	-2.62831	-2.12564	-3.66833	-4.82519
95	2	1	21	3	2	1	5	-2.93752	-2.50145	-4.40829	-4.51996
96	2	1	21	3	2	1	5	-2.93752	-2.50145	-4.40829	-4.51996
97	9	2	5	2	11	3	1	-30.5082	-31.6311	-28.0438	-26.0153
98	4	7	10	4	1	7	1	-1.82668	-4.00314	-2.62258	-1.92467
99	2	1	2	3	2	3	5	-3.7639	-7.72741	-7.45203	-6.77334
100	2	1	21	3	2	1	5	-2.93752	-2.50145	-4.40829	-4.51996
101	4	7	10	4	1	7	1	-1.82668	-4.00314	-2.62258	-1.92467
102	2	1	21	3	2	1	5	-2.93752	-2.50145	-4.40829	-4.51996
103	1	4	2	2	6	3	17	-4.65158	-2.45906	-4.57022	-5.66365
104	2	4	5	2	10	1	5	-6.89927	-11.129	-10.5901	-9.91278
105	2	1	12	88	2	1	5	-3.95539	-3.44239	-5.68695	-5.33935
106	9	2	4	62	4	5	6	-3.719	-5.30726	-5.8745	-6.55284
107	2	165	73	147	220	190	104	-8.59501	-11.3881	-6.82401	-5.24036
108	2	1	21	3	2	1	5	-2.93752	-2.50145	-4.40829	-4.51996
109	2	4	1	2	2	1	5	-2.78157	-3.70344	-4.18361	-4.09474
110	2	1	12	3	11	1	6	-19.7044	-16.9152	-20.2321	-20.8591
111	2	1	2	3	2	3	5	-3.7639	-7.72741	-7.45203	-6.77334
112	2	4	1	2	7	1	5	-2.31269	-6.55323	-5.87193	-5.01737
113	2	1	2	3	2	3	5	-3.7639	-7.72741	-7.45203	-6.77334
114	2	1	21	3	2	1	5	-2.93752	-2.50145	-4.40829	-4.51996
115	2	4	1	2	7	1	5	-2.31269	-6.55323	-5.87193	-5.01737
116	33	39	30	82	113	43	17	-9.42935	-6.46201	-6.21883	-8.46506
117	2	4	1	2	2	1	5	-2.78157	-3.70344	-4.18361	-4.09474
118	2	4	1	2	2	1	5	-2.78157	-3.70344	-4.18361	-4.09474
119	2	4	1	2	2	1	5	-2.78157	-3.70344	-4.18361	-4.09474
120	2	4	1	2	7	1	5	-2.31269	-6.55323	-5.87193	-5.01737
121	4	7	10	1	1	7	1	-5.27194	-9.21143	-6.02873	-6.09472
122	2	1	12	3	2	1	5	-2.62831	-2.12564	-3.66833	-4.82519
123	2	4	1	2	2	1	5	-2.78157	-3.70344	-4.18361	-4.09474
124	2	4	1	2	2	1	5	-2.78157	-3.70344	-4.18361	-4.09474
125	2	4	1	2	7	1	5	-2.31269	-6.55323	-5.87193	-5.01737
126	2	4	1	2	2	1	5	-2.78157	-3.70344	-4.18361	-4.09474
127	2	4	1	2	2	1	5	-2.78157	-3.70344	-4.18361	-4.09474
128	2	1	12	88	2	1	5	-3.95539	-3.44239	-5.68695	-5.33935
129	2	1	12	3	2	1	5	-2.62831	-2.12564	-3.66833	-4.82519
130	2	1	12	3	2	1	5	-2.62831	-2.12564	-3.66833	-4.82519
131	2	4	1	2	7	1	5	-2.31269	-6.55323	-5.87193	-5.01737
132	2	1	21	3	2	1	5	-2.93752	-2.50145	-4.40829	-4.51996
133	2	1	21	3	2	1	5	-2.93752	-2.50145	-4.40829	-4.51996
134	2	4	5	2	2	5	5	-3.67793	-7.89423	-6.91236	-5.80446
135	2	1	21	3	2	1	5	-2.93752	-2.50145	-4.40829	-4.51996
136	1	4	2	2	6	3	1	-11.8253	-9.802	-10.4066	-11.1184
137	2	1	5	3	2	3	5	-4.24053	-3.25971	-5.41202	-4.80447
138	2	1	5	3	2	3	5	-4.24053	-3.25971	-5.41202	-4.80447
139	4	7	10	4	1	7	1	-1.82668	-4.00314	-2.62258	-1.92467
140	8	10	2	2	11	12	6	-3.9584	-8.05206	-7.65649	-6.97822
141	2	1	2	3	2	3	5	-3.7639	-7.72741	-7.45203	-6.77334
142	2	1	5	3	2	3	5	-4.24053	-3.25971	-5.41202	-4.80447
143	2	1	2	3	2	3	5	-3.7639	-7.72741	-7.45203	-6.77334
144	129	66	30	82	189	47	17	-3.24865	-5.00788	-5.45595	-4.13348
145	2	4	1	2	2	1	5	-2.78157	-3.70344	-4.18361	-4.09474
146	2	4	1	2	2	1	5	-2.78157	-3.70344	-4.18361	-4.09474
147	7	21	5	62	4	61	44	-7.35717	-3.84499	-5.68097	-7.73057
148	2	4	1	2	2	1	5	-2.78157	-3.70344	-4.18361	-4.09474
149	2	937	1	2	2	1	5	-6.55223	-6.98658	-7.06184	-6.18554
150	1	14	2	2	6	1	17	-9.16085	-6.45733	-7.65404	-6.33011
151	1	4	2	2	6	3	17	-4.65158	-2.45906	-4.57022	-5.66365
152	8	10	149	2	11	12	6	-4.88147	-3.99222	-5.69597	-7.19883
153	2	1	12	3	2	1	5	-2.62831	-2.12564	-3.66833	-4.82519
154	9	30	2	2	89	59	6	-4.95731	-9.21671	-8.65991	-7.97739
155	1	2	3	4	5	9	3	-4.62744	-2.50085	-3.65549	-4.9947
156	2	4	1	2	2	1	5	-2.78157	-3.70344	-4.18361	-4.09474
157	2	4	1	2	2	1	5	-2.78157	-3.70344	-4.18361	-4.09474
158	180	194	2	68	19	231	147	-24.537	-25.9889	-23.4238	-18.836
159	2	4	1	2	2	1	5	-2.78157	-3.70344	-4.18361	-4.09474
160	2	4	1	2	2	1	5	-2.78157	-3.70344	-4.18361	-4.09474
161	2	4	1	2	2	1	5	-2.78157	-3.70344	-4.18361	-4.09474
162	4	7	10	4	1	7	1	-1.82668	-4.00314	-2.62258	-1.92467
163	2	4	1	2	2	1	5	-2.78157	-3.70344	-4.18361	-4.09474
164	2	1	21	3	2	1	5	-2.93752	-2.50145	-4.40829	-4.51996
165	2	4	1	2	7	1	5	-2.31269	-6.55323	-5.87193	-5.01737
166	2	4	1	2	2	1	5	-2.78157	-3.70344	-4.18361	-4.09474
167	10	1	16	19	10	5	7	-6.18368	-2.75724	-4.2237	-5.25628
168	104	7	10	4	1	7	1	-4.41525	-8.67933	-8.10208	-7.41271
169	2	4	1	2	2	1	5	-2.78157	-3.70344	-4.18361	-4.09474
170	10	27	16	19	10	5	7	-20.7157	-12.4461	-15.932	-17.9538
171	2	4	1	2	2	1	5	-2.78157	-3.70344	-4.18361	-4.09474
172	2	1	1	3	2	1	5	-4.62906	-3.79204	-6.32499	-7.25732
173	7	21	5	62	4	61	44	-7.35717	-3.84499	-5.68097	-7.73057
174	2	1	1	3	2	1	5	-4.62906	-3.79204	-6.32499	-7.25732
175	10	1	16	19	10	5	7	-6.18368	-2.75724	-4.2237	-5.25628
176	2	4	1	2	2	1	5	-2.78157	-3.70344	-4.18361	-4.09474
177	2	4	1	2	2	1	5	-2.78157	-3.70344	-4.18361	-4.09474
178	2	1	12	3	2	1	5	-2.62831	-2.12564	-3.66833	-4.82519
179	2	4	1	2	2	1	5	-2.78157	-3.70344	-4.18361	-4.09474
180	2	4	1	2	2	1	5	-2.78157	-3.70344	-4.18361	-4.09474
181	1	4	2	2	6	3	17	-4.65158	-2.45906	-4.57022	-5.66365
182	2	1	12	3	2	1	5	-2.62831	-2.12564	-3.66833	-4.82519
183	4	7	10	4	1	7	1	-1.82668	-4.00314	-2.62258	-1.92467
184	2	4	1	2	2	1	5	-2.78157	-3.70344	-4.18361	-4.09474
185	2	4	1	2	2	1	5	-2.78157	-3.70344	-4.18361	-4.09474
186	2	1	21	3	2	1	5	-2.93752	-2.50145	-4.40829	-4.51996
187	4	7	10	4	1	7	1	-1.82668	-4.00314	-2.62258	-1.92467
188	4	7	10	4	42	51	1	-2.93197	-4.77602	-4.85444	-3.78795
189	2	1	5	3	2	3	5	-4.24053	-3.25971	-5.41202	-4.80447
190	1	2	4	62	4	5	17	-6.10855	-4.86359	-7.42278	-8.58566
191	4	7	10	4	1	7	1	-1.82668	-4.00314	-2.62258	-1.92467
192	4	7	10	4	42	51	1	-2.93197	-4.77602	-4.85444	-3.78795
193	2	1	21	3	2	1	5	-2.93752	-2.50145	-4.40829	-4.51996
194	4	7	10	4	42	51	1	-2.93197	-4.77602	-4.85444	-3.78795
195	2	4	1	2	7	1	5	-2.31269	-6.55323	-5.87193	-5.01737
196	2	4	1	2	2	1	5	-2.78157	-3.70344	-4.18361	-4.09474
197	1	2	3	4	5	9	3	-4.62744	-2.50085	-3.65549	-4.9947
198	1	2	4	62	4	5	17	-6.10855	-4.86359	-7.42278	-8.58566
199	2	250	4	281	358	25	57	-28.7367	-29.5009	-19.6328	-17.5217
200	9	2	4	62	4	5	6	-3.719	-5.30726	-5.8745	-6.55284
201	1	2	3	4	5	9	3	-4.62744	-2.50085	-3.65549	-4.9947
202	4	7	10	4	1	7	1	-1.82668	-4.00314	-2.62258	-1.92467
203	2	4	2	4	19	3	6	-5.80264	-10.0518	-9.49823	-8.81419
204	4	7	10	4	1	7	1	-1.82668	-4.00314	-2.62258	-1.92467
205	4	7	10	4	42	51	1	-2.93197	-4.77602	-4.85444	-3.78795
206	2	1	12	3	2	1	5	-2.62831	-2.12564	-3.66833	-4.82519
207	4	7	10	4	1	7	1	-1.82668	-4.00314	-2.62258	-1.92467
208	2	1	12	3	2	1	5	-2.62831	-2.12564	-3.66833	-4.82519
209	1	2	4	62	4	5	17	-6.10855	-4.86359	-7.42278	-8.58566
210	4	7	10	4	42	51	1	-2.93197	-4.77602	-4.85444	-3.78795
211	2	4	1	2	2	1	5	-2.78157	-3.70344	-4.18361	-4.09474
212	4	7	10	4	1	7	1	-1.82668	-4.00314	-2.62258	-1.92467
213	2	1	21	3	2	1	5	-2.93752	-2.50145	-4.40829	-4.51996
214	47	2	4	2	6	5	17	-10.2901	-10.5704	-6.27118	-8.54997
215	2	1	21	3	2	1	5	-2.93752	-2.50145	-4.40829	-4.51996
216	2	1	21	3	2	1	5	-2.93752	-2.50145	-4.40829	-4.51996
217	2	4	1	2	2	1	5	-2.78157	-3.70344	-4.18361	-4.09474
218	2	4	1	2	2	1	5	-2.78157	-3.70344	-4.18361	-4.09474
219	10	81	50	99	120	76	52	-6.64646	-6.44028	-5.30285	-5.16225
220	2	4	1	2	2	1	5	-2.78157	-3.70344	-4.18361	-4.09474
221	2	4	1	2	2	1	5	-2.78157	-3.70344	-4.18361	-4.09474
222	1	4	2	2	6	3	17	-4.65158	-2.45906	-4.57022	-5.66365
223	1	2	4	62	4	5	17	-6.10855	-4.86359	-7.42278	-8.58566
224	4	7	10	4	1	7	1	-1.82668	-4.00314	-2.62258	-1.92467
225	4	7	10	4	1	7	1	-1.82668	-4.00314	-2.62258	-1.92467
226	10	1	16	19	10	5	7	-6.18368	-2.75724	-4.2237	-5.25628
227	2	4	1	2	2	1	5	-2.78157	-3.70344	-4.18361	-4.09474
228	2	4	1	2	7	1	5	-2.31269	-6.55323	-5.87193	-5.01737
229	1	4	2	348	6	3	17	-8.95102	-5.37198	-8.022	-9.84563
230	1	2	4	62	4	5	17	-6.10855	-4.86359	-7.42278	-8.58566
231	10	27	16	19	10	5	7	-20.7157	-12.4461	-15.932	-17.9538
232	1	4	2	2	6	3	17	-4.65158	-2.45906	-4.57022	-5.66365
233	4	7	10	4	42	51	1	-2.93197	-4.77602	-4.85444	-3.78795
234	2	4	1	2	2	1	5	-2.78157	-3.70344	-4.18361	-4.09474
235	2	1	12	3	2	1	5	-2.62831	-2.12564	-3.66833	-4.82519
236	2	1	12	88	2	1	5	-3.95539	-3.44239	-5.68695	-5.33935
237	2	4	1	2	7	1	5	-2.31269	-6.55323	-5.87193	-5.01737
238	2	1	12	3	2	1	5	-2.62831	-2.12564	-3.66833	-4.82519
239	1	4	2	2	6	3	17	-4.65158	-2.45906	-4.57022	-5.66365
240	2	1	4	28	58	25	58	-5.64275	-9.21871	-5.32102	-4.22837
241	2	1	5	3	2	3	5	-4.24053	-3.25971	-5.41202	-4.80447
242	2	1	12	3	2	1	5	-2.62831	-2.12564	-3.66833	-4.82519
243	2	4	1	2	2	1	5	-2.78157	-3.70344	-4.18361	-4.09474
244	2	1	5	10	11	1	5	-28.2326	-21.2474	-24.1057	-25.2816
245	2	1	12	3	2	1	5	-2.62831	-2.12564	-3.66833	-4.82519
246	2	1	12	88	2	1	5	-3.95539	-3.44239	-5.68695	-5.33935
247	2	1	12	3	2	1	5	-2.62831	-2.12564	-3.66833	-4.82519
248	2	1	12	3	2	1	5	-2.62831	-2.12564	-3.66833	-4.82519
249	1	4	2	2	6	3	17	-4.65158	-2.45906	-4.57022	-5.66365
250	9	2	4	62	4	5	6	-3.719	-5.30726	-5.8745	-6.55284
251	2	1	12	3	2	1	5	-2.62831	-2.12564	-3.66833	-4.82519
252	8	10	149	2	11	12	6	-4.88147	-3.99222	-5.69597	-7.19883
253	2	1	21	3	2	1	5	-2.93752	-2.50145	-4.40829	-4.51996
254	1	2	3	4	5	9	3	-4.62744	-2.50085	-3.65549	-4.9947
255	2	1	5	3	2	3	5	-4.24053	-3.25971	-5.41202	-4.80447
256	1	307	3	4	5	9	3	-6.82985	-6.45029	-6.19354	-8.25084
257	1	4	2	2	6	3	17	-4.65158	-2.45906	-4.57022	-5.66365
258	2	4	1	2	7	1	5	-2.31269	-6.55323	-5.87193	-5.01737
259	2	4	1	2	2	1	5	-2.78157	-3.70344	-4.18361	-4.09474
260	2	61	4	64	126	7	23	-5.98991	-9.74357	-5.81737	-4.23932
261	7	21	5	62	4	61	44	-7.35717	-3.84499	-5.68097	-7.73057
262	2	1	12	3	2	1	5	-2.62831	-2.12564	-3.66833	-4.82519
263	2	4	1	2	2	1	5	-2.78157	-3.70344	-4.18361	-4.09474
264	2	1	12	3	2	1	5	-2.62831	-2.12564	-3.66833	-4.82519
265	2	1	21	3	2	1	5	-2.93752	-2.50145	-4.40829	-4.51996
266	2	1	21	3	2	1	5	-2.93752	-2.50145	-4.40829	-4.51996
267	2	4	1	2	2	1	5	-2.78157	-3.70344	-4.18361	-4.09474
268	2	4	1	2	2	1	5	-2.78157	-3.70344	-4.18361	-4.09474
269	2	4	1	2	7	1	5	-2.31269	-6.55323	-5.87193	-5.01737
270	4	7	10	4	1	7	1	-1.82668	-4.00314	-2.62258	-1.92467
271	1	2	4	62	4	5	17	-6.10855	-4.86359	-7.42278	-8.58566
272	4	1	21	3	2	1	5	-10.1911	-9.94208	-10.3679	-10.0386
273	10	1	16	19	10	5	7	-6.18368	-2.75724	-4.2237	-5.25628
274	33	283	44	82	189	44	17	-6.94972	-3.48458	-5.42156	-6.07285
275	2	1	12	3	2	1	5	-2.62831	-2.12564	-3.66833	-4.82519
276	10	81	50	99	120	76	52	-6.64646	-6.44028	-5.30285	-5.16225
277	4	7	10	4	42	25	1	-8.41128	-10.2086	-5.80098	-5.17194
278	2	4	1	2	2	1	5	-2.78157	-3.70344	-4.18361	-4.09474
279	2	4	5	2	10	1	5	-6.89927	-11.129	-10.5901	-9.91278
280	2	4	1	2	2	1	5	-2.78157	-3.70344	-4.18361	-4.09474
281	9	2	4	62	4	5	6	-3.719	-5.30726	-5.8745	-6.55284
282	4	7	10	4	1	7	1	-1.82668	-4.00314	-2.62258	-1.92467
283	2	1	12	3	2	1	5	-2.62831	-2.12564	-3.66833	-4.82519
284	9	2	4	62	4	5	6	-3.719	-5.30726	-5.8745	-6.55284
285	9	2	4	62	4	5	6	-3.719	-5.30726	-5.8745	-6.55284
286	2	4	1	2	2	1	5	-2.78157	-3.70344	-4.18361	-4.09474
287	2	1	12	88	2	1	5	-3.95539	-3.44239	-5.68695	-5.33935
288	2	1	21	3	2	1	5	-2.93752	-2.50145	-4.40829	-4.51996
289	33	39	30	79	113	44	17	-26.818	-24.1006	-24.9442	-26.9435
290	1	2	3	4	5	9	3	-4.62744	-2.50085	-3.65549	-4.9947
291	1	4	2	2	6	3	17	-4.65158	-2.45906	-4.57022	-5.66365
292	9	2	4	62	4	5	6	-3.719	-5.30726	-5.8745	-6.55284
293	2	1	12	3	2	1	5	-2.62831	-2.12564	-3.66833	-4.82519
294	2	1	5	3	2	5	5	-5.54949	-2.8325	-4.13641	-5.59772
295	2	1	5	3	2	5	5	-5.54949	-2.8325	-4.13641	-5.59772
296	2	4	1	2	2	1	5	-2.78157	-3.70344	-4.18361	-4.09474
297	2	4	1	2	2	1	5	-2.78157	-3.70344	-4.18361	-4.09474
298	2	1	21	3	2	1	5	-2.93752	-2.50145	-4.40829	-4.51996
299	32	39	30	82	104	324	17	-8.25848	-4.69095	-7.33517	-9.15536
300	2	1	12	3	2	1	5	-2.62831	-2.12564	-3.66833	-4.82519
301	4	7	10	4	1	7	1	-1.82668	-4.00314	-2.62258	-1.92467
302	1	4	2	2	6	3	5	-8.8576	-5.23405	-7.94025	-9.74564
303	2	1	21	3	2	1	5	-2.93752	-2.50145	-4.40829	-4.51996
304	4	7	10	4	42	51	1	-2.93197	-4.77602	-4.85444	-3.78795
305	2	4	1	2	7	1	5	-2.31269	-6.55323	-5.87193	-5.01737
306	7	21	5	62	4	61	44	-7.35717	-3.84499	-5.68097	-7.73057
307	104	7	10	4	1	7	1	-4.41525	-8.67933	-8.10208	-7.41271
308	9	25	2	10	22	3	6	-4.46764	-8.60176	-5.87664	-4.35268
309	2	4	2	2	6	3	17	-11.2358	-7.31822	-10.0418	-10.9489
310	2	4	1	2	7	1	5	-2.31269	-6.55323	-5.87193	-5.01737
311	129	66	30	82	189	47	17	-3.24865	-5.00788	-5.45595	-4.13348
312	33	39	30	82	104	173	68	-5.39635	-3.99657	-6.56931	-7.80657
313	2	1	12	3	2	1	5	-2.62831	-2.12564	-3.66833	-4.82519
314	2	1	1	3	2	1	5	-4.62906	-3.79204	-6.32499	-7.25732
315	7	21	5	62	4	61	44	-7.35717	-3.84499	-5.68097	-7.73057
316	2	1	21	3	2	1	5	-2.93752	-2.50145	-4.40829	-4.51996
317	4	7	10	4	1	7	1	-1.82668	-4.00314	-2.62258	-1.92467
318	10	2	107	62	120	76	1	-6.84427	-10.9292	-7.85511	-6.3108
319	4	7	10	4	1	7	1	-1.82668	-4.00314	-2.62258	-1.92467
320	2	1	12	3	2	1	5	-2.62831	-2.12564	-3.66833	-4.82519
321	2	1	5	3	2	3	5	-4.24053	-3.25971	-5.41202	-4.80447
322	4	7	10	4	1	7	1	-1.82668	-4.00314	-2.62258	-1.92467
323	2	1	12	88	2	1	5	-3.95539	-3.44239	-5.68695	-5.33935
324	4	7	10	4	42	7	1	-6.56338	-9.62986	-5.55587	-4.65363
325	4	7	10	4	42	51	1	-2.93197	-4.77602	-4.85444	-3.78795
326	2	1	21	3	2	1	5	-2.93752	-2.50145	-4.40829	-4.51996
327	2	1	12	3	2	1	5	-2.62831	-2.12564	-3.66833	-4.82519
328	4	7	10	4	1	7	1	-1.82668	-4.00314	-2.62258	-1.92467
329	2	4	1	2	7	1	5	-2.31269	-6.55323	-5.87193	-5.01737
330	4	7	10	4	1	7	1	-1.82668	-4.00314	-2.62258	-1.92467
331	2	1	12	3	2	1	5	-2.62831	-2.12564	-3.66833	-4.82519
332	4	7	10	4	1	7	1	-1.82668	-4.00314	-2.62258	-1.92467
333	4	7	10	4	1	7	1	-1.82668	-4.00314	-2.62258	-1.92467
334	1	4	2	2	6	3	17	-4.65158	-2.45906	-4.57022	-5.66365
335	2	4	1	2	2	1	5	-2.78157	-3.70344	-4.18361	-4.09474
336	4	7	10	4	1	7	1	-1.82668	-4.00314	-2.62258	-1.92467
337	7	17	2	15	23	3	12	-6.90431	-11.1633	-10.6068	-9.92447
338	2	1	5	3	2	3	5	-4.24053	-3.25971	-5.41202	-4.80447
339	4	7	10	4	1	7	1	-1.82668	-4.00314	-2.62258	-1.92467
340	4	7	10	4	1	7	1	-1.82668	-4.00314	-2.62258	-1.92467
341	4	7	10	4	42	51	1	-2.93197	-4.77602	-4.85444	-3.78795
342	2	4	1	2	2	1	5	-2.78157	-3.70344	-4.18361	-4.09474
343	2	1	12	88	2	1	5	-3.95539	-3.44239	-5.68695	-5.33935
344	2	1	1	3	2	1	5	-4.62906	-3.79204	-6.32499	-7.25732
345	1	2	3	4	5	9	3	-4.62744	-2.50085	-3.65549	-4.9947
346	2	1	12	88	2	1	5	-3.95539	-3.44239	-5.68695	-5.33935
347	2	1	1	3	2	1	5	-4.62906	-3.79204	-6.32499	-7.25732
348	24	17	2	10	23	68	5	-9.35651	-5.78682	-8.43273	-10.2534
349	4	7	10	4	1	7	1	-1.82668	-4.00314	-2.62258	-1.92467
350	2	1	21	3	2	1	5	-2.93752	-2.50145	-4.40829	-4.51996
351	1	4	2	2	6	3	17	-4.65158	-2.45906	-4.57022	-5.66365
352	2	1	5	3	2	3	5	-4.24053	-3.25971	-5.41202	-4.80447
353	4	7	10	4	1	7	1	-1.82668	-4.00314	-2.62258	-1.92467
354	2	1	1	3	2	1	5	-4.62906	-3.79204	-6.32499	-7.25732
355	2	1	12	3	2	1	5	-2.62831	-2.12564	-3.66833	-4.82519
356	8	10	149	2	11	12	6	-4.88147	-3.99222	-5.69597	-7.19883
357	2	4	1	2	2	5	5	-6.83269	-6.40743	-8.79606	-9.5122
358	10	1	16	19	10	5	7	-6.18368	-2.75724	-4.2237	-5.25628
359	24	17	2	10	23	68	5	-9.35651	-5.78682	-8.43273	-10.2534
360	1	2	4	62	4	5	17	-6.10855	-4.86359	-7.42278	-8.58566
361	2	4	1	2	7	1	5	-2.31269	-6.55323	-5.87193	-5.01737
362	7	71	5	62	11	67	6	-29.7268	-25.146	-27.3189	-26.9573
363	7	17	5	2	10	3	6	-26.3666	-24.3398	-23.6037	-22.6814
364	2	1	5	3	2	3	5	-4.24053	-3.25971	-5.41202	-4.80447
365	9	2	4	62	4	5	6	-3.719	-5.30726	-5.8745	-6.55284
366	33	38	30	82	104	325	36	-13.899	-9.77287	-12.0129	-13.0518
367	2	4	1	2	7	1	5	-2.31269	-6.55323	-5.87193	-5.01737
368	47	2	4	2	6	5	17	-10.2901	-10.5704	-6.27118	-8.54997
369	2	1	12	88	2	1	5	-3.95539	-3.44239	-5.68695	-5.33935
370	2	1	12	88	2	1	5	-3.95539	-3.44239	-5.68695	-5.33935
371	2	1	12	88	2	1	5	-3.95539	-3.44239	-5.68695	-5.33935
372	2	1	12	88	2	1	5	-3.95539	-3.44239	-5.68695	-5.33935
373	2	4	1	2	2	1	5	-2.78157	-3.70344	-4.18361	-4.09474
374	2	1	12	88	2	1	5	-3.95539	-3.44239	-5.68695	-5.33935
375	1	1	2	2	6	3	17	-9.9089	-6.06963	-8.84544	-10.6095
376	2	1	12	88	2	1	5	-3.95539	-3.44239	-5.68695	-5.33935
377	2	1	12	88	2	1	5	-3.95539	-3.44239	-5.68695	-5.33935
378	2	4	1	2	2	1	5	-2.78157	-3.70344	-4.18361	-4.09474
379	2	1	12	88	2	1	5	-3.95539	-3.44239	-5.68695	-5.33935
380	2	1	5	3	2	3	5	-4.24053	-3.25971	-5.41202	-4.80447
381	4	7	10	4	1	7	1	-1.82668	-4.00314	-2.62258	-1.92467
382	2	1	12	3	2	1	5	-2.62831	-2.12564	-3.66833	-4.82519
383	1	2	4	62	4	5	17	-6.10855	-4.86359	-7.42278	-8.58566
384	1	4	2	2	6	3	17	-4.65158	-2.45906	-4.57022	-5.66365
385	2	1	12	3	2	1	5	-2.62831	-2.12564	-3.66833	-4.82519
386	2	1	12	88	2	1	5	-3.95539	-3.44239	-5.68695	-5.33935
387	9	2	4	62	4	5	6	-3.719	-5.30726	-5.8745	-6.55284
388	2	4	1	2	7	1	5	-2.31269	-6.55323	-5.87193	-5.01737
389	2	1	5	3	2	3	5	-4.24053	-3.25971	-5.41202	-4.80447
390	7	21	5	62	4	61	44	-7.35717	-3.84499	-5.68097	-7.73057
391	1	2	215	4	90	24	8	-29.8357	-27.0124	-22.0136	-19.4347
392	2	1	21	3	2	1	5	-2.93752	-2.50145	-4.40829	-4.51996
393	1	4	2	2	6	3	17	-4.65158	-2.45906	-4.57022	-5.66365
394	2	4	1	2	2	1	5	-2.78157	-3.70344	-4.18361	-4.09474
395	2	1	12	3	2	1	5	-2.62831	-2.12564	-3.66833	-4.82519
396	1	2	3	4	5	9	3	-4.62744	-2.50085	-3.65549	-4.9947
397	2	1	5	3	2	3	5	-4.24053	-3.25971	-5.41202	-4.80447
398	10	1	16	19	10	5	7	-6.18368	-2.75724	-4.2237	-5.25628
399	2	1	2	3	2	959	5	-7.61082	-10.0381	-10.2779	-8.86806
400	10	1	16	19	10	5	7	-6.18368	-2.75724	-4.2237	-5.25628
401	2	4	1	2	7	1	5	-2.31269	-6.55323	-5.87193	-5.01737
402	2	1	12	3	2	1	5	-2.62831	-2.12564	-3.66833	-4.82519
403	8	10	149	2	11	12	6	-4.88147	-3.99222	-5.69597	-7.19883
404	2	4	1	2	7	1	5	-2.31269	-6.55323	-5.87193	-5.01737
405	4	7	10	4	1	7	1	-1.82668	-4.00314	-2.62258	-1.92467
406	4	7	10	4	1	7	1	-1.82668	-4.00314	-2.62258	-1.92467
407	2	4	5	2	2	5	5	-3.67793	-7.89423	-6.91236	-5.80446
408	2	1	12	3	2	1	5	-2.62831	-2.12564	-3.66833	-4.82519
409	166	2	27	10	151	3	1	-31.8585	-29.8576	-26.8001	-23.0404
410	33	39	30	79	113	44	17	-26.818	-24.1006	-24.9442	-26.9435
411	7	17	2	15	23	3	12	-6.90431	-11.1633	-10.6068	-9.92447
412	1	2	3	4	5	9	3	-4.62744	-2.50085	-3.65549	-4.9947
413	2	4	1	2	7	1	5	-2.31269	-6.55323	-5.87193	-5.01737
414	7	21	5	62	4	61	44	-7.35717	-3.84499	-5.68097	-7.73057
415	2	1	12	3	2	1	5	-2.62831	-2.12564	-3.66833	-4.82519
416	1	2	3	4	5	9	3	-4.62744	-2.50085	-3.65549	-4.9947
417	2	1	5	88	2	11	5	-8.71544	-5.35232	-6.10256	-8.3023
418	2	4	1	2	7	1	5	-2.31269	-6.55323	-5.87193	-5.01737
419	2	1	21	3	2	1	5	-2.93752	-2.50145	-4.40829	-4.51996
420	7	17	2	15	23	3	12	-6.90431	-11.1633	-10.6068	-9.92447
421	2	1	5	88	2	11	5	-8.71544	-5.35232	-6.10256	-8.3023
422	47	2	4	2	6	5	17	-10.2901	-10.5704	-6.27118	-8.54997
423	1	2	3	4	5	9	3	-4.62744	-2.50085	-3.65549	-4.9947
424	7	17	2	15	23	3	12	-6.90431	-11.1633	-10.6068	-9.92447
425	2	4	1	2	2	1	5	-2.78157	-3.70344	-4.18361	-4.09474
426	2	4	1	2	2	1	5	-2.78157	-3.70344	-4.18361	-4.09474
427	2	4	1	2	2	1	5	-2.78157	-3.70344	-4.18361	-4.09474
428	2	1	12	3	2	1	5	-2.62831	-2.12564	-3.66833	-4.82519
429	2	4	5	2	2	5	5	-3.67793	-7.89423	-6.91236	-5.80446
430	2	1	21	3	2	1	5	-2.93752	-2.50145	-4.40829	-4.51996
431	4	7	10	4	42	25	1	-8.41128	-10.2086	-5.80098	-5.17194
432	1	4	2	2	6	3	17	-4.65158	-2.45906	-4.57022	-5.66365
433	1	2	215	4	923	24	8	-29.8357	-27.0124	-22.0136	-19.4347
434	1	2	3	4	5	9	3	-4.62744	-2.50085	-3.65549	-4.9947
435	2	1	1	3	2	1	5	-4.62906	-3.79204	-6.32499	-7.25732
436	1	4	2	2	6	3	17	-4.65158	-2.45906	-4.57022	-5.66365
437	2	4	1	2	2	1	5	-2.78157	-3.70344	-4.18361	-4.09474
438	2	1	5	3	2	5	5	-5.54949	-2.8325	-4.13641	-5.59772
439	4	7	10	4	42	51	1	-2.93197	-4.77602	-4.85444	-3.78795
440	4	7	10	4	1	7	1	-1.82668	-4.00314	-2.62258	-1.92467
441	4	7	10	4	1	7	1	-1.82668	-4.00314	-2.62258	-1.92467
442	4	7	10	4	1	7	1	-1.82668	-4.00314	-2.62258	-1.92467
443	2	1	21	3	2	1	5	-2.93752	-2.50145	-4.40829	-4.51996
444	2	1	21	3	2	1	5	-2.93752	-2.50145	-4.40829	-4.51996
445	2	4	1	2	7	1	5	-2.31269	-6.55323	-5.87193	-5.01737
446	4	7	10	4	1	7	1	-1.82668	-4.00314	-2.62258	-1.92467
447	4	7	10	4	1	7	1	-1.82668	-4.00314	-2.62258	-1.92467
448	2	1	1	3	2	1	5	-4.62906	-3.79204	-6.32499	-7.25732
449	2	1	21	3	2	1	5	-2.93752	-2.50145	-4.40829	-4.51996
450	2	1	21	3	2	1	5	-2.93752	-2.50145	-4.40829	-4.51996
451	4	7	10	4	42	51	1	-2.93197	-4.77602	-4.85444	-3.78795
452	4	7	10	1	1	7	1	-5.27194	-9.21143	-6.02873	-6.09472
453	239	27	16	19	10	5	7	-10.0511	-6.48266	-9.12642	-10.9479
454	2	1	12	3	2	1	5	-2.62831	-2.12564	-3.66833	-4.82519
455	2	4	1	2	2	1	5	-2.78157	-3.70344	-4.18361	-4.09474
456	2	1	12	3	2	1	5	-2.62831	-2.12564	-3.66833	-4.82519
457	2	1	12	3	2	1	5	-2.62831	-2.12564	-3.66833	-4.82519
458	10	81	50	99	120	76	52	-6.64646	-6.44028	-5.30285	-5.16225
459	47	2	4	2	6	5	17	-10.2901	-10.5704	-6.27118	-8.54997
460	2	4	1	3	2	1	5	-6.85747	-8.40148	-9.79264	-9.65536
461	4	7	10	4	1	7	1	-1.82668	-4.00314	-2.62258	-1.92467
462	2	1	1	380	2	1	5	-6.16371	-5.75013	-8.21639	-8.9141
463	2	4	1	2	7	1	5	-2.31269	-6.55323	-5.87193	-5.01737
464	2	1	12	88	2	1	5	-3.95539	-3.44239	-5.68695	-5.33935
465	7	71	5	62	11	67	1	-31.1968	-25.4488	-26.1306	-26.3391
466	2	4	1	2	7	1	5	-2.31269	-6.55323	-5.87193	-5.01737
467	4	7	10	4	1	7	1	-1.82668	-4.00314	-2.62258	-1.92467
468	2	1	1	380	2	1	5	-6.16371	-5.75013	-8.21639	-8.9141
469	2	4	1	2	2	1	5	-2.78157	-3.70344	-4.18361	-4.09474
470	2	1	12	3	2	1	5	-2.62831	-2.12564	-3.66833	-4.82519
471	1	14	2	2	6	1	17	-9.16085	-6.45733	-7.65404	-6.33011
472	1	2	4	62	4	5	17	-6.10855	-4.86359	-7.42278	-8.58566
473	4	7	10	4	1	7	1	-1.82668	-4.00314	-2.62258	-1.92467
474	2	1	21	3	2	1	5	-2.93752	-2.50145	-4.40829	-4.51996
475	2	4	1	2	2	1	5	-2.78157	-3.70344	-4.18361	-4.09474
476	1	4	2	2	6	3	17	-4.65158	-2.45906	-4.57022	-5.66365
477	4	7	10	4	1	7	1	-1.82668	-4.00314	-2.62258	-1.92467
478	10	2	107	62	120	76	1	-6.84427	-10.9292	-7.85511	-6.3108
479	2	1	12	3	2	1	5	-2.62831	-2.12564	-3.66833	-4.82519
480	2	1	5	3	2	3	5	-4.24053	-3.25971	-5.41202	-4.80447
481	2	1	21	3	2	1	5	-2.93752	-2.50145	-4.40829	-4.51996
482	1	2	3	4	5	9	3	-4.62744	-2.50085	-3.65549	-4.9947
483	1	307	3	4	5	9	3	-6.82985	-6.45029	-6.19354	-8.25084
484	7	2	5	2	10	3	6	-32.6596	-27.2054	-28.4093	-28.608
485	1	2	3	4	5	9	3	-4.62744	-2.50085	-3.65549	-4.9947
486	33	39	30	82	104	173	68	-5.39635	-3.99657	-6.56931	-7.80657
487	4	7	10	4	42	7	1	-6.56338	-9.62986	-5.55587	-4.65363
488	2	1	12	88	2	1	5	-3.95539	-3.44239	-5.68695	-5.33935
489	2	4	1	2	2	1	5	-2.78157	-3.70344	-4.18361	-4.09474
490	2	1	21	3	2	1	5	-2.93752	-2.50145	-4.40829	-4.51996
491	9	2	4	62	4	5	6	-3.719	-5.30726	-5.8745	-6.55284
492	2	1	5	3	2	3	5	-4.24053	-3.25971	-5.41202	-4.80447
493	4	7	10	4	1	7	1	-1.82668	-4.00314	-2.62258	-1.92467
494	2	1	57	26	127	29	35	-6.8682	-10.1231	-6.25413	-8.30932
495	2	1	57	26	127	29	35	-6.8682	-10.1231	-6.25413	-8.30932
496	2	4	2	4	19	3	6	-5.80264	-10.0518	-9.49823	-8.81419
497	2	1	12	3	2	1	5	-2.62831	-2.12564	-3.66833	-4.82519
498	2	4	1	2	2	1	5	-2.78157	-3.70344	-4.18361	-4.09474
499	2	4	1	2	2	1	5	-2.78157	-3.70344	-4.18361	-4.09474
500	2	1	21	3	2	1	5	-2.93752	-2.50145	-4.40829	-4.51996
501	33	39	65	79	104	43	17	-4.60123	-8.86038	-8.30354	-7.62191
502	1	14	2	2	6	1	17	-9.16085	-6.45733	-7.65404	-6.33011
503	2	1	12	3	2	1	5	-2.62831	-2.12564	-3.66833	-4.82519
504	7	21	5	62	4	61	44	-7.35717	-3.84499	-5.68097	-7.73057
505	9	2	4	62	4	5	6	-3.719	-5.30726	-5.8745	-6.55284
506	129	66	30	82	189	47	17	-3.24865	-5.00788	-5.45595	-4.13348
507	2	1	21	3	2	1	5	-2.93752	-2.50145	-4.40829	-4.51996
508	47	2	4	2	6	5	17	-10.2901	-10.5704	-6.27118	-8.54997
509	2	4	1	2	7	1	5	-2.31269	-6.55323	-5.87193	-5.01737
510	33	38	30	82	104	325	36	-13.899	-9.77287	-12.0129	-13.0518
511	1	4	2	2	6	3	17	-4.65158	-2.45906	-4.57022	-5.66365
512	1	4	2	2	6	3	17	-4.65158	-2.45906	-4.57022	-5.66365
513	2	4	1	2	2	1	5	-2.78157	-3.70344	-4.18361	-4.09474
514	4	7	10	4	1	7	1	-1.82668	-4.00314	-2.62258	-1.92467
515	33	283	44	82	189	44	17	-6.94972	-3.48458	-5.42156	-6.07285
516	8	10	149	2	11	12	6	-4.88147	-3.99222	-5.69597	-7.19883
517	2	1	21	3	62	1	5	-5.80095	-10.0325	-9.49565	-8.81621
518	10	1	16	19	10	5	7	-6.18368	-2.75724	-4.2237	-5.25628
519	180	194	2	68	19	231	147	-24.537	-25.9889	-23.4238	-18.836
520	2	4	1	2	7	1	5	-2.31269	-6.55323	-5.87193	-5.01737
521	2	4	2	2	6	1	5	-6.08878	-4.84224	-5.99167	-7.86954
522	1	2	3	4	5	9	3	-4.62744	-2.50085	-3.65549	-4.9947
523	2	1	21	3	2	1	5	-2.93752	-2.50145	-4.40829	-4.51996
524	2	1	12	3	2	1	5	-2.62831	-2.12564	-3.66833	-4.82519
525	2	1	5	3	2	3	5	-4.24053	-3.25971	-5.41202	-4.80447
526	1	307	3	4	5	9	3	-6.82985	-6.45029	-6.19354	-8.25084
527	2	4	1	2	7	1	5	-2.31269	-6.55323	-5.87193	-5.01737
528	2	1	12	3	2	1	5	-2.62831	-2.12564	-3.66833	-4.82519
529	7	21	5	62	4	61	44	-7.35717	-3.84499	-5.68097	-7.73057
530	2	1	5	3	2	3	5	-4.24053	-3.25971	-5.41202	-4.80447
531	2	1	12	88	2	1	5	-3.95539	-3.44239	-5.68695	-5.33935
532	2	1	21	3	2	1	5	-2.93752	-2.50145	-4.40829	-4.51996
533	1	4	2	2	6	3	17	-4.65158	-2.45906	-4.57022	-5.66365
534	2	4	1	2	7	1	5	-2.31269	-6.55323	-5.87193	-5.01737
535	47	2	4	2	6	5	17	-10.2901	-10.5704	-6.27118	-8.54997
536	1	4	2	2	6	3	17	-4.65158	-2.45906	-4.57022	-5.66365
537	1	2	3	4	5	9	3	-4.62744	-2.50085	-3.65549	-4.9947
538	2	4	1	2	2	1	5	-2.78157	-3.70344	-4.18361	-4.09474
539	4	7	10	4	42	7	1	-6.56338	-9.62986	-5.55587	-4.65363
540	2	4	1	9	2	1	5	-6.61462	-6.99022	-7.06826	-6.19673
541	2	1	12	3	2	1	5	-2.62831	-2.12564	-3.66833	-4.82519
542	1	4	2	9	6	3	17	-8.48743	-5.69615	-7.42544	-7.7535
543	1	2	3	4	922	9	3	-8.4759	-5.78931	-6.54152	-7.09905
544	4	7	10	4	1	7	1	-1.82668	-4.00314	-2.62258	-1.92467
545	2	1	5	3	2	3	5	-4.24053	-3.25971	-5.41202	-4.80447
546	2	4	1	2	7	1	5	-2.31269	-6.55323	-5.87193	-5.01737
547	4	7	10	4	1	7	1	-1.82668	-4.00314	-2.62258	-1.92467
548	2	4	1	2	2	1	5	-2.78157	-3.70344	-4.18361	-4.09474
549	2	1	21	3	2	1	5	-2.93752	-2.50145	-4.40829	-4.51996
550	4	7	10	4	1	7	1	-1.82668	-4.00314	-2.62258	-1.92467
551	1	4	2	2	6	3	17	-4.65158	-2.45906	-4.57022	-5.66365
552	2	1	5	3	2	5	5	-5.54949	-2.8325	-4.13641	-5.59772
553	2	1	12	3	2	1	5	-2.62831	-2.12564	-3.66833	-4.82519
554	4	936	10	4	1	7	1	-5.6694	-7.28837	-5.484	-4.03116
555	180	194	2	68	19	231	147	-24.537	-25.9889	-23.4238	-18.836
556	4	7	10	4	42	51	1	-2.93197	-4.77602	-4.85444	-3.78795
557	4	7	10	4	42	25	1	-8.41128	-10.2086	-5.80098	-5.17194
558	2	1	21	3	2	1	5	-2.93752	-2.50145	-4.40829	-4.51996
559	2	1	5	3	2	3	5	-4.24053	-3.25971	-5.41202	-4.80447
560	2	1	5	3	2	3	5	-4.24053	-3.25971	-5.41202	-4.80447
561	4	7	10	4	42	51	1	-2.93197	-4.77602	-4.85444	-3.78795
562	4	7	10	4	1	7	1	-1.82668	-4.00314	-2.62258	-1.92467
563	2	4	1	2	7	1	5	-2.31269	-6.55323	-5.87193	-5.01737
564	2	1	21	3	2	1	5	-2.93752	-2.50145	-4.40829	-4.51996
565	1	4	2	2	6	3	17	-4.65158	-2.45906	-4.57022	-5.66365
566	188	313	5	2	89	5	6	-41.159	-34.884	-36.7488	-39.4276
567	2	1	21	3	2	1	5	-2.93752	-2.50145	-4.40829	-4.51996
568	2	1	1	3	2	1	5	-4.62906	-3.79204	-6.32499	-7.25732
569	2	1	5	3	2	3	5	-4.24053	-3.25971	-5.41202	-4.80447
570	2	4	1	2	2	1	5	-2.78157	-3.70344	-4.18361	-4.09474
571	2	1	5	3	2	3	5	-4.24053	-3.25971	-5.41202	-4.80447
572	2	1	1	3	2	1	5	-4.62906	-3.79204	-6.32499	-7.25732
573	2	1	5	3	2	3	5	-4.24053	-3.25971	-5.41202	-4.80447
574	1	4	2	2	6	3	17	-4.65158	-2.45906	-4.57022	-5.66365
575	1	4	2	2	6	3	17	-4.65158	-2.45906	-4.57022	-5.66365
576	2	1	21	3	2	1	5	-2.93752	-2.50145	-4.40829	-4.51996
577	239	27	16	19	10	5	7	-10.0511	-6.48266	-9.12642	-10.9479
578	2	4	5	2	2	5	5	-3.67793	-7.89423	-6.91236	-5.80446
579	9	2	4	62	4	5	6	-3.719	-5.30726	-5.8745	-6.55284
580	2	1	1	3	2	1	5	-4.62906	-3.79204	-6.32499	-7.25732
581	2	1	5	3	2	3	5	-4.24053	-3.25971	-5.41202	-4.80447
582	1	4	2	2	6	3	17	-4.65158	-2.45906	-4.57022	-5.66365
583	2	4	5	2	2	5	5	-3.67793	-7.89423	-6.91236	-5.80446
584	2	4	5	2	2	5	5	-3.67793	-7.89423	-6.91236	-5.80446
585	2	1	5	3	2	3	5	-4.24053	-3.25971	-5.41202	-4.80447
586	2	1	1	380	2	1	5	-6.16371	-5.75013	-8.21639	-8.9141
587	2	7	10	4	1	7	1	-6.68703	-8.77101	-8.01845	-7.14718
588	2	1	12	3	2	1	5	-2.62831	-2.12564	-3.66833	-4.82519
589	2	4	1	2	2	1	5	-2.78157	-3.70344	-4.18361	-4.09474
590	9	2	4	62	4	5	6	-3.719	-5.30726	-5.8745	-6.55284
591	2	4	5	2	2	5	5	-3.67793	-7.89423	-6.91236	-5.80446
592	1	4	2	2	6	3	17	-4.65158	-2.45906	-4.57022	-5.66365
593	1	4	2	2	6	5	17	-13.2344	-8.36541	-11.4394	-13.7516
594	2	4	2	2	6	1	5	-6.08878	-4.84224	-5.99167	-7.86954
595	1	4	2	2	6	5	17	-13.2344	-8.36541	-11.4394	-13.7516
596	2	23	21	3	2	1	5	-6.7866	-5.79645	-7.29624	-6.62595
597	7	21	5	62	4	61	44	-7.35717	-3.84499	-5.68097	-7.73057
598	2	4	1	2	2	1	5	-2.78157	-3.70344	-4.18361	-4.09474
599	1	307	3	4	5	9	3	-6.82985	-6.45029	-6.19354	-8.25084
600	1	2	3	4	5	9	3	-4.62744	-2.50085	-3.65549	-4.9947
601	9	2	4	62	4	5	6	-3.719	-5.30726	-5.8745	-6.55284
602	2	1	12	3	2	1	5	-2.62831	-2.12564	-3.66833	-4.82519
603	1	4	2	2	6	3	17	-4.65158	-2.45906	-4.57022	-5.66365
604	10	1	16	19	10	5	7	-6.18368	-2.75724	-4.2237	-5.25628
605	2	1	12	3	2	1	5	-2.62831	-2.12564	-3.66833	-4.82519
606	180	194	2	68	19	231	147	-24.537	-25.9889	-23.4238	-18.836
607	2	1	12	3	2	1	5	-2.62831	-2.12564	-3.66833	-4.82519
608	4	7	10	4	1	7	1	-1.82668	-4.00314	-2.62258	-1.92467
609	129	66	30	82	189	47	17	-3.24865	-5.00788	-5.45595	-4.13348
610	4	7	10	4	1	7	1	-1.82668	-4.00314	-2.62258	-1.92467
611	2	1	12	3	2	1	5	-2.62831	-2.12564	-3.66833	-4.82519
612	2	1	21	3	2	1	5	-2.93752	-2.50145	-4.40829	-4.51996
613	4	7	10	4	1	7	1	-1.82668	-4.00314	-2.62258	-1.92467
614	10	1	16	19	10	5	7	-6.18368	-2.75724	-4.2237	-5.25628
615	8	10	149	2	11	12	6	-4.88147	-3.99222	-5.69597	-7.19883
616	129	66	30	82	189	47	17	-3.24865	-5.00788	-5.45595	-4.13348
617	2	4	1	2	2	1	5	-2.78157	-3.70344	-4.18361	-4.09474
618	180	194	2	68	19	231	147	-24.537	-25.9889	-23.4238	-18.836
619	2	1	5	3	2	3	5	-4.24053	-3.25971	-5.41202	-4.80447
620	2	4	1	2	2	1	5	-2.78157	-3.70344	-4.18361	-4.09474
621	1	2	3	4	5	9	3	-4.62744	-2.50085	-3.65549	-4.9947
622	180	194	2	68	19	231	147	-24.537	-25.9889	-23.4238	-18.836
623	33	39	65	79	104	43	17	-4.60123	-8.86038	-8.30354	-7.62191
624	2	4	5	2	2	5	5	-3.67793	-7.89423	-6.91236	-5.80446
625	2	1	5	3	2	5	5	-5.54949	-2.8325	-4.13641	-5.59772
626	2	1	12	3	2	1	5	-2.62831	-2.12564	-3.66833	-4.82519
627	180	194	2	68	19	231	147	-24.537	-25.9889	-23.4238	-18.836
628	2	1	21	3	2	1	5	-2.93752	-2.50145	-4.40829	-4.51996
629	2	1	5	3	2	5	5	-5.54949	-2.8325	-4.13641	-5.59772
630	2	1	21	3	2	1	5	-2.93752	-2.50145	-4.40829	-4.51996
631	1	2	3	4	5	9	3	-4.62744	-2.50085	-3.65549	-4.9947
632	2	1	21	3	2	1	5	-2.93752	-2.50145	-4.40829	-4.51996
633	8	10	2	2	11	12	6	-3.9584	-8.05206	-7.65649	-6.97822
634	2	4	1	2	7	1	5	-2.31269	-6.55323	-5.87193	-5.01737
635	2	1	5	3	2	3	5	-4.24053	-3.25971	-5.41202	-4.80447
636	1	2	3	4	5	9	3	-4.62744	-2.50085	-3.65549	-4.9947
637	9	2	4	62	4	5	6	-3.719	-5.30726	-5.8745	-6.55284
638	2	1	21	3	2	1	5	-2.93752	-2.50145	-4.40829	-4.51996
639	8	10	149	2	11	12	6	-4.88147	-3.99222	-5.69597	-7.19883
640	2	1	12	88	2	1	5	-3.95539	-3.44239	-5.68695	-5.33935
641	2	4	1	2	2	1	5	-2.78157	-3.70344	-4.18361	-4.09474
642	2	1	5	10	10	1	5	-24.3457	-22.3219	-22.7995	-23.4236
643	1	2	3	4	5	9	3	-4.62744	-2.50085	-3.65549	-4.9947
644	2	4	1	2	7	1	5	-2.31269	-6.55323	-5.87193	-5.01737
645	2	4	1	2	2	1	5	-2.78157	-3.70344	-4.18361	-4.09474
646	1	2	3	4	5	9	3	-4.62744	-2.50085	-3.65549	-4.9947
647	2	1	12	88	2	1	5	-3.95539	-3.44239	-5.68695	-5.33935
648	4	7	10	4	1	7	1	-1.82668	-4.00314	-2.62258	-1.92467
649	2	1	21	3	2	1	5	-2.93752	-2.50145	-4.40829	-4.51996
650	2	4	1	2	7	1	5	-2.31269	-6.55323	-5.87193	-5.01737
651	33	38	30	82	118	43	17	-20.4187	-19.2917	-21.0074	-22.3742
652	2	4	1	2	2	1	5	-2.78157	-3.70344	-4.18361	-4.09474
653	2	1	5	3	2	3	5	-4.24053	-3.25971	-5.41202	-4.80447
654	4	7	10	4	1	7	1	-1.82668	-4.00314	-2.62258	-1.92467
655	8	10	2	2	11	12	6	-3.9584	-8.05206	-7.65649	-6.97822
656	2	4	5	2	2	5	5	-3.67793	-7.89423	-6.91236	-5.80446
657	4	7	10	4	1	7	1	-1.82668	-4.00314	-2.62258	-1.92467
658	2	1	5	3	2	3	5	-4.24053	-3.25971	-5.41202	-4.80447
659	33	39	30	82	113	47	17	-5.77665	-5.77482	-8.13841	-8.60963
660	2	1	21	3	2	1	5	-2.93752	-2.50145	-4.40829	-4.51996
661	2	4	1	2	7	1	5	-2.31269	-6.55323	-5.87193	-5.01737
662	2	1	1	3	2	1	5	-4.62906	-3.79204	-6.32499	-7.25732
663	4	7	10	4	1	7	1	-1.82668	-4.00314	-2.62258	-1.92467
664	7	21	5	62	4	61	44	-7.35717	-3.84499	-5.68097	-7.73057
665	10	81	50	99	120	76	52	-6.64646	-6.44028	-5.30285	-5.16225
666	4	7	10	4	1	7	1	-1.82668	-4.00314	-2.62258	-1.92467
667	1	2	3	4	5	9	3	-4.62744	-2.50085	-3.65549	-4.9947
668	1	2	3	4	5	9	3	-4.62744	-2.50085	-3.65549	-4.9947
669	2	4	1	2	7	1	5	-2.31269	-6.55323	-5.87193	-5.01737
670	4	7	10	4	1	7	1	-1.82668	-4.00314	-2.62258	-1.92467
671	2	1	5	3	2	3	5	-4.24053	-3.25971	-5.41202	-4.80447
672	1	4	2	2	6	3	17	-4.65158	-2.45906	-4.57022	-5.66365
673	4	935	10	4	1	7	1	-5.6694	-7.28837	-5.484	-4.03116
674	10	1	16	19	10	5	7	-6.18368	-2.75724	-4.2237	-5.25628
675	4	7	10	4	1	7	1	-1.82668	-4.00314	-2.62258	-1.92467
676	33	39	65	79	104	43	17	-4.60123	-8.86038	-8.30354	-7.62191
677	2	4	2	2	6	1	5	-6.08878	-4.84224	-5.99167	-7.86954
678	4	7	10	4	42	25	1	-8.41128	-10.2086	-5.80098	-5.17194
679	1	4	2	2	6	3	17	-4.65158	-2.45906	-4.57022	-5.66365
680	4	7	10	4	42	25	1	-8.41128	-10.2086	-5.80098	-5.17194
681	4	7	10	4	42	25	1	-8.41128	-10.2086	-5.80098	-5.17194
682	4	7	10	4	1	7	1	-1.82668	-4.00314	-2.62258	-1.92467
683	2	4	1	2	7	1	5	-2.31269	-6.55323	-5.87193	-5.01737
684	4	7	10	4	1	7	1	-1.82668	-4.00314	-2.62258	-1.92467
685	4	7	10	4	42	7	1	-6.56338	-9.62986	-5.55587	-4.65363
686	10	27	16	19	10	5	7	-20.7157	-12.4461	-15.932	-17.9538
687	10	81	50	99	120	76	52	-6.64646	-6.44028	-5.30285	-5.16225
688	4	7	10	4	1	7	1	-1.82668	-4.00314	-2.62258	-1.92467
689	4	7	10	4	42	51	1	-2.93197	-4.77602	-4.85444	-3.78795
690	4	7	10	4	1	7	1	-1.82668	-4.00314	-2.62258	-1.92467
691	10	81	50	99	120	76	52	-6.64646	-6.44028	-5.30285	-5.16225
692	2	4	1	2	2	1	5	-2.78157	-3.70344	-4.18361	-4.09474
693	4	7	10	4	42	51	1	-2.93197	-4.77602	-4.85444	-3.78795
694	4	7	10	4	42	51	1	-2.93197	-4.77602	-4.85444	-3.78795
695	4	7	10	4	42	51	1	-2.93197	-4.77602	-4.85444	-3.78795
696	8	10	2	2	11	12	6	-3.9584	-8.05206	-7.65649	-6.97822
697	33	38	30	82	104	43	17	-5.29428	-9.55184	-8.99478	-8.31101
698	4	7	10	4	1	7	1	-1.82668	-4.00314	-2.62258	-1.92467
699	10	81	50	99	120	76	52	-6.64646	-6.44028	-5.30285	-5.16225
700	2	4	1	2	7	1	5	-2.31269	-6.55323	-5.87193	-5.01737
701	4	7	10	4	1	7	1	-1.82668	-4.00314	-2.62258	-1.92467
702	4	7	10	4	1	7	1	-1.82668	-4.00314	-2.62258	-1.92467
703	10	81	50	99	120	76	52	-6.64646	-6.44028	-5.30285	-5.16225
704	4	7	10	4	42	51	1	-2.93197	-4.77602	-4.85444	-3.78795
705	9	2	4	62	4	5	6	-3.719	-5.30726	-5.8745	-6.55284
706	4	7	10	4	1	7	1	-1.82668	-4.00314	-2.62258	-1.92467
707	2	1	1	3	2	1	5	-4.62906	-3.79204	-6.32499	-7.25732
708	1	14	2	2	6	1	17	-9.16085	-6.45733	-7.65404	-6.33011
709	2	4	2	2	6	1	5	-6.08878	-4.84224	-5.99167	-7.86954
710	2	4	2	2	6	1	5	-6.08878	-4.84224	-5.99167	-7.86954
711	4	7	10	4	42	51	1	-2.93197	-4.77602	-4.85444	-3.78795
712	10	2	107	62	120	76	1	-6.84427	-10.9292	-7.85511	-6.3108
713	2	1	12	3	2	1	5	-2.62831	-2.12564	-3.66833	-4.82519
714	2	4	1	2	2	1	5	-2.78157	-3.70344	-4.18361	-4.09474
715	47	2	4	2	6	5	17	-10.2901	-10.5704	-6.27118	-8.54997
716	4	7	10	4	42	5	1	-11.4852	-10.6678	-11.0962	-11.3703
717	2	1	12	3	2	1	5	-2.62831	-2.12564	-3.66833	-4.82519
718	4	7	10	4	42	51	1	-2.93197	-4.77602	-4.85444	-3.78795
719	1	307	3	4	5	9	3	-6.82985	-6.45029	-6.19354	-8.25084
720	2	1	21	3	2	1	5	-2.93752	-2.50145	-4.40829	-4.51996
721	4	7	10	4	1	7	1	-1.82668	-4.00314	-2.62258	-1.92467
722	2	4	1	2	2	1	5	-2.78157	-3.70344	-4.18361	-4.09474
723	2	1	12	3	2	1	5	-2.62831	-2.12564	-3.66833	-4.82519
724	4	7	10	4	1	7	1	-1.82668	-4.00314	-2.62258	-1.92467
725	2	1	21	3	2	1	5	-2.93752	-2.50145	-4.40829	-4.51996
726	2	1	1	3	2	1	5	-4.62906	-3.79204	-6.32499	-7.25732
727	4	7	10	4	1	7	1	-1.82668	-4.00314	-2.62258	-1.92467
728	2	1	12	3	2	1	5	-2.62831	-2.12564	-3.66833	-4.82519
729	1	4	3	2	6	3	17	-14.9237	-8.84671	-11.7125	-14.2038
730	2	1	12	3	2	1	5	-2.62831	-2.12564	-3.66833	-4.82519
731	2	1	12	88	2	1	5	-3.95539	-3.44239	-5.68695	-5.33935
732	1	4	2	2	6	3	17	-4.65158	-2.45906	-4.57022	-5.66365
733	4	7	10	4	42	51	1	-2.93197	-4.77602	-4.85444	-3.78795
734	2	1	12	3	2	1	5	-2.62831	-2.12564	-3.66833	-4.82519
735	4	7	10	4	1	7	1	-1.82668	-4.00314	-2.62258	-1.92467
736	2	1	12	88	2	1	5	-3.95539	-3.44239	-5.68695	-5.33935
737	2	1	21	3	2	1	5	-2.93752	-2.50145	-4.40829	-4.51996
738	2	4	5	2	2	5	5	-3.67793	-7.89423	-6.91236	-5.80446
739	2	4	5	2	2	5	5	-3.67793	-7.89423	-6.91236	-5.80446
740	2	1	21	3	62	1	5	-5.80095	-10.0325	-9.49565	-8.81621
741	4	7	10	4	42	25	1	-8.41128	-10.2086	-5.80098	-5.17194
742	1	2	4	62	4	5	17	-6.10855	-4.86359	-7.42278	-8.58566
743	1	2	3	4	5	9	3	-4.62744	-2.50085	-3.65549	-4.9947
744	8	10	2	2	11	12	6	-3.9584	-8.05206	-7.65649	-6.97822
745	2	1	12	88	2	1	5	-3.95539	-3.44239	-5.68695	-5.33935
746	2	4	5	2	2	5	5	-3.67793	-7.89423	-6.91236	-5.80446
747	2	1	12	3	2	1	5	-2.62831	-2.12564	-3.66833	-4.82519
748	7	21	5	62	4	61	44	-7.35717	-3.84499	-5.68097	-7.73057
749	9	2	4	62	4	5	6	-3.719	-5.30726	-5.8745	-6.55284
750	10	1	16	19	10	5	7	-6.18368	-2.75724	-4.2237	-5.25628
751	10	1	16	19	10	5	7	-6.18368	-2.75724	-4.2237	-5.25628
752	8	10	2	2	11	12	6	-3.9584	-8.05206	-7.65649	-6.97822
753	1	4	2	2	6	3	17	-4.65158	-2.45906	-4.57022	-5.66365
754	2	1	12	3	2	1	5	-2.62831	-2.12564	-3.66833	-4.82519
755	2	1	12	88	2	1	5	-3.95539	-3.44239	-5.68695	-5.33935
756	2	29	4	27	10	25	57	-19.9916	-23.5983	-14.3261	-12.0209
757	2	1	5	3	2	3	5	-4.24053	-3.25971	-5.41202	-4.80447
758	2	1	12	3	2	1	5	-2.62831	-2.12564	-3.66833	-4.82519
759	37	52	57	26	107	29	23	-8.17957	-10.1191	-5.7004	-4.91456
760	2	4	1	2	7	1	5	-2.31269	-6.55323	-5.87193	-5.01737
761	1	2	3	4	5	9	3	-4.62744	-2.50085	-3.65549	-4.9947
762	2	1	12	3	2	1	5	-2.62831	-2.12564	-3.66833	-4.82519
763	1	4	2	2	6	3	17	-4.65158	-2.45906	-4.57022	-5.66365
764	1	4	2	2	6	3	17	-4.65158	-2.45906	-4.57022	-5.66365
765	1	2	3	4	5	9	3	-4.62744	-2.50085	-3.65549	-4.9947
766	4	7	10	4	1	7	1	-1.82668	-4.00314	-2.62258	-1.92467
767	2	1	21	3	2	1	5	-2.93752	-2.50145	-4.40829	-4.51996
768	2	1	12	3	2	1	5	-2.62831	-2.12564	-3.66833	-4.82519
769	2	4	1	2	2	5	5	-6.83269	-6.40743	-8.79606	-9.5122
770	2	4	1	2	2	1	5	-2.78157	-3.70344	-4.18361	-4.09474
771	2	4	5	2	2	5	5	-3.67793	-7.89423	-6.91236	-5.80446
772	10	1	16	19	10	5	7	-6.18368	-2.75724	-4.2237	-5.25628
773	7	21	5	62	4	61	44	-7.35717	-3.84499	-5.68097	-7.73057
774	9	2	4	62	4	5	6	-3.719	-5.30726	-5.8745	-6.55284
775	2	1	12	3	2	1	5	-2.62831	-2.12564	-3.66833	-4.82519
776	1	4	2	2	6	3	17	-4.65158	-2.45906	-4.57022	-5.66365
777	4	7	10	4	1	7	1	-1.82668	-4.00314	-2.62258	-1.92467
778	2	1	12	3	2	1	5	-2.62831	-2.12564	-3.66833	-4.82519
779	2	1	5	3	2	5	5	-5.54949	-2.8325	-4.13641	-5.59772
780	2	23	21	3	2	1	5	-6.7866	-5.79645	-7.29624	-6.62595
781	2	4	5	2	2	5	5	-3.67793	-7.89423	-6.91236	-5.80446
782	2	4	2	2	6	1	5	-6.08878	-4.84224	-5.99167	-7.86954
783	2	1	12	3	2	1	5	-2.62831	-2.12564	-3.66833	-4.82519
784	4	7	10	4	42	51	1	-2.93197	-4.77602	-4.85444	-3.78795
785	7	17	5	2	86	232	1	-29.389	-31.0451	-27.6446	-24.5157
786	2	4	1	2	2	1	5	-2.78157	-3.70344	-4.18361	-4.09474
787	2	1	12	3	2	1	5	-2.62831	-2.12564	-3.66833	-4.82519
788	2	1	21	3	2	1	5	-2.93752	-2.50145	-4.40829	-4.51996
789	7	17	2	15	23	3	12	-6.90431	-11.1633	-10.6068	-9.92447
790	2	1	5	3	2	5	5	-5.54949	-2.8325	-4.13641	-5.59772
791	1	6	60	24	12	28	1	-28.9071	-27.7377	-20.2779	-17.3944
792	1	2	3	4	5	9	3	-4.62744	-2.50085	-3.65549	-4.9947
793	2	4	5	2	2	5	5	-3.67793	-7.89423	-6.91236	-5.80446
794	1	2	3	4	5	9	3	-4.62744	-2.50085	-3.65549	-4.9947
795	1	6	60	24	12	28	1	-28.9071	-27.7377	-20.2779	-17.3944
796	9	2	4	62	4	5	6	-3.719	-5.30726	-5.8745	-6.55284
797	2	4	1	2	2	1	5	-2.78157	-3.70344	-4.18361	-4.09474
798	4	7	10	4	1	7	1	-1.82668	-4.00314	-2.62258	-1.92467
799	2	4	5	2	2	5	5	-3.67793	-7.89423	-6.91236	-5.80446
800	7	2	2	2	11	12	6	-4.50499	-8.76174	-8.20612	-7.52449
801	2	1	21	3	2	1	941	-6.78643	-5.77689	-7.28715	-6.62402
802	9	2	2	10	10	3	5	-31.1294	-24.1756	-25.7195	-25.3759
803	8	10	149	2	11	12	6	-4.88147	-3.99222	-5.69597	-7.19883
804	7	1	5	2	10	3	6	-33.6719	-28.8198	-29.5026	-28.9555
805	2	1	21	3	2	1	5	-2.93752	-2.50145	-4.40829	-4.51996
806	33	39	30	82	113	43	17	-9.42935	-6.46201	-6.21883	-8.46506
807	1	6	60	24	12	28	1	-28.9071	-27.7377	-20.2779	-17.3944
808	1	6	60	24	12	28	1	-28.9071	-27.7377	-20.2779	-17.3944
809	7	17	2	15	23	3	12	-6.90431	-11.1633	-10.6068	-9.92447
810	1	4	2	2	6	3	17	-4.65158	-2.45906	-4.57022	-5.66365
811	1	4	2	2	6	3	17	-4.65158	-2.45906	-4.57022	-5.66365
812	7	21	5	62	4	61	44	-7.35717	-3.84499	-5.68097	-7.73057
813	239	27	16	19	10	5	7	-10.0511	-6.48266	-9.12642	-10.9479
814	9	2	4	62	4	5	6	-3.719	-5.30726	-5.8745	-6.55284
815	10	1	16	19	10	5	7	-6.18368	-2.75724	-4.2237	-5.25628
816	2	1	5	3	2	5	5	-5.54949	-2.8325	-4.13641	-5.59772
817	2	4	5	2	2	5	5	-3.67793	-7.89423	-6.91236	-5.80446
818	8	10	2	2	11	12	6	-3.9584	-8.05206	-7.65649	-6.97822
819	7	17	2	15	23	3	12	-6.90431	-11.1633	-10.6068	-9.92447
820	2	4	1	4	1	1	5	-16.4164	-17.5479	-15.6144	-14.8926
821	4	7	10	4	1	7	1	-1.82668	-4.00314	-2.62258	-1.92467
822	8	10	149	2	11	12	6	-4.88147	-3.99222	-5.69597	-7.19883
823	2	1	12	88	2	1	5	-3.95539	-3.44239	-5.68695	-5.33935
824	2	4	2	2	6	1	5	-6.08878	-4.84224	-5.99167	-7.86954
825	10	81	50	99	120	76	52	-6.64646	-6.44028	-5.30285	-5.16225
826	2	4	5	2	2	5	5	-3.67793	-7.89423	-6.91236	-5.80446
827	2	4	1	2	2	5	5	-6.83269	-6.40743	-8.79606	-9.5122
828	8	10	149	2	11	12	6	-4.88147	-3.99222	-5.69597	-7.19883
829	1	4	2	2	6	3	17	-4.65158	-2.45906	-4.57022	-5.66365
830	2	165	73	147	220	190	104	-8.59501	-11.3881	-6.82401	-5.24036
831	4	7	10	4	42	25	1	-8.41128	-10.2086	-5.80098	-5.17194
832	7	2	2	2	11	12	6	-4.50499	-8.76174	-8.20612	-7.52449
833	1	6	60	24	12	28	1	-28.9071	-27.7377	-20.2779	-17.3944
834	2	1	12	3	2	1	5	-2.62831	-2.12564	-3.66833	-4.82519
835	33	39	65	79	104	77	17	-5.29424	-9.55253	-8.99676	-8.31494
836	4	7	10	4	1	7	1	-1.82668	-4.00314	-2.62258	-1.92467
837	1	2	3	4	5	9	3	-4.62744	-2.50085	-3.65549	-4.9947
838	2	1	21	3	2	1	5	-2.93752	-2.50145	-4.40829	-4.51996
839	2	1	12	3	2	1	5	-2.62831	-2.12564	-3.66833	-4.82519
840	4	7	10	4	1	7	1	-1.82668	-4.00314	-2.62258	-1.92467
841	2	4	1	2	7	1	5	-2.31269	-6.55323	-5.87193	-5.01737
842	184	39	30	82	113	43	17	-3.95696	-6.3208	-7.45349	-6.96075
843	4	7	10	4	1	7	1	-1.82668	-4.00314	-2.62258	-1.92467
844	2	4	1	2	2	1	5	-2.78157	-3.70344	-4.18361	-4.09474
845	4	7	10	4	1	7	1	-1.82668	-4.00314	-2.62258	-1.92467
846	2	1	12	88	2	1	5	-3.95539	-3.44239	-5.68695	-5.33935
847	2	1	21	3	2	1	5	-2.93752	-2.50145	-4.40829	-4.51996
848	1	2	3	4	5	9	3	-4.62744	-2.50085	-3.65549	-4.9947
849	4	7	10	4	1	7	1	-1.82668	-4.00314	-2.62258	-1.92467
850	2	1	21	3	2	1	5	-2.93752	-2.50145	-4.40829	-4.51996
851	8	10	2	2	11	12	6	-3.9584	-8.05206	-7.65649	-6.97822
852	2	4	1	2	2	1	5	-2.78157	-3.70344	-4.18361	-4.09474
853	2	4	1	2	2	1	5	-2.78157	-3.70344	-4.18361	-4.09474
854	2	4	2	2	6	1	5	-6.08878	-4.84224	-5.99167	-7.86954
855	2	4	1	2	2	1	5	-2.78157	-3.70344	-4.18361	-4.09474
856	2	4	1	2	2	1	5	-2.78157	-3.70344	-4.18361	-4.09474
857	2	4	1	2	2	1	5	-2.78157	-3.70344	-4.18361	-4.09474
858	1	2	3	4	5	9	3	-4.62744	-2.50085	-3.65549	-4.9947
859	2	4	1	2	2	1	5	-2.78157	-3.70344	-4.18361	-4.09474
860	2	4	1	2	2	1	5	-2.78157	-3.70344	-4.18361	-4.09474
861	8	10	2	2	11	12	6	-3.9584	-8.05206	-7.65649	-6.97822
862	2	1	5	3	2	3	5	-4.24053	-3.25971	-5.41202	-4.80447
863	33	39	30	82	104	173	68	-5.39635	-3.99657	-6.56931	-7.80657
864	2	4	1	2	7	1	5	-2.31269	-6.55323	-5.87193	-5.01737
865	8	10	2	2	11	12	6	-3.9584	-8.05206	-7.65649	-6.97822
866	2	4	1	2	7	1	5	-2.31269	-6.55323	-5.87193	-5.01737
867	1	2	3	4	5	9	3	-4.62744	-2.50085	-3.65549	-4.9947
868	1	2	215	4	90	24	8	-29.8357	-27.0124	-22.0136	-19.4347
869	2	1	1	3	2	1	5	-4.62906	-3.79204	-6.32499	-7.25732
870	10	81	50	99	120	76	52	-6.64646	-6.44028	-5.30285	-5.16225
871	2	4	1	2	7	1	5	-2.31269	-6.55323	-5.87193	-5.01737
872	2	1	12	3	2	1	5	-2.62831	-2.12564	-3.66833	-4.82519
873	2	4	1	2	2	1	5	-2.78157	-3.70344	-4.18361	-4.09474
874	2	4	1	2	2	1	5	-2.78157	-3.70344	-4.18361	-4.09474
875	2	4	1	2	2	1	5	-2.78157	-3.70344	-4.18361	-4.09474
876	2	1	5	3	2	3	5	-4.24053	-3.25971	-5.41202	-4.80447
877	2	4	1	2	2	1	5	-2.78157	-3.70344	-4.18361	-4.09474
878	4	7	10	4	1	7	1	-1.82668	-4.00314	-2.62258	-1.92467
879	2	4	1	2	7	1	5	-2.31269	-6.55323	-5.87193	-5.01737
880	2	4	5	2	2	5	5	-3.67793	-7.89423	-6.91236	-5.80446
881	2	4	1	2	2	1	5	-2.78157	-3.70344	-4.18361	-4.09474
882	8	10	2	2	11	12	6	-3.9584	-8.05206	-7.65649	-6.97822
883	4	7	10	4	1	7	1	-1.82668	-4.00314	-2.62258	-1.92467
884	2	4	1	2	2	1	5	-2.78157	-3.70344	-4.18361	-4.09474
885	166	2	1	10	17	3	1	-35.4615	-33.4662	-31.3949	-28.4564
886	2	4	1	2	7	1	5	-2.31269	-6.55323	-5.87193	-5.01737
887	2	4	1	2	2	1	5	-2.78157	-3.70344	-4.18361	-4.09474
888	4	7	10	4	1	7	1	-1.82668	-4.00314	-2.62258	-1.92467
889	4	7	10	4	1	7	1	-1.82668	-4.00314	-2.62258	-1.92467
890	2	4	1	2	7	1	5	-2.31269	-6.55323	-5.87193	-5.01737
891	2	4	1	2	2	1	5	-2.78157	-3.70344	-4.18361	-4.09474
892	2	1	5	3	2	3	5	-4.24053	-3.25971	-5.41202	-4.80447
893	9	25	2	10	22	3	6	-4.46764	-8.60176	-5.87664	-4.35268
894	2	1	21	3	62	1	5	-5.80095	-10.0325	-9.49565	-8.81621
895	129	66	30	82	189	47	17	-3.24865	-5.00788	-5.45595	-4.13348
896	129	66	30	82	189	47	17	-3.24865	-5.00788	-5.45595	-4.13348
897	4	7	10	4	1	7	1	-1.82668	-4.00314	-2.62258	-1.92467
898	2	4	1	2	2	1	5	-2.78157	-3.70344	-4.18361	-4.09474
899	4	7	10	4	42	7	1	-6.56338	-9.62986	-5.55587	-4.65363
900	2	4	1	2	7	1	5	-2.31269	-6.55323	-5.87193	-5.01737
901	1	307	3	4	5	9	3	-6.82985	-6.45029	-6.19354	-8.25084
902	2	1	21	3	2	1	5	-2.93752	-2.50145	-4.40829	-4.51996
903	4	7	10	4	1	7	1	-1.82668	-4.00314	-2.62258	-1.92467
904	2	1	21	3	2	1	5	-2.93752	-2.50145	-4.40829	-4.51996
905	2	4	1	2	2	5	5	-6.83269	-6.40743	-8.79606	-9.5122
906	2	4	1	2	7	1	5	-2.31269	-6.55323	-5.87193	-5.01737
907	2	4	1	2	7	1	5	-2.31269	-6.55323	-5.87193	-5.01737
908	2	4	1	2	7	1	5	-2.31269	-6.55323	-5.87193	-5.01737
909	4	7	10	4	1	7	1	-1.82668	-4.00314	-2.62258	-1.92467
910	8	10	2	2	11	12	6	-3.9584	-8.05206	-7.65649	-6.97822
911	7	21	5	62	4	61	44	-7.35717	-3.84499	-5.68097	-7.73057
912	2	1	12	88	2	1	5	-3.95539	-3.44239	-5.68695	-5.33935
913	2	4	1	2	2	1	5	-2.78157	-3.70344	-4.18361	-4.09474
914	1	2	3	4	5	9	3	-4.62744	-2.50085	-3.65549	-4.9947
915	2	4	1	2	7	1	5	-2.31269	-6.55323	-5.87193	-5.01737
916	2	4	1	2	2	1	5	-2.78157	-3.70344	-4.18361	-4.09474
917	2	4	1	2	2	1	5	-2.78157	-3.70344	-4.18361	-4.09474
918	2	4	1	2	7	1	5	-2.31269	-6.55323	-5.87193	-5.01737
919	4	7	10	4	1	7	1	-1.82668	-4.00314	-2.62258	-1.92467
920	2	1	5	3	2	3	5	-4.24053	-3.25971	-5.41202	-4.80447
921	2	4	1	2	7	1	5	-2.31269	-6.55323	-5.87193	-5.01737
922	2	4	1	2	2	1	5	-2.78157	-3.70344	-4.18361	-4.09474
923	8	10	2	2	11	12	6	-3.9584	-8.05206	-7.65649	-6.97822
924	2	1	12	3	2	1	5	-2.62831	-2.12564	-3.66833	-4.82519
925	48	7	10	4	183	7	1	-9.43273	-10.4844	-8.34029	-6.07308
926	7	21	5	62	4	61	44	-7.35717	-3.84499	-5.68097	-7.73057
927	4	7	10	4	1	7	1	-1.82668	-4.00314	-2.62258	-1.92467
928	9	25	2	10	22	3	6	-4.46764	-8.60176	-5.87664	-4.35268
929	2	4	1	2	2	1	5	-2.78157	-3.70344	-4.18361	-4.09474
930	2	4	1	2	7	1	5	-2.31269	-6.55323	-5.87193	-5.01737
931	2	4	1	2	2	1	5	-2.78157	-3.70344	-4.18361	-4.09474
932	2	4	1	2	2	1	5	-2.78157	-3.70344	-4.18361	-4.09474
933	9	25	2	10	22	3	6	-4.46764	-8.60176	-5.87664	-4.35268
934	2	4	1	2	2	1	5	-2.78157	-3.70344	-4.18361	-4.09474
935	2	4	1	2	2	1	5	-2.78157	-3.70344	-4.18361	-4.09474
936	2	4	1	2	7	1	5	-2.31269	-6.55323	-5.87193	-5.01737
937	2	4	1	2	7	1	5	-2.31269	-6.55323	-5.87193	-5.01737
938	2	4	1	2	2	1	5	-2.78157	-3.70344	-4.18361	-4.09474
939	2	4	1	2	2	1	5	-2.78157	-3.70344	-4.18361	-4.09474
940	4	7	10	4	1	7	1	-1.82668	-4.00314	-2.62258	-1.92467
941	2	4	1	2	2	1	5	-2.78157	-3.70344	-4.18361	-4.09474
942	4	7	10	4	1	7	1	-1.82668	-4.00314	-2.62258	-1.92467
943	2	4	1	2	7	1	5	-2.31269	-6.55323	-5.87193	-5.01737
944	2	4	1	2	2	1	5	-2.78157	-3.70344	-4.18361	-4.09474
945	4	7	10	4	1	7	1	-1.82668	-4.00314	-2.62258	-1.92467
946	9	25	2	10	22	3	6	-4.46764	-8.60176	-5.87664	-4.35268
947	10	81	50	99	120	76	52	-6.64646	-6.44028	-5.30285	-5.16225
948	2	1	21	3	2	1	5	-2.93752	-2.50145	-4.40829	-4.51996
949	4	7	10	4	1	7	1	-1.82668	-4.00314	-2.62258	-1.92467
950	2	4	1	2	7	1	5	-2.31269	-6.55323	-5.87193	-5.01737
951	4	7	10	4	1	7	1	-1.82668	-4.00314	-2.62258	-1.92467
952	4	7	10	4	1	7	1	-1.82668	-4.00314	-2.62258	-1.92467
953	8	315	2	2	11	12	6	-7.80686	-11.3391	-10.5417	-9.08218
954	8	10	2	2	11	12	6	-3.9584	-8.05206	-7.65649	-6.97822
955	2	4	1	2	2	1	5	-2.78157	-3.70344	-4.18361	-4.09474
956	4	7	10	4	1	7	1	-1.82668	-4.00314	-2.62258	-1.92467
957	2	4	1	2	2	1	5	-2.78157	-3.70344	-4.18361	-4.09474
958	2	4	1	2	2	1	5	-2.78157	-3.70344	-4.18361	-4.09474
959	2	4	1	2	2	1	5	-2.78157	-3.70344	-4.18361	-4.09474
960	2	4	1	2	7	1	5	-2.31269	-6.55323	-5.87193	-5.01737
961	2	4	1	2	2	1	5	-2.78157	-3.70344	-4.18361	-4.09474
962	2	4	1	2	2	1	5	-2.78157	-3.70344	-4.18361	-4.09474
963	2	1	21	3	2	1	5	-2.93752	-2.50145	-4.40829	-4.51996
964	2	4	1	2	2	1	5	-2.78157	-3.70344	-4.18361	-4.09474
965	1	4	2	2	2	3	17	-11.6269	-7.32523	-10.5675	-12.2507
966	2	4	1	2	2	1	5	-2.78157	-3.70344	-4.18361	-4.09474
967	2	4	1	2	2	1	5	-2.78157	-3.70344	-4.18361	-4.09474
968	7	21	5	62	4	61	44	-7.35717	-3.84499	-5.68097	-7.73057
969	2	4	1	2	2	1	5	-2.78157	-3.70344	-4.18361	-4.09474
970	4	7	10	4	1	7	1	-1.82668	-4.00314	-2.62258	-1.92467
971	2	4	1	2	2	1	5	-2.78157	-3.70344	-4.18361	-4.09474
972	10	1	16	19	10	5	7	-6.18368	-2.75724	-4.2237	-5.25628
973	8	10	2	2	11	12	6	-3.9584	-8.05206	-7.65649	-6.97822
974	4	7	10	4	1	7	1	-1.82668	-4.00314	-2.62258	-1.92467
975	2	4	2	2	6	1	5	-6.08878	-4.84224	-5.99167	-7.86954
976	2	4	1	2	2	1	5	-2.78157	-3.70344	-4.18361	-4.09474
977	2	4	1	2	2	1	5	-2.78157	-3.70344	-4.18361	-4.09474
978	2	1	12	3	2	1	5	-2.62831	-2.12564	-3.66833	-4.82519
979	2	1	21	3	2	1	5	-2.93752	-2.50145	-4.40829	-4.51996
980	1	4	2	2	6	3	17	-4.65158	-2.45906	-4.57022	-5.66365
981	9	2	4	62	4	5	6	-3.719	-5.30726	-5.8745	-6.55284
982	9	2	4	62	4	5	6	-3.719	-5.30726	-5.8745	-6.55284
983	2	4	1	2	2	1	5	-2.78157	-3.70344	-4.18361	-4.09474
984	9	25	2	10	22	3	6	-4.46764	-8.60176	-5.87664	-4.35268
985	2	1	12	3	2	1	5	-2.62831	-2.12564	-3.66833	-4.82519
986	2	4	1	2	2	1	5	-2.78157	-3.70344	-4.18361	-4.09474
987	2	4	1	2	2	1	5	-2.78157	-3.70344	-4.18361	-4.09474
988	2	4	1	2	2	1	5	-2.78157	-3.70344	-4.18361	-4.09474
989	1	4	2	2	6	3	17	-4.65158	-2.45906	-4.57022	-5.66365
990	1	4	2	2	6	3	17	-4.65158	-2.45906	-4.57022	-5.66365
991	9	25	2	10	22	3	6	-4.46764	-8.60176	-5.87664	-4.35268
992	1	4	2	2	6	3	17	-4.65158	-2.45906	-4.57022	-5.66365
993	2	4	1	2	2	1	5	-2.78157	-3.70344	-4.18361	-4.09474
994	2	4	1	2	2	1	5	-2.78157	-3.70344	-4.18361	-4.09474
995	8	10	2	2	11	12	6	-3.9584	-8.05206	-7.65649	-6.97822
996	2	4	1	2	2	1	5	-2.78157	-3.70344	-4.18361	-4.09474
997	2	1	5	3	2	5	5	-5.54949	-2.8325	-4.13641	-5.59772
998	8	10	2	2	11	12	6	-3.9584	-8.05206	-7.65649	-6.97822
999	2	4	1	2	2	1	5	-2.78157	-3.70344	-4.18361	-4.09474
1000	2	4	1	2	2	1	5	-2.78157	-3.70344	-4.18361	-4.09474
1001	2	1	21	3	2	1	5	-2.93752	-2.50145	-4.40829	-4.51996
1002	1	2	4	62	4	5	17	-6.10855	-4.86359	-7.42278	-8.58566
1003	2	1	12	3	2	1	5	-2.62831	-2.12564	-3.66833	-4.82519
1004	2	4	1	2	7	1	5	-2.31269	-6.55323	-5.87193	-5.01737
1005	1	307	3	4	5	9	3	-6.82985	-6.45029	-6.19354	-8.25084
1006	2	4	2	4	19	3	6	-5.80264	-10.0518	-9.49823	-8.81419
1007	2	4	1	2	2	1	5	-2.78157	-3.70344	-4.18361	-4.09474
1008	1	4	2	2	6	3	17	-4.65158	-2.45906	-4.57022	-5.66365
1009	9	25	2	10	22	3	6	-4.46764	-8.60176	-5.87664	-4.35268
1010	4	7	10	4	1	7	1	-1.82668	-4.00314	-2.62258	-1.92467
1011	2	4	1	2	2	1	5	-2.78157	-3.70344	-4.18361	-4.09474
1012	10	1	16	19	10	5	7	-6.18368	-2.75724	-4.2237	-5.25628
1013	2	1	21	3	2	1	5	-2.93752	-2.50145	-4.40829	-4.51996
1014	4	7	10	4	1	7	1	-1.82668	-4.00314	-2.62258	-1.92467
1015	2	4	1	2	2	1	5	-2.78157	-3.70344	-4.18361	-4.09474
1016	1	2	3	4	5	9	3	-4.62744	-2.50085	-3.65549	-4.9947
1017	9	316	4	62	4	5	6	-6.86181	-6.47581	-8.92028	-9.61456
1018	9	25	2	10	22	3	6	-4.46764	-8.60176	-5.87664	-4.35268
1019	1	307	3	4	5	9	3	-6.82985	-6.45029	-6.19354	-8.25084
1020	2	4	1	2	2	1	5	-2.78157	-3.70344	-4.18361	-4.09474
1021	9	25	2	10	22	3	6	-4.46764	-8.60176	-5.87664	-4.35268
1022	2	4	1	2	2	1	5	-2.78157	-3.70344	-4.18361	-4.09474
1023	2	1	12	3	2	1	5	-2.62831	-2.12564	-3.66833	-4.82519
1024	2	1	5	3	2	5	5	-5.54949	-2.8325	-4.13641	-5.59772
1025	2	4	1	2	2	1	5	-2.78157	-3.70344	-4.18361	-4.09474
1026	2	1	12	3	2	1	5	-2.62831	-2.12564	-3.66833	-4.82519
1027	2	1	12	3	2	1	5	-2.62831	-2.12564	-3.66833	-4.82519
1028	10	1	16	19	10	5	7	-6.18368	-2.75724	-4.2237	-5.25628
1029	4	7	10	4	1	7	1	-1.82668	-4.00314	-2.62258	-1.92467
1030	2	4	1	2	2	1	5	-2.78157	-3.70344	-4.18361	-4.09474
1031	2	1	12	88	2	1	5	-3.95539	-3.44239	-5.68695	-5.33935
1032	2	1	21	3	2	1	5	-2.93752	-2.50145	-4.40829	-4.51996
1033	1	2	3	4	5	9	3	-4.62744	-2.50085	-3.65549	-4.9947
1034	8	10	2	2	11	12	6	-3.9584	-8.05206	-7.65649	-6.97822
1035	2	1	12	88	2	1	5	-3.95539	-3.44239	-5.68695	-5.33935
1036	33	39	30	82	104	173	68	-5.39635	-3.99657	-6.56931	-7.80657
1037	1	2	3	4	5	9	3	-4.62744	-2.50085	-3.65549	-4.9947
1038	9	25	2	10	22	3	6	-4.46764	-8.60176	-5.87664	-4.35268
1039	2	4	1	2	2	1	5	-2.78157	-3.70344	-4.18361	-4.09474
1040	8	10	2	2	11	12	6	-3.9584	-8.05206	-7.65649	-6.97822
1041	1	2	4	62	4	5	17	-6.10855	-4.86359	-7.42278	-8.58566
1042	10	1	16	19	10	5	7	-6.18368	-2.75724	-4.2237	-5.25628
1043	33	39	30	82	104	173	68	-5.39635	-3.99657	-6.56931	-7.80657
1044	2	4	1	2	2	1	5	-2.78157	-3.70344	-4.18361	-4.09474
1045	8	10	2	2	11	12	6	-3.9584	-8.05206	-7.65649	-6.97822
1046	2	1	5	3	2	5	5	-5.54949	-2.8325	-4.13641	-5.59772
1047	47	2	4	2	6	5	17	-10.2901	-10.5704	-6.27118	-8.54997
1048	1	2	3	4	5	9	3	-4.62744	-2.50085	-3.65549	-4.9947
1049	4	7	10	4	1	7	1	-1.82668	-4.00314	-2.62258	-1.92467
1050	2	1	5	3	2	3	5	-4.24053	-3.25971	-5.41202	-4.80447
1051	2	4	2	2	6	1	5	-6.08878	-4.84224	-5.99167	-7.86954
1052	2	4	1	2	2	1	5	-2.78157	-3.70344	-4.18361	-4.09474
1053	8	10	149	2	11	12	6	-4.88147	-3.99222	-5.69597	-7.19883
1054	9	25	2	10	22	3	6	-4.46764	-8.60176	-5.87664	-4.35268
1055	2	4	1	2	2	1	5	-2.78157	-3.70344	-4.18361	-4.09474
1056	1	2	3	4	5	9	3	-4.62744	-2.50085	-3.65549	-4.9947
1057	2	1	12	3	2	1	5	-2.62831	-2.12564	-3.66833	-4.82519
1058	4	7	10	4	42	51	1	-2.93197	-4.77602	-4.85444	-3.78795
1059	2	4	1	2	2	1	5	-2.78157	-3.70344	-4.18361	-4.09474
1060	2	1	1	3	2	1	5	-4.62906	-3.79204	-6.32499	-7.25732
1061	2	4	1	2	7	1	5	-2.31269	-6.55323	-5.87193	-5.01737
1062	8	10	2	2	11	12	6	-3.9584	-8.05206	-7.65649	-6.97822
1063	2	4	1	2	2	1	5	-2.78157	-3.70344	-4.18361	-4.09474
1064	9	2	4	62	4	5	6	-3.719	-5.30726	-5.8745	-6.55284
1065	2	4	1	2	2	1	5	-2.78157	-3.70344	-4.18361	-4.09474
1066	4	7	10	4	1	7	1	-1.82668	-4.00314	-2.62258	-1.92467
1067	8	10	2	2	11	12	6	-3.9584	-8.05206	-7.65649	-6.97822
1068	2	4	2	2	6	1	5	-6.08878	-4.84224	-5.99167	-7.86954
1069	2	4	2	2	6	1	5	-6.08878	-4.84224	-5.99167	-7.86954
1070	2	4	2	2	6	1	5	-6.08878	-4.84224	-5.99167	-7.86954
1071	2	4	2	2	6	1	5	-6.08878	-4.84224	-5.99167	-7.86954
1072	2	4	1	2	2	1	5	-2.78157	-3.70344	-4.18361	-4.09474
1073	2	4	1	2	2	1	5	-2.78157	-3.70344	-4.18361	-4.09474
1074	2	1	12	3	2	1	5	-2.62831	-2.12564	-3.66833	-4.82519
1075	2	4	1	2	7	1	5	-2.31269	-6.55323	-5.87193	-5.01737
1076	4	7	10	4	42	51	1	-2.93197	-4.77602	-4.85444	-3.78795
1077	2	4	1	2	2	1	5	-2.78157	-3.70344	-4.18361	-4.09474
1078	8	10	2	2	11	12	6	-3.9584	-8.05206	-7.65649	-6.97822
1079	1	2	3	4	5	9	3	-4.62744	-2.50085	-3.65549	-4.9947
1080	1	2	3	4	5	9	3	-4.62744	-2.50085	-3.65549	-4.9947
1081	10	1	16	19	10	5	7	-6.18368	-2.75724	-4.2237	-5.25628
1082	8	10	2	2	11	12	6	-3.9584	-8.05206	-7.65649	-6.97822
1083	4	7	10	4	1	7	1	-1.82668	-4.00314	-2.62258	-1.92467
1084	2	4	1	2	2	1	5	-2.78157	-3.70344	-4.18361	-4.09474
1085	2	4	1	2	7	1	5	-2.31269	-6.55323	-5.87193	-5.01737
1086	2	1	21	3	2	1	5	-2.93752	-2.50145	-4.40829	-4.51996
1087	2	1	12	3	2	1	5	-2.62831	-2.12564	-3.66833	-4.82519
1088	2	4	2	4	19	3	6	-5.80264	-10.0518	-9.49823	-8.81419
1089	8	10	149	2	11	12	6	-4.88147	-3.99222	-5.69597	-7.19883
1090	8	10	2	2	11	12	6	-3.9584	-8.05206	-7.65649	-6.97822
1091	2	1	12	3	2	1	5	-2.62831	-2.12564	-3.66833	-4.82519
1092	2	1	12	3	2	1	5	-2.62831	-2.12564	-3.66833	-4.82519
1093	2	1	5	3	2	3	5	-4.24053	-3.25971	-5.41202	-4.80447
1094	184	39	30	82	113	43	17	-3.95696	-6.3208	-7.45349	-6.96075
1095	2	1	12	3	2	1	5	-2.62831	-2.12564	-3.66833	-4.82519
1096	2	4	1	2	2	1	5	-2.78157	-3.70344	-4.18361	-4.09474
1097	4	7	10	4	1	7	1	-1.82668	-4.00314	-2.62258	-1.92467
1098	8	10	2	2	11	12	6	-3.9584	-8.05206	-7.65649	-6.97822
1099	4	7	10	4	1	7	1	-1.82668	-4.00314	-2.62258	-1.92467
1100	4	7	10	4	42	51	1	-2.93197	-4.77602	-4.85444	-3.78795
1101	9	25	2	10	22	3	6	-4.46764	-8.60176	-5.87664	-4.35268
1102	9	2	4	62	4	5	6	-3.719	-5.30726	-5.8745	-6.55284
1103	4	7	10	4	1	7	1	-1.82668	-4.00314	-2.62258	-1.92467
1104	2	4	1	2	7	1	5	-2.31269	-6.55323	-5.87193	-5.01737
1105	4	7	10	4	1	7	1	-1.82668	-4.00314	-2.62258	-1.92467
1106	8	10	2	2	11	12	6	-3.9584	-8.05206	-7.65649	-6.97822
1107	2	4	1	2	2	1	5	-2.78157	-3.70344	-4.18361	-4.09474
1108	4	7	10	4	42	51	1	-2.93197	-4.77602	-4.85444	-3.78795
1109	1	2	3	4	5	9	3	-4.62744	-2.50085	-3.65549	-4.9947
1110	2	1	12	3	2	1	5	-2.62831	-2.12564	-3.66833	-4.82519
1111	2	4	1	2	2	1	5	-2.78157	-3.70344	-4.18361	-4.09474
1112	10	81	50	99	120	76	52	-6.64646	-6.44028	-5.30285	-5.16225
1113	2	4	1	2	2	1	5	-2.78157	-3.70344	-4.18361	-4.09474
1114	4	7	10	4	42	51	1	-2.93197	-4.77602	-4.85444	-3.78795
1115	4	7	10	4	42	51	1	-2.93197	-4.77602	-4.85444	-3.78795
1116	4	7	10	4	1	7	1	-1.82668	-4.00314	-2.62258	-1.92467
1117	3	1	5	10	11	11	6	-10.05	-6.47859	-9.12227	-10.9446
1118	10	81	50	99	120	76	52	-6.64646	-6.44028	-5.30285	-5.16225
1119	2	4	1	2	2	1	5	-2.78157	-3.70344	-4.18361	-4.09474
1120	4	7	10	4	1	7	1	-1.82668	-4.00314	-2.62258	-1.92467
1121	4	7	10	4	1	7	1	-1.82668	-4.00314	-2.62258	-1.92467
1122	4	7	10	4	42	51	1	-2.93197	-4.77602	-4.85444	-3.78795
1123	2	1	12	3	2	1	5	-2.62831	-2.12564	-3.66833	-4.82519
1124	2	4	1	2	2	1	5	-2.78157	-3.70344	-4.18361	-4.09474
1125	2	1	1	3	2	1	5	-4.62906	-3.79204	-6.32499	-7.25732
1126	2	4	1	2	2	1	5	-2.78157	-3.70344	-4.18361	-4.09474
1127	2	4	1	2	2	1	5	-2.78157	-3.70344	-4.18361	-4.09474
1128	2	4	1	2	2	1	5	-2.78157	-3.70344	-4.18361	-4.09474
1129	2	4	1	2	2	1	5	-2.78157	-3.70344	-4.18361	-4.09474
1130	1	2	3	4	5	9	3	-4.62744	-2.50085	-3.65549	-4.9947
1131	8	10	2	2	11	12	6	-3.9584	-8.05206	-7.65649	-6.97822
1132	2	1	21	3	2	1	5	-2.93752	-2.50145	-4.40829	-4.51996
1133	2	4	1	2	2	1	5	-2.78157	-3.70344	-4.18361	-4.09474
1134	2	1	21	3	2	1	5	-2.93752	-2.50145	-4.40829	-4.51996
1135	2	1	21	3	2	1	5	-2.93752	-2.50145	-4.40829	-4.51996
1136	2	4	1	2	2	1	5	-2.78157	-3.70344	-4.18361	-4.09474
1137	1	2	3	4	5	9	3	-4.62744	-2.50085	-3.65549	-4.9947
1138	10	1	16	19	10	5	7	-6.18368	-2.75724	-4.2237	-5.25628
1139	2	1	12	3	2	1	5	-2.62831	-2.12564	-3.66833	-4.82519
1140	7	21	5	62	4	61	44	-7.35717	-3.84499	-5.68097	-7.73057
1141	2	4	1	2	2	1	5	-2.78157	-3.70344	-4.18361	-4.09474
1142	2	1	12	3	2	1	5	-2.62831	-2.12564	-3.66833	-4.82519
1143	2	4	1	2	7	1	5	-2.31269	-6.55323	-5.87193	-5.01737
1144	2	1	5	3	2	3	5	-4.24053	-3.25971	-5.41202	-4.80447
1145	2	1	21	3	2	1	5	-2.93752	-2.50145	-4.40829	-4.51996
1146	2	1	21	3	2	1	5	-2.93752	-2.50145	-4.40829	-4.51996
1147	2	1	21	3	2	1	5	-2.93752	-2.50145	-4.40829	-4.51996
1148	2	1	21	3	2	1	5	-2.93752	-2.50145	-4.40829	-4.51996
1149	2	1	12	3	2	1	5	-2.62831	-2.12564	-3.66833	-4.82519
1150	8	10	2	2	11	12	6	-3.9584	-8.05206	-7.65649	-6.97822
1151	129	66	30	82	189	47	17	-3.24865	-5.00788	-5.45595	-4.13348
1152	1	307	3	4	5	9	3	-6.82985	-6.45029	-6.19354	-8.25084
1153	8	10	2	2	11	12	6	-3.9584	-8.05206	-7.65649	-6.97822
1154	2	4	2	2	6	1	5	-6.08878	-4.84224	-5.99167	-7.86954
1155	1	4	2	2	6	3	17	-4.65158	-2.45906	-4.57022	-5.66365
1156	2	4	1	2	2	1	5	-2.78157	-3.70344	-4.18361	-4.09474
1157	8	10	2	2	11	12	6	-3.9584	-8.05206	-7.65649	-6.97822
1158	2	4	2	2	6	1	5	-6.08878	-4.84224	-5.99167	-7.86954
1159	2	1	21	3	2	1	5	-2.93752	-2.50145	-4.40829	-4.51996
1160	2	4	5	2	2	5	5	-3.67793	-7.89423	-6.91236	-5.80446
1161	7	21	5	62	4	61	44	-7.35717	-3.84499	-5.68097	-7.73057
1162	2	1	12	3	2	1	5	-2.62831	-2.12564	-3.66833	-4.82519
1163	10	27	16	19	10	5	7	-20.7157	-12.4461	-15.932	-17.9538
1164	33	283	44	82	189	44	17	-6.94972	-3.48458	-5.42156	-6.07285
1165	9	25	2	10	22	3	6	-4.46764	-8.60176	-5.87664	-4.35268
1166	7	21	5	62	4	61	44	-7.35717	-3.84499	-5.68097	-7.73057
1167	2	1	5	3	2	3	5	-4.24053	-3.25971	-5.41202	-4.80447
1168	2	1	5	3	2	3	5	-4.24053	-3.25971	-5.41202	-4.80447
1169	9	25	2	10	22	3	6	-4.46764	-8.60176	-5.87664	-4.35268
1170	2	1	5	3	2	3	5	-4.24053	-3.25971	-5.41202	-4.80447
1171	2	4	1	2	2	1	5	-2.78157	-3.70344	-4.18361	-4.09474
1172	129	66	30	82	189	47	17	-3.24865	-5.00788	-5.45595	-4.13348
1173	2	4	1	2	2	1	5	-2.78157	-3.70344	-4.18361	-4.09474
1174	2	1	5	3	2	3	5	-4.24053	-3.25971	-5.41202	-4.80447
1175	2	1	12	3	2	1	5	-2.62831	-2.12564	-3.66833	-4.82519
1176	2	4	1	2	2	1	5	-2.78157	-3.70344	-4.18361	-4.09474
1177	1	4	2	2	6	3	17	-4.65158	-2.45906	-4.57022	-5.66365
1178	2	1	12	3	2	1	5	-2.62831	-2.12564	-3.66833	-4.82519
1179	1	4	2	2	446	3	17	-8.49102	-5.71269	-7.43507	-7.75778
1180	2	1	5	88	2	11	5	-8.71544	-5.35232	-6.10256	-8.3023
1181	2	4	2	2	6	1	5	-6.08878	-4.84224	-5.99167	-7.86954
1182	9	25	2	10	22	3	6	-4.46764	-8.60176	-5.87664	-4.35268
1183	2	1	5	3	2	3	5	-4.24053	-3.25971	-5.41202	-4.80447
1184	7	21	5	62	4	61	44	-7.35717	-3.84499	-5.68097	-7.73057
1185	1	2	3	4	5	9	3	-4.62744	-2.50085	-3.65549	-4.9947
1186	2	4	1	2	2	1	5	-2.78157	-3.70344	-4.18361	-4.09474
1187	7	21	5	62	4	61	44	-7.35717	-3.84499	-5.68097	-7.73057
1188	33	39	30	82	104	173	68	-5.39635	-3.99657	-6.56931	-7.80657
1189	1	4	2	2	6	3	17	-4.65158	-2.45906	-4.57022	-5.66365
1190	2	1	21	3	2	1	5	-2.93752	-2.50145	-4.40829	-4.51996
1191	4	7	10	4	1	7	1	-1.82668	-4.00314	-2.62258	-1.92467
1192	2	1	5	3	2	5	5	-5.54949	-2.8325	-4.13641	-5.59772
1193	1	4	2	2	6	3	17	-4.65158	-2.45906	-4.57022	-5.66365
1194	2	4	1	2	2	1	5	-2.78157	-3.70344	-4.18361	-4.09474
1195	2	4	1	2	2	1	5	-2.78157	-3.70344	-4.18361	-4.09474
1196	2	1	12	3	2	1	5	-2.62831	-2.12564	-3.66833	-4.82519
1197	2	1	6	3	2	3	5	-7.09946	-6.52154	-8.03439	-6.45225
1198	4	7	10	4	1	7	1	-1.82668	-4.00314	-2.62258	-1.92467
1199	2	4	1	2	7	1	5	-2.31269	-6.55323	-5.87193	-5.01737
1200	2	1	1	3	2	1	5	-4.62906	-3.79204	-6.32499	-7.25732
1201	2	4	1	2	2	1	5	-2.78157	-3.70344	-4.18361	-4.09474
1202	7	2	5	2	10	3	6	-32.6596	-27.2054	-28.4093	-28.608
1203	2	1	21	3	2	1	5	-2.93752	-2.50145	-4.40829	-4.51996
1204	2	4	1	2	7	1	5	-2.31269	-6.55323	-5.87193	-5.01737
1205	4	7	10	4	1	7	1	-1.82668	-4.00314	-2.62258	-1.92467
1206	2	4	1	2	7	1	5	-2.31269	-6.55323	-5.87193	-5.01737
1207	2	4	1	2	2	1	5	-2.78157	-3.70344	-4.18361	-4.09474
1208	1	4	2	2	6	3	17	-4.65158	-2.45906	-4.57022	-5.66365
1209	2	4	1	2	2	1	5	-2.78157	-3.70344	-4.18361	-4.09474
1210	2	4	1	2	2	1	5	-2.78157	-3.70344	-4.18361	-4.09474
1211	74	10	2	2	11	12	6	-7.80687	-11.3391	-10.5419	-9.08267
1212	1	2	3	4	5	9	3	-4.62744	-2.50085	-3.65549	-4.9947
1213	2	1	5	3	2	3	5	-4.24053	-3.25971	-5.41202	-4.80447
1214	4	7	10	4	1	7	1	-1.82668	-4.00314	-2.62258	-1.92467
1215	2	4	2	2	6	1	5	-6.08878	-4.84224	-5.99167	-7.86954
1216	2	1	12	3	2	1	5	-2.62831	-2.12564	-3.66833	-4.82519
1217	2	1	21	3	2	1	5	-2.93752	-2.50145	-4.40829	-4.51996
1218	2	4	1	2	2	1	5	-2.78157	-3.70344	-4.18361	-4.09474
1219	2	1	21	3	2	1	5	-2.93752	-2.50145	-4.40829	-4.51996
1220	4	7	10	4	1	7	1	-1.82668	-4.00314	-2.62258	-1.92467
1221	2	1	21	3	2	1	5	-2.93752	-2.50145	-4.40829	-4.51996
1222	2	4	1	2	2	1	5	-2.78157	-3.70344	-4.18361	-4.09474
1223	4	7	10	4	1	7	1	-1.82668	-4.00314	-2.62258	-1.92467
1224	2	4	1	2	2	1	5	-2.78157	-3.70344	-4.18361	-4.09474
1225	4	7	10	4	1	7	1	-1.82668	-4.00314	-2.62258	-1.92467
1226	4	7	10	4	42	51	1	-2.93197	-4.77602	-4.85444	-3.78795
1227	4	7	10	4	42	7	1	-6.56338	-9.62986	-5.55587	-4.65363
1228	2	4	1	2	2	1	5	-2.78157	-3.70344	-4.18361	-4.09474
1229	2	1	5	3	2	3	5	-4.24053	-3.25971	-5.41202	-4.80447
1230	10	81	50	99	120	76	52	-6.64646	-6.44028	-5.30285	-5.16225
1231	2	4	1	2	7	1	5	-2.31269	-6.55323	-5.87193	-5.01737
1232	2	4	1	2	7	1	5	-2.31269	-6.55323	-5.87193	-5.01737
1233	4	7	10	4	1	7	1	-1.82668	-4.00314	-2.62258	-1.92467
1234	1	4	2	2	6	3	17	-4.65158	-2.45906	-4.57022	-5.66365
1235	4	7	10	4	1	7	1	-1.82668	-4.00314	-2.62258	-1.92467
1236	2	4	1	2	2	1	5	-2.78157	-3.70344	-4.18361	-4.09474
1237	4	7	10	4	1	7	1	-1.82668	-4.00314	-2.62258	-1.92467
1238	4	7	10	4	42	51	1	-2.93197	-4.77602	-4.85444	-3.78795
1239	1	307	3	4	5	9	3	-6.82985	-6.45029	-6.19354	-8.25084
1240	2	4	2	2	6	1	5	-6.08878	-4.84224	-5.99167	-7.86954
1241	8	10	149	2	11	12	6	-4.88147	-3.99222	-5.69597	-7.19883
1242	2	1	12	3	2	1	5	-2.62831	-2.12564	-3.66833	-4.82519
1243	2	4	1	2	2	1	5	-2.78157	-3.70344	-4.18361	-4.09474
1244	2	4	1	2	2	1	5	-2.78157	-3.70344	-4.18361	-4.09474
1245	2	4	1	2	2	1	5	-2.78157	-3.70344	-4.18361	-4.09474
1246	4	7	10	4	42	51	1	-2.93197	-4.77602	-4.85444	-3.78795
1247	2	4	1	2	2	1	5	-2.78157	-3.70344	-4.18361	-4.09474
1248	2	4	1	2	2	1	5	-2.78157	-3.70344	-4.18361	-4.09474
1249	2	1	12	88	2	1	5	-3.95539	-3.44239	-5.68695	-5.33935
1250	1	4	2	2	6	3	17	-4.65158	-2.45906	-4.57022	-5.66365
1251	9	2	4	62	4	5	6	-3.719	-5.30726	-5.8745	-6.55284
1252	2	4	1	2	7	1	5	-2.31269	-6.55323	-5.87193	-5.01737
1253	2	4	5	2	2	5	5	-3.67793	-7.89423	-6.91236	-5.80446
1254	2	1	21	3	2	1	5	-2.93752	-2.50145	-4.40829	-4.51996
1255	1	4	2	2	6	3	17	-4.65158	-2.45906	-4.57022	-5.66365
1256	2	1	21	3	2	1	5	-2.93752	-2.50145	-4.40829	-4.51996
1257	2	4	1	2	2	5	5	-6.83269	-6.40743	-8.79606	-9.5122
1258	2	1	12	3	2	1	5	-2.62831	-2.12564	-3.66833	-4.82519
1259	2	4	2	2	6	1	5	-6.08878	-4.84224	-5.99167	-7.86954
1260	2	4	1	2	2	1	5	-2.78157	-3.70344	-4.18361	-4.09474
1261	2	4	1	2	2	1	5	-2.78157	-3.70344	-4.18361	-4.09474
1262	1	307	3	4	5	9	3	-6.82985	-6.45029	-6.19354	-8.25084
1263	9	25	2	10	22	3	6	-4.46764	-8.60176	-5.87664	-4.35268
1264	2	1	1	380	2	1	5	-6.16371	-5.75013	-8.21639	-8.9141
1265	2	4	1	2	2	1	5	-2.78157	-3.70344	-4.18361	-4.09474
1266	2	4	1	2	2	1	5	-2.78157	-3.70344	-4.18361	-4.09474
1267	2	1	12	3	2	1	5	-2.62831	-2.12564	-3.66833	-4.82519
1268	1	2	3	4	5	9	3	-4.62744	-2.50085	-3.65549	-4.9947
1269	2	4	1	2	2	1	5	-2.78157	-3.70344	-4.18361	-4.09474
1270	2	4	1	2	2	1	5	-2.78157	-3.70344	-4.18361	-4.09474
1271	2	4	1	2	2	1	5	-2.78157	-3.70344	-4.18361	-4.09474
1272	1	2	3	4	5	9	3	-4.62744	-2.50085	-3.65549	-4.9947
1273	9	2	2	212	309	253	147	-26.7486	-23.5351	-23.3293	-19.5876
1274	2	1	21	3	2	1	5	-2.93752	-2.50145	-4.40829	-4.51996
1275	47	2	4	2	6	5	17	-10.2901	-10.5704	-6.27118	-8.54997
1276	1	2	3	4	5	9	3	-4.62744	-2.50085	-3.65549	-4.9947
1277	2	4	1	2	2	1	5	-2.78157	-3.70344	-4.18361	-4.09474
1278	2	4	1	2	2	1	5	-2.78157	-3.70344	-4.18361	-4.09474
1279	9	2	4	62	4	5	6	-3.719	-5.30726	-5.8745	-6.55284
1280	2	1	12	3	2	1	5	-2.62831	-2.12564	-3.66833	-4.82519
1281	2	4	1	2	2	1	5	-2.78157	-3.70344	-4.18361	-4.09474
1282	2	4	1	2	7	1	5	-2.31269	-6.55323	-5.87193	-5.01737
1283	7	17	2	15	23	3	12	-6.90431	-11.1633	-10.6068	-9.92447
1284	2	1	1	3	2	1	5	-4.62906	-3.79204	-6.32499	-7.25732
1285	2	1	12	3	2	1	5	-2.62831	-2.12564	-3.66833	-4.82519
1286	2	4	1	2	2	1	5	-2.78157	-3.70344	-4.18361	-4.09474
1287	2	1	5	3	2	3	5	-4.24053	-3.25971	-5.41202	-4.80447
1288	2	4	1	2	2	1	5	-2.78157	-3.70344	-4.18361	-4.09474
1289	2	4	1	2	2	1	5	-2.78157	-3.70344	-4.18361	-4.09474
1290	1	4	2	2	6	3	17	-4.65158	-2.45906	-4.57022	-5.66365
1291	2	1	2	3	2	3	5	-3.7639	-7.72741	-7.45203	-6.77334
1292	2	1	5	3	2	3	5	-4.24053	-3.25971	-5.41202	-4.80447
1293	1	2	3	3	5	9	3	-12.0992	-7.59422	-9.94436	-12.1106
1294	4	7	10	4	42	51	1	-2.93197	-4.77602	-4.85444	-3.78795
1295	1	4	2	2	6	3	17	-4.65158	-2.45906	-4.57022	-5.66365
1296	2	1	5	3	2	3	5	-4.24053	-3.25971	-5.41202	-4.80447
1297	4	7	10	4	1	7	1	-1.82668	-4.00314	-2.62258	-1.92467
1298	2	4	1	2	2	1	5	-2.78157	-3.70344	-4.18361	-4.09474
1299	4	7	10	4	1	7	1	-1.82668	-4.00314	-2.62258	-1.92467
1300	2	1	21	3	2	1	5	-2.93752	-2.50145	-4.40829	-4.51996
1301	2	4	1	2	2	1	5	-2.78157	-3.70344	-4.18361	-4.09474
1302	4	7	10	4	1	7	1	-1.82668	-4.00314	-2.62258	-1.92467
1303	2	4	1	2	2	1	5	-2.78157	-3.70344	-4.18361	-4.09474
1304	2	1	5	3	2	5	5	-5.54949	-2.8325	-4.13641	-5.59772
1305	2	4	1	2	2	1	5	-2.78157	-3.70344	-4.18361	-4.09474
1306	2	1	21	3	2	1	5	-2.93752	-2.50145	-4.40829	-4.51996
1307	2	1	5	3	2	5	5	-5.54949	-2.8325	-4.13641	-5.59772
1308	1	4	2	2	6	3	17	-4.65158	-2.45906	-4.57022	-5.66365
1309	1	4	2	2	6	3	17	-4.65158	-2.45906	-4.57022	-5.66365
1310	2	1	5	3	2	3	5	-4.24053	-3.25971	-5.41202	-4.80447
1311	1	4	2	2	6	3	17	-4.65158	-2.45906	-4.57022	-5.66365
1312	2	4	1	2	2	1	5	-2.78157	-3.70344	-4.18361	-4.09474
1313	2	1	12	88	2	1	5	-3.95539	-3.44239	-5.68695	-5.33935
1314	2	1	5	3	2	3	5	-4.24053	-3.25971	-5.41202	-4.80447
1315	2	4	5	2	2	1	5	-6.18449	-9.27452	-9.14281	-9.00057
1316	2	4	1	2	2	1	5	-2.78157	-3.70344	-4.18361	-4.09474
1317	1	4	2	2	6	3	17	-4.65158	-2.45906	-4.57022	-5.66365
1318	2	1	21	3	2	1	5	-2.93752	-2.50145	-4.40829	-4.51996
1319	4	7	10	4	1	7	1	-1.82668	-4.00314	-2.62258	-1.92467
1320	1	2	3	4	5	9	3	-4.62744	-2.50085	-3.65549	-4.9947
1321	2	4	1	2	7	1	5	-2.31269	-6.55323	-5.87193	-5.01737
1322	4	7	10	4	1	7	1	-1.82668	-4.00314	-2.62258	-1.92467
1323	4	7	10	4	1	7	1	-1.82668	-4.00314	-2.62258	-1.92467
1324	1	4	2	2	6	3	17	-4.65158	-2.45906	-4.57022	-5.66365
1325	2	4	1	2	7	1	5	-2.31269	-6.55323	-5.87193	-5.01737
1326	4	7	10	4	1	7	1	-1.82668	-4.00314	-2.62258	-1.92467
1327	8	10	2	2	11	12	6	-3.9584	-8.05206	-7.65649	-6.97822
1328	969	7	10	4	1	7	1	-5.5976	-7.28049	-5.50588	-4.02834
1329	4	7	10	4	1	7	1	-1.82668	-4.00314	-2.62258	-1.92467
1330	10	27	16	942	10	5	7	-24.5641	-15.7342	-18.8177	-20.058
1331	10	27	16	941	10	5	7	-24.5641	-15.7342	-18.8177	-20.058
1332	4	7	10	4	1	7	1	-1.82668	-4.00314	-2.62258	-1.92467
1333	4	7	10	4	1	7	1	-1.82668	-4.00314	-2.62258	-1.92467
1334	129	66	30	82	189	47	17	-3.24865	-5.00788	-5.45595	-4.13348
1335	4	7	10	4	1	7	1	-1.82668	-4.00314	-2.62258	-1.92467
1336	4	7	10	4	1	7	1	-1.82668	-4.00314	-2.62258	-1.92467
1337	2	4	1	2	2	1	5	-2.78157	-3.70344	-4.18361	-4.09474
1338	2	1	2	3	2	3	5	-3.7639	-7.72741	-7.45203	-6.77334
1339	10	27	16	19	10	5	7	-20.7157	-12.4461	-15.932	-17.9538
1340	2	4	1	2	2	1	5	-2.78157	-3.70344	-4.18361	-4.09474
1341	33	39	30	82	104	173	68	-5.39635	-3.99657	-6.56931	-7.80657
1342	1	4	2	2	6	3	17	-4.65158	-2.45906	-4.57022	-5.66365
1343	2	1	5	3	2	5	5	-5.54949	-2.8325	-4.13641	-5.59772
1344	2	1	12	3	2	1	5	-2.62831	-2.12564	-3.66833	-4.82519
1345	8	10	2	2	11	12	6	-3.9584	-8.05206	-7.65649	-6.97822
1346	2	1	1	3	2	1	5	-4.62906	-3.79204	-6.32499	-7.25732
1347	1	4	2	2	6	3	17	-4.65158	-2.45906	-4.57022	-5.66365
1348	7	2	2	2	11	12	6	-4.50499	-8.76174	-8.20612	-7.52449
1349	9	2	4	62	4	5	6	-3.719	-5.30726	-5.8745	-6.55284
1350	2	1	21	3	2	1	5	-2.93752	-2.50145	-4.40829	-4.51996
1351	9	7	10	4	1	7	1	-10.6384	-12.0817	-11.2255	-9.94706
1352	2	1	12	3	920	1	5	-6.47704	-5.40675	-6.55163	-6.92845
1353	239	27	16	19	10	5	7	-10.0511	-6.48266	-9.12642	-10.9479
1354	7	17	2	15	23	3	12	-6.90431	-11.1633	-10.6068	-9.92447
1355	1	4	2	2	6	3	17	-4.65158	-2.45906	-4.57022	-5.66365
1356	1	6	60	24	12	28	1	-28.9071	-27.7377	-20.2779	-17.3944
1357	2	4	5	2	10	1	5	-6.89927	-11.129	-10.5901	-9.91278
1358	10	81	50	99	120	76	52	-6.64646	-6.44028	-5.30285	-5.16225
1359	4	7	10	4	1	7	1	-1.82668	-4.00314	-2.62258	-1.92467
1360	2	1	5	3	2	5	5	-5.54949	-2.8325	-4.13641	-5.59772
1361	4	7	10	1	1	7	1	-5.27194	-9.21143	-6.02873	-6.09472
1362	2	4	5	2	10	1	5	-6.89927	-11.129	-10.5901	-9.91278
1363	2	1	21	3	2	1	5	-2.93752	-2.50145	-4.40829	-4.51996
1364	2	1	21	3	2	1	5	-2.93752	-2.50145	-4.40829	-4.51996
1365	2	4	1	2	2	1	5	-2.78157	-3.70344	-4.18361	-4.09474
1366	2	4	2	2	6	1	5	-6.08878	-4.84224	-5.99167	-7.86954
1367	2	4	1	2	7	1	5	-2.31269	-6.55323	-5.87193	-5.01737
1368	2	4	1	2	2	1	5	-2.78157	-3.70344	-4.18361	-4.09474
1369	2	4	1	2	2	1	5	-2.78157	-3.70344	-4.18361	-4.09474
1370	4	7	10	4	1	7	1	-1.82668	-4.00314	-2.62258	-1.92467
1371	4	7	10	4	42	51	1	-2.93197	-4.77602	-4.85444	-3.78795
1372	2	1	5	3	2	3	5	-4.24053	-3.25971	-5.41202	-4.80447
1373	2	1	12	3	2	1	5	-2.62831	-2.12564	-3.66833	-4.82519
1374	2	1	1	3	2	1	5	-4.62906	-3.79204	-6.32499	-7.25732
1375	2	4	1	2	2	1	5	-2.78157	-3.70344	-4.18361	-4.09474
1376	4	7	10	4	1	7	1	-1.82668	-4.00314	-2.62258	-1.92467
1377	10	1	16	19	10	5	7	-6.18368	-2.75724	-4.2237	-5.25628
1378	2	4	1	2	7	1	5	-2.31269	-6.55323	-5.87193	-5.01737
1379	2	4	1	2	2	1	5	-2.78157	-3.70344	-4.18361	-4.09474
1380	10	81	50	99	120	76	52	-6.64646	-6.44028	-5.30285	-5.16225
1381	2	1	12	3	2	1	5	-2.62831	-2.12564	-3.66833	-4.82519
1382	2	4	1	2	2	1	5	-2.78157	-3.70344	-4.18361	-4.09474
1383	2	4	1	2	7	1	5	-2.31269	-6.55323	-5.87193	-5.01737
1384	1	2	3	4	5	9	3	-4.62744	-2.50085	-3.65549	-4.9947
1385	8	10	2	2	11	12	6	-3.9584	-8.05206	-7.65649	-6.97822
1386	1	4	2	2	6	3	17	-4.65158	-2.45906	-4.57022	-5.66365
1387	2	4	1	2	2	1	5	-2.78157	-3.70344	-4.18361	-4.09474
1388	2	4	1	2	2	1	5	-2.78157	-3.70344	-4.18361	-4.09474
1389	10	7	10	4	1	7	1	-12.7452	-10.616	-9.88913	-9.06682
1390	2	1	21	3	2	1	5	-2.93752	-2.50145	-4.40829	-4.51996
1391	2	1	21	3	2	1	5	-2.93752	-2.50145	-4.40829	-4.51996
1392	10	1	16	19	10	5	7	-6.18368	-2.75724	-4.2237	-5.25628
1393	2	1	5	3	2	3	5	-4.24053	-3.25971	-5.41202	-4.80447
1394	2	1	5	3	2	3	5	-4.24053	-3.25971	-5.41202	-4.80447
1395	2	4	1	2	2	5	5	-6.83269	-6.40743	-8.79606	-9.5122
1396	2	4	1	2	7	1	5	-2.31269	-6.55323	-5.87193	-5.01737
1397	10	1	16	19	10	5	7	-6.18368	-2.75724	-4.2237	-5.25628
1398	2	4	1	2	7	1	5	-2.31269	-6.55323	-5.87193	-5.01737
1399	2	934	1	2	2	1	5	-6.55223	-6.98658	-7.06184	-6.18554
