Isolate	Loci0	Loci1	Loci2	Loci3	Loci4	Loci5	Loci6	Source0	Source1	Source2	Source3
0	1	2	3	4	5	9	3	-4.74655	-2.48215	-3.48	-4.89831
1	4	7	10	4	1	7	1	-1.81814	-3.85698	-2.68763	-1.91035
2	2	4	1	2	2	1	5	-2.76535	-3.66262	-4.09664	-4.09609
3	2	4	1	2	2	1	5	-2.76535	-3.66262	-4.09664	-4.09609
4	9	25	2	10	22	3	6	-4.46274	-7.93826	-6.12252	-4.33168
5	4	7	10	4	1	7	1	-1.81814	-3.85698	-2.68763	-1.91035
6	4	7	10	4	1	7	1	-1.81814	-3.85698	-2.68763	-1.91035
7	4	7	10	4	42	51	1	-2.91765	-4.68018	-4.8807	-3.7813
8	2	4	1	2	2	1	5	-2.76535	-3.66262	-4.09664	-4.09609
9	10	81	50	99	120	76	52	-6.72077	-6.38513	-5.32444	-5.13919
10	2	1	21	3	2	1	5	-2.93655	-2.48955	-4.08744	-4.47442
11	2	1	21	3	2	1	5	-2.93655	-2.48955	-4.08744	-4.47442
12	9	25	2	10	22	3	6	-4.46274	-7.93826	-6.12252	-4.33168
13	2	1	21	3	2	1	5	-2.93655	-2.48955	-4.08744	-4.47442
14	10	27	16	19	10	5	7	-21.0901	-12.892	-15.3869	-17.3887
15	2	4	1	2	2	1	5	-2.76535	-3.66262	-4.09664	-4.09609
16	2	4	1	2	2	1	5	-2.76535	-3.66262	-4.09664	-4.09609
17	9	2	4	62	4	5	6	-3.70354	-5.23292	-5.70517	-6.6884
18	9	53	2	53	11	3	3	-31.032	-27.6412	-24.6533	-25.7217
19	2	4	1	2	2	1	5	-2.76535	-3.66262	-4.09664	-4.09609
20	2	4	1	2	2	1	5	-2.76535	-3.66262	-4.09664	-4.09609
21	4	7	10	4	1	7	1	-1.81814	-3.85698	-2.68763	-1.91035
22	2	4	1	2	2	1	5	-2.76535	-3.66262	-4.09664	-4.09609
23	1	4	2	2	6	3	17	-4.76229	-2.44449	-4.18663	-5.45864
24	4	7	10	4	1	7	1	-1.81814	-3.85698	-2.68763	-1.91035
25	2	1	21	3	2	1	5	-2.93655	-2.48955	-4.08744	-4.47442
26	8	10	2	2	11	12	6	-3.93901	-7.55181	-7.35524	-7.17427
27	2	4	2	2	6	1	5	-6.1187	-4.82777	-5.80753	-7.765
28	2	1	12	3	2	1	5	-2.62808	-2.11503	-3.41333	-4.77117
29	2	4	1	2	2	1	5	-2.76535	-3.66262	-4.09664	-4.09609
30	4	7	10	4	1	7	1	-1.81814	-3.85698	-2.68763	-1.91035
31	10	1	16	19	10	5	7	-6.77828	-2.74107	-4.0035	-5.13969
32	1	2	3	4	5	9	3	-4.74655	-2.48215	-3.48	-4.89831
33	2	4	1	2	2	1	5	-2.76535	-3.66262	-4.09664	-4.09609
34	2	4	1	2	2	1	5	-2.76535	-3.66262	-4.09664	-4.09609
35	2	4	1	2	2	1	5	-2.76535	-3.66262	-4.09664	-4.09609
36	4	7	10	4	1	7	1	-1.81814	-3.85698	-2.68763	-1.91035
37	129	66	30	82	189	47	17	-3.23654	-4.92008	-5.48756	-4.12416
38	2	1	12	3	357	1	5	-7.20096	-6.15163	-5.73363	-7.66248
39	9	2	4	62	4	5	6	-3.70354	-5.23292	-5.70517	-6.6884
40	2	1	1	3	2	1	5	-4.62943	-3.78526	-5.77553	-7.08577
41	2	1	12	3	357	1	5	-7.20096	-6.15163	-5.73363	-7.66248
42	2	1	5	3	2	3	5	-4.25917	-3.251	-5.07162	-4.7502
43	2	1	5	3	2	3	5	-4.25917	-3.251	-5.07162	-4.7502
44	2	4	1	2	2	1	5	-2.76535	-3.66262	-4.09664	-4.09609
45	2	4	1	2	2	1	5	-2.76535	-3.66262	-4.09664	-4.09609
46	2	4	2	2	6	1	5	-6.1187	-4.82777	-5.80753	-7.765
47	1	4	2	2	6	3	17	-4.76229	-2.44449	-4.18663	-5.45864
48	2	1	21	3	2	1	5	-2.93655	-2.48955	-4.08744	-4.47442
49	2	1	2	3	2	3	5	-3.74168	-7.29965	-7.15057	-6.96907
50	2	1	21	3	2	1	5	-2.93655	-2.48955	-4.08744	-4.47442
51	7	17	2	15	23	3	12	-6.88619	-10.5592	-10.306	-10.1205
52	2	4	1	2	7	1	5	-2.28963	-5.95593	-5.63378	-5.14861
53	9	2	4	62	4	5	6	-3.70354	-5.23292	-5.70517	-6.6884
54	2	4	1	2	7	1	5	-2.28963	-5.95593	-5.63378	-5.14861
55	9	2	4	62	4	5	6	-3.70354	-5.23292	-5.70517	-6.6884
56	2	1	12	88	2	1	5	-3.95665	-3.43003	-5.27963	-5.28889
57	2	1	5	3	2	3	5	-4.25917	-3.251	-5.07162	-4.7502
58	2	4	1	2	2	1	5	-2.76535	-3.66262	-4.09664	-4.09609
59	9	2	4	62	4	5	6	-3.70354	-5.23292	-5.70517	-6.6884
60	2	1	5	3	2	3	5	-4.25917	-3.251	-5.07162	-4.7502
61	2	4	1	2	2	1	5	-2.76535	-3.66262	-4.09664	-4.09609
62	2	4	1	2	2	1	5	-2.76535	-3.66262	-4.09664	-4.09609
63	2	4	1	2	2	1	5	-2.76535	-3.66262	-4.09664	-4.09609
64	2	4	1	2	2	1	5	-2.76535	-3.66262	-4.09664	-4.09609
65	2	4	1	2	2	1	5	-2.76535	-3.66262	-4.09664	-4.09609
66	2	4	1	2	2	1	5	-2.76535	-3.66262	-4.09664	-4.09609
67	1	2	215	4	90	24	8	-31.9402	-28.7716	-20.6668	-21.7971
68	2	4	1	2	2	1	5	-2.76535	-3.66262	-4.09664	-4.09609
69	1	2	3	4	5	9	3	-4.74655	-2.48215	-3.48	-4.89831
70	2	4	1	2	2	1	5	-2.76535	-3.66262	-4.09664	-4.09609
71	2	4	1	2	2	1	5	-2.76535	-3.66262	-4.09664	-4.09609
72	9	25	2	10	22	3	6	-4.46274	-7.93826	-6.12252	-4.33168
73	2	15	4	48	360	25	23	-6.72085	-9.1553	-5.80015	-4.88462
74	2	4	1	2	2	1	5	-2.76535	-3.66262	-4.09664	-4.09609
75	2	1	12	88	2	1	5	-3.95665	-3.43003	-5.27963	-5.28889
76	2	4	2	2	6	1	5	-6.1187	-4.82777	-5.80753	-7.765
77	10	1	16	19	10	5	7	-6.77828	-2.74107	-4.0035	-5.13969
78	2	4	1	2	2	1	5	-2.76535	-3.66262	-4.09664	-4.09609
79	2	1	12	3	2	1	5	-2.62808	-2.11503	-3.41333	-4.77117
80	2	4	1	2	2	1	5	-2.76535	-3.66262	-4.09664	-4.09609
81	2	4	1	2	2	1	5	-2.76535	-3.66262	-4.09664	-4.09609
82	1	4	2	2	6	3	17	-4.76229	-2.44449	-4.18663	-5.45864
83	10	1	16	19	10	5	7	-6.77828	-2.74107	-4.0035	-5.13969
84	8	10	149	2	11	12	6	-4.89676	-3.9682	-5.40209	-7.06888
85	2	4	1	2	2	1	5	-2.76535	-3.66262	-4.09664	-4.09609
86	2	4	1	2	7	1	5	-2.28963	-5.95593	-5.63378	-5.14861
87	32	39	30	82	104	324	17	-8.87524	-4.67239	-6.75087	-8.53796
88	1	2	3	4	5	9	3	-4.74655	-2.48215	-3.48	-4.89831
89	2	1	5	3	2	3	5	-4.25917	-3.251	-5.07162	-4.7502
90	2	4	1	2	2	1	5	-2.76535	-3.66262	-4.09664	-4.09609
91	2	4	1	2	7	1	5	-2.28963	-5.95593	-5.63378	-5.14861
92	4	7	10	4	1	7	1	-1.81814	-3.85698	-2.68763	-1.91035
93	2	1	2	3	2	3	5	-3.74168	-7.29965	-7.15057	-6.96907
94	2	1	12	3	2	1	5	-2.62808	-2.11503	-3.41333	-4.77117
95	2	1	21	3	2	1	5	-2.93655	-2.48955	-4.08744	-4.47442
96	2	1	21	3	2	1	5	-2.93655	-2.48955	-4.08744	-4.47442
97	9	2	5	2	11	3	1	-28.6711	-32.224	-28.7146	-26.2573
98	4	7	10	4	1	7	1	-1.81814	-3.85698	-2.68763	-1.91035
99	2	1	2	3	2	3	5	-3.74168	-7.29965	-7.15057	-6.96907
100	2	1	21	3	2	1	5	-2.93655	-2.48955	-4.08744	-4.47442
101	4	7	10	4	1	7	1	-1.81814	-3.85698	-2.68763	-1.91035
102	2	1	21	3	2	1	5	-2.93655	-2.48955	-4.08744	-4.47442
103	1	4	2	2	6	3	17	-4.76229	-2.44449	-4.18663	-5.45864
104	2	4	5	2	10	1	5	-6.87687	-10.5403	-10.2905	-10.1097
105	2	1	12	88	2	1	5	-3.95665	-3.43003	-5.27963	-5.28889
106	9	2	4	62	4	5	6	-3.70354	-5.23292	-5.70517	-6.6884
107	2	165	73	147	220	190	104	-9.02079	-10.4086	-7.15181	-5.21106
108	2	1	21	3	2	1	5	-2.93655	-2.48955	-4.08744	-4.47442
109	2	4	1	2	2	1	5	-2.76535	-3.66262	-4.09664	-4.09609
110	2	1	12	3	11	1	6	-18.4659	-17.7839	-19.9956	-21.0002
111	2	1	2	3	2	3	5	-3.74168	-7.29965	-7.15057	-6.96907
112	2	4	1	2	7	1	5	-2.28963	-5.95593	-5.63378	-5.14861
113	2	1	2	3	2	3	5	-3.74168	-7.29965	-7.15057	-6.96907
114	2	1	21	3	2	1	5	-2.93655	-2.48955	-4.08744	-4.47442
115	2	4	1	2	7	1	5	-2.28963	-5.95593	-5.63378	-5.14861
116	33	39	30	82	113	43	17	-9.90666	-6.4364	-6.15174	-8.46835
117	2	4	1	2	2	1	5	-2.76535	-3.66262	-4.09664	-4.09609
118	2	4	1	2	2	1	5	-2.76535	-3.66262	-4.09664	-4.09609
119	2	4	1	2	2	1	5	-2.76535	-3.66262	-4.09664	-4.09609
120	2	4	1	2	7	1	5	-2.28963	-5.95593	-5.63378	-5.14861
121	4	7	10	1	1	7	1	-5.25737	-8.62844	-6.03537	-6.09989
122	2	1	12	3	2	1	5	-2.62808	-2.11503	-3.41333	-4.77117
123	2	4	1	2	2	1	5	-2.76535	-3.66262	-4.09664	-4.09609
124	2	4	1	2	2	1	5	-2.76535	-3.66262	-4.09664	-4.09609
125	2	4	1	2	7	1	5	-2.28963	-5.95593	-5.63378	-5.14861
126	2	4	1	2	2	1	5	-2.76535	-3.66262	-4.09664	-4.09609
127	2	4	1	2	2	1	5	-2.76535	-3.66262	-4.09664	-4.09609
128	2	1	12	88	2	1	5	-3.95665	-3.43003	-5.27963	-5.28889
129	2	1	12	3	2	1	5	-2.62808	-2.11503	-3.41333	-4.77117
130	2	1	12	3	2	1	5	-2.62808	-2.11503	-3.41333	-4.77117
131	2	4	1	2	7	1	5	-2.28963	-5.95593	-5.63378	-5.14861
132	2	1	21	3	2	1	5	-2.93655	-2.48955	-4.08744	-4.47442
133	2	1	21	3	2	1	5	-2.93655	-2.48955	-4.08744	-4.47442
134	2	4	5	2	2	5	5	-3.65642	-7.30328	-6.80066	-5.86222
135	2	1	21	3	2	1	5	-2.93655	-2.48955	-4.08744	-4.47442
136	1	4	2	2	6	3	1	-11.3238	-10.145	-10.2443	-10.9955
137	2	1	5	3	2	3	5	-4.25917	-3.251	-5.07162	-4.7502
138	2	1	5	3	2	3	5	-4.25917	-3.251	-5.07162	-4.7502
139	4	7	10	4	1	7	1	-1.81814	-3.85698	-2.68763	-1.91035
140	8	10	2	2	11	12	6	-3.93901	-7.55181	-7.35524	-7.17427
141	2	1	2	3	2	3	5	-3.74168	-7.29965	-7.15057	-6.96907
142	2	1	5	3	2	3	5	-4.25917	-3.251	-5.07162	-4.7502
143	2	1	2	3	2	3	5	-3.74168	-7.29965	-7.15057	-6.96907
144	129	66	30	82	189	47	17	-3.23654	-4.92008	-5.48756	-4.12416
145	2	4	1	2	2	1	5	-2.76535	-3.66262	-4.09664	-4.09609
146	2	4	1	2	2	1	5	-2.76535	-3.66262	-4.09664	-4.09609
147	7	21	5	62	4	61	44	-7.96797	-3.8249	-5.36655	-7.36346
148	2	4	1	2	2	1	5	-2.76535	-3.66262	-4.09664	-4.09609
149	2	937	1	2	2	1	5	-7.2591	-7.70208	-6.4113	-6.97918
150	1	14	2	2	6	1	17	-9.65927	-6.4432	-7.68524	-6.29281
151	1	4	2	2	6	3	17	-4.76229	-2.44449	-4.18663	-5.45864
152	8	10	149	2	11	12	6	-4.89676	-3.9682	-5.40209	-7.06888
153	2	1	12	3	2	1	5	-2.62808	-2.11503	-3.41333	-4.77117
154	9	30	2	2	89	59	6	-4.93823	-8.6128	-8.35921	-8.17354
155	1	2	3	4	5	9	3	-4.74655	-2.48215	-3.48	-4.89831
156	2	4	1	2	2	1	5	-2.76535	-3.66262	-4.09664	-4.09609
157	2	4	1	2	2	1	5	-2.76535	-3.66262	-4.09664	-4.09609
158	180	194	2	68	19	231	147	-28.1345	-29.1753	-20.3157	-22.9811
159	2	4	1	2	2	1	5	-2.76535	-3.66262	-4.09664	-4.09609
160	2	4	1	2	2	1	5	-2.76535	-3.66262	-4.09664	-4.09609
161	2	4	1	2	2	1	5	-2.76535	-3.66262	-4.09664	-4.09609
162	4	7	10	4	1	7	1	-1.81814	-3.85698	-2.68763	-1.91035
163	2	4	1	2	2	1	5	-2.76535	-3.66262	-4.09664	-4.09609
164	2	1	21	3	2	1	5	-2.93655	-2.48955	-4.08744	-4.47442
165	2	4	1	2	7	1	5	-2.28963	-5.95593	-5.63378	-5.14861
166	2	4	1	2	2	1	5	-2.76535	-3.66262	-4.09664	-4.09609
167	10	1	16	19	10	5	7	-6.77828	-2.74107	-4.0035	-5.13969
168	104	7	10	4	1	7	1	-4.39358	-8.07461	-7.80558	-7.61103
169	2	4	1	2	2	1	5	-2.76535	-3.66262	-4.09664	-4.09609
170	10	27	16	19	10	5	7	-21.0901	-12.892	-15.3869	-17.3887
171	2	4	1	2	2	1	5	-2.76535	-3.66262	-4.09664	-4.09609
172	2	1	1	3	2	1	5	-4.62943	-3.78526	-5.77553	-7.08577
173	7	21	5	62	4	61	44	-7.96797	-3.8249	-5.36655	-7.36346
174	2	1	1	3	2	1	5	-4.62943	-3.78526	-5.77553	-7.08577
175	10	1	16	19	10	5	7	-6.77828	-2.74107	-4.0035	-5.13969
176	2	4	1	2	2	1	5	-2.76535	-3.66262	-4.09664	-4.09609
177	2	4	1	2	2	1	5	-2.76535	-3.66262	-4.09664	-4.09609
178	2	1	12	3	2	1	5	-2.62808	-2.11503	-3.41333	-4.77117
179	2	4	1	2	2	1	5	-2.76535	-3.66262	-4.09664	-4.09609
180	2	4	1	2	2	1	5	-2.76535	-3.66262	-4.09664	-4.09609
181	1	4	2	2	6	3	17	-4.76229	-2.44449	-4.18663	-5.45864
182	2	1	12	3	2	1	5	-2.62808	-2.11503	-3.41333	-4.77117
183	4	7	10	4	1	7	1	-1.81814	-3.85698	-2.68763	-1.91035
184	2	4	1	2	2	1	5	-2.76535	-3.66262	-4.09664	-4.09609
185	2	4	1	2	2	1	5	-2.76535	-3.66262	-4.09664	-4.09609
186	2	1	21	3	2	1	5	-2.93655	-2.48955	-4.08744	-4.47442
187	4	7	10	4	1	7	1	-1.81814	-3.85698	-2.68763	-1.91035
188	4	7	10	4	42	51	1	-2.91765	-4.68018	-4.8807	-3.7813
189	2	1	5	3	2	3	5	-4.25917	-3.251	-5.07162	-4.7502
190	1	2	4	62	4	5	17	-6.13677	-4.8443	-6.86023	-8.31554
191	4	7	10	4	1	7	1	-1.81814	-3.85698	-2.68763	-1.91035
192	4	7	10	4	42	51	1	-2.91765	-4.68018	-4.8807	-3.7813
193	2	1	21	3	2	1	5	-2.93655	-2.48955	-4.08744	-4.47442
194	4	7	10	4	42	51	1	-2.91765	-4.68018	-4.8807	-3.7813
195	2	4	1	2	7	1	5	-2.28963	-5.95593	-5.63378	-5.14861
196	2	4	1	2	2	1	5	-2.76535	-3.66262	-4.09664	-4.09609
197	1	2	3	4	5	9	3	-4.74655	-2.48215	-3.48	-4.89831
198	1	2	4	62	4	5	17	-6.13677	-4.8443	-6.86023	-8.31554
199	2	250	4	281	358	25	57	-30.2445	-30.2753	-18.8484	-19.1613
200	9	2	4	62	4	5	6	-3.70354	-5.23292	-5.70517	-6.6884
201	1	2	3	4	5	9	3	-4.74655	-2.48215	-3.48	-4.89831
202	4	7	10	4	1	7	1	-1.81814	-3.85698	-2.68763	-1.91035
203	2	4	2	4	19	3	6	-5.78194	-9.45234	-9.19852	-9.01114
204	4	7	10	4	1	7	1	-1.81814	-3.85698	-2.68763	-1.91035
205	4	7	10	4	42	51	1	-2.91765	-4.68018	-4.8807	-3.7813
206	2	1	12	3	2	1	5	-2.62808	-2.11503	-3.41333	-4.77117
207	4	7	10	4	1	7	1	-1.81814	-3.85698	-2.68763	-1.91035
208	2	1	12	3	2	1	5	-2.62808	-2.11503	-3.41333	-4.77117
209	1	2	4	62	4	5	17	-6.13677	-4.8443	-6.86023	-8.31554
210	4	7	10	4	42	51	1	-2.91765	-4.68018	-4.8807	-3.7813
211	2	4	1	2	2	1	5	-2.76535	-3.66262	-4.09664	-4.09609
212	4	7	10	4	1	7	1	-1.81814	-3.85698	-2.68763	-1.91035
213	2	1	21	3	2	1	5	-2.93655	-2.48955	-4.08744	-4.47442
214	47	2	4	2	6	5	17	-10.7905	-10.1371	-6.24452	-8.63515
215	2	1	21	3	2	1	5	-2.93655	-2.48955	-4.08744	-4.47442
216	2	1	21	3	2	1	5	-2.93655	-2.48955	-4.08744	-4.47442
217	2	4	1	2	2	1	5	-2.76535	-3.66262	-4.09664	-4.09609
218	2	4	1	2	2	1	5	-2.76535	-3.66262	-4.09664	-4.09609
219	10	81	50	99	120	76	52	-6.72077	-6.38513	-5.32444	-5.13919
220	2	4	1	2	2	1	5	-2.76535	-3.66262	-4.09664	-4.09609
221	2	4	1	2	2	1	5	-2.76535	-3.66262	-4.09664	-4.09609
222	1	4	2	2	6	3	17	-4.76229	-2.44449	-4.18663	-5.45864
223	1	2	4	62	4	5	17	-6.13677	-4.8443	-6.86023	-8.31554
224	4	7	10	4	1	7	1	-1.81814	-3.85698	-2.68763	-1.91035
225	4	7	10	4	1	7	1	-1.81814	-3.85698	-2.68763	-1.91035
226	10	1	16	19	10	5	7	-6.77828	-2.74107	-4.0035	-5.13969
227	2	4	1	2	2	1	5	-2.76535	-3.66262	-4.09664	-4.09609
228	2	4	1	2	7	1	5	-2.28963	-5.95593	-5.63378	-5.14861
229	1	4	2	348	6	3	17	-9.56733	-5.3579	-7.43791	-9.22838
230	1	2	4	62	4	5	17	-6.13677	-4.8443	-6.86023	-8.31554
231	10	27	16	19	10	5	7	-21.0901	-12.892	-15.3869	-17.3887
232	1	4	2	2	6	3	17	-4.76229	-2.44449	-4.18663	-5.45864
233	4	7	10	4	42	51	1	-2.91765	-4.68018	-4.8807	-3.7813
234	2	4	1	2	2	1	5	-2.76535	-3.66262	-4.09664	-4.09609
235	2	1	12	3	2	1	5	-2.62808	-2.11503	-3.41333	-4.77117
236	2	1	12	88	2	1	5	-3.95665	-3.43003	-5.27963	-5.28889
237	2	4	1	2	7	1	5	-2.28963	-5.95593	-5.63378	-5.14861
238	2	1	12	3	2	1	5	-2.62808	-2.11503	-3.41333	-4.77117
239	1	4	2	2	6	3	17	-4.76229	-2.44449	-4.18663	-5.45864
240	2	1	4	28	58	25	58	-5.67869	-8.52277	-5.48536	-4.20311
241	2	1	5	3	2	3	5	-4.25917	-3.251	-5.07162	-4.7502
242	2	1	12	3	2	1	5	-2.62808	-2.11503	-3.41333	-4.77117
243	2	4	1	2	2	1	5	-2.76535	-3.66262	-4.09664	-4.09609
244	2	1	5	10	11	1	5	-26.7511	-22.5826	-24.1896	-25.5318
245	2	1	12	3	2	1	5	-2.62808	-2.11503	-3.41333	-4.77117
246	2	1	12	88	2	1	5	-3.95665	-3.43003	-5.27963	-5.28889
247	2	1	12	3	2	1	5	-2.62808	-2.11503	-3.41333	-4.77117
248	2	1	12	3	2	1	5	-2.62808	-2.11503	-3.41333	-4.77117
249	1	4	2	2	6	3	17	-4.76229	-2.44449	-4.18663	-5.45864
250	9	2	4	62	4	5	6	-3.70354	-5.23292	-5.70517	-6.6884
251	2	1	12	3	2	1	5	-2.62808	-2.11503	-3.41333	-4.77117
252	8	10	149	2	11	12	6	-4.89676	-3.9682	-5.40209	-7.06888
253	2	1	21	3	2	1	5	-2.93655	-2.48955	-4.08744	-4.47442
254	1	2	3	4	5	9	3	-4.74655	-2.48215	-3.48	-4.89831
255	2	1	5	3	2	3	5	-4.25917	-3.251	-5.07162	-4.7502
256	1	307	3	4	5	9	3	-6.84342	-6.41874	-6.12514	-8.28813
257	1	4	2	2	6	3	17	-4.76229	-2.44449	-4.18663	-5.45864
258	2	4	1	2	7	1	5	-2.28963	-5.95593	-5.63378	-5.14861
259	2	4	1	2	2	1	5	-2.76535	-3.66262	-4.09664	-4.09609
260	2	61	4	64	126	7	23	-6.04388	-8.92896	-6.13257	-4.21246
261	7	21	5	62	4	61	44	-7.96797	-3.8249	-5.36655	-7.36346
262	2	1	12	3	2	1	5	-2.62808	-2.11503	-3.41333	-4.77117
263	2	4	1	2	2	1	5	-2.76535	-3.66262	-4.09664	-4.09609
264	2	1	12	3	2	1	5	-2.62808	-2.11503	-3.41333	-4.77117
265	2	1	21	3	2	1	5	-2.93655	-2.48955	-4.08744	-4.47442
266	2	1	21	3	2	1	5	-2.93655	-2.48955	-4.08744	-4.47442
267	2	4	1	2	2	1	5	-2.76535	-3.66262	-4.09664	-4.09609
268	2	4	1	2	2	1	5	-2.76535	-3.66262	-4.09664	-4.09609
269	2	4	1	2	7	1	5	-2.28963	-5.95593	-5.63378	-5.14861
270	4	7	10	4	1	7	1	-1.81814	-3.85698	-2.68763	-1.91035
271	1	2	4	62	4	5	17	-6.13677	-4.8443	-6.86023	-8.31554
272	4	1	21	3	2	1	5	-9.574	-10.2874	-10.2773	-10.0807
273	10	1	16	19	10	5	7	-6.77828	-2.74107	-4.0035	-5.13969
274	33	283	44	82	189	44	17	-7.54899	-3.46594	-5.09988	-5.93599
275	2	1	12	3	2	1	5	-2.62808	-2.11503	-3.41333	-4.77117
276	10	81	50	99	120	76	52	-6.72077	-6.38513	-5.32444	-5.13919
277	4	7	10	4	42	25	1	-8.82551	-9.57201	-5.89412	-5.14928
278	2	4	1	2	2	1	5	-2.76535	-3.66262	-4.09664	-4.09609
279	2	4	5	2	10	1	5	-6.87687	-10.5403	-10.2905	-10.1097
280	2	4	1	2	2	1	5	-2.76535	-3.66262	-4.09664	-4.09609
281	9	2	4	62	4	5	6	-3.70354	-5.23292	-5.70517	-6.6884
282	4	7	10	4	1	7	1	-1.81814	-3.85698	-2.68763	-1.91035
283	2	1	12	3	2	1	5	-2.62808	-2.11503	-3.41333	-4.77117
284	9	2	4	62	4	5	6	-3.70354	-5.23292	-5.70517	-6.6884
285	9	2	4	62	4	5	6	-3.70354	-5.23292	-5.70517	-6.6884
286	2	4	1	2	2	1	5	-2.76535	-3.66262	-4.09664	-4.09609
287	2	1	12	88	2	1	5	-3.95665	-3.43003	-5.27963	-5.28889
288	2	1	21	3	2	1	5	-2.93655	-2.48955	-4.08744	-4.47442
289	33	39	30	79	113	44	17	-26.1693	-24.4119	-24.7363	-27.1205
290	1	2	3	4	5	9	3	-4.74655	-2.48215	-3.48	-4.89831
291	1	4	2	2	6	3	17	-4.76229	-2.44449	-4.18663	-5.45864
292	9	2	4	62	4	5	6	-3.70354	-5.23292	-5.70517	-6.6884
293	2	1	12	3	2	1	5	-2.62808	-2.11503	-3.41333	-4.77117
294	2	1	5	3	2	5	5	-5.77652	-2.82523	-3.93991	-5.47123
295	2	1	5	3	2	5	5	-5.77652	-2.82523	-3.93991	-5.47123
296	2	4	1	2	2	1	5	-2.76535	-3.66262	-4.09664	-4.09609
297	2	4	1	2	2	1	5	-2.76535	-3.66262	-4.09664	-4.09609
298	2	1	21	3	2	1	5	-2.93655	-2.48955	-4.08744	-4.47442
299	32	39	30	82	104	324	17	-8.87524	-4.67239	-6.75087	-8.53796
300	2	1	12	3	2	1	5	-2.62808	-2.11503	-3.41333	-4.77117
301	4	7	10	4	1	7	1	-1.81814	-3.85698	-2.68763	-1.91035
302	1	4	2	2	6	3	5	-9.30643	-5.26795	-7.3666	-9.16609
303	2	1	21	3	2	1	5	-2.93655	-2.48955	-4.08744	-4.47442
304	4	7	10	4	42	51	1	-2.91765	-4.68018	-4.8807	-3.7813
305	2	4	1	2	7	1	5	-2.28963	-5.95593	-5.63378	-5.14861
306	7	21	5	62	4	61	44	-7.96797	-3.8249	-5.36655	-7.36346
307	104	7	10	4	1	7	1	-4.39358	-8.07461	-7.80558	-7.61103
308	9	25	2	10	22	3	6	-4.46274	-7.93826	-6.12252	-4.33168
309	2	4	2	2	6	3	17	-10.7369	-7.75394	-9.73199	-10.8227
310	2	4	1	2	7	1	5	-2.28963	-5.95593	-5.63378	-5.14861
311	129	66	30	82	189	47	17	-3.23654	-4.92008	-5.48756	-4.12416
312	33	39	30	82	104	173	68	-5.43317	-3.97488	-6.00262	-7.50089
313	2	1	12	3	2	1	5	-2.62808	-2.11503	-3.41333	-4.77117
314	2	1	1	3	2	1	5	-4.62943	-3.78526	-5.77553	-7.08577
315	7	21	5	62	4	61	44	-7.96797	-3.8249	-5.36655	-7.36346
316	2	1	21	3	2	1	5	-2.93655	-2.48955	-4.08744	-4.47442
317	4	7	10	4	1	7	1	-1.81814	-3.85698	-2.68763	-1.91035
318	10	2	107	62	120	76	1	-6.84676	-10.2329	-8.12887	-6.28706
319	4	7	10	4	1	7	1	-1.81814	-3.85698	-2.68763	-1.91035
320	2	1	12	3	2	1	5	-2.62808	-2.11503	-3.41333	-4.77117
321	2	1	5	3	2	3	5	-4.25917	-3.251	-5.07162	-4.7502
322	4	7	10	4	1	7	1	-1.81814	-3.85698	-2.68763	-1.91035
323	2	1	12	88	2	1	5	-3.95665	-3.43003	-5.27963	-5.28889
324	4	7	10	4	42	7	1	-6.5964	-9.01723	-5.69018	-4.63222
325	4	7	10	4	42	51	1	-2.91765	-4.68018	-4.8807	-3.7813
326	2	1	21	3	2	1	5	-2.93655	-2.48955	-4.08744	-4.47442
327	2	1	12	3	2	1	5	-2.62808	-2.11503	-3.41333	-4.77117
328	4	7	10	4	1	7	1	-1.81814	-3.85698	-2.68763	-1.91035
329	2	4	1	2	7	1	5	-2.28963	-5.95593	-5.63378	-5.14861
330	4	7	10	4	1	7	1	-1.81814	-3.85698	-2.68763	-1.91035
331	2	1	12	3	2	1	5	-2.62808	-2.11503	-3.41333	-4.77117
332	4	7	10	4	1	7	1	-1.81814	-3.85698	-2.68763	-1.91035
333	4	7	10	4	1	7	1	-1.81814	-3.85698	-2.68763	-1.91035
334	1	4	2	2	6	3	17	-4.76229	-2.44449	-4.18663	-5.45864
335	2	4	1	2	2	1	5	-2.76535	-3.66262	-4.09664	-4.09609
336	4	7	10	4	1	7	1	-1.81814	-3.85698	-2.68763	-1.91035
337	7	17	2	15	23	3	12	-6.88619	-10.5592	-10.306	-10.1205
338	2	1	5	3	2	3	5	-4.25917	-3.251	-5.07162	-4.7502
339	4	7	10	4	1	7	1	-1.81814	-3.85698	-2.68763	-1.91035
340	4	7	10	4	1	7	1	-1.81814	-3.85698	-2.68763	-1.91035
341	4	7	10	4	42	51	1	-2.91765	-4.68018	-4.8807	-3.7813
342	2	4	1	2	2	1	5	-2.76535	-3.66262	-4.09664	-4.09609
343	2	1	12	88	2	1	5	-3.95665	-3.43003	-5.27963	-5.28889
344	2	1	1	3	2	1	5	-4.62943	-3.78526	-5.77553	-7.08577
345	1	2	3	4	5	9	3	-4.74655	-2.48215	-3.48	-4.89831
346	2	1	12	88	2	1	5	-3.95665	-3.43003	-5.27963	-5.28889
347	2	1	1	3	2	1	5	-4.62943	-3.78526	-5.77553	-7.08577
348	24	17	2	10	23	68	5	-9.97279	-5.76925	-7.84838	-9.63604
349	4	7	10	4	1	7	1	-1.81814	-3.85698	-2.68763	-1.91035
350	2	1	21	3	2	1	5	-2.93655	-2.48955	-4.08744	-4.47442
351	1	4	2	2	6	3	17	-4.76229	-2.44449	-4.18663	-5.45864
352	2	1	5	3	2	3	5	-4.25917	-3.251	-5.07162	-4.7502
353	4	7	10	4	1	7	1	-1.81814	-3.85698	-2.68763	-1.91035
354	2	1	1	3	2	1	5	-4.62943	-3.78526	-5.77553	-7.08577
355	2	1	12	3	2	1	5	-2.62808	-2.11503	-3.41333	-4.77117
356	8	10	149	2	11	12	6	-4.89676	-3.9682	-5.40209	-7.06888
357	2	4	1	2	2	5	5	-6.809	-6.40479	-8.29678	-9.4364
358	10	1	16	19	10	5	7	-6.77828	-2.74107	-4.0035	-5.13969
359	24	17	2	10	23	68	5	-9.97279	-5.76925	-7.84838	-9.63604
360	1	2	4	62	4	5	17	-6.13677	-4.8443	-6.86023	-8.31554
361	2	4	1	2	7	1	5	-2.28963	-5.95593	-5.63378	-5.14861
362	7	71	5	62	11	67	6	-29.9947	-27.5048	-25.9262	-28.6383
363	7	17	5	2	10	3	6	-25.4982	-24.5848	-23.8039	-22.8227
364	2	1	5	3	2	3	5	-4.25917	-3.251	-5.07162	-4.7502
365	9	2	4	62	4	5	6	-3.70354	-5.23292	-5.70517	-6.6884
366	33	38	30	82	104	325	36	-15.2392	-10.5113	-10.8673	-13.2242
367	2	4	1	2	7	1	5	-2.28963	-5.95593	-5.63378	-5.14861
368	47	2	4	2	6	5	17	-10.7905	-10.1371	-6.24452	-8.63515
369	2	1	12	88	2	1	5	-3.95665	-3.43003	-5.27963	-5.28889
370	2	1	12	88	2	1	5	-3.95665	-3.43003	-5.27963	-5.28889
371	2	1	12	88	2	1	5	-3.95665	-3.43003	-5.27963	-5.28889
372	2	1	12	88	2	1	5	-3.95665	-3.43003	-5.27963	-5.28889
373	2	4	1	2	2	1	5	-2.76535	-3.66262	-4.09664	-4.09609
374	2	1	12	88	2	1	5	-3.95665	-3.43003	-5.27963	-5.28889
375	1	1	2	2	6	3	17	-10.294	-6.18506	-8.30646	-10.1057
376	2	1	12	88	2	1	5	-3.95665	-3.43003	-5.27963	-5.28889
377	2	1	12	88	2	1	5	-3.95665	-3.43003	-5.27963	-5.28889
378	2	4	1	2	2	1	5	-2.76535	-3.66262	-4.09664	-4.09609
379	2	1	12	88	2	1	5	-3.95665	-3.43003	-5.27963	-5.28889
380	2	1	5	3	2	3	5	-4.25917	-3.251	-5.07162	-4.7502
381	4	7	10	4	1	7	1	-1.81814	-3.85698	-2.68763	-1.91035
382	2	1	12	3	2	1	5	-2.62808	-2.11503	-3.41333	-4.77117
383	1	2	4	62	4	5	17	-6.13677	-4.8443	-6.86023	-8.31554
384	1	4	2	2	6	3	17	-4.76229	-2.44449	-4.18663	-5.45864
385	2	1	12	3	2	1	5	-2.62808	-2.11503	-3.41333	-4.77117
386	2	1	12	88	2	1	5	-3.95665	-3.43003	-5.27963	-5.28889
387	9	2	4	62	4	5	6	-3.70354	-5.23292	-5.70517	-6.6884
388	2	4	1	2	7	1	5	-2.28963	-5.95593	-5.63378	-5.14861
389	2	1	5	3	2	3	5	-4.25917	-3.251	-5.07162	-4.7502
390	7	21	5	62	4	61	44	-7.96797	-3.8249	-5.36655	-7.36346
391	1	2	215	4	90	24	8	-31.9402	-28.7716	-20.6668	-21.7971
392	2	1	21	3	2	1	5	-2.93655	-2.48955	-4.08744	-4.47442
393	1	4	2	2	6	3	17	-4.76229	-2.44449	-4.18663	-5.45864
394	2	4	1	2	2	1	5	-2.76535	-3.66262	-4.09664	-4.09609
395	2	1	12	3	2	1	5	-2.62808	-2.11503	-3.41333	-4.77117
396	1	2	3	4	5	9	3	-4.74655	-2.48215	-3.48	-4.89831
397	2	1	5	3	2	3	5	-4.25917	-3.251	-5.07162	-4.7502
398	10	1	16	19	10	5	7	-6.77828	-2.74107	-4.0035	-5.13969
399	2	1	2	3	2	959	5	-8.31054	-10.819	-9.411	-9.85136
400	10	1	16	19	10	5	7	-6.77828	-2.74107	-4.0035	-5.13969
401	2	4	1	2	7	1	5	-2.28963	-5.95593	-5.63378	-5.14861
402	2	1	12	3	2	1	5	-2.62808	-2.11503	-3.41333	-4.77117
403	8	10	149	2	11	12	6	-4.89676	-3.9682	-5.40209	-7.06888
404	2	4	1	2	7	1	5	-2.28963	-5.95593	-5.63378	-5.14861
405	4	7	10	4	1	7	1	-1.81814	-3.85698	-2.68763	-1.91035
406	4	7	10	4	1	7	1	-1.81814	-3.85698	-2.68763	-1.91035
407	2	4	5	2	2	5	5	-3.65642	-7.30328	-6.80066	-5.86222
408	2	1	12	3	2	1	5	-2.62808	-2.11503	-3.41333	-4.77117
409	166	2	27	10	151	3	1	-32.8149	-32.8491	-25.6399	-25.5542
410	33	39	30	79	113	44	17	-26.1693	-24.4119	-24.7363	-27.1205
411	7	17	2	15	23	3	12	-6.88619	-10.5592	-10.306	-10.1205
412	1	2	3	4	5	9	3	-4.74655	-2.48215	-3.48	-4.89831
413	2	4	1	2	7	1	5	-2.28963	-5.95593	-5.63378	-5.14861
414	7	21	5	62	4	61	44	-7.96797	-3.8249	-5.36655	-7.36346
415	2	1	12	3	2	1	5	-2.62808	-2.11503	-3.41333	-4.77117
416	1	2	3	4	5	9	3	-4.74655	-2.48215	-3.48	-4.89831
417	2	1	5	88	2	11	5	-9.30419	-5.34048	-5.97142	-8.18986
418	2	4	1	2	7	1	5	-2.28963	-5.95593	-5.63378	-5.14861
419	2	1	21	3	2	1	5	-2.93655	-2.48955	-4.08744	-4.47442
420	7	17	2	15	23	3	12	-6.88619	-10.5592	-10.306	-10.1205
421	2	1	5	88	2	11	5	-9.30419	-5.34048	-5.97142	-8.18986
422	47	2	4	2	6	5	17	-10.7905	-10.1371	-6.24452	-8.63515
423	1	2	3	4	5	9	3	-4.74655	-2.48215	-3.48	-4.89831
424	7	17	2	15	23	3	12	-6.88619	-10.5592	-10.306	-10.1205
425	2	4	1	2	2	1	5	-2.76535	-3.66262	-4.09664	-4.09609
426	2	4	1	2	2	1	5	-2.76535	-3.66262	-4.09664	-4.09609
427	2	4	1	2	2	1	5	-2.76535	-3.66262	-4.09664	-4.09609
428	2	1	12	3	2	1	5	-2.62808	-2.11503	-3.41333	-4.77117
429	2	4	5	2	2	5	5	-3.65642	-7.30328	-6.80066	-5.86222
430	2	1	21	3	2	1	5	-2.93655	-2.48955	-4.08744	-4.47442
431	4	7	10	4	42	25	1	-8.82551	-9.57201	-5.89412	-5.14928
432	1	4	2	2	6	3	17	-4.76229	-2.44449	-4.18663	-5.45864
433	1	2	215	4	923	24	8	-31.9402	-28.7716	-20.6668	-21.7971
434	1	2	3	4	5	9	3	-4.74655	-2.48215	-3.48	-4.89831
435	2	1	1	3	2	1	5	-4.62943	-3.78526	-5.77553	-7.08577
436	1	4	2	2	6	3	17	-4.76229	-2.44449	-4.18663	-5.45864
437	2	4	1	2	2	1	5	-2.76535	-3.66262	-4.09664	-4.09609
438	2	1	5	3	2	5	5	-5.77652	-2.82523	-3.93991	-5.47123
439	4	7	10	4	42	51	1	-2.91765	-4.68018	-4.8807	-3.7813
440	4	7	10	4	1	7	1	-1.81814	-3.85698	-2.68763	-1.91035
441	4	7	10	4	1	7	1	-1.81814	-3.85698	-2.68763	-1.91035
442	4	7	10	4	1	7	1	-1.81814	-3.85698	-2.68763	-1.91035
443	2	1	21	3	2	1	5	-2.93655	-2.48955	-4.08744	-4.47442
444	2	1	21	3	2	1	5	-2.93655	-2.48955	-4.08744	-4.47442
445	2	4	1	2	7	1	5	-2.28963	-5.95593	-5.63378	-5.14861
446	4	7	10	4	1	7	1	-1.81814	-3.85698	-2.68763	-1.91035
447	4	7	10	4	1	7	1	-1.81814	-3.85698	-2.68763	-1.91035
448	2	1	1	3	2	1	5	-4.62943	-3.78526	-5.77553	-7.08577
449	2	1	21	3	2	1	5	-2.93655	-2.48955	-4.08744	-4.47442
450	2	1	21	3	2	1	5	-2.93655	-2.48955	-4.08744	-4.47442
451	4	7	10	4	42	51	1	-2.91765	-4.68018	-4.8807	-3.7813
452	4	7	10	1	1	7	1	-5.25737	-8.62844	-6.03537	-6.09989
453	239	27	16	19	10	5	7	-10.6687	-6.46416	-8.5422	-10.3304
454	2	1	12	3	2	1	5	-2.62808	-2.11503	-3.41333	-4.77117
455	2	4	1	2	2	1	5	-2.76535	-3.66262	-4.09664	-4.09609
456	2	1	12	3	2	1	5	-2.62808	-2.11503	-3.41333	-4.77117
457	2	1	12	3	2	1	5	-2.62808	-2.11503	-3.41333	-4.77117
458	10	81	50	99	120	76	52	-6.72077	-6.38513	-5.32444	-5.13919
459	47	2	4	2	6	5	17	-10.7905	-10.1371	-6.24452	-8.63515
460	2	4	1	3	2	1	5	-6.80218	-8.71551	-9.55138	-9.81546
461	4	7	10	4	1	7	1	-1.81814	-3.85698	-2.68763	-1.91035
462	2	1	1	380	2	1	5	-6.16064	-5.73528	-7.67894	-8.82421
463	2	4	1	2	7	1	5	-2.28963	-5.95593	-5.63378	-5.14861
464	2	1	12	88	2	1	5	-3.95665	-3.43003	-5.27963	-5.28889
465	7	71	5	62	11	67	1	-32.0027	-27.7509	-24.8427	-27.7505
466	2	4	1	2	7	1	5	-2.28963	-5.95593	-5.63378	-5.14861
467	4	7	10	4	1	7	1	-1.81814	-3.85698	-2.68763	-1.91035
468	2	1	1	380	2	1	5	-6.16064	-5.73528	-7.67894	-8.82421
469	2	4	1	2	2	1	5	-2.76535	-3.66262	-4.09664	-4.09609
470	2	1	12	3	2	1	5	-2.62808	-2.11503	-3.41333	-4.77117
471	1	14	2	2	6	1	17	-9.65927	-6.4432	-7.68524	-6.29281
472	1	2	4	62	4	5	17	-6.13677	-4.8443	-6.86023	-8.31554
473	4	7	10	4	1	7	1	-1.81814	-3.85698	-2.68763	-1.91035
474	2	1	21	3	2	1	5	-2.93655	-2.48955	-4.08744	-4.47442
475	2	4	1	2	2	1	5	-2.76535	-3.66262	-4.09664	-4.09609
476	1	4	2	2	6	3	17	-4.76229	-2.44449	-4.18663	-5.45864
477	4	7	10	4	1	7	1	-1.81814	-3.85698	-2.68763	-1.91035
478	10	2	107	62	120	76	1	-6.84676	-10.2329	-8.12887	-6.28706
479	2	1	12	3	2	1	5	-2.62808	-2.11503	-3.41333	-4.77117
480	2	1	5	3	2	3	5	-4.25917	-3.251	-5.07162	-4.7502
481	2	1	21	3	2	1	5	-2.93655	-2.48955	-4.08744	-4.47442
482	1	2	3	4	5	9	3	-4.74655	-2.48215	-3.48	-4.89831
483	1	307	3	4	5	9	3	-6.84342	-6.41874	-6.12514	-8.28813
484	7	2	5	2	10	3	6	-31.2155	-27.9788	-28.2484	-28.9306
485	1	2	3	4	5	9	3	-4.74655	-2.48215	-3.48	-4.89831
486	33	39	30	82	104	173	68	-5.43317	-3.97488	-6.00262	-7.50089
487	4	7	10	4	42	7	1	-6.5964	-9.01723	-5.69018	-4.63222
488	2	1	12	88	2	1	5	-3.95665	-3.43003	-5.27963	-5.28889
489	2	4	1	2	2	1	5	-2.76535	-3.66262	-4.09664	-4.09609
490	2	1	21	3	2	1	5	-2.93655	-2.48955	-4.08744	-4.47442
491	9	2	4	62	4	5	6	-3.70354	-5.23292	-5.70517	-6.6884
492	2	1	5	3	2	3	5	-4.25917	-3.251	-5.07162	-4.7502
493	4	7	10	4	1	7	1	-1.81814	-3.85698	-2.68763	-1.91035
494	2	1	57	26	127	29	35	-6.86102	-9.62787	-6.22448	-8.41678
495	2	1	57	26	127	29	35	-6.86102	-9.62787	-6.22448	-8.41678
496	2	4	2	4	19	3	6	-5.78194	-9.45234	-9.19852	-9.01114
497	2	1	12	3	2	1	5	-2.62808	-2.11503	-3.41333	-4.77117
498	2	4	1	2	2	1	5	-2.76535	-3.66262	-4.09664	-4.09609
499	2	4	1	2	2	1	5	-2.76535	-3.66262	-4.09664	-4.09609
500	2	1	21	3	2	1	5	-2.93655	-2.48955	-4.08744	-4.47442
501	33	39	65	79	104	43	17	-4.58267	-8.25637	-8.00279	-7.81793
502	1	14	2	2	6	1	17	-9.65927	-6.4432	-7.68524	-6.29281
503	2	1	12	3	2	1	5	-2.62808	-2.11503	-3.41333	-4.77117
504	7	21	5	62	4	61	44	-7.96797	-3.8249	-5.36655	-7.36346
505	9	2	4	62	4	5	6	-3.70354	-5.23292	-5.70517	-6.6884
506	129	66	30	82	189	47	17	-3.23654	-4.92008	-5.48756	-4.12416
507	2	1	21	3	2	1	5	-2.93655	-2.48955	-4.08744	-4.47442
508	47	2	4	2	6	5	17	-10.7905	-10.1371	-6.24452	-8.63515
509	2	4	1	2	7	1	5	-2.28963	-5.95593	-5.63378	-5.14861
510	33	38	30	82	104	325	36	-15.2392	-10.5113	-10.8673	-13.2242
511	1	4	2	2	6	3	17	-4.76229	-2.44449	-4.18663	-5.45864
512	1	4	2	2	6	3	17	-4.76229	-2.44449	-4.18663	-5.45864
513	2	4	1	2	2	1	5	-2.76535	-3.66262	-4.09664	-4.09609
514	4	7	10	4	1	7	1	-1.81814	-3.85698	-2.68763	-1.91035
515	33	283	44	82	189	44	17	-7.54899	-3.46594	-5.09988	-5.93599
516	8	10	149	2	11	12	6	-4.89676	-3.9682	-5.40209	-7.06888
517	2	1	21	3	62	1	5	-5.77883	-9.4401	-9.19475	-9.01294
518	10	1	16	19	10	5	7	-6.77828	-2.74107	-4.0035	-5.13969
519	180	194	2	68	19	231	147	-28.1345	-29.1753	-20.3157	-22.9811
520	2	4	1	2	7	1	5	-2.28963	-5.95593	-5.63378	-5.14861
521	2	4	2	2	6	1	5	-6.1187	-4.82777	-5.80753	-7.765
522	1	2	3	4	5	9	3	-4.74655	-2.48215	-3.48	-4.89831
523	2	1	21	3	2	1	5	-2.93655	-2.48955	-4.08744	-4.47442
524	2	1	12	3	2	1	5	-2.62808	-2.11503	-3.41333	-4.77117
525	2	1	5	3	2	3	5	-4.25917	-3.251	-5.07162	-4.7502
526	1	307	3	4	5	9	3	-6.84342	-6.41874	-6.12514	-8.28813
527	2	4	1	2	7	1	5	-2.28963	-5.95593	-5.63378	-5.14861
528	2	1	12	3	2	1	5	-2.62808	-2.11503	-3.41333	-4.77117
529	7	21	5	62	4	61	44	-7.96797	-3.8249	-5.36655	-7.36346
530	2	1	5	3	2	3	5	-4.25917	-3.251	-5.07162	-4.7502
531	2	1	12	88	2	1	5	-3.95665	-3.43003	-5.27963	-5.28889
532	2	1	21	3	2	1	5	-2.93655	-2.48955	-4.08744	-4.47442
533	1	4	2	2	6	3	17	-4.76229	-2.44449	-4.18663	-5.45864
534	2	4	1	2	7	1	5	-2.28963	-5.95593	-5.63378	-5.14861
535	47	2	4	2	6	5	17	-10.7905	-10.1371	-6.24452	-8.63515
536	1	4	2	2	6	3	17	-4.76229	-2.44449	-4.18663	-5.45864
537	1	2	3	4	5	9	3	-4.74655	-2.48215	-3.48	-4.89831
538	2	4	1	2	2	1	5	-2.76535	-3.66262	-4.09664	-4.09609
539	4	7	10	4	42	7	1	-6.5964	-9.01723	-5.69018	-4.63222
540	2	4	1	9	2	1	5	-7.3221	-7.70698	-6.41939	-6.98832
541	2	1	12	3	2	1	5	-2.62808	-2.11503	-3.41333	-4.77117
542	1	4	2	9	6	3	17	-9.32738	-6.43863	-6.47365	-8.33055
543	1	2	3	4	922	9	3	-9.31814	-6.52818	-5.80455	-7.79246
544	4	7	10	4	1	7	1	-1.81814	-3.85698	-2.68763	-1.91035
545	2	1	5	3	2	3	5	-4.25917	-3.251	-5.07162	-4.7502
546	2	4	1	2	7	1	5	-2.28963	-5.95593	-5.63378	-5.14861
547	4	7	10	4	1	7	1	-1.81814	-3.85698	-2.68763	-1.91035
548	2	4	1	2	2	1	5	-2.76535	-3.66262	-4.09664	-4.09609
549	2	1	21	3	2	1	5	-2.93655	-2.48955	-4.08744	-4.47442
550	4	7	10	4	1	7	1	-1.81814	-3.85698	-2.68763	-1.91035
551	1	4	2	2	6	3	17	-4.76229	-2.44449	-4.18663	-5.45864
552	2	1	5	3	2	5	5	-5.77652	-2.82523	-3.93991	-5.47123
553	2	1	12	3	2	1	5	-2.62808	-2.11503	-3.41333	-4.77117
554	4	936	10	4	1	7	1	-6.38463	-7.89928	-4.98454	-4.8065
555	180	194	2	68	19	231	147	-28.1345	-29.1753	-20.3157	-22.9811
556	4	7	10	4	42	51	1	-2.91765	-4.68018	-4.8807	-3.7813
557	4	7	10	4	42	25	1	-8.82551	-9.57201	-5.89412	-5.14928
558	2	1	21	3	2	1	5	-2.93655	-2.48955	-4.08744	-4.47442
559	2	1	5	3	2	3	5	-4.25917	-3.251	-5.07162	-4.7502
560	2	1	5	3	2	3	5	-4.25917	-3.251	-5.07162	-4.7502
561	4	7	10	4	42	51	1	-2.91765	-4.68018	-4.8807	-3.7813
562	4	7	10	4	1	7	1	-1.81814	-3.85698	-2.68763	-1.91035
563	2	4	1	2	7	1	5	-2.28963	-5.95593	-5.63378	-5.14861
564	2	1	21	3	2	1	5	-2.93655	-2.48955	-4.08744	-4.47442
565	1	4	2	2	6	3	17	-4.76229	-2.44449	-4.18663	-5.45864
566	188	313	5	2	89	5	6	-40.6615	-36.4174	-35.5751	-40.0447
567	2	1	21	3	2	1	5	-2.93655	-2.48955	-4.08744	-4.47442
568	2	1	1	3	2	1	5	-4.62943	-3.78526	-5.77553	-7.08577
569	2	1	5	3	2	3	5	-4.25917	-3.251	-5.07162	-4.7502
570	2	4	1	2	2	1	5	-2.76535	-3.66262	-4.09664	-4.09609
571	2	1	5	3	2	3	5	-4.25917	-3.251	-5.07162	-4.7502
572	2	1	1	3	2	1	5	-4.62943	-3.78526	-5.77553	-7.08577
573	2	1	5	3	2	3	5	-4.25917	-3.251	-5.07162	-4.7502
574	1	4	2	2	6	3	17	-4.76229	-2.44449	-4.18663	-5.45864
575	1	4	2	2	6	3	17	-4.76229	-2.44449	-4.18663	-5.45864
576	2	1	21	3	2	1	5	-2.93655	-2.48955	-4.08744	-4.47442
577	239	27	16	19	10	5	7	-10.6687	-6.46416	-8.5422	-10.3304
578	2	4	5	2	2	5	5	-3.65642	-7.30328	-6.80066	-5.86222
579	9	2	4	62	4	5	6	-3.70354	-5.23292	-5.70517	-6.6884
580	2	1	1	3	2	1	5	-4.62943	-3.78526	-5.77553	-7.08577
581	2	1	5	3	2	3	5	-4.25917	-3.251	-5.07162	-4.7502
582	1	4	2	2	6	3	17	-4.76229	-2.44449	-4.18663	-5.45864
583	2	4	5	2	2	5	5	-3.65642	-7.30328	-6.80066	-5.86222
584	2	4	5	2	2	5	5	-3.65642	-7.30328	-6.80066	-5.86222
585	2	1	5	3	2	3	5	-4.25917	-3.251	-5.07162	-4.7502
586	2	1	1	380	2	1	5	-6.16064	-5.73528	-7.67894	-8.82421
587	2	7	10	4	1	7	1	-6.51925	-8.94461	-8.11648	-7.22274
588	2	1	12	3	2	1	5	-2.62808	-2.11503	-3.41333	-4.77117
589	2	4	1	2	2	1	5	-2.76535	-3.66262	-4.09664	-4.09609
590	9	2	4	62	4	5	6	-3.70354	-5.23292	-5.70517	-6.6884
591	2	4	5	2	2	5	5	-3.65642	-7.30328	-6.80066	-5.86222
592	1	4	2	2	6	3	17	-4.76229	-2.44449	-4.18663	-5.45864
593	1	4	2	2	6	5	17	-12.7515	-8.81047	-11.0269	-13.5882
594	2	4	2	2	6	1	5	-6.1187	-4.82777	-5.80753	-7.765
595	1	4	2	2	6	5	17	-12.7515	-8.81047	-11.0269	-13.5882
596	2	23	21	3	2	1	5	-7.50929	-6.53971	-6.41401	-7.37011
597	7	21	5	62	4	61	44	-7.96797	-3.8249	-5.36655	-7.36346
598	2	4	1	2	2	1	5	-2.76535	-3.66262	-4.09664	-4.09609
599	1	307	3	4	5	9	3	-6.84342	-6.41874	-6.12514	-8.28813
600	1	2	3	4	5	9	3	-4.74655	-2.48215	-3.48	-4.89831
601	9	2	4	62	4	5	6	-3.70354	-5.23292	-5.70517	-6.6884
602	2	1	12	3	2	1	5	-2.62808	-2.11503	-3.41333	-4.77117
603	1	4	2	2	6	3	17	-4.76229	-2.44449	-4.18663	-5.45864
604	10	1	16	19	10	5	7	-6.77828	-2.74107	-4.0035	-5.13969
605	2	1	12	3	2	1	5	-2.62808	-2.11503	-3.41333	-4.77117
606	180	194	2	68	19	231	147	-28.1345	-29.1753	-20.3157	-22.9811
607	2	1	12	3	2	1	5	-2.62808	-2.11503	-3.41333	-4.77117
608	4	7	10	4	1	7	1	-1.81814	-3.85698	-2.68763	-1.91035
609	129	66	30	82	189	47	17	-3.23654	-4.92008	-5.48756	-4.12416
610	4	7	10	4	1	7	1	-1.81814	-3.85698	-2.68763	-1.91035
611	2	1	12	3	2	1	5	-2.62808	-2.11503	-3.41333	-4.77117
612	2	1	21	3	2	1	5	-2.93655	-2.48955	-4.08744	-4.47442
613	4	7	10	4	1	7	1	-1.81814	-3.85698	-2.68763	-1.91035
614	10	1	16	19	10	5	7	-6.77828	-2.74107	-4.0035	-5.13969
615	8	10	149	2	11	12	6	-4.89676	-3.9682	-5.40209	-7.06888
616	129	66	30	82	189	47	17	-3.23654	-4.92008	-5.48756	-4.12416
617	2	4	1	2	2	1	5	-2.76535	-3.66262	-4.09664	-4.09609
618	180	194	2	68	19	231	147	-28.1345	-29.1753	-20.3157	-22.9811
619	2	1	5	3	2	3	5	-4.25917	-3.251	-5.07162	-4.7502
620	2	4	1	2	2	1	5	-2.76535	-3.66262	-4.09664	-4.09609
621	1	2	3	4	5	9	3	-4.74655	-2.48215	-3.48	-4.89831
622	180	194	2	68	19	231	147	-28.1345	-29.1753	-20.3157	-22.9811
623	33	39	65	79	104	43	17	-4.58267	-8.25637	-8.00279	-7.81793
624	2	4	5	2	2	5	5	-3.65642	-7.30328	-6.80066	-5.86222
625	2	1	5	3	2	5	5	-5.77652	-2.82523	-3.93991	-5.47123
626	2	1	12	3	2	1	5	-2.62808	-2.11503	-3.41333	-4.77117
627	180	194	2	68	19	231	147	-28.1345	-29.1753	-20.3157	-22.9811
628	2	1	21	3	2	1	5	-2.93655	-2.48955	-4.08744	-4.47442
629	2	1	5	3	2	5	5	-5.77652	-2.82523	-3.93991	-5.47123
630	2	1	21	3	2	1	5	-2.93655	-2.48955	-4.08744	-4.47442
631	1	2	3	4	5	9	3	-4.74655	-2.48215	-3.48	-4.89831
632	2	1	21	3	2	1	5	-2.93655	-2.48955	-4.08744	-4.47442
633	8	10	2	2	11	12	6	-3.93901	-7.55181	-7.35524	-7.17427
634	2	4	1	2	7	1	5	-2.28963	-5.95593	-5.63378	-5.14861
635	2	1	5	3	2	3	5	-4.25917	-3.251	-5.07162	-4.7502
636	1	2	3	4	5	9	3	-4.74655	-2.48215	-3.48	-4.89831
637	9	2	4	62	4	5	6	-3.70354	-5.23292	-5.70517	-6.6884
638	2	1	21	3	2	1	5	-2.93655	-2.48955	-4.08744	-4.47442
639	8	10	149	2	11	12	6	-4.89676	-3.9682	-5.40209	-7.06888
640	2	1	12	88	2	1	5	-3.95665	-3.43003	-5.27963	-5.28889
641	2	4	1	2	2	1	5	-2.76535	-3.66262	-4.09664	-4.09609
642	2	1	5	10	10	1	5	-23.1176	-23.5149	-23.0617	-23.6874
643	1	2	3	4	5	9	3	-4.74655	-2.48215	-3.48	-4.89831
644	2	4	1	2	7	1	5	-2.28963	-5.95593	-5.63378	-5.14861
645	2	4	1	2	2	1	5	-2.76535	-3.66262	-4.09664	-4.09609
646	1	2	3	4	5	9	3	-4.74655	-2.48215	-3.48	-4.89831
647	2	1	12	88	2	1	5	-3.95665	-3.43003	-5.27963	-5.28889
648	4	7	10	4	1	7	1	-1.81814	-3.85698	-2.68763	-1.91035
649	2	1	21	3	2	1	5	-2.93655	-2.48955	-4.08744	-4.47442
650	2	4	1	2	7	1	5	-2.28963	-5.95593	-5.63378	-5.14861
651	33	38	30	82	118	43	17	-20.4053	-19.155	-20.3035	-22.0574
652	2	4	1	2	2	1	5	-2.76535	-3.66262	-4.09664	-4.09609
653	2	1	5	3	2	3	5	-4.25917	-3.251	-5.07162	-4.7502
654	4	7	10	4	1	7	1	-1.81814	-3.85698	-2.68763	-1.91035
655	8	10	2	2	11	12	6	-3.93901	-7.55181	-7.35524	-7.17427
656	2	4	5	2	2	5	5	-3.65642	-7.30328	-6.80066	-5.86222
657	4	7	10	4	1	7	1	-1.81814	-3.85698	-2.68763	-1.91035
658	2	1	5	3	2	3	5	-4.25917	-3.251	-5.07162	-4.7502
659	33	39	30	82	113	47	17	-5.77105	-5.74572	-7.61948	-8.58846
660	2	1	21	3	2	1	5	-2.93655	-2.48955	-4.08744	-4.47442
661	2	4	1	2	7	1	5	-2.28963	-5.95593	-5.63378	-5.14861
662	2	1	1	3	2	1	5	-4.62943	-3.78526	-5.77553	-7.08577
663	4	7	10	4	1	7	1	-1.81814	-3.85698	-2.68763	-1.91035
664	7	21	5	62	4	61	44	-7.96797	-3.8249	-5.36655	-7.36346
665	10	81	50	99	120	76	52	-6.72077	-6.38513	-5.32444	-5.13919
666	4	7	10	4	1	7	1	-1.81814	-3.85698	-2.68763	-1.91035
667	1	2	3	4	5	9	3	-4.74655	-2.48215	-3.48	-4.89831
668	1	2	3	4	5	9	3	-4.74655	-2.48215	-3.48	-4.89831
669	2	4	1	2	7	1	5	-2.28963	-5.95593	-5.63378	-5.14861
670	4	7	10	4	1	7	1	-1.81814	-3.85698	-2.68763	-1.91035
671	2	1	5	3	2	3	5	-4.25917	-3.251	-5.07162	-4.7502
672	1	4	2	2	6	3	17	-4.76229	-2.44449	-4.18663	-5.45864
673	4	935	10	4	1	7	1	-6.38463	-7.89928	-4.98454	-4.8065
674	10	1	16	19	10	5	7	-6.77828	-2.74107	-4.0035	-5.13969
675	4	7	10	4	1	7	1	-1.81814	-3.85698	-2.68763	-1.91035
676	33	39	65	79	104	43	17	-4.58267	-8.25637	-8.00279	-7.81793
677	2	4	2	2	6	1	5	-6.1187	-4.82777	-5.80753	-7.765
678	4	7	10	4	42	25	1	-8.82551	-9.57201	-5.89412	-5.14928
679	1	4	2	2	6	3	17	-4.76229	-2.44449	-4.18663	-5.45864
680	4	7	10	4	42	25	1	-8.82551	-9.57201	-5.89412	-5.14928
681	4	7	10	4	42	25	1	-8.82551	-9.57201	-5.89412	-5.14928
682	4	7	10	4	1	7	1	-1.81814	-3.85698	-2.68763	-1.91035
683	2	4	1	2	7	1	5	-2.28963	-5.95593	-5.63378	-5.14861
684	4	7	10	4	1	7	1	-1.81814	-3.85698	-2.68763	-1.91035
685	4	7	10	4	42	7	1	-6.5964	-9.01723	-5.69018	-4.63222
686	10	27	16	19	10	5	7	-21.0901	-12.892	-15.3869	-17.3887
687	10	81	50	99	120	76	52	-6.72077	-6.38513	-5.32444	-5.13919
688	4	7	10	4	1	7	1	-1.81814	-3.85698	-2.68763	-1.91035
689	4	7	10	4	42	51	1	-2.91765	-4.68018	-4.8807	-3.7813
690	4	7	10	4	1	7	1	-1.81814	-3.85698	-2.68763	-1.91035
691	10	81	50	99	120	76	52	-6.72077	-6.38513	-5.32444	-5.13919
692	2	4	1	2	2	1	5	-2.76535	-3.66262	-4.09664	-4.09609
693	4	7	10	4	42	51	1	-2.91765	-4.68018	-4.8807	-3.7813
694	4	7	10	4	42	51	1	-2.91765	-4.68018	-4.8807	-3.7813
695	4	7	10	4	42	51	1	-2.91765	-4.68018	-4.8807	-3.7813
696	8	10	2	2	11	12	6	-3.93901	-7.55181	-7.35524	-7.17427
697	33	38	30	82	104	43	17	-5.27565	-8.94843	-8.69462	-8.50654
698	4	7	10	4	1	7	1	-1.81814	-3.85698	-2.68763	-1.91035
699	10	81	50	99	120	76	52	-6.72077	-6.38513	-5.32444	-5.13919
700	2	4	1	2	7	1	5	-2.28963	-5.95593	-5.63378	-5.14861
701	4	7	10	4	1	7	1	-1.81814	-3.85698	-2.68763	-1.91035
702	4	7	10	4	1	7	1	-1.81814	-3.85698	-2.68763	-1.91035
703	10	81	50	99	120	76	52	-6.72077	-6.38513	-5.32444	-5.13919
704	4	7	10	4	42	51	1	-2.91765	-4.68018	-4.8807	-3.7813
705	9	2	4	62	4	5	6	-3.70354	-5.23292	-5.70517	-6.6884
706	4	7	10	4	1	7	1	-1.81814	-3.85698	-2.68763	-1.91035
707	2	1	1	3	2	1	5	-4.62943	-3.78526	-5.77553	-7.08577
708	1	14	2	2	6	1	17	-9.65927	-6.4432	-7.68524	-6.29281
709	2	4	2	2	6	1	5	-6.1187	-4.82777	-5.80753	-7.765
710	2	4	2	2	6	1	5	-6.1187	-4.82777	-5.80753	-7.765
711	4	7	10	4	42	51	1	-2.91765	-4.68018	-4.8807	-3.7813
712	10	2	107	62	120	76	1	-6.84676	-10.2329	-8.12887	-6.28706
713	2	1	12	3	2	1	5	-2.62808	-2.11503	-3.41333	-4.77117
714	2	4	1	2	2	1	5	-2.76535	-3.66262	-4.09664	-4.09609
715	47	2	4	2	6	5	17	-10.7905	-10.1371	-6.24452	-8.63515
716	4	7	10	4	42	5	1	-10.8804	-11.0243	-11.1333	-11.3983
717	2	1	12	3	2	1	5	-2.62808	-2.11503	-3.41333	-4.77117
718	4	7	10	4	42	51	1	-2.91765	-4.68018	-4.8807	-3.7813
719	1	307	3	4	5	9	3	-6.84342	-6.41874	-6.12514	-8.28813
720	2	1	21	3	2	1	5	-2.93655	-2.48955	-4.08744	-4.47442
721	4	7	10	4	1	7	1	-1.81814	-3.85698	-2.68763	-1.91035
722	2	4	1	2	2	1	5	-2.76535	-3.66262	-4.09664	-4.09609
723	2	1	12	3	2	1	5	-2.62808	-2.11503	-3.41333	-4.77117
724	4	7	10	4	1	7	1	-1.81814	-3.85698	-2.68763	-1.91035
725	2	1	21	3	2	1	5	-2.93655	-2.48955	-4.08744	-4.47442
726	2	1	1	3	2	1	5	-4.62943	-3.78526	-5.77553	-7.08577
727	4	7	10	4	1	7	1	-1.81814	-3.85698	-2.68763	-1.91035
728	2	1	12	3	2	1	5	-2.62808	-2.11503	-3.41333	-4.77117
729	1	4	3	2	6	3	17	-14.5376	-9.29475	-11.3381	-14.0184
730	2	1	12	3	2	1	5	-2.62808	-2.11503	-3.41333	-4.77117
731	2	1	12	88	2	1	5	-3.95665	-3.43003	-5.27963	-5.28889
732	1	4	2	2	6	3	17	-4.76229	-2.44449	-4.18663	-5.45864
733	4	7	10	4	42	51	1	-2.91765	-4.68018	-4.8807	-3.7813
734	2	1	12	3	2	1	5	-2.62808	-2.11503	-3.41333	-4.77117
735	4	7	10	4	1	7	1	-1.81814	-3.85698	-2.68763	-1.91035
736	2	1	12	88	2	1	5	-3.95665	-3.43003	-5.27963	-5.28889
737	2	1	21	3	2	1	5	-2.93655	-2.48955	-4.08744	-4.47442
738	2	4	5	2	2	5	5	-3.65642	-7.30328	-6.80066	-5.86222
739	2	4	5	2	2	5	5	-3.65642	-7.30328	-6.80066	-5.86222
740	2	1	21	3	62	1	5	-5.77883	-9.4401	-9.19475	-9.01294
741	4	7	10	4	42	25	1	-8.82551	-9.57201	-5.89412	-5.14928
742	1	2	4	62	4	5	17	-6.13677	-4.8443	-6.86023	-8.31554
743	1	2	3	4	5	9	3	-4.74655	-2.48215	-3.48	-4.89831
744	8	10	2	2	11	12	6	-3.93901	-7.55181	-7.35524	-7.17427
745	2	1	12	88	2	1	5	-3.95665	-3.43003	-5.27963	-5.28889
746	2	4	5	2	2	5	5	-3.65642	-7.30328	-6.80066	-5.86222
747	2	1	12	3	2	1	5	-2.62808	-2.11503	-3.41333	-4.77117
748	7	21	5	62	4	61	44	-7.96797	-3.8249	-5.36655	-7.36346
749	9	2	4	62	4	5	6	-3.70354	-5.23292	-5.70517	-6.6884
750	10	1	16	19	10	5	7	-6.77828	-2.74107	-4.0035	-5.13969
751	10	1	16	19	10	5	7	-6.77828	-2.74107	-4.0035	-5.13969
752	8	10	2	2	11	12	6	-3.93901	-7.55181	-7.35524	-7.17427
753	1	4	2	2	6	3	17	-4.76229	-2.44449	-4.18663	-5.45864
754	2	1	12	3	2	1	5	-2.62808	-2.11503	-3.41333	-4.77117
755	2	1	12	88	2	1	5	-3.95665	-3.43003	-5.27963	-5.28889
756	2	29	4	27	10	25	57	-20.0025	-22.3941	-14.976	-12.07
757	2	1	5	3	2	3	5	-4.25917	-3.251	-5.07162	-4.7502
758	2	1	12	3	2	1	5	-2.62808	-2.11503	-3.41333	-4.77117
759	37	52	57	26	107	29	23	-8.6152	-9.4426	-5.81452	-4.88896
760	2	4	1	2	7	1	5	-2.28963	-5.95593	-5.63378	-5.14861
761	1	2	3	4	5	9	3	-4.74655	-2.48215	-3.48	-4.89831
762	2	1	12	3	2	1	5	-2.62808	-2.11503	-3.41333	-4.77117
763	1	4	2	2	6	3	17	-4.76229	-2.44449	-4.18663	-5.45864
764	1	4	2	2	6	3	17	-4.76229	-2.44449	-4.18663	-5.45864
765	1	2	3	4	5	9	3	-4.74655	-2.48215	-3.48	-4.89831
766	4	7	10	4	1	7	1	-1.81814	-3.85698	-2.68763	-1.91035
767	2	1	21	3	2	1	5	-2.93655	-2.48955	-4.08744	-4.47442
768	2	1	12	3	2	1	5	-2.62808	-2.11503	-3.41333	-4.77117
769	2	4	1	2	2	5	5	-6.809	-6.40479	-8.29678	-9.4364
770	2	4	1	2	2	1	5	-2.76535	-3.66262	-4.09664	-4.09609
771	2	4	5	2	2	5	5	-3.65642	-7.30328	-6.80066	-5.86222
772	10	1	16	19	10	5	7	-6.77828	-2.74107	-4.0035	-5.13969
773	7	21	5	62	4	61	44	-7.96797	-3.8249	-5.36655	-7.36346
774	9	2	4	62	4	5	6	-3.70354	-5.23292	-5.70517	-6.6884
775	2	1	12	3	2	1	5	-2.62808	-2.11503	-3.41333	-4.77117
776	1	4	2	2	6	3	17	-4.76229	-2.44449	-4.18663	-5.45864
777	4	7	10	4	1	7	1	-1.81814	-3.85698	-2.68763	-1.91035
778	2	1	12	3	2	1	5	-2.62808	-2.11503	-3.41333	-4.77117
779	2	1	5	3	2	5	5	-5.77652	-2.82523	-3.93991	-5.47123
780	2	23	21	3	2	1	5	-7.50929	-6.53971	-6.41401	-7.37011
781	2	4	5	2	2	5	5	-3.65642	-7.30328	-6.80066	-5.86222
782	2	4	2	2	6	1	5	-6.1187	-4.82777	-5.80753	-7.765
783	2	1	12	3	2	1	5	-2.62808	-2.11503	-3.41333	-4.77117
784	4	7	10	4	42	51	1	-2.91765	-4.68018	-4.8807	-3.7813
785	7	17	5	2	86	232	1	-29.5911	-32.8008	-26.8741	-26.3022
786	2	4	1	2	2	1	5	-2.76535	-3.66262	-4.09664	-4.09609
787	2	1	12	3	2	1	5	-2.62808	-2.11503	-3.41333	-4.77117
788	2	1	21	3	2	1	5	-2.93655	-2.48955	-4.08744	-4.47442
789	7	17	2	15	23	3	12	-6.88619	-10.5592	-10.306	-10.1205
790	2	1	5	3	2	5	5	-5.77652	-2.82523	-3.93991	-5.47123
791	1	6	60	24	12	28	1	-31.6464	-30.646	-18.2619	-20.6332
792	1	2	3	4	5	9	3	-4.74655	-2.48215	-3.48	-4.89831
793	2	4	5	2	2	5	5	-3.65642	-7.30328	-6.80066	-5.86222
794	1	2	3	4	5	9	3	-4.74655	-2.48215	-3.48	-4.89831
795	1	6	60	24	12	28	1	-31.6464	-30.646	-18.2619	-20.6332
796	9	2	4	62	4	5	6	-3.70354	-5.23292	-5.70517	-6.6884
797	2	4	1	2	2	1	5	-2.76535	-3.66262	-4.09664	-4.09609
798	4	7	10	4	1	7	1	-1.81814	-3.85698	-2.68763	-1.91035
799	2	4	5	2	2	5	5	-3.65642	-7.30328	-6.80066	-5.86222
800	7	2	2	2	11	12	6	-4.48564	-8.15893	-7.90551	-7.72071
801	2	1	21	3	2	1	941	-7.51006	-6.52046	-6.40227	-7.36691
802	9	2	2	10	10	3	5	-29.6752	-25.4384	-26.0072	-25.572
803	8	10	149	2	11	12	6	-4.89676	-3.9682	-5.40209	-7.06888
804	7	1	5	2	10	3	6	-32.1973	-29.7066	-29.6635	-29.1568
805	2	1	21	3	2	1	5	-2.93655	-2.48955	-4.08744	-4.47442
806	33	39	30	82	113	43	17	-9.90666	-6.4364	-6.15174	-8.46835
807	1	6	60	24	12	28	1	-31.6464	-30.646	-18.2619	-20.6332
808	1	6	60	24	12	28	1	-31.6464	-30.646	-18.2619	-20.6332
809	7	17	2	15	23	3	12	-6.88619	-10.5592	-10.306	-10.1205
810	1	4	2	2	6	3	17	-4.76229	-2.44449	-4.18663	-5.45864
811	1	4	2	2	6	3	17	-4.76229	-2.44449	-4.18663	-5.45864
812	7	21	5	62	4	61	44	-7.96797	-3.8249	-5.36655	-7.36346
813	239	27	16	19	10	5	7	-10.6687	-6.46416	-8.5422	-10.3304
814	9	2	4	62	4	5	6	-3.70354	-5.23292	-5.70517	-6.6884
815	10	1	16	19	10	5	7	-6.77828	-2.74107	-4.0035	-5.13969
816	2	1	5	3	2	5	5	-5.77652	-2.82523	-3.93991	-5.47123
817	2	4	5	2	2	5	5	-3.65642	-7.30328	-6.80066	-5.86222
818	8	10	2	2	11	12	6	-3.93901	-7.55181	-7.35524	-7.17427
819	7	17	2	15	23	3	12	-6.88619	-10.5592	-10.306	-10.1205
820	2	4	1	4	1	1	5	-15.1679	-18.2343	-15.9061	-15.1069
821	4	7	10	4	1	7	1	-1.81814	-3.85698	-2.68763	-1.91035
822	8	10	149	2	11	12	6	-4.89676	-3.9682	-5.40209	-7.06888
823	2	1	12	88	2	1	5	-3.95665	-3.43003	-5.27963	-5.28889
824	2	4	2	2	6	1	5	-6.1187	-4.82777	-5.80753	-7.765
825	10	81	50	99	120	76	52	-6.72077	-6.38513	-5.32444	-5.13919
826	2	4	5	2	2	5	5	-3.65642	-7.30328	-6.80066	-5.86222
827	2	4	1	2	2	5	5	-6.809	-6.40479	-8.29678	-9.4364
828	8	10	149	2	11	12	6	-4.89676	-3.9682	-5.40209	-7.06888
829	1	4	2	2	6	3	17	-4.76229	-2.44449	-4.18663	-5.45864
830	2	165	73	147	220	190	104	-9.02079	-10.4086	-7.15181	-5.21106
831	4	7	10	4	42	25	1	-8.82551	-9.57201	-5.89412	-5.14928
832	7	2	2	2	11	12	6	-4.48564	-8.15893	-7.90551	-7.72071
833	1	6	60	24	12	28	1	-31.6464	-30.646	-18.2619	-20.6332
834	2	1	12	3	2	1	5	-2.62808	-2.11503	-3.41333	-4.77117
835	33	39	65	79	104	77	17	-5.27557	-8.94889	-8.69593	-8.51096
836	4	7	10	4	1	7	1	-1.81814	-3.85698	-2.68763	-1.91035
837	1	2	3	4	5	9	3	-4.74655	-2.48215	-3.48	-4.89831
838	2	1	21	3	2	1	5	-2.93655	-2.48955	-4.08744	-4.47442
839	2	1	12	3	2	1	5	-2.62808	-2.11503	-3.41333	-4.77117
840	4	7	10	4	1	7	1	-1.81814	-3.85698	-2.68763	-1.91035
841	2	4	1	2	7	1	5	-2.28963	-5.95593	-5.63378	-5.14861
842	184	39	30	82	113	43	17	-3.93933	-6.18934	-7.09307	-7.13377
843	4	7	10	4	1	7	1	-1.81814	-3.85698	-2.68763	-1.91035
844	2	4	1	2	2	1	5	-2.76535	-3.66262	-4.09664	-4.09609
845	4	7	10	4	1	7	1	-1.81814	-3.85698	-2.68763	-1.91035
846	2	1	12	88	2	1	5	-3.95665	-3.43003	-5.27963	-5.28889
847	2	1	21	3	2	1	5	-2.93655	-2.48955	-4.08744	-4.47442
848	1	2	3	4	5	9	3	-4.74655	-2.48215	-3.48	-4.89831
849	4	7	10	4	1	7	1	-1.81814	-3.85698	-2.68763	-1.91035
850	2	1	21	3	2	1	5	-2.93655	-2.48955	-4.08744	-4.47442
851	8	10	2	2	11	12	6	-3.93901	-7.55181	-7.35524	-7.17427
852	2	4	1	2	2	1	5	-2.76535	-3.66262	-4.09664	-4.09609
853	2	4	1	2	2	1	5	-2.76535	-3.66262	-4.09664	-4.09609
854	2	4	2	2	6	1	5	-6.1187	-4.82777	-5.80753	-7.765
855	2	4	1	2	2	1	5	-2.76535	-3.66262	-4.09664	-4.09609
856	2	4	1	2	2	1	5	-2.76535	-3.66262	-4.09664	-4.09609
857	2	4	1	2	2	1	5	-2.76535	-3.66262	-4.09664	-4.09609
858	1	2	3	4	5	9	3	-4.74655	-2.48215	-3.48	-4.89831
859	2	4	1	2	2	1	5	-2.76535	-3.66262	-4.09664	-4.09609
860	2	4	1	2	2	1	5	-2.76535	-3.66262	-4.09664	-4.09609
861	8	10	2	2	11	12	6	-3.93901	-7.55181	-7.35524	-7.17427
862	2	1	5	3	2	3	5	-4.25917	-3.251	-5.07162	-4.7502
863	33	39	30	82	104	173	68	-5.43317	-3.97488	-6.00262	-7.50089
864	2	4	1	2	7	1	5	-2.28963	-5.95593	-5.63378	-5.14861
865	8	10	2	2	11	12	6	-3.93901	-7.55181	-7.35524	-7.17427
866	2	4	1	2	7	1	5	-2.28963	-5.95593	-5.63378	-5.14861
867	1	2	3	4	5	9	3	-4.74655	-2.48215	-3.48	-4.89831
868	1	2	215	4	90	24	8	-31.9402	-28.7716	-20.6668	-21.7971
869	2	1	1	3	2	1	5	-4.62943	-3.78526	-5.77553	-7.08577
870	10	81	50	99	120	76	52	-6.72077	-6.38513	-5.32444	-5.13919
871	2	4	1	2	7	1	5	-2.28963	-5.95593	-5.63378	-5.14861
872	2	1	12	3	2	1	5	-2.62808	-2.11503	-3.41333	-4.77117
873	2	4	1	2	2	1	5	-2.76535	-3.66262	-4.09664	-4.09609
874	2	4	1	2	2	1	5	-2.76535	-3.66262	-4.09664	-4.09609
875	2	4	1	2	2	1	5	-2.76535	-3.66262	-4.09664	-4.09609
876	2	1	5	3	2	3	5	-4.25917	-3.251	-5.07162	-4.7502
877	2	4	1	2	2	1	5	-2.76535	-3.66262	-4.09664	-4.09609
878	4	7	10	4	1	7	1	-1.81814	-3.85698	-2.68763	-1.91035
879	2	4	1	2	7	1	5	-2.28963	-5.95593	-5.63378	-5.14861
880	2	4	5	2	2	5	5	-3.65642	-7.30328	-6.80066	-5.86222
881	2	4	1	2	2	1	5	-2.76535	-3.66262	-4.09664	-4.09609
882	8	10	2	2	11	12	6	-3.93901	-7.55181	-7.35524	-7.17427
883	4	7	10	4	1	7	1	-1.81814	-3.85698	-2.68763	-1.91035
884	2	4	1	2	2	1	5	-2.76535	-3.66262	-4.09664	-4.09609
885	166	2	1	10	17	3	1	-35.0696	-36.1255	-30.8042	-30.3164
886	2	4	1	2	7	1	5	-2.28963	-5.95593	-5.63378	-5.14861
887	2	4	1	2	2	1	5	-2.76535	-3.66262	-4.09664	-4.09609
888	4	7	10	4	1	7	1	-1.81814	-3.85698	-2.68763	-1.91035
889	4	7	10	4	1	7	1	-1.81814	-3.85698	-2.68763	-1.91035
890	2	4	1	2	7	1	5	-2.28963	-5.95593	-5.63378	-5.14861
891	2	4	1	2	2	1	5	-2.76535	-3.66262	-4.09664	-4.09609
892	2	1	5	3	2	3	5	-4.25917	-3.251	-5.07162	-4.7502
893	9	25	2	10	22	3	6	-4.46274	-7.93826	-6.12252	-4.33168
894	2	1	21	3	62	1	5	-5.77883	-9.4401	-9.19475	-9.01294
895	129	66	30	82	189	47	17	-3.23654	-4.92008	-5.48756	-4.12416
896	129	66	30	82	189	47	17	-3.23654	-4.92008	-5.48756	-4.12416
897	4	7	10	4	1	7	1	-1.81814	-3.85698	-2.68763	-1.91035
898	2	4	1	2	2	1	5	-2.76535	-3.66262	-4.09664	-4.09609
899	4	7	10	4	42	7	1	-6.5964	-9.01723	-5.69018	-4.63222
900	2	4	1	2	7	1	5	-2.28963	-5.95593	-5.63378	-5.14861
901	1	307	3	4	5	9	3	-6.84342	-6.41874	-6.12514	-8.28813
902	2	1	21	3	2	1	5	-2.93655	-2.48955	-4.08744	-4.47442
903	4	7	10	4	1	7	1	-1.81814	-3.85698	-2.68763	-1.91035
904	2	1	21	3	2	1	5	-2.93655	-2.48955	-4.08744	-4.47442
905	2	4	1	2	2	5	5	-6.809	-6.40479	-8.29678	-9.4364
906	2	4	1	2	7	1	5	-2.28963	-5.95593	-5.63378	-5.14861
907	2	4	1	2	7	1	5	-2.28963	-5.95593	-5.63378	-5.14861
908	2	4	1	2	7	1	5	-2.28963	-5.95593	-5.63378	-5.14861
909	4	7	10	4	1	7	1	-1.81814	-3.85698	-2.68763	-1.91035
910	8	10	2	2	11	12	6	-3.93901	-7.55181	-7.35524	-7.17427
911	7	21	5	62	4	61	44	-7.96797	-3.8249	-5.36655	-7.36346
912	2	1	12	88	2	1	5	-3.95665	-3.43003	-5.27963	-5.28889
913	2	4	1	2	2	1	5	-2.76535	-3.66262	-4.09664	-4.09609
914	1	2	3	4	5	9	3	-4.74655	-2.48215	-3.48	-4.89831
915	2	4	1	2	7	1	5	-2.28963	-5.95593	-5.63378	-5.14861
916	2	4	1	2	2	1	5	-2.76535	-3.66262	-4.09664	-4.09609
917	2	4	1	2	2	1	5	-2.76535	-3.66262	-4.09664	-4.09609
918	2	4	1	2	7	1	5	-2.28963	-5.95593	-5.63378	-5.14861
919	4	7	10	4	1	7	1	-1.81814	-3.85698	-2.68763	-1.91035
920	2	1	5	3	2	3	5	-4.25917	-3.251	-5.07162	-4.7502
921	2	4	1	2	7	1	5	-2.28963	-5.95593	-5.63378	-5.14861
922	2	4	1	2	2	1	5	-2.76535	-3.66262	-4.09664	-4.09609
923	8	10	2	2	11	12	6	-3.93901	-7.55181	-7.35524	-7.17427
924	2	1	12	3	2	1	5	-2.62808	-2.11503	-3.41333	-4.77117
925	48	7	10	4	183	7	1	-10.8711	-11.8556	-7.2814	-7.63803
926	7	21	5	62	4	61	44	-7.96797	-3.8249	-5.36655	-7.36346
927	4	7	10	4	1	7	1	-1.81814	-3.85698	-2.68763	-1.91035
928	9	25	2	10	22	3	6	-4.46274	-7.93826	-6.12252	-4.33168
929	2	4	1	2	2	1	5	-2.76535	-3.66262	-4.09664	-4.09609
930	2	4	1	2	7	1	5	-2.28963	-5.95593	-5.63378	-5.14861
931	2	4	1	2	2	1	5	-2.76535	-3.66262	-4.09664	-4.09609
932	2	4	1	2	2	1	5	-2.76535	-3.66262	-4.09664	-4.09609
933	9	25	2	10	22	3	6	-4.46274	-7.93826	-6.12252	-4.33168
934	2	4	1	2	2	1	5	-2.76535	-3.66262	-4.09664	-4.09609
935	2	4	1	2	2	1	5	-2.76535	-3.66262	-4.09664	-4.09609
936	2	4	1	2	7	1	5	-2.28963	-5.95593	-5.63378	-5.14861
937	2	4	1	2	7	1	5	-2.28963	-5.95593	-5.63378	-5.14861
938	2	4	1	2	2	1	5	-2.76535	-3.66262	-4.09664	-4.09609
939	2	4	1	2	2	1	5	-2.76535	-3.66262	-4.09664	-4.09609
940	4	7	10	4	1	7	1	-1.81814	-3.85698	-2.68763	-1.91035
941	2	4	1	2	2	1	5	-2.76535	-3.66262	-4.09664	-4.09609
942	4	7	10	4	1	7	1	-1.81814	-3.85698	-2.68763	-1.91035
943	2	4	1	2	7	1	5	-2.28963	-5.95593	-5.63378	-5.14861
944	2	4	1	2	2	1	5	-2.76535	-3.66262	-4.09664	-4.09609
945	4	7	10	4	1	7	1	-1.81814	-3.85698	-2.68763	-1.91035
946	9	25	2	10	22	3	6	-4.46274	-7.93826	-6.12252	-4.33168
947	10	81	50	99	120	76	52	-6.72077	-6.38513	-5.32444	-5.13919
948	2	1	21	3	2	1	5	-2.93655	-2.48955	-4.08744	-4.47442
949	4	7	10	4	1	7	1	-1.81814	-3.85698	-2.68763	-1.91035
950	2	4	1	2	7	1	5	-2.28963	-5.95593	-5.63378	-5.14861
951	4	7	10	4	1	7	1	-1.81814	-3.85698	-2.68763	-1.91035
952	4	7	10	4	1	7	1	-1.81814	-3.85698	-2.68763	-1.91035
953	8	315	2	2	11	12	6	-8.51061	-11.5969	-9.67904	-10.068
954	8	10	2	2	11	12	6	-3.93901	-7.55181	-7.35524	-7.17427
955	2	4	1	2	2	1	5	-2.76535	-3.66262	-4.09664	-4.09609
956	4	7	10	4	1	7	1	-1.81814	-3.85698	-2.68763	-1.91035
957	2	4	1	2	2	1	5	-2.76535	-3.66262	-4.09664	-4.09609
958	2	4	1	2	2	1	5	-2.76535	-3.66262	-4.09664	-4.09609
959	2	4	1	2	2	1	5	-2.76535	-3.66262	-4.09664	-4.09609
960	2	4	1	2	7	1	5	-2.28963	-5.95593	-5.63378	-5.14861
961	2	4	1	2	2	1	5	-2.76535	-3.66262	-4.09664	-4.09609
962	2	4	1	2	2	1	5	-2.76535	-3.66262	-4.09664	-4.09609
963	2	1	21	3	2	1	5	-2.93655	-2.48955	-4.08744	-4.47442
964	2	4	1	2	2	1	5	-2.76535	-3.66262	-4.09664	-4.09609
965	1	4	2	2	2	3	17	-11.1312	-7.76695	-10.1256	-12.1123
966	2	4	1	2	2	1	5	-2.76535	-3.66262	-4.09664	-4.09609
967	2	4	1	2	2	1	5	-2.76535	-3.66262	-4.09664	-4.09609
968	7	21	5	62	4	61	44	-7.96797	-3.8249	-5.36655	-7.36346
969	2	4	1	2	2	1	5	-2.76535	-3.66262	-4.09664	-4.09609
970	4	7	10	4	1	7	1	-1.81814	-3.85698	-2.68763	-1.91035
971	2	4	1	2	2	1	5	-2.76535	-3.66262	-4.09664	-4.09609
972	10	1	16	19	10	5	7	-6.77828	-2.74107	-4.0035	-5.13969
973	8	10	2	2	11	12	6	-3.93901	-7.55181	-7.35524	-7.17427
974	4	7	10	4	1	7	1	-1.81814	-3.85698	-2.68763	-1.91035
975	2	4	2	2	6	1	5	-6.1187	-4.82777	-5.80753	-7.765
976	2	4	1	2	2	1	5	-2.76535	-3.66262	-4.09664	-4.09609
977	2	4	1	2	2	1	5	-2.76535	-3.66262	-4.09664	-4.09609
978	2	1	12	3	2	1	5	-2.62808	-2.11503	-3.41333	-4.77117
979	2	1	21	3	2	1	5	-2.93655	-2.48955	-4.08744	-4.47442
980	1	4	2	2	6	3	17	-4.76229	-2.44449	-4.18663	-5.45864
981	9	2	4	62	4	5	6	-3.70354	-5.23292	-5.70517	-6.6884
982	9	2	4	62	4	5	6	-3.70354	-5.23292	-5.70517	-6.6884
983	2	4	1	2	2	1	5	-2.76535	-3.66262	-4.09664	-4.09609
984	9	25	2	10	22	3	6	-4.46274	-7.93826	-6.12252	-4.33168
985	2	1	12	3	2	1	5	-2.62808	-2.11503	-3.41333	-4.77117
986	2	4	1	2	2	1	5	-2.76535	-3.66262	-4.09664	-4.09609
987	2	4	1	2	2	1	5	-2.76535	-3.66262	-4.09664	-4.09609
988	2	4	1	2	2	1	5	-2.76535	-3.66262	-4.09664	-4.09609
989	1	4	2	2	6	3	17	-4.76229	-2.44449	-4.18663	-5.45864
990	1	4	2	2	6	3	17	-4.76229	-2.44449	-4.18663	-5.45864
991	9	25	2	10	22	3	6	-4.46274	-7.93826	-6.12252	-4.33168
992	1	4	2	2	6	3	17	-4.76229	-2.44449	-4.18663	-5.45864
993	2	4	1	2	2	1	5	-2.76535	-3.66262	-4.09664	-4.09609
994	2	4	1	2	2	1	5	-2.76535	-3.66262	-4.09664	-4.09609
995	8	10	2	2	11	12	6	-3.93901	-7.55181	-7.35524	-7.17427
996	2	4	1	2	2	1	5	-2.76535	-3.66262	-4.09664	-4.09609
997	2	1	5	3	2	5	5	-5.77652	-2.82523	-3.93991	-5.47123
998	8	10	2	2	11	12	6	-3.93901	-7.55181	-7.35524	-7.17427
999	2	4	1	2	2	1	5	-2.76535	-3.66262	-4.09664	-4.09609
1000	2	4	1	2	2	1	5	-2.76535	-3.66262	-4.09664	-4.09609
1001	2	1	21	3	2	1	5	-2.93655	-2.48955	-4.08744	-4.47442
1002	1	2	4	62	4	5	17	-6.13677	-4.8443	-6.86023	-8.31554
1003	2	1	12	3	2	1	5	-2.62808	-2.11503	-3.41333	-4.77117
1004	2	4	1	2	7	1	5	-2.28963	-5.95593	-5.63378	-5.14861
1005	1	307	3	4	5	9	3	-6.84342	-6.41874	-6.12514	-8.28813
1006	2	4	2	4	19	3	6	-5.78194	-9.45234	-9.19852	-9.01114
1007	2	4	1	2	2	1	5	-2.76535	-3.66262	-4.09664	-4.09609
1008	1	4	2	2	6	3	17	-4.76229	-2.44449	-4.18663	-5.45864
1009	9	25	2	10	22	3	6	-4.46274	-7.93826	-6.12252	-4.33168
1010	4	7	10	4	1	7	1	-1.81814	-3.85698	-2.68763	-1.91035
1011	2	4	1	2	2	1	5	-2.76535	-3.66262	-4.09664	-4.09609
1012	10	1	16	19	10	5	7	-6.77828	-2.74107	-4.0035	-5.13969
1013	2	1	21	3	2	1	5	-2.93655	-2.48955	-4.08744	-4.47442
1014	4	7	10	4	1	7	1	-1.81814	-3.85698	-2.68763	-1.91035
1015	2	4	1	2	2	1	5	-2.76535	-3.66262	-4.09664	-4.09609
1016	1	2	3	4	5	9	3	-4.74655	-2.48215	-3.48	-4.89831
1017	9	316	4	62	4	5	6	-6.86292	-6.44909	-8.38338	-9.52411
1018	9	25	2	10	22	3	6	-4.46274	-7.93826	-6.12252	-4.33168
1019	1	307	3	4	5	9	3	-6.84342	-6.41874	-6.12514	-8.28813
1020	2	4	1	2	2	1	5	-2.76535	-3.66262	-4.09664	-4.09609
1021	9	25	2	10	22	3	6	-4.46274	-7.93826	-6.12252	-4.33168
1022	2	4	1	2	2	1	5	-2.76535	-3.66262	-4.09664	-4.09609
1023	2	1	12	3	2	1	5	-2.62808	-2.11503	-3.41333	-4.77117
1024	2	1	5	3	2	5	5	-5.77652	-2.82523	-3.93991	-5.47123
1025	2	4	1	2	2	1	5	-2.76535	-3.66262	-4.09664	-4.09609
1026	2	1	12	3	2	1	5	-2.62808	-2.11503	-3.41333	-4.77117
1027	2	1	12	3	2	1	5	-2.62808	-2.11503	-3.41333	-4.77117
1028	10	1	16	19	10	5	7	-6.77828	-2.74107	-4.0035	-5.13969
1029	4	7	10	4	1	7	1	-1.81814	-3.85698	-2.68763	-1.91035
1030	2	4	1	2	2	1	5	-2.76535	-3.66262	-4.09664	-4.09609
1031	2	1	12	88	2	1	5	-3.95665	-3.43003	-5.27963	-5.28889
1032	2	1	21	3	2	1	5	-2.93655	-2.48955	-4.08744	-4.47442
1033	1	2	3	4	5	9	3	-4.74655	-2.48215	-3.48	-4.89831
1034	8	10	2	2	11	12	6	-3.93901	-7.55181	-7.35524	-7.17427
1035	2	1	12	88	2	1	5	-3.95665	-3.43003	-5.27963	-5.28889
1036	33	39	30	82	104	173	68	-5.43317	-3.97488	-6.00262	-7.50089
1037	1	2	3	4	5	9	3	-4.74655	-2.48215	-3.48	-4.89831
1038	9	25	2	10	22	3	6	-4.46274	-7.93826	-6.12252	-4.33168
1039	2	4	1	2	2	1	5	-2.76535	-3.66262	-4.09664	-4.09609
1040	8	10	2	2	11	12	6	-3.93901	-7.55181	-7.35524	-7.17427
1041	1	2	4	62	4	5	17	-6.13677	-4.8443	-6.86023	-8.31554
1042	10	1	16	19	10	5	7	-6.77828	-2.74107	-4.0035	-5.13969
1043	33	39	30	82	104	173	68	-5.43317	-3.97488	-6.00262	-7.50089
1044	2	4	1	2	2	1	5	-2.76535	-3.66262	-4.09664	-4.09609
1045	8	10	2	2	11	12	6	-3.93901	-7.55181	-7.35524	-7.17427
1046	2	1	5	3	2	5	5	-5.77652	-2.82523	-3.93991	-5.47123
1047	47	2	4	2	6	5	17	-10.7905	-10.1371	-6.24452	-8.63515
1048	1	2	3	4	5	9	3	-4.74655	-2.48215	-3.48	-4.89831
1049	4	7	10	4	1	7	1	-1.81814	-3.85698	-2.68763	-1.91035
1050	2	1	5	3	2	3	5	-4.25917	-3.251	-5.07162	-4.7502
1051	2	4	2	2	6	1	5	-6.1187	-4.82777	-5.80753	-7.765
1052	2	4	1	2	2	1	5	-2.76535	-3.66262	-4.09664	-4.09609
1053	8	10	149	2	11	12	6	-4.89676	-3.9682	-5.40209	-7.06888
1054	9	25	2	10	22	3	6	-4.46274	-7.93826	-6.12252	-4.33168
1055	2	4	1	2	2	1	5	-2.76535	-3.66262	-4.09664	-4.09609
1056	1	2	3	4	5	9	3	-4.74655	-2.48215	-3.48	-4.89831
1057	2	1	12	3	2	1	5	-2.62808	-2.11503	-3.41333	-4.77117
1058	4	7	10	4	42	51	1	-2.91765	-4.68018	-4.8807	-3.7813
1059	2	4	1	2	2	1	5	-2.76535	-3.66262	-4.09664	-4.09609
1060	2	1	1	3	2	1	5	-4.62943	-3.78526	-5.77553	-7.08577
1061	2	4	1	2	7	1	5	-2.28963	-5.95593	-5.63378	-5.14861
1062	8	10	2	2	11	12	6	-3.93901	-7.55181	-7.35524	-7.17427
1063	2	4	1	2	2	1	5	-2.76535	-3.66262	-4.09664	-4.09609
1064	9	2	4	62	4	5	6	-3.70354	-5.23292	-5.70517	-6.6884
1065	2	4	1	2	2	1	5	-2.76535	-3.66262	-4.09664	-4.09609
1066	4	7	10	4	1	7	1	-1.81814	-3.85698	-2.68763	-1.91035
1067	8	10	2	2	11	12	6	-3.93901	-7.55181	-7.35524	-7.17427
1068	2	4	2	2	6	1	5	-6.1187	-4.82777	-5.80753	-7.765
1069	2	4	2	2	6	1	5	-6.1187	-4.82777	-5.80753	-7.765
1070	2	4	2	2	6	1	5	-6.1187	-4.82777	-5.80753	-7.765
1071	2	4	2	2	6	1	5	-6.1187	-4.82777	-5.80753	-7.765
1072	2	4	1	2	2	1	5	-2.76535	-3.66262	-4.09664	-4.09609
1073	2	4	1	2	2	1	5	-2.76535	-3.66262	-4.09664	-4.09609
1074	2	1	12	3	2	1	5	-2.62808	-2.11503	-3.41333	-4.77117
1075	2	4	1	2	7	1	5	-2.28963	-5.95593	-5.63378	-5.14861
1076	4	7	10	4	42	51	1	-2.91765	-4.68018	-4.8807	-3.7813
1077	2	4	1	2	2	1	5	-2.76535	-3.66262	-4.09664	-4.09609
1078	8	10	2	2	11	12	6	-3.93901	-7.55181	-7.35524	-7.17427
1079	1	2	3	4	5	9	3	-4.74655	-2.48215	-3.48	-4.89831
1080	1	2	3	4	5	9	3	-4.74655	-2.48215	-3.48	-4.89831
1081	10	1	16	19	10	5	7	-6.77828	-2.74107	-4.0035	-5.13969
1082	8	10	2	2	11	12	6	-3.93901	-7.55181	-7.35524	-7.17427
1083	4	7	10	4	1	7	1	-1.81814	-3.85698	-2.68763	-1.91035
1084	2	4	1	2	2	1	5	-2.76535	-3.66262	-4.09664	-4.09609
1085	2	4	1	2	7	1	5	-2.28963	-5.95593	-5.63378	-5.14861
1086	2	1	21	3	2	1	5	-2.93655	-2.48955	-4.08744	-4.47442
1087	2	1	12	3	2	1	5	-2.62808	-2.11503	-3.41333	-4.77117
1088	2	4	2	4	19	3	6	-5.78194	-9.45234	-9.19852	-9.01114
1089	8	10	149	2	11	12	6	-4.89676	-3.9682	-5.40209	-7.06888
1090	8	10	2	2	11	12	6	-3.93901	-7.55181	-7.35524	-7.17427
1091	2	1	12	3	2	1	5	-2.62808	-2.11503	-3.41333	-4.77117
1092	2	1	12	3	2	1	5	-2.62808	-2.11503	-3.41333	-4.77117
1093	2	1	5	3	2	3	5	-4.25917	-3.251	-5.07162	-4.7502
1094	184	39	30	82	113	43	17	-3.93933	-6.18934	-7.09307	-7.13377
1095	2	1	12	3	2	1	5	-2.62808	-2.11503	-3.41333	-4.77117
1096	2	4	1	2	2	1	5	-2.76535	-3.66262	-4.09664	-4.09609
1097	4	7	10	4	1	7	1	-1.81814	-3.85698	-2.68763	-1.91035
1098	8	10	2	2	11	12	6	-3.93901	-7.55181	-7.35524	-7.17427
1099	4	7	10	4	1	7	1	-1.81814	-3.85698	-2.68763	-1.91035
1100	4	7	10	4	42	51	1	-2.91765	-4.68018	-4.8807	-3.7813
1101	9	25	2	10	22	3	6	-4.46274	-7.93826	-6.12252	-4.33168
1102	9	2	4	62	4	5	6	-3.70354	-5.23292	-5.70517	-6.6884
1103	4	7	10	4	1	7	1	-1.81814	-3.85698	-2.68763	-1.91035
1104	2	4	1	2	7	1	5	-2.28963	-5.95593	-5.63378	-5.14861
1105	4	7	10	4	1	7	1	-1.81814	-3.85698	-2.68763	-1.91035
1106	8	10	2	2	11	12	6	-3.93901	-7.55181	-7.35524	-7.17427
1107	2	4	1	2	2	1	5	-2.76535	-3.66262	-4.09664	-4.09609
1108	4	7	10	4	42	51	1	-2.91765	-4.68018	-4.8807	-3.7813
1109	1	2	3	4	5	9	3	-4.74655	-2.48215	-3.48	-4.89831
1110	2	1	12	3	2	1	5	-2.62808	-2.11503	-3.41333	-4.77117
1111	2	4	1	2	2	1	5	-2.76535	-3.66262	-4.09664	-4.09609
1112	10	81	50	99	120	76	52	-6.72077	-6.38513	-5.32444	-5.13919
1113	2	4	1	2	2	1	5	-2.76535	-3.66262	-4.09664	-4.09609
1114	4	7	10	4	42	51	1	-2.91765	-4.68018	-4.8807	-3.7813
1115	4	7	10	4	42	51	1	-2.91765	-4.68018	-4.8807	-3.7813
1116	4	7	10	4	1	7	1	-1.81814	-3.85698	-2.68763	-1.91035
1117	3	1	5	10	11	11	6	-10.6666	-6.46154	-8.53848	-10.3274
1118	10	81	50	99	120	76	52	-6.72077	-6.38513	-5.32444	-5.13919
1119	2	4	1	2	2	1	5	-2.76535	-3.66262	-4.09664	-4.09609
1120	4	7	10	4	1	7	1	-1.81814	-3.85698	-2.68763	-1.91035
1121	4	7	10	4	1	7	1	-1.81814	-3.85698	-2.68763	-1.91035
1122	4	7	10	4	42	51	1	-2.91765	-4.68018	-4.8807	-3.7813
1123	2	1	12	3	2	1	5	-2.62808	-2.11503	-3.41333	-4.77117
1124	2	4	1	2	2	1	5	-2.76535	-3.66262	-4.09664	-4.09609
1125	2	1	1	3	2	1	5	-4.62943	-3.78526	-5.77553	-7.08577
1126	2	4	1	2	2	1	5	-2.76535	-3.66262	-4.09664	-4.09609
1127	2	4	1	2	2	1	5	-2.76535	-3.66262	-4.09664	-4.09609
1128	2	4	1	2	2	1	5	-2.76535	-3.66262	-4.09664	-4.09609
1129	2	4	1	2	2	1	5	-2.76535	-3.66262	-4.09664	-4.09609
1130	1	2	3	4	5	9	3	-4.74655	-2.48215	-3.48	-4.89831
1131	8	10	2	2	11	12	6	-3.93901	-7.55181	-7.35524	-7.17427
1132	2	1	21	3	2	1	5	-2.93655	-2.48955	-4.08744	-4.47442
1133	2	4	1	2	2	1	5	-2.76535	-3.66262	-4.09664	-4.09609
1134	2	1	21	3	2	1	5	-2.93655	-2.48955	-4.08744	-4.47442
1135	2	1	21	3	2	1	5	-2.93655	-2.48955	-4.08744	-4.47442
1136	2	4	1	2	2	1	5	-2.76535	-3.66262	-4.09664	-4.09609
1137	1	2	3	4	5	9	3	-4.74655	-2.48215	-3.48	-4.89831
1138	10	1	16	19	10	5	7	-6.77828	-2.74107	-4.0035	-5.13969
1139	2	1	12	3	2	1	5	-2.62808	-2.11503	-3.41333	-4.77117
1140	7	21	5	62	4	61	44	-7.96797	-3.8249	-5.36655	-7.36346
1141	2	4	1	2	2	1	5	-2.76535	-3.66262	-4.09664	-4.09609
1142	2	1	12	3	2	1	5	-2.62808	-2.11503	-3.41333	-4.77117
1143	2	4	1	2	7	1	5	-2.28963	-5.95593	-5.63378	-5.14861
1144	2	1	5	3	2	3	5	-4.25917	-3.251	-5.07162	-4.7502
1145	2	1	21	3	2	1	5	-2.93655	-2.48955	-4.08744	-4.47442
1146	2	1	21	3	2	1	5	-2.93655	-2.48955	-4.08744	-4.47442
1147	2	1	21	3	2	1	5	-2.93655	-2.48955	-4.08744	-4.47442
1148	2	1	21	3	2	1	5	-2.93655	-2.48955	-4.08744	-4.47442
1149	2	1	12	3	2	1	5	-2.62808	-2.11503	-3.41333	-4.77117
1150	8	10	2	2	11	12	6	-3.93901	-7.55181	-7.35524	-7.17427
1151	129	66	30	82	189	47	17	-3.23654	-4.92008	-5.48756	-4.12416
1152	1	307	3	4	5	9	3	-6.84342	-6.41874	-6.12514	-8.28813
1153	8	10	2	2	11	12	6	-3.93901	-7.55181	-7.35524	-7.17427
1154	2	4	2	2	6	1	5	-6.1187	-4.82777	-5.80753	-7.765
1155	1	4	2	2	6	3	17	-4.76229	-2.44449	-4.18663	-5.45864
1156	2	4	1	2	2	1	5	-2.76535	-3.66262	-4.09664	-4.09609
1157	8	10	2	2	11	12	6	-3.93901	-7.55181	-7.35524	-7.17427
1158	2	4	2	2	6	1	5	-6.1187	-4.82777	-5.80753	-7.765
1159	2	1	21	3	2	1	5	-2.93655	-2.48955	-4.08744	-4.47442
1160	2	4	5	2	2	5	5	-3.65642	-7.30328	-6.80066	-5.86222
1161	7	21	5	62	4	61	44	-7.96797	-3.8249	-5.36655	-7.36346
1162	2	1	12	3	2	1	5	-2.62808	-2.11503	-3.41333	-4.77117
1163	10	27	16	19	10	5	7	-21.0901	-12.892	-15.3869	-17.3887
1164	33	283	44	82	189	44	17	-7.54899	-3.46594	-5.09988	-5.93599
1165	9	25	2	10	22	3	6	-4.46274	-7.93826	-6.12252	-4.33168
1166	7	21	5	62	4	61	44	-7.96797	-3.8249	-5.36655	-7.36346
1167	2	1	5	3	2	3	5	-4.25917	-3.251	-5.07162	-4.7502
1168	2	1	5	3	2	3	5	-4.25917	-3.251	-5.07162	-4.7502
1169	9	25	2	10	22	3	6	-4.46274	-7.93826	-6.12252	-4.33168
1170	2	1	5	3	2	3	5	-4.25917	-3.251	-5.07162	-4.7502
1171	2	4	1	2	2	1	5	-2.76535	-3.66262	-4.09664	-4.09609
1172	129	66	30	82	189	47	17	-3.23654	-4.92008	-5.48756	-4.12416
1173	2	4	1	2	2	1	5	-2.76535	-3.66262	-4.09664	-4.09609
1174	2	1	5	3	2	3	5	-4.25917	-3.251	-5.07162	-4.7502
1175	2	1	12	3	2	1	5	-2.62808	-2.11503	-3.41333	-4.77117
1176	2	4	1	2	2	1	5	-2.76535	-3.66262	-4.09664	-4.09609
1177	1	4	2	2	6	3	17	-4.76229	-2.44449	-4.18663	-5.45864
1178	2	1	12	3	2	1	5	-2.62808	-2.11503	-3.41333	-4.77117
1179	1	4	2	2	446	3	17	-9.32844	-6.45542	-6.48551	-8.33746
1180	2	1	5	88	2	11	5	-9.30419	-5.34048	-5.97142	-8.18986
1181	2	4	2	2	6	1	5	-6.1187	-4.82777	-5.80753	-7.765
1182	9	25	2	10	22	3	6	-4.46274	-7.93826	-6.12252	-4.33168
1183	2	1	5	3	2	3	5	-4.25917	-3.251	-5.07162	-4.7502
1184	7	21	5	62	4	61	44	-7.96797	-3.8249	-5.36655	-7.36346
1185	1	2	3	4	5	9	3	-4.74655	-2.48215	-3.48	-4.89831
1186	2	4	1	2	2	1	5	-2.76535	-3.66262	-4.09664	-4.09609
1187	7	21	5	62	4	61	44	-7.96797	-3.8249	-5.36655	-7.36346
1188	33	39	30	82	104	173	68	-5.43317	-3.97488	-6.00262	-7.50089
1189	1	4	2	2	6	3	17	-4.76229	-2.44449	-4.18663	-5.45864
1190	2	1	21	3	2	1	5	-2.93655	-2.48955	-4.08744	-4.47442
1191	4	7	10	4	1	7	1	-1.81814	-3.85698	-2.68763	-1.91035
1192	2	1	5	3	2	5	5	-5.77652	-2.82523	-3.93991	-5.47123
1193	1	4	2	2	6	3	17	-4.76229	-2.44449	-4.18663	-5.45864
1194	2	4	1	2	2	1	5	-2.76535	-3.66262	-4.09664	-4.09609
1195	2	4	1	2	2	1	5	-2.76535	-3.66262	-4.09664	-4.09609
1196	2	1	12	3	2	1	5	-2.62808	-2.11503	-3.41333	-4.77117
1197	2	1	6	3	2	3	5	-7.81636	-7.26929	-7.1993	-7.21533
1198	4	7	10	4	1	7	1	-1.81814	-3.85698	-2.68763	-1.91035
1199	2	4	1	2	7	1	5	-2.28963	-5.95593	-5.63378	-5.14861
1200	2	1	1	3	2	1	5	-4.62943	-3.78526	-5.77553	-7.08577
1201	2	4	1	2	2	1	5	-2.76535	-3.66262	-4.09664	-4.09609
1202	7	2	5	2	10	3	6	-31.2155	-27.9788	-28.2484	-28.9306
1203	2	1	21	3	2	1	5	-2.93655	-2.48955	-4.08744	-4.47442
1204	2	4	1	2	7	1	5	-2.28963	-5.95593	-5.63378	-5.14861
1205	4	7	10	4	1	7	1	-1.81814	-3.85698	-2.68763	-1.91035
1206	2	4	1	2	7	1	5	-2.28963	-5.95593	-5.63378	-5.14861
1207	2	4	1	2	2	1	5	-2.76535	-3.66262	-4.09664	-4.09609
1208	1	4	2	2	6	3	17	-4.76229	-2.44449	-4.18663	-5.45864
1209	2	4	1	2	2	1	5	-2.76535	-3.66262	-4.09664	-4.09609
1210	2	4	1	2	2	1	5	-2.76535	-3.66262	-4.09664	-4.09609
1211	74	10	2	2	11	12	6	-8.51063	-11.5969	-9.67912	-10.0685
1212	1	2	3	4	5	9	3	-4.74655	-2.48215	-3.48	-4.89831
1213	2	1	5	3	2	3	5	-4.25917	-3.251	-5.07162	-4.7502
1214	4	7	10	4	1	7	1	-1.81814	-3.85698	-2.68763	-1.91035
1215	2	4	2	2	6	1	5	-6.1187	-4.82777	-5.80753	-7.765
1216	2	1	12	3	2	1	5	-2.62808	-2.11503	-3.41333	-4.77117
1217	2	1	21	3	2	1	5	-2.93655	-2.48955	-4.08744	-4.47442
1218	2	4	1	2	2	1	5	-2.76535	-3.66262	-4.09664	-4.09609
1219	2	1	21	3	2	1	5	-2.93655	-2.48955	-4.08744	-4.47442
1220	4	7	10	4	1	7	1	-1.81814	-3.85698	-2.68763	-1.91035
1221	2	1	21	3	2	1	5	-2.93655	-2.48955	-4.08744	-4.47442
1222	2	4	1	2	2	1	5	-2.76535	-3.66262	-4.09664	-4.09609
1223	4	7	10	4	1	7	1	-1.81814	-3.85698	-2.68763	-1.91035
1224	2	4	1	2	2	1	5	-2.76535	-3.66262	-4.09664	-4.09609
1225	4	7	10	4	1	7	1	-1.81814	-3.85698	-2.68763	-1.91035
1226	4	7	10	4	42	51	1	-2.91765	-4.68018	-4.8807	-3.7813
1227	4	7	10	4	42	7	1	-6.5964	-9.01723	-5.69018	-4.63222
1228	2	4	1	2	2	1	5	-2.76535	-3.66262	-4.09664	-4.09609
1229	2	1	5	3	2	3	5	-4.25917	-3.251	-5.07162	-4.7502
1230	10	81	50	99	120	76	52	-6.72077	-6.38513	-5.32444	-5.13919
1231	2	4	1	2	7	1	5	-2.28963	-5.95593	-5.63378	-5.14861
1232	2	4	1	2	7	1	5	-2.28963	-5.95593	-5.63378	-5.14861
1233	4	7	10	4	1	7	1	-1.81814	-3.85698	-2.68763	-1.91035
1234	1	4	2	2	6	3	17	-4.76229	-2.44449	-4.18663	-5.45864
1235	4	7	10	4	1	7	1	-1.81814	-3.85698	-2.68763	-1.91035
1236	2	4	1	2	2	1	5	-2.76535	-3.66262	-4.09664	-4.09609
1237	4	7	10	4	1	7	1	-1.81814	-3.85698	-2.68763	-1.91035
1238	4	7	10	4	42	51	1	-2.91765	-4.68018	-4.8807	-3.7813
1239	1	307	3	4	5	9	3	-6.84342	-6.41874	-6.12514	-8.28813
1240	2	4	2	2	6	1	5	-6.1187	-4.82777	-5.80753	-7.765
1241	8	10	149	2	11	12	6	-4.89676	-3.9682	-5.40209	-7.06888
1242	2	1	12	3	2	1	5	-2.62808	-2.11503	-3.41333	-4.77117
1243	2	4	1	2	2	1	5	-2.76535	-3.66262	-4.09664	-4.09609
1244	2	4	1	2	2	1	5	-2.76535	-3.66262	-4.09664	-4.09609
1245	2	4	1	2	2	1	5	-2.76535	-3.66262	-4.09664	-4.09609
1246	4	7	10	4	42	51	1	-2.91765	-4.68018	-4.8807	-3.7813
1247	2	4	1	2	2	1	5	-2.76535	-3.66262	-4.09664	-4.09609
1248	2	4	1	2	2	1	5	-2.76535	-3.66262	-4.09664	-4.09609
1249	2	1	12	88	2	1	5	-3.95665	-3.43003	-5.27963	-5.28889
1250	1	4	2	2	6	3	17	-4.76229	-2.44449	-4.18663	-5.45864
1251	9	2	4	62	4	5	6	-3.70354	-5.23292	-5.70517	-6.6884
1252	2	4	1	2	7	1	5	-2.28963	-5.95593	-5.63378	-5.14861
1253	2	4	5	2	2	5	5	-3.65642	-7.30328	-6.80066	-5.86222
1254	2	1	21	3	2	1	5	-2.93655	-2.48955	-4.08744	-4.47442
1255	1	4	2	2	6	3	17	-4.76229	-2.44449	-4.18663	-5.45864
1256	2	1	21	3	2	1	5	-2.93655	-2.48955	-4.08744	-4.47442
1257	2	4	1	2	2	5	5	-6.809	-6.40479	-8.29678	-9.4364
1258	2	1	12	3	2	1	5	-2.62808	-2.11503	-3.41333	-4.77117
1259	2	4	2	2	6	1	5	-6.1187	-4.82777	-5.80753	-7.765
1260	2	4	1	2	2	1	5	-2.76535	-3.66262	-4.09664	-4.09609
1261	2	4	1	2	2	1	5	-2.76535	-3.66262	-4.09664	-4.09609
1262	1	307	3	4	5	9	3	-6.84342	-6.41874	-6.12514	-8.28813
1263	9	25	2	10	22	3	6	-4.46274	-7.93826	-6.12252	-4.33168
1264	2	1	1	380	2	1	5	-6.16064	-5.73528	-7.67894	-8.82421
1265	2	4	1	2	2	1	5	-2.76535	-3.66262	-4.09664	-4.09609
1266	2	4	1	2	2	1	5	-2.76535	-3.66262	-4.09664	-4.09609
1267	2	1	12	3	2	1	5	-2.62808	-2.11503	-3.41333	-4.77117
1268	1	2	3	4	5	9	3	-4.74655	-2.48215	-3.48	-4.89831
1269	2	4	1	2	2	1	5	-2.76535	-3.66262	-4.09664	-4.09609
1270	2	4	1	2	2	1	5	-2.76535	-3.66262	-4.09664	-4.09609
1271	2	4	1	2	2	1	5	-2.76535	-3.66262	-4.09664	-4.09609
1272	1	2	3	4	5	9	3	-4.74655	-2.48215	-3.48	-4.89831
1273	9	2	2	212	309	253	147	-29.0236	-26.9669	-21.0838	-22.8107
1274	2	1	21	3	2	1	5	-2.93655	-2.48955	-4.08744	-4.47442
1275	47	2	4	2	6	5	17	-10.7905	-10.1371	-6.24452	-8.63515
1276	1	2	3	4	5	9	3	-4.74655	-2.48215	-3.48	-4.89831
1277	2	4	1	2	2	1	5	-2.76535	-3.66262	-4.09664	-4.09609
1278	2	4	1	2	2	1	5	-2.76535	-3.66262	-4.09664	-4.09609
1279	9	2	4	62	4	5	6	-3.70354	-5.23292	-5.70517	-6.6884
1280	2	1	12	3	2	1	5	-2.62808	-2.11503	-3.41333	-4.77117
1281	2	4	1	2	2	1	5	-2.76535	-3.66262	-4.09664	-4.09609
1282	2	4	1	2	7	1	5	-2.28963	-5.95593	-5.63378	-5.14861
1283	7	17	2	15	23	3	12	-6.88619	-10.5592	-10.306	-10.1205
1284	2	1	1	3	2	1	5	-4.62943	-3.78526	-5.77553	-7.08577
1285	2	1	12	3	2	1	5	-2.62808	-2.11503	-3.41333	-4.77117
1286	2	4	1	2	2	1	5	-2.76535	-3.66262	-4.09664	-4.09609
1287	2	1	5	3	2	3	5	-4.25917	-3.251	-5.07162	-4.7502
1288	2	4	1	2	2	1	5	-2.76535	-3.66262	-4.09664	-4.09609
1289	2	4	1	2	2	1	5	-2.76535	-3.66262	-4.09664	-4.09609
1290	1	4	2	2	6	3	17	-4.76229	-2.44449	-4.18663	-5.45864
1291	2	1	2	3	2	3	5	-3.74168	-7.29965	-7.15057	-6.96907
1292	2	1	5	3	2	3	5	-4.25917	-3.251	-5.07162	-4.7502
1293	1	2	3	3	5	9	3	-11.6151	-8.03418	-9.69706	-12.0672
1294	4	7	10	4	42	51	1	-2.91765	-4.68018	-4.8807	-3.7813
1295	1	4	2	2	6	3	17	-4.76229	-2.44449	-4.18663	-5.45864
1296	2	1	5	3	2	3	5	-4.25917	-3.251	-5.07162	-4.7502
1297	4	7	10	4	1	7	1	-1.81814	-3.85698	-2.68763	-1.91035
1298	2	4	1	2	2	1	5	-2.76535	-3.66262	-4.09664	-4.09609
1299	4	7	10	4	1	7	1	-1.81814	-3.85698	-2.68763	-1.91035
1300	2	1	21	3	2	1	5	-2.93655	-2.48955	-4.08744	-4.47442
1301	2	4	1	2	2	1	5	-2.76535	-3.66262	-4.09664	-4.09609
1302	4	7	10	4	1	7	1	-1.81814	-3.85698	-2.68763	-1.91035
1303	2	4	1	2	2	1	5	-2.76535	-3.66262	-4.09664	-4.09609
1304	2	1	5	3	2	5	5	-5.77652	-2.82523	-3.93991	-5.47123
1305	2	4	1	2	2	1	5	-2.76535	-3.66262	-4.09664	-4.09609
1306	2	1	21	3	2	1	5	-2.93655	-2.48955	-4.08744	-4.47442
1307	2	1	5	3	2	5	5	-5.77652	-2.82523	-3.93991	-5.47123
1308	1	4	2	2	6	3	17	-4.76229	-2.44449	-4.18663	-5.45864
1309	1	4	2	2	6	3	17	-4.76229	-2.44449	-4.18663	-5.45864
1310	2	1	5	3	2	3	5	-4.25917	-3.251	-5.07162	-4.7502
1311	1	4	2	2	6	3	17	-4.76229	-2.44449	-4.18663	-5.45864
1312	2	4	1	2	2	1	5	-2.76535	-3.66262	-4.09664	-4.09609
1313	2	1	12	88	2	1	5	-3.95665	-3.43003	-5.27963	-5.28889
1314	2	1	5	3	2	3	5	-4.25917	-3.251	-5.07162	-4.7502
1315	2	4	5	2	2	1	5	-6.14446	-9.24441	-8.99923	-9.17737
1316	2	4	1	2	2	1	5	-2.76535	-3.66262	-4.09664	-4.09609
1317	1	4	2	2	6	3	17	-4.76229	-2.44449	-4.18663	-5.45864
1318	2	1	21	3	2	1	5	-2.93655	-2.48955	-4.08744	-4.47442
1319	4	7	10	4	1	7	1	-1.81814	-3.85698	-2.68763	-1.91035
1320	1	2	3	4	5	9	3	-4.74655	-2.48215	-3.48	-4.89831
1321	2	4	1	2	7	1	5	-2.28963	-5.95593	-5.63378	-5.14861
1322	4	7	10	4	1	7	1	-1.81814	-3.85698	-2.68763	-1.91035
1323	4	7	10	4	1	7	1	-1.81814	-3.85698	-2.68763	-1.91035
1324	1	4	2	2	6	3	17	-4.76229	-2.44449	-4.18663	-5.45864
1325	2	4	1	2	7	1	5	-2.28963	-5.95593	-5.63378	-5.14861
1326	4	7	10	4	1	7	1	-1.81814	-3.85698	-2.68763	-1.91035
1327	8	10	2	2	11	12	6	-3.93901	-7.55181	-7.35524	-7.17427
1328	969	7	10	4	1	7	1	-6.31181	-7.88653	-5.00697	-4.80434
1329	4	7	10	4	1	7	1	-1.81814	-3.85698	-2.68763	-1.91035
1330	10	27	16	942	10	5	7	-25.6617	-16.9378	-17.7111	-20.2828
1331	10	27	16	941	10	5	7	-25.6617	-16.9378	-17.7111	-20.2828
1332	4	7	10	4	1	7	1	-1.81814	-3.85698	-2.68763	-1.91035
1333	4	7	10	4	1	7	1	-1.81814	-3.85698	-2.68763	-1.91035
1334	129	66	30	82	189	47	17	-3.23654	-4.92008	-5.48756	-4.12416
1335	4	7	10	4	1	7	1	-1.81814	-3.85698	-2.68763	-1.91035
1336	4	7	10	4	1	7	1	-1.81814	-3.85698	-2.68763	-1.91035
1337	2	4	1	2	2	1	5	-2.76535	-3.66262	-4.09664	-4.09609
1338	2	1	2	3	2	3	5	-3.74168	-7.29965	-7.15057	-6.96907
1339	10	27	16	19	10	5	7	-21.0901	-12.892	-15.3869	-17.3887
1340	2	4	1	2	2	1	5	-2.76535	-3.66262	-4.09664	-4.09609
1341	33	39	30	82	104	173	68	-5.43317	-3.97488	-6.00262	-7.50089
1342	1	4	2	2	6	3	17	-4.76229	-2.44449	-4.18663	-5.45864
1343	2	1	5	3	2	5	5	-5.77652	-2.82523	-3.93991	-5.47123
1344	2	1	12	3	2	1	5	-2.62808	-2.11503	-3.41333	-4.77117
1345	8	10	2	2	11	12	6	-3.93901	-7.55181	-7.35524	-7.17427
1346	2	1	1	3	2	1	5	-4.62943	-3.78526	-5.77553	-7.08577
1347	1	4	2	2	6	3	17	-4.76229	-2.44449	-4.18663	-5.45864
1348	7	2	2	2	11	12	6	-4.48564	-8.15893	-7.90551	-7.72071
1349	9	2	4	62	4	5	6	-3.70354	-5.23292	-5.70517	-6.6884
1350	2	1	21	3	2	1	5	-2.93655	-2.48955	-4.08744	-4.47442
1351	9	7	10	4	1	7	1	-10.0078	-12.3627	-11.3837	-10.0297
1352	2	1	12	3	920	1	5	-7.20096	-6.15163	-5.73363	-7.66248
1353	239	27	16	19	10	5	7	-10.6687	-6.46416	-8.5422	-10.3304
1354	7	17	2	15	23	3	12	-6.88619	-10.5592	-10.306	-10.1205
1355	1	4	2	2	6	3	17	-4.76229	-2.44449	-4.18663	-5.45864
1356	1	6	60	24	12	28	1	-31.6464	-30.646	-18.2619	-20.6332
1357	2	4	5	2	10	1	5	-6.87687	-10.5403	-10.2905	-10.1097
1358	10	81	50	99	120	76	52	-6.72077	-6.38513	-5.32444	-5.13919
1359	4	7	10	4	1	7	1	-1.81814	-3.85698	-2.68763	-1.91035
1360	2	1	5	3	2	5	5	-5.77652	-2.82523	-3.93991	-5.47123
1361	4	7	10	1	1	7	1	-5.25737	-8.62844	-6.03537	-6.09989
1362	2	4	5	2	10	1	5	-6.87687	-10.5403	-10.2905	-10.1097
1363	2	1	21	3	2	1	5	-2.93655	-2.48955	-4.08744	-4.47442
1364	2	1	21	3	2	1	5	-2.93655	-2.48955	-4.08744	-4.47442
1365	2	4	1	2	2	1	5	-2.76535	-3.66262	-4.09664	-4.09609
1366	2	4	2	2	6	1	5	-6.1187	-4.82777	-5.80753	-7.765
1367	2	4	1	2	7	1	5	-2.28963	-5.95593	-5.63378	-5.14861
1368	2	4	1	2	2	1	5	-2.76535	-3.66262	-4.09664	-4.09609
1369	2	4	1	2	2	1	5	-2.76535	-3.66262	-4.09664	-4.09609
1370	4	7	10	4	1	7	1	-1.81814	-3.85698	-2.68763	-1.91035
1371	4	7	10	4	42	51	1	-2.91765	-4.68018	-4.8807	-3.7813
1372	2	1	5	3	2	3	5	-4.25917	-3.251	-5.07162	-4.7502
1373	2	1	12	3	2	1	5	-2.62808	-2.11503	-3.41333	-4.77117
1374	2	1	1	3	2	1	5	-4.62943	-3.78526	-5.77553	-7.08577
1375	2	4	1	2	2	1	5	-2.76535	-3.66262	-4.09664	-4.09609
1376	4	7	10	4	1	7	1	-1.81814	-3.85698	-2.68763	-1.91035
1377	10	1	16	19	10	5	7	-6.77828	-2.74107	-4.0035	-5.13969
1378	2	4	1	2	7	1	5	-2.28963	-5.95593	-5.63378	-5.14861
1379	2	4	1	2	2	1	5	-2.76535	-3.66262	-4.09664	-4.09609
1380	10	81	50	99	120	76	52	-6.72077	-6.38513	-5.32444	-5.13919
1381	2	1	12	3	2	1	5	-2.62808	-2.11503	-3.41333	-4.77117
1382	2	4	1	2	2	1	5	-2.76535	-3.66262	-4.09664	-4.09609
1383	2	4	1	2	7	1	5	-2.28963	-5.95593	-5.63378	-5.14861
1384	1	2	3	4	5	9	3	-4.74655	-2.48215	-3.48	-4.89831
1385	8	10	2	2	11	12	6	-3.93901	-7.55181	-7.35524	-7.17427
1386	1	4	2	2	6	3	17	-4.76229	-2.44449	-4.18663	-5.45864
1387	2	4	1	2	2	1	5	-2.76535	-3.66262	-4.09664	-4.09609
1388	2	4	1	2	2	1	5	-2.76535	-3.66262	-4.09664	-4.09609
1389	10	7	10	4	1	7	1	-12.4166	-10.9271	-10.0425	-9.11552
1390	2	1	21	3	2	1	5	-2.93655	-2.48955	-4.08744	-4.47442
1391	2	1	21	3	2	1	5	-2.93655	-2.48955	-4.08744	-4.47442
1392	10	1	16	19	10	5	7	-6.77828	-2.74107	-4.0035	-5.13969
1393	2	1	5	3	2	3	5	-4.25917	-3.251	-5.07162	-4.7502
1394	2	1	5	3	2	3	5	-4.25917	-3.251	-5.07162	-4.7502
1395	2	4	1	2	2	5	5	-6.809	-6.40479	-8.29678	-9.4364
1396	2	4	1	2	7	1	5	-2.28963	-5.95593	-5.63378	-5.14861
1397	10	1	16	19	10	5	7	-6.77828	-2.74107	-4.0035	-5.13969
1398	2	4	1	2	7	1	5	-2.28963	-5.95593	-5.63378	-5.14861
1399	2	934	1	2	2	1	5	-7.2591	-7.70208	-6.4113	-6.97918
