Isolate	Loci0	Loci1	Loci2	Loci3	Loci4	Loci5	Loci6	Source0	Source1	Source2	Source3
0	1	2	3	4	5	9	3	-4.57659	-2.4997	-3.59147	-5.10615
1	4	7	10	4	1	7	1	-1.83224	-3.91864	-2.6325	-1.91813
2	2	4	1	2	2	1	5	-2.77978	-3.70313	-4.1675	-4.14215
3	2	4	1	2	2	1	5	-2.77978	-3.70313	-4.1675	-4.14215
4	9	25	2	10	22	3	6	-4.47476	-8.04134	-5.93331	-4.32667
5	4	7	10	4	1	7	1	-1.83224	-3.91864	-2.6325	-1.91813
6	4	7	10	4	1	7	1	-1.83224	-3.91864	-2.6325	-1.91813
7	4	7	10	4	42	51	1	-2.93427	-4.7535	-4.88297	-3.79289
8	2	4	1	2	2	1	5	-2.77978	-3.70313	-4.1675	-4.14215
9	10	81	50	99	120	76	52	-6.68037	-6.38906	-5.29056	-5.15222
10	2	1	21	3	2	1	5	-2.9259	-2.50744	-4.32097	-4.58023
11	2	1	21	3	2	1	5	-2.9259	-2.50744	-4.32097	-4.58023
12	9	25	2	10	22	3	6	-4.47476	-8.04134	-5.93331	-4.32667
13	2	1	21	3	2	1	5	-2.9259	-2.50744	-4.32097	-4.58023
14	10	27	16	19	10	5	7	-19.8771	-12.6516	-15.7374	-18.1619
15	2	4	1	2	2	1	5	-2.77978	-3.70313	-4.1675	-4.14215
16	2	4	1	2	2	1	5	-2.77978	-3.70313	-4.1675	-4.14215
17	9	2	4	62	4	5	6	-3.72185	-5.31119	-5.86541	-6.90121
18	9	53	2	53	11	3	3	-31.7414	-26.288	-26.4486	-26.3746
19	2	4	1	2	2	1	5	-2.77978	-3.70313	-4.1675	-4.14215
20	2	4	1	2	2	1	5	-2.77978	-3.70313	-4.1675	-4.14215
21	4	7	10	4	1	7	1	-1.83224	-3.91864	-2.6325	-1.91813
22	2	4	1	2	2	1	5	-2.77978	-3.70313	-4.1675	-4.14215
23	1	4	2	2	6	3	17	-4.58119	-2.46046	-4.44173	-5.72589
24	4	7	10	4	1	7	1	-1.83224	-3.91864	-2.6325	-1.91813
25	2	1	21	3	2	1	5	-2.9259	-2.50744	-4.32097	-4.58023
26	8	10	2	2	11	12	6	-3.96166	-8.1677	-7.82486	-7.32554
27	2	4	2	2	6	1	5	-6.06725	-4.84506	-5.92896	-8.18802
28	2	1	12	3	2	1	5	-2.61664	-2.13273	-3.59514	-5.03998
29	2	4	1	2	2	1	5	-2.77978	-3.70313	-4.1675	-4.14215
30	4	7	10	4	1	7	1	-1.83224	-3.91864	-2.6325	-1.91813
31	10	1	16	19	10	5	7	-5.98193	-2.75674	-4.14415	-5.3034
32	1	2	3	4	5	9	3	-4.57659	-2.4997	-3.59147	-5.10615
33	2	4	1	2	2	1	5	-2.77978	-3.70313	-4.1675	-4.14215
34	2	4	1	2	2	1	5	-2.77978	-3.70313	-4.1675	-4.14215
35	2	4	1	2	2	1	5	-2.77978	-3.70313	-4.1675	-4.14215
36	4	7	10	4	1	7	1	-1.83224	-3.91864	-2.6325	-1.91813
37	129	66	30	82	189	47	17	-3.25198	-4.98855	-5.49799	-4.13231
38	2	1	12	3	357	1	5	-7.42704	-5.72991	-6.82738	-8.1006
39	9	2	4	62	4	5	6	-3.72185	-5.31119	-5.86541	-6.90121
40	2	1	1	3	2	1	5	-4.60561	-3.80023	-6.16199	-7.48625
41	2	1	12	3	357	1	5	-7.42704	-5.72991	-6.82738	-8.1006
42	2	1	5	3	2	3	5	-4.22009	-3.26426	-5.30824	-4.79663
43	2	1	5	3	2	3	5	-4.22009	-3.26426	-5.30824	-4.79663
44	2	4	1	2	2	1	5	-2.77978	-3.70313	-4.1675	-4.14215
45	2	4	1	2	2	1	5	-2.77978	-3.70313	-4.1675	-4.14215
46	2	4	2	2	6	1	5	-6.06725	-4.84506	-5.92896	-8.18802
47	1	4	2	2	6	3	17	-4.58119	-2.46046	-4.44173	-5.72589
48	2	1	21	3	2	1	5	-2.9259	-2.50744	-4.32097	-4.58023
49	2	1	2	3	2	3	5	-3.76514	-7.85815	-7.62018	-7.12159
50	2	1	21	3	2	1	5	-2.9259	-2.50744	-4.32097	-4.58023
51	7	17	2	15	23	3	12	-6.90842	-11.2628	-10.7765	-10.2714
52	2	4	1	2	7	1	5	-2.31339	-6.63947	-6.02495	-5.24713
53	9	2	4	62	4	5	6	-3.72185	-5.31119	-5.86541	-6.90121
54	2	4	1	2	7	1	5	-2.31339	-6.63947	-6.02495	-5.24713
55	9	2	4	62	4	5	6	-3.72185	-5.31119	-5.86541	-6.90121
56	2	1	12	88	2	1	5	-3.9424	-3.44756	-5.57552	-5.36876
57	2	1	5	3	2	3	5	-4.22009	-3.26426	-5.30824	-4.79663
58	2	4	1	2	2	1	5	-2.77978	-3.70313	-4.1675	-4.14215
59	9	2	4	62	4	5	6	-3.72185	-5.31119	-5.86541	-6.90121
60	2	1	5	3	2	3	5	-4.22009	-3.26426	-5.30824	-4.79663
61	2	4	1	2	2	1	5	-2.77978	-3.70313	-4.1675	-4.14215
62	2	4	1	2	2	1	5	-2.77978	-3.70313	-4.1675	-4.14215
63	2	4	1	2	2	1	5	-2.77978	-3.70313	-4.1675	-4.14215
64	2	4	1	2	2	1	5	-2.77978	-3.70313	-4.1675	-4.14215
65	2	4	1	2	2	1	5	-2.77978	-3.70313	-4.1675	-4.14215
66	2	4	1	2	2	1	5	-2.77978	-3.70313	-4.1675	-4.14215
67	1	2	215	4	90	24	8	-32.3086	-26.258	-23.1134	-22.5331
68	2	4	1	2	2	1	5	-2.77978	-3.70313	-4.1675	-4.14215
69	1	2	3	4	5	9	3	-4.57659	-2.4997	-3.59147	-5.10615
70	2	4	1	2	2	1	5	-2.77978	-3.70313	-4.1675	-4.14215
71	2	4	1	2	2	1	5	-2.77978	-3.70313	-4.1675	-4.14215
72	9	25	2	10	22	3	6	-4.47476	-8.04134	-5.93331	-4.32667
73	2	15	4	48	360	25	23	-6.6913	-8.80944	-5.69769	-4.88387
74	2	4	1	2	2	1	5	-2.77978	-3.70313	-4.1675	-4.14215
75	2	1	12	88	2	1	5	-3.9424	-3.44756	-5.57552	-5.36876
76	2	4	2	2	6	1	5	-6.06725	-4.84506	-5.92896	-8.18802
77	10	1	16	19	10	5	7	-5.98193	-2.75674	-4.14415	-5.3034
78	2	4	1	2	2	1	5	-2.77978	-3.70313	-4.1675	-4.14215
79	2	1	12	3	2	1	5	-2.61664	-2.13273	-3.59514	-5.03998
80	2	4	1	2	2	1	5	-2.77978	-3.70313	-4.1675	-4.14215
81	2	4	1	2	2	1	5	-2.77978	-3.70313	-4.1675	-4.14215
82	1	4	2	2	6	3	17	-4.58119	-2.46046	-4.44173	-5.72589
83	10	1	16	19	10	5	7	-5.98193	-2.75674	-4.14415	-5.3034
84	8	10	149	2	11	12	6	-4.86534	-3.99109	-5.60634	-7.47303
85	2	4	1	2	2	1	5	-2.77978	-3.70313	-4.1675	-4.14215
86	2	4	1	2	7	1	5	-2.31339	-6.63947	-6.02495	-5.24713
87	32	39	30	82	104	324	17	-7.9827	-4.68997	-7.12952	-9.19183
88	1	2	3	4	5	9	3	-4.57659	-2.4997	-3.59147	-5.10615
89	2	1	5	3	2	3	5	-4.22009	-3.26426	-5.30824	-4.79663
90	2	4	1	2	2	1	5	-2.77978	-3.70313	-4.1675	-4.14215
91	2	4	1	2	7	1	5	-2.31339	-6.63947	-6.02495	-5.24713
92	4	7	10	4	1	7	1	-1.83224	-3.91864	-2.6325	-1.91813
93	2	1	2	3	2	3	5	-3.76514	-7.85815	-7.62018	-7.12159
94	2	1	12	3	2	1	5	-2.61664	-2.13273	-3.59514	-5.03998
95	2	1	21	3	2	1	5	-2.9259	-2.50744	-4.32097	-4.58023
96	2	1	21	3	2	1	5	-2.9259	-2.50744	-4.32097	-4.58023
97	9	2	5	2	11	3	1	-29.1558	-31.6189	-28.2754	-26.5697
98	4	7	10	4	1	7	1	-1.83224	-3.91864	-2.6325	-1.91813
99	2	1	2	3	2	3	5	-3.76514	-7.85815	-7.62018	-7.12159
100	2	1	21	3	2	1	5	-2.9259	-2.50744	-4.32097	-4.58023
101	4	7	10	4	1	7	1	-1.83224	-3.91864	-2.6325	-1.91813
102	2	1	21	3	2	1	5	-2.9259	-2.50744	-4.32097	-4.58023
103	1	4	2	2	6	3	17	-4.58119	-2.46046	-4.44173	-5.72589
104	2	4	5	2	10	1	5	-6.90047	-11.2354	-10.76	-10.262
105	2	1	12	88	2	1	5	-3.9424	-3.44756	-5.57552	-5.36876
106	9	2	4	62	4	5	6	-3.72185	-5.31119	-5.86541	-6.90121
107	2	165	73	147	220	190	104	-8.68879	-9.47213	-6.86939	-5.20121
108	2	1	21	3	2	1	5	-2.9259	-2.50744	-4.32097	-4.58023
109	2	4	1	2	2	1	5	-2.77978	-3.70313	-4.1675	-4.14215
110	2	1	12	3	11	1	6	-18.7841	-17.3333	-20.2435	-21.5387
111	2	1	2	3	2	3	5	-3.76514	-7.85815	-7.62018	-7.12159
112	2	4	1	2	7	1	5	-2.31339	-6.63947	-6.02495	-5.24713
113	2	1	2	3	2	3	5	-3.76514	-7.85815	-7.62018	-7.12159
114	2	1	21	3	2	1	5	-2.9259	-2.50744	-4.32097	-4.58023
115	2	4	1	2	7	1	5	-2.31339	-6.63947	-6.02495	-5.24713
116	33	39	30	82	113	43	17	-9.45883	-6.45656	-6.18465	-8.88106
117	2	4	1	2	2	1	5	-2.77978	-3.70313	-4.1675	-4.14215
118	2	4	1	2	2	1	5	-2.77978	-3.70313	-4.1675	-4.14215
119	2	4	1	2	2	1	5	-2.77978	-3.70313	-4.1675	-4.14215
120	2	4	1	2	7	1	5	-2.31339	-6.63947	-6.02495	-5.24713
121	4	7	10	1	1	7	1	-5.27831	-9.00065	-6.02627	-6.13193
122	2	1	12	3	2	1	5	-2.61664	-2.13273	-3.59514	-5.03998
123	2	4	1	2	2	1	5	-2.77978	-3.70313	-4.1675	-4.14215
124	2	4	1	2	2	1	5	-2.77978	-3.70313	-4.1675	-4.14215
125	2	4	1	2	7	1	5	-2.31339	-6.63947	-6.02495	-5.24713
126	2	4	1	2	2	1	5	-2.77978	-3.70313	-4.1675	-4.14215
127	2	4	1	2	2	1	5	-2.77978	-3.70313	-4.1675	-4.14215
128	2	1	12	88	2	1	5	-3.9424	-3.44756	-5.57552	-5.36876
129	2	1	12	3	2	1	5	-2.61664	-2.13273	-3.59514	-5.03998
130	2	1	12	3	2	1	5	-2.61664	-2.13273	-3.59514	-5.03998
131	2	4	1	2	7	1	5	-2.31339	-6.63947	-6.02495	-5.24713
132	2	1	21	3	2	1	5	-2.9259	-2.50744	-4.32097	-4.58023
133	2	1	21	3	2	1	5	-2.9259	-2.50744	-4.32097	-4.58023
134	2	4	5	2	2	5	5	-3.67934	-7.93482	-7.03461	-5.90793
135	2	1	21	3	2	1	5	-2.9259	-2.50744	-4.32097	-4.58023
136	1	4	2	2	6	3	1	-11.3043	-9.95023	-10.3506	-11.3581
137	2	1	5	3	2	3	5	-4.22009	-3.26426	-5.30824	-4.79663
138	2	1	5	3	2	3	5	-4.22009	-3.26426	-5.30824	-4.79663
139	4	7	10	4	1	7	1	-1.83224	-3.91864	-2.6325	-1.91813
140	8	10	2	2	11	12	6	-3.96166	-8.1677	-7.82486	-7.32554
141	2	1	2	3	2	3	5	-3.76514	-7.85815	-7.62018	-7.12159
142	2	1	5	3	2	3	5	-4.22009	-3.26426	-5.30824	-4.79663
143	2	1	2	3	2	3	5	-3.76514	-7.85815	-7.62018	-7.12159
144	129	66	30	82	189	47	17	-3.25198	-4.98855	-5.49799	-4.13231
145	2	4	1	2	2	1	5	-2.77978	-3.70313	-4.1675	-4.14215
146	2	4	1	2	2	1	5	-2.77978	-3.70313	-4.1675	-4.14215
147	7	21	5	62	4	61	44	-7.11647	-3.84314	-5.57208	-7.93092
148	2	4	1	2	2	1	5	-2.77978	-3.70313	-4.1675	-4.14215
149	2	937	1	2	2	1	5	-7.51228	-7.30421	-7.39659	-7.1946
150	1	14	2	2	6	1	17	-9.08416	-6.44662	-7.63546	-6.2918
151	1	4	2	2	6	3	17	-4.58119	-2.46046	-4.44173	-5.72589
152	8	10	149	2	11	12	6	-4.86534	-3.99109	-5.60634	-7.47303
153	2	1	12	3	2	1	5	-2.61664	-2.13273	-3.59514	-5.03998
154	9	30	2	2	89	59	6	-4.9608	-9.31632	-8.82967	-8.32459
155	1	2	3	4	5	9	3	-4.57659	-2.4997	-3.59147	-5.10615
156	2	4	1	2	2	1	5	-2.77978	-3.70313	-4.1675	-4.14215
157	2	4	1	2	2	1	5	-2.77978	-3.70313	-4.1675	-4.14215
158	180	194	2	68	19	231	147	-29.3478	-27.6757	-25.3412	-23.9734
159	2	4	1	2	2	1	5	-2.77978	-3.70313	-4.1675	-4.14215
160	2	4	1	2	2	1	5	-2.77978	-3.70313	-4.1675	-4.14215
161	2	4	1	2	2	1	5	-2.77978	-3.70313	-4.1675	-4.14215
162	4	7	10	4	1	7	1	-1.83224	-3.91864	-2.6325	-1.91813
163	2	4	1	2	2	1	5	-2.77978	-3.70313	-4.1675	-4.14215
164	2	1	21	3	2	1	5	-2.9259	-2.50744	-4.32097	-4.58023
165	2	4	1	2	7	1	5	-2.31339	-6.63947	-6.02495	-5.24713
166	2	4	1	2	2	1	5	-2.77978	-3.70313	-4.1675	-4.14215
167	10	1	16	19	10	5	7	-5.98193	-2.75674	-4.14415	-5.3034
168	104	7	10	4	1	7	1	-4.41704	-8.77841	-8.2732	-7.76401
169	2	4	1	2	2	1	5	-2.77978	-3.70313	-4.1675	-4.14215
170	10	27	16	19	10	5	7	-19.8771	-12.6516	-15.7374	-18.1619
171	2	4	1	2	2	1	5	-2.77978	-3.70313	-4.1675	-4.14215
172	2	1	1	3	2	1	5	-4.60561	-3.80023	-6.16199	-7.48625
173	7	21	5	62	4	61	44	-7.11647	-3.84314	-5.57208	-7.93092
174	2	1	1	3	2	1	5	-4.60561	-3.80023	-6.16199	-7.48625
175	10	1	16	19	10	5	7	-5.98193	-2.75674	-4.14415	-5.3034
176	2	4	1	2	2	1	5	-2.77978	-3.70313	-4.1675	-4.14215
177	2	4	1	2	2	1	5	-2.77978	-3.70313	-4.1675	-4.14215
178	2	1	12	3	2	1	5	-2.61664	-2.13273	-3.59514	-5.03998
179	2	4	1	2	2	1	5	-2.77978	-3.70313	-4.1675	-4.14215
180	2	4	1	2	2	1	5	-2.77978	-3.70313	-4.1675	-4.14215
181	1	4	2	2	6	3	17	-4.58119	-2.46046	-4.44173	-5.72589
182	2	1	12	3	2	1	5	-2.61664	-2.13273	-3.59514	-5.03998
183	4	7	10	4	1	7	1	-1.83224	-3.91864	-2.6325	-1.91813
184	2	4	1	2	2	1	5	-2.77978	-3.70313	-4.1675	-4.14215
185	2	4	1	2	2	1	5	-2.77978	-3.70313	-4.1675	-4.14215
186	2	1	21	3	2	1	5	-2.9259	-2.50744	-4.32097	-4.58023
187	4	7	10	4	1	7	1	-1.83224	-3.91864	-2.6325	-1.91813
188	4	7	10	4	42	51	1	-2.93427	-4.7535	-4.88297	-3.79289
189	2	1	5	3	2	3	5	-4.22009	-3.26426	-5.30824	-4.79663
190	1	2	4	62	4	5	17	-6.08154	-4.86405	-7.24389	-8.77438
191	4	7	10	4	1	7	1	-1.83224	-3.91864	-2.6325	-1.91813
192	4	7	10	4	42	51	1	-2.93427	-4.7535	-4.88297	-3.79289
193	2	1	21	3	2	1	5	-2.9259	-2.50744	-4.32097	-4.58023
194	4	7	10	4	42	51	1	-2.93427	-4.7535	-4.88297	-3.79289
195	2	4	1	2	7	1	5	-2.31339	-6.63947	-6.02495	-5.24713
196	2	4	1	2	2	1	5	-2.77978	-3.70313	-4.1675	-4.14215
197	1	2	3	4	5	9	3	-4.57659	-2.4997	-3.59147	-5.10615
198	1	2	4	62	4	5	17	-6.08154	-4.86405	-7.24389	-8.77438
199	2	250	4	281	358	25	57	-30.5674	-28.3837	-20.3991	-19.5936
200	9	2	4	62	4	5	6	-3.72185	-5.31119	-5.86541	-6.90121
201	1	2	3	4	5	9	3	-4.57659	-2.4997	-3.59147	-5.10615
202	4	7	10	4	1	7	1	-1.83224	-3.91864	-2.6325	-1.91813
203	2	4	2	4	19	3	6	-5.805	-10.1537	-9.66837	-9.16313
204	4	7	10	4	1	7	1	-1.83224	-3.91864	-2.6325	-1.91813
205	4	7	10	4	42	51	1	-2.93427	-4.7535	-4.88297	-3.79289
206	2	1	12	3	2	1	5	-2.61664	-2.13273	-3.59514	-5.03998
207	4	7	10	4	1	7	1	-1.83224	-3.91864	-2.6325	-1.91813
208	2	1	12	3	2	1	5	-2.61664	-2.13273	-3.59514	-5.03998
209	1	2	4	62	4	5	17	-6.08154	-4.86405	-7.24389	-8.77438
210	4	7	10	4	42	51	1	-2.93427	-4.7535	-4.88297	-3.79289
211	2	4	1	2	2	1	5	-2.77978	-3.70313	-4.1675	-4.14215
212	4	7	10	4	1	7	1	-1.83224	-3.91864	-2.6325	-1.91813
213	2	1	21	3	2	1	5	-2.9259	-2.50744	-4.32097	-4.58023
214	47	2	4	2	6	5	17	-11.0404	-10.2905	-6.248	-9.00944
215	2	1	21	3	2	1	5	-2.9259	-2.50744	-4.32097	-4.58023
216	2	1	21	3	2	1	5	-2.9259	-2.50744	-4.32097	-4.58023
217	2	4	1	2	2	1	5	-2.77978	-3.70313	-4.1675	-4.14215
218	2	4	1	2	2	1	5	-2.77978	-3.70313	-4.1675	-4.14215
219	10	81	50	99	120	76	52	-6.68037	-6.38906	-5.29056	-5.15222
220	2	4	1	2	2	1	5	-2.77978	-3.70313	-4.1675	-4.14215
221	2	4	1	2	2	1	5	-2.77978	-3.70313	-4.1675	-4.14215
222	1	4	2	2	6	3	17	-4.58119	-2.46046	-4.44173	-5.72589
223	1	2	4	62	4	5	17	-6.08154	-4.86405	-7.24389	-8.77438
224	4	7	10	4	1	7	1	-1.83224	-3.91864	-2.6325	-1.91813
225	4	7	10	4	1	7	1	-1.83224	-3.91864	-2.6325	-1.91813
226	10	1	16	19	10	5	7	-5.98193	-2.75674	-4.14415	-5.3034
227	2	4	1	2	2	1	5	-2.77978	-3.70313	-4.1675	-4.14215
228	2	4	1	2	7	1	5	-2.31339	-6.63947	-6.02495	-5.24713
229	1	4	2	348	6	3	17	-8.67488	-5.37327	-7.81644	-9.88267
230	1	2	4	62	4	5	17	-6.08154	-4.86405	-7.24389	-8.77438
231	10	27	16	19	10	5	7	-19.8771	-12.6516	-15.7374	-18.1619
232	1	4	2	2	6	3	17	-4.58119	-2.46046	-4.44173	-5.72589
233	4	7	10	4	42	51	1	-2.93427	-4.7535	-4.88297	-3.79289
234	2	4	1	2	2	1	5	-2.77978	-3.70313	-4.1675	-4.14215
235	2	1	12	3	2	1	5	-2.61664	-2.13273	-3.59514	-5.03998
236	2	1	12	88	2	1	5	-3.9424	-3.44756	-5.57552	-5.36876
237	2	4	1	2	7	1	5	-2.31339	-6.63947	-6.02495	-5.24713
238	2	1	12	3	2	1	5	-2.61664	-2.13273	-3.59514	-5.03998
239	1	4	2	2	6	3	17	-4.58119	-2.46046	-4.44173	-5.72589
240	2	1	4	28	58	25	58	-5.66312	-8.18238	-5.34122	-4.19894
241	2	1	5	3	2	3	5	-4.22009	-3.26426	-5.30824	-4.79663
242	2	1	12	3	2	1	5	-2.61664	-2.13273	-3.59514	-5.03998
243	2	4	1	2	2	1	5	-2.77978	-3.70313	-4.1675	-4.14215
244	2	1	5	10	11	1	5	-27.0446	-21.8684	-24.1742	-26.1534
245	2	1	12	3	2	1	5	-2.61664	-2.13273	-3.59514	-5.03998
246	2	1	12	88	2	1	5	-3.9424	-3.44756	-5.57552	-5.36876
247	2	1	12	3	2	1	5	-2.61664	-2.13273	-3.59514	-5.03998
248	2	1	12	3	2	1	5	-2.61664	-2.13273	-3.59514	-5.03998
249	1	4	2	2	6	3	17	-4.58119	-2.46046	-4.44173	-5.72589
250	9	2	4	62	4	5	6	-3.72185	-5.31119	-5.86541	-6.90121
251	2	1	12	3	2	1	5	-2.61664	-2.13273	-3.59514	-5.03998
252	8	10	149	2	11	12	6	-4.86534	-3.99109	-5.60634	-7.47303
253	2	1	21	3	2	1	5	-2.9259	-2.50744	-4.32097	-4.58023
254	1	2	3	4	5	9	3	-4.57659	-2.4997	-3.59147	-5.10615
255	2	1	5	3	2	3	5	-4.22009	-3.26426	-5.30824	-4.79663
256	1	307	3	4	5	9	3	-6.83736	-6.44615	-6.16215	-8.65443
257	1	4	2	2	6	3	17	-4.58119	-2.46046	-4.44173	-5.72589
258	2	4	1	2	7	1	5	-2.31339	-6.63947	-6.02495	-5.24713
259	2	4	1	2	2	1	5	-2.77978	-3.70313	-4.1675	-4.14215
260	2	61	4	64	126	7	23	-6.01028	-8.37247	-5.86533	-4.2044
261	7	21	5	62	4	61	44	-7.11647	-3.84314	-5.57208	-7.93092
262	2	1	12	3	2	1	5	-2.61664	-2.13273	-3.59514	-5.03998
263	2	4	1	2	2	1	5	-2.77978	-3.70313	-4.1675	-4.14215
264	2	1	12	3	2	1	5	-2.61664	-2.13273	-3.59514	-5.03998
265	2	1	21	3	2	1	5	-2.9259	-2.50744	-4.32097	-4.58023
266	2	1	21	3	2	1	5	-2.9259	-2.50744	-4.32097	-4.58023
267	2	4	1	2	2	1	5	-2.77978	-3.70313	-4.1675	-4.14215
268	2	4	1	2	2	1	5	-2.77978	-3.70313	-4.1675	-4.14215
269	2	4	1	2	7	1	5	-2.31339	-6.63947	-6.02495	-5.24713
270	4	7	10	4	1	7	1	-1.83224	-3.91864	-2.6325	-1.91813
271	1	2	4	62	4	5	17	-6.08154	-4.86405	-7.24389	-8.77438
272	4	1	21	3	2	1	5	-9.73215	-10.0935	-10.3558	-10.2745
273	10	1	16	19	10	5	7	-5.98193	-2.75674	-4.14415	-5.3034
274	33	283	44	82	189	44	17	-6.71759	-3.48289	-5.30929	-6.07821
275	2	1	12	3	2	1	5	-2.61664	-2.13273	-3.59514	-5.03998
276	10	81	50	99	120	76	52	-6.68037	-6.38906	-5.29056	-5.15222
277	4	7	10	4	42	25	1	-8.57133	-9.10762	-5.80379	-5.15192
278	2	4	1	2	2	1	5	-2.77978	-3.70313	-4.1675	-4.14215
279	2	4	5	2	10	1	5	-6.90047	-11.2354	-10.76	-10.262
280	2	4	1	2	2	1	5	-2.77978	-3.70313	-4.1675	-4.14215
281	9	2	4	62	4	5	6	-3.72185	-5.31119	-5.86541	-6.90121
282	4	7	10	4	1	7	1	-1.83224	-3.91864	-2.6325	-1.91813
283	2	1	12	3	2	1	5	-2.61664	-2.13273	-3.59514	-5.03998
284	9	2	4	62	4	5	6	-3.72185	-5.31119	-5.86541	-6.90121
285	9	2	4	62	4	5	6	-3.72185	-5.31119	-5.86541	-6.90121
286	2	4	1	2	2	1	5	-2.77978	-3.70313	-4.1675	-4.14215
287	2	1	12	88	2	1	5	-3.9424	-3.44756	-5.57552	-5.36876
288	2	1	21	3	2	1	5	-2.9259	-2.50744	-4.32097	-4.58023
289	33	39	30	79	113	44	17	-25.6917	-24.5774	-25.0761	-27.8558
290	1	2	3	4	5	9	3	-4.57659	-2.4997	-3.59147	-5.10615
291	1	4	2	2	6	3	17	-4.58119	-2.46046	-4.44173	-5.72589
292	9	2	4	62	4	5	6	-3.72185	-5.31119	-5.86541	-6.90121
293	2	1	12	3	2	1	5	-2.61664	-2.13273	-3.59514	-5.03998
294	2	1	5	3	2	5	5	-5.45156	-2.83707	-4.06545	-5.71742
295	2	1	5	3	2	5	5	-5.45156	-2.83707	-4.06545	-5.71742
296	2	4	1	2	2	1	5	-2.77978	-3.70313	-4.1675	-4.14215
297	2	4	1	2	2	1	5	-2.77978	-3.70313	-4.1675	-4.14215
298	2	1	21	3	2	1	5	-2.9259	-2.50744	-4.32097	-4.58023
299	32	39	30	82	104	324	17	-7.9827	-4.68997	-7.12952	-9.19183
300	2	1	12	3	2	1	5	-2.61664	-2.13273	-3.59514	-5.03998
301	4	7	10	4	1	7	1	-1.83224	-3.91864	-2.6325	-1.91813
302	1	4	2	2	6	3	5	-8.5557	-5.26	-7.74118	-9.80754
303	2	1	21	3	2	1	5	-2.9259	-2.50744	-4.32097	-4.58023
304	4	7	10	4	42	51	1	-2.93427	-4.7535	-4.88297	-3.79289
305	2	4	1	2	7	1	5	-2.31339	-6.63947	-6.02495	-5.24713
306	7	21	5	62	4	61	44	-7.11647	-3.84314	-5.57208	-7.93092
307	104	7	10	4	1	7	1	-4.41704	-8.77841	-8.2732	-7.76401
308	9	25	2	10	22	3	6	-4.47476	-8.04134	-5.93331	-4.32667
309	2	4	2	2	6	3	17	-10.708	-7.52393	-9.9505	-11.2004
310	2	4	1	2	7	1	5	-2.31339	-6.63947	-6.02495	-5.24713
311	129	66	30	82	189	47	17	-3.25198	-4.98855	-5.49799	-4.13231
312	33	39	30	82	104	173	68	-5.36408	-3.99554	-6.38599	-7.98044
313	2	1	12	3	2	1	5	-2.61664	-2.13273	-3.59514	-5.03998
314	2	1	1	3	2	1	5	-4.60561	-3.80023	-6.16199	-7.48625
315	7	21	5	62	4	61	44	-7.11647	-3.84314	-5.57208	-7.93092
316	2	1	21	3	2	1	5	-2.9259	-2.50744	-4.32097	-4.58023
317	4	7	10	4	1	7	1	-1.83224	-3.91864	-2.6325	-1.91813
318	10	2	107	62	120	76	1	-6.85314	-10.167	-7.90814	-6.28048
319	4	7	10	4	1	7	1	-1.83224	-3.91864	-2.6325	-1.91813
320	2	1	12	3	2	1	5	-2.61664	-2.13273	-3.59514	-5.03998
321	2	1	5	3	2	3	5	-4.22009	-3.26426	-5.30824	-4.79663
322	4	7	10	4	1	7	1	-1.83224	-3.91864	-2.6325	-1.91813
323	2	1	12	88	2	1	5	-3.9424	-3.44756	-5.57552	-5.36876
324	4	7	10	4	42	7	1	-6.57307	-8.61507	-5.56946	-4.63308
325	4	7	10	4	42	51	1	-2.93427	-4.7535	-4.88297	-3.79289
326	2	1	21	3	2	1	5	-2.9259	-2.50744	-4.32097	-4.58023
327	2	1	12	3	2	1	5	-2.61664	-2.13273	-3.59514	-5.03998
328	4	7	10	4	1	7	1	-1.83224	-3.91864	-2.6325	-1.91813
329	2	4	1	2	7	1	5	-2.31339	-6.63947	-6.02495	-5.24713
330	4	7	10	4	1	7	1	-1.83224	-3.91864	-2.6325	-1.91813
331	2	1	12	3	2	1	5	-2.61664	-2.13273	-3.59514	-5.03998
332	4	7	10	4	1	7	1	-1.83224	-3.91864	-2.6325	-1.91813
333	4	7	10	4	1	7	1	-1.83224	-3.91864	-2.6325	-1.91813
334	1	4	2	2	6	3	17	-4.58119	-2.46046	-4.44173	-5.72589
335	2	4	1	2	2	1	5	-2.77978	-3.70313	-4.1675	-4.14215
336	4	7	10	4	1	7	1	-1.83224	-3.91864	-2.6325	-1.91813
337	7	17	2	15	23	3	12	-6.90842	-11.2628	-10.7765	-10.2714
338	2	1	5	3	2	3	5	-4.22009	-3.26426	-5.30824	-4.79663
339	4	7	10	4	1	7	1	-1.83224	-3.91864	-2.6325	-1.91813
340	4	7	10	4	1	7	1	-1.83224	-3.91864	-2.6325	-1.91813
341	4	7	10	4	42	51	1	-2.93427	-4.7535	-4.88297	-3.79289
342	2	4	1	2	2	1	5	-2.77978	-3.70313	-4.1675	-4.14215
343	2	1	12	88	2	1	5	-3.9424	-3.44756	-5.57552	-5.36876
344	2	1	1	3	2	1	5	-4.60561	-3.80023	-6.16199	-7.48625
345	1	2	3	4	5	9	3	-4.57659	-2.4997	-3.59147	-5.10615
346	2	1	12	88	2	1	5	-3.9424	-3.44756	-5.57552	-5.36876
347	2	1	1	3	2	1	5	-4.60561	-3.80023	-6.16199	-7.48625
348	24	17	2	10	23	68	5	-9.0804	-5.78636	-8.22709	-10.29
349	4	7	10	4	1	7	1	-1.83224	-3.91864	-2.6325	-1.91813
350	2	1	21	3	2	1	5	-2.9259	-2.50744	-4.32097	-4.58023
351	1	4	2	2	6	3	17	-4.58119	-2.46046	-4.44173	-5.72589
352	2	1	5	3	2	3	5	-4.22009	-3.26426	-5.30824	-4.79663
353	4	7	10	4	1	7	1	-1.83224	-3.91864	-2.6325	-1.91813
354	2	1	1	3	2	1	5	-4.60561	-3.80023	-6.16199	-7.48625
355	2	1	12	3	2	1	5	-2.61664	-2.13273	-3.59514	-5.03998
356	8	10	149	2	11	12	6	-4.86534	-3.99109	-5.60634	-7.47303
357	2	4	1	2	2	5	5	-6.80712	-6.41946	-8.66449	-9.77784
358	10	1	16	19	10	5	7	-5.98193	-2.75674	-4.14415	-5.3034
359	24	17	2	10	23	68	5	-9.0804	-5.78636	-8.22709	-10.29
360	1	2	4	62	4	5	17	-6.08154	-4.86405	-7.24389	-8.77438
361	2	4	1	2	7	1	5	-2.31339	-6.63947	-6.02495	-5.24713
362	7	71	5	62	11	67	6	-30.7168	-26.1951	-28.0954	-29.6281
363	7	17	5	2	10	3	6	-25.356	-24.1742	-23.6849	-23.1388
364	2	1	5	3	2	3	5	-4.22009	-3.26426	-5.30824	-4.79663
365	9	2	4	62	4	5	6	-3.72185	-5.31119	-5.86541	-6.90121
366	33	38	30	82	104	325	36	-14.5847	-10.0888	-12.1569	-14.0462
367	2	4	1	2	7	1	5	-2.31339	-6.63947	-6.02495	-5.24713
368	47	2	4	2	6	5	17	-11.0404	-10.2905	-6.248	-9.00944
369	2	1	12	88	2	1	5	-3.9424	-3.44756	-5.57552	-5.36876
370	2	1	12	88	2	1	5	-3.9424	-3.44756	-5.57552	-5.36876
371	2	1	12	88	2	1	5	-3.9424	-3.44756	-5.57552	-5.36876
372	2	1	12	88	2	1	5	-3.9424	-3.44756	-5.57552	-5.36876
373	2	4	1	2	2	1	5	-2.77978	-3.70313	-4.1675	-4.14215
374	2	1	12	88	2	1	5	-3.9424	-3.44756	-5.57552	-5.36876
375	1	1	2	2	6	3	17	-9.59398	-6.13505	-8.66098	-10.7124
376	2	1	12	88	2	1	5	-3.9424	-3.44756	-5.57552	-5.36876
377	2	1	12	88	2	1	5	-3.9424	-3.44756	-5.57552	-5.36876
378	2	4	1	2	2	1	5	-2.77978	-3.70313	-4.1675	-4.14215
379	2	1	12	88	2	1	5	-3.9424	-3.44756	-5.57552	-5.36876
380	2	1	5	3	2	3	5	-4.22009	-3.26426	-5.30824	-4.79663
381	4	7	10	4	1	7	1	-1.83224	-3.91864	-2.6325	-1.91813
382	2	1	12	3	2	1	5	-2.61664	-2.13273	-3.59514	-5.03998
383	1	2	4	62	4	5	17	-6.08154	-4.86405	-7.24389	-8.77438
384	1	4	2	2	6	3	17	-4.58119	-2.46046	-4.44173	-5.72589
385	2	1	12	3	2	1	5	-2.61664	-2.13273	-3.59514	-5.03998
386	2	1	12	88	2	1	5	-3.9424	-3.44756	-5.57552	-5.36876
387	9	2	4	62	4	5	6	-3.72185	-5.31119	-5.86541	-6.90121
388	2	4	1	2	7	1	5	-2.31339	-6.63947	-6.02495	-5.24713
389	2	1	5	3	2	3	5	-4.22009	-3.26426	-5.30824	-4.79663
390	7	21	5	62	4	61	44	-7.11647	-3.84314	-5.57208	-7.93092
391	1	2	215	4	90	24	8	-32.3086	-26.258	-23.1134	-22.5331
392	2	1	21	3	2	1	5	-2.9259	-2.50744	-4.32097	-4.58023
393	1	4	2	2	6	3	17	-4.58119	-2.46046	-4.44173	-5.72589
394	2	4	1	2	2	1	5	-2.77978	-3.70313	-4.1675	-4.14215
395	2	1	12	3	2	1	5	-2.61664	-2.13273	-3.59514	-5.03998
396	1	2	3	4	5	9	3	-4.57659	-2.4997	-3.59147	-5.10615
397	2	1	5	3	2	3	5	-4.22009	-3.26426	-5.30824	-4.79663
398	10	1	16	19	10	5	7	-5.98193	-2.75674	-4.14415	-5.3034
399	2	1	2	3	2	959	5	-8.57245	-10.5369	-10.7788	-10.1744
400	10	1	16	19	10	5	7	-5.98193	-2.75674	-4.14415	-5.3034
401	2	4	1	2	7	1	5	-2.31339	-6.63947	-6.02495	-5.24713
402	2	1	12	3	2	1	5	-2.61664	-2.13273	-3.59514	-5.03998
403	8	10	149	2	11	12	6	-4.86534	-3.99109	-5.60634	-7.47303
404	2	4	1	2	7	1	5	-2.31339	-6.63947	-6.02495	-5.24713
405	4	7	10	4	1	7	1	-1.83224	-3.91864	-2.6325	-1.91813
406	4	7	10	4	1	7	1	-1.83224	-3.91864	-2.6325	-1.91813
407	2	4	5	2	2	5	5	-3.67934	-7.93482	-7.03461	-5.90793
408	2	1	12	3	2	1	5	-2.61664	-2.13273	-3.59514	-5.03998
409	166	2	27	10	151	3	1	-33.8425	-31.0896	-28.003	-26.2705
410	33	39	30	79	113	44	17	-25.6917	-24.5774	-25.0761	-27.8558
411	7	17	2	15	23	3	12	-6.90842	-11.2628	-10.7765	-10.2714
412	1	2	3	4	5	9	3	-4.57659	-2.4997	-3.59147	-5.10615
413	2	4	1	2	7	1	5	-2.31339	-6.63947	-6.02495	-5.24713
414	7	21	5	62	4	61	44	-7.11647	-3.84314	-5.57208	-7.93092
415	2	1	12	3	2	1	5	-2.61664	-2.13273	-3.59514	-5.03998
416	1	2	3	4	5	9	3	-4.57659	-2.4997	-3.59147	-5.10615
417	2	1	5	88	2	11	5	-8.58069	-5.35446	-6.05041	-8.65586
418	2	4	1	2	7	1	5	-2.31339	-6.63947	-6.02495	-5.24713
419	2	1	21	3	2	1	5	-2.9259	-2.50744	-4.32097	-4.58023
420	7	17	2	15	23	3	12	-6.90842	-11.2628	-10.7765	-10.2714
421	2	1	5	88	2	11	5	-8.58069	-5.35446	-6.05041	-8.65586
422	47	2	4	2	6	5	17	-11.0404	-10.2905	-6.248	-9.00944
423	1	2	3	4	5	9	3	-4.57659	-2.4997	-3.59147	-5.10615
424	7	17	2	15	23	3	12	-6.90842	-11.2628	-10.7765	-10.2714
425	2	4	1	2	2	1	5	-2.77978	-3.70313	-4.1675	-4.14215
426	2	4	1	2	2	1	5	-2.77978	-3.70313	-4.1675	-4.14215
427	2	4	1	2	2	1	5	-2.77978	-3.70313	-4.1675	-4.14215
428	2	1	12	3	2	1	5	-2.61664	-2.13273	-3.59514	-5.03998
429	2	4	5	2	2	5	5	-3.67934	-7.93482	-7.03461	-5.90793
430	2	1	21	3	2	1	5	-2.9259	-2.50744	-4.32097	-4.58023
431	4	7	10	4	42	25	1	-8.57133	-9.10762	-5.80379	-5.15192
432	1	4	2	2	6	3	17	-4.58119	-2.46046	-4.44173	-5.72589
433	1	2	215	4	923	24	8	-32.3086	-26.258	-23.1134	-22.5331
434	1	2	3	4	5	9	3	-4.57659	-2.4997	-3.59147	-5.10615
435	2	1	1	3	2	1	5	-4.60561	-3.80023	-6.16199	-7.48625
436	1	4	2	2	6	3	17	-4.58119	-2.46046	-4.44173	-5.72589
437	2	4	1	2	2	1	5	-2.77978	-3.70313	-4.1675	-4.14215
438	2	1	5	3	2	5	5	-5.45156	-2.83707	-4.06545	-5.71742
439	4	7	10	4	42	51	1	-2.93427	-4.7535	-4.88297	-3.79289
440	4	7	10	4	1	7	1	-1.83224	-3.91864	-2.6325	-1.91813
441	4	7	10	4	1	7	1	-1.83224	-3.91864	-2.6325	-1.91813
442	4	7	10	4	1	7	1	-1.83224	-3.91864	-2.6325	-1.91813
443	2	1	21	3	2	1	5	-2.9259	-2.50744	-4.32097	-4.58023
444	2	1	21	3	2	1	5	-2.9259	-2.50744	-4.32097	-4.58023
445	2	4	1	2	7	1	5	-2.31339	-6.63947	-6.02495	-5.24713
446	4	7	10	4	1	7	1	-1.83224	-3.91864	-2.6325	-1.91813
447	4	7	10	4	1	7	1	-1.83224	-3.91864	-2.6325	-1.91813
448	2	1	1	3	2	1	5	-4.60561	-3.80023	-6.16199	-7.48625
449	2	1	21	3	2	1	5	-2.9259	-2.50744	-4.32097	-4.58023
450	2	1	21	3	2	1	5	-2.9259	-2.50744	-4.32097	-4.58023
451	4	7	10	4	42	51	1	-2.93427	-4.7535	-4.88297	-3.79289
452	4	7	10	1	1	7	1	-5.27831	-9.00065	-6.02627	-6.13193
453	239	27	16	19	10	5	7	-9.77588	-6.48169	-8.92074	-10.9842
454	2	1	12	3	2	1	5	-2.61664	-2.13273	-3.59514	-5.03998
455	2	4	1	2	2	1	5	-2.77978	-3.70313	-4.1675	-4.14215
456	2	1	12	3	2	1	5	-2.61664	-2.13273	-3.59514	-5.03998
457	2	1	12	3	2	1	5	-2.61664	-2.13273	-3.59514	-5.03998
458	10	81	50	99	120	76	52	-6.68037	-6.38906	-5.29056	-5.15222
459	47	2	4	2	6	5	17	-11.0404	-10.2905	-6.248	-9.00944
460	2	4	1	3	2	1	5	-6.83447	-8.60466	-9.84767	-9.9997
461	4	7	10	4	1	7	1	-1.83224	-3.91864	-2.6325	-1.91813
462	2	1	1	380	2	1	5	-6.15151	-5.7557	-8.07081	-9.17115
463	2	4	1	2	7	1	5	-2.31339	-6.63947	-6.02495	-5.24713
464	2	1	12	88	2	1	5	-3.9424	-3.44756	-5.57552	-5.36876
465	7	71	5	62	11	67	1	-31.9739	-26.4397	-26.8178	-28.9097
466	2	4	1	2	7	1	5	-2.31339	-6.63947	-6.02495	-5.24713
467	4	7	10	4	1	7	1	-1.83224	-3.91864	-2.6325	-1.91813
468	2	1	1	380	2	1	5	-6.15151	-5.7557	-8.07081	-9.17115
469	2	4	1	2	2	1	5	-2.77978	-3.70313	-4.1675	-4.14215
470	2	1	12	3	2	1	5	-2.61664	-2.13273	-3.59514	-5.03998
471	1	14	2	2	6	1	17	-9.08416	-6.44662	-7.63546	-6.2918
472	1	2	4	62	4	5	17	-6.08154	-4.86405	-7.24389	-8.77438
473	4	7	10	4	1	7	1	-1.83224	-3.91864	-2.6325	-1.91813
474	2	1	21	3	2	1	5	-2.9259	-2.50744	-4.32097	-4.58023
475	2	4	1	2	2	1	5	-2.77978	-3.70313	-4.1675	-4.14215
476	1	4	2	2	6	3	17	-4.58119	-2.46046	-4.44173	-5.72589
477	4	7	10	4	1	7	1	-1.83224	-3.91864	-2.6325	-1.91813
478	10	2	107	62	120	76	1	-6.85314	-10.167	-7.90814	-6.28048
479	2	1	12	3	2	1	5	-2.61664	-2.13273	-3.59514	-5.03998
480	2	1	5	3	2	3	5	-4.22009	-3.26426	-5.30824	-4.79663
481	2	1	21	3	2	1	5	-2.9259	-2.50744	-4.32097	-4.58023
482	1	2	3	4	5	9	3	-4.57659	-2.4997	-3.59147	-5.10615
483	1	307	3	4	5	9	3	-6.83736	-6.44615	-6.16215	-8.65443
484	7	2	5	2	10	3	6	-31.182	-27.8918	-28.5925	-29.4423
485	1	2	3	4	5	9	3	-4.57659	-2.4997	-3.59147	-5.10615
486	33	39	30	82	104	173	68	-5.36408	-3.99554	-6.38599	-7.98044
487	4	7	10	4	42	7	1	-6.57307	-8.61507	-5.56946	-4.63308
488	2	1	12	88	2	1	5	-3.9424	-3.44756	-5.57552	-5.36876
489	2	4	1	2	2	1	5	-2.77978	-3.70313	-4.1675	-4.14215
490	2	1	21	3	2	1	5	-2.9259	-2.50744	-4.32097	-4.58023
491	9	2	4	62	4	5	6	-3.72185	-5.31119	-5.86541	-6.90121
492	2	1	5	3	2	3	5	-4.22009	-3.26426	-5.30824	-4.79663
493	4	7	10	4	1	7	1	-1.83224	-3.91864	-2.6325	-1.91813
494	2	1	57	26	127	29	35	-6.88799	-9.96473	-6.23356	-8.74555
495	2	1	57	26	127	29	35	-6.88799	-9.96473	-6.23356	-8.74555
496	2	4	2	4	19	3	6	-5.805	-10.1537	-9.66837	-9.16313
497	2	1	12	3	2	1	5	-2.61664	-2.13273	-3.59514	-5.03998
498	2	4	1	2	2	1	5	-2.77978	-3.70313	-4.1675	-4.14215
499	2	4	1	2	2	1	5	-2.77978	-3.70313	-4.1675	-4.14215
500	2	1	21	3	2	1	5	-2.9259	-2.50744	-4.32097	-4.58023
501	33	39	65	79	104	43	17	-4.60506	-8.95993	-8.47326	-7.96889
502	1	14	2	2	6	1	17	-9.08416	-6.44662	-7.63546	-6.2918
503	2	1	12	3	2	1	5	-2.61664	-2.13273	-3.59514	-5.03998
504	7	21	5	62	4	61	44	-7.11647	-3.84314	-5.57208	-7.93092
505	9	2	4	62	4	5	6	-3.72185	-5.31119	-5.86541	-6.90121
506	129	66	30	82	189	47	17	-3.25198	-4.98855	-5.49799	-4.13231
507	2	1	21	3	2	1	5	-2.9259	-2.50744	-4.32097	-4.58023
508	47	2	4	2	6	5	17	-11.0404	-10.2905	-6.248	-9.00944
509	2	4	1	2	7	1	5	-2.31339	-6.63947	-6.02495	-5.24713
510	33	38	30	82	104	325	36	-14.5847	-10.0888	-12.1569	-14.0462
511	1	4	2	2	6	3	17	-4.58119	-2.46046	-4.44173	-5.72589
512	1	4	2	2	6	3	17	-4.58119	-2.46046	-4.44173	-5.72589
513	2	4	1	2	2	1	5	-2.77978	-3.70313	-4.1675	-4.14215
514	4	7	10	4	1	7	1	-1.83224	-3.91864	-2.6325	-1.91813
515	33	283	44	82	189	44	17	-6.71759	-3.48289	-5.30929	-6.07821
516	8	10	149	2	11	12	6	-4.86534	-3.99109	-5.60634	-7.47303
517	2	1	21	3	62	1	5	-5.8023	-10.138	-9.66553	-9.16508
518	10	1	16	19	10	5	7	-5.98193	-2.75674	-4.14415	-5.3034
519	180	194	2	68	19	231	147	-29.3478	-27.6757	-25.3412	-23.9734
520	2	4	1	2	7	1	5	-2.31339	-6.63947	-6.02495	-5.24713
521	2	4	2	2	6	1	5	-6.06725	-4.84506	-5.92896	-8.18802
522	1	2	3	4	5	9	3	-4.57659	-2.4997	-3.59147	-5.10615
523	2	1	21	3	2	1	5	-2.9259	-2.50744	-4.32097	-4.58023
524	2	1	12	3	2	1	5	-2.61664	-2.13273	-3.59514	-5.03998
525	2	1	5	3	2	3	5	-4.22009	-3.26426	-5.30824	-4.79663
526	1	307	3	4	5	9	3	-6.83736	-6.44615	-6.16215	-8.65443
527	2	4	1	2	7	1	5	-2.31339	-6.63947	-6.02495	-5.24713
528	2	1	12	3	2	1	5	-2.61664	-2.13273	-3.59514	-5.03998
529	7	21	5	62	4	61	44	-7.11647	-3.84314	-5.57208	-7.93092
530	2	1	5	3	2	3	5	-4.22009	-3.26426	-5.30824	-4.79663
531	2	1	12	88	2	1	5	-3.9424	-3.44756	-5.57552	-5.36876
532	2	1	21	3	2	1	5	-2.9259	-2.50744	-4.32097	-4.58023
533	1	4	2	2	6	3	17	-4.58119	-2.46046	-4.44173	-5.72589
534	2	4	1	2	7	1	5	-2.31339	-6.63947	-6.02495	-5.24713
535	47	2	4	2	6	5	17	-11.0404	-10.2905	-6.248	-9.00944
536	1	4	2	2	6	3	17	-4.58119	-2.46046	-4.44173	-5.72589
537	1	2	3	4	5	9	3	-4.57659	-2.4997	-3.59147	-5.10615
538	2	4	1	2	2	1	5	-2.77978	-3.70313	-4.1675	-4.14215
539	4	7	10	4	42	7	1	-6.57307	-8.61507	-5.56946	-4.63308
540	2	4	1	9	2	1	5	-7.57465	-7.30736	-7.40192	-7.2028
541	2	1	12	3	2	1	5	-2.61664	-2.13273	-3.59514	-5.03998
542	1	4	2	9	6	3	17	-9.37582	-6.01444	-7.64402	-8.77323
543	1	2	3	4	922	9	3	-9.38639	-6.10536	-6.82705	-8.16854
544	4	7	10	4	1	7	1	-1.83224	-3.91864	-2.6325	-1.91813
545	2	1	5	3	2	3	5	-4.22009	-3.26426	-5.30824	-4.79663
546	2	4	1	2	7	1	5	-2.31339	-6.63947	-6.02495	-5.24713
547	4	7	10	4	1	7	1	-1.83224	-3.91864	-2.6325	-1.91813
548	2	4	1	2	2	1	5	-2.77978	-3.70313	-4.1675	-4.14215
549	2	1	21	3	2	1	5	-2.9259	-2.50744	-4.32097	-4.58023
550	4	7	10	4	1	7	1	-1.83224	-3.91864	-2.6325	-1.91813
551	1	4	2	2	6	3	17	-4.58119	-2.46046	-4.44173	-5.72589
552	2	1	5	3	2	5	5	-5.45156	-2.83707	-4.06545	-5.71742
553	2	1	12	3	2	1	5	-2.61664	-2.13273	-3.59514	-5.03998
554	4	936	10	4	1	7	1	-6.6368	-7.52111	-5.84249	-4.98267
555	180	194	2	68	19	231	147	-29.3478	-27.6757	-25.3412	-23.9734
556	4	7	10	4	42	51	1	-2.93427	-4.7535	-4.88297	-3.79289
557	4	7	10	4	42	25	1	-8.57133	-9.10762	-5.80379	-5.15192
558	2	1	21	3	2	1	5	-2.9259	-2.50744	-4.32097	-4.58023
559	2	1	5	3	2	3	5	-4.22009	-3.26426	-5.30824	-4.79663
560	2	1	5	3	2	3	5	-4.22009	-3.26426	-5.30824	-4.79663
561	4	7	10	4	42	51	1	-2.93427	-4.7535	-4.88297	-3.79289
562	4	7	10	4	1	7	1	-1.83224	-3.91864	-2.6325	-1.91813
563	2	4	1	2	7	1	5	-2.31339	-6.63947	-6.02495	-5.24713
564	2	1	21	3	2	1	5	-2.9259	-2.50744	-4.32097	-4.58023
565	1	4	2	2	6	3	17	-4.58119	-2.46046	-4.44173	-5.72589
566	188	313	5	2	89	5	6	-40.4796	-35.9239	-37.1719	-41.4885
567	2	1	21	3	2	1	5	-2.9259	-2.50744	-4.32097	-4.58023
568	2	1	1	3	2	1	5	-4.60561	-3.80023	-6.16199	-7.48625
569	2	1	5	3	2	3	5	-4.22009	-3.26426	-5.30824	-4.79663
570	2	4	1	2	2	1	5	-2.77978	-3.70313	-4.1675	-4.14215
571	2	1	5	3	2	3	5	-4.22009	-3.26426	-5.30824	-4.79663
572	2	1	1	3	2	1	5	-4.60561	-3.80023	-6.16199	-7.48625
573	2	1	5	3	2	3	5	-4.22009	-3.26426	-5.30824	-4.79663
574	1	4	2	2	6	3	17	-4.58119	-2.46046	-4.44173	-5.72589
575	1	4	2	2	6	3	17	-4.58119	-2.46046	-4.44173	-5.72589
576	2	1	21	3	2	1	5	-2.9259	-2.50744	-4.32097	-4.58023
577	239	27	16	19	10	5	7	-9.77588	-6.48169	-8.92074	-10.9842
578	2	4	5	2	2	5	5	-3.67934	-7.93482	-7.03461	-5.90793
579	9	2	4	62	4	5	6	-3.72185	-5.31119	-5.86541	-6.90121
580	2	1	1	3	2	1	5	-4.60561	-3.80023	-6.16199	-7.48625
581	2	1	5	3	2	3	5	-4.22009	-3.26426	-5.30824	-4.79663
582	1	4	2	2	6	3	17	-4.58119	-2.46046	-4.44173	-5.72589
583	2	4	5	2	2	5	5	-3.67934	-7.93482	-7.03461	-5.90793
584	2	4	5	2	2	5	5	-3.67934	-7.93482	-7.03461	-5.90793
585	2	1	5	3	2	3	5	-4.22009	-3.26426	-5.30824	-4.79663
586	2	1	1	380	2	1	5	-6.15151	-5.7557	-8.07081	-9.17115
587	2	7	10	4	1	7	1	-6.58461	-8.89104	-8.07594	-7.341
588	2	1	12	3	2	1	5	-2.61664	-2.13273	-3.59514	-5.03998
589	2	4	1	2	2	1	5	-2.77978	-3.70313	-4.1675	-4.14215
590	9	2	4	62	4	5	6	-3.72185	-5.31119	-5.86541	-6.90121
591	2	4	5	2	2	5	5	-3.67934	-7.93482	-7.03461	-5.90793
592	1	4	2	2	6	3	17	-4.58119	-2.46046	-4.44173	-5.72589
593	1	4	2	2	6	5	17	-12.6959	-8.57588	-11.3125	-14.1127
594	2	4	2	2	6	1	5	-6.06725	-4.84506	-5.92896	-8.18802
595	1	4	2	2	6	5	17	-12.6959	-8.57588	-11.3125	-14.1127
596	2	23	21	3	2	1	5	-7.7367	-6.1184	-7.55846	-7.64396
597	7	21	5	62	4	61	44	-7.11647	-3.84314	-5.57208	-7.93092
598	2	4	1	2	2	1	5	-2.77978	-3.70313	-4.1675	-4.14215
599	1	307	3	4	5	9	3	-6.83736	-6.44615	-6.16215	-8.65443
600	1	2	3	4	5	9	3	-4.57659	-2.4997	-3.59147	-5.10615
601	9	2	4	62	4	5	6	-3.72185	-5.31119	-5.86541	-6.90121
602	2	1	12	3	2	1	5	-2.61664	-2.13273	-3.59514	-5.03998
603	1	4	2	2	6	3	17	-4.58119	-2.46046	-4.44173	-5.72589
604	10	1	16	19	10	5	7	-5.98193	-2.75674	-4.14415	-5.3034
605	2	1	12	3	2	1	5	-2.61664	-2.13273	-3.59514	-5.03998
606	180	194	2	68	19	231	147	-29.3478	-27.6757	-25.3412	-23.9734
607	2	1	12	3	2	1	5	-2.61664	-2.13273	-3.59514	-5.03998
608	4	7	10	4	1	7	1	-1.83224	-3.91864	-2.6325	-1.91813
609	129	66	30	82	189	47	17	-3.25198	-4.98855	-5.49799	-4.13231
610	4	7	10	4	1	7	1	-1.83224	-3.91864	-2.6325	-1.91813
611	2	1	12	3	2	1	5	-2.61664	-2.13273	-3.59514	-5.03998
612	2	1	21	3	2	1	5	-2.9259	-2.50744	-4.32097	-4.58023
613	4	7	10	4	1	7	1	-1.83224	-3.91864	-2.6325	-1.91813
614	10	1	16	19	10	5	7	-5.98193	-2.75674	-4.14415	-5.3034
615	8	10	149	2	11	12	6	-4.86534	-3.99109	-5.60634	-7.47303
616	129	66	30	82	189	47	17	-3.25198	-4.98855	-5.49799	-4.13231
617	2	4	1	2	2	1	5	-2.77978	-3.70313	-4.1675	-4.14215
618	180	194	2	68	19	231	147	-29.3478	-27.6757	-25.3412	-23.9734
619	2	1	5	3	2	3	5	-4.22009	-3.26426	-5.30824	-4.79663
620	2	4	1	2	2	1	5	-2.77978	-3.70313	-4.1675	-4.14215
621	1	2	3	4	5	9	3	-4.57659	-2.4997	-3.59147	-5.10615
622	180	194	2	68	19	231	147	-29.3478	-27.6757	-25.3412	-23.9734
623	33	39	65	79	104	43	17	-4.60506	-8.95993	-8.47326	-7.96889
624	2	4	5	2	2	5	5	-3.67934	-7.93482	-7.03461	-5.90793
625	2	1	5	3	2	5	5	-5.45156	-2.83707	-4.06545	-5.71742
626	2	1	12	3	2	1	5	-2.61664	-2.13273	-3.59514	-5.03998
627	180	194	2	68	19	231	147	-29.3478	-27.6757	-25.3412	-23.9734
628	2	1	21	3	2	1	5	-2.9259	-2.50744	-4.32097	-4.58023
629	2	1	5	3	2	5	5	-5.45156	-2.83707	-4.06545	-5.71742
630	2	1	21	3	2	1	5	-2.9259	-2.50744	-4.32097	-4.58023
631	1	2	3	4	5	9	3	-4.57659	-2.4997	-3.59147	-5.10615
632	2	1	21	3	2	1	5	-2.9259	-2.50744	-4.32097	-4.58023
633	8	10	2	2	11	12	6	-3.96166	-8.1677	-7.82486	-7.32554
634	2	4	1	2	7	1	5	-2.31339	-6.63947	-6.02495	-5.24713
635	2	1	5	3	2	3	5	-4.22009	-3.26426	-5.30824	-4.79663
636	1	2	3	4	5	9	3	-4.57659	-2.4997	-3.59147	-5.10615
637	9	2	4	62	4	5	6	-3.72185	-5.31119	-5.86541	-6.90121
638	2	1	21	3	2	1	5	-2.9259	-2.50744	-4.32097	-4.58023
639	8	10	149	2	11	12	6	-4.86534	-3.99109	-5.60634	-7.47303
640	2	1	12	88	2	1	5	-3.9424	-3.44756	-5.57552	-5.36876
641	2	4	1	2	2	1	5	-2.77978	-3.70313	-4.1675	-4.14215
642	2	1	5	10	10	1	5	-23.4291	-22.9032	-22.8851	-24.1696
643	1	2	3	4	5	9	3	-4.57659	-2.4997	-3.59147	-5.10615
644	2	4	1	2	7	1	5	-2.31339	-6.63947	-6.02495	-5.24713
645	2	4	1	2	2	1	5	-2.77978	-3.70313	-4.1675	-4.14215
646	1	2	3	4	5	9	3	-4.57659	-2.4997	-3.59147	-5.10615
647	2	1	12	88	2	1	5	-3.9424	-3.44756	-5.57552	-5.36876
648	4	7	10	4	1	7	1	-1.83224	-3.91864	-2.6325	-1.91813
649	2	1	21	3	2	1	5	-2.9259	-2.50744	-4.32097	-4.58023
650	2	4	1	2	7	1	5	-2.31339	-6.63947	-6.02495	-5.24713
651	33	38	30	82	118	43	17	-19.6917	-19.6015	-21.0398	-22.9426
652	2	4	1	2	2	1	5	-2.77978	-3.70313	-4.1675	-4.14215
653	2	1	5	3	2	3	5	-4.22009	-3.26426	-5.30824	-4.79663
654	4	7	10	4	1	7	1	-1.83224	-3.91864	-2.6325	-1.91813
655	8	10	2	2	11	12	6	-3.96166	-8.1677	-7.82486	-7.32554
656	2	4	5	2	2	5	5	-3.67934	-7.93482	-7.03461	-5.90793
657	4	7	10	4	1	7	1	-1.83224	-3.91864	-2.6325	-1.91813
658	2	1	5	3	2	3	5	-4.22009	-3.26426	-5.30824	-4.79663
659	33	39	30	82	113	47	17	-5.77136	-5.77533	-8.016	-8.88886
660	2	1	21	3	2	1	5	-2.9259	-2.50744	-4.32097	-4.58023
661	2	4	1	2	7	1	5	-2.31339	-6.63947	-6.02495	-5.24713
662	2	1	1	3	2	1	5	-4.60561	-3.80023	-6.16199	-7.48625
663	4	7	10	4	1	7	1	-1.83224	-3.91864	-2.6325	-1.91813
664	7	21	5	62	4	61	44	-7.11647	-3.84314	-5.57208	-7.93092
665	10	81	50	99	120	76	52	-6.68037	-6.38906	-5.29056	-5.15222
666	4	7	10	4	1	7	1	-1.83224	-3.91864	-2.6325	-1.91813
667	1	2	3	4	5	9	3	-4.57659	-2.4997	-3.59147	-5.10615
668	1	2	3	4	5	9	3	-4.57659	-2.4997	-3.59147	-5.10615
669	2	4	1	2	7	1	5	-2.31339	-6.63947	-6.02495	-5.24713
670	4	7	10	4	1	7	1	-1.83224	-3.91864	-2.6325	-1.91813
671	2	1	5	3	2	3	5	-4.22009	-3.26426	-5.30824	-4.79663
672	1	4	2	2	6	3	17	-4.58119	-2.46046	-4.44173	-5.72589
673	4	935	10	4	1	7	1	-6.6368	-7.52111	-5.84249	-4.98267
674	10	1	16	19	10	5	7	-5.98193	-2.75674	-4.14415	-5.3034
675	4	7	10	4	1	7	1	-1.83224	-3.91864	-2.6325	-1.91813
676	33	39	65	79	104	43	17	-4.60506	-8.95993	-8.47326	-7.96889
677	2	4	2	2	6	1	5	-6.06725	-4.84506	-5.92896	-8.18802
678	4	7	10	4	42	25	1	-8.57133	-9.10762	-5.80379	-5.15192
679	1	4	2	2	6	3	17	-4.58119	-2.46046	-4.44173	-5.72589
680	4	7	10	4	42	25	1	-8.57133	-9.10762	-5.80379	-5.15192
681	4	7	10	4	42	25	1	-8.57133	-9.10762	-5.80379	-5.15192
682	4	7	10	4	1	7	1	-1.83224	-3.91864	-2.6325	-1.91813
683	2	4	1	2	7	1	5	-2.31339	-6.63947	-6.02495	-5.24713
684	4	7	10	4	1	7	1	-1.83224	-3.91864	-2.6325	-1.91813
685	4	7	10	4	42	7	1	-6.57307	-8.61507	-5.56946	-4.63308
686	10	27	16	19	10	5	7	-19.8771	-12.6516	-15.7374	-18.1619
687	10	81	50	99	120	76	52	-6.68037	-6.38906	-5.29056	-5.15222
688	4	7	10	4	1	7	1	-1.83224	-3.91864	-2.6325	-1.91813
689	4	7	10	4	42	51	1	-2.93427	-4.7535	-4.88297	-3.79289
690	4	7	10	4	1	7	1	-1.83224	-3.91864	-2.6325	-1.91813
691	10	81	50	99	120	76	52	-6.68037	-6.38906	-5.29056	-5.15222
692	2	4	1	2	2	1	5	-2.77978	-3.70313	-4.1675	-4.14215
693	4	7	10	4	42	51	1	-2.93427	-4.7535	-4.88297	-3.79289
694	4	7	10	4	42	51	1	-2.93427	-4.7535	-4.88297	-3.79289
695	4	7	10	4	42	51	1	-2.93427	-4.7535	-4.88297	-3.79289
696	8	10	2	2	11	12	6	-3.96166	-8.1677	-7.82486	-7.32554
697	33	38	30	82	104	43	17	-5.29806	-9.65124	-9.16433	-8.65749
698	4	7	10	4	1	7	1	-1.83224	-3.91864	-2.6325	-1.91813
699	10	81	50	99	120	76	52	-6.68037	-6.38906	-5.29056	-5.15222
700	2	4	1	2	7	1	5	-2.31339	-6.63947	-6.02495	-5.24713
701	4	7	10	4	1	7	1	-1.83224	-3.91864	-2.6325	-1.91813
702	4	7	10	4	1	7	1	-1.83224	-3.91864	-2.6325	-1.91813
703	10	81	50	99	120	76	52	-6.68037	-6.38906	-5.29056	-5.15222
704	4	7	10	4	42	51	1	-2.93427	-4.7535	-4.88297	-3.79289
705	9	2	4	62	4	5	6	-3.72185	-5.31119	-5.86541	-6.90121
706	4	7	10	4	1	7	1	-1.83224	-3.91864	-2.6325	-1.91813
707	2	1	1	3	2	1	5	-4.60561	-3.80023	-6.16199	-7.48625
708	1	14	2	2	6	1	17	-9.08416	-6.44662	-7.63546	-6.2918
709	2	4	2	2	6	1	5	-6.06725	-4.84506	-5.92896	-8.18802
710	2	4	2	2	6	1	5	-6.06725	-4.84506	-5.92896	-8.18802
711	4	7	10	4	42	51	1	-2.93427	-4.7535	-4.88297	-3.79289
712	10	2	107	62	120	76	1	-6.85314	-10.167	-7.90814	-6.28048
713	2	1	12	3	2	1	5	-2.61664	-2.13273	-3.59514	-5.03998
714	2	4	1	2	2	1	5	-2.77978	-3.70313	-4.1675	-4.14215
715	47	2	4	2	6	5	17	-11.0404	-10.2905	-6.248	-9.00944
716	4	7	10	4	42	5	1	-11.0205	-10.8337	-11.1166	-11.6626
717	2	1	12	3	2	1	5	-2.61664	-2.13273	-3.59514	-5.03998
718	4	7	10	4	42	51	1	-2.93427	-4.7535	-4.88297	-3.79289
719	1	307	3	4	5	9	3	-6.83736	-6.44615	-6.16215	-8.65443
720	2	1	21	3	2	1	5	-2.9259	-2.50744	-4.32097	-4.58023
721	4	7	10	4	1	7	1	-1.83224	-3.91864	-2.6325	-1.91813
722	2	4	1	2	2	1	5	-2.77978	-3.70313	-4.1675	-4.14215
723	2	1	12	3	2	1	5	-2.61664	-2.13273	-3.59514	-5.03998
724	4	7	10	4	1	7	1	-1.83224	-3.91864	-2.6325	-1.91813
725	2	1	21	3	2	1	5	-2.9259	-2.50744	-4.32097	-4.58023
726	2	1	1	3	2	1	5	-4.60561	-3.80023	-6.16199	-7.48625
727	4	7	10	4	1	7	1	-1.83224	-3.91864	-2.6325	-1.91813
728	2	1	12	3	2	1	5	-2.61664	-2.13273	-3.59514	-5.03998
729	1	4	3	2	6	3	17	-14.351	-9.05642	-11.5896	-14.5365
730	2	1	12	3	2	1	5	-2.61664	-2.13273	-3.59514	-5.03998
731	2	1	12	88	2	1	5	-3.9424	-3.44756	-5.57552	-5.36876
732	1	4	2	2	6	3	17	-4.58119	-2.46046	-4.44173	-5.72589
733	4	7	10	4	42	51	1	-2.93427	-4.7535	-4.88297	-3.79289
734	2	1	12	3	2	1	5	-2.61664	-2.13273	-3.59514	-5.03998
735	4	7	10	4	1	7	1	-1.83224	-3.91864	-2.6325	-1.91813
736	2	1	12	88	2	1	5	-3.9424	-3.44756	-5.57552	-5.36876
737	2	1	21	3	2	1	5	-2.9259	-2.50744	-4.32097	-4.58023
738	2	4	5	2	2	5	5	-3.67934	-7.93482	-7.03461	-5.90793
739	2	4	5	2	2	5	5	-3.67934	-7.93482	-7.03461	-5.90793
740	2	1	21	3	62	1	5	-5.8023	-10.138	-9.66553	-9.16508
741	4	7	10	4	42	25	1	-8.57133	-9.10762	-5.80379	-5.15192
742	1	2	4	62	4	5	17	-6.08154	-4.86405	-7.24389	-8.77438
743	1	2	3	4	5	9	3	-4.57659	-2.4997	-3.59147	-5.10615
744	8	10	2	2	11	12	6	-3.96166	-8.1677	-7.82486	-7.32554
745	2	1	12	88	2	1	5	-3.9424	-3.44756	-5.57552	-5.36876
746	2	4	5	2	2	5	5	-3.67934	-7.93482	-7.03461	-5.90793
747	2	1	12	3	2	1	5	-2.61664	-2.13273	-3.59514	-5.03998
748	7	21	5	62	4	61	44	-7.11647	-3.84314	-5.57208	-7.93092
749	9	2	4	62	4	5	6	-3.72185	-5.31119	-5.86541	-6.90121
750	10	1	16	19	10	5	7	-5.98193	-2.75674	-4.14415	-5.3034
751	10	1	16	19	10	5	7	-5.98193	-2.75674	-4.14415	-5.3034
752	8	10	2	2	11	12	6	-3.96166	-8.1677	-7.82486	-7.32554
753	1	4	2	2	6	3	17	-4.58119	-2.46046	-4.44173	-5.72589
754	2	1	12	3	2	1	5	-2.61664	-2.13273	-3.59514	-5.03998
755	2	1	12	88	2	1	5	-3.9424	-3.44756	-5.57552	-5.36876
756	2	29	4	27	10	25	57	-19.7032	-20.6265	-14.4524	-12.1365
757	2	1	5	3	2	3	5	-4.22009	-3.26426	-5.30824	-4.79663
758	2	1	12	3	2	1	5	-2.61664	-2.13273	-3.59514	-5.03998
759	37	52	57	26	107	29	23	-8.33408	-8.90592	-5.70687	-4.88734
760	2	4	1	2	7	1	5	-2.31339	-6.63947	-6.02495	-5.24713
761	1	2	3	4	5	9	3	-4.57659	-2.4997	-3.59147	-5.10615
762	2	1	12	3	2	1	5	-2.61664	-2.13273	-3.59514	-5.03998
763	1	4	2	2	6	3	17	-4.58119	-2.46046	-4.44173	-5.72589
764	1	4	2	2	6	3	17	-4.58119	-2.46046	-4.44173	-5.72589
765	1	2	3	4	5	9	3	-4.57659	-2.4997	-3.59147	-5.10615
766	4	7	10	4	1	7	1	-1.83224	-3.91864	-2.6325	-1.91813
767	2	1	21	3	2	1	5	-2.9259	-2.50744	-4.32097	-4.58023
768	2	1	12	3	2	1	5	-2.61664	-2.13273	-3.59514	-5.03998
769	2	4	1	2	2	5	5	-6.80712	-6.41946	-8.66449	-9.77784
770	2	4	1	2	2	1	5	-2.77978	-3.70313	-4.1675	-4.14215
771	2	4	5	2	2	5	5	-3.67934	-7.93482	-7.03461	-5.90793
772	10	1	16	19	10	5	7	-5.98193	-2.75674	-4.14415	-5.3034
773	7	21	5	62	4	61	44	-7.11647	-3.84314	-5.57208	-7.93092
774	9	2	4	62	4	5	6	-3.72185	-5.31119	-5.86541	-6.90121
775	2	1	12	3	2	1	5	-2.61664	-2.13273	-3.59514	-5.03998
776	1	4	2	2	6	3	17	-4.58119	-2.46046	-4.44173	-5.72589
777	4	7	10	4	1	7	1	-1.83224	-3.91864	-2.6325	-1.91813
778	2	1	12	3	2	1	5	-2.61664	-2.13273	-3.59514	-5.03998
779	2	1	5	3	2	5	5	-5.45156	-2.83707	-4.06545	-5.71742
780	2	23	21	3	2	1	5	-7.7367	-6.1184	-7.55846	-7.64396
781	2	4	5	2	2	5	5	-3.67934	-7.93482	-7.03461	-5.90793
782	2	4	2	2	6	1	5	-6.06725	-4.84506	-5.92896	-8.18802
783	2	1	12	3	2	1	5	-2.61664	-2.13273	-3.59514	-5.03998
784	4	7	10	4	42	51	1	-2.93427	-4.7535	-4.88297	-3.79289
785	7	17	5	2	86	232	1	-30.4132	-31.7106	-28.5027	-26.9312
786	2	4	1	2	2	1	5	-2.77978	-3.70313	-4.1675	-4.14215
787	2	1	12	3	2	1	5	-2.61664	-2.13273	-3.59514	-5.03998
788	2	1	21	3	2	1	5	-2.9259	-2.50744	-4.32097	-4.58023
789	7	17	2	15	23	3	12	-6.90842	-11.2628	-10.7765	-10.2714
790	2	1	5	3	2	5	5	-5.45156	-2.83707	-4.06545	-5.71742
791	1	6	60	24	12	28	1	-32.6839	-28.6175	-21.7342	-21.4368
792	1	2	3	4	5	9	3	-4.57659	-2.4997	-3.59147	-5.10615
793	2	4	5	2	2	5	5	-3.67934	-7.93482	-7.03461	-5.90793
794	1	2	3	4	5	9	3	-4.57659	-2.4997	-3.59147	-5.10615
795	1	6	60	24	12	28	1	-32.6839	-28.6175	-21.7342	-21.4368
796	9	2	4	62	4	5	6	-3.72185	-5.31119	-5.86541	-6.90121
797	2	4	1	2	2	1	5	-2.77978	-3.70313	-4.1675	-4.14215
798	4	7	10	4	1	7	1	-1.83224	-3.91864	-2.6325	-1.91813
799	2	4	5	2	2	5	5	-3.67934	-7.93482	-7.03461	-5.90793
800	7	2	2	2	11	12	6	-4.50829	-8.86191	-8.37592	-7.87188
801	2	1	21	3	2	1	941	-7.73664	-6.09891	-7.54823	-7.64198
802	9	2	2	10	10	3	5	-29.6584	-24.7178	-25.822	-25.9979
803	8	10	149	2	11	12	6	-4.86534	-3.99109	-5.60634	-7.47303
804	7	1	5	2	10	3	6	-32.1903	-29.0293	-29.587	-29.6264
805	2	1	21	3	2	1	5	-2.9259	-2.50744	-4.32097	-4.58023
806	33	39	30	82	113	43	17	-9.45883	-6.45656	-6.18465	-8.88106
807	1	6	60	24	12	28	1	-32.6839	-28.6175	-21.7342	-21.4368
808	1	6	60	24	12	28	1	-32.6839	-28.6175	-21.7342	-21.4368
809	7	17	2	15	23	3	12	-6.90842	-11.2628	-10.7765	-10.2714
810	1	4	2	2	6	3	17	-4.58119	-2.46046	-4.44173	-5.72589
811	1	4	2	2	6	3	17	-4.58119	-2.46046	-4.44173	-5.72589
812	7	21	5	62	4	61	44	-7.11647	-3.84314	-5.57208	-7.93092
813	239	27	16	19	10	5	7	-9.77588	-6.48169	-8.92074	-10.9842
814	9	2	4	62	4	5	6	-3.72185	-5.31119	-5.86541	-6.90121
815	10	1	16	19	10	5	7	-5.98193	-2.75674	-4.14415	-5.3034
816	2	1	5	3	2	5	5	-5.45156	-2.83707	-4.06545	-5.71742
817	2	4	5	2	2	5	5	-3.67934	-7.93482	-7.03461	-5.90793
818	8	10	2	2	11	12	6	-3.96166	-8.1677	-7.82486	-7.32554
819	7	17	2	15	23	3	12	-6.90842	-11.2628	-10.7765	-10.2714
820	2	4	1	4	1	1	5	-15.5202	-17.8773	-15.7562	-15.3518
821	4	7	10	4	1	7	1	-1.83224	-3.91864	-2.6325	-1.91813
822	8	10	149	2	11	12	6	-4.86534	-3.99109	-5.60634	-7.47303
823	2	1	12	88	2	1	5	-3.9424	-3.44756	-5.57552	-5.36876
824	2	4	2	2	6	1	5	-6.06725	-4.84506	-5.92896	-8.18802
825	10	81	50	99	120	76	52	-6.68037	-6.38906	-5.29056	-5.15222
826	2	4	5	2	2	5	5	-3.67934	-7.93482	-7.03461	-5.90793
827	2	4	1	2	2	5	5	-6.80712	-6.41946	-8.66449	-9.77784
828	8	10	149	2	11	12	6	-4.86534	-3.99109	-5.60634	-7.47303
829	1	4	2	2	6	3	17	-4.58119	-2.46046	-4.44173	-5.72589
830	2	165	73	147	220	190	104	-8.68879	-9.47213	-6.86939	-5.20121
831	4	7	10	4	42	25	1	-8.57133	-9.10762	-5.80379	-5.15192
832	7	2	2	2	11	12	6	-4.50829	-8.86191	-8.37592	-7.87188
833	1	6	60	24	12	28	1	-32.6839	-28.6175	-21.7342	-21.4368
834	2	1	12	3	2	1	5	-2.61664	-2.13273	-3.59514	-5.03998
835	33	39	65	79	104	77	17	-5.29799	-9.65227	-9.16646	-8.66194
836	4	7	10	4	1	7	1	-1.83224	-3.91864	-2.6325	-1.91813
837	1	2	3	4	5	9	3	-4.57659	-2.4997	-3.59147	-5.10615
838	2	1	21	3	2	1	5	-2.9259	-2.50744	-4.32097	-4.58023
839	2	1	12	3	2	1	5	-2.61664	-2.13273	-3.59514	-5.03998
840	4	7	10	4	1	7	1	-1.83224	-3.91864	-2.6325	-1.91813
841	2	4	1	2	7	1	5	-2.31339	-6.63947	-6.02495	-5.24713
842	184	39	30	82	113	43	17	-3.95997	-6.33419	-7.5412	-7.30109
843	4	7	10	4	1	7	1	-1.83224	-3.91864	-2.6325	-1.91813
844	2	4	1	2	2	1	5	-2.77978	-3.70313	-4.1675	-4.14215
845	4	7	10	4	1	7	1	-1.83224	-3.91864	-2.6325	-1.91813
846	2	1	12	88	2	1	5	-3.9424	-3.44756	-5.57552	-5.36876
847	2	1	21	3	2	1	5	-2.9259	-2.50744	-4.32097	-4.58023
848	1	2	3	4	5	9	3	-4.57659	-2.4997	-3.59147	-5.10615
849	4	7	10	4	1	7	1	-1.83224	-3.91864	-2.6325	-1.91813
850	2	1	21	3	2	1	5	-2.9259	-2.50744	-4.32097	-4.58023
851	8	10	2	2	11	12	6	-3.96166	-8.1677	-7.82486	-7.32554
852	2	4	1	2	2	1	5	-2.77978	-3.70313	-4.1675	-4.14215
853	2	4	1	2	2	1	5	-2.77978	-3.70313	-4.1675	-4.14215
854	2	4	2	2	6	1	5	-6.06725	-4.84506	-5.92896	-8.18802
855	2	4	1	2	2	1	5	-2.77978	-3.70313	-4.1675	-4.14215
856	2	4	1	2	2	1	5	-2.77978	-3.70313	-4.1675	-4.14215
857	2	4	1	2	2	1	5	-2.77978	-3.70313	-4.1675	-4.14215
858	1	2	3	4	5	9	3	-4.57659	-2.4997	-3.59147	-5.10615
859	2	4	1	2	2	1	5	-2.77978	-3.70313	-4.1675	-4.14215
860	2	4	1	2	2	1	5	-2.77978	-3.70313	-4.1675	-4.14215
861	8	10	2	2	11	12	6	-3.96166	-8.1677	-7.82486	-7.32554
862	2	1	5	3	2	3	5	-4.22009	-3.26426	-5.30824	-4.79663
863	33	39	30	82	104	173	68	-5.36408	-3.99554	-6.38599	-7.98044
864	2	4	1	2	7	1	5	-2.31339	-6.63947	-6.02495	-5.24713
865	8	10	2	2	11	12	6	-3.96166	-8.1677	-7.82486	-7.32554
866	2	4	1	2	7	1	5	-2.31339	-6.63947	-6.02495	-5.24713
867	1	2	3	4	5	9	3	-4.57659	-2.4997	-3.59147	-5.10615
868	1	2	215	4	90	24	8	-32.3086	-26.258	-23.1134	-22.5331
869	2	1	1	3	2	1	5	-4.60561	-3.80023	-6.16199	-7.48625
870	10	81	50	99	120	76	52	-6.68037	-6.38906	-5.29056	-5.15222
871	2	4	1	2	7	1	5	-2.31339	-6.63947	-6.02495	-5.24713
872	2	1	12	3	2	1	5	-2.61664	-2.13273	-3.59514	-5.03998
873	2	4	1	2	2	1	5	-2.77978	-3.70313	-4.1675	-4.14215
874	2	4	1	2	2	1	5	-2.77978	-3.70313	-4.1675	-4.14215
875	2	4	1	2	2	1	5	-2.77978	-3.70313	-4.1675	-4.14215
876	2	1	5	3	2	3	5	-4.22009	-3.26426	-5.30824	-4.79663
877	2	4	1	2	2	1	5	-2.77978	-3.70313	-4.1675	-4.14215
878	4	7	10	4	1	7	1	-1.83224	-3.91864	-2.6325	-1.91813
879	2	4	1	2	7	1	5	-2.31339	-6.63947	-6.02495	-5.24713
880	2	4	5	2	2	5	5	-3.67934	-7.93482	-7.03461	-5.90793
881	2	4	1	2	2	1	5	-2.77978	-3.70313	-4.1675	-4.14215
882	8	10	2	2	11	12	6	-3.96166	-8.1677	-7.82486	-7.32554
883	4	7	10	4	1	7	1	-1.83224	-3.91864	-2.6325	-1.91813
884	2	4	1	2	2	1	5	-2.77978	-3.70313	-4.1675	-4.14215
885	166	2	1	10	17	3	1	-36.0307	-34.5952	-32.3067	-31.017
886	2	4	1	2	7	1	5	-2.31339	-6.63947	-6.02495	-5.24713
887	2	4	1	2	2	1	5	-2.77978	-3.70313	-4.1675	-4.14215
888	4	7	10	4	1	7	1	-1.83224	-3.91864	-2.6325	-1.91813
889	4	7	10	4	1	7	1	-1.83224	-3.91864	-2.6325	-1.91813
890	2	4	1	2	7	1	5	-2.31339	-6.63947	-6.02495	-5.24713
891	2	4	1	2	2	1	5	-2.77978	-3.70313	-4.1675	-4.14215
892	2	1	5	3	2	3	5	-4.22009	-3.26426	-5.30824	-4.79663
893	9	25	2	10	22	3	6	-4.47476	-8.04134	-5.93331	-4.32667
894	2	1	21	3	62	1	5	-5.8023	-10.138	-9.66553	-9.16508
895	129	66	30	82	189	47	17	-3.25198	-4.98855	-5.49799	-4.13231
896	129	66	30	82	189	47	17	-3.25198	-4.98855	-5.49799	-4.13231
897	4	7	10	4	1	7	1	-1.83224	-3.91864	-2.6325	-1.91813
898	2	4	1	2	2	1	5	-2.77978	-3.70313	-4.1675	-4.14215
899	4	7	10	4	42	7	1	-6.57307	-8.61507	-5.56946	-4.63308
900	2	4	1	2	7	1	5	-2.31339	-6.63947	-6.02495	-5.24713
901	1	307	3	4	5	9	3	-6.83736	-6.44615	-6.16215	-8.65443
902	2	1	21	3	2	1	5	-2.9259	-2.50744	-4.32097	-4.58023
903	4	7	10	4	1	7	1	-1.83224	-3.91864	-2.6325	-1.91813
904	2	1	21	3	2	1	5	-2.9259	-2.50744	-4.32097	-4.58023
905	2	4	1	2	2	5	5	-6.80712	-6.41946	-8.66449	-9.77784
906	2	4	1	2	7	1	5	-2.31339	-6.63947	-6.02495	-5.24713
907	2	4	1	2	7	1	5	-2.31339	-6.63947	-6.02495	-5.24713
908	2	4	1	2	7	1	5	-2.31339	-6.63947	-6.02495	-5.24713
909	4	7	10	4	1	7	1	-1.83224	-3.91864	-2.6325	-1.91813
910	8	10	2	2	11	12	6	-3.96166	-8.1677	-7.82486	-7.32554
911	7	21	5	62	4	61	44	-7.11647	-3.84314	-5.57208	-7.93092
912	2	1	12	88	2	1	5	-3.9424	-3.44756	-5.57552	-5.36876
913	2	4	1	2	2	1	5	-2.77978	-3.70313	-4.1675	-4.14215
914	1	2	3	4	5	9	3	-4.57659	-2.4997	-3.59147	-5.10615
915	2	4	1	2	7	1	5	-2.31339	-6.63947	-6.02495	-5.24713
916	2	4	1	2	2	1	5	-2.77978	-3.70313	-4.1675	-4.14215
917	2	4	1	2	2	1	5	-2.77978	-3.70313	-4.1675	-4.14215
918	2	4	1	2	7	1	5	-2.31339	-6.63947	-6.02495	-5.24713
919	4	7	10	4	1	7	1	-1.83224	-3.91864	-2.6325	-1.91813
920	2	1	5	3	2	3	5	-4.22009	-3.26426	-5.30824	-4.79663
921	2	4	1	2	7	1	5	-2.31339	-6.63947	-6.02495	-5.24713
922	2	4	1	2	2	1	5	-2.77978	-3.70313	-4.1675	-4.14215
923	8	10	2	2	11	12	6	-3.96166	-8.1677	-7.82486	-7.32554
924	2	1	12	3	2	1	5	-2.61664	-2.13273	-3.59514	-5.03998
925	48	7	10	4	183	7	1	-11.3614	-11.0374	-9.04946	-7.98193
926	7	21	5	62	4	61	44	-7.11647	-3.84314	-5.57208	-7.93092
927	4	7	10	4	1	7	1	-1.83224	-3.91864	-2.6325	-1.91813
928	9	25	2	10	22	3	6	-4.47476	-8.04134	-5.93331	-4.32667
929	2	4	1	2	2	1	5	-2.77978	-3.70313	-4.1675	-4.14215
930	2	4	1	2	7	1	5	-2.31339	-6.63947	-6.02495	-5.24713
931	2	4	1	2	2	1	5	-2.77978	-3.70313	-4.1675	-4.14215
932	2	4	1	2	2	1	5	-2.77978	-3.70313	-4.1675	-4.14215
933	9	25	2	10	22	3	6	-4.47476	-8.04134	-5.93331	-4.32667
934	2	4	1	2	2	1	5	-2.77978	-3.70313	-4.1675	-4.14215
935	2	4	1	2	2	1	5	-2.77978	-3.70313	-4.1675	-4.14215
936	2	4	1	2	7	1	5	-2.31339	-6.63947	-6.02495	-5.24713
937	2	4	1	2	7	1	5	-2.31339	-6.63947	-6.02495	-5.24713
938	2	4	1	2	2	1	5	-2.77978	-3.70313	-4.1675	-4.14215
939	2	4	1	2	2	1	5	-2.77978	-3.70313	-4.1675	-4.14215
940	4	7	10	4	1	7	1	-1.83224	-3.91864	-2.6325	-1.91813
941	2	4	1	2	2	1	5	-2.77978	-3.70313	-4.1675	-4.14215
942	4	7	10	4	1	7	1	-1.83224	-3.91864	-2.6325	-1.91813
943	2	4	1	2	7	1	5	-2.31339	-6.63947	-6.02495	-5.24713
944	2	4	1	2	2	1	5	-2.77978	-3.70313	-4.1675	-4.14215
945	4	7	10	4	1	7	1	-1.83224	-3.91864	-2.6325	-1.91813
946	9	25	2	10	22	3	6	-4.47476	-8.04134	-5.93331	-4.32667
947	10	81	50	99	120	76	52	-6.68037	-6.38906	-5.29056	-5.15222
948	2	1	21	3	2	1	5	-2.9259	-2.50744	-4.32097	-4.58023
949	4	7	10	4	1	7	1	-1.83224	-3.91864	-2.6325	-1.91813
950	2	4	1	2	7	1	5	-2.31339	-6.63947	-6.02495	-5.24713
951	4	7	10	4	1	7	1	-1.83224	-3.91864	-2.6325	-1.91813
952	4	7	10	4	1	7	1	-1.83224	-3.91864	-2.6325	-1.91813
953	8	315	2	2	11	12	6	-8.77146	-11.7722	-11.0597	-10.3876
954	8	10	2	2	11	12	6	-3.96166	-8.1677	-7.82486	-7.32554
955	2	4	1	2	2	1	5	-2.77978	-3.70313	-4.1675	-4.14215
956	4	7	10	4	1	7	1	-1.83224	-3.91864	-2.6325	-1.91813
957	2	4	1	2	2	1	5	-2.77978	-3.70313	-4.1675	-4.14215
958	2	4	1	2	2	1	5	-2.77978	-3.70313	-4.1675	-4.14215
959	2	4	1	2	2	1	5	-2.77978	-3.70313	-4.1675	-4.14215
960	2	4	1	2	7	1	5	-2.31339	-6.63947	-6.02495	-5.24713
961	2	4	1	2	2	1	5	-2.77978	-3.70313	-4.1675	-4.14215
962	2	4	1	2	2	1	5	-2.77978	-3.70313	-4.1675	-4.14215
963	2	1	21	3	2	1	5	-2.9259	-2.50744	-4.32097	-4.58023
964	2	4	1	2	2	1	5	-2.77978	-3.70313	-4.1675	-4.14215
965	1	4	2	2	2	3	17	-11.0934	-7.53591	-10.4413	-12.5713
966	2	4	1	2	2	1	5	-2.77978	-3.70313	-4.1675	-4.14215
967	2	4	1	2	2	1	5	-2.77978	-3.70313	-4.1675	-4.14215
968	7	21	5	62	4	61	44	-7.11647	-3.84314	-5.57208	-7.93092
969	2	4	1	2	2	1	5	-2.77978	-3.70313	-4.1675	-4.14215
970	4	7	10	4	1	7	1	-1.83224	-3.91864	-2.6325	-1.91813
971	2	4	1	2	2	1	5	-2.77978	-3.70313	-4.1675	-4.14215
972	10	1	16	19	10	5	7	-5.98193	-2.75674	-4.14415	-5.3034
973	8	10	2	2	11	12	6	-3.96166	-8.1677	-7.82486	-7.32554
974	4	7	10	4	1	7	1	-1.83224	-3.91864	-2.6325	-1.91813
975	2	4	2	2	6	1	5	-6.06725	-4.84506	-5.92896	-8.18802
976	2	4	1	2	2	1	5	-2.77978	-3.70313	-4.1675	-4.14215
977	2	4	1	2	2	1	5	-2.77978	-3.70313	-4.1675	-4.14215
978	2	1	12	3	2	1	5	-2.61664	-2.13273	-3.59514	-5.03998
979	2	1	21	3	2	1	5	-2.9259	-2.50744	-4.32097	-4.58023
980	1	4	2	2	6	3	17	-4.58119	-2.46046	-4.44173	-5.72589
981	9	2	4	62	4	5	6	-3.72185	-5.31119	-5.86541	-6.90121
982	9	2	4	62	4	5	6	-3.72185	-5.31119	-5.86541	-6.90121
983	2	4	1	2	2	1	5	-2.77978	-3.70313	-4.1675	-4.14215
984	9	25	2	10	22	3	6	-4.47476	-8.04134	-5.93331	-4.32667
985	2	1	12	3	2	1	5	-2.61664	-2.13273	-3.59514	-5.03998
986	2	4	1	2	2	1	5	-2.77978	-3.70313	-4.1675	-4.14215
987	2	4	1	2	2	1	5	-2.77978	-3.70313	-4.1675	-4.14215
988	2	4	1	2	2	1	5	-2.77978	-3.70313	-4.1675	-4.14215
989	1	4	2	2	6	3	17	-4.58119	-2.46046	-4.44173	-5.72589
990	1	4	2	2	6	3	17	-4.58119	-2.46046	-4.44173	-5.72589
991	9	25	2	10	22	3	6	-4.47476	-8.04134	-5.93331	-4.32667
992	1	4	2	2	6	3	17	-4.58119	-2.46046	-4.44173	-5.72589
993	2	4	1	2	2	1	5	-2.77978	-3.70313	-4.1675	-4.14215
994	2	4	1	2	2	1	5	-2.77978	-3.70313	-4.1675	-4.14215
995	8	10	2	2	11	12	6	-3.96166	-8.1677	-7.82486	-7.32554
996	2	4	1	2	2	1	5	-2.77978	-3.70313	-4.1675	-4.14215
997	2	1	5	3	2	5	5	-5.45156	-2.83707	-4.06545	-5.71742
998	8	10	2	2	11	12	6	-3.96166	-8.1677	-7.82486	-7.32554
999	2	4	1	2	2	1	5	-2.77978	-3.70313	-4.1675	-4.14215
1000	2	4	1	2	2	1	5	-2.77978	-3.70313	-4.1675	-4.14215
1001	2	1	21	3	2	1	5	-2.9259	-2.50744	-4.32097	-4.58023
1002	1	2	4	62	4	5	17	-6.08154	-4.86405	-7.24389	-8.77438
1003	2	1	12	3	2	1	5	-2.61664	-2.13273	-3.59514	-5.03998
1004	2	4	1	2	7	1	5	-2.31339	-6.63947	-6.02495	-5.24713
1005	1	307	3	4	5	9	3	-6.83736	-6.44615	-6.16215	-8.65443
1006	2	4	2	4	19	3	6	-5.805	-10.1537	-9.66837	-9.16313
1007	2	4	1	2	2	1	5	-2.77978	-3.70313	-4.1675	-4.14215
1008	1	4	2	2	6	3	17	-4.58119	-2.46046	-4.44173	-5.72589
1009	9	25	2	10	22	3	6	-4.47476	-8.04134	-5.93331	-4.32667
1010	4	7	10	4	1	7	1	-1.83224	-3.91864	-2.6325	-1.91813
1011	2	4	1	2	2	1	5	-2.77978	-3.70313	-4.1675	-4.14215
1012	10	1	16	19	10	5	7	-5.98193	-2.75674	-4.14415	-5.3034
1013	2	1	21	3	2	1	5	-2.9259	-2.50744	-4.32097	-4.58023
1014	4	7	10	4	1	7	1	-1.83224	-3.91864	-2.6325	-1.91813
1015	2	4	1	2	2	1	5	-2.77978	-3.70313	-4.1675	-4.14215
1016	1	2	3	4	5	9	3	-4.57659	-2.4997	-3.59147	-5.10615
1017	9	316	4	62	4	5	6	-6.85249	-6.47525	-8.7746	-9.87
1018	9	25	2	10	22	3	6	-4.47476	-8.04134	-5.93331	-4.32667
1019	1	307	3	4	5	9	3	-6.83736	-6.44615	-6.16215	-8.65443
1020	2	4	1	2	2	1	5	-2.77978	-3.70313	-4.1675	-4.14215
1021	9	25	2	10	22	3	6	-4.47476	-8.04134	-5.93331	-4.32667
1022	2	4	1	2	2	1	5	-2.77978	-3.70313	-4.1675	-4.14215
1023	2	1	12	3	2	1	5	-2.61664	-2.13273	-3.59514	-5.03998
1024	2	1	5	3	2	5	5	-5.45156	-2.83707	-4.06545	-5.71742
1025	2	4	1	2	2	1	5	-2.77978	-3.70313	-4.1675	-4.14215
1026	2	1	12	3	2	1	5	-2.61664	-2.13273	-3.59514	-5.03998
1027	2	1	12	3	2	1	5	-2.61664	-2.13273	-3.59514	-5.03998
1028	10	1	16	19	10	5	7	-5.98193	-2.75674	-4.14415	-5.3034
1029	4	7	10	4	1	7	1	-1.83224	-3.91864	-2.6325	-1.91813
1030	2	4	1	2	2	1	5	-2.77978	-3.70313	-4.1675	-4.14215
1031	2	1	12	88	2	1	5	-3.9424	-3.44756	-5.57552	-5.36876
1032	2	1	21	3	2	1	5	-2.9259	-2.50744	-4.32097	-4.58023
1033	1	2	3	4	5	9	3	-4.57659	-2.4997	-3.59147	-5.10615
1034	8	10	2	2	11	12	6	-3.96166	-8.1677	-7.82486	-7.32554
1035	2	1	12	88	2	1	5	-3.9424	-3.44756	-5.57552	-5.36876
1036	33	39	30	82	104	173	68	-5.36408	-3.99554	-6.38599	-7.98044
1037	1	2	3	4	5	9	3	-4.57659	-2.4997	-3.59147	-5.10615
1038	9	25	2	10	22	3	6	-4.47476	-8.04134	-5.93331	-4.32667
1039	2	4	1	2	2	1	5	-2.77978	-3.70313	-4.1675	-4.14215
1040	8	10	2	2	11	12	6	-3.96166	-8.1677	-7.82486	-7.32554
1041	1	2	4	62	4	5	17	-6.08154	-4.86405	-7.24389	-8.77438
1042	10	1	16	19	10	5	7	-5.98193	-2.75674	-4.14415	-5.3034
1043	33	39	30	82	104	173	68	-5.36408	-3.99554	-6.38599	-7.98044
1044	2	4	1	2	2	1	5	-2.77978	-3.70313	-4.1675	-4.14215
1045	8	10	2	2	11	12	6	-3.96166	-8.1677	-7.82486	-7.32554
1046	2	1	5	3	2	5	5	-5.45156	-2.83707	-4.06545	-5.71742
1047	47	2	4	2	6	5	17	-11.0404	-10.2905	-6.248	-9.00944
1048	1	2	3	4	5	9	3	-4.57659	-2.4997	-3.59147	-5.10615
1049	4	7	10	4	1	7	1	-1.83224	-3.91864	-2.6325	-1.91813
1050	2	1	5	3	2	3	5	-4.22009	-3.26426	-5.30824	-4.79663
1051	2	4	2	2	6	1	5	-6.06725	-4.84506	-5.92896	-8.18802
1052	2	4	1	2	2	1	5	-2.77978	-3.70313	-4.1675	-4.14215
1053	8	10	149	2	11	12	6	-4.86534	-3.99109	-5.60634	-7.47303
1054	9	25	2	10	22	3	6	-4.47476	-8.04134	-5.93331	-4.32667
1055	2	4	1	2	2	1	5	-2.77978	-3.70313	-4.1675	-4.14215
1056	1	2	3	4	5	9	3	-4.57659	-2.4997	-3.59147	-5.10615
1057	2	1	12	3	2	1	5	-2.61664	-2.13273	-3.59514	-5.03998
1058	4	7	10	4	42	51	1	-2.93427	-4.7535	-4.88297	-3.79289
1059	2	4	1	2	2	1	5	-2.77978	-3.70313	-4.1675	-4.14215
1060	2	1	1	3	2	1	5	-4.60561	-3.80023	-6.16199	-7.48625
1061	2	4	1	2	7	1	5	-2.31339	-6.63947	-6.02495	-5.24713
1062	8	10	2	2	11	12	6	-3.96166	-8.1677	-7.82486	-7.32554
1063	2	4	1	2	2	1	5	-2.77978	-3.70313	-4.1675	-4.14215
1064	9	2	4	62	4	5	6	-3.72185	-5.31119	-5.86541	-6.90121
1065	2	4	1	2	2	1	5	-2.77978	-3.70313	-4.1675	-4.14215
1066	4	7	10	4	1	7	1	-1.83224	-3.91864	-2.6325	-1.91813
1067	8	10	2	2	11	12	6	-3.96166	-8.1677	-7.82486	-7.32554
1068	2	4	2	2	6	1	5	-6.06725	-4.84506	-5.92896	-8.18802
1069	2	4	2	2	6	1	5	-6.06725	-4.84506	-5.92896	-8.18802
1070	2	4	2	2	6	1	5	-6.06725	-4.84506	-5.92896	-8.18802
1071	2	4	2	2	6	1	5	-6.06725	-4.84506	-5.92896	-8.18802
1072	2	4	1	2	2	1	5	-2.77978	-3.70313	-4.1675	-4.14215
1073	2	4	1	2	2	1	5	-2.77978	-3.70313	-4.1675	-4.14215
1074	2	1	12	3	2	1	5	-2.61664	-2.13273	-3.59514	-5.03998
1075	2	4	1	2	7	1	5	-2.31339	-6.63947	-6.02495	-5.24713
1076	4	7	10	4	42	51	1	-2.93427	-4.7535	-4.88297	-3.79289
1077	2	4	1	2	2	1	5	-2.77978	-3.70313	-4.1675	-4.14215
1078	8	10	2	2	11	12	6	-3.96166	-8.1677	-7.82486	-7.32554
1079	1	2	3	4	5	9	3	-4.57659	-2.4997	-3.59147	-5.10615
1080	1	2	3	4	5	9	3	-4.57659	-2.4997	-3.59147	-5.10615
1081	10	1	16	19	10	5	7	-5.98193	-2.75674	-4.14415	-5.3034
1082	8	10	2	2	11	12	6	-3.96166	-8.1677	-7.82486	-7.32554
1083	4	7	10	4	1	7	1	-1.83224	-3.91864	-2.6325	-1.91813
1084	2	4	1	2	2	1	5	-2.77978	-3.70313	-4.1675	-4.14215
1085	2	4	1	2	7	1	5	-2.31339	-6.63947	-6.02495	-5.24713
1086	2	1	21	3	2	1	5	-2.9259	-2.50744	-4.32097	-4.58023
1087	2	1	12	3	2	1	5	-2.61664	-2.13273	-3.59514	-5.03998
1088	2	4	2	4	19	3	6	-5.805	-10.1537	-9.66837	-9.16313
1089	8	10	149	2	11	12	6	-4.86534	-3.99109	-5.60634	-7.47303
1090	8	10	2	2	11	12	6	-3.96166	-8.1677	-7.82486	-7.32554
1091	2	1	12	3	2	1	5	-2.61664	-2.13273	-3.59514	-5.03998
1092	2	1	12	3	2	1	5	-2.61664	-2.13273	-3.59514	-5.03998
1093	2	1	5	3	2	3	5	-4.22009	-3.26426	-5.30824	-4.79663
1094	184	39	30	82	113	43	17	-3.95997	-6.33419	-7.5412	-7.30109
1095	2	1	12	3	2	1	5	-2.61664	-2.13273	-3.59514	-5.03998
1096	2	4	1	2	2	1	5	-2.77978	-3.70313	-4.1675	-4.14215
1097	4	7	10	4	1	7	1	-1.83224	-3.91864	-2.6325	-1.91813
1098	8	10	2	2	11	12	6	-3.96166	-8.1677	-7.82486	-7.32554
1099	4	7	10	4	1	7	1	-1.83224	-3.91864	-2.6325	-1.91813
1100	4	7	10	4	42	51	1	-2.93427	-4.7535	-4.88297	-3.79289
1101	9	25	2	10	22	3	6	-4.47476	-8.04134	-5.93331	-4.32667
1102	9	2	4	62	4	5	6	-3.72185	-5.31119	-5.86541	-6.90121
1103	4	7	10	4	1	7	1	-1.83224	-3.91864	-2.6325	-1.91813
1104	2	4	1	2	7	1	5	-2.31339	-6.63947	-6.02495	-5.24713
1105	4	7	10	4	1	7	1	-1.83224	-3.91864	-2.6325	-1.91813
1106	8	10	2	2	11	12	6	-3.96166	-8.1677	-7.82486	-7.32554
1107	2	4	1	2	2	1	5	-2.77978	-3.70313	-4.1675	-4.14215
1108	4	7	10	4	42	51	1	-2.93427	-4.7535	-4.88297	-3.79289
1109	1	2	3	4	5	9	3	-4.57659	-2.4997	-3.59147	-5.10615
1110	2	1	12	3	2	1	5	-2.61664	-2.13273	-3.59514	-5.03998
1111	2	4	1	2	2	1	5	-2.77978	-3.70313	-4.1675	-4.14215
1112	10	81	50	99	120	76	52	-6.68037	-6.38906	-5.29056	-5.15222
1113	2	4	1	2	2	1	5	-2.77978	-3.70313	-4.1675	-4.14215
1114	4	7	10	4	42	51	1	-2.93427	-4.7535	-4.88297	-3.79289
1115	4	7	10	4	42	51	1	-2.93427	-4.7535	-4.88297	-3.79289
1116	4	7	10	4	1	7	1	-1.83224	-3.91864	-2.6325	-1.91813
1117	3	1	5	10	11	11	6	-9.7741	-6.47836	-8.91678	-10.9816
1118	10	81	50	99	120	76	52	-6.68037	-6.38906	-5.29056	-5.15222
1119	2	4	1	2	2	1	5	-2.77978	-3.70313	-4.1675	-4.14215
1120	4	7	10	4	1	7	1	-1.83224	-3.91864	-2.6325	-1.91813
1121	4	7	10	4	1	7	1	-1.83224	-3.91864	-2.6325	-1.91813
1122	4	7	10	4	42	51	1	-2.93427	-4.7535	-4.88297	-3.79289
1123	2	1	12	3	2	1	5	-2.61664	-2.13273	-3.59514	-5.03998
1124	2	4	1	2	2	1	5	-2.77978	-3.70313	-4.1675	-4.14215
1125	2	1	1	3	2	1	5	-4.60561	-3.80023	-6.16199	-7.48625
1126	2	4	1	2	2	1	5	-2.77978	-3.70313	-4.1675	-4.14215
1127	2	4	1	2	2	1	5	-2.77978	-3.70313	-4.1675	-4.14215
1128	2	4	1	2	2	1	5	-2.77978	-3.70313	-4.1675	-4.14215
1129	2	4	1	2	2	1	5	-2.77978	-3.70313	-4.1675	-4.14215
1130	1	2	3	4	5	9	3	-4.57659	-2.4997	-3.59147	-5.10615
1131	8	10	2	2	11	12	6	-3.96166	-8.1677	-7.82486	-7.32554
1132	2	1	21	3	2	1	5	-2.9259	-2.50744	-4.32097	-4.58023
1133	2	4	1	2	2	1	5	-2.77978	-3.70313	-4.1675	-4.14215
1134	2	1	21	3	2	1	5	-2.9259	-2.50744	-4.32097	-4.58023
1135	2	1	21	3	2	1	5	-2.9259	-2.50744	-4.32097	-4.58023
1136	2	4	1	2	2	1	5	-2.77978	-3.70313	-4.1675	-4.14215
1137	1	2	3	4	5	9	3	-4.57659	-2.4997	-3.59147	-5.10615
1138	10	1	16	19	10	5	7	-5.98193	-2.75674	-4.14415	-5.3034
1139	2	1	12	3	2	1	5	-2.61664	-2.13273	-3.59514	-5.03998
1140	7	21	5	62	4	61	44	-7.11647	-3.84314	-5.57208	-7.93092
1141	2	4	1	2	2	1	5	-2.77978	-3.70313	-4.1675	-4.14215
1142	2	1	12	3	2	1	5	-2.61664	-2.13273	-3.59514	-5.03998
1143	2	4	1	2	7	1	5	-2.31339	-6.63947	-6.02495	-5.24713
1144	2	1	5	3	2	3	5	-4.22009	-3.26426	-5.30824	-4.79663
1145	2	1	21	3	2	1	5	-2.9259	-2.50744	-4.32097	-4.58023
1146	2	1	21	3	2	1	5	-2.9259	-2.50744	-4.32097	-4.58023
1147	2	1	21	3	2	1	5	-2.9259	-2.50744	-4.32097	-4.58023
1148	2	1	21	3	2	1	5	-2.9259	-2.50744	-4.32097	-4.58023
1149	2	1	12	3	2	1	5	-2.61664	-2.13273	-3.59514	-5.03998
1150	8	10	2	2	11	12	6	-3.96166	-8.1677	-7.82486	-7.32554
1151	129	66	30	82	189	47	17	-3.25198	-4.98855	-5.49799	-4.13231
1152	1	307	3	4	5	9	3	-6.83736	-6.44615	-6.16215	-8.65443
1153	8	10	2	2	11	12	6	-3.96166	-8.1677	-7.82486	-7.32554
1154	2	4	2	2	6	1	5	-6.06725	-4.84506	-5.92896	-8.18802
1155	1	4	2	2	6	3	17	-4.58119	-2.46046	-4.44173	-5.72589
1156	2	4	1	2	2	1	5	-2.77978	-3.70313	-4.1675	-4.14215
1157	8	10	2	2	11	12	6	-3.96166	-8.1677	-7.82486	-7.32554
1158	2	4	2	2	6	1	5	-6.06725	-4.84506	-5.92896	-8.18802
1159	2	1	21	3	2	1	5	-2.9259	-2.50744	-4.32097	-4.58023
1160	2	4	5	2	2	5	5	-3.67934	-7.93482	-7.03461	-5.90793
1161	7	21	5	62	4	61	44	-7.11647	-3.84314	-5.57208	-7.93092
1162	2	1	12	3	2	1	5	-2.61664	-2.13273	-3.59514	-5.03998
1163	10	27	16	19	10	5	7	-19.8771	-12.6516	-15.7374	-18.1619
1164	33	283	44	82	189	44	17	-6.71759	-3.48289	-5.30929	-6.07821
1165	9	25	2	10	22	3	6	-4.47476	-8.04134	-5.93331	-4.32667
1166	7	21	5	62	4	61	44	-7.11647	-3.84314	-5.57208	-7.93092
1167	2	1	5	3	2	3	5	-4.22009	-3.26426	-5.30824	-4.79663
1168	2	1	5	3	2	3	5	-4.22009	-3.26426	-5.30824	-4.79663
1169	9	25	2	10	22	3	6	-4.47476	-8.04134	-5.93331	-4.32667
1170	2	1	5	3	2	3	5	-4.22009	-3.26426	-5.30824	-4.79663
1171	2	4	1	2	2	1	5	-2.77978	-3.70313	-4.1675	-4.14215
1172	129	66	30	82	189	47	17	-3.25198	-4.98855	-5.49799	-4.13231
1173	2	4	1	2	2	1	5	-2.77978	-3.70313	-4.1675	-4.14215
1174	2	1	5	3	2	3	5	-4.22009	-3.26426	-5.30824	-4.79663
1175	2	1	12	3	2	1	5	-2.61664	-2.13273	-3.59514	-5.03998
1176	2	4	1	2	2	1	5	-2.77978	-3.70313	-4.1675	-4.14215
1177	1	4	2	2	6	3	17	-4.58119	-2.46046	-4.44173	-5.72589
1178	2	1	12	3	2	1	5	-2.61664	-2.13273	-3.59514	-5.03998
1179	1	4	2	2	446	3	17	-9.37992	-6.03113	-7.6545	-8.77783
1180	2	1	5	88	2	11	5	-8.58069	-5.35446	-6.05041	-8.65586
1181	2	4	2	2	6	1	5	-6.06725	-4.84506	-5.92896	-8.18802
1182	9	25	2	10	22	3	6	-4.47476	-8.04134	-5.93331	-4.32667
1183	2	1	5	3	2	3	5	-4.22009	-3.26426	-5.30824	-4.79663
1184	7	21	5	62	4	61	44	-7.11647	-3.84314	-5.57208	-7.93092
1185	1	2	3	4	5	9	3	-4.57659	-2.4997	-3.59147	-5.10615
1186	2	4	1	2	2	1	5	-2.77978	-3.70313	-4.1675	-4.14215
1187	7	21	5	62	4	61	44	-7.11647	-3.84314	-5.57208	-7.93092
1188	33	39	30	82	104	173	68	-5.36408	-3.99554	-6.38599	-7.98044
1189	1	4	2	2	6	3	17	-4.58119	-2.46046	-4.44173	-5.72589
1190	2	1	21	3	2	1	5	-2.9259	-2.50744	-4.32097	-4.58023
1191	4	7	10	4	1	7	1	-1.83224	-3.91864	-2.6325	-1.91813
1192	2	1	5	3	2	5	5	-5.45156	-2.83707	-4.06545	-5.71742
1193	1	4	2	2	6	3	17	-4.58119	-2.46046	-4.44173	-5.72589
1194	2	4	1	2	2	1	5	-2.77978	-3.70313	-4.1675	-4.14215
1195	2	4	1	2	2	1	5	-2.77978	-3.70313	-4.1675	-4.14215
1196	2	1	12	3	2	1	5	-2.61664	-2.13273	-3.59514	-5.03998
1197	2	1	6	3	2	3	5	-8.05403	-6.84624	-8.32311	-7.42188
1198	4	7	10	4	1	7	1	-1.83224	-3.91864	-2.6325	-1.91813
1199	2	4	1	2	7	1	5	-2.31339	-6.63947	-6.02495	-5.24713
1200	2	1	1	3	2	1	5	-4.60561	-3.80023	-6.16199	-7.48625
1201	2	4	1	2	2	1	5	-2.77978	-3.70313	-4.1675	-4.14215
1202	7	2	5	2	10	3	6	-31.182	-27.8918	-28.5925	-29.4423
1203	2	1	21	3	2	1	5	-2.9259	-2.50744	-4.32097	-4.58023
1204	2	4	1	2	7	1	5	-2.31339	-6.63947	-6.02495	-5.24713
1205	4	7	10	4	1	7	1	-1.83224	-3.91864	-2.6325	-1.91813
1206	2	4	1	2	7	1	5	-2.31339	-6.63947	-6.02495	-5.24713
1207	2	4	1	2	2	1	5	-2.77978	-3.70313	-4.1675	-4.14215
1208	1	4	2	2	6	3	17	-4.58119	-2.46046	-4.44173	-5.72589
1209	2	4	1	2	2	1	5	-2.77978	-3.70313	-4.1675	-4.14215
1210	2	4	1	2	2	1	5	-2.77978	-3.70313	-4.1675	-4.14215
1211	74	10	2	2	11	12	6	-8.77148	-11.7722	-11.0598	-10.388
1212	1	2	3	4	5	9	3	-4.57659	-2.4997	-3.59147	-5.10615
1213	2	1	5	3	2	3	5	-4.22009	-3.26426	-5.30824	-4.79663
1214	4	7	10	4	1	7	1	-1.83224	-3.91864	-2.6325	-1.91813
1215	2	4	2	2	6	1	5	-6.06725	-4.84506	-5.92896	-8.18802
1216	2	1	12	3	2	1	5	-2.61664	-2.13273	-3.59514	-5.03998
1217	2	1	21	3	2	1	5	-2.9259	-2.50744	-4.32097	-4.58023
1218	2	4	1	2	2	1	5	-2.77978	-3.70313	-4.1675	-4.14215
1219	2	1	21	3	2	1	5	-2.9259	-2.50744	-4.32097	-4.58023
1220	4	7	10	4	1	7	1	-1.83224	-3.91864	-2.6325	-1.91813
1221	2	1	21	3	2	1	5	-2.9259	-2.50744	-4.32097	-4.58023
1222	2	4	1	2	2	1	5	-2.77978	-3.70313	-4.1675	-4.14215
1223	4	7	10	4	1	7	1	-1.83224	-3.91864	-2.6325	-1.91813
1224	2	4	1	2	2	1	5	-2.77978	-3.70313	-4.1675	-4.14215
1225	4	7	10	4	1	7	1	-1.83224	-3.91864	-2.6325	-1.91813
1226	4	7	10	4	42	51	1	-2.93427	-4.7535	-4.88297	-3.79289
1227	4	7	10	4	42	7	1	-6.57307	-8.61507	-5.56946	-4.63308
1228	2	4	1	2	2	1	5	-2.77978	-3.70313	-4.1675	-4.14215
1229	2	1	5	3	2	3	5	-4.22009	-3.26426	-5.30824	-4.79663
1230	10	81	50	99	120	76	52	-6.68037	-6.38906	-5.29056	-5.15222
1231	2	4	1	2	7	1	5	-2.31339	-6.63947	-6.02495	-5.24713
1232	2	4	1	2	7	1	5	-2.31339	-6.63947	-6.02495	-5.24713
1233	4	7	10	4	1	7	1	-1.83224	-3.91864	-2.6325	-1.91813
1234	1	4	2	2	6	3	17	-4.58119	-2.46046	-4.44173	-5.72589
1235	4	7	10	4	1	7	1	-1.83224	-3.91864	-2.6325	-1.91813
1236	2	4	1	2	2	1	5	-2.77978	-3.70313	-4.1675	-4.14215
1237	4	7	10	4	1	7	1	-1.83224	-3.91864	-2.6325	-1.91813
1238	4	7	10	4	42	51	1	-2.93427	-4.7535	-4.88297	-3.79289
1239	1	307	3	4	5	9	3	-6.83736	-6.44615	-6.16215	-8.65443
1240	2	4	2	2	6	1	5	-6.06725	-4.84506	-5.92896	-8.18802
1241	8	10	149	2	11	12	6	-4.86534	-3.99109	-5.60634	-7.47303
1242	2	1	12	3	2	1	5	-2.61664	-2.13273	-3.59514	-5.03998
1243	2	4	1	2	2	1	5	-2.77978	-3.70313	-4.1675	-4.14215
1244	2	4	1	2	2	1	5	-2.77978	-3.70313	-4.1675	-4.14215
1245	2	4	1	2	2	1	5	-2.77978	-3.70313	-4.1675	-4.14215
1246	4	7	10	4	42	51	1	-2.93427	-4.7535	-4.88297	-3.79289
1247	2	4	1	2	2	1	5	-2.77978	-3.70313	-4.1675	-4.14215
1248	2	4	1	2	2	1	5	-2.77978	-3.70313	-4.1675	-4.14215
1249	2	1	12	88	2	1	5	-3.9424	-3.44756	-5.57552	-5.36876
1250	1	4	2	2	6	3	17	-4.58119	-2.46046	-4.44173	-5.72589
1251	9	2	4	62	4	5	6	-3.72185	-5.31119	-5.86541	-6.90121
1252	2	4	1	2	7	1	5	-2.31339	-6.63947	-6.02495	-5.24713
1253	2	4	5	2	2	5	5	-3.67934	-7.93482	-7.03461	-5.90793
1254	2	1	21	3	2	1	5	-2.9259	-2.50744	-4.32097	-4.58023
1255	1	4	2	2	6	3	17	-4.58119	-2.46046	-4.44173	-5.72589
1256	2	1	21	3	2	1	5	-2.9259	-2.50744	-4.32097	-4.58023
1257	2	4	1	2	2	5	5	-6.80712	-6.41946	-8.66449	-9.77784
1258	2	1	12	3	2	1	5	-2.61664	-2.13273	-3.59514	-5.03998
1259	2	4	2	2	6	1	5	-6.06725	-4.84506	-5.92896	-8.18802
1260	2	4	1	2	2	1	5	-2.77978	-3.70313	-4.1675	-4.14215
1261	2	4	1	2	2	1	5	-2.77978	-3.70313	-4.1675	-4.14215
1262	1	307	3	4	5	9	3	-6.83736	-6.44615	-6.16215	-8.65443
1263	9	25	2	10	22	3	6	-4.47476	-8.04134	-5.93331	-4.32667
1264	2	1	1	380	2	1	5	-6.15151	-5.7557	-8.07081	-9.17115
1265	2	4	1	2	2	1	5	-2.77978	-3.70313	-4.1675	-4.14215
1266	2	4	1	2	2	1	5	-2.77978	-3.70313	-4.1675	-4.14215
1267	2	1	12	3	2	1	5	-2.61664	-2.13273	-3.59514	-5.03998
1268	1	2	3	4	5	9	3	-4.57659	-2.4997	-3.59147	-5.10615
1269	2	4	1	2	2	1	5	-2.77978	-3.70313	-4.1675	-4.14215
1270	2	4	1	2	2	1	5	-2.77978	-3.70313	-4.1675	-4.14215
1271	2	4	1	2	2	1	5	-2.77978	-3.70313	-4.1675	-4.14215
1272	1	2	3	4	5	9	3	-4.57659	-2.4997	-3.59147	-5.10615
1273	9	2	2	212	309	253	147	-30.1363	-25.0052	-24.7564	-23.6265
1274	2	1	21	3	2	1	5	-2.9259	-2.50744	-4.32097	-4.58023
1275	47	2	4	2	6	5	17	-11.0404	-10.2905	-6.248	-9.00944
1276	1	2	3	4	5	9	3	-4.57659	-2.4997	-3.59147	-5.10615
1277	2	4	1	2	2	1	5	-2.77978	-3.70313	-4.1675	-4.14215
1278	2	4	1	2	2	1	5	-2.77978	-3.70313	-4.1675	-4.14215
1279	9	2	4	62	4	5	6	-3.72185	-5.31119	-5.86541	-6.90121
1280	2	1	12	3	2	1	5	-2.61664	-2.13273	-3.59514	-5.03998
1281	2	4	1	2	2	1	5	-2.77978	-3.70313	-4.1675	-4.14215
1282	2	4	1	2	7	1	5	-2.31339	-6.63947	-6.02495	-5.24713
1283	7	17	2	15	23	3	12	-6.90842	-11.2628	-10.7765	-10.2714
1284	2	1	1	3	2	1	5	-4.60561	-3.80023	-6.16199	-7.48625
1285	2	1	12	3	2	1	5	-2.61664	-2.13273	-3.59514	-5.03998
1286	2	4	1	2	2	1	5	-2.77978	-3.70313	-4.1675	-4.14215
1287	2	1	5	3	2	3	5	-4.22009	-3.26426	-5.30824	-4.79663
1288	2	4	1	2	2	1	5	-2.77978	-3.70313	-4.1675	-4.14215
1289	2	4	1	2	2	1	5	-2.77978	-3.70313	-4.1675	-4.14215
1290	1	4	2	2	6	3	17	-4.58119	-2.46046	-4.44173	-5.72589
1291	2	1	2	3	2	3	5	-3.76514	-7.85815	-7.62018	-7.12159
1292	2	1	5	3	2	3	5	-4.22009	-3.26426	-5.30824	-4.79663
1293	1	2	3	3	5	9	3	-11.584	-7.80258	-9.87473	-12.4942
1294	4	7	10	4	42	51	1	-2.93427	-4.7535	-4.88297	-3.79289
1295	1	4	2	2	6	3	17	-4.58119	-2.46046	-4.44173	-5.72589
1296	2	1	5	3	2	3	5	-4.22009	-3.26426	-5.30824	-4.79663
1297	4	7	10	4	1	7	1	-1.83224	-3.91864	-2.6325	-1.91813
1298	2	4	1	2	2	1	5	-2.77978	-3.70313	-4.1675	-4.14215
1299	4	7	10	4	1	7	1	-1.83224	-3.91864	-2.6325	-1.91813
1300	2	1	21	3	2	1	5	-2.9259	-2.50744	-4.32097	-4.58023
1301	2	4	1	2	2	1	5	-2.77978	-3.70313	-4.1675	-4.14215
1302	4	7	10	4	1	7	1	-1.83224	-3.91864	-2.6325	-1.91813
1303	2	4	1	2	2	1	5	-2.77978	-3.70313	-4.1675	-4.14215
1304	2	1	5	3	2	5	5	-5.45156	-2.83707	-4.06545	-5.71742
1305	2	4	1	2	2	1	5	-2.77978	-3.70313	-4.1675	-4.14215
1306	2	1	21	3	2	1	5	-2.9259	-2.50744	-4.32097	-4.58023
1307	2	1	5	3	2	5	5	-5.45156	-2.83707	-4.06545	-5.71742
1308	1	4	2	2	6	3	17	-4.58119	-2.46046	-4.44173	-5.72589
1309	1	4	2	2	6	3	17	-4.58119	-2.46046	-4.44173	-5.72589
1310	2	1	5	3	2	3	5	-4.22009	-3.26426	-5.30824	-4.79663
1311	1	4	2	2	6	3	17	-4.58119	-2.46046	-4.44173	-5.72589
1312	2	4	1	2	2	1	5	-2.77978	-3.70313	-4.1675	-4.14215
1313	2	1	12	88	2	1	5	-3.9424	-3.44756	-5.57552	-5.36876
1314	2	1	5	3	2	3	5	-4.22009	-3.26426	-5.30824	-4.79663
1315	2	4	5	2	2	1	5	-6.17341	-9.44741	-9.23321	-9.34207
1316	2	4	1	2	2	1	5	-2.77978	-3.70313	-4.1675	-4.14215
1317	1	4	2	2	6	3	17	-4.58119	-2.46046	-4.44173	-5.72589
1318	2	1	21	3	2	1	5	-2.9259	-2.50744	-4.32097	-4.58023
1319	4	7	10	4	1	7	1	-1.83224	-3.91864	-2.6325	-1.91813
1320	1	2	3	4	5	9	3	-4.57659	-2.4997	-3.59147	-5.10615
1321	2	4	1	2	7	1	5	-2.31339	-6.63947	-6.02495	-5.24713
1322	4	7	10	4	1	7	1	-1.83224	-3.91864	-2.6325	-1.91813
1323	4	7	10	4	1	7	1	-1.83224	-3.91864	-2.6325	-1.91813
1324	1	4	2	2	6	3	17	-4.58119	-2.46046	-4.44173	-5.72589
1325	2	4	1	2	7	1	5	-2.31339	-6.63947	-6.02495	-5.24713
1326	4	7	10	4	1	7	1	-1.83224	-3.91864	-2.6325	-1.91813
1327	8	10	2	2	11	12	6	-3.96166	-8.1677	-7.82486	-7.32554
1328	969	7	10	4	1	7	1	-6.56461	-7.51509	-5.86582	-4.98059
1329	4	7	10	4	1	7	1	-1.83224	-3.91864	-2.6325	-1.91813
1330	10	27	16	942	10	5	7	-24.6868	-16.2569	-18.9726	-21.2242
1331	10	27	16	941	10	5	7	-24.6868	-16.2569	-18.9726	-21.2242
1332	4	7	10	4	1	7	1	-1.83224	-3.91864	-2.6325	-1.91813
1333	4	7	10	4	1	7	1	-1.83224	-3.91864	-2.6325	-1.91813
1334	129	66	30	82	189	47	17	-3.25198	-4.98855	-5.49799	-4.13231
1335	4	7	10	4	1	7	1	-1.83224	-3.91864	-2.6325	-1.91813
1336	4	7	10	4	1	7	1	-1.83224	-3.91864	-2.6325	-1.91813
1337	2	4	1	2	2	1	5	-2.77978	-3.70313	-4.1675	-4.14215
1338	2	1	2	3	2	3	5	-3.76514	-7.85815	-7.62018	-7.12159
1339	10	27	16	19	10	5	7	-19.8771	-12.6516	-15.7374	-18.1619
1340	2	4	1	2	2	1	5	-2.77978	-3.70313	-4.1675	-4.14215
1341	33	39	30	82	104	173	68	-5.36408	-3.99554	-6.38599	-7.98044
1342	1	4	2	2	6	3	17	-4.58119	-2.46046	-4.44173	-5.72589
1343	2	1	5	3	2	5	5	-5.45156	-2.83707	-4.06545	-5.71742
1344	2	1	12	3	2	1	5	-2.61664	-2.13273	-3.59514	-5.03998
1345	8	10	2	2	11	12	6	-3.96166	-8.1677	-7.82486	-7.32554
1346	2	1	1	3	2	1	5	-4.60561	-3.80023	-6.16199	-7.48625
1347	1	4	2	2	6	3	17	-4.58119	-2.46046	-4.44173	-5.72589
1348	7	2	2	2	11	12	6	-4.50829	-8.86191	-8.37592	-7.87188
1349	9	2	4	62	4	5	6	-3.72185	-5.31119	-5.86541	-6.90121
1350	2	1	21	3	2	1	5	-2.9259	-2.50744	-4.32097	-4.58023
1351	9	7	10	4	1	7	1	-10.191	-12.2029	-11.3023	-10.14
1352	2	1	12	3	920	1	5	-7.42704	-5.72991	-6.82738	-8.1006
1353	239	27	16	19	10	5	7	-9.77588	-6.48169	-8.92074	-10.9842
1354	7	17	2	15	23	3	12	-6.90842	-11.2628	-10.7765	-10.2714
1355	1	4	2	2	6	3	17	-4.58119	-2.46046	-4.44173	-5.72589
1356	1	6	60	24	12	28	1	-32.6839	-28.6175	-21.7342	-21.4368
1357	2	4	5	2	10	1	5	-6.90047	-11.2354	-10.76	-10.262
1358	10	81	50	99	120	76	52	-6.68037	-6.38906	-5.29056	-5.15222
1359	4	7	10	4	1	7	1	-1.83224	-3.91864	-2.6325	-1.91813
1360	2	1	5	3	2	5	5	-5.45156	-2.83707	-4.06545	-5.71742
1361	4	7	10	1	1	7	1	-5.27831	-9.00065	-6.02627	-6.13193
1362	2	4	5	2	10	1	5	-6.90047	-11.2354	-10.76	-10.262
1363	2	1	21	3	2	1	5	-2.9259	-2.50744	-4.32097	-4.58023
1364	2	1	21	3	2	1	5	-2.9259	-2.50744	-4.32097	-4.58023
1365	2	4	1	2	2	1	5	-2.77978	-3.70313	-4.1675	-4.14215
1366	2	4	2	2	6	1	5	-6.06725	-4.84506	-5.92896	-8.18802
1367	2	4	1	2	7	1	5	-2.31339	-6.63947	-6.02495	-5.24713
1368	2	4	1	2	2	1	5	-2.77978	-3.70313	-4.1675	-4.14215
1369	2	4	1	2	2	1	5	-2.77978	-3.70313	-4.1675	-4.14215
1370	4	7	10	4	1	7	1	-1.83224	-3.91864	-2.6325	-1.91813
1371	4	7	10	4	42	51	1	-2.93427	-4.7535	-4.88297	-3.79289
1372	2	1	5	3	2	3	5	-4.22009	-3.26426	-5.30824	-4.79663
1373	2	1	12	3	2	1	5	-2.61664	-2.13273	-3.59514	-5.03998
1374	2	1	1	3	2	1	5	-4.60561	-3.80023	-6.16199	-7.48625
1375	2	4	1	2	2	1	5	-2.77978	-3.70313	-4.1675	-4.14215
1376	4	7	10	4	1	7	1	-1.83224	-3.91864	-2.6325	-1.91813
1377	10	1	16	19	10	5	7	-5.98193	-2.75674	-4.14415	-5.3034
1378	2	4	1	2	7	1	5	-2.31339	-6.63947	-6.02495	-5.24713
1379	2	4	1	2	2	1	5	-2.77978	-3.70313	-4.1675	-4.14215
1380	10	81	50	99	120	76	52	-6.68037	-6.38906	-5.29056	-5.15222
1381	2	1	12	3	2	1	5	-2.61664	-2.13273	-3.59514	-5.03998
1382	2	4	1	2	2	1	5	-2.77978	-3.70313	-4.1675	-4.14215
1383	2	4	1	2	7	1	5	-2.31339	-6.63947	-6.02495	-5.24713
1384	1	2	3	4	5	9	3	-4.57659	-2.4997	-3.59147	-5.10615
1385	8	10	2	2	11	12	6	-3.96166	-8.1677	-7.82486	-7.32554
1386	1	4	2	2	6	3	17	-4.58119	-2.46046	-4.44173	-5.72589
1387	2	4	1	2	2	1	5	-2.77978	-3.70313	-4.1675	-4.14215
1388	2	4	1	2	2	1	5	-2.77978	-3.70313	-4.1675	-4.14215
1389	10	7	10	4	1	7	1	-12.2275	-10.7368	-9.92439	-9.22427
1390	2	1	21	3	2	1	5	-2.9259	-2.50744	-4.32097	-4.58023
1391	2	1	21	3	2	1	5	-2.9259	-2.50744	-4.32097	-4.58023
1392	10	1	16	19	10	5	7	-5.98193	-2.75674	-4.14415	-5.3034
1393	2	1	5	3	2	3	5	-4.22009	-3.26426	-5.30824	-4.79663
1394	2	1	5	3	2	3	5	-4.22009	-3.26426	-5.30824	-4.79663
1395	2	4	1	2	2	5	5	-6.80712	-6.41946	-8.66449	-9.77784
1396	2	4	1	2	7	1	5	-2.31339	-6.63947	-6.02495	-5.24713
1397	10	1	16	19	10	5	7	-5.98193	-2.75674	-4.14415	-5.3034
1398	2	4	1	2	7	1	5	-2.31339	-6.63947	-6.02495	-5.24713
1399	2	934	1	2	2	1	5	-7.51228	-7.30421	-7.39659	-7.1946
